  0.04500  0.61607  0.61600 
  0.14500  0.61608  0.61600 
  0.24500  0.61604  0.61591 
  0.34500  0.61598  0.61590 
  0.44500  0.61591  0.61580 
  0.54500  0.61583  0.61573 
  0.64500  0.61571  0.61563 
  0.74500  0.61561  0.61550 
  0.84500  0.61545  0.61536 
  0.94500  0.61529  0.61522 
  1.04500  0.61510  0.61504 
  1.14500  0.61491  0.61485 
  1.24500  0.61472  0.61464 
  1.34500  0.61449  0.61442 
  1.44500  0.61425  0.61418 
  1.54500  0.61398  0.61392 
  1.64500  0.61371  0.61364 
  1.74500  0.61340  0.61335 
  1.84500  0.61309  0.61305 
  1.94500  0.61276  0.61272 
  2.04500  0.61241  0.61238 
  2.14500  0.61204  0.61203 
  2.24500  0.61168  0.61165 
  2.34500  0.61128  0.61126 
  2.44500  0.61086  0.61086 
  2.54500  0.61045  0.61043 
  2.64500  0.61000  0.61001 
  2.74500  0.60954  0.60956 
  2.84500  0.60908  0.60910 
  2.94500  0.60860  0.60860 
  3.04500  0.60809  0.60810 
  3.14500  0.60757  0.60760 
  3.24500  0.60705  0.60710 
  3.34500  0.60651  0.60655 
  3.44500  0.60594  0.60601 
  3.54500  0.60538  0.60544 
  3.64500  0.60478  0.60486 
  3.74500  0.60421  0.60427 
  3.84500  0.60360  0.60367 
  3.94500  0.60297  0.60305 
  4.04500  0.60234  0.60242 
  4.14500  0.60169  0.60178 
  4.24500  0.60103  0.60113 
  4.34500  0.60036  0.60047 
  4.44500  0.59967  0.59978 
  4.54500  0.59898  0.59909 
  4.64500  0.59829  0.59839 
  4.74500  0.59757  0.59768 
  4.84500  0.59684  0.59696 
  4.94500  0.59610  0.59623 
  5.04500  0.59536  0.59547 
  5.14500  0.59462  0.59473 
  5.24500  0.59385  0.59397 
  5.34500  0.59307  0.59321 
  5.44500  0.59231  0.59242 
  5.54500  0.59150  0.59164 
  5.64500  0.59072  0.59084 
  5.74500  0.58991  0.59003 
  5.84500  0.58910  0.58921 
  5.94500  0.58827  0.58840 
  6.04500  0.58746  0.58757 
  6.14500  0.58662  0.58673 
  6.24500  0.58578  0.58589 
  6.34500  0.58493  0.58504 
  6.44500  0.58408  0.58419 
  6.54500  0.58323  0.58332 
  6.64500  0.58235  0.58246 
  6.74500  0.58148  0.58159 
  6.84500  0.58061  0.58070 
  6.94500  0.57972  0.57982 
  7.04500  0.57884  0.57893 
  7.14500  0.57795  0.57804 
  7.24500  0.57706  0.57714 
  7.34500  0.57616  0.57625 
  7.44500  0.57527  0.57534 
  7.54500  0.57437  0.57444 
  7.64500  0.57346  0.57353 
  7.74500  0.57255  0.57262 
  7.84500  0.57164  0.57170 
  7.94500  0.57073  0.57078 
  8.04500  0.56981  0.56985 
  8.14500  0.56889  0.56895 
  8.24500  0.56797  0.56802 
  8.34500  0.56706  0.56709 
  8.44500  0.56613  0.56616 
  8.54500  0.56522  0.56525 
  8.64500  0.56431  0.56433 
  8.74500  0.56336  0.56339 
  8.84500  0.56245  0.56246 
  8.94500  0.56154  0.56155 
  9.04500  0.56060  0.56062 
  9.14500  0.55969  0.55969 
  9.24500  0.55878  0.55876 
  9.34500  0.55785  0.55785 
  9.44500  0.55693  0.55694 
  9.54500  0.55602  0.55601 
  9.64500  0.55510  0.55509 
  9.74500  0.55419  0.55418 
  9.84500  0.55328  0.55327 
  9.94500  0.55238  0.55236 
 10.04500  0.55147  0.55145 
 10.14500  0.55057  0.55055 
 10.24500  0.54967  0.54965 
 10.34500  0.54878  0.54876 
 10.44500  0.54789  0.54786 
 10.54500  0.54701  0.54698 
 10.64500  0.54611  0.54609 
 10.74500  0.54524  0.54521 
 10.84500  0.54436  0.54432 
 10.94500  0.54347  0.54347 
 11.04500  0.54260  0.54259 
 11.14500  0.54176  0.54172 
 11.24500  0.54091  0.54088 
 11.34500  0.54004  0.54001 
 11.44500  0.53920  0.53918 
 11.54500  0.53837  0.53833 
 11.64500  0.53752  0.53750 
 11.74500  0.53671  0.53667 
 11.84500  0.53588  0.53584 
 11.94500  0.53506  0.53502 
 12.04500  0.53424  0.53422 
 12.14500  0.53344  0.53340 
 12.24500  0.53265  0.53262 
 12.34500  0.53185  0.53182 
 12.44500  0.53106  0.53104 
 12.54500  0.53028  0.53025 
 12.64500  0.52951  0.52948 
 12.74500  0.52874  0.52873 
 12.84500  0.52797  0.52795 
 12.94500  0.52724  0.52720 
 13.04500  0.52649  0.52647 
 13.14500  0.52575  0.52573 
 13.24500  0.52502  0.52500 
 13.34500  0.52430  0.52428 
 13.44500  0.52358  0.52357 
 13.54500  0.52288  0.52286 
 13.64500  0.52218  0.52217 
 13.74500  0.52149  0.52147 
 13.84500  0.52081  0.52080 
 13.94500  0.52014  0.52013 
 14.04500  0.51945  0.51947 
 14.14500  0.51881  0.51880 
 14.24500  0.51815  0.51814 
 14.34500  0.51751  0.51750 
 14.44500  0.51688  0.51687 
 14.54500  0.51626  0.51625 
 14.64500  0.51563  0.51563 
 14.74500  0.51502  0.51501 
 14.84500  0.51442  0.51441 
 14.94500  0.51383  0.51383 
 15.04500  0.51325  0.51324 
 15.14500  0.51267  0.51266 
 15.24500  0.51209  0.51209 
 15.34500  0.51153  0.51153 
 15.44500  0.51100  0.51098 
 15.54500  0.51045  0.51045 
 15.64500  0.50990  0.50990 
 15.74500  0.50939  0.50938 
 15.84500  0.50887  0.50885 
 15.94500  0.50837  0.50835 
 16.04500  0.50786  0.50785 
 16.14500  0.50736  0.50735 
 16.24500  0.50688  0.50686 
 16.34500  0.50641  0.50640 
 16.44500  0.50594  0.50592 
 16.54500  0.50547  0.50546 
 16.64500  0.50501  0.50501 
 16.74500  0.50458  0.50457 
 16.84500  0.50414  0.50412 
 16.94500  0.50370  0.50370 
 17.04500  0.50330  0.50328 
 17.14500  0.50288  0.50287 
 17.24500  0.50248  0.50246 
 17.34500  0.50208  0.50206 
 17.44500  0.50170  0.50167 
 17.54500  0.50131  0.50130 
 17.64500  0.50094  0.50093 
 17.74500  0.50058  0.50055 
 17.84500  0.50023  0.50020 
 17.94500  0.49988  0.49985 
 18.04500  0.49954  0.49952 
 18.14500  0.49920  0.49918 
 18.24500  0.49888  0.49885 
 18.34500  0.49856  0.49852 
 18.44500  0.49825  0.49821 
 18.54500  0.49793  0.49790 
 18.64500  0.49763  0.49760 
 18.74500  0.49735  0.49731 
 18.84500  0.49706  0.49703 
 18.94500  0.49679  0.49675 
 19.04500  0.49653  0.49649 
 19.14500  0.49626  0.49622 
 19.24500  0.49601  0.49598 
 19.34500  0.49576  0.49572 
 19.44500  0.49551  0.49548 
 19.54500  0.49527  0.49523 
 19.64500  0.49505  0.49501 
 19.74500  0.49483  0.49479 
 19.84500  0.49462  0.49457 
 19.94500  0.49438  0.49436 
 20.04500  0.49420  0.49415 
 20.14500  0.49400  0.49395 
 20.24500  0.49381  0.49377 
 20.34500  0.49362  0.49358 
 20.44500  0.49344  0.49340 
 20.54500  0.49327  0.49324 
 20.64500  0.49311  0.49306 
 20.74500  0.49294  0.49290 
 20.84500  0.49279  0.49275 
 20.94500  0.49263  0.49260 
 21.04500  0.49249  0.49246 
 21.14500  0.49235  0.49233 
 21.24500  0.49222  0.49218 
 21.34500  0.49209  0.49206 
 21.44500  0.49197  0.49194 
 21.54500  0.49186  0.49183 
 21.64500  0.49175  0.49172 
 21.74500  0.49165  0.49161 
 21.84500  0.49155  0.49151 
 21.94500  0.49145  0.49141 
 22.04500  0.49134  0.49132 
 22.14500  0.49124  0.49124 
 22.24500  0.49117  0.49116 
 22.34500  0.49110  0.49110 
 22.44500  0.49105  0.49100 
 22.54500  0.49097  0.49095 
 22.64500  0.49090  0.49090 
 22.74500  0.49083  0.49082 
 22.84500  0.49081  0.49080 
 22.94500  0.49075  0.49071 
 23.04500  0.49070  0.49070 
 23.14500  0.49069  0.49065 
 23.24500  0.49064  0.49060 
 23.34500  0.49062  0.49060 
 23.44500  0.49057  0.49060 
 23.54500  0.49056  0.49050 
 23.64500  0.49054  0.49050 
 23.74500  0.49053  0.49050 
 23.84500  0.49050  0.49050 
 23.94500  0.49050  0.49050 
 24.04500  0.49051  0.49050 
 24.14500  0.49051  0.49050 
 24.24500  0.49053  0.49050 
 24.34500  0.49051  0.49050 
 24.44500  0.49055  0.49050 
 24.54500  0.49057  0.49050 
 24.64500  0.49056  0.49059 
 24.74500  0.49059  0.49060 
 24.84500  0.49064  0.49060 
 24.94500  0.49066  0.49061 
 25.04500  0.49068  0.49070 
 25.14500  0.49072  0.49070 
 25.24500  0.49077  0.49075 
 25.34500  0.49081  0.49080 
 25.44500  0.49087  0.49082 
 25.54500  0.49092  0.49090 
 25.64500  0.49098  0.49093 
 25.74500  0.49102  0.49100 
 25.84500  0.49109  0.49105 
 25.94500  0.49115  0.49110 
 26.04500  0.49121  0.49119 
 26.14500  0.49127  0.49123 
 26.24500  0.49133  0.49130 
 26.34500  0.49140  0.49139 
 26.44500  0.49146  0.49145 
 26.54500  0.49157  0.49152 
 26.64500  0.49165  0.49160 
 26.74500  0.49173  0.49170 
 26.84500  0.49181  0.49177 
 26.94500  0.49191  0.49186 
 27.04500  0.49199  0.49194 
 27.14500  0.49206  0.49203 
 27.24500  0.49219  0.49212 
 27.34500  0.49227  0.49222 
 27.44500  0.49236  0.49231 
 27.54500  0.49247  0.49241 
 27.64500  0.49255  0.49251 
 27.74500  0.49267  0.49261 
 27.84500  0.49274  0.49272 
 27.94500  0.49289  0.49282 
 28.04500  0.49298  0.49293 
 28.14500  0.49309  0.49304 
 28.24500  0.49319  0.49315 
 28.34500  0.49331  0.49326 
 28.44500  0.49343  0.49337 
 28.54500  0.49354  0.49348 
 28.64500  0.49366  0.49361 
 28.74500  0.49378  0.49372 
 28.84500  0.49389  0.49384 
 28.94500  0.49401  0.49396 
 29.04500  0.49413  0.49407 
 29.14500  0.49425  0.49420 
 29.24500  0.49437  0.49433 
 29.34500  0.49450  0.49445 
 29.44500  0.49462  0.49457 
 29.54500  0.49475  0.49470 
 29.64500  0.49488  0.49483 
 29.74500  0.49499  0.49495 
 29.84500  0.49512  0.49507 
 29.94500  0.49526  0.49522 
 30.04500  0.49537  0.49534 
 30.14500  0.49551  0.49546 
 30.24500  0.49564  0.49560 
 30.34500  0.49576  0.49574 
 30.44500  0.49589  0.49586 
 30.54500  0.49602  0.49599 
 30.64500  0.49616  0.49613 
 30.74500  0.49628  0.49626 
 30.84500  0.49642  0.49638 
 30.94500  0.49653  0.49653 
 31.04500  0.49669  0.49665 
 31.14500  0.49679  0.49678 
 31.24500  0.49693  0.49693 
 31.34500  0.49706  0.49705 
 31.44500  0.49719  0.49718 
 31.54500  0.49733  0.49732 
 31.64500  0.49744  0.49745 
 31.74500  0.49757  0.49757 
 31.84500  0.49771  0.49771 
 31.94500  0.49782  0.49784 
 32.04500  0.49795  0.49796 
 32.14500  0.49808  0.49810 
 32.24500  0.49822  0.49823 
 32.34500  0.49833  0.49835 
 32.44500  0.49845  0.49847 
 32.54500  0.49859  0.49860 
 32.64500  0.49870  0.49873 
 32.74500  0.49882  0.49885 
 32.84500  0.49896  0.49897 
 32.94500  0.49907  0.49909 
 33.04500  0.49918  0.49922 
 33.14500  0.49932  0.49934 
 33.24500  0.49941  0.49945 
 33.34500  0.49953  0.49957 
 33.44500  0.49966  0.49968 
 33.54500  0.49976  0.49979 
 33.64500  0.49988  0.49991 
 33.74500  0.49999  0.50002 
 33.84500  0.50011  0.50013 
 33.94500  0.50019  0.50024 
 34.04500  0.50031  0.50034 
 34.14500  0.50040  0.50044 
 34.24500  0.50053  0.50055 
 34.34500  0.50061  0.50065 
 34.44500  0.50072  0.50074 
 34.54500  0.50081  0.50084 
 34.64500  0.50089  0.50093 
 34.74500  0.50100  0.50102 
 34.84500  0.50107  0.50111 
 34.94500  0.50116  0.50120 
 35.04500  0.50126  0.50129 
 35.14500  0.50133  0.50137 
 35.24500  0.50140  0.50144 
 35.34500  0.50150  0.50151 
 35.44500  0.50159  0.50160 
 35.54500  0.50164  0.50167 
 35.64500  0.50171  0.50172 
 35.74500  0.50178  0.50180 
 35.84500  0.50184  0.50187 
 35.94500  0.50195  0.50190 
 36.04500  0.50199  0.50200 
 36.14500  0.50203  0.50201 
 36.24500  0.50209  0.50210 
 36.34500  0.50215  0.50210 
 36.44500  0.50219  0.50220 
 36.54500  0.50223  0.50220 
 36.64500  0.50225  0.50225 
 36.74500  0.50230  0.50230 
 36.84500  0.50234  0.50230 
 36.94500  0.50238  0.50233 
 37.04500  0.50241  0.50240 
 37.14500  0.50242  0.50240 
 37.24500  0.50243  0.50240 
 37.34500  0.50245  0.50240 
 37.44500  0.50246  0.50240 
 37.54500  0.50247  0.50240 
 37.64500  0.50248  0.50240 
 37.74500  0.50247  0.50240 
 37.84500  0.50247  0.50240 
 37.94500  0.50245  0.50240 
 38.04500  0.50244  0.50240 
 38.14500  0.50241  0.50240 
 38.24500  0.50242  0.50240 
 38.34500  0.50240  0.50232 
 38.44500  0.50235  0.50230 
 38.54500  0.50233  0.50230 
 38.64500  0.50228  0.50223 
 38.74500  0.50224  0.50220 
 38.84500  0.50218  0.50215 
 38.94500  0.50214  0.50210 
 39.04500  0.50210  0.50204 
 39.14500  0.50205  0.50200 
 39.24500  0.50197  0.50190 
 39.34500  0.50190  0.50185 
 39.44500  0.50181  0.50179 
 39.54500  0.50175  0.50170 
 39.64500  0.50167  0.50161 
 39.74500  0.50157  0.50153 
 39.84500  0.50149  0.50144 
 39.94500  0.50138  0.50134 
 40.04500  0.50128  0.50124 
 40.14500  0.50117  0.50113 
 40.24500  0.50106  0.50103 
 40.34500  0.50095  0.50091 
 40.44500  0.50082  0.50078 
 40.54500  0.50069  0.50066 
 40.64500  0.50056  0.50053 
 40.74500  0.50042  0.50039 
 40.84500  0.50029  0.50025 
 40.94500  0.50013  0.50011 
 41.04500  0.49998  0.49996 
 41.14500  0.49983  0.49980 
 41.24500  0.49967  0.49965 
 41.34500  0.49949  0.49948 
 41.44500  0.49933  0.49931 
 41.54500  0.49915  0.49914 
 41.64500  0.49896  0.49895 
 41.74500  0.49877  0.49876 
 41.84500  0.49858  0.49857 
 41.94500  0.49838  0.49837 
 42.04500  0.49818  0.49817 
 42.14500  0.49798  0.49797 
 42.24500  0.49775  0.49776 
 42.34500  0.49754  0.49753 
 42.44500  0.49731  0.49731 
 42.54500  0.49708  0.49709 
 42.64500  0.49685  0.49685 
 42.74500  0.49660  0.49662 
 42.84500  0.49637  0.49638 
 42.94500  0.49612  0.49612 
 43.04500  0.49586  0.49588 
 43.14500  0.49560  0.49560 
 43.24500  0.49533  0.49534 
 43.34500  0.49506  0.49507 
 43.44500  0.49478  0.49480 
 43.54500  0.49450  0.49451 
 43.64500  0.49421  0.49423 
 43.74500  0.49392  0.49393 
 43.84500  0.49361  0.49363 
 43.94500  0.49331  0.49333 
 44.04500  0.49300  0.49302 
 44.14500  0.49269  0.49271 
 44.24500  0.49236  0.49238 
 44.34500  0.49205  0.49205 
 44.44500  0.49172  0.49172 
 44.54500  0.49138  0.49138 
 44.64500  0.49103  0.49105 
 44.74500  0.49068  0.49070 
 44.84500  0.49034  0.49035 
 44.94500  0.48998  0.48998 
 45.04500  0.48961  0.48962 
 45.14500  0.48924  0.48925 
 45.24500  0.48887  0.48887 
 45.34500  0.48849  0.48850 
 45.44500  0.48810  0.48810 
 45.54500  0.48771  0.48772 
 45.64500  0.48732  0.48732 
 45.74500  0.48691  0.48692 
 45.84500  0.48649  0.48650 
 45.94500  0.48609  0.48609 
 46.04500  0.48567  0.48567 
 46.14500  0.48524  0.48525 
 46.24500  0.48482  0.48481 
 46.34500  0.48438  0.48438 
 46.44500  0.48395  0.48393 
 46.54500  0.48349  0.48349 
 46.64500  0.48304  0.48303 
 46.74500  0.48258  0.48258 
 46.84500  0.48211  0.48210 
 46.94500  0.48165  0.48165 
 47.04500  0.48118  0.48116 
 47.14500  0.48070  0.48070 
 47.24500  0.48020  0.48020 
 47.34500  0.47973  0.47970 
 47.44500  0.47923  0.47920 
 47.54500  0.47872  0.47870 
 47.64500  0.47823  0.47820 
 47.74500  0.47771  0.47770 
 47.84500  0.47719  0.47719 
 47.94500  0.47667  0.47665 
 48.04500  0.47614  0.47614 
 48.14500  0.47562  0.47560 
 48.24500  0.47508  0.47506 
 48.34500  0.47454  0.47452 
 48.44500  0.47399  0.47397 
 48.54500  0.47345  0.47342 
 48.64500  0.47288  0.47286 
 48.74500  0.47231  0.47230 
 48.84500  0.47174  0.47173 
 48.94500  0.47118  0.47116 
 49.04500  0.47060  0.47058 
 49.14500  0.47001  0.47000 
 49.24500  0.46942  0.46942 
 49.34500  0.46883  0.46883 
 49.44500  0.46825  0.46823 
 49.54500  0.46764  0.46763 
 49.64500  0.46705  0.46703 
 49.74500  0.46642  0.46641 
 49.84500  0.46581  0.46580 
 49.94500  0.46519  0.46519 
 50.04500  0.46457  0.46456 
 50.14500  0.46394  0.46394 
 50.24500  0.46332  0.46330 
 50.34500  0.46267  0.46268 
 50.44500  0.46204  0.46203 
 50.54500  0.46139  0.46140 
 50.64500  0.46074  0.46075 
 50.74500  0.46009  0.46010 
 50.84500  0.45945  0.45944 
 50.94500  0.45879  0.45880 
 51.04500  0.45813  0.45813 
 51.14500  0.45747  0.45747 
 51.24500  0.45680  0.45680 
 51.34500  0.45613  0.45613 
 51.44500  0.45546  0.45547 
 51.54500  0.45478  0.45478 
 51.64500  0.45410  0.45410 
 51.74500  0.45342  0.45343 
 51.84500  0.45273  0.45273 
 51.94500  0.45205  0.45205 
 52.04500  0.45135  0.45137 
 52.14500  0.45067  0.45067 
 52.24500  0.44998  0.44997 
 52.34500  0.44929  0.44928 
 52.44500  0.44859  0.44858 
 52.54500  0.44789  0.44788 
 52.64500  0.44719  0.44718 
 52.74500  0.44649  0.44648 
 52.84500  0.44578  0.44578 
 52.94500  0.44509  0.44507 
 53.04500  0.44437  0.44436 
 53.14500  0.44367  0.44365 
 53.24500  0.44297  0.44295 
 53.34500  0.44226  0.44224 
 53.44500  0.44155  0.44152 
 53.54500  0.44083  0.44081 
 53.64500  0.44014  0.44011 
 53.74500  0.43943  0.43939 
 53.84500  0.43871  0.43868 
 53.94500  0.43801  0.43796 
 54.04500  0.43730  0.43726 
 54.14500  0.43660  0.43655 
 54.24500  0.43589  0.43584 
 54.34500  0.43520  0.43512 
 54.44500  0.43448  0.43442 
 54.54500  0.43377  0.43371 
 54.64500  0.43307  0.43301 
 54.74500  0.43238  0.43230 
 54.84500  0.43168  0.43160 
 54.94500  0.43097  0.43090 
 55.04500  0.43029  0.43020 
 55.14500  0.42959  0.42950 
 55.24500  0.42890  0.42880 
 55.34500  0.42821  0.42811 
 55.44500  0.42752  0.42743 
 55.54500  0.42684  0.42673 
 55.64500  0.42616  0.42605 
 55.74500  0.42548  0.42537 
 55.84500  0.42481  0.42470 
 55.94500  0.42413  0.42403 
 56.04500  0.42347  0.42334 
 56.14500  0.42281  0.42268 
 56.24500  0.42216  0.42203 
 56.34500  0.42149  0.42137 
 56.44500  0.42084  0.42070 
 56.54500  0.42019  0.42007 
 56.64500  0.41957  0.41942 
 56.74500  0.41893  0.41878 
 56.84500  0.41829  0.41815 
 56.94500  0.41767  0.41751 
 57.04500  0.41704  0.41690 
 57.14500  0.41643  0.41628 
 57.24500  0.41582  0.41567 
 57.34500  0.41521  0.41507 
 57.44500  0.41462  0.41447 
 57.54500  0.41403  0.41387 
 57.64500  0.41344  0.41329 
 57.74500  0.41286  0.41272 
 57.84500  0.41230  0.41214 
 57.94500  0.41173  0.41158 
 58.04500  0.41117  0.41103 
 58.14500  0.41062  0.41048 
 58.24500  0.41008  0.40995 
 58.34500  0.40954  0.40940 
 58.44500  0.40902  0.40889 
 58.54500  0.40850  0.40835 
 58.64500  0.40799  0.40785 
 58.74500  0.40747  0.40735 
 58.84500  0.40699  0.40687 
 58.94500  0.40651  0.40640 
 59.04500  0.40604  0.40592 
 59.14500  0.40557  0.40546 
 59.24500  0.40511  0.40501 
 59.34500  0.40466  0.40457 
 59.44500  0.40422  0.40413 
 59.54500  0.40380  0.40371 
 59.64500  0.40338  0.40330 
 59.74500  0.40298  0.40290 
 59.84500  0.40257  0.40250 
 59.94500  0.40219  0.40213 
 60.04500  0.40180  0.40175 
 60.14500  0.40143  0.40139 
 60.24500  0.40108  0.40105 
 60.34500  0.40074  0.40072 
 60.44500  0.40042  0.40038 
 60.54500  0.40007  0.40006 
 60.64500  0.39977  0.39976 
 60.74500  0.39950  0.39947 
 60.84500  0.39919  0.39919 
 60.94500  0.39891  0.39892 
 61.04500  0.39866  0.39865 
 61.14500  0.39840  0.39841 
 61.24500  0.39816  0.39818 
 61.34500  0.39795  0.39796 
 61.44500  0.39772  0.39775 
 61.54500  0.39751  0.39755 
 61.64500  0.39733  0.39737 
 61.74500  0.39714  0.39720 
 61.84500  0.39699  0.39704 
 61.94500  0.39684  0.39689 
 62.04500  0.39669  0.39676 
 62.14500  0.39658  0.39664 
 62.24500  0.39646  0.39653 
 62.34500  0.39636  0.39643 
 62.44500  0.39628  0.39635 
 62.54500  0.39620  0.39629 
 62.64500  0.39615  0.39620 
 62.74500  0.39609  0.39620 
 62.84500  0.39608  0.39612 
 62.94500  0.39608  0.39610 
