  0.04500  0.99994  1.00000 
  0.14500  0.99993  1.00000 
  0.24500  0.99994  1.00000 
  0.34500  0.99993  1.00000 
  0.44500  0.99994  1.00000 
  0.54500  0.99994  1.00000 
  0.64500  0.99994  1.00000 
  0.74500  0.99994  1.00000 
  0.84500  0.99994  1.00000 
  0.94500  0.99994  1.00000 
  1.04500  0.99994  1.00000 
  1.14500  0.99993  1.00000 
  1.24500  0.99994  1.00000 
  1.34500  0.99993  1.00000 
  1.44500  0.99993  1.00000 
  1.54500  0.99993  1.00000 
  1.64500  0.99993  1.00000 
  1.74500  0.99994  1.00000 
  1.84500  0.99994  1.00000 
  1.94500  0.99994  1.00000 
  2.04500  0.99995  1.00000 
  2.14500  0.99992  1.00000 
  2.24500  0.99994  1.00000 
  2.34500  0.99994  1.00000 
  2.44500  0.99994  1.00000 
  2.54500  0.99995  1.00000 
  2.64500  0.99997  1.00000 
  2.74500  0.99999  1.00000 
  2.84500  0.99999  1.00000 
  2.94500  0.99997  1.00000 
  3.04500  0.99991  1.00000 
  3.14500  0.99983  1.00000 
  3.24500  0.99971  1.00000 
  3.34500  0.99958  1.00000 
  3.44500  0.99953  1.00000 
  3.54500  0.99959  0.99988 
  3.64500  0.99972  0.99957 
  3.74500  0.99935  0.99858 
  3.84500  0.99705  0.99573 
  3.94500  0.98992  0.98858 
  4.04500  0.97317  0.97275 
  4.14500  0.94042  0.94179 
  4.24500  0.88504  0.88822 
  4.34500  0.80280  0.80626 
  4.44500  0.69429  0.69545 
  4.54500  0.56608  0.56298 
  4.64500  0.41973  0.42296 
  4.74500  0.29355  0.29214 
  4.84500  0.18753  0.18405 
  4.94500  0.10809  0.10514 
  5.04500  0.05526  0.05417 
  5.14500  0.02443  0.02507 
  5.24500  0.00895  0.01039 
  5.34500  0.00248  0.00385 
  5.44500  0.00049  0.00126 
  5.54500  0.00022  0.00038 
  5.64500  0.00036  0.00010 
  5.74500  0.00040  0.00000 
  5.84500  0.00033  0.00000 
  5.94500  0.00022  0.00000 
  6.04500  0.00010  0.00000 
  6.14500  0.00000  0.00000 
  6.24500 -0.00004  0.00000 
  6.34500 -0.00005  0.00000 
  6.44500 -0.00005  0.00000 
  6.54500 -0.00005  0.00000 
  6.64500 -0.00006  0.00000 
  6.74500 -0.00004  0.00000 
  6.84500 -0.00006  0.00000 
  6.94500 -0.00005  0.00000 
  7.04500 -0.00002  0.00000 
  7.14500  0.00004  0.00000 
  7.24500  0.00013  0.00000 
  7.34500  0.00025  0.00000 
  7.44500  0.00037  0.00000 
  7.54500  0.00041  0.00002 
  7.64500  0.00032  0.00014 
  7.74500  0.00023  0.00054 
  7.84500  0.00079  0.00176 
  7.94500  0.00367  0.00512 
  8.04500  0.01207  0.01339 
  8.14500  0.03111  0.03133 
  8.24500  0.06736  0.06570 
  8.34500  0.12720  0.12388 
  8.44500  0.21421  0.21103 
  8.54500  0.32671  0.32634 
  8.64500  0.45945  0.46130 
  8.74500  0.60308  0.60087 
  8.84500  0.72650  0.72857 
  8.94500  0.82820  0.83182 
  9.04500  0.90286  0.90563 
  9.14500  0.95142  0.95226 
  9.24500  0.97909  0.97830 
  9.34500  0.99260  0.99117 
  9.44500  0.99801  0.99680 
  9.54500  0.99955  0.99897 
  9.64500  0.99969  0.99970 
  9.74500  0.99956  0.99993 
  9.84500  0.99953  1.00000 
  9.94500  0.99962  1.00000 
 10.04500  0.99973  1.00000 
 10.14500  0.99985  1.00000 
 10.24500  0.99993  1.00000 
 10.34500  0.99998  1.00000 
 10.44500  0.99998  1.00000 
 10.54500  0.99998  1.00000 
 10.64500  0.99996  1.00000 
 10.74500  0.99995  1.00000 
 10.84500  0.99996  1.00000 
 10.94500  0.99996  1.00000 
 11.04500  0.99997  1.00000 
 11.14500  0.99998  1.00000 
 11.24500  0.99998  1.00000 
 11.34500  0.99992  1.00000 
 11.44500  0.99984  1.00000 
 11.54500  0.99974  1.00000 
 11.64500  0.99960  1.00000 
 11.74500  0.99952  1.00000 
 11.84500  0.99958  0.99991 
 11.94500  0.99972  0.99966 
 12.04500  0.99949  0.99883 
 12.14500  0.99769  0.99641 
 12.24500  0.99169  0.99025 
 12.34500  0.97698  0.97630 
 12.44500  0.94744  0.94846 
 12.54500  0.89633  0.89926 
 12.64500  0.81879  0.82237 
 12.74500  0.71447  0.71620 
 12.84500  0.58936  0.58657 
 12.94500  0.44405  0.44665 
 13.04500  0.31393  0.31314 
 13.14500  0.20386  0.20052 
 13.24500  0.11969  0.11652 
 13.34500  0.06255  0.06112 
 13.44500  0.02841  0.02882 
 13.54500  0.01080  0.01218 
 13.64500  0.00316  0.00461 
 13.74500  0.00066  0.00157 
 13.84500  0.00024  0.00047 
 13.94500  0.00033  0.00013 
 14.04500  0.00040  0.00001 
 14.14500  0.00035  0.00000 
 14.24500  0.00024  0.00000 
 14.34500  0.00012  0.00000 
 14.44500  0.00004  0.00000 
 14.54500 -0.00002  0.00000 
 14.64500 -0.00005  0.00000 
 14.74500 -0.00005  0.00000 
 14.84500 -0.00003  0.00000 
 14.94500 -0.00002  0.00000 
 15.04500 -0.00000  0.00000 
 15.14500 -0.00000  0.00000 
 15.24500 -0.00000  0.00000 
 15.34500 -0.00000  0.00000 
 15.44500 -0.00000  0.00000 
 15.54500 -0.00000  0.00000 
 15.64500 -0.00002  0.00000 
 15.74500 -0.00002  0.00000 
 15.84500 -0.00006  0.00000 
 15.94500 -0.00006  0.00000 
 16.04500 -0.00003  0.00000 
 16.14500  0.00004  0.00000 
 16.24500  0.00014  0.00000 
 16.34500  0.00025  0.00000 
 16.44500  0.00037  0.00000 
 16.54500  0.00041  0.00002 
 16.64500  0.00030  0.00016 
 16.74500  0.00022  0.00055 
 16.84500  0.00082  0.00182 
 16.94500  0.00382  0.00529 
 17.04500  0.01250  0.01380 
 17.14500  0.03199  0.03214 
 17.24500  0.06889  0.06719 
 17.34500  0.12957  0.12624 
 17.44500  0.21750  0.21434 
 17.54500  0.33071  0.33047 
 17.64500  0.46410  0.46583 
 17.74500  0.60735  0.60532 
 17.84500  0.73021  0.73236 
 17.94500  0.83106  0.83468 
 18.04500  0.90483  0.90753 
 18.14500  0.95265  0.95338 
 18.24500  0.97973  0.97888 
 18.34500  0.99290  0.99144 
 18.44500  0.99810  0.99690 
 18.54500  0.99958  0.99901 
 18.64500  0.99970  0.99971 
 18.74500  0.99956  0.99993 
 18.84500  0.99953  1.00000 
 18.94500  0.99962  1.00000 
 19.04500  0.99974  1.00000 
 19.14500  0.99985  1.00000 
 19.24500  0.99994  1.00000 
 19.34500  0.99998  1.00000 
 19.44500  0.99999  1.00000 
 19.54500  0.99998  1.00000 
 19.64500  0.99996  1.00000 
 19.74500  0.99995  1.00000 
 19.84500  0.99994  1.00000 
 19.94500  0.99994  1.00000 
 20.04500  0.99995  1.00000 
 20.14500  0.99996  1.00000 
 20.24500  0.99997  1.00000 
 20.34500  0.99999  1.00000 
 20.44500  0.99998  1.00000 
 20.54500  0.99995  1.00000 
 20.64500  0.99987  1.00000 
 20.74500  0.99976  1.00000 
 20.84500  0.99965  1.00000 
 20.94500  0.99955  1.00000 
 21.04500  0.99953  0.99995 
 21.14500  0.99968  0.99977 
 21.24500  0.99966  0.99920 
 21.34500  0.99857  0.99746 
 21.44500  0.99429  0.99285 
 21.54500  0.98303  0.98199 
 21.64500  0.95899  0.95943 
 21.74500  0.91553  0.91791 
 21.84500  0.84683  0.85042 
 21.94500  0.75081  0.75344 
 22.04500  0.63135  0.63026 
 22.14500  0.49151  0.49191 
 22.24500  0.35391  0.35451 
 22.34500  0.23676  0.23392 
 22.44500  0.14380  0.14031 
 22.54500  0.07819  0.07612 
 22.64500  0.03731  0.03718 
 22.74500  0.01509  0.01628 
 22.84500  0.00487  0.00639 
 22.94500  0.00113  0.00223 
 23.04500  0.00024  0.00069 
 23.14500  0.00028  0.00019 
 23.24500  0.00040  0.00004 
 23.34500  0.00040  0.00000 
 23.44500  0.00029  0.00000 
 23.54500  0.00017  0.00000 
 23.64500  0.00006  0.00000 
 23.74500 -0.00002  0.00000 
 23.84500 -0.00004  0.00000 
 23.94500 -0.00006  0.00000 
 24.04500 -0.00003  0.00000 
 24.14500 -0.00002  0.00000 
 24.24500 -0.00001  0.00000 
 24.34500  0.00001  0.00000 
 24.44500 -0.00001  0.00000 
 24.54500  0.00000  0.00000 
 24.64500 -0.00000  0.00000 
 24.74500  0.00000  0.00000 
 24.84500 -0.00002  0.00000 
 24.94500 -0.00003  0.00000 
 25.04500 -0.00004  0.00000 
 25.14500 -0.00005  0.00000 
 25.24500 -0.00004  0.00000 
 25.34500  0.00002  0.00000 
 25.44500  0.00010  0.00000 
 25.54500  0.00021  0.00000 
 25.64500  0.00036  0.00000 
 25.74500  0.00042  0.00000 
 25.84500  0.00034  0.00010 
 25.94500  0.00022  0.00036 
 26.04500  0.00048  0.00126 
 26.14500  0.00245  0.00379 
 26.24500  0.00880  0.01024 
 26.34500  0.02412  0.02477 
 26.44500  0.05467  0.05358 
 26.54500  0.10712  0.10419 
 26.64500  0.18616  0.18265 
 26.74500  0.29183  0.29033 
 26.84500  0.41779  0.42092 
 26.94500  0.56394  0.56092 
 27.04500  0.69254  0.69363 
 27.14500  0.80138  0.80483 
 27.24500  0.88403  0.88722 
 27.34500  0.93978  0.94116 
 27.44500  0.97283  0.97242 
 27.54500  0.98977  0.98840 
 27.64500  0.99700  0.99564 
 27.74500  0.99932  0.99855 
 27.84500  0.99972  0.99957 
 27.94500  0.99961  0.99987 
 28.04500  0.99953  1.00000 
 28.14500  0.99957  1.00000 
 28.24500  0.99971  1.00000 
 28.34500  0.99981  1.00000 
 28.44500  0.99991  1.00000 
 28.54500  0.99997  1.00000 
 28.64500  0.99999  1.00000 
 28.74500  0.99998  1.00000 
 28.84500  0.99997  1.00000 
 28.94500  0.99995  1.00000 
 29.04500  0.99994  1.00000 
 29.14500  0.99994  1.00000 
 29.24500  0.99995  1.00000 
 29.34500  0.99996  1.00000 
 29.44500  0.99997  1.00000 
 29.54500  0.99999  1.00000 
 29.64500  0.99998  1.00000 
 29.74500  0.99996  1.00000 
 29.84500  0.99989  1.00000 
 29.94500  0.99980  1.00000 
 30.04500  0.99969  1.00000 
 30.14500  0.99956  1.00000 
 30.24500  0.99953  0.99998 
 30.34500  0.99962  0.99986 
 30.44500  0.99973  0.99946 
 30.54500  0.99913  0.99823 
 30.64500  0.99623  0.99483 
 30.74500  0.98773  0.98647 
 30.84500  0.96854  0.96842 
 30.94500  0.93209  0.93383 
 31.04500  0.87198  0.87535 
 31.14500  0.78466  0.78792 
 31.24500  0.67195  0.67231 
 31.34500  0.53897  0.53725 
 31.44500  0.39546  0.39767 
 31.54500  0.27223  0.27020 
 31.64500  0.17081  0.16726 
 31.74500  0.09646  0.09378 
 31.84500  0.04813  0.04738 
 31.94500  0.02065  0.02151 
 32.04500  0.00724  0.00875 
 32.14500  0.00190  0.00318 
 32.24500  0.00040  0.00102 
 32.34500  0.00023  0.00030 
 32.44500  0.00037  0.00007 
 32.54500  0.00042  0.00000 
 32.64500  0.00032  0.00000 
 32.74500  0.00020  0.00000 
 32.84500  0.00009  0.00000 
 32.94500  0.00001  0.00000 
 33.04500 -0.00004  0.00000 
 33.14500 -0.00005  0.00000 
 33.24500 -0.00004  0.00000 
 33.34500 -0.00002  0.00000 
 33.44500 -0.00000  0.00000 
 33.54500  0.00001  0.00000 
 33.64500 -0.00001  0.00000 
 33.74500  0.00000  0.00000 
 33.84500 -0.00001  0.00000 
 33.94500  0.00001  0.00000 
 34.04500 -0.00001  0.00000 
 34.14500 -0.00002  0.00000 
 34.24500 -0.00003  0.00000 
 34.34500 -0.00005  0.00000 
 34.44500 -0.00004  0.00000 
 34.54500  0.00000  0.00000 
 34.64500  0.00008  0.00000 
 34.74500  0.00017  0.00000 
 34.84500  0.00029  0.00000 
 34.94500  0.00038  0.00000 
 35.04500  0.00038  0.00006 
 35.14500  0.00026  0.00024 
 35.24500  0.00031  0.00087 
 35.34500  0.00149  0.00269 
 35.44500  0.00601  0.00753 
 35.54500  0.01785  0.01888 
 35.64500  0.04273  0.04228 
 35.74500  0.08747  0.08504 
 35.84500  0.15764  0.15409 
 35.94500  0.25509  0.25264 
 36.04500  0.37559  0.37701 
 36.14500  0.51652  0.51577 
 36.24500  0.65289  0.65261 
 36.34500  0.76893  0.77191 
 36.44500  0.86042  0.86395 
 36.54500  0.92457  0.92660 
 36.64500  0.96427  0.96436 
 36.74500  0.98566  0.98448 
 36.84500  0.99538  0.99395 
 36.94500  0.99889  0.99790 
 37.04500  0.99970  0.99936 
 37.14500  0.99967  0.99982 
 37.24500  0.99955  0.99996 
 37.34500  0.99956  1.00000 
 37.44500  0.99966  1.00000 
 37.54500  0.99979  1.00000 
 37.64500  0.99989  1.00000 
 37.74500  0.99996  1.00000 
 37.84500  1.00000  1.00000 
 37.94500  0.99998  1.00000 
 38.04500  0.99997  1.00000 
 38.14500  0.99996  1.00000 
 38.24500  0.99994  1.00000 
 38.34500  0.99995  1.00000 
 38.44500  0.99995  1.00000 
 38.54500  0.99993  1.00000 
 38.64500  0.99992  1.00000 
 38.74500  0.99994  1.00000 
 38.84500  0.99992  1.00000 
 38.94500  0.99995  1.00000 
 39.04500  0.99995  1.00000 
 39.14500  0.99994  1.00000 
 39.24500  0.99995  1.00000 
 39.34500  0.99997  1.00000 
 39.44500  0.99999  1.00000 
 39.54500  1.00000  1.00000 
 39.64500  0.99998  1.00000 
 39.74500  0.99993  1.00000 
 39.84500  0.99985  1.00000 
 39.94500  0.99973  1.00000 
 40.04500  0.99962  1.00000 
 40.14500  0.99954  1.00000 
 40.24500  0.99958  0.99992 
 40.34500  0.99973  0.99967 
 40.44500  0.99953  0.99888 
 40.54500  0.99777  0.99655 
 40.64500  0.99197  0.99055 
 40.74500  0.97766  0.97694 
 40.84500  0.94870  0.94967 
 40.94500  0.89839  0.90125 
 41.04500  0.82174  0.82533 
 41.14500  0.71823  0.72006 
 41.24500  0.59362  0.59102 
 41.34500  0.44876  0.45119 
 41.44500  0.31789  0.31720 
 41.54500  0.20703  0.20373 
 41.64500  0.12199  0.11876 
 41.74500  0.06401  0.06250 
 41.84500  0.02925  0.02958 
 41.94500  0.01117  0.01256 
 42.04500  0.00333  0.00474 
 42.14500  0.00068  0.00159 
 42.24500  0.00023  0.00049 
 42.34500  0.00032  0.00013 
 42.44500  0.00041  0.00001 
 42.54500  0.00037  0.00000 
 42.64500  0.00024  0.00000 
 42.74500  0.00013  0.00000 
 42.84500  0.00003  0.00000 
 42.94500 -0.00002  0.00000 
 43.04500 -0.00005  0.00000 
 43.14500 -0.00005  0.00000 
 43.24500 -0.00002  0.00000 
 43.34500 -0.00001  0.00000 
 43.44500  0.00000  0.00000 
 43.54500  0.00001  0.00000 
 43.64500  0.00001  0.00000 
 43.74500 -0.00001  0.00000 
 43.84500 -0.00001  0.00000 
 43.94500 -0.00002  0.00000 
 44.04500 -0.00004  0.00000 
 44.14500 -0.00005  0.00000 
 44.24500 -0.00001  0.00000 
 44.34500  0.00007  0.00000 
 44.44500  0.00015  0.00000 
 44.54500  0.00029  0.00000 
 44.64500  0.00039  0.00000 
 44.74500  0.00039  0.00005 
 44.84500  0.00026  0.00020 
 44.94500  0.00027  0.00074 
 45.04500  0.00125  0.00236 
 45.14500  0.00518  0.00670 
 45.24500  0.01585  0.01698 
 45.34500  0.03878  0.03856 
 45.44500  0.08072  0.07855 
 45.54500  0.14763  0.14411 
 45.64500  0.24186  0.23911 
 45.74500  0.35997  0.36081 
 45.84500  0.49853  0.49861 
 45.94500  0.63746  0.63660 
 46.04500  0.75598  0.75874 
 46.14500  0.85074  0.85432 
 46.24500  0.91814  0.92044 
 46.34500  0.96057  0.96087 
 46.44500  0.98378  0.98272 
 46.54500  0.99463  0.99317 
 46.64500  0.99867  0.99761 
 46.74500  0.99967  0.99923 
 46.84500  0.99968  0.99979 
 46.94500  0.99955  0.99995 
 47.04500  0.99955  1.00000 
 47.14500  0.99966  1.00000 
 47.24500  0.99978  1.00000 
 47.34500  0.99986  1.00000 
 47.44500  0.99994  1.00000 
 47.54500  0.99998  1.00000 
 47.64500  0.99998  1.00000 
 47.74500  0.99997  1.00000 
 47.84500  0.99997  1.00000 
 47.94500  0.99996  1.00000 
 48.04500  0.99996  1.00000 
 48.14500  0.99997  1.00000 
 48.24500  0.99999  1.00000 
 48.34500  0.99998  1.00000 
 48.44500  0.99996  1.00000 
 48.54500  0.99992  1.00000 
 48.64500  0.99981  1.00000 
 48.74500  0.99969  1.00000 
 48.84500  0.99959  1.00000 
 48.94500  0.99954  0.99999 
 49.04500  0.99962  0.99987 
 49.14500  0.99972  0.99952 
 49.24500  0.99924  0.99841 
 49.34500  0.99666  0.99527 
 49.44500  0.98887  0.98752 
 49.54500  0.97088  0.97056 
 49.64500  0.93622  0.93778 
 49.74500  0.87844  0.88171 
 49.84500  0.79357  0.79693 
 49.94500  0.68288  0.68363 
 50.04500  0.55215  0.54976 
 50.14500  0.40720  0.40988 
 50.24500  0.28248  0.28072 
 50.34500  0.17881  0.17527 
 50.44500  0.10195  0.09915 
 50.54500  0.05149  0.05058 
 50.64500  0.02240  0.02318 
 50.74500  0.00803  0.00952 
 50.84500  0.00217  0.00349 
 50.94500  0.00043  0.00113 
 51.04500  0.00022  0.00034 
 51.14500  0.00036  0.00008 
 51.24500  0.00042  0.00000 
 51.34500  0.00033  0.00000 
 51.44500  0.00022  0.00000 
 51.54500  0.00009  0.00000 
 51.64500  0.00000  0.00000 
 51.74500 -0.00003  0.00000 
 51.84500 -0.00005  0.00000 
 51.94500 -0.00004  0.00000 
 52.04500 -0.00002  0.00000 
 52.14500 -0.00001  0.00000 
 52.24500  0.00001  0.00000 
 52.34500  0.00002  0.00000 
 52.44500  0.00001  0.00000 
 52.54500 -0.00001  0.00000 
 52.64500 -0.00002  0.00000 
 52.74500 -0.00002  0.00000 
 52.84500 -0.00004  0.00000 
 52.94500 -0.00005  0.00000 
 53.04500  0.00001  0.00000 
 53.14500  0.00009  0.00000 
 53.24500  0.00020  0.00000 
 53.34500  0.00032  0.00000 
 53.44500  0.00041  0.00000 
 53.54500  0.00036  0.00008 
 53.64500  0.00023  0.00030 
 53.74500  0.00038  0.00105 
 53.84500  0.00198  0.00326 
 53.94500  0.00745  0.00894 
 54.04500  0.02110  0.02193 
 54.14500  0.04900  0.04819 
 54.24500  0.09785  0.09516 
 54.34500  0.17288  0.16935 
 54.44500  0.27488  0.27293 
 54.54500  0.39854  0.40085 
 54.64500  0.54240  0.54053 
 54.74500  0.67480  0.67529 
 54.84500  0.78702  0.79028 
 54.94500  0.87369  0.87705 
 55.04500  0.93319  0.93489 
 55.14500  0.96916  0.96897 
 55.24500  0.98804  0.98675 
 55.34500  0.99634  0.99494 
 55.44500  0.99917  0.99828 
 55.54500  0.99971  0.99946 
 55.64500  0.99963  0.99986 
 55.74500  0.99955  0.99998 
 55.84500  0.99959  1.00000 
 55.94500  0.99969  1.00000 
 56.04500  0.99981  1.00000 
 56.14500  0.99989  1.00000 
 56.24500  0.99996  1.00000 
 56.34500  0.99999  1.00000 
 56.44500  0.99998  1.00000 
 56.54500  0.99998  1.00000 
 56.64500  0.99997  1.00000 
 56.74500  0.99995  1.00000 
 56.84500  0.99997  1.00000 
 56.94500  0.99997  1.00000 
 57.04500  1.00000  1.00000 
 57.14500  0.99997  1.00000 
 57.24500  0.99995  1.00000 
 57.34500  0.99989  1.00000 
 57.44500  0.99977  1.00000 
 57.54500  0.99966  1.00000 
 57.64500  0.99955  1.00000 
 57.74500  0.99954  0.99996 
 57.84500  0.99965  0.99981 
 57.94500  0.99970  0.99931 
 58.04500  0.99879  0.99777 
 58.14500  0.99506  0.99359 
 58.24500  0.98484  0.98369 
 58.34500  0.96259  0.96280 
 58.44500  0.92167  0.92383 
 58.54500  0.85603  0.85957 
 58.64500  0.76305  0.76594 
 58.74500  0.64586  0.64530 
 58.84500  0.50823  0.50791 
 58.94500  0.36843  0.36955 
 59.04500  0.24900  0.24639 
 59.14500  0.15301  0.14950 
 59.24500  0.08434  0.08202 
 59.34500  0.04087  0.04054 
 59.44500  0.01690  0.01798 
 59.54500  0.00564  0.00714 
 59.64500  0.00135  0.00253 
 59.74500  0.00027  0.00080 
 59.84500  0.00027  0.00022 
 59.94500  0.00040  0.00005 
 60.04500  0.00039  0.00000 
 60.14500  0.00030  0.00000 
 60.24500  0.00018  0.00000 
 60.34500  0.00007  0.00000 
 60.44500 -0.00001  0.00000 
 60.54500 -0.00004  0.00000 
 60.64500 -0.00006  0.00000 
 60.74500 -0.00003  0.00000 
 60.84500 -0.00002  0.00000 
 60.94500 -0.00002  0.00000 
 61.04500 -0.00000  0.00000 
 61.14500 -0.00001  0.00000 
 61.24500  0.00001  0.00000 
 61.34500  0.00000  0.00000 
 61.44500 -0.00001  0.00000 
 61.54500  0.00000  0.00000 
 61.64500  0.00001  0.00000 
 61.74500 -0.00000  0.00000 
 61.84500  0.00001  0.00000 
 61.94500  0.00001  0.00000 
 62.04500  0.00000  0.00000 
 62.14500  0.00000  0.00000 
 62.24500  0.00000  0.00000 
 62.34500  0.00000  0.00000 
 62.44500 -0.00000  0.00000 
 62.54500 -0.00000  0.00000 
 62.64500  0.00000  0.00000 
 62.74500  0.00000  0.00000 
 62.84500  0.00000  0.00000 
 62.94500  0.00000  0.00000 
