  0.04500  0.50160  0.50280 
  0.14500  0.50160  0.50280 
  0.24500  0.50160  0.50280 
  0.34500  0.50160  0.50280 
  0.44500  0.50159  0.50280 
  0.54500  0.50158  0.50280 
  0.64500  0.50158  0.50280 
  0.74500  0.50158  0.50280 
  0.84500  0.50159  0.50276 
  0.94500  0.50158  0.50270 
  1.04500  0.50157  0.50270 
  1.14500  0.50157  0.50270 
  1.24500  0.50157  0.50270 
  1.34500  0.50157  0.50270 
  1.44500  0.50157  0.50270 
  1.54500  0.50157  0.50270 
  1.64500  0.50157  0.50270 
  1.74500  0.50157  0.50270 
  1.84500  0.50157  0.50270 
  1.94500  0.50157  0.50270 
  2.04500  0.50156  0.50270 
  2.14500  0.50156  0.50270 
  2.24500  0.50155  0.50270 
  2.34500  0.50154  0.50270 
  2.44500  0.50155  0.50270 
  2.54500  0.50155  0.50270 
  2.64500  0.50155  0.50270 
  2.74500  0.50154  0.50270 
  2.84500  0.50154  0.50270 
  2.94500  0.50154  0.50270 
  3.04500  0.50152  0.50270 
  3.14500  0.50152  0.50270 
  3.24500  0.50152  0.50270 
  3.34500  0.50152  0.50270 
  3.44500  0.50152  0.50270 
  3.54500  0.50151  0.50270 
  3.64500  0.50149  0.50270 
  3.74500  0.50148  0.50270 
  3.84500  0.50148  0.50270 
  3.94500  0.50148  0.50270 
  4.04500  0.50148  0.50270 
  4.14500  0.50147  0.50270 
  4.24500  0.50148  0.50270 
  4.34500  0.50148  0.50261 
  4.44500  0.50146  0.50260 
  4.54500  0.50145  0.50260 
  4.64500  0.50144  0.50260 
  4.74500  0.50144  0.50260 
  4.84500  0.50144  0.50260 
  4.94500  0.50144  0.50260 
  5.04500  0.50143  0.50260 
  5.14500  0.50143  0.50260 
  5.24500  0.50142  0.50260 
  5.34500  0.50140  0.50260 
  5.44500  0.50139  0.50260 
  5.54500  0.50139  0.50260 
  5.64500  0.50138  0.50260 
  5.74500  0.50139  0.50260 
  5.84500  0.50139  0.50260 
  5.94500  0.50138  0.50260 
  6.04500  0.50138  0.50255 
  6.14500  0.50138  0.50250 
  6.24500  0.50138  0.50250 
  6.34500  0.50135  0.50250 
  6.44500  0.50135  0.50250 
  6.54500  0.50134  0.50250 
  6.64500  0.50134  0.50250 
  6.74500  0.50134  0.50250 
  6.84500  0.50133  0.50250 
  6.94500  0.50133  0.50250 
  7.04500  0.50133  0.50250 
  7.14500  0.50131  0.50250 
  7.24500  0.50130  0.50250 
  7.34500  0.50129  0.50249 
  7.44500  0.50128  0.50240 
  7.54500  0.50129  0.50240 
  7.64500  0.50129  0.50240 
  7.74500  0.50128  0.50240 
  7.84500  0.50126  0.50240 
  7.94500  0.50127  0.50240 
  8.04500  0.50127  0.50240 
  8.14500  0.50127  0.50240 
  8.24500  0.50126  0.50240 
  8.34500  0.50124  0.50240 
  8.44500  0.50123  0.50240 
  8.54500  0.50123  0.50234 
  8.64500  0.50123  0.50230 
  8.74500  0.50123  0.50230 
  8.84500  0.50122  0.50230 
  8.94500  0.50121  0.50230 
  9.04500  0.50119  0.50230 
  9.14500  0.50119  0.50230 
  9.24500  0.50118  0.50230 
  9.34500  0.50118  0.50230 
  9.44500  0.50118  0.50230 
  9.54500  0.50118  0.50225 
  9.64500  0.50116  0.50220 
  9.74500  0.50114  0.50220 
  9.84500  0.50115  0.50220 
  9.94500  0.50115  0.50220 
 10.04500  0.50115  0.50220 
 10.14500  0.50111  0.50220 
 10.24500  0.50112  0.50220 
 10.34500  0.50111  0.50220 
 10.44500  0.50110  0.50218 
 10.54500  0.50109  0.50210 
 10.64500  0.50108  0.50210 
 10.74500  0.50108  0.50210 
 10.84500  0.50108  0.50210 
 10.94500  0.50107  0.50210 
 11.04500  0.50106  0.50210 
 11.14500  0.50104  0.50210 
 11.24500  0.50103  0.50210 
 11.34500  0.50102  0.50203 
 11.44500  0.50102  0.50200 
 11.54500  0.50101  0.50200 
 11.64500  0.50098  0.50200 
 11.74500  0.50098  0.50200 
 11.84500  0.50098  0.50200 
 11.94500  0.50098  0.50200 
 12.04500  0.50095  0.50200 
 12.14500  0.50095  0.50193 
 12.24500  0.50094  0.50190 
 12.34500  0.50093  0.50190 
 12.44500  0.50091  0.50190 
 12.54500  0.50090  0.50190 
 12.64500  0.50090  0.50190 
 12.74500  0.50089  0.50190 
 12.84500  0.50087  0.50189 
 12.94500  0.50085  0.50180 
 13.04500  0.50085  0.50180 
 13.14500  0.50085  0.50180 
 13.24500  0.50085  0.50180 
 13.34500  0.50081  0.50180 
 13.44500  0.50080  0.50180 
 13.54500  0.50080  0.50180 
 13.64500  0.50078  0.50171 
 13.74500  0.50077  0.50170 
 13.84500  0.50076  0.50170 
 13.94500  0.50075  0.50170 
 14.04500  0.50074  0.50170 
 14.14500  0.50073  0.50170 
 14.24500  0.50072  0.50170 
 14.34500  0.50071  0.50160 
 14.44500  0.50069  0.50160 
 14.54500  0.50067  0.50160 
 14.64500  0.50067  0.50160 
 14.74500  0.50067  0.50160 
 14.84500  0.50064  0.50160 
 14.94500  0.50063  0.50157 
 15.04500  0.50063  0.50150 
 15.14500  0.50062  0.50150 
 15.24500  0.50061  0.50150 
 15.34500  0.50059  0.50150 
 15.44500  0.50057  0.50150 
 15.54500  0.50057  0.50150 
 15.64500  0.50056  0.50141 
 15.74500  0.50055  0.50140 
 15.84500  0.50054  0.50140 
 15.94500  0.50052  0.50140 
 16.04500  0.50051  0.50140 
 16.14500  0.50051  0.50140 
 16.24500  0.50049  0.50133 
 16.34500  0.50047  0.50130 
 16.44500  0.50047  0.50130 
 16.54500  0.50046  0.50130 
 16.64500  0.50045  0.50130 
 16.74500  0.50043  0.50130 
 16.84500  0.50043  0.50123 
 16.94500  0.50042  0.50120 
 17.04500  0.50040  0.50120 
 17.14500  0.50039  0.50120 
 17.24500  0.50038  0.50120 
 17.34500  0.50036  0.50120 
 17.44500  0.50036  0.50112 
 17.54500  0.50035  0.50110 
 17.64500  0.50032  0.50110 
 17.74500  0.50033  0.50110 
 17.84500  0.50032  0.50110 
 17.94500  0.50030  0.50109 
 18.04500  0.50028  0.50100 
 18.14500  0.50027  0.50100 
 18.24500  0.50027  0.50100 
 18.34500  0.50025  0.50100 
 18.44500  0.50024  0.50100 
 18.54500  0.50023  0.50095 
 18.64500  0.50021  0.50090 
 18.74500  0.50021  0.50090 
 18.84500  0.50018  0.50090 
 18.94500  0.50018  0.50090 
 19.04500  0.50017  0.50090 
 19.14500  0.50016  0.50080 
 19.24500  0.50014  0.50080 
 19.34500  0.50013  0.50080 
 19.44500  0.50012  0.50080 
 19.54500  0.50010  0.50080 
 19.64500  0.50008  0.50074 
 19.74500  0.50008  0.50070 
 19.84500  0.50006  0.50070 
 19.94500  0.50006  0.50070 
 20.04500  0.50003  0.50070 
 20.14500  0.50002  0.50066 
 20.24500  0.50001  0.50060 
 20.34500  0.50000  0.50060 
 20.44500  0.49997  0.50060 
 20.54500  0.49995  0.50060 
 20.64500  0.49995  0.50058 
 20.74500  0.49992  0.50050 
 20.84500  0.49991  0.50050 
 20.94500  0.49989  0.50050 
 21.04500  0.49988  0.50050 
 21.14500  0.49986  0.50050 
 21.24500  0.49985  0.50040 
 21.34500  0.49984  0.50040 
 21.44500  0.49982  0.50040 
 21.54500  0.49980  0.50040 
 21.64500  0.49977  0.50040 
 21.74500  0.49978  0.50030 
 21.84500  0.49975  0.50030 
 21.94500  0.49973  0.50030 
 22.04500  0.49972  0.50030 
 22.14500  0.49970  0.50030 
 22.24500  0.49969  0.50020 
 22.34500  0.49966  0.50020 
 22.44500  0.49965  0.50020 
 22.54500  0.49964  0.50020 
 22.64500  0.49962  0.50019 
 22.74500  0.49960  0.50010 
 22.84500  0.49960  0.50010 
 22.94500  0.49958  0.50010 
 23.04500  0.49955  0.50010 
 23.14500  0.49954  0.50007 
 23.24500  0.49952  0.50000 
 23.34500  0.49951  0.50000 
 23.44500  0.49949  0.50000 
 23.54500  0.49948  0.50000 
 23.64500  0.49947  0.49996 
 23.74500  0.49944  0.49990 
 23.84500  0.49943  0.49990 
 23.94500  0.49942  0.49990 
 24.04500  0.49939  0.49990 
 24.14500  0.49939  0.49983 
 24.24500  0.49937  0.49980 
 24.34500  0.49935  0.49980 
 24.44500  0.49933  0.49980 
 24.54500  0.49932  0.49980 
 24.64500  0.49930  0.49970 
 24.74500  0.49930  0.49970 
 24.84500  0.49927  0.49970 
 24.94500  0.49927  0.49970 
 25.04500  0.49925  0.49967 
 25.14500  0.49922  0.49960 
 25.24500  0.49922  0.49960 
 25.34500  0.49920  0.49960 
 25.44500  0.49918  0.49960 
 25.54500  0.49918  0.49954 
 25.64500  0.49915  0.49950 
 25.74500  0.49914  0.49950 
 25.84500  0.49912  0.49950 
 25.94500  0.49911  0.49950 
 26.04500  0.49911  0.49940 
 26.14500  0.49908  0.49940 
 26.24500  0.49907  0.49940 
 26.34500  0.49905  0.49940 
 26.44500  0.49903  0.49935 
 26.54500  0.49902  0.49930 
 26.64500  0.49901  0.49930 
 26.74500  0.49899  0.49930 
 26.84500  0.49898  0.49930 
 26.94500  0.49895  0.49921 
 27.04500  0.49895  0.49920 
 27.14500  0.49893  0.49920 
 27.24500  0.49891  0.49920 
 27.34500  0.49891  0.49916 
 27.44500  0.49889  0.49910 
 27.54500  0.49887  0.49910 
 27.64500  0.49886  0.49910 
 27.74500  0.49884  0.49910 
 27.84500  0.49883  0.49901 
 27.94500  0.49881  0.49900 
 28.04500  0.49881  0.49900 
 28.14500  0.49878  0.49900 
 28.24500  0.49876  0.49896 
 28.34500  0.49875  0.49890 
 28.44500  0.49873  0.49890 
 28.54500  0.49871  0.49890 
 28.64500  0.49871  0.49890 
 28.74500  0.49869  0.49881 
 28.84500  0.49867  0.49880 
 28.94500  0.49865  0.49880 
 29.04500  0.49865  0.49880 
 29.14500  0.49862  0.49876 
 29.24500  0.49860  0.49870 
 29.34500  0.49860  0.49870 
 29.44500  0.49858  0.49870 
 29.54500  0.49855  0.49870 
 29.64500  0.49855  0.49860 
 29.74500  0.49852  0.49860 
 29.84500  0.49851  0.49860 
 29.94500  0.49849  0.49860 
 30.04500  0.49848  0.49854 
 30.14500  0.49845  0.49850 
 30.24500  0.49843  0.49850 
 30.34500  0.49843  0.49850 
 30.44500  0.49840  0.49849 
 30.54500  0.49839  0.49840 
 30.64500  0.49838  0.49840 
 30.74500  0.49834  0.49840 
 30.84500  0.49833  0.49840 
 30.94500  0.49831  0.49833 
 31.04500  0.49830  0.49830 
 31.14500  0.49828  0.49830 
 31.24500  0.49826  0.49830 
 31.34500  0.49825  0.49827 
 31.44500  0.49822  0.49820 
 31.54500  0.49820  0.49820 
 31.64500  0.49820  0.49820 
 31.74500  0.49817  0.49820 
 31.84500  0.49816  0.49811 
 31.94500  0.49814  0.49810 
 32.04500  0.49812  0.49810 
 32.14500  0.49810  0.49810 
 32.24500  0.49808  0.49806 
 32.34500  0.49807  0.49800 
 32.44500  0.49805  0.49800 
 32.54500  0.49803  0.49800 
 32.64500  0.49802  0.49800 
 32.74500  0.49799  0.49790 
 32.84500  0.49798  0.49790 
 32.94500  0.49797  0.49790 
 33.04500  0.49795  0.49790 
 33.14500  0.49793  0.49784 
 33.24500  0.49790  0.49780 
 33.34500  0.49790  0.49780 
 33.44500  0.49787  0.49780 
 33.54500  0.49786  0.49779 
 33.64500  0.49785  0.49770 
 33.74500  0.49783  0.49770 
 33.84500  0.49781  0.49770 
 33.94500  0.49780  0.49770 
 34.04500  0.49777  0.49763 
 34.14500  0.49777  0.49760 
 34.24500  0.49774  0.49760 
 34.34500  0.49774  0.49760 
 34.44500  0.49771  0.49758 
 34.54500  0.49770  0.49750 
 34.64500  0.49769  0.49750 
 34.74500  0.49766  0.49750 
 34.84500  0.49766  0.49750 
 34.94500  0.49765  0.49743 
 35.04500  0.49762  0.49740 
 35.14500  0.49761  0.49740 
 35.24500  0.49759  0.49740 
 35.34500  0.49759  0.49737 
 35.44500  0.49756  0.49730 
 35.54500  0.49755  0.49730 
 35.64500  0.49755  0.49730 
 35.74500  0.49751  0.49730 
 35.84500  0.49750  0.49723 
 35.94500  0.49750  0.49720 
 36.04500  0.49747  0.49720 
 36.14500  0.49747  0.49720 
 36.24500  0.49745  0.49718 
 36.34500  0.49744  0.49710 
 36.44500  0.49742  0.49710 
 36.54500  0.49740  0.49710 
 36.64500  0.49740  0.49710 
 36.74500  0.49738  0.49704 
 36.84500  0.49736  0.49700 
 36.94500  0.49736  0.49700 
 37.04500  0.49733  0.49700 
 37.14500  0.49732  0.49699 
 37.24500  0.49731  0.49690 
 37.34500  0.49729  0.49690 
 37.44500  0.49728  0.49690 
 37.54500  0.49727  0.49690 
 37.64500  0.49725  0.49686 
 37.74500  0.49723  0.49680 
 37.84500  0.49721  0.49680 
 37.94500  0.49721  0.49680 
 38.04500  0.49720  0.49680 
 38.14500  0.49717  0.49672 
 38.24500  0.49717  0.49670 
 38.34500  0.49714  0.49670 
 38.44500  0.49713  0.49670 
 38.54500  0.49711  0.49669 
 38.64500  0.49710  0.49660 
 38.74500  0.49709  0.49660 
 38.84500  0.49707  0.49660 
 38.94500  0.49705  0.49660 
 39.04500  0.49705  0.49656 
 39.14500  0.49701  0.49650 
 39.24500  0.49701  0.49650 
 39.34500  0.49700  0.49650 
 39.44500  0.49698  0.49650 
 39.54500  0.49696  0.49644 
 39.64500  0.49694  0.49640 
 39.74500  0.49692  0.49640 
 39.84500  0.49691  0.49640 
 39.94500  0.49689  0.49640 
 40.04500  0.49688  0.49632 
 40.14500  0.49688  0.49630 
 40.24500  0.49683  0.49630 
 40.34500  0.49683  0.49630 
 40.44500  0.49681  0.49630 
 40.54500  0.49679  0.49621 
 40.64500  0.49678  0.49620 
 40.74500  0.49677  0.49620 
 40.84500  0.49675  0.49620 
 40.94500  0.49673  0.49620 
 41.04500  0.49671  0.49611 
 41.14500  0.49669  0.49610 
 41.24500  0.49669  0.49610 
 41.34500  0.49665  0.49610 
 41.44500  0.49665  0.49610 
 41.54500  0.49664  0.49600 
 41.64500  0.49662  0.49600 
 41.74500  0.49659  0.49600 
 41.84500  0.49659  0.49600 
 41.94500  0.49657  0.49600 
 42.04500  0.49655  0.49591 
 42.14500  0.49654  0.49590 
 42.24500  0.49652  0.49590 
 42.34500  0.49652  0.49590 
 42.44500  0.49648  0.49590 
 42.54500  0.49647  0.49583 
 42.64500  0.49646  0.49580 
 42.74500  0.49645  0.49580 
 42.84500  0.49643  0.49580 
 42.94500  0.49642  0.49580 
 43.04500  0.49641  0.49575 
 43.14500  0.49638  0.49570 
 43.24500  0.49637  0.49570 
 43.34500  0.49636  0.49570 
 43.44500  0.49634  0.49570 
 43.54500  0.49634  0.49568 
 43.64500  0.49632  0.49560 
 43.74500  0.49631  0.49560 
 43.84500  0.49630  0.49560 
 43.94500  0.49628  0.49560 
 44.04500  0.49626  0.49560 
 44.14500  0.49625  0.49552 
 44.24500  0.49625  0.49550 
 44.34500  0.49623  0.49550 
 44.44500  0.49622  0.49550 
 44.54500  0.49621  0.49550 
 44.64500  0.49618  0.49547 
 44.74500  0.49618  0.49540 
 44.84500  0.49616  0.49540 
 44.94500  0.49615  0.49540 
 45.04500  0.49615  0.49540 
 45.14500  0.49614  0.49540 
 45.24500  0.49612  0.49534 
 45.34500  0.49610  0.49530 
 45.44500  0.49610  0.49530 
 45.54500  0.49609  0.49530 
 45.64500  0.49606  0.49530 
 45.74500  0.49606  0.49530 
 45.84500  0.49605  0.49521 
 45.94500  0.49604  0.49520 
 46.04500  0.49604  0.49520 
 46.14500  0.49602  0.49520 
 46.24500  0.49600  0.49520 
 46.34500  0.49599  0.49520 
 46.44500  0.49599  0.49510 
 46.54500  0.49597  0.49510 
 46.64500  0.49595  0.49510 
 46.74500  0.49595  0.49510 
 46.84500  0.49596  0.49510 
 46.94500  0.49592  0.49510 
 47.04500  0.49591  0.49501 
 47.14500  0.49590  0.49500 
 47.24500  0.49589  0.49500 
 47.34500  0.49588  0.49500 
 47.44500  0.49587  0.49500 
 47.54500  0.49586  0.49500 
 47.64500  0.49585  0.49494 
 47.74500  0.49584  0.49490 
 47.84500  0.49583  0.49490 
 47.94500  0.49582  0.49490 
 48.04500  0.49579  0.49490 
 48.14500  0.49579  0.49490 
 48.24500  0.49579  0.49489 
 48.34500  0.49577  0.49480 
 48.44500  0.49575  0.49480 
 48.54500  0.49575  0.49480 
 48.64500  0.49574  0.49480 
 48.74500  0.49573  0.49480 
 48.84500  0.49572  0.49480 
 48.94500  0.49569  0.49476 
 49.04500  0.49569  0.49470 
 49.14500  0.49568  0.49470 
 49.24500  0.49567  0.49470 
 49.34500  0.49566  0.49470 
 49.44500  0.49565  0.49470 
 49.54500  0.49563  0.49470 
 49.64500  0.49562  0.49466 
 49.74500  0.49563  0.49460 
 49.84500  0.49562  0.49460 
 49.94500  0.49557  0.49460 
 50.04500  0.49557  0.49460 
 50.14500  0.49557  0.49460 
 50.24500  0.49556  0.49460 
 50.34500  0.49555  0.49459 
 50.44500  0.49554  0.49450 
 50.54500  0.49552  0.49450 
 50.64500  0.49552  0.49450 
 50.74500  0.49551  0.49450 
 50.84500  0.49550  0.49450 
 50.94500  0.49549  0.49450 
 51.04500  0.49547  0.49450 
 51.14500  0.49547  0.49446 
 51.24500  0.49544  0.49440 
 51.34500  0.49545  0.49440 
 51.44500  0.49544  0.49440 
 51.54500  0.49544  0.49440 
 51.64500  0.49541  0.49440 
 51.74500  0.49540  0.49440 
 51.84500  0.49540  0.49440 
 51.94500  0.49540  0.49437 
 52.04500  0.49539  0.49430 
 52.14500  0.49538  0.49430 
 52.24500  0.49536  0.49430 
 52.34500  0.49535  0.49430 
 52.44500  0.49535  0.49430 
 52.54500  0.49535  0.49430 
 52.64500  0.49534  0.49430 
 52.74500  0.49532  0.49430 
 52.84500  0.49532  0.49425 
 52.94500  0.49531  0.49420 
 53.04500  0.49531  0.49420 
 53.14500  0.49529  0.49420 
 53.24500  0.49529  0.49420 
 53.34500  0.49528  0.49420 
 53.44500  0.49528  0.49420 
 53.54500  0.49527  0.49420 
 53.64500  0.49525  0.49420 
 53.74500  0.49524  0.49420 
 53.84500  0.49524  0.49410 
 53.94500  0.49524  0.49410 
 54.04500  0.49524  0.49410 
 54.14500  0.49524  0.49410 
 54.24500  0.49523  0.49410 
 54.34500  0.49522  0.49410 
 54.44500  0.49520  0.49410 
 54.54500  0.49520  0.49410 
 54.64500  0.49521  0.49410 
 54.74500  0.49520  0.49410 
 54.84500  0.49520  0.49405 
 54.94500  0.49517  0.49400 
 55.04500  0.49517  0.49400 
 55.14500  0.49517  0.49400 
 55.24500  0.49516  0.49400 
 55.34500  0.49517  0.49400 
 55.44500  0.49516  0.49400 
 55.54500  0.49514  0.49400 
 55.64500  0.49514  0.49400 
 55.74500  0.49514  0.49400 
 55.84500  0.49515  0.49400 
 55.94500  0.49514  0.49400 
 56.04500  0.49513  0.49394 
 56.14500  0.49512  0.49390 
 56.24500  0.49511  0.49390 
 56.34500  0.49511  0.49390 
 56.44500  0.49511  0.49390 
 56.54500  0.49509  0.49390 
 56.64500  0.49509  0.49390 
 56.74500  0.49509  0.49390 
 56.84500  0.49509  0.49390 
 56.94500  0.49509  0.49390 
 57.04500  0.49507  0.49390 
 57.14500  0.49506  0.49390 
 57.24500  0.49505  0.49390 
 57.34500  0.49505  0.49390 
 57.44500  0.49505  0.49388 
 57.54500  0.49505  0.49380 
 57.64500  0.49505  0.49380 
 57.74500  0.49505  0.49380 
 57.84500  0.49505  0.49380 
 57.94500  0.49503  0.49380 
 58.04500  0.49502  0.49380 
 58.14500  0.49502  0.49380 
 58.24500  0.49501  0.49380 
 58.34500  0.49499  0.49380 
 58.44500  0.49499  0.49380 
 58.54500  0.49499  0.49380 
 58.64500  0.49499  0.49380 
 58.74500  0.49499  0.49380 
 58.84500  0.49497  0.49380 
 58.94500  0.49497  0.49380 
 59.04500  0.49496  0.49380 
 59.14500  0.49494  0.49380 
 59.24500  0.49494  0.49380 
 59.34500  0.49494  0.49380 
 59.44500  0.49495  0.49372 
 59.54500  0.49494  0.49370 
 59.64500  0.49494  0.49370 
 59.74500  0.49493  0.49370 
 59.84500  0.49493  0.49370 
 59.94500  0.49492  0.49370 
 60.04500  0.49490  0.49370 
 60.14500  0.49490  0.49370 
 60.24500  0.49491  0.49370 
 60.34500  0.49490  0.49370 
 60.44500  0.49490  0.49370 
 60.54500  0.49489  0.49370 
 60.64500  0.49487  0.49370 
 60.74500  0.49488  0.49370 
 60.84500  0.49488  0.49370 
 60.94500  0.49487  0.49370 
 61.04500  0.49487  0.49370 
 61.14500  0.49487  0.49370 
 61.24500  0.49487  0.49370 
 61.34500  0.49487  0.49370 
 61.44500  0.49486  0.49370 
 61.54500  0.49487  0.49370 
 61.64500  0.49486  0.49370 
 61.74500  0.49485  0.49370 
 61.84500  0.49485  0.49370 
 61.94500  0.49485  0.49370 
 62.04500  0.49485  0.49370 
 62.14500  0.49485  0.49370 
 62.24500  0.49484  0.49370 
 62.34500  0.49484  0.49370 
 62.44500  0.49484  0.49370 
 62.54500  0.49484  0.49370 
 62.64500  0.49484  0.49370 
 62.74500  0.49484  0.49370 
 62.84500  0.49484  0.49370 
 62.94500  0.49484  0.49370 
