  0.04500  0.50020  0.50040 
  0.14500  0.50019  0.50040 
  0.24500  0.50020  0.50040 
  0.34500  0.50020  0.50040 
  0.44500  0.50019  0.50040 
  0.54500  0.50018  0.50040 
  0.64500  0.50019  0.50040 
  0.74500  0.50018  0.50040 
  0.84500  0.50019  0.50040 
  0.94500  0.50019  0.50040 
  1.04500  0.50019  0.50040 
  1.14500  0.50019  0.50040 
  1.24500  0.50019  0.50040 
  1.34500  0.50018  0.50040 
  1.44500  0.50018  0.50040 
  1.54500  0.50019  0.50040 
  1.64500  0.50018  0.50040 
  1.74500  0.50018  0.50040 
  1.84500  0.50018  0.50040 
  1.94500  0.50018  0.50040 
  2.04500  0.50018  0.50040 
  2.14500  0.50017  0.50040 
  2.24500  0.50016  0.50040 
  2.34500  0.50016  0.50040 
  2.44500  0.50016  0.50040 
  2.54500  0.50016  0.50040 
  2.64500  0.50017  0.50040 
  2.74500  0.50016  0.50040 
  2.84500  0.50016  0.50040 
  2.94500  0.50015  0.50040 
  3.04500  0.50015  0.50040 
  3.14500  0.50014  0.50040 
  3.24500  0.50015  0.50040 
  3.34500  0.50014  0.50040 
  3.44500  0.50014  0.50040 
  3.54500  0.50014  0.50040 
  3.64500  0.50012  0.50040 
  3.74500  0.50012  0.50040 
  3.84500  0.50012  0.50040 
  3.94500  0.50012  0.50040 
  4.04500  0.50012  0.50040 
  4.14500  0.50012  0.50040 
  4.24500  0.50012  0.50040 
  4.34500  0.50012  0.50040 
  4.44500  0.50010  0.50040 
  4.54500  0.50009  0.50040 
  4.64500  0.50009  0.50040 
  4.74500  0.50010  0.50040 
  4.84500  0.50010  0.50040 
  4.94500  0.50009  0.50040 
  5.04500  0.50009  0.50040 
  5.14500  0.50008  0.50040 
  5.24500  0.50008  0.50039 
  5.34500  0.50007  0.50030 
  5.44500  0.50006  0.50030 
  5.54500  0.50005  0.50030 
  5.64500  0.50005  0.50030 
  5.74500  0.50006  0.50030 
  5.84500  0.50006  0.50030 
  5.94500  0.50006  0.50030 
  6.04500  0.50005  0.50030 
  6.14500  0.50005  0.50030 
  6.24500  0.50005  0.50030 
  6.34500  0.50003  0.50030 
  6.44500  0.50003  0.50030 
  6.54500  0.50004  0.50030 
  6.64500  0.50003  0.50030 
  6.74500  0.50003  0.50030 
  6.84500  0.50003  0.50030 
  6.94500  0.50003  0.50030 
  7.04500  0.50003  0.50030 
  7.14500  0.50001  0.50030 
  7.24500  0.50000  0.50030 
  7.34500  0.49999  0.50030 
  7.44500  0.49999  0.50030 
  7.54500  0.49999  0.50030 
  7.64500  0.49999  0.50030 
  7.74500  0.49999  0.50030 
  7.84500  0.49997  0.50030 
  7.94500  0.49997  0.50030 
  8.04500  0.49998  0.50027 
  8.14500  0.49998  0.50020 
  8.24500  0.49997  0.50020 
  8.34500  0.49996  0.50020 
  8.44500  0.49995  0.50020 
  8.54500  0.49996  0.50020 
  8.64500  0.49996  0.50020 
  8.74500  0.49995  0.50020 
  8.84500  0.49994  0.50020 
  8.94500  0.49994  0.50020 
  9.04500  0.49993  0.50020 
  9.14500  0.49993  0.50020 
  9.24500  0.49992  0.50020 
  9.34500  0.49992  0.50020 
  9.44500  0.49993  0.50020 
  9.54500  0.49992  0.50020 
  9.64500  0.49992  0.50020 
  9.74500  0.49990  0.50020 
  9.84500  0.49990  0.50020 
  9.94500  0.49990  0.50020 
 10.04500  0.49991  0.50020 
 10.14500  0.49988  0.50014 
 10.24500  0.49988  0.50010 
 10.34500  0.49988  0.50010 
 10.44500  0.49988  0.50010 
 10.54500  0.49987  0.50010 
 10.64500  0.49986  0.50010 
 10.74500  0.49987  0.50010 
 10.84500  0.49986  0.50010 
 10.94500  0.49986  0.50010 
 11.04500  0.49985  0.50010 
 11.14500  0.49984  0.50010 
 11.24500  0.49984  0.50010 
 11.34500  0.49983  0.50010 
 11.44500  0.49983  0.50010 
 11.54500  0.49983  0.50010 
 11.64500  0.49980  0.50010 
 11.74500  0.49980  0.50010 
 11.84500  0.49981  0.50008 
 11.94500  0.49981  0.50000 
 12.04500  0.49979  0.50000 
 12.14500  0.49979  0.50000 
 12.24500  0.49979  0.50000 
 12.34500  0.49978  0.50000 
 12.44500  0.49976  0.50000 
 12.54500  0.49976  0.50000 
 12.64500  0.49976  0.50000 
 12.74500  0.49976  0.50000 
 12.84500  0.49975  0.50000 
 12.94500  0.49974  0.50000 
 13.04500  0.49973  0.50000 
 13.14500  0.49974  0.50000 
 13.24500  0.49974  0.50000 
 13.34500  0.49972  0.50000 
 13.44500  0.49971  0.49992 
 13.54500  0.49971  0.49990 
 13.64500  0.49970  0.49990 
 13.74500  0.49970  0.49990 
 13.84500  0.49969  0.49990 
 13.94500  0.49969  0.49990 
 14.04500  0.49968  0.49990 
 14.14500  0.49968  0.49990 
 14.24500  0.49967  0.49990 
 14.34500  0.49967  0.49990 
 14.44500  0.49965  0.49990 
 14.54500  0.49964  0.49990 
 14.64500  0.49964  0.49990 
 14.74500  0.49965  0.49990 
 14.84500  0.49962  0.49983 
 14.94500  0.49962  0.49980 
 15.04500  0.49963  0.49980 
 15.14500  0.49962  0.49980 
 15.24500  0.49961  0.49980 
 15.34500  0.49960  0.49980 
 15.44500  0.49959  0.49980 
 15.54500  0.49959  0.49980 
 15.64500  0.49959  0.49980 
 15.74500  0.49957  0.49980 
 15.84500  0.49957  0.49980 
 15.94500  0.49956  0.49980 
 16.04500  0.49956  0.49980 
 16.14500  0.49956  0.49973 
 16.24500  0.49954  0.49970 
 16.34500  0.49952  0.49970 
 16.44500  0.49953  0.49970 
 16.54500  0.49953  0.49970 
 16.64500  0.49951  0.49970 
 16.74500  0.49951  0.49970 
 16.84500  0.49950  0.49970 
 16.94500  0.49950  0.49970 
 17.04500  0.49949  0.49970 
 17.14500  0.49948  0.49970 
 17.24500  0.49947  0.49970 
 17.34500  0.49946  0.49966 
 17.44500  0.49946  0.49960 
 17.54500  0.49945  0.49960 
 17.64500  0.49943  0.49960 
 17.74500  0.49944  0.49960 
 17.84500  0.49943  0.49960 
 17.94500  0.49941  0.49960 
 18.04500  0.49940  0.49960 
 18.14500  0.49940  0.49960 
 18.24500  0.49940  0.49960 
 18.34500  0.49939  0.49960 
 18.44500  0.49938  0.49960 
 18.54500  0.49937  0.49952 
 18.64500  0.49937  0.49950 
 18.74500  0.49937  0.49950 
 18.84500  0.49934  0.49950 
 18.94500  0.49934  0.49950 
 19.04500  0.49934  0.49950 
 19.14500  0.49933  0.49950 
 19.24500  0.49932  0.49950 
 19.34500  0.49931  0.49950 
 19.44500  0.49931  0.49950 
 19.54500  0.49929  0.49950 
 19.64500  0.49929  0.49944 
 19.74500  0.49928  0.49940 
 19.84500  0.49927  0.49940 
 19.94500  0.49928  0.49940 
 20.04500  0.49925  0.49940 
 20.14500  0.49925  0.49940 
 20.24500  0.49924  0.49940 
 20.34500  0.49924  0.49940 
 20.44500  0.49922  0.49940 
 20.54500  0.49921  0.49940 
 20.64500  0.49921  0.49940 
 20.74500  0.49919  0.49931 
 20.84500  0.49919  0.49930 
 20.94500  0.49917  0.49930 
 21.04500  0.49917  0.49930 
 21.14500  0.49916  0.49930 
 21.24500  0.49915  0.49930 
 21.34500  0.49915  0.49930 
 21.44500  0.49914  0.49930 
 21.54500  0.49913  0.49930 
 21.64500  0.49911  0.49930 
 21.74500  0.49912  0.49925 
 21.84500  0.49910  0.49920 
 21.94500  0.49909  0.49920 
 22.04500  0.49909  0.49920 
 22.14500  0.49907  0.49920 
 22.24500  0.49907  0.49920 
 22.34500  0.49905  0.49920 
 22.44500  0.49904  0.49920 
 22.54500  0.49904  0.49920 
 22.64500  0.49903  0.49920 
 22.74500  0.49901  0.49917 
 22.84500  0.49902  0.49910 
 22.94500  0.49901  0.49910 
 23.04500  0.49899  0.49910 
 23.14500  0.49899  0.49910 
 23.24500  0.49898  0.49910 
 23.34500  0.49897  0.49910 
 23.44500  0.49896  0.49910 
 23.54500  0.49895  0.49910 
 23.64500  0.49895  0.49910 
 23.74500  0.49893  0.49906 
 23.84500  0.49892  0.49900 
 23.94500  0.49892  0.49900 
 24.04500  0.49890  0.49900 
 24.14500  0.49890  0.49900 
 24.24500  0.49890  0.49900 
 24.34500  0.49888  0.49900 
 24.44500  0.49887  0.49900 
 24.54500  0.49886  0.49900 
 24.64500  0.49885  0.49900 
 24.74500  0.49885  0.49893 
 24.84500  0.49883  0.49890 
 24.94500  0.49884  0.49890 
 25.04500  0.49882  0.49890 
 25.14500  0.49881  0.49890 
 25.24500  0.49881  0.49890 
 25.34500  0.49880  0.49890 
 25.44500  0.49878  0.49890 
 25.54500  0.49878  0.49890 
 25.64500  0.49877  0.49888 
 25.74500  0.49876  0.49880 
 25.84500  0.49875  0.49880 
 25.94500  0.49874  0.49880 
 26.04500  0.49874  0.49880 
 26.14500  0.49872  0.49880 
 26.24500  0.49871  0.49880 
 26.34500  0.49870  0.49880 
 26.44500  0.49869  0.49880 
 26.54500  0.49868  0.49880 
 26.64500  0.49867  0.49872 
 26.74500  0.49866  0.49870 
 26.84500  0.49865  0.49870 
 26.94500  0.49863  0.49870 
 27.04500  0.49863  0.49870 
 27.14500  0.49862  0.49870 
 27.24500  0.49861  0.49870 
 27.34500  0.49860  0.49870 
 27.44500  0.49860  0.49870 
 27.54500  0.49858  0.49865 
 27.64500  0.49857  0.49860 
 27.74500  0.49856  0.49860 
 27.84500  0.49856  0.49860 
 27.94500  0.49854  0.49860 
 28.04500  0.49855  0.49860 
 28.14500  0.49853  0.49860 
 28.24500  0.49851  0.49860 
 28.34500  0.49851  0.49860 
 28.44500  0.49850  0.49858 
 28.54500  0.49849  0.49850 
 28.64500  0.49849  0.49850 
 28.74500  0.49847  0.49850 
 28.84500  0.49846  0.49850 
 28.94500  0.49845  0.49850 
 29.04500  0.49845  0.49850 
 29.14500  0.49843  0.49850 
 29.24500  0.49843  0.49850 
 29.34500  0.49842  0.49849 
 29.44500  0.49841  0.49840 
 29.54500  0.49839  0.49840 
 29.64500  0.49839  0.49840 
 29.74500  0.49837  0.49840 
 29.84500  0.49837  0.49840 
 29.94500  0.49836  0.49840 
 30.04500  0.49836  0.49840 
 30.14500  0.49833  0.49840 
 30.24500  0.49832  0.49840 
 30.34500  0.49832  0.49830 
 30.44500  0.49831  0.49830 
 30.54500  0.49829  0.49830 
 30.64500  0.49830  0.49830 
 30.74500  0.49827  0.49830 
 30.84500  0.49827  0.49830 
 30.94500  0.49825  0.49830 
 31.04500  0.49825  0.49830 
 31.14500  0.49824  0.49830 
 31.24500  0.49823  0.49821 
 31.34500  0.49822  0.49820 
 31.44500  0.49820  0.49820 
 31.54500  0.49820  0.49820 
 31.64500  0.49820  0.49820 
 31.74500  0.49818  0.49820 
 31.84500  0.49817  0.49820 
 31.94500  0.49816  0.49820 
 32.04500  0.49815  0.49820 
 32.14500  0.49815  0.49812 
 32.24500  0.49813  0.49810 
 32.34500  0.49813  0.49810 
 32.44500  0.49811  0.49810 
 32.54500  0.49811  0.49810 
 32.64500  0.49810  0.49810 
 32.74500  0.49808  0.49810 
 32.84500  0.49808  0.49810 
 32.94500  0.49807  0.49810 
 33.04500  0.49806  0.49803 
 33.14500  0.49806  0.49800 
 33.24500  0.49804  0.49800 
 33.34500  0.49804  0.49800 
 33.44500  0.49802  0.49800 
 33.54500  0.49802  0.49800 
 33.64500  0.49801  0.49800 
 33.74500  0.49800  0.49800 
 33.84500  0.49798  0.49800 
 33.94500  0.49798  0.49794 
 34.04500  0.49796  0.49790 
 34.14500  0.49796  0.49790 
 34.24500  0.49794  0.49790 
 34.34500  0.49794  0.49790 
 34.44500  0.49792  0.49790 
 34.54500  0.49791  0.49790 
 34.64500  0.49791  0.49790 
 34.74500  0.49789  0.49790 
 34.84500  0.49789  0.49785 
 34.94500  0.49789  0.49780 
 35.04500  0.49787  0.49780 
 35.14500  0.49786  0.49780 
 35.24500  0.49785  0.49780 
 35.34500  0.49785  0.49780 
 35.44500  0.49783  0.49780 
 35.54500  0.49783  0.49780 
 35.64500  0.49783  0.49780 
 35.74500  0.49781  0.49778 
 35.84500  0.49780  0.49770 
 35.94500  0.49780  0.49770 
 36.04500  0.49778  0.49770 
 36.14500  0.49778  0.49770 
 36.24500  0.49777  0.49770 
 36.34500  0.49776  0.49770 
 36.44500  0.49775  0.49770 
 36.54500  0.49774  0.49770 
 36.64500  0.49774  0.49770 
 36.74500  0.49772  0.49761 
 36.84500  0.49772  0.49760 
 36.94500  0.49772  0.49760 
 37.04500  0.49769  0.49760 
 37.14500  0.49769  0.49760 
 37.24500  0.49768  0.49760 
 37.34500  0.49767  0.49760 
 37.44500  0.49767  0.49760 
 37.54500  0.49766  0.49760 
 37.64500  0.49765  0.49756 
 37.74500  0.49764  0.49750 
 37.84500  0.49763  0.49750 
 37.94500  0.49763  0.49750 
 38.04500  0.49761  0.49750 
 38.14500  0.49759  0.49750 
 38.24500  0.49760  0.49750 
 38.34500  0.49758  0.49750 
 38.44500  0.49757  0.49750 
 38.54500  0.49756  0.49750 
 38.64500  0.49756  0.49742 
 38.74500  0.49755  0.49740 
 38.84500  0.49754  0.49740 
 38.94500  0.49752  0.49740 
 39.04500  0.49753  0.49740 
 39.14500  0.49750  0.49740 
 39.24500  0.49750  0.49740 
 39.34500  0.49750  0.49740 
 39.44500  0.49749  0.49740 
 39.54500  0.49748  0.49739 
 39.64500  0.49747  0.49730 
 39.74500  0.49746  0.49730 
 39.84500  0.49745  0.49730 
 39.94500  0.49744  0.49730 
 40.04500  0.49743  0.49730 
 40.14500  0.49744  0.49730 
 40.24500  0.49741  0.49730 
 40.34500  0.49741  0.49730 
 40.44500  0.49740  0.49730 
 40.54500  0.49739  0.49729 
 40.64500  0.49738  0.49720 
 40.74500  0.49738  0.49720 
 40.84500  0.49737  0.49720 
 40.94500  0.49735  0.49720 
 41.04500  0.49734  0.49720 
 41.14500  0.49733  0.49720 
 41.24500  0.49733  0.49720 
 41.34500  0.49731  0.49720 
 41.44500  0.49731  0.49720 
 41.54500  0.49730  0.49720 
 41.64500  0.49729  0.49711 
 41.74500  0.49727  0.49710 
 41.84500  0.49728  0.49710 
 41.94500  0.49726  0.49710 
 42.04500  0.49725  0.49710 
 42.14500  0.49725  0.49710 
 42.24500  0.49723  0.49710 
 42.34500  0.49723  0.49710 
 42.44500  0.49721  0.49710 
 42.54500  0.49720  0.49710 
 42.64500  0.49720  0.49706 
 42.74500  0.49719  0.49700 
 42.84500  0.49718  0.49700 
 42.94500  0.49717  0.49700 
 43.04500  0.49718  0.49700 
 43.14500  0.49715  0.49700 
 43.24500  0.49715  0.49700 
 43.34500  0.49714  0.49700 
 43.44500  0.49713  0.49700 
 43.54500  0.49713  0.49700 
 43.64500  0.49711  0.49700 
 43.74500  0.49711  0.49695 
 43.84500  0.49711  0.49690 
 43.94500  0.49709  0.49690 
 44.04500  0.49708  0.49690 
 44.14500  0.49707  0.49690 
 44.24500  0.49708  0.49690 
 44.34500  0.49706  0.49690 
 44.44500  0.49705  0.49690 
 44.54500  0.49706  0.49690 
 44.64500  0.49703  0.49690 
 44.74500  0.49703  0.49690 
 44.84500  0.49702  0.49688 
 44.94500  0.49701  0.49680 
 45.04500  0.49701  0.49680 
 45.14500  0.49701  0.49680 
 45.24500  0.49699  0.49680 
 45.34500  0.49699  0.49680 
 45.44500  0.49698  0.49680 
 45.54500  0.49697  0.49680 
 45.64500  0.49695  0.49680 
 45.74500  0.49696  0.49680 
 45.84500  0.49695  0.49680 
 45.94500  0.49694  0.49680 
 46.04500  0.49694  0.49676 
 46.14500  0.49693  0.49670 
 46.24500  0.49692  0.49670 
 46.34500  0.49691  0.49670 
 46.44500  0.49691  0.49670 
 46.54500  0.49690  0.49670 
 46.64500  0.49688  0.49670 
 46.74500  0.49689  0.49670 
 46.84500  0.49689  0.49670 
 46.94500  0.49687  0.49670 
 47.04500  0.49687  0.49670 
 47.14500  0.49685  0.49670 
 47.24500  0.49684  0.49670 
 47.34500  0.49684  0.49661 
 47.44500  0.49682  0.49660 
 47.54500  0.49683  0.49660 
 47.64500  0.49682  0.49660 
 47.74500  0.49681  0.49660 
 47.84500  0.49681  0.49660 
 47.94500  0.49680  0.49660 
 48.04500  0.49678  0.49660 
 48.14500  0.49678  0.49660 
 48.24500  0.49679  0.49660 
 48.34500  0.49677  0.49660 
 48.44500  0.49676  0.49660 
 48.54500  0.49677  0.49660 
 48.64500  0.49676  0.49654 
 48.74500  0.49675  0.49650 
 48.84500  0.49675  0.49650 
 48.94500  0.49673  0.49650 
 49.04500  0.49673  0.49650 
 49.14500  0.49672  0.49650 
 49.24500  0.49672  0.49650 
 49.34500  0.49671  0.49650 
 49.44500  0.49671  0.49650 
 49.54500  0.49670  0.49650 
 49.64500  0.49670  0.49650 
 49.74500  0.49670  0.49650 
 49.84500  0.49670  0.49650 
 49.94500  0.49667  0.49650 
 50.04500  0.49667  0.49647 
 50.14500  0.49667  0.49640 
 50.24500  0.49667  0.49640 
 50.34500  0.49666  0.49640 
 50.44500  0.49666  0.49640 
 50.54500  0.49665  0.49640 
 50.64500  0.49665  0.49640 
 50.74500  0.49664  0.49640 
 50.84500  0.49664  0.49640 
 50.94500  0.49662  0.49640 
 51.04500  0.49663  0.49640 
 51.14500  0.49662  0.49640 
 51.24500  0.49660  0.49640 
 51.34500  0.49661  0.49640 
 51.44500  0.49661  0.49640 
 51.54500  0.49661  0.49640 
 51.64500  0.49659  0.49637 
 51.74500  0.49659  0.49630 
 51.84500  0.49659  0.49630 
 51.94500  0.49659  0.49630 
 52.04500  0.49659  0.49630 
 52.14500  0.49657  0.49630 
 52.24500  0.49657  0.49630 
 52.34500  0.49655  0.49630 
 52.44500  0.49656  0.49630 
 52.54500  0.49656  0.49630 
 52.64500  0.49656  0.49630 
 52.74500  0.49654  0.49630 
 52.84500  0.49654  0.49630 
 52.94500  0.49654  0.49630 
 53.04500  0.49655  0.49630 
 53.14500  0.49652  0.49630 
 53.24500  0.49653  0.49630 
 53.34500  0.49653  0.49630 
 53.44500  0.49652  0.49629 
 53.54500  0.49651  0.49620 
 53.64500  0.49651  0.49620 
 53.74500  0.49649  0.49620 
 53.84500  0.49649  0.49620 
 53.94500  0.49649  0.49620 
 54.04500  0.49649  0.49620 
 54.14500  0.49649  0.49620 
 54.24500  0.49649  0.49620 
 54.34500  0.49648  0.49620 
 54.44500  0.49647  0.49620 
 54.54500  0.49647  0.49620 
 54.64500  0.49647  0.49620 
 54.74500  0.49647  0.49620 
 54.84500  0.49646  0.49620 
 54.94500  0.49644  0.49620 
 55.04500  0.49645  0.49620 
 55.14500  0.49644  0.49620 
 55.24500  0.49644  0.49620 
 55.34500  0.49645  0.49620 
 55.44500  0.49643  0.49620 
 55.54500  0.49643  0.49620 
 55.64500  0.49643  0.49620 
 55.74500  0.49643  0.49611 
 55.84500  0.49643  0.49610 
 55.94500  0.49644  0.49610 
 56.04500  0.49641  0.49610 
 56.14500  0.49641  0.49610 
 56.24500  0.49641  0.49610 
 56.34500  0.49641  0.49610 
 56.44500  0.49641  0.49610 
 56.54500  0.49640  0.49610 
 56.64500  0.49639  0.49610 
 56.74500  0.49639  0.49610 
 56.84500  0.49639  0.49610 
 56.94500  0.49640  0.49610 
 57.04500  0.49638  0.49610 
 57.14500  0.49638  0.49610 
 57.24500  0.49637  0.49610 
 57.34500  0.49637  0.49610 
 57.44500  0.49637  0.49610 
 57.54500  0.49636  0.49610 
 57.64500  0.49637  0.49610 
 57.74500  0.49638  0.49610 
 57.84500  0.49637  0.49610 
 57.94500  0.49635  0.49610 
 58.04500  0.49635  0.49610 
 58.14500  0.49635  0.49610 
 58.24500  0.49634  0.49610 
 58.34500  0.49633  0.49610 
 58.44500  0.49633  0.49610 
 58.54500  0.49633  0.49610 
 58.64500  0.49633  0.49610 
 58.74500  0.49633  0.49610 
 58.84500  0.49632  0.49610 
 58.94500  0.49631  0.49604 
 59.04500  0.49630  0.49600 
 59.14500  0.49629  0.49600 
 59.24500  0.49629  0.49600 
 59.34500  0.49629  0.49600 
 59.44500  0.49630  0.49600 
 59.54500  0.49630  0.49600 
 59.64500  0.49629  0.49600 
 59.74500  0.49629  0.49600 
 59.84500  0.49629  0.49600 
 59.94500  0.49628  0.49600 
 60.04500  0.49627  0.49600 
 60.14500  0.49627  0.49600 
 60.24500  0.49627  0.49600 
 60.34500  0.49627  0.49600 
 60.44500  0.49626  0.49600 
 60.54500  0.49627  0.49600 
 60.64500  0.49625  0.49600 
 60.74500  0.49625  0.49600 
 60.84500  0.49625  0.49600 
 60.94500  0.49625  0.49600 
 61.04500  0.49625  0.49600 
 61.14500  0.49625  0.49600 
 61.24500  0.49625  0.49600 
 61.34500  0.49624  0.49600 
 61.44500  0.49624  0.49600 
 61.54500  0.49624  0.49600 
 61.64500  0.49624  0.49600 
 61.74500  0.49624  0.49600 
 61.84500  0.49624  0.49600 
 61.94500  0.49624  0.49600 
 62.04500  0.49623  0.49600 
 62.14500  0.49623  0.49600 
 62.24500  0.49623  0.49600 
 62.34500  0.49623  0.49600 
 62.44500  0.49623  0.49600 
 62.54500  0.49623  0.49600 
 62.64500  0.49622  0.49600 
 62.74500  0.49622  0.49600 
 62.84500  0.49622  0.49600 
 62.94500  0.49622  0.49600 
