  0.04500  0.94762  0.94727 
  0.14500  0.94729  0.94695 
  0.24500  0.94660  0.94629 
  0.34500  0.94560  0.94529 
  0.44500  0.94429  0.94395 
  0.54500  0.94259  0.94227 
  0.64500  0.94057  0.94025 
  0.74500  0.93821  0.93789 
  0.84500  0.93551  0.93520 
  0.94500  0.93245  0.93213 
  1.04500  0.92904  0.92873 
  1.14500  0.92529  0.92498 
  1.24500  0.92120  0.92087 
  1.34500  0.91675  0.91642 
  1.44500  0.91193  0.91164 
  1.54500  0.90677  0.90645 
  1.64500  0.90127  0.90096 
  1.74500  0.89540  0.89510 
  1.84500  0.88920  0.88888 
  1.94500  0.88263  0.88233 
  2.04500  0.87571  0.87543 
  2.14500  0.86846  0.86818 
  2.24500  0.86088  0.86056 
  2.34500  0.85293  0.85265 
  2.44500  0.84467  0.84437 
  2.54500  0.83606  0.83578 
  2.64500  0.82717  0.82688 
  2.74500  0.81796  0.81767 
  2.84500  0.80845  0.80817 
  2.94500  0.79865  0.79838 
  3.04500  0.78858  0.78831 
  3.14500  0.77824  0.77799 
  3.24500  0.76768  0.76741 
  3.34500  0.75688  0.75662 
  3.44500  0.74588  0.74561 
  3.54500  0.73469  0.73442 
  3.64500  0.72332  0.72305 
  3.74500  0.71180  0.71154 
  3.84500  0.70016  0.69991 
  3.94500  0.68843  0.68818 
  4.04500  0.67665  0.67637 
  4.14500  0.66477  0.66453 
  4.24500  0.65291  0.65265 
  4.34500  0.64104  0.64079 
  4.44500  0.62921  0.62897 
  4.54500  0.61744  0.61721 
  4.64500  0.60581  0.60556 
  4.74500  0.59428  0.59402 
  4.84500  0.58288  0.58265 
  4.94500  0.57168  0.57147 
  5.04500  0.56074  0.56052 
  5.14500  0.55012  0.54982 
  5.24500  0.53967  0.53941 
  5.34500  0.52952  0.52931 
  5.44500  0.51976  0.51957 
  5.54500  0.51040  0.51018 
  5.64500  0.50140  0.50120 
  5.74500  0.49286  0.49264 
  5.84500  0.48476  0.48453 
  5.94500  0.47713  0.47692 
  6.04500  0.47002  0.46978 
  6.14500  0.46341  0.46319 
  6.24500  0.45732  0.45713 
  6.34500  0.45181  0.45160 
  6.44500  0.44687  0.44667 
  6.54500  0.44249  0.44231 
  6.64500  0.43875  0.43853 
  6.74500  0.43559  0.43538 
  6.84500  0.43303  0.43282 
  6.94500  0.43109  0.43088 
  7.04500  0.42972  0.42955 
  7.14500  0.42899  0.42880 
  7.24500  0.42888  0.42866 
  7.34500  0.42934  0.42913 
  7.44500  0.43038  0.43018 
  7.54500  0.43200  0.43182 
  7.64500  0.43419  0.43397 
  7.74500  0.43691  0.43668 
  7.84500  0.44013  0.43992 
  7.94500  0.44387  0.44364 
  8.04500  0.44805  0.44785 
  8.14500  0.45271  0.45248 
  8.24500  0.45774  0.45753 
  8.34500  0.46317  0.46297 
  8.44500  0.46897  0.46875 
  8.54500  0.47506  0.47486 
  8.64500  0.48145  0.48123 
  8.74500  0.48806  0.48785 
  8.84500  0.49488  0.49467 
  8.94500  0.50188  0.50165 
  9.04500  0.50903  0.50878 
  9.14500  0.51617  0.51596 
  9.24500  0.52335  0.52320 
  9.34500  0.53065  0.53044 
  9.44500  0.53785  0.53763 
  9.54500  0.54499  0.54475 
  9.64500  0.55198  0.55175 
  9.74500  0.55880  0.55858 
  9.84500  0.56544  0.56524 
  9.94500  0.57183  0.57163 
 10.04500  0.57798  0.57779 
 10.14500  0.58382  0.58360 
 10.24500  0.58930  0.58908 
 10.34500  0.59443  0.59421 
 10.44500  0.59913  0.59891 
 10.54500  0.60341  0.60319 
 10.64500  0.60726  0.60703 
 10.74500  0.61061  0.61041 
 10.84500  0.61349  0.61327 
 10.94500  0.61584  0.61559 
 11.04500  0.61767  0.61744 
 11.14500  0.61894  0.61873 
 11.24500  0.61968  0.61945 
 11.34500  0.61984  0.61963 
 11.44500  0.61948  0.61925 
 11.54500  0.61852  0.61830 
 11.64500  0.61700  0.61680 
 11.74500  0.61497  0.61473 
 11.84500  0.61235  0.61213 
 11.94500  0.60920  0.60898 
 12.04500  0.60554  0.60530 
 12.14500  0.60135  0.60114 
 12.24500  0.59668  0.59650 
 12.34500  0.59157  0.59135 
 12.44500  0.58598  0.58578 
 12.54500  0.57999  0.57978 
 12.64500  0.57360  0.57340 
 12.74500  0.56686  0.56665 
 12.84500  0.55980  0.55959 
 12.94500  0.55244  0.55222 
 13.04500  0.54482  0.54460 
 13.14500  0.53696  0.53675 
 13.24500  0.52892  0.52869 
 13.34500  0.52073  0.52052 
 13.44500  0.51239  0.51222 
 13.54500  0.50401  0.50386 
 13.64500  0.49571  0.49546 
 13.74500  0.48732  0.48709 
 13.84500  0.47896  0.47876 
 13.94500  0.47070  0.47053 
 14.04500  0.46259  0.46240 
 14.14500  0.45470  0.45450 
 14.24500  0.44698  0.44679 
 14.34500  0.43953  0.43932 
 14.44500  0.43233  0.43215 
 14.54500  0.42547  0.42529 
 14.64500  0.41897  0.41880 
 14.74500  0.41286  0.41270 
 14.84500  0.40717  0.40700 
 14.94500  0.40192  0.40175 
 15.04500  0.39716  0.39697 
 15.14500  0.39287  0.39270 
 15.24500  0.38913  0.38894 
 15.34500  0.38592  0.38575 
 15.44500  0.38326  0.38308 
 15.54500  0.38119  0.38098 
 15.64500  0.37967  0.37950 
 15.74500  0.37877  0.37858 
 15.84500  0.37845  0.37827 
 15.94500  0.37873  0.37857 
 16.04500  0.37964  0.37945 
 16.14500  0.38111  0.38095 
 16.24500  0.38320  0.38303 
 16.34500  0.38589  0.38572 
 16.44500  0.38913  0.38897 
 16.54500  0.39297  0.39282 
 16.64500  0.39735  0.39718 
 16.74500  0.40227  0.40208 
 16.84500  0.40767  0.40750 
 16.94500  0.41358  0.41342 
 17.04500  0.41994  0.41978 
 17.14500  0.42674  0.42658 
 17.24500  0.43397  0.43381 
 17.34500  0.44156  0.44140 
 17.44500  0.44951  0.44933 
 17.54500  0.45772  0.45757 
 17.64500  0.46625  0.46610 
 17.74500  0.47499  0.47484 
 17.84500  0.48395  0.48378 
 17.94500  0.49308  0.49290 
 18.04500  0.50234  0.50214 
 18.14500  0.51161  0.51143 
 18.24500  0.52089  0.52080 
 18.34500  0.53032  0.53013 
 18.44500  0.53960  0.53945 
 18.54500  0.54883  0.54865 
 18.64500  0.55792  0.55775 
 18.74500  0.56683  0.56668 
 18.84500  0.57555  0.57540 
 18.94500  0.58404  0.58388 
 19.04500  0.59222  0.59209 
 19.14500  0.60011  0.59997 
 19.24500  0.60766  0.60752 
 19.34500  0.61483  0.61465 
 19.44500  0.62157  0.62141 
 19.54500  0.62786  0.62770 
 19.64500  0.63370  0.63353 
 19.74500  0.63901  0.63885 
 19.84500  0.64381  0.64367 
 19.94500  0.64808  0.64793 
 20.04500  0.65178  0.65163 
 20.14500  0.65490  0.65476 
 20.24500  0.65743  0.65728 
 20.34500  0.65935  0.65921 
 20.44500  0.66063  0.66053 
 20.54500  0.66136  0.66121 
 20.64500  0.66142  0.66128 
 20.74500  0.66084  0.66072 
 20.84500  0.65966  0.65953 
 20.94500  0.65787  0.65774 
 21.04500  0.65542  0.65532 
 21.14500  0.65242  0.65230 
 21.24500  0.64880  0.64868 
 21.34500  0.64463  0.64448 
 21.44500  0.63987  0.63975 
 21.54500  0.63456  0.63445 
 21.64500  0.62873  0.62865 
 21.74500  0.62244  0.62234 
 21.84500  0.61566  0.61555 
 21.94500  0.60845  0.60834 
 22.04500  0.60080  0.60071 
 22.14500  0.59280  0.59270 
 22.24500  0.58443  0.58434 
 22.34500  0.57578  0.57567 
 22.44500  0.56683  0.56673 
 22.54500  0.55765  0.55753 
 22.64500  0.54825  0.54815 
 22.74500  0.53870  0.53859 
 22.84500  0.52902  0.52891 
 22.94500  0.51921  0.51916 
 23.04500  0.50939  0.50935 
 23.14500  0.49972  0.49956 
 23.24500  0.48991  0.48980 
 23.34500  0.48021  0.48013 
 23.44500  0.47063  0.47056 
 23.54500  0.46126  0.46118 
 23.64500  0.45207  0.45198 
 23.74500  0.44311  0.44303 
 23.84500  0.43444  0.43436 
 23.94500  0.42607  0.42599 
 24.04500  0.41808  0.41799 
 24.14500  0.41043  0.41036 
 24.24500  0.40321  0.40315 
 24.34500  0.39646  0.39637 
 24.44500  0.39016  0.39010 
 24.54500  0.38435  0.38428 
 24.64500  0.37907  0.37900 
 24.74500  0.37434  0.37427 
 24.84500  0.37019  0.37012 
 24.94500  0.36661  0.36655 
 25.04500  0.36363  0.36355 
 25.14500  0.36126  0.36121 
 25.24500  0.35952  0.35945 
 25.34500  0.35839  0.35832 
 25.44500  0.35791  0.35785 
 25.54500  0.35807  0.35798 
 25.64500  0.35883  0.35877 
 25.74500  0.36026  0.36020 
 25.84500  0.36229  0.36223 
 25.94500  0.36493  0.36488 
 26.04500  0.36821  0.36816 
 26.14500  0.37208  0.37202 
 26.24500  0.37651  0.37645 
 26.34500  0.38150  0.38142 
 26.44500  0.38702  0.38695 
 26.54500  0.39303  0.39299 
 26.64500  0.39958  0.39952 
 26.74500  0.40653  0.40650 
 26.84500  0.41398  0.41391 
 26.94500  0.42177  0.42170 
 27.04500  0.42995  0.42990 
 27.14500  0.43846  0.43840 
 27.24500  0.44725  0.44722 
 27.34500  0.45632  0.45628 
 27.44500  0.46560  0.46558 
 27.54500  0.47506  0.47502 
 27.64500  0.48470  0.48465 
 27.74500  0.49445  0.49435 
 27.84500  0.50417  0.50413 
 27.94500  0.51391  0.51392 
 28.04500  0.52371  0.52370 
 28.14500  0.53344  0.53340 
 28.24500  0.54303  0.54300 
 28.34500  0.55252  0.55246 
 28.44500  0.56179  0.56175 
 28.54500  0.57083  0.57082 
 28.64500  0.57962  0.57960 
 28.74500  0.58810  0.58810 
 28.84500  0.59629  0.59628 
 28.94500  0.60409  0.60407 
 29.04500  0.61147  0.61147 
 29.14500  0.61846  0.61843 
 29.24500  0.62497  0.62493 
 29.34500  0.63098  0.63095 
 29.44500  0.63649  0.63646 
 29.54500  0.64145  0.64143 
 29.64500  0.64587  0.64583 
 29.74500  0.64969  0.64965 
 29.84500  0.65293  0.65291 
 29.94500  0.65555  0.65551 
 30.04500  0.65756  0.65753 
 30.14500  0.65895  0.65893 
 30.24500  0.65970  0.65966 
 30.34500  0.65979  0.65975 
 30.44500  0.65925  0.65922 
 30.54500  0.65807  0.65806 
 30.64500  0.65626  0.65626 
 30.74500  0.65386  0.65380 
 30.84500  0.65080  0.65076 
 30.94500  0.64712  0.64709 
 31.04500  0.64287  0.64284 
 31.14500  0.63804  0.63802 
 31.24500  0.63264  0.63261 
 31.34500  0.62672  0.62668 
 31.44500  0.62027  0.62025 
 31.54500  0.61334  0.61332 
 31.64500  0.60596  0.60593 
 31.74500  0.59813  0.59810 
 31.84500  0.58990  0.58989 
 31.94500  0.58131  0.58130 
 32.04500  0.57238  0.57240 
 32.14500  0.56317  0.56316 
 32.24500  0.55370  0.55367 
 32.34500  0.54399  0.54398 
 32.44500  0.53410  0.53410 
 32.54500  0.52405  0.52405 
 32.64500  0.51386  0.51391 
 32.74500  0.50362  0.50370 
 32.84500  0.49352  0.49347 
 32.94500  0.48326  0.48325 
 33.04500  0.47308  0.47308 
 33.14500  0.46298  0.46300 
 33.24500  0.45306  0.45309 
 33.34500  0.44331  0.44333 
 33.44500  0.43380  0.43381 
 33.54500  0.42449  0.42450 
 33.64500  0.41548  0.41551 
 33.74500  0.40680  0.40685 
 33.84500  0.39851  0.39853 
 33.94500  0.39058  0.39060 
 34.04500  0.38307  0.38310 
 34.14500  0.37600  0.37604 
 34.24500  0.36945  0.36949 
 34.34500  0.36337  0.36343 
 34.44500  0.35781  0.35786 
 34.54500  0.35284  0.35287 
 34.64500  0.34842  0.34844 
 34.74500  0.34455  0.34462 
 34.84500  0.34133  0.34137 
 34.94500  0.33869  0.33874 
 35.04500  0.33665  0.33672 
 35.14500  0.33528  0.33536 
 35.24500  0.33453  0.33458 
 35.34500  0.33437  0.33445 
 35.44500  0.33489  0.33498 
 35.54500  0.33602  0.33609 
 35.64500  0.33777  0.33784 
 35.74500  0.34011  0.34019 
 35.84500  0.34307  0.34316 
 35.94500  0.34664  0.34672 
 36.04500  0.35073  0.35082 
 36.14500  0.35539  0.35547 
 36.24500  0.36059  0.36066 
 36.34500  0.36627  0.36633 
 36.44500  0.37243  0.37252 
 36.54500  0.37904  0.37912 
 36.64500  0.38610  0.38617 
 36.74500  0.39352  0.39359 
 36.84500  0.40131  0.40140 
 36.94500  0.40941  0.40949 
 37.04500  0.41780  0.41790 
 37.14500  0.42645  0.42653 
 37.24500  0.43530  0.43538 
 37.34500  0.44432  0.44443 
 37.44500  0.45348  0.45358 
 37.54500  0.46277  0.46285 
 37.64500  0.47208  0.47217 
 37.74500  0.48140  0.48148 
 37.84500  0.49062  0.49077 
 37.94500  0.49987  0.50000 
 38.04500  0.50903  0.50913 
 38.14500  0.51800  0.51810 
 38.24500  0.52678  0.52687 
 38.34500  0.53532  0.53543 
 38.44500  0.54362  0.54373 
 38.54500  0.55161  0.55173 
 38.64500  0.55930  0.55939 
 38.74500  0.56660  0.56671 
 38.84500  0.57351  0.57362 
 38.94500  0.58000  0.58011 
 39.04500  0.58604  0.58615 
 39.14500  0.59161  0.59172 
 39.24500  0.59667  0.59679 
 39.34500  0.60124  0.60134 
 39.44500  0.60528  0.60536 
 39.54500  0.60874  0.60886 
 39.64500  0.61166  0.61176 
 39.74500  0.61402  0.61410 
 39.84500  0.61578  0.61589 
 39.94500  0.61699  0.61711 
 40.04500  0.61758  0.61771 
 40.14500  0.61765  0.61775 
 40.24500  0.61711  0.61722 
 40.34500  0.61602  0.61612 
 40.44500  0.61434  0.61447 
 40.54500  0.61214  0.61226 
 40.64500  0.60942  0.60954 
 40.74500  0.60619  0.60630 
 40.84500  0.60246  0.60259 
 40.94500  0.59827  0.59840 
 41.04500  0.59367  0.59379 
 41.14500  0.58863  0.58875 
 41.24500  0.58321  0.58333 
 41.34500  0.57744  0.57757 
 41.44500  0.57135  0.57149 
 41.54500  0.56500  0.56510 
 41.64500  0.55840  0.55850 
 41.74500  0.55157  0.55169 
 41.84500  0.54460  0.54470 
 41.94500  0.53748  0.53758 
 42.04500  0.53025  0.53037 
 42.14500  0.52296  0.52312 
 42.24500  0.51574  0.51585 
 42.34500  0.50853  0.50861 
 42.44500  0.50133  0.50146 
 42.54500  0.49429  0.49436 
 42.64500  0.48736  0.48749 
 42.74500  0.48065  0.48078 
 42.84500  0.47415  0.47429 
 42.94500  0.46795  0.46804 
 43.04500  0.46201  0.46212 
 43.14500  0.45640  0.45652 
 43.24500  0.45115  0.45127 
 43.34500  0.44631  0.44643 
 43.44500  0.44187  0.44200 
 43.54500  0.43792  0.43800 
 43.64500  0.43435  0.43448 
 43.74500  0.43133  0.43144 
 43.84500  0.42880  0.42891 
 43.94500  0.42679  0.42689 
 44.04500  0.42530  0.42542 
 44.14500  0.42433  0.42446 
 44.24500  0.42394  0.42406 
 44.34500  0.42408  0.42422 
 44.44500  0.42478  0.42492 
 44.54500  0.42602  0.42616 
 44.64500  0.42781  0.42794 
 44.74500  0.43016  0.43028 
 44.84500  0.43298  0.43314 
 44.94500  0.43633  0.43649 
 45.04500  0.44020  0.44033 
 45.14500  0.44453  0.44467 
 45.24500  0.44931  0.44945 
 45.34500  0.45454  0.45467 
 45.44500  0.46014  0.46028 
 45.54500  0.46614  0.46627 
 45.64500  0.47248  0.47261 
 45.74500  0.47911  0.47927 
 45.84500  0.48603  0.48618 
 45.94500  0.49319  0.49337 
 46.04500  0.50056  0.50075 
 46.14500  0.50814  0.50830 
 46.24500  0.51587  0.51598 
 46.34500  0.52357  0.52375 
 46.44500  0.53137  0.53158 
 46.54500  0.53924  0.53942 
 46.64500  0.54707  0.54722 
 46.74500  0.55481  0.55497 
 46.84500  0.56244  0.56259 
 46.94500  0.56988  0.57008 
 47.04500  0.57721  0.57738 
 47.14500  0.58425  0.58445 
 47.24500  0.59106  0.59125 
 47.34500  0.59759  0.59777 
 47.44500  0.60376  0.60396 
 47.54500  0.60958  0.60977 
 47.64500  0.61503  0.61519 
 47.74500  0.62001  0.62020 
 47.84500  0.62457  0.62474 
 47.94500  0.62863  0.62884 
 48.04500  0.63220  0.63241 
 48.14500  0.63527  0.63547 
 48.24500  0.63778  0.63800 
 48.34500  0.63979  0.63999 
 48.44500  0.64120  0.64141 
 48.54500  0.64207  0.64225 
 48.64500  0.64232  0.64250 
 48.74500  0.64202  0.64222 
 48.84500  0.64112  0.64132 
 48.94500  0.63964  0.63985 
 49.04500  0.63760  0.63781 
 49.14500  0.63498  0.63522 
 49.24500  0.63181  0.63202 
 49.34500  0.62809  0.62830 
 49.44500  0.62385  0.62407 
 49.54500  0.61907  0.61931 
 49.64500  0.61383  0.61404 
 49.74500  0.60810  0.60830 
 49.84500  0.60195  0.60217 
 49.94500  0.59536  0.59557 
 50.04500  0.58837  0.58861 
 50.14500  0.58102  0.58127 
 50.24500  0.57338  0.57361 
 50.34500  0.56544  0.56567 
 50.44500  0.55724  0.55746 
 50.54500  0.54883  0.54905 
 50.64500  0.54022  0.54043 
 50.74500  0.53147  0.53169 
 50.84500  0.52261  0.52284 
 50.94500  0.51365  0.51395 
 51.04500  0.50478  0.50502 
 51.14500  0.49592  0.49610 
 51.24500  0.48702  0.48726 
 51.34500  0.47825  0.47850 
 51.44500  0.46963  0.46990 
 51.54500  0.46118  0.46145 
 51.64500  0.45296  0.45323 
 51.74500  0.44502  0.44526 
 51.84500  0.43734  0.43758 
 51.94500  0.42997  0.43022 
 52.04500  0.42300  0.42321 
 52.14500  0.41635  0.41661 
 52.24500  0.41015  0.41040 
 52.34500  0.40441  0.40466 
 52.44500  0.39913  0.39936 
 52.54500  0.39432  0.39457 
 52.64500  0.39004  0.39030 
 52.74500  0.38628  0.38653 
 52.84500  0.38308  0.38336 
 52.94500  0.38043  0.38069 
 53.04500  0.37837  0.37862 
 53.14500  0.37686  0.37710 
 53.24500  0.37596  0.37618 
 53.34500  0.37559  0.37584 
 53.44500  0.37585  0.37610 
 53.54500  0.37668  0.37692 
 53.64500  0.37808  0.37831 
 53.74500  0.38003  0.38027 
 53.84500  0.38253  0.38279 
 53.94500  0.38558  0.38582 
 54.04500  0.38913  0.38937 
 54.14500  0.39319  0.39343 
 54.24500  0.39772  0.39795 
 54.34500  0.40270  0.40293 
 54.44500  0.40811  0.40833 
 54.54500  0.41391  0.41411 
 54.64500  0.42008  0.42030 
 54.74500  0.42655  0.42678 
 54.84500  0.43333  0.43356 
 54.94500  0.44037  0.44059 
 55.04500  0.44760  0.44786 
 55.14500  0.45507  0.45530 
 55.24500  0.46265  0.46288 
 55.34500  0.47034  0.47058 
 55.44500  0.47812  0.47832 
 55.54500  0.48592  0.48609 
 55.64500  0.49355  0.49384 
 55.74500  0.50129  0.50152 
 55.84500  0.50888  0.50910 
 55.94500  0.51633  0.51654 
 56.04500  0.52361  0.52381 
 56.14500  0.53063  0.53083 
 56.24500  0.53738  0.53760 
 56.34500  0.54385  0.54408 
 56.44500  0.55000  0.55020 
 56.54500  0.55574  0.55597 
 56.64500  0.56114  0.56133 
 56.74500  0.56605  0.56628 
 56.84500  0.57051  0.57074 
 56.94500  0.57449  0.57473 
 57.04500  0.57799  0.57820 
 57.14500  0.58091  0.58112 
 57.24500  0.58331  0.58349 
 57.34500  0.58510  0.58532 
 57.44500  0.58634  0.58653 
 57.54500  0.58693  0.58715 
 57.64500  0.58694  0.58716 
 57.74500  0.58631  0.58654 
 57.84500  0.58509  0.58532 
 57.94500  0.58324  0.58346 
 58.04500  0.58076  0.58098 
 58.14500  0.57765  0.57788 
 58.24500  0.57393  0.57417 
 58.34500  0.56962  0.56983 
 58.44500  0.56470  0.56491 
 58.54500  0.55918  0.55942 
 58.64500  0.55309  0.55334 
 58.74500  0.54647  0.54672 
 58.84500  0.53932  0.53956 
 58.94500  0.53164  0.53188 
 59.04500  0.52349  0.52373 
 59.14500  0.51485  0.51511 
 59.24500  0.50580  0.50604 
 59.34500  0.49634  0.49658 
 59.44500  0.48650  0.48670 
 59.54500  0.47627  0.47651 
 59.64500  0.46570  0.46596 
 59.74500  0.45482  0.45515 
 59.84500  0.44385  0.44406 
 59.94500  0.43252  0.43274 
 60.04500  0.42095  0.42122 
 60.14500  0.40925  0.40953 
 60.24500  0.39743  0.39773 
 60.34500  0.38553  0.38580 
 60.44500  0.37355  0.37380 
 60.54500  0.36151  0.36180 
 60.64500  0.34950  0.34980 
 60.74500  0.33747  0.33774 
 60.84500  0.32553  0.32580 
 60.94500  0.31365  0.31392 
 61.04500  0.30184  0.30215 
 61.14500  0.29021  0.29051 
 61.24500  0.27875  0.27904 
 61.34500  0.26745  0.26774 
 61.44500  0.25635  0.25665 
 61.54500  0.24549  0.24582 
 61.64500  0.23492  0.23521 
 61.74500  0.22459  0.22489 
 61.84500  0.21454  0.21484 
 61.94500  0.20479  0.20511 
 62.04500  0.19539  0.19571 
 62.14500  0.18631  0.18666 
 62.24500  0.17759  0.17791 
 62.34500  0.16923  0.16956 
 62.44500  0.16127  0.16158 
 62.54500  0.15368  0.15398 
 62.64500  0.14647  0.14679 
 62.74500  0.13968  0.14001 
 62.84500  0.13329  0.13363 
 62.94500  0.12733  0.12767 
 63.04500  0.12182  0.12215 
 63.14500  0.11671  0.11706 
 63.24500  0.11203  0.11237 
 63.34500  0.10780  0.10814 
 63.44500  0.10403  0.10436 
 63.54500  0.10068  0.10101 
 63.64500  0.09782  0.09815 
 63.74500  0.09536  0.09569 
 63.84500  0.09339  0.09371 
 63.94500  0.09184  0.09219 
 64.04500  0.09077  0.09110 
 64.14500  0.09016  0.09049 
