  0.04500  0.62097  0.62100 
  0.14500  0.62095  0.62100 
  0.24500  0.62093  0.62100 
  0.34500  0.62093  0.62100 
  0.44500  0.62086  0.62093 
  0.54500  0.62085  0.62090 
  0.64500  0.62079  0.62082 
  0.74500  0.62070  0.62077 
  0.84500  0.62062  0.62069 
  0.94500  0.62054  0.62060 
  1.04500  0.62044  0.62049 
  1.14500  0.62033  0.62038 
  1.24500  0.62021  0.62026 
  1.34500  0.62009  0.62014 
  1.44500  0.61994  0.62000 
  1.54500  0.61980  0.61985 
  1.64500  0.61964  0.61970 
  1.74500  0.61946  0.61953 
  1.84500  0.61929  0.61935 
  1.94500  0.61911  0.61916 
  2.04500  0.61892  0.61897 
  2.14500  0.61869  0.61877 
  2.24500  0.61851  0.61854 
  2.34500  0.61826  0.61832 
  2.44500  0.61803  0.61809 
  2.54500  0.61779  0.61785 
  2.64500  0.61754  0.61760 
  2.74500  0.61727  0.61732 
  2.84500  0.61702  0.61706 
  2.94500  0.61673  0.61679 
  3.04500  0.61644  0.61649 
  3.14500  0.61613  0.61620 
  3.24500  0.61584  0.61589 
  3.34500  0.61552  0.61558 
  3.44500  0.61519  0.61525 
  3.54500  0.61487  0.61492 
  3.64500  0.61453  0.61458 
  3.74500  0.61417  0.61424 
  3.84500  0.61381  0.61388 
  3.94500  0.61346  0.61351 
  4.04500  0.61308  0.61314 
  4.14500  0.61270  0.61276 
  4.24500  0.61231  0.61237 
  4.34500  0.61192  0.61198 
  4.44500  0.61150  0.61158 
  4.54500  0.61111  0.61116 
  4.64500  0.61069  0.61074 
  4.74500  0.61026  0.61032 
  4.84500  0.60982  0.60988 
  4.94500  0.60937  0.60944 
  5.04500  0.60893  0.60900 
  5.14500  0.60847  0.60854 
  5.24500  0.60801  0.60808 
  5.34500  0.60754  0.60760 
  5.44500  0.60707  0.60715 
  5.54500  0.60658  0.60665 
  5.64500  0.60609  0.60615 
  5.74500  0.60561  0.60570 
  5.84500  0.60510  0.60520 
  5.94500  0.60461  0.60465 
  6.04500  0.60408  0.60415 
  6.14500  0.60357  0.60365 
  6.24500  0.60303  0.60312 
  6.34500  0.60252  0.60260 
  6.44500  0.60198  0.60205 
  6.54500  0.60145  0.60152 
  6.64500  0.60090  0.60098 
  6.74500  0.60036  0.60043 
  6.84500  0.59980  0.59987 
  6.94500  0.59924  0.59932 
  7.04500  0.59868  0.59876 
  7.14500  0.59811  0.59818 
  7.24500  0.59753  0.59762 
  7.34500  0.59697  0.59704 
  7.44500  0.59640  0.59646 
  7.54500  0.59581  0.59587 
  7.64500  0.59521  0.59529 
  7.74500  0.59463  0.59469 
  7.84500  0.59404  0.59411 
  7.94500  0.59343  0.59351 
  8.04500  0.59284  0.59291 
  8.14500  0.59223  0.59229 
  8.24500  0.59163  0.59169 
  8.34500  0.59101  0.59108 
  8.44500  0.59040  0.59046 
  8.54500  0.58979  0.58985 
  8.64500  0.58918  0.58922 
  8.74500  0.58855  0.58861 
  8.84500  0.58793  0.58799 
  8.94500  0.58731  0.58736 
  9.04500  0.58668  0.58672 
  9.14500  0.58606  0.58610 
  9.24500  0.58543  0.58547 
  9.34500  0.58479  0.58483 
  9.44500  0.58415  0.58420 
  9.54500  0.58352  0.58357 
  9.64500  0.58288  0.58292 
  9.74500  0.58225  0.58229 
  9.84500  0.58161  0.58165 
  9.94500  0.58096  0.58100 
 10.04500  0.58033  0.58037 
 10.14500  0.57968  0.57972 
 10.24500  0.57905  0.57908 
 10.34500  0.57840  0.57843 
 10.44500  0.57777  0.57780 
 10.54500  0.57713  0.57715 
 10.64500  0.57648  0.57650 
 10.74500  0.57584  0.57587 
 10.84500  0.57519  0.57522 
 10.94500  0.57455  0.57458 
 11.04500  0.57391  0.57393 
 11.14500  0.57326  0.57329 
 11.24500  0.57263  0.57265 
 11.34500  0.57198  0.57200 
 11.44500  0.57136  0.57137 
 11.54500  0.57071  0.57072 
 11.64500  0.57007  0.57009 
 11.74500  0.56943  0.56945 
 11.84500  0.56880  0.56881 
 11.94500  0.56815  0.56818 
 12.04500  0.56753  0.56754 
 12.14500  0.56689  0.56690 
 12.24500  0.56625  0.56628 
 12.34500  0.56563  0.56565 
 12.44500  0.56499  0.56501 
 12.54500  0.56437  0.56439 
 12.64500  0.56373  0.56376 
 12.74500  0.56312  0.56314 
 12.84500  0.56250  0.56252 
 12.94500  0.56188  0.56190 
 13.04500  0.56127  0.56129 
 13.14500  0.56064  0.56067 
 13.24500  0.56003  0.56006 
 13.34500  0.55943  0.55945 
 13.44500  0.55881  0.55885 
 13.54500  0.55821  0.55824 
 13.64500  0.55761  0.55763 
 13.74500  0.55700  0.55703 
 13.84500  0.55642  0.55645 
 13.94500  0.55582  0.55585 
 14.04500  0.55522  0.55526 
 14.14500  0.55463  0.55467 
 14.24500  0.55406  0.55408 
 14.34500  0.55347  0.55350 
 14.44500  0.55289  0.55293 
 14.54500  0.55231  0.55235 
 14.64500  0.55174  0.55177 
 14.74500  0.55117  0.55121 
 14.84500  0.55060  0.55064 
 14.94500  0.55003  0.55008 
 15.04500  0.54947  0.54952 
 15.14500  0.54893  0.54896 
 15.24500  0.54837  0.54842 
 15.34500  0.54782  0.54786 
 15.44500  0.54726  0.54732 
 15.54500  0.54674  0.54678 
 15.64500  0.54619  0.54625 
 15.74500  0.54567  0.54570 
 15.84500  0.54513  0.54518 
 15.94500  0.54461  0.54465 
 16.04500  0.54409  0.54414 
 16.14500  0.54356  0.54360 
 16.24500  0.54305  0.54310 
 16.34500  0.54253  0.54260 
 16.44500  0.54204  0.54210 
 16.54500  0.54153  0.54155 
 16.64500  0.54103  0.54107 
 16.74500  0.54052  0.54060 
 16.84500  0.54003  0.54010 
 16.94500  0.53956  0.53960 
 17.04500  0.53909  0.53910 
 17.14500  0.53860  0.53865 
 17.24500  0.53812  0.53815 
 17.34500  0.53765  0.53770 
 17.44500  0.53719  0.53722 
 17.54500  0.53673  0.53676 
 17.64500  0.53628  0.53630 
 17.74500  0.53581  0.53585 
 17.84500  0.53538  0.53540 
 17.94500  0.53492  0.53494 
 18.04500  0.53450  0.53451 
 18.14500  0.53404  0.53407 
 18.24500  0.53361  0.53363 
 18.34500  0.53319  0.53321 
 18.44500  0.53276  0.53278 
 18.54500  0.53234  0.53236 
 18.64500  0.53193  0.53194 
 18.74500  0.53152  0.53152 
 18.84500  0.53111  0.53112 
 18.94500  0.53071  0.53070 
 19.04500  0.53031  0.53030 
 19.14500  0.52991  0.52990 
 19.24500  0.52951  0.52952 
 19.34500  0.52913  0.52913 
 19.44500  0.52874  0.52874 
 19.54500  0.52837  0.52836 
 19.64500  0.52799  0.52798 
 19.74500  0.52762  0.52761 
 19.84500  0.52725  0.52724 
 19.94500  0.52689  0.52687 
 20.04500  0.52653  0.52651 
 20.14500  0.52617  0.52615 
 20.24500  0.52582  0.52580 
 20.34500  0.52547  0.52545 
 20.44500  0.52511  0.52512 
 20.54500  0.52478  0.52475 
 20.64500  0.52444  0.52442 
 20.74500  0.52411  0.52408 
 20.84500  0.52378  0.52375 
 20.94500  0.52345  0.52343 
 21.04500  0.52313  0.52312 
 21.14500  0.52281  0.52278 
 21.24500  0.52249  0.52248 
 21.34500  0.52217  0.52216 
 21.44500  0.52188  0.52185 
 21.54500  0.52157  0.52155 
 21.64500  0.52127  0.52125 
 21.74500  0.52096  0.52096 
 21.84500  0.52067  0.52066 
 21.94500  0.52038  0.52037 
 22.04500  0.52010  0.52009 
 22.14500  0.51980  0.51980 
 22.24500  0.51954  0.51952 
 22.34500  0.51925  0.51925 
 22.44500  0.51897  0.51898 
 22.54500  0.51870  0.51870 
 22.64500  0.51844  0.51844 
 22.74500  0.51817  0.51818 
 22.84500  0.51791  0.51792 
 22.94500  0.51766  0.51766 
 23.04500  0.51740  0.51740 
 23.14500  0.51716  0.51715 
 23.24500  0.51690  0.51692 
 23.34500  0.51666  0.51668 
 23.44500  0.51641  0.51642 
 23.54500  0.51618  0.51620 
 23.64500  0.51594  0.51597 
 23.74500  0.51570  0.51573 
 23.84500  0.51548  0.51550 
 23.94500  0.51526  0.51528 
 24.04500  0.51504  0.51506 
 24.14500  0.51481  0.51484 
 24.24500  0.51460  0.51463 
 24.34500  0.51438  0.51441 
 24.44500  0.51417  0.51421 
 24.54500  0.51396  0.51399 
 24.64500  0.51376  0.51379 
 24.74500  0.51356  0.51359 
 24.84500  0.51337  0.51339 
 24.94500  0.51315  0.51319 
 25.04500  0.51297  0.51301 
 25.14500  0.51277  0.51281 
 25.24500  0.51258  0.51263 
 25.34500  0.51240  0.51245 
 25.44500  0.51222  0.51226 
 25.54500  0.51204  0.51208 
 25.64500  0.51186  0.51190 
 25.74500  0.51169  0.51174 
 25.84500  0.51151  0.51155 
 25.94500  0.51135  0.51138 
 26.04500  0.51117  0.51122 
 26.14500  0.51102  0.51105 
 26.24500  0.51085  0.51089 
 26.34500  0.51070  0.51074 
 26.44500  0.51054  0.51057 
 26.54500  0.51038  0.51042 
 26.64500  0.51024  0.51026 
 26.74500  0.51008  0.51012 
 26.84500  0.50994  0.50996 
 26.94500  0.50979  0.50983 
 27.04500  0.50965  0.50967 
 27.14500  0.50951  0.50954 
 27.24500  0.50938  0.50939 
 27.34500  0.50924  0.50925 
 27.44500  0.50910  0.50913 
 27.54500  0.50897  0.50897 
 27.64500  0.50883  0.50885 
 27.74500  0.50870  0.50873 
 27.84500  0.50859  0.50858 
 27.94500  0.50847  0.50846 
 28.04500  0.50835  0.50834 
 28.14500  0.50822  0.50822 
 28.24500  0.50810  0.50810 
 28.34500  0.50798  0.50798 
 28.44500  0.50787  0.50786 
 28.54500  0.50775  0.50775 
 28.64500  0.50764  0.50764 
 28.74500  0.50753  0.50753 
 28.84500  0.50743  0.50742 
 28.94500  0.50732  0.50731 
 29.04500  0.50721  0.50720 
 29.14500  0.50711  0.50709 
 29.24500  0.50701  0.50699 
 29.34500  0.50690  0.50689 
 29.44500  0.50681  0.50679 
 29.54500  0.50671  0.50669 
 29.64500  0.50663  0.50659 
 29.74500  0.50652  0.50650 
 29.84500  0.50642  0.50640 
 29.94500  0.50633  0.50631 
 30.04500  0.50624  0.50621 
 30.14500  0.50615  0.50612 
 30.24500  0.50606  0.50604 
 30.34500  0.50598  0.50595 
 30.44500  0.50589  0.50587 
 30.54500  0.50581  0.50579 
 30.64500  0.50572  0.50570 
 30.74500  0.50564  0.50561 
 30.84500  0.50558  0.50553 
 30.94500  0.50546  0.50546 
 31.04500  0.50540  0.50538 
 31.14500  0.50533  0.50530 
 31.24500  0.50523  0.50521 
 31.34500  0.50518  0.50515 
 31.44500  0.50509  0.50508 
 31.54500  0.50502  0.50500 
 31.64500  0.50495  0.50492 
 31.74500  0.50486  0.50486 
 31.84500  0.50481  0.50480 
 31.94500  0.50471  0.50470 
 32.04500  0.50468  0.50465 
 32.14500  0.50457  0.50459 
 32.24500  0.50453  0.50450 
 32.34500  0.50444  0.50445 
 32.44500  0.50439  0.50440 
 32.54500  0.50432  0.50430 
 32.64500  0.50426  0.50426 
 32.74500  0.50416  0.50420 
 32.84500  0.50415  0.50412 
 32.94500  0.50404  0.50408 
 33.04500  0.50401  0.50400 
 33.14500  0.50392  0.50394 
 33.24500  0.50388  0.50390 
 33.34500  0.50383  0.50381 
 33.44500  0.50374  0.50378 
 33.54500  0.50369  0.50370 
 33.64500  0.50363  0.50365 
 33.74500  0.50357  0.50360 
 33.84500  0.50354  0.50352 
 33.94500  0.50344  0.50350 
 34.04500  0.50340  0.50340 
 34.14500  0.50335  0.50338 
 34.24500  0.50328  0.50330 
 34.34500  0.50324  0.50326 
 34.44500  0.50317  0.50320 
 34.54500  0.50312  0.50313 
 34.64500  0.50309  0.50310 
 34.74500  0.50300  0.50301 
 34.84500  0.50295  0.50299 
 34.94500  0.50291  0.50290 
 35.04500  0.50281  0.50287 
 35.14500  0.50278  0.50280 
 35.24500  0.50276  0.50275 
 35.34500  0.50266  0.50270 
 35.44500  0.50261  0.50263 
 35.54500  0.50258  0.50260 
 35.64500  0.50249  0.50251 
 35.74500  0.50245  0.50248 
 35.84500  0.50241  0.50240 
 35.94500  0.50231  0.50236 
 36.04500  0.50227  0.50230 
 36.14500  0.50223  0.50223 
 36.24500  0.50215  0.50220 
 36.34500  0.50211  0.50210 
 36.44500  0.50207  0.50206 
 36.54500  0.50197  0.50200 
 36.64500  0.50193  0.50193 
 36.74500  0.50188  0.50189 
 36.84500  0.50179  0.50180 
 36.94500  0.50174  0.50174 
 37.04500  0.50169  0.50170 
 37.14500  0.50160  0.50160 
 37.24500  0.50157  0.50155 
 37.34500  0.50150  0.50150 
 37.44500  0.50144  0.50140 
 37.54500  0.50135  0.50134 
 37.64500  0.50127  0.50128 
 37.74500  0.50122  0.50120 
 37.84500  0.50113  0.50112 
 37.94500  0.50108  0.50105 
 38.04500  0.50101  0.50099 
 38.14500  0.50093  0.50090 
 38.24500  0.50084  0.50081 
 38.34500  0.50077  0.50074 
 38.44500  0.50069  0.50066 
 38.54500  0.50061  0.50058 
 38.64500  0.50053  0.50050 
 38.74500  0.50045  0.50040 
 38.84500  0.50035  0.50032 
 38.94500  0.50029  0.50023 
 39.04500  0.50017  0.50014 
 39.14500  0.50008  0.50005 
 39.24500  0.49999  0.49995 
 39.34500  0.49989  0.49985 
 39.44500  0.49979  0.49975 
 39.54500  0.49969  0.49965 
 39.64500  0.49960  0.49955 
 39.74500  0.49948  0.49945 
 39.84500  0.49938  0.49934 
 39.94500  0.49927  0.49923 
 40.04500  0.49914  0.49912 
 40.14500  0.49905  0.49901 
 40.24500  0.49892  0.49888 
 40.34500  0.49881  0.49877 
 40.44500  0.49869  0.49865 
 40.54500  0.49858  0.49853 
 40.64500  0.49843  0.49840 
 40.74500  0.49830  0.49827 
 40.84500  0.49817  0.49814 
 40.94500  0.49804  0.49801 
 41.04500  0.49791  0.49786 
 41.14500  0.49776  0.49773 
 41.24500  0.49760  0.49758 
 41.34500  0.49747  0.49744 
 41.44500  0.49731  0.49729 
 41.54500  0.49717  0.49714 
 41.64500  0.49701  0.49698 
 41.74500  0.49684  0.49684 
 41.84500  0.49668  0.49666 
 41.94500  0.49652  0.49650 
 42.04500  0.49634  0.49634 
 42.14500  0.49618  0.49616 
 42.24500  0.49600  0.49600 
 42.34500  0.49582  0.49582 
 42.44500  0.49564  0.49565 
 42.54500  0.49545  0.49545 
 42.64500  0.49527  0.49527 
 42.74500  0.49507  0.49508 
 42.84500  0.49488  0.49489 
 42.94500  0.49468  0.49469 
 43.04500  0.49448  0.49449 
 43.14500  0.49426  0.49429 
 43.24500  0.49406  0.49408 
 43.34500  0.49385  0.49387 
 43.44500  0.49364  0.49366 
 43.54500  0.49341  0.49343 
 43.64500  0.49318  0.49321 
 43.74500  0.49298  0.49299 
 43.84500  0.49273  0.49275 
 43.94500  0.49250  0.49252 
 44.04500  0.49226  0.49228 
 44.14500  0.49202  0.49204 
 44.24500  0.49178  0.49180 
 44.34500  0.49151  0.49155 
 44.44500  0.49127  0.49129 
 44.54500  0.49100  0.49102 
 44.64500  0.49075  0.49077 
 44.74500  0.49048  0.49050 
 44.84500  0.49022  0.49023 
 44.94500  0.48994  0.48996 
 45.04500  0.48966  0.48967 
 45.14500  0.48938  0.48939 
 45.24500  0.48909  0.48910 
 45.34500  0.48881  0.48881 
 45.44500  0.48850  0.48852 
 45.54500  0.48822  0.48822 
 45.64500  0.48790  0.48792 
 45.74500  0.48760  0.48761 
 45.84500  0.48728  0.48728 
 45.94500  0.48697  0.48698 
 46.04500  0.48666  0.48665 
 46.14500  0.48632  0.48632 
 46.24500  0.48600  0.48598 
 46.34500  0.48565  0.48565 
 46.44500  0.48532  0.48532 
 46.54500  0.48499  0.48498 
 46.64500  0.48464  0.48463 
 46.74500  0.48429  0.48428 
 46.84500  0.48394  0.48392 
 46.94500  0.48358  0.48356 
 47.04500  0.48322  0.48320 
 47.14500  0.48285  0.48283 
 47.24500  0.48248  0.48245 
 47.34500  0.48210  0.48207 
 47.44500  0.48173  0.48169 
 47.54500  0.48134  0.48130 
 47.64500  0.48095  0.48092 
 47.74500  0.48056  0.48052 
 47.84500  0.48015  0.48012 
 47.94500  0.47976  0.47972 
 48.04500  0.47935  0.47931 
 48.14500  0.47894  0.47890 
 48.24500  0.47852  0.47848 
 48.34500  0.47811  0.47806 
 48.44500  0.47769  0.47763 
 48.54500  0.47725  0.47721 
 48.64500  0.47682  0.47678 
 48.74500  0.47639  0.47633 
 48.84500  0.47595  0.47590 
 48.94500  0.47551  0.47546 
 49.04500  0.47505  0.47500 
 49.14500  0.47461  0.47455 
 49.24500  0.47416  0.47410 
 49.34500  0.47368  0.47364 
 49.44500  0.47323  0.47318 
 49.54500  0.47277  0.47270 
 49.64500  0.47230  0.47224 
 49.74500  0.47181  0.47175 
 49.84500  0.47132  0.47130 
 49.94500  0.47086  0.47080 
 50.04500  0.47037  0.47030 
 50.14500  0.46987  0.46984 
 50.24500  0.46938  0.46935 
 50.34500  0.46889  0.46885 
 50.44500  0.46838  0.46835 
 50.54500  0.46789  0.46785 
 50.64500  0.46738  0.46735 
 50.74500  0.46687  0.46685 
 50.84500  0.46637  0.46631 
 50.94500  0.46584  0.46580 
 51.04500  0.46532  0.46530 
 51.14500  0.46481  0.46477 
 51.24500  0.46428  0.46425 
 51.34500  0.46376  0.46374 
 51.44500  0.46324  0.46320 
 51.54500  0.46271  0.46267 
 51.64500  0.46218  0.46215 
 51.74500  0.46164  0.46160 
 51.84500  0.46110  0.46107 
 51.94500  0.46056  0.46054 
 52.04500  0.46001  0.46000 
 52.14500  0.45947  0.45945 
 52.24500  0.45893  0.45891 
 52.34500  0.45839  0.45836 
 52.44500  0.45783  0.45782 
 52.54500  0.45729  0.45727 
 52.64500  0.45675  0.45672 
 52.74500  0.45618  0.45617 
 52.84500  0.45564  0.45562 
 52.94500  0.45510  0.45506 
 53.04500  0.45452  0.45451 
 53.14500  0.45398  0.45395 
 53.24500  0.45342  0.45339 
 53.34500  0.45286  0.45284 
 53.44500  0.45230  0.45228 
 53.54500  0.45173  0.45173 
 53.64500  0.45118  0.45116 
 53.74500  0.45063  0.45061 
 53.84500  0.45007  0.45004 
 53.94500  0.44950  0.44948 
 54.04500  0.44895  0.44893 
 54.14500  0.44839  0.44836 
 54.24500  0.44783  0.44781 
 54.34500  0.44727  0.44724 
 54.44500  0.44671  0.44668 
 54.54500  0.44616  0.44613 
 54.64500  0.44560  0.44557 
 54.74500  0.44504  0.44502 
 54.84500  0.44449  0.44446 
 54.94500  0.44394  0.44391 
 55.04500  0.44338  0.44335 
 55.14500  0.44283  0.44279 
 55.24500  0.44227  0.44224 
 55.34500  0.44173  0.44169 
 55.44500  0.44119  0.44115 
 55.54500  0.44064  0.44060 
 55.64500  0.44009  0.44005 
 55.74500  0.43955  0.43951 
 55.84500  0.43901  0.43896 
 55.94500  0.43848  0.43843 
 56.04500  0.43794  0.43790 
 56.14500  0.43741  0.43735 
 56.24500  0.43689  0.43683 
 56.34500  0.43635  0.43630 
 56.44500  0.43583  0.43577 
 56.54500  0.43530  0.43525 
 56.64500  0.43479  0.43474 
 56.74500  0.43427  0.43420 
 56.84500  0.43376  0.43370 
 56.94500  0.43325  0.43320 
 57.04500  0.43275  0.43270 
 57.14500  0.43224  0.43220 
 57.24500  0.43175  0.43170 
 57.34500  0.43124  0.43120 
 57.44500  0.43076  0.43070 
 57.54500  0.43028  0.43020 
 57.64500  0.42979  0.42972 
 57.74500  0.42931  0.42925 
 57.84500  0.42884  0.42877 
 57.94500  0.42837  0.42830 
 58.04500  0.42791  0.42784 
 58.14500  0.42745  0.42738 
 58.24500  0.42700  0.42692 
 58.34500  0.42655  0.42647 
 58.44500  0.42609  0.42602 
 58.54500  0.42567  0.42559 
 58.64500  0.42524  0.42515 
 58.74500  0.42481  0.42472 
 58.84500  0.42439  0.42430 
 58.94500  0.42396  0.42388 
 59.04500  0.42354  0.42348 
 59.14500  0.42314  0.42306 
 59.24500  0.42274  0.42266 
 59.34500  0.42234  0.42227 
 59.44500  0.42196  0.42189 
 59.54500  0.42158  0.42150 
 59.64500  0.42119  0.42113 
 59.74500  0.42084  0.42076 
 59.84500  0.42048  0.42040 
 59.94500  0.42013  0.42005 
 60.04500  0.41976  0.41969 
 60.14500  0.41943  0.41935 
 60.24500  0.41909  0.41902 
 60.34500  0.41876  0.41868 
 60.44500  0.41844  0.41838 
 60.54500  0.41813  0.41806 
 60.64500  0.41783  0.41776 
 60.74500  0.41752  0.41746 
 60.84500  0.41724  0.41717 
 60.94500  0.41696  0.41689 
 61.04500  0.41668  0.41661 
 61.14500  0.41640  0.41635 
 61.24500  0.41615  0.41608 
 61.34500  0.41589  0.41582 
 61.44500  0.41566  0.41559 
 61.54500  0.41541  0.41535 
 61.64500  0.41518  0.41512 
 61.74500  0.41496  0.41491 
 61.84500  0.41474  0.41469 
 61.94500  0.41455  0.41449 
 62.04500  0.41434  0.41429 
 62.14500  0.41417  0.41411 
 62.24500  0.41398  0.41394 
 62.34500  0.41381  0.41376 
 62.44500  0.41366  0.41360 
 62.54500  0.41350  0.41345 
 62.64500  0.41336  0.41331 
 62.74500  0.41322  0.41316 
 62.84500  0.41310  0.41304 
 62.94500  0.41297  0.41293 
 63.04500  0.41289  0.41282 
 63.14500  0.41275  0.41271 
 63.24500  0.41267  0.41262 
 63.34500  0.41259  0.41253 
 63.44500  0.41251  0.41247 
 63.54500  0.41246  0.41240 
 63.64500  0.41241  0.41233 
 63.74500  0.41233  0.41230 
 63.84500  0.41231  0.41226 
 63.94500  0.41228  0.41220 
 64.04500  0.41224  0.41220 
 64.14500  0.41224  0.41220 
