  0.04500  1.00001  1.00000 
  0.14500  1.00001  1.00000 
  0.24500  1.00001  1.00000 
  0.34500  1.00001  1.00000 
  0.44500  1.00001  1.00000 
  0.54500  1.00001  1.00000 
  0.64500  1.00001  1.00000 
  0.74500  1.00001  1.00000 
  0.84500  1.00001  1.00000 
  0.94500  1.00001  1.00000 
  1.04500  1.00001  1.00000 
  1.14500  1.00001  1.00000 
  1.24500  1.00001  1.00000 
  1.34500  1.00000  1.00000 
  1.44500  1.00000  1.00000 
  1.54500  1.00000  1.00000 
  1.64500  1.00000  1.00000 
  1.74500  1.00002  1.00000 
  1.84500  1.00001  1.00000 
  1.94500  1.00001  1.00000 
  2.04500  1.00001  1.00000 
  2.14500  1.00001  1.00000 
  2.24500  1.00000  1.00000 
  2.34500  1.00000  1.00000 
  2.44500  0.99998  1.00000 
  2.54500  0.99997  0.99994 
  2.64500  0.99992  0.99990 
  2.74500  0.99982  0.99982 
  2.84500  0.99968  0.99968 
  2.94500  0.99946  0.99944 
  3.04500  0.99906  0.99905 
  3.14500  0.99843  0.99842 
  3.24500  0.99745  0.99741 
  3.34500  0.99593  0.99588 
  3.44500  0.99366  0.99361 
  3.54500  0.99030  0.99026 
  3.64500  0.98551  0.98543 
  3.74500  0.97879  0.97871 
  3.84500  0.96957  0.96951 
  3.94500  0.95726  0.95726 
  4.04500  0.94123  0.94126 
  4.14500  0.92087  0.92095 
  4.24500  0.89562  0.89568 
  4.34500  0.86507  0.86501 
  4.44500  0.82894  0.82872 
  4.54500  0.78713  0.78670 
  4.64500  0.73975  0.73920 
  4.74500  0.68716  0.68679 
  4.84500  0.63008  0.63032 
  4.94500  0.56960  0.57088 
  5.04500  0.50913  0.50979 
  5.14500  0.45013  0.44847 
  5.24500  0.38887  0.38834 
  5.34500  0.33058  0.33079 
  5.44500  0.27647  0.27697 
  5.54500  0.22737  0.22786 
  5.64500  0.18376  0.18403 
  5.74500  0.14583  0.14591 
  5.84500  0.11352  0.11348 
  5.94500  0.08662  0.08656 
  6.04500  0.06477  0.06471 
  6.14500  0.04743  0.04742 
  6.24500  0.03399  0.03404 
  6.34500  0.02387  0.02395 
  6.44500  0.01641  0.01649 
  6.54500  0.01106  0.01112 
  6.64500  0.00734  0.00738 
  6.74500  0.00481  0.00483 
  6.84500  0.00318  0.00318 
  6.94500  0.00219  0.00220 
  7.04500  0.00173  0.00174 
  7.14500  0.00171  0.00169 
  7.24500  0.00211  0.00210 
  7.34500  0.00299  0.00300 
  7.44500  0.00453  0.00454 
  7.54500  0.00690  0.00696 
  7.64500  0.01045  0.01049 
  7.74500  0.01552  0.01558 
  7.84500  0.02263  0.02272 
  7.94500  0.03233  0.03239 
  8.04500  0.04524  0.04526 
  8.14500  0.06199  0.06194 
  8.24500  0.08316  0.08309 
  8.34500  0.10930  0.10927 
  8.44500  0.14080  0.14086 
  8.54500  0.17793  0.17820 
  8.64500  0.22072  0.22120 
  8.74500  0.26904  0.26957 
  8.84500  0.32248  0.32275 
  8.94500  0.38023  0.37983 
  9.04500  0.44115  0.43965 
  9.14500  0.50083  0.50090 
  9.24500  0.56068  0.56211 
  9.34500  0.62152  0.62190 
  9.44500  0.67917  0.67888 
  9.54500  0.73245  0.73193 
  9.64500  0.78064  0.78017 
  9.74500  0.82325  0.82299 
  9.84500  0.86020  0.86013 
  9.94500  0.89155  0.89158 
 10.04500  0.91753  0.91760 
 10.14500  0.93857  0.93860 
 10.24500  0.95520  0.95519 
 10.34500  0.96800  0.96794 
 10.44500  0.97763  0.97754 
 10.54500  0.98468  0.98460 
 10.64500  0.98972  0.98965 
 10.74500  0.99326  0.99320 
 10.84500  0.99565  0.99561 
 10.94500  0.99726  0.99724 
 11.04500  0.99828  0.99827 
 11.14500  0.99892  0.99890 
 11.24500  0.99927  0.99926 
 11.34500  0.99942  0.99940 
 11.44500  0.99939  0.99938 
 11.54500  0.99918  0.99918 
 11.64500  0.99874  0.99874 
 11.74500  0.99800  0.99795 
 11.84500  0.99679  0.99677 
 11.94500  0.99496  0.99493 
 12.04500  0.99223  0.99218 
 12.14500  0.98825  0.98817 
 12.24500  0.98259  0.98252 
 12.34500  0.97477  0.97467 
 12.44500  0.96416  0.96411 
 12.54500  0.95017  0.95016 
 12.64500  0.93215  0.93220 
 12.74500  0.90953  0.90960 
 12.84500  0.88182  0.88183 
 12.94500  0.84864  0.84851 
 13.04500  0.80980  0.80948 
 13.14500  0.76532  0.76482 
 13.24500  0.71541  0.71491 
 13.34500  0.66058  0.66044 
 13.44500  0.60175  0.60242 
 13.54500  0.54015  0.54201 
 13.64500  0.48197  0.48062 
 13.74500  0.42080  0.41968 
 13.84500  0.36077  0.36064 
 13.94500  0.30431  0.30474 
 14.04500  0.25251  0.25305 
 14.14500  0.20599  0.20638 
 14.24500  0.16506  0.16525 
 14.34500  0.12981  0.12981 
 14.44500  0.10011  0.10003 
 14.54500  0.07565  0.07559 
 14.64500  0.05601  0.05597 
 14.74500  0.04060  0.04061 
 14.84500  0.02881  0.02888 
 14.94500  0.02003  0.02009 
 15.04500  0.01362  0.01368 
 15.14500  0.00910  0.00914 
 15.24500  0.00593  0.00598 
 15.34500  0.00380  0.00381 
 15.44500  0.00240  0.00239 
 15.54500  0.00149  0.00148 
 15.64500  0.00093  0.00093 
 15.74500  0.00061  0.00061 
 15.84500  0.00048  0.00050 
 15.94500  0.00050  0.00051 
 16.04500  0.00069  0.00068 
 16.14500  0.00106  0.00105 
 16.24500  0.00170  0.00170 
 16.34500  0.00272  0.00272 
 16.44500  0.00429  0.00432 
 16.54500  0.00669  0.00672 
 16.64500  0.01017  0.01024 
 16.74500  0.01518  0.01524 
 16.84500  0.02216  0.02222 
 16.94500  0.03170  0.03177 
 17.04500  0.04441  0.04442 
 17.14500  0.06093  0.06089 
 17.24500  0.08183  0.08175 
 17.34500  0.10767  0.10762 
 17.44500  0.13887  0.13892 
 17.54500  0.17565  0.17592 
 17.64500  0.21814  0.21859 
 17.74500  0.26616  0.26669 
 17.84500  0.31931  0.31962 
 17.94500  0.37684  0.37649 
 18.04500  0.43763  0.43621 
 18.14500  0.49758  0.49740 
 18.24500  0.55716  0.55867 
 18.34500  0.61812  0.61856 
 18.44500  0.67600  0.67572 
 18.54500  0.72956  0.72903 
 18.64500  0.77803  0.77756 
 18.74500  0.82098  0.82069 
 18.84500  0.85825  0.85818 
 18.94500  0.88991  0.88996 
 19.04500  0.91618  0.91627 
 19.14500  0.93750  0.93754 
 19.24500  0.95436  0.95435 
 19.34500  0.96734  0.96731 
 19.44500  0.97715  0.97707 
 19.54500  0.98434  0.98425 
 19.64500  0.98947  0.98943 
 19.74500  0.99309  0.99303 
 19.84500  0.99555  0.99550 
 19.94500  0.99719  0.99716 
 20.04500  0.99826  0.99823 
 20.14500  0.99895  0.99895 
 20.24500  0.99939  0.99938 
 20.34500  0.99963  0.99963 
 20.44500  0.99979  0.99978 
 20.54500  0.99985  0.99984 
 20.64500  0.99987  0.99989 
 20.74500  0.99983  0.99980 
 20.84500  0.99972  0.99971 
 20.94500  0.99952  0.99952 
 21.04500  0.99919  0.99919 
 21.14500  0.99864  0.99863 
 21.24500  0.99779  0.99775 
 21.34500  0.99644  0.99641 
 21.44500  0.99443  0.99437 
 21.54500  0.99142  0.99137 
 21.64500  0.98709  0.98701 
 21.74500  0.98099  0.98090 
 21.84500  0.97255  0.97248 
 21.94500  0.96123  0.96119 
 22.04500  0.94634  0.94637 
 22.14500  0.92730  0.92736 
 22.24500  0.90354  0.90359 
 22.34500  0.87459  0.87457 
 22.44500  0.84010  0.83993 
 22.54500  0.79994  0.79955 
 22.64500  0.75416  0.75363 
 22.74500  0.70305  0.70258 
 22.84500  0.64717  0.64721 
 22.94500  0.58757  0.58851 
 23.04500  0.52582  0.52775 
 23.14500  0.46839  0.46632 
 23.24500  0.40654  0.40569 
 23.34500  0.34725  0.34728 
 23.44500  0.29180  0.29227 
 23.54500  0.24118  0.24170 
 23.64500  0.19593  0.19628 
 23.74500  0.15633  0.15648 
 23.84500  0.12238  0.12238 
 23.94500  0.09395  0.09390 
 24.04500  0.07065  0.07062 
 24.14500  0.05206  0.05206 
 24.24500  0.03755  0.03759 
 24.34500  0.02651  0.02658 
 24.44500  0.01834  0.01842 
 24.54500  0.01241  0.01250 
 24.64500  0.00824  0.00828 
 24.74500  0.00535  0.00539 
 24.84500  0.00341  0.00343 
 24.94500  0.00213  0.00215 
 25.04500  0.00130  0.00130 
 25.14500  0.00079  0.00079 
 25.24500  0.00047  0.00048 
 25.34500  0.00031  0.00032 
 25.44500  0.00023  0.00023 
 25.54500  0.00025  0.00027 
 25.64500  0.00038  0.00037 
 25.74500  0.00061  0.00060 
 25.84500  0.00099  0.00100 
 25.94500  0.00165  0.00164 
 26.04500  0.00267  0.00268 
 26.14500  0.00423  0.00424 
 26.24500  0.00658  0.00661 
 26.34500  0.01004  0.01008 
 26.44500  0.01497  0.01505 
 26.54500  0.02190  0.02198 
 26.64500  0.03135  0.03141 
 26.74500  0.04395  0.04394 
 26.84500  0.06032  0.06027 
 26.94500  0.08108  0.08101 
 27.04500  0.10676  0.10671 
 27.14500  0.13777  0.13782 
 27.24500  0.17437  0.17462 
 27.34500  0.21667  0.21712 
 27.44500  0.26451  0.26505 
 27.54500  0.31751  0.31782 
 27.64500  0.37492  0.37461 
 27.74500  0.43563  0.43423 
 27.84500  0.49571  0.49541 
 27.94500  0.55513  0.55670 
 28.04500  0.61619  0.61666 
 28.14500  0.67418  0.67394 
 28.24500  0.72789  0.72735 
 28.34500  0.77655  0.77606 
 28.44500  0.81967  0.81939 
 28.54500  0.85713  0.85705 
 28.64500  0.88896  0.88901 
 28.74500  0.91541  0.91548 
 28.84500  0.93688  0.93692 
 28.94500  0.95386  0.95386 
 29.04500  0.96700  0.96692 
 29.14500  0.97688  0.97678 
 29.24500  0.98413  0.98405 
 29.34500  0.98932  0.98928 
 29.44500  0.99299  0.99293 
 29.54500  0.99549  0.99545 
 29.64500  0.99716  0.99712 
 29.74500  0.99824  0.99822 
 29.84500  0.99894  0.99894 
 29.94500  0.99937  0.99936 
 30.04500  0.99962  0.99963 
 30.14500  0.99979  0.99977 
 30.24500  0.99985  0.99984 
 30.34500  0.99987  0.99989 
 30.44500  0.99983  0.99980 
 30.54500  0.99973  0.99972 
 30.64500  0.99953  0.99952 
 30.74500  0.99920  0.99919 
 30.84500  0.99866  0.99865 
 30.94500  0.99781  0.99782 
 31.04500  0.99649  0.99647 
 31.14500  0.99450  0.99447 
 31.24500  0.99154  0.99149 
 31.34500  0.98727  0.98719 
 31.44500  0.98120  0.98114 
 31.54500  0.97288  0.97279 
 31.64500  0.96164  0.96159 
 31.74500  0.94688  0.94690 
 31.84500  0.92799  0.92806 
 31.94500  0.90438  0.90446 
 32.04500  0.87560  0.87558 
 32.14500  0.84130  0.84114 
 32.24500  0.80134  0.80097 
 32.34500  0.75573  0.75520 
 32.44500  0.70478  0.70432 
 32.54500  0.64906  0.64905 
 32.64500  0.58955  0.59044 
 32.74500  0.52773  0.52973 
 32.84500  0.47038  0.46832 
 32.94500  0.40852  0.40766 
 33.04500  0.34910  0.34913 
 33.14500  0.29354  0.29399 
 33.24500  0.24274  0.24325 
 33.34500  0.19731  0.19767 
 33.44500  0.15750  0.15767 
 33.54500  0.12340  0.12339 
 33.64500  0.09478  0.09472 
 33.74500  0.07134  0.07127 
 33.84500  0.05260  0.05258 
 33.94500  0.03796  0.03799 
 34.04500  0.02683  0.02690 
 34.14500  0.01857  0.01863 
 34.24500  0.01258  0.01264 
 34.34500  0.00836  0.00841 
 34.44500  0.00542  0.00546 
 34.54500  0.00346  0.00348 
 34.64500  0.00216  0.00216 
 34.74500  0.00132  0.00132 
 34.84500  0.00079  0.00078 
 34.94500  0.00046  0.00047 
 35.04500  0.00026  0.00026 
 35.14500  0.00017  0.00018 
 35.24500  0.00011  0.00010 
 35.34500  0.00012  0.00010 
 35.44500  0.00018  0.00019 
 35.54500  0.00030  0.00029 
 35.64500  0.00049  0.00050 
 35.74500  0.00085  0.00086 
 35.84500  0.00142  0.00142 
 35.94500  0.00231  0.00231 
 36.04500  0.00370  0.00370 
 36.14500  0.00578  0.00581 
 36.24500  0.00887  0.00892 
 36.34500  0.01332  0.01340 
 36.44500  0.01959  0.01966 
 36.54500  0.02822  0.02831 
 36.64500  0.03983  0.03984 
 36.74500  0.05500  0.05499 
 36.84500  0.07440  0.07434 
 36.94500  0.09855  0.09848 
 37.04500  0.12795  0.12796 
 37.14500  0.16288  0.16306 
 37.24500  0.20348  0.20387 
 37.34500  0.24969  0.25023 
 37.44500  0.30121  0.30163 
 37.54500  0.35741  0.35733 
 37.64500  0.41727  0.41625 
 37.74500  0.47865  0.47710 
 37.84500  0.53657  0.53850 
 37.94500  0.59824  0.59899 
 38.04500  0.65730  0.65721 
 38.14500  0.71238  0.71189 
 38.24500  0.76261  0.76209 
 38.34500  0.80742  0.80707 
 38.44500  0.84657  0.84643 
 38.54500  0.88006  0.88006 
 38.64500  0.90808  0.90813 
 38.74500  0.93098  0.93103 
 38.84500  0.94924  0.94925 
 38.94500  0.96346  0.96342 
 39.04500  0.97423  0.97416 
 39.14500  0.98220  0.98213 
 39.24500  0.98796  0.98790 
 39.34500  0.99203  0.99197 
 39.44500  0.99484  0.99480 
 39.54500  0.99670  0.99668 
 39.64500  0.99794  0.99794 
 39.74500  0.99870  0.99870 
 39.84500  0.99916  0.99915 
 39.94500  0.99939  0.99938 
 40.04500  0.99942  0.99940 
 40.14500  0.99929  0.99929 
 40.24500  0.99894  0.99894 
 40.34500  0.99832  0.99830 
 40.44500  0.99732  0.99730 
 40.54500  0.99576  0.99573 
 40.64500  0.99342  0.99336 
 40.74500  0.98996  0.98989 
 40.84500  0.98502  0.98494 
 40.94500  0.97809  0.97801 
 41.04500  0.96863  0.96857 
 41.14500  0.95603  0.95600 
 41.24500  0.93964  0.93966 
 41.34500  0.91887  0.91893 
 41.44500  0.89318  0.89322 
 41.54500  0.86215  0.86210 
 41.64500  0.82553  0.82529 
 41.74500  0.78323  0.78277 
 41.84500  0.73536  0.73485 
 41.94500  0.68236  0.68202 
 42.04500  0.62495  0.62526 
 42.14500  0.56424  0.56561 
 42.24500  0.50417  0.50445 
 42.34500  0.44472  0.44317 
 42.44500  0.38365  0.38322 
 42.54500  0.32569  0.32596 
 42.64500  0.27199  0.27252 
 42.74500  0.22334  0.22382 
 42.84500  0.18024  0.18051 
 42.94500  0.14279  0.14288 
 43.04500  0.11097  0.11092 
 43.14500  0.08452  0.08445 
 43.24500  0.06308  0.06304 
 43.34500  0.04609  0.04610 
 43.44500  0.03299  0.03302 
 43.54500  0.02312  0.02319 
 43.64500  0.01588  0.01595 
 43.74500  0.01070  0.01077 
 43.84500  0.00706  0.00711 
 43.94500  0.00463  0.00465 
 44.04500  0.00307  0.00309 
 44.14500  0.00213  0.00215 
 44.24500  0.00171  0.00171 
 44.34500  0.00172  0.00171 
 44.44500  0.00214  0.00215 
 44.54500  0.00310  0.00311 
 44.64500  0.00468  0.00472 
 44.74500  0.00716  0.00719 
 44.84500  0.01082  0.01088 
 44.94500  0.01606  0.01613 
 45.04500  0.02338  0.02344 
 45.14500  0.03332  0.03337 
 45.24500  0.04654  0.04655 
 45.34500  0.06364  0.06361 
 45.44500  0.08522  0.08518 
 45.54500  0.11183  0.11178 
 45.64500  0.14382  0.14390 
 45.74500  0.18143  0.18170 
 45.84500  0.22472  0.22520 
 45.94500  0.27349  0.27402 
 46.04500  0.32734  0.32758 
 46.14500  0.38542  0.38495 
 46.24500  0.44655  0.44496 
 46.34500  0.50581  0.50625 
 46.44500  0.56606  0.56741 
 46.54500  0.62668  0.62697 
 46.64500  0.68399  0.68366 
 46.74500  0.73685  0.73632 
 46.84500  0.78456  0.78411 
 46.94500  0.82669  0.82645 
 47.04500  0.86314  0.86308 
 47.14500  0.89402  0.89407 
 47.24500  0.91954  0.91963 
 47.34500  0.94018  0.94021 
 47.44500  0.95645  0.95643 
 47.54500  0.96895  0.96890 
 47.64500  0.97833  0.97824 
 47.74500  0.98518  0.98511 
 47.84500  0.99009  0.99003 
 47.94500  0.99350  0.99346 
 48.04500  0.99582  0.99578 
 48.14500  0.99736  0.99736 
 48.24500  0.99837  0.99837 
 48.34500  0.99901  0.99900 
 48.44500  0.99940  0.99940 
 48.54500  0.99961  0.99961 
 48.64500  0.99973  0.99970 
 48.74500  0.99972  0.99970 
 48.84500  0.99959  0.99958 
 48.94500  0.99935  0.99935 
 49.04500  0.99894  0.99894 
 49.14500  0.99825  0.99823 
 49.24500  0.99718  0.99716 
 49.34500  0.99554  0.99549 
 49.44500  0.99307  0.99301 
 49.54500  0.98945  0.98940 
 49.64500  0.98430  0.98423 
 49.74500  0.97709  0.97702 
 49.84500  0.96730  0.96724 
 49.94500  0.95428  0.95428 
 50.04500  0.93741  0.93743 
 50.14500  0.91607  0.91613 
 50.24500  0.88975  0.88979 
 50.34500  0.85809  0.85801 
 50.44500  0.82078  0.82049 
 50.54500  0.77779  0.77732 
 50.64500  0.72930  0.72876 
 50.74500  0.67571  0.67545 
 50.84500  0.61783  0.61825 
 50.94500  0.55683  0.55836 
 51.04500  0.49730  0.49710 
 51.14500  0.43732  0.43591 
 51.24500  0.37655  0.37619 
 51.34500  0.31903  0.31934 
 51.44500  0.26590  0.26642 
 51.54500  0.21791  0.21836 
 51.64500  0.17545  0.17572 
 51.74500  0.13869  0.13875 
 51.84500  0.10752  0.10748 
 51.94500  0.08171  0.08165 
 52.04500  0.06083  0.06079 
 52.14500  0.04435  0.04436 
 52.24500  0.03165  0.03169 
 52.34500  0.02212  0.02219 
 52.44500  0.01513  0.01521 
 52.54500  0.01014  0.01021 
 52.64500  0.00667  0.00670 
 52.74500  0.00429  0.00432 
 52.84500  0.00271  0.00272 
 52.94500  0.00170  0.00170 
 53.04500  0.00106  0.00105 
 53.14500  0.00068  0.00068 
 53.24500  0.00050  0.00051 
 53.34500  0.00048  0.00050 
 53.44500  0.00062  0.00061 
 53.54500  0.00093  0.00093 
 53.64500  0.00150  0.00148 
 53.74500  0.00239  0.00239 
 53.84500  0.00380  0.00384 
 53.94500  0.00593  0.00598 
 54.04500  0.00910  0.00917 
 54.14500  0.01366  0.01374 
 54.24500  0.02007  0.02014 
 54.34500  0.02886  0.02892 
 54.44500  0.04067  0.04069 
 54.54500  0.05608  0.05606 
 54.64500  0.07576  0.07570 
 54.74500  0.10024  0.10019 
 54.84500  0.12997  0.12999 
 54.94500  0.16524  0.16543 
 55.04500  0.20620  0.20659 
 55.14500  0.25276  0.25329 
 55.24500  0.30459  0.30501 
 55.34500  0.36106  0.36094 
 55.44500  0.42109  0.41999 
 55.54500  0.48225  0.48093 
 55.64500  0.54048  0.54232 
 55.74500  0.60205  0.60272 
 55.84500  0.66088  0.66074 
 55.94500  0.71568  0.71518 
 56.04500  0.76556  0.76505 
 56.14500  0.81001  0.80968 
 56.24500  0.84882  0.84868 
 56.34500  0.88196  0.88198 
 56.44500  0.90966  0.90971 
 56.54500  0.93224  0.93231 
 56.64500  0.95024  0.95023 
 56.74500  0.96422  0.96417 
 56.84500  0.97482  0.97475 
 56.94500  0.98263  0.98254 
 57.04500  0.98826  0.98818 
 57.14500  0.99223  0.99218 
 57.24500  0.99494  0.99490 
 57.34500  0.99675  0.99672 
 57.44500  0.99789  0.99789 
 57.54500  0.99856  0.99854 
 57.64500  0.99886  0.99886 
 57.74500  0.99885  0.99886 
 57.84500  0.99855  0.99854 
 57.94500  0.99785  0.99784 
 58.04500  0.99669  0.99667 
 58.14500  0.99487  0.99483 
 58.24500  0.99211  0.99206 
 58.34500  0.98809  0.98803 
 58.44500  0.98239  0.98232 
 58.54500  0.97447  0.97441 
 58.64500  0.96378  0.96375 
 58.74500  0.94967  0.94967 
 58.84500  0.93154  0.93161 
 58.94500  0.90878  0.90885 
 59.04500  0.88091  0.88092 
 59.14500  0.84756  0.84741 
 59.24500  0.80856  0.80822 
 59.34500  0.76391  0.76339 
 59.44500  0.71384  0.71334 
 59.54500  0.65885  0.65875 
 59.64500  0.59991  0.60062 
 59.74500  0.53827  0.54018 
 59.84500  0.48025  0.47877 
 59.94500  0.41894  0.41789 
 60.04500  0.35899  0.35891 
 60.14500  0.30270  0.30309 
 60.24500  0.25103  0.25157 
 60.34500  0.20467  0.20506 
 60.44500  0.16391  0.16411 
 60.54500  0.12882  0.12884 
 60.64500  0.09929  0.09923 
 60.74500  0.07500  0.07490 
 60.84500  0.05547  0.05544 
 60.94500  0.04019  0.04019 
 61.04500  0.02850  0.02855 
 61.14500  0.01979  0.01986 
 61.24500  0.01347  0.01352 
 61.34500  0.00897  0.00902 
 61.44500  0.00586  0.00588 
 61.54500  0.00374  0.00376 
 61.64500  0.00234  0.00237 
 61.74500  0.00145  0.00144 
 61.84500  0.00086  0.00086 
 61.94500  0.00050  0.00050 
 62.04500  0.00029  0.00028 
 62.14500  0.00016  0.00016 
 62.24500  0.00007  0.00010 
 62.34500  0.00003  0.00004 
 62.44500  0.00003  0.00000 
 62.54500  0.00001  0.00000 
 62.64500  0.00000  0.00000 
 62.74500 -0.00000  0.00000 
 62.84500 -0.00000  0.00000 
 62.94500  0.00000  0.00000 
 63.04500 -0.00001  0.00000 
 63.14500 -0.00001  0.00000 
 63.24500  0.00001  0.00000 
 63.34500  0.00000  0.00000 
 63.44500  0.00000  0.00000 
 63.54500  0.00001  0.00000 
 63.64500  0.00000  0.00000 
 63.74500  0.00000  0.00000 
 63.84500  0.00000  0.00000 
 63.94500 -0.00000  0.00000 
 64.04500 -0.00000  0.00000 
 64.14500 -0.00000  0.00000 
