  0.04500  0.55583  0.55540 
  0.14500  0.55583  0.55540 
  0.24500  0.55583  0.55540 
  0.34500  0.55583  0.55540 
  0.44500  0.55581  0.55540 
  0.54500  0.55577  0.55540 
  0.64500  0.55576  0.55540 
  0.74500  0.55577  0.55532 
  0.84500  0.55577  0.55530 
  0.94500  0.55573  0.55530 
  1.04500  0.55571  0.55530 
  1.14500  0.55571  0.55530 
  1.24500  0.55570  0.55530 
  1.34500  0.55567  0.55530 
  1.44500  0.55566  0.55530 
  1.54500  0.55566  0.55521 
  1.64500  0.55565  0.55520 
  1.74500  0.55562  0.55520 
  1.84500  0.55558  0.55520 
  1.94500  0.55557  0.55520 
  2.04500  0.55556  0.55511 
  2.14500  0.55555  0.55510 
  2.24500  0.55545  0.55510 
  2.34500  0.55546  0.55510 
  2.44500  0.55545  0.55501 
  2.54500  0.55543  0.55500 
  2.64500  0.55536  0.55500 
  2.74500  0.55535  0.55495 
  2.84500  0.55532  0.55490 
  2.94500  0.55527  0.55490 
  3.04500  0.55526  0.55485 
  3.14500  0.55520  0.55480 
  3.24500  0.55517  0.55480 
  3.34500  0.55512  0.55473 
  3.44500  0.55510  0.55470 
  3.54500  0.55505  0.55468 
  3.64500  0.55500  0.55460 
  3.74500  0.55500  0.55460 
  3.84500  0.55492  0.55452 
  3.94500  0.55490  0.55450 
  4.04500  0.55484  0.55444 
  4.14500  0.55480  0.55440 
  4.24500  0.55476  0.55436 
  4.34500  0.55468  0.55430 
  4.44500  0.55466  0.55426 
  4.54500  0.55459  0.55420 
  4.64500  0.55454  0.55415 
  4.74500  0.55448  0.55410 
  4.84500  0.55444  0.55404 
  4.94500  0.55437  0.55400 
  5.04500  0.55432  0.55392 
  5.14500  0.55427  0.55389 
  5.24500  0.55419  0.55380 
  5.34500  0.55413  0.55376 
  5.44500  0.55410  0.55370 
  5.54500  0.55401  0.55363 
  5.64500  0.55396  0.55359 
  5.74500  0.55388  0.55350 
  5.84500  0.55383  0.55344 
  5.94500  0.55375  0.55339 
  6.04500  0.55369  0.55330 
  6.14500  0.55363  0.55324 
  6.24500  0.55354  0.55318 
  6.34500  0.55348  0.55310 
  6.44500  0.55340  0.55302 
  6.54500  0.55333  0.55296 
  6.64500  0.55326  0.55290 
  6.74500  0.55319  0.55280 
  6.84500  0.55310  0.55273 
  6.94500  0.55303  0.55266 
  7.04500  0.55296  0.55259 
  7.14500  0.55286  0.55250 
  7.24500  0.55279  0.55241 
  7.34500  0.55271  0.55234 
  7.44500  0.55262  0.55226 
  7.54500  0.55254  0.55218 
  7.64500  0.55246  0.55210 
  7.74500  0.55238  0.55200 
  7.84500  0.55228  0.55191 
  7.94500  0.55220  0.55183 
  8.04500  0.55210  0.55174 
  8.14500  0.55202  0.55165 
  8.24500  0.55192  0.55157 
  8.34500  0.55184  0.55147 
  8.44500  0.55173  0.55138 
  8.54500  0.55164  0.55129 
  8.64500  0.55155  0.55120 
  8.74500  0.55146  0.55110 
  8.84500  0.55136  0.55100 
  8.94500  0.55127  0.55090 
  9.04500  0.55115  0.55081 
  9.14500  0.55106  0.55071 
  9.24500  0.55097  0.55061 
  9.34500  0.55086  0.55051 
  9.44500  0.55076  0.55040 
  9.54500  0.55065  0.55030 
  9.64500  0.55055  0.55019 
  9.74500  0.55045  0.55009 
  9.84500  0.55034  0.54998 
  9.94500  0.55024  0.54988 
 10.04500  0.55011  0.54977 
 10.14500  0.55000  0.54966 
 10.24500  0.54989  0.54955 
 10.34500  0.54979  0.54944 
 10.44500  0.54967  0.54933 
 10.54500  0.54956  0.54922 
 10.64500  0.54945  0.54910 
 10.74500  0.54933  0.54898 
 10.84500  0.54921  0.54887 
 10.94500  0.54910  0.54875 
 11.04500  0.54898  0.54864 
 11.14500  0.54886  0.54852 
 11.24500  0.54874  0.54840 
 11.34500  0.54862  0.54827 
 11.44500  0.54850  0.54816 
 11.54500  0.54837  0.54804 
 11.64500  0.54824  0.54792 
 11.74500  0.54812  0.54778 
 11.84500  0.54799  0.54766 
 11.94500  0.54786  0.54754 
 12.04500  0.54773  0.54742 
 12.14500  0.54762  0.54728 
 12.24500  0.54748  0.54716 
 12.34500  0.54735  0.54703 
 12.44500  0.54722  0.54690 
 12.54500  0.54708  0.54676 
 12.64500  0.54695  0.54664 
 12.74500  0.54681  0.54650 
 12.84500  0.54669  0.54636 
 12.94500  0.54654  0.54624 
 13.04500  0.54641  0.54610 
 13.14500  0.54627  0.54596 
 13.24500  0.54614  0.54583 
 13.34500  0.54599  0.54569 
 13.44500  0.54585  0.54555 
 13.54500  0.54572  0.54541 
 13.64500  0.54556  0.54527 
 13.74500  0.54542  0.54514 
 13.84500  0.54528  0.54499 
 13.94500  0.54515  0.54485 
 14.04500  0.54500  0.54471 
 14.14500  0.54485  0.54456 
 14.24500  0.54471  0.54441 
 14.34500  0.54456  0.54426 
 14.44500  0.54440  0.54413 
 14.54500  0.54426  0.54397 
 14.64500  0.54411  0.54383 
 14.74500  0.54395  0.54367 
 14.84500  0.54381  0.54354 
 14.94500  0.54366  0.54337 
 15.04500  0.54351  0.54323 
 15.14500  0.54335  0.54307 
 15.24500  0.54319  0.54293 
 15.34500  0.54304  0.54276 
 15.44500  0.54289  0.54262 
 15.54500  0.54273  0.54246 
 15.64500  0.54258  0.54230 
 15.74500  0.54240  0.54215 
 15.84500  0.54225  0.54199 
 15.94500  0.54210  0.54184 
 16.04500  0.54194  0.54167 
 16.14500  0.54178  0.54152 
 16.24500  0.54161  0.54135 
 16.34500  0.54146  0.54120 
 16.44500  0.54129  0.54104 
 16.54500  0.54113  0.54086 
 16.64500  0.54096  0.54071 
 16.74500  0.54081  0.54055 
 16.84500  0.54064  0.54038 
 16.94500  0.54048  0.54022 
 17.04500  0.54030  0.54005 
 17.14500  0.54014  0.53988 
 17.24500  0.53997  0.53972 
 17.34500  0.53981  0.53955 
 17.44500  0.53963  0.53938 
 17.54500  0.53947  0.53922 
 17.64500  0.53929  0.53905 
 17.74500  0.53913  0.53888 
 17.84500  0.53895  0.53870 
 17.94500  0.53878  0.53854 
 18.04500  0.53860  0.53836 
 18.14500  0.53843  0.53819 
 18.24500  0.53826  0.53802 
 18.34500  0.53809  0.53785 
 18.44500  0.53792  0.53766 
 18.54500  0.53772  0.53750 
 18.64500  0.53756  0.53732 
 18.74500  0.53738  0.53715 
 18.84500  0.53720  0.53696 
 18.94500  0.53703  0.53679 
 19.04500  0.53684  0.53661 
 19.14500  0.53666  0.53644 
 19.24500  0.53649  0.53625 
 19.34500  0.53631  0.53607 
 19.44500  0.53613  0.53590 
 19.54500  0.53594  0.53572 
 19.64500  0.53576  0.53554 
 19.74500  0.53557  0.53535 
 19.84500  0.53539  0.53517 
 19.94500  0.53521  0.53499 
 20.04500  0.53503  0.53481 
 20.14500  0.53485  0.53462 
 20.24500  0.53466  0.53444 
 20.34500  0.53447  0.53425 
 20.44500  0.53428  0.53407 
 20.54500  0.53409  0.53388 
 20.64500  0.53391  0.53369 
 20.74500  0.53373  0.53351 
 20.84500  0.53352  0.53333 
 20.94500  0.53334  0.53314 
 21.04500  0.53315  0.53295 
 21.14500  0.53296  0.53275 
 21.24500  0.53277  0.53257 
 21.34500  0.53259  0.53238 
 21.44500  0.53239  0.53219 
 21.54500  0.53220  0.53200 
 21.64500  0.53201  0.53181 
 21.74500  0.53182  0.53162 
 21.84500  0.53162  0.53143 
 21.94500  0.53142  0.53123 
 22.04500  0.53123  0.53105 
 22.14500  0.53104  0.53085 
 22.24500  0.53084  0.53065 
 22.34500  0.53064  0.53046 
 22.44500  0.53045  0.53027 
 22.54500  0.53025  0.53007 
 22.64500  0.53005  0.52987 
 22.74500  0.52986  0.52969 
 22.84500  0.52965  0.52949 
 22.94500  0.52945  0.52929 
 23.04500  0.52926  0.52909 
 23.14500  0.52905  0.52889 
 23.24500  0.52886  0.52871 
 23.34500  0.52866  0.52851 
 23.44500  0.52846  0.52831 
 23.54500  0.52826  0.52811 
 23.64500  0.52806  0.52791 
 23.74500  0.52786  0.52771 
 23.84500  0.52766  0.52751 
 23.94500  0.52746  0.52731 
 24.04500  0.52726  0.52711 
 24.14500  0.52706  0.52691 
 24.24500  0.52685  0.52671 
 24.34500  0.52665  0.52651 
 24.44500  0.52644  0.52631 
 24.54500  0.52624  0.52611 
 24.64500  0.52603  0.52591 
 24.74500  0.52584  0.52571 
 24.84500  0.52562  0.52551 
 24.94500  0.52543  0.52530 
 25.04500  0.52522  0.52509 
 25.14500  0.52501  0.52489 
 25.24500  0.52481  0.52469 
 25.34500  0.52461  0.52449 
 25.44500  0.52439  0.52429 
 25.54500  0.52419  0.52407 
 25.64500  0.52399  0.52387 
 25.74500  0.52378  0.52367 
 25.84500  0.52358  0.52347 
 25.94500  0.52336  0.52326 
 26.04500  0.52316  0.52305 
 26.14500  0.52295  0.52285 
 26.24500  0.52275  0.52265 
 26.34500  0.52253  0.52243 
 26.44500  0.52233  0.52223 
 26.54500  0.52212  0.52203 
 26.64500  0.52192  0.52181 
 26.74500  0.52170  0.52161 
 26.84500  0.52150  0.52141 
 26.94500  0.52128  0.52119 
 27.04500  0.52108  0.52099 
 27.14500  0.52087  0.52079 
 27.24500  0.52065  0.52057 
 27.34500  0.52044  0.52037 
 27.44500  0.52023  0.52016 
 27.54500  0.52003  0.51995 
 27.64500  0.51982  0.51974 
 27.74500  0.51961  0.51953 
 27.84500  0.51940  0.51933 
 27.94500  0.51919  0.51911 
 28.04500  0.51899  0.51891 
 28.14500  0.51877  0.51870 
 28.24500  0.51855  0.51849 
 28.34500  0.51835  0.51828 
 28.44500  0.51814  0.51807 
 28.54500  0.51792  0.51787 
 28.64500  0.51772  0.51765 
 28.74500  0.51750  0.51744 
 28.84500  0.51729  0.51723 
 28.94500  0.51708  0.51702 
 29.04500  0.51687  0.51681 
 29.14500  0.51666  0.51661 
 29.24500  0.51645  0.51639 
 29.34500  0.51623  0.51619 
 29.44500  0.51602  0.51597 
 29.54500  0.51581  0.51577 
 29.64500  0.51561  0.51555 
 29.74500  0.51539  0.51534 
 29.84500  0.51517  0.51513 
 29.94500  0.51497  0.51492 
 30.04500  0.51476  0.51471 
 30.14500  0.51454  0.51450 
 30.24500  0.51433  0.51429 
 30.34500  0.51412  0.51408 
 30.44500  0.51391  0.51387 
 30.54500  0.51369  0.51366 
 30.64500  0.51348  0.51345 
 30.74500  0.51327  0.51323 
 30.84500  0.51305  0.51303 
 30.94500  0.51285  0.51281 
 31.04500  0.51263  0.51261 
 31.14500  0.51241  0.51239 
 31.24500  0.51220  0.51219 
 31.34500  0.51200  0.51197 
 31.44500  0.51178  0.51177 
 31.54500  0.51156  0.51155 
 31.64500  0.51135  0.51134 
 31.74500  0.51114  0.51113 
 31.84500  0.51093  0.51092 
 31.94500  0.51071  0.51071 
 32.04500  0.51050  0.51050 
 32.14500  0.51029  0.51029 
 32.24500  0.51007  0.51009 
 32.34500  0.50986  0.50987 
 32.44500  0.50965  0.50967 
 32.54500  0.50944  0.50945 
 32.64500  0.50923  0.50924 
 32.74500  0.50902  0.50903 
 32.84500  0.50880  0.50882 
 32.94500  0.50859  0.50861 
 33.04500  0.50837  0.50841 
 33.14500  0.50816  0.50819 
 33.24500  0.50796  0.50799 
 33.34500  0.50774  0.50777 
 33.44500  0.50754  0.50757 
 33.54500  0.50732  0.50736 
 33.64500  0.50711  0.50715 
 33.74500  0.50690  0.50694 
 33.84500  0.50669  0.50673 
 33.94500  0.50647  0.50653 
 34.04500  0.50626  0.50631 
 34.14500  0.50605  0.50611 
 34.24500  0.50584  0.50590 
 34.34500  0.50564  0.50569 
 34.44500  0.50543  0.50549 
 34.54500  0.50522  0.50528 
 34.64500  0.50501  0.50507 
 34.74500  0.50479  0.50487 
 34.84500  0.50459  0.50466 
 34.94500  0.50438  0.50445 
 35.04500  0.50417  0.50425 
 35.14500  0.50397  0.50403 
 35.24500  0.50376  0.50383 
 35.34500  0.50355  0.50363 
 35.44500  0.50334  0.50342 
 35.54500  0.50314  0.50321 
 35.64500  0.50292  0.50301 
 35.74500  0.50273  0.50281 
 35.84500  0.50251  0.50260 
 35.94500  0.50231  0.50239 
 36.04500  0.50211  0.50219 
 36.14500  0.50190  0.50199 
 36.24500  0.50170  0.50179 
 36.34500  0.50148  0.50158 
 36.44500  0.50130  0.50137 
 36.54500  0.50108  0.50117 
 36.64500  0.50088  0.50097 
 36.74500  0.50066  0.50077 
 36.84500  0.50046  0.50057 
 36.94500  0.50026  0.50037 
 37.04500  0.50006  0.50017 
 37.14500  0.49986  0.49996 
 37.24500  0.49966  0.49975 
 37.34500  0.49946  0.49955 
 37.44500  0.49925  0.49935 
 37.54500  0.49905  0.49915 
 37.64500  0.49884  0.49895 
 37.74500  0.49864  0.49875 
 37.84500  0.49845  0.49855 
 37.94500  0.49825  0.49835 
 38.04500  0.49804  0.49815 
 38.14500  0.49784  0.49796 
 38.24500  0.49764  0.49777 
 38.34500  0.49745  0.49757 
 38.44500  0.49724  0.49737 
 38.54500  0.49705  0.49717 
 38.64500  0.49685  0.49697 
 38.74500  0.49665  0.49677 
 38.84500  0.49645  0.49658 
 38.94500  0.49625  0.49639 
 39.04500  0.49606  0.49619 
 39.14500  0.49586  0.49599 
 39.24500  0.49567  0.49580 
 39.34500  0.49547  0.49561 
 39.44500  0.49527  0.49541 
 39.54500  0.49508  0.49521 
 39.64500  0.49489  0.49503 
 39.74500  0.49469  0.49483 
 39.84500  0.49449  0.49464 
 39.94500  0.49430  0.49445 
 40.04500  0.49410  0.49425 
 40.14500  0.49391  0.49406 
 40.24500  0.49371  0.49387 
 40.34500  0.49353  0.49368 
 40.44500  0.49334  0.49349 
 40.54500  0.49315  0.49330 
 40.64500  0.49295  0.49311 
 40.74500  0.49276  0.49293 
 40.84500  0.49258  0.49274 
 40.94500  0.49238  0.49255 
 41.04500  0.49219  0.49236 
 41.14500  0.49201  0.49217 
 41.24500  0.49182  0.49199 
 41.34500  0.49163  0.49180 
 41.44500  0.49144  0.49161 
 41.54500  0.49125  0.49143 
 41.64500  0.49106  0.49125 
 41.74500  0.49088  0.49106 
 41.84500  0.49068  0.49087 
 41.94500  0.49050  0.49069 
 42.04500  0.49033  0.49051 
 42.14500  0.49014  0.49033 
 42.24500  0.48995  0.49015 
 42.34500  0.48978  0.48996 
 42.44500  0.48959  0.48978 
 42.54500  0.48941  0.48960 
 42.64500  0.48923  0.48943 
 42.74500  0.48904  0.48925 
 42.84500  0.48886  0.48906 
 42.94500  0.48868  0.48888 
 43.04500  0.48850  0.48871 
 43.14500  0.48832  0.48854 
 43.24500  0.48814  0.48835 
 43.34500  0.48797  0.48818 
 43.44500  0.48780  0.48800 
 43.54500  0.48761  0.48783 
 43.64500  0.48743  0.48765 
 43.74500  0.48727  0.48748 
 43.84500  0.48708  0.48730 
 43.94500  0.48691  0.48714 
 44.04500  0.48673  0.48696 
 44.14500  0.48656  0.48678 
 44.24500  0.48639  0.48662 
 44.34500  0.48621  0.48645 
 44.44500  0.48604  0.48627 
 44.54500  0.48587  0.48610 
 44.64500  0.48570  0.48594 
 44.74500  0.48553  0.48576 
 44.84500  0.48536  0.48560 
 44.94500  0.48519  0.48544 
 45.04500  0.48502  0.48526 
 45.14500  0.48486  0.48510 
 45.24500  0.48469  0.48494 
 45.34500  0.48452  0.48476 
 45.44500  0.48435  0.48460 
 45.54500  0.48420  0.48444 
 45.64500  0.48403  0.48428 
 45.74500  0.48387  0.48412 
 45.84500  0.48370  0.48395 
 45.94500  0.48354  0.48379 
 46.04500  0.48338  0.48364 
 46.14500  0.48322  0.48346 
 46.24500  0.48305  0.48332 
 46.34500  0.48290  0.48315 
 46.44500  0.48274  0.48299 
 46.54500  0.48258  0.48284 
 46.64500  0.48242  0.48268 
 46.74500  0.48227  0.48253 
 46.84500  0.48211  0.48236 
 46.94500  0.48195  0.48222 
 47.04500  0.48181  0.48206 
 47.14500  0.48164  0.48191 
 47.24500  0.48149  0.48175 
 47.34500  0.48134  0.48160 
 47.44500  0.48118  0.48145 
 47.54500  0.48103  0.48130 
 47.64500  0.48088  0.48115 
 47.74500  0.48072  0.48100 
 47.84500  0.48059  0.48085 
 47.94500  0.48042  0.48071 
 48.04500  0.48029  0.48055 
 48.14500  0.48014  0.48041 
 48.24500  0.47999  0.48026 
 48.34500  0.47984  0.48013 
 48.44500  0.47970  0.47997 
 48.54500  0.47955  0.47984 
 48.64500  0.47941  0.47969 
 48.74500  0.47927  0.47955 
 48.84500  0.47911  0.47941 
 48.94500  0.47898  0.47926 
 49.04500  0.47883  0.47913 
 49.14500  0.47870  0.47897 
 49.24500  0.47855  0.47885 
 49.34500  0.47842  0.47871 
 49.44500  0.47827  0.47856 
 49.54500  0.47814  0.47844 
 49.64500  0.47800  0.47829 
 49.74500  0.47788  0.47816 
 49.84500  0.47773  0.47803 
 49.94500  0.47760  0.47789 
 50.04500  0.47746  0.47776 
 50.14500  0.47733  0.47763 
 50.24500  0.47720  0.47750 
 50.34500  0.47707  0.47736 
 50.44500  0.47694  0.47724 
 50.54500  0.47680  0.47712 
 50.64500  0.47667  0.47697 
 50.74500  0.47655  0.47685 
 50.84500  0.47641  0.47673 
 50.94500  0.47630  0.47660 
 51.04500  0.47616  0.47647 
 51.14500  0.47603  0.47635 
 51.24500  0.47592  0.47623 
 51.34500  0.47579  0.47612 
 51.44500  0.47567  0.47598 
 51.54500  0.47555  0.47586 
 51.64500  0.47543  0.47575 
 51.74500  0.47530  0.47563 
 51.84500  0.47518  0.47551 
 51.94500  0.47507  0.47539 
 52.04500  0.47494  0.47527 
 52.14500  0.47482  0.47516 
 52.24500  0.47471  0.47504 
 52.34500  0.47459  0.47493 
 52.44500  0.47448  0.47482 
 52.54500  0.47436  0.47471 
 52.64500  0.47425  0.47459 
 52.74500  0.47414  0.47448 
 52.84500  0.47403  0.47437 
 52.94500  0.47392  0.47426 
 53.04500  0.47380  0.47415 
 53.14500  0.47370  0.47405 
 53.24500  0.47359  0.47394 
 53.34500  0.47348  0.47384 
 53.44500  0.47338  0.47373 
 53.54500  0.47328  0.47363 
 53.64500  0.47317  0.47352 
 53.74500  0.47307  0.47342 
 53.84500  0.47296  0.47332 
 53.94500  0.47286  0.47322 
 54.04500  0.47276  0.47312 
 54.14500  0.47266  0.47302 
 54.24500  0.47256  0.47292 
 54.34500  0.47247  0.47283 
 54.44500  0.47237  0.47273 
 54.54500  0.47228  0.47263 
 54.64500  0.47218  0.47254 
 54.74500  0.47208  0.47245 
 54.84500  0.47199  0.47236 
 54.94500  0.47189  0.47227 
 55.04500  0.47181  0.47218 
 55.14500  0.47172  0.47209 
 55.24500  0.47163  0.47200 
 55.34500  0.47155  0.47190 
 55.44500  0.47144  0.47182 
 55.54500  0.47136  0.47173 
 55.64500  0.47129  0.47165 
 55.74500  0.47119  0.47157 
 55.84500  0.47112  0.47149 
 55.94500  0.47102  0.47140 
 56.04500  0.47094  0.47131 
 56.14500  0.47086  0.47123 
 56.24500  0.47079  0.47116 
 56.34500  0.47070  0.47109 
 56.44500  0.47063  0.47100 
 56.54500  0.47056  0.47092 
 56.64500  0.47047  0.47085 
 56.74500  0.47039  0.47078 
 56.84500  0.47033  0.47070 
 56.94500  0.47025  0.47062 
 57.04500  0.47018  0.47056 
 57.14500  0.47012  0.47050 
 57.24500  0.47002  0.47040 
 57.34500  0.46997  0.47034 
 57.44500  0.46990  0.47029 
 57.54500  0.46982  0.47020 
 57.64500  0.46977  0.47014 
 57.74500  0.46968  0.47009 
 57.84500  0.46964  0.47000 
 57.94500  0.46956  0.46995 
 58.04500  0.46950  0.46990 
 58.14500  0.46946  0.46981 
 58.24500  0.46937  0.46978 
 58.34500  0.46932  0.46970 
 58.44500  0.46926  0.46965 
 58.54500  0.46920  0.46960 
 58.64500  0.46914  0.46952 
 58.74500  0.46910  0.46950 
 58.84500  0.46902  0.46940 
 58.94500  0.46900  0.46939 
 59.04500  0.46891  0.46930 
 59.14500  0.46889  0.46928 
 59.24500  0.46880  0.46920 
 59.34500  0.46878  0.46918 
 59.44500  0.46871  0.46910 
 59.54500  0.46867  0.46909 
 59.64500  0.46862  0.46900 
 59.74500  0.46859  0.46900 
 59.84500  0.46854  0.46891 
 59.94500  0.46847  0.46890 
 60.04500  0.46845  0.46884 
 60.14500  0.46842  0.46880 
 60.24500  0.46835  0.46878 
 60.34500  0.46834  0.46870 
 60.44500  0.46826  0.46870 
 60.54500  0.46825  0.46864 
 60.64500  0.46821  0.46860 
 60.74500  0.46814  0.46860 
 60.84500  0.46815  0.46851 
 60.94500  0.46809  0.46850 
 61.04500  0.46806  0.46850 
 61.14500  0.46804  0.46841 
 61.24500  0.46800  0.46840 
 61.34500  0.46799  0.46840 
 61.44500  0.46793  0.46835 
 61.54500  0.46789  0.46830 
 61.64500  0.46790  0.46830 
 61.74500  0.46787  0.46830 
 61.84500  0.46781  0.46823 
 61.94500  0.46779  0.46820 
 62.04500  0.46779  0.46820 
 62.14500  0.46779  0.46820 
 62.24500  0.46774  0.46818 
 62.34500  0.46768  0.46810 
 62.44500  0.46769  0.46810 
 62.54500  0.46770  0.46810 
 62.64500  0.46770  0.46810 
 62.74500  0.46767  0.46810 
 62.84500  0.46764  0.46807 
 62.94500  0.46759  0.46800 
 63.04500  0.46758  0.46800 
 63.14500  0.46758  0.46800 
 63.24500  0.46758  0.46800 
 63.34500  0.46758  0.46800 
 63.44500  0.46757  0.46800 
 63.54500  0.46758  0.46800 
 63.64500  0.46753  0.46800 
 63.74500  0.46754  0.46800 
 63.84500  0.46754  0.46800 
 63.94500  0.46755  0.46800 
 64.04500  0.46755  0.46800 
 64.14500  0.46755  0.46800 
