  0.04500  0.69912  0.69910 
  0.14500  0.69907  0.69908 
  0.24500  0.69897  0.69897 
  0.34500  0.69882  0.69883 
  0.44500  0.69862  0.69863 
  0.54500  0.69837  0.69839 
  0.64500  0.69807  0.69808 
  0.74500  0.69774  0.69775 
  0.84500  0.69734  0.69735 
  0.94500  0.69691  0.69690 
  1.04500  0.69642  0.69640 
  1.14500  0.69588  0.69588 
  1.24500  0.69526  0.69529 
  1.34500  0.69465  0.69467 
  1.44500  0.69398  0.69399 
  1.54500  0.69325  0.69325 
  1.64500  0.69248  0.69249 
  1.74500  0.69166  0.69169 
  1.84500  0.69081  0.69082 
  1.94500  0.68991  0.68992 
  2.04500  0.68897  0.68895 
  2.14500  0.68797  0.68795 
  2.24500  0.68695  0.68695 
  2.34500  0.68589  0.68589 
  2.44500  0.68477  0.68479 
  2.54500  0.68363  0.68363 
  2.64500  0.68245  0.68246 
  2.74500  0.68123  0.68123 
  2.84500  0.67998  0.67997 
  2.94500  0.67866  0.67869 
  3.04500  0.67737  0.67737 
  3.14500  0.67599  0.67600 
  3.24500  0.67460  0.67461 
  3.34500  0.67319  0.67318 
  3.44500  0.67173  0.67174 
  3.54500  0.67024  0.67025 
  3.64500  0.66873  0.66875 
  3.74500  0.66719  0.66720 
  3.84500  0.66564  0.66563 
  3.94500  0.66406  0.66406 
  4.04500  0.66243  0.66244 
  4.14500  0.66078  0.66081 
  4.24500  0.65914  0.65915 
  4.34500  0.65746  0.65748 
  4.44500  0.65577  0.65578 
  4.54500  0.65408  0.65407 
  4.64500  0.65233  0.65233 
  4.74500  0.65059  0.65059 
  4.84500  0.64883  0.64882 
  4.94500  0.64705  0.64705 
  5.04500  0.64526  0.64527 
  5.14500  0.64347  0.64346 
  5.24500  0.64165  0.64165 
  5.34500  0.63982  0.63984 
  5.44500  0.63801  0.63800 
  5.54500  0.63617  0.63616 
  5.64500  0.63433  0.63434 
  5.74500  0.63248  0.63248 
  5.84500  0.63063  0.63064 
  5.94500  0.62877  0.62877 
  6.04500  0.62692  0.62693 
  6.14500  0.62506  0.62506 
  6.24500  0.62320  0.62321 
  6.34500  0.62134  0.62135 
  6.44500  0.61948  0.61950 
  6.54500  0.61763  0.61765 
  6.64500  0.61578  0.61580 
  6.74500  0.61394  0.61396 
  6.84500  0.61209  0.61212 
  6.94500  0.61025  0.61028 
  7.04500  0.60843  0.60846 
  7.14500  0.60662  0.60665 
  7.24500  0.60479  0.60485 
  7.34500  0.60302  0.60304 
  7.44500  0.60122  0.60126 
  7.54500  0.59944  0.59948 
  7.64500  0.59768  0.59771 
  7.74500  0.59589  0.59595 
  7.84500  0.59416  0.59422 
  7.94500  0.59243  0.59249 
  8.04500  0.59072  0.59078 
  8.14500  0.58901  0.58908 
  8.24500  0.58733  0.58739 
  8.34500  0.58565  0.58573 
  8.44500  0.58400  0.58408 
  8.54500  0.58236  0.58245 
  8.64500  0.58074  0.58084 
  8.74500  0.57914  0.57923 
  8.84500  0.57755  0.57765 
  8.94500  0.57599  0.57609 
  9.04500  0.57446  0.57455 
  9.14500  0.57292  0.57303 
  9.24500  0.57142  0.57151 
  9.34500  0.56993  0.57005 
  9.44500  0.56845  0.56857 
  9.54500  0.56701  0.56713 
  9.64500  0.56558  0.56571 
  9.74500  0.56419  0.56431 
  9.84500  0.56281  0.56294 
  9.94500  0.56144  0.56157 
 10.04500  0.56009  0.56023 
 10.14500  0.55879  0.55893 
 10.24500  0.55750  0.55764 
 10.34500  0.55622  0.55636 
 10.44500  0.55497  0.55512 
 10.54500  0.55375  0.55388 
 10.64500  0.55255  0.55269 
 10.74500  0.55136  0.55150 
 10.84500  0.55021  0.55034 
 10.94500  0.54907  0.54921 
 11.04500  0.54794  0.54809 
 11.14500  0.54687  0.54700 
 11.24500  0.54581  0.54595 
 11.34500  0.54476  0.54486 
 11.44500  0.54373  0.54385 
 11.54500  0.54271  0.54285 
 11.64500  0.54173  0.54185 
 11.74500  0.54081  0.54093 
 11.84500  0.53985  0.53997 
 11.94500  0.53894  0.53906 
 12.04500  0.53805  0.53817 
 12.14500  0.53718  0.53730 
 12.24500  0.53634  0.53644 
 12.34500  0.53552  0.53561 
 12.44500  0.53471  0.53480 
 12.54500  0.53393  0.53402 
 12.64500  0.53315  0.53325 
 12.74500  0.53242  0.53250 
 12.84500  0.53169  0.53176 
 12.94500  0.53099  0.53106 
 13.04500  0.53030  0.53037 
 13.14500  0.52965  0.52970 
 13.24500  0.52900  0.52905 
 13.34500  0.52837  0.52841 
 13.44500  0.52777  0.52781 
 13.54500  0.52718  0.52721 
 13.64500  0.52660  0.52663 
 13.74500  0.52605  0.52607 
 13.84500  0.52552  0.52553 
 13.94500  0.52499  0.52500 
 14.04500  0.52449  0.52450 
 14.14500  0.52401  0.52400 
 14.24500  0.52354  0.52352 
 14.34500  0.52309  0.52307 
 14.44500  0.52264  0.52262 
 14.54500  0.52223  0.52219 
 14.64500  0.52183  0.52178 
 14.74500  0.52142  0.52138 
 14.84500  0.52104  0.52100 
 14.94500  0.52068  0.52063 
 15.04500  0.52031  0.52026 
 15.14500  0.51998  0.51992 
 15.24500  0.51965  0.51958 
 15.34500  0.51932  0.51928 
 15.44500  0.51903  0.51897 
 15.54500  0.51875  0.51867 
 15.64500  0.51846  0.51839 
 15.74500  0.51820  0.51812 
 15.84500  0.51794  0.51785 
 15.94500  0.51769  0.51760 
 16.04500  0.51745  0.51738 
 16.14500  0.51721  0.51714 
 16.24500  0.51700  0.51692 
 16.34500  0.51679  0.51671 
 16.44500  0.51659  0.51651 
 16.54500  0.51638  0.51632 
 16.64500  0.51620  0.51614 
 16.74500  0.51603  0.51595 
 16.84500  0.51587  0.51578 
 16.94500  0.51571  0.51563 
 17.04500  0.51555  0.51546 
 17.14500  0.51538  0.51533 
 17.24500  0.51525  0.51517 
 17.34500  0.51510  0.51505 
 17.44500  0.51496  0.51492 
 17.54500  0.51483  0.51478 
 17.64500  0.51471  0.51467 
 17.74500  0.51461  0.51456 
 17.84500  0.51448  0.51445 
 17.94500  0.51436  0.51434 
 18.04500  0.51429  0.51424 
 18.14500  0.51416  0.51415 
 18.24500  0.51406  0.51405 
 18.34500  0.51399  0.51396 
 18.44500  0.51388  0.51388 
 18.54500  0.51378  0.51380 
 18.64500  0.51371  0.51370 
 18.74500  0.51363  0.51363 
 18.84500  0.51354  0.51356 
 18.94500  0.51345  0.51349 
 19.04500  0.51340  0.51340 
 19.14500  0.51331  0.51333 
 19.24500  0.51324  0.51327 
 19.34500  0.51316  0.51320 
 19.44500  0.51309  0.51311 
 19.54500  0.51300  0.51306 
 19.64500  0.51295  0.51300 
 19.74500  0.51287  0.51291 
 19.84500  0.51282  0.51286 
 19.94500  0.51275  0.51280 
 20.04500  0.51267  0.51272 
 20.14500  0.51261  0.51267 
 20.24500  0.51253  0.51260 
 20.34500  0.51247  0.51252 
 20.44500  0.51241  0.51247 
 20.54500  0.51234  0.51240 
 20.64500  0.51227  0.51232 
 20.74500  0.51221  0.51227 
 20.84500  0.51213  0.51220 
 20.94500  0.51208  0.51211 
 21.04500  0.51200  0.51206 
 21.14500  0.51192  0.51200 
 21.24500  0.51186  0.51190 
 21.34500  0.51178  0.51184 
 21.44500  0.51171  0.51177 
 21.54500  0.51165  0.51170 
 21.64500  0.51157  0.51160 
 21.74500  0.51150  0.51153 
 21.84500  0.51141  0.51146 
 21.94500  0.51134  0.51139 
 22.04500  0.51126  0.51130 
 22.14500  0.51119  0.51121 
 22.24500  0.51111  0.51113 
 22.34500  0.51103  0.51105 
 22.44500  0.51096  0.51097 
 22.54500  0.51088  0.51089 
 22.64500  0.51079  0.51080 
 22.74500  0.51070  0.51070 
 22.84500  0.51062  0.51061 
 22.94500  0.51053  0.51053 
 23.04500  0.51045  0.51044 
 23.14500  0.51037  0.51034 
 23.24500  0.51028  0.51025 
 23.34500  0.51020  0.51016 
 23.44500  0.51010  0.51006 
 23.54500  0.51001  0.50997 
 23.64500  0.50992  0.50987 
 23.74500  0.50982  0.50977 
 23.84500  0.50973  0.50968 
 23.94500  0.50964  0.50958 
 24.04500  0.50954  0.50948 
 24.14500  0.50945  0.50938 
 24.24500  0.50935  0.50928 
 24.34500  0.50925  0.50917 
 24.44500  0.50914  0.50907 
 24.54500  0.50905  0.50897 
 24.64500  0.50896  0.50886 
 24.74500  0.50884  0.50876 
 24.84500  0.50874  0.50865 
 24.94500  0.50864  0.50855 
 25.04500  0.50853  0.50844 
 25.14500  0.50842  0.50834 
 25.24500  0.50832  0.50823 
 25.34500  0.50821  0.50812 
 25.44500  0.50810  0.50801 
 25.54500  0.50800  0.50791 
 25.64500  0.50790  0.50779 
 25.74500  0.50778  0.50768 
 25.84500  0.50766  0.50757 
 25.94500  0.50755  0.50746 
 26.04500  0.50744  0.50735 
 26.14500  0.50733  0.50723 
 26.24500  0.50721  0.50712 
 26.34500  0.50709  0.50701 
 26.44500  0.50698  0.50688 
 26.54500  0.50685  0.50677 
 26.64500  0.50674  0.50665 
 26.74500  0.50661  0.50654 
 26.84500  0.50649  0.50642 
 26.94500  0.50637  0.50630 
 27.04500  0.50624  0.50617 
 27.14500  0.50612  0.50605 
 27.24500  0.50601  0.50594 
 27.34500  0.50586  0.50582 
 27.44500  0.50574  0.50568 
 27.54500  0.50561  0.50556 
 27.64500  0.50548  0.50544 
 27.74500  0.50534  0.50530 
 27.84500  0.50521  0.50517 
 27.94500  0.50507  0.50505 
 28.04500  0.50493  0.50492 
 28.14500  0.50481  0.50477 
 28.24500  0.50467  0.50465 
 28.34500  0.50452  0.50452 
 28.44500  0.50438  0.50437 
 28.54500  0.50425  0.50424 
 28.64500  0.50410  0.50410 
 28.74500  0.50397  0.50396 
 28.84500  0.50381  0.50383 
 28.94500  0.50366  0.50367 
 29.04500  0.50354  0.50354 
 29.14500  0.50338  0.50339 
 29.24500  0.50323  0.50325 
 29.34500  0.50307  0.50309 
 29.44500  0.50292  0.50295 
 29.54500  0.50277  0.50280 
 29.64500  0.50262  0.50265 
 29.74500  0.50246  0.50250 
 29.84500  0.50231  0.50235 
 29.94500  0.50215  0.50219 
 30.04500  0.50200  0.50204 
 30.14500  0.50185  0.50188 
 30.24500  0.50169  0.50174 
 30.34500  0.50154  0.50157 
 30.44500  0.50138  0.50142 
 30.54500  0.50122  0.50126 
 30.64500  0.50106  0.50111 
 30.74500  0.50090  0.50095 
 30.84500  0.50075  0.50079 
 30.94500  0.50060  0.50064 
 31.04500  0.50044  0.50047 
 31.14500  0.50029  0.50033 
 31.24500  0.50013  0.50016 
 31.34500  0.49998  0.50001 
 31.44500  0.49983  0.49985 
 31.54500  0.49968  0.49970 
 31.64500  0.49952  0.49955 
 31.74500  0.49938  0.49939 
 31.84500  0.49923  0.49925 
 31.94500  0.49909  0.49909 
 32.04500  0.49895  0.49895 
 32.14500  0.49881  0.49881 
 32.24500  0.49867  0.49866 
 32.34500  0.49852  0.49853 
 32.44500  0.49838  0.49837 
 32.54500  0.49826  0.49824 
 32.64500  0.49813  0.49811 
 32.74500  0.49800  0.49797 
 32.84500  0.49789  0.49785 
 32.94500  0.49777  0.49773 
 33.04500  0.49764  0.49760 
 33.14500  0.49753  0.49748 
 33.24500  0.49742  0.49737 
 33.34500  0.49731  0.49726 
 33.44500  0.49720  0.49715 
 33.54500  0.49711  0.49705 
 33.64500  0.49701  0.49696 
 33.74500  0.49694  0.49686 
 33.84500  0.49684  0.49678 
 33.94500  0.49676  0.49670 
 34.04500  0.49670  0.49660 
 34.14500  0.49661  0.49654 
 34.24500  0.49656  0.49649 
 34.34500  0.49650  0.49640 
 34.44500  0.49645  0.49636 
 34.54500  0.49640  0.49630 
 34.64500  0.49636  0.49628 
 34.74500  0.49633  0.49620 
 34.84500  0.49630  0.49620 
 34.94500  0.49628  0.49620 
 35.04500  0.49625  0.49615 
 35.14500  0.49623  0.49610 
 35.24500  0.49622  0.49610 
 35.34500  0.49623  0.49610 
 35.44500  0.49622  0.49610 
 35.54500  0.49622  0.49620 
 35.64500  0.49628  0.49620 
 35.74500  0.49633  0.49620 
 35.84500  0.49633  0.49624 
 35.94500  0.49637  0.49630 
 36.04500  0.49640  0.49633 
 36.14500  0.49647  0.49640 
 36.24500  0.49653  0.49646 
 36.34500  0.49659  0.49653 
 36.44500  0.49666  0.49660 
 36.54500  0.49676  0.49670 
 36.64500  0.49684  0.49679 
 36.74500  0.49693  0.49689 
 36.84500  0.49706  0.49699 
 36.94500  0.49714  0.49712 
 37.04500  0.49727  0.49724 
 37.14500  0.49739  0.49736 
 37.24500  0.49752  0.49749 
 37.34500  0.49766  0.49764 
 37.44500  0.49780  0.49778 
 37.54500  0.49795  0.49794 
 37.64500  0.49811  0.49810 
 37.74500  0.49827  0.49826 
 37.84500  0.49845  0.49844 
 37.94500  0.49861  0.49862 
 38.04500  0.49880  0.49881 
 38.14500  0.49899  0.49899 
 38.24500  0.49918  0.49919 
 38.34500  0.49937  0.49939 
 38.44500  0.49957  0.49960 
 38.54500  0.49978  0.49981 
 38.64500  0.50000  0.50003 
 38.74500  0.50022  0.50025 
 38.84500  0.50044  0.50048 
 38.94500  0.50068  0.50070 
 39.04500  0.50091  0.50094 
 39.14500  0.50115  0.50118 
 39.24500  0.50138  0.50142 
 39.34500  0.50162  0.50168 
 39.44500  0.50187  0.50192 
 39.54500  0.50212  0.50218 
 39.64500  0.50239  0.50242 
 39.74500  0.50263  0.50268 
 39.84500  0.50290  0.50293 
 39.94500  0.50317  0.50320 
 40.04500  0.50342  0.50346 
 40.14500  0.50369  0.50372 
 40.24500  0.50396  0.50400 
 40.34500  0.50422  0.50426 
 40.44500  0.50451  0.50452 
 40.54500  0.50478  0.50480 
 40.64500  0.50505  0.50507 
 40.74500  0.50532  0.50533 
 40.84500  0.50558  0.50560 
 40.94500  0.50586  0.50588 
 41.04500  0.50613  0.50614 
 41.14500  0.50641  0.50640 
 41.24500  0.50667  0.50668 
 41.34500  0.50694  0.50694 
 41.44500  0.50722  0.50720 
 41.54500  0.50747  0.50746 
 41.64500  0.50774  0.50772 
 41.74500  0.50799  0.50798 
 41.84500  0.50826  0.50822 
 41.94500  0.50851  0.50848 
 42.04500  0.50877  0.50872 
 42.14500  0.50902  0.50898 
 42.24500  0.50926  0.50922 
 42.34500  0.50952  0.50945 
 42.44500  0.50976  0.50969 
 42.54500  0.50998  0.50991 
 42.64500  0.51021  0.51013 
 42.74500  0.51043  0.51036 
 42.84500  0.51065  0.51057 
 42.94500  0.51086  0.51078 
 43.04500  0.51107  0.51099 
 43.14500  0.51127  0.51118 
 43.24500  0.51147  0.51137 
 43.34500  0.51166  0.51155 
 43.44500  0.51183  0.51174 
 43.54500  0.51200  0.51191 
 43.64500  0.51219  0.51206 
 43.74500  0.51233  0.51224 
 43.84500  0.51251  0.51237 
 43.94500  0.51263  0.51253 
 44.04500  0.51280  0.51266 
 44.14500  0.51291  0.51278 
 44.24500  0.51301  0.51292 
 44.34500  0.51315  0.51303 
 44.44500  0.51326  0.51313 
 44.54500  0.51336  0.51322 
 44.64500  0.51344  0.51330 
 44.74500  0.51353  0.51340 
 44.84500  0.51356  0.51347 
 44.94500  0.51362  0.51350 
 45.04500  0.51368  0.51359 
 45.14500  0.51371  0.51360 
 45.24500  0.51375  0.51361 
 45.34500  0.51377  0.51370 
 45.44500  0.51378  0.51370 
 45.54500  0.51378  0.51370 
 45.64500  0.51376  0.51370 
 45.74500  0.51372  0.51363 
 45.84500  0.51371  0.51360 
 45.94500  0.51366  0.51359 
 46.04500  0.51363  0.51350 
 46.14500  0.51354  0.51346 
 46.24500  0.51345  0.51339 
 46.34500  0.51337  0.51330 
 46.44500  0.51325  0.51319 
 46.54500  0.51314  0.51308 
 46.64500  0.51301  0.51296 
 46.74500  0.51289  0.51284 
 46.84500  0.51275  0.51269 
 46.94500  0.51256  0.51254 
 47.04500  0.51239  0.51236 
 47.14500  0.51222  0.51218 
 47.24500  0.51202  0.51199 
 47.34500  0.51180  0.51179 
 47.44500  0.51159  0.51157 
 47.54500  0.51135  0.51133 
 47.64500  0.51110  0.51110 
 47.74500  0.51084  0.51083 
 47.84500  0.51057  0.51056 
 47.94500  0.51028  0.51028 
 48.04500  0.50999  0.50998 
 48.14500  0.50966  0.50968 
 48.24500  0.50935  0.50935 
 48.34500  0.50901  0.50902 
 48.44500  0.50866  0.50866 
 48.54500  0.50829  0.50830 
 48.64500  0.50792  0.50793 
 48.74500  0.50752  0.50754 
 48.84500  0.50712  0.50712 
 48.94500  0.50670  0.50671 
 49.04500  0.50627  0.50628 
 49.14500  0.50582  0.50583 
 49.24500  0.50536  0.50537 
 49.34500  0.50489  0.50490 
 49.44500  0.50441  0.50440 
 49.54500  0.50389  0.50390 
 49.64500  0.50337  0.50339 
 49.74500  0.50286  0.50285 
 49.84500  0.50231  0.50231 
 49.94500  0.50175  0.50174 
 50.04500  0.50118  0.50117 
 50.14500  0.50059  0.50057 
 50.24500  0.49999  0.49997 
 50.34500  0.49938  0.49935 
 50.44500  0.49875  0.49870 
 50.54500  0.49810  0.49807 
 50.64500  0.49744  0.49740 
 50.74500  0.49677  0.49671 
 50.84500  0.49606  0.49601 
 50.94500  0.49536  0.49530 
 51.04500  0.49464  0.49457 
 51.14500  0.49389  0.49383 
 51.24500  0.49316  0.49307 
 51.34500  0.49238  0.49230 
 51.44500  0.49160  0.49152 
 51.54500  0.49080  0.49070 
 51.64500  0.48998  0.48989 
 51.74500  0.48916  0.48905 
 51.84500  0.48830  0.48820 
 51.94500  0.48746  0.48733 
 52.04500  0.48656  0.48644 
 52.14500  0.48568  0.48555 
 52.24500  0.48477  0.48464 
 52.34500  0.48384  0.48371 
 52.44500  0.48288  0.48275 
 52.54500  0.48195  0.48179 
 52.64500  0.48097  0.48085 
 52.74500  0.47999  0.47985 
 52.84500  0.47896  0.47885 
 52.94500  0.47794  0.47777 
 53.04500  0.47690  0.47675 
 53.14500  0.47586  0.47569 
 53.24500  0.47478  0.47462 
 53.34500  0.47371  0.47353 
 53.44500  0.47259  0.47242 
 53.54500  0.47148  0.47131 
 53.64500  0.47033  0.47018 
 53.74500  0.46919  0.46901 
 53.84500  0.46803  0.46785 
 53.94500  0.46685  0.46667 
 54.04500  0.46564  0.46548 
 54.14500  0.46443  0.46426 
 54.24500  0.46322  0.46303 
 54.34500  0.46196  0.46180 
 54.44500  0.46071  0.46053 
 54.54500  0.45943  0.45926 
 54.64500  0.45812  0.45797 
 54.74500  0.45684  0.45667 
 54.84500  0.45552  0.45537 
 54.94500  0.45418  0.45403 
 55.04500  0.45283  0.45269 
 55.14500  0.45147  0.45132 
 55.24500  0.45010  0.44996 
 55.34500  0.44872  0.44857 
 55.44500  0.44732  0.44717 
 55.54500  0.44591  0.44577 
 55.64500  0.44448  0.44434 
 55.74500  0.44305  0.44292 
 55.84500  0.44159  0.44147 
 55.94500  0.44013  0.44002 
 56.04500  0.43867  0.43855 
 56.14500  0.43718  0.43707 
 56.24500  0.43569  0.43560 
 56.34500  0.43419  0.43410 
 56.44500  0.43268  0.43260 
 56.54500  0.43116  0.43107 
 56.64500  0.42964  0.42955 
 56.74500  0.42811  0.42801 
 56.84500  0.42657  0.42648 
 56.94500  0.42502  0.42494 
 57.04500  0.42345  0.42339 
 57.14500  0.42190  0.42183 
 57.24500  0.42034  0.42027 
 57.34500  0.41877  0.41871 
 57.44500  0.41719  0.41713 
 57.54500  0.41562  0.41557 
 57.64500  0.41404  0.41399 
 57.74500  0.41246  0.41241 
 57.84500  0.41088  0.41083 
 57.94500  0.40930  0.40926 
 58.04500  0.40773  0.40768 
 58.14500  0.40614  0.40611 
 58.24500  0.40457  0.40452 
 58.34500  0.40301  0.40295 
 58.44500  0.40143  0.40139 
 58.54500  0.39985  0.39982 
 58.64500  0.39829  0.39827 
 58.74500  0.39672  0.39671 
 58.84500  0.39520  0.39516 
 58.94500  0.39364  0.39361 
 59.04500  0.39212  0.39210 
 59.14500  0.39060  0.39055 
 59.24500  0.38908  0.38905 
 59.34500  0.38758  0.38755 
 59.44500  0.38609  0.38605 
 59.54500  0.38462  0.38458 
 59.64500  0.38315  0.38312 
 59.74500  0.38169  0.38167 
 59.84500  0.38027  0.38023 
 59.94500  0.37886  0.37882 
 60.04500  0.37744  0.37741 
 60.14500  0.37606  0.37603 
 60.24500  0.37471  0.37467 
 60.34500  0.37336  0.37333 
 60.44500  0.37203  0.37200 
 60.54500  0.37074  0.37069 
 60.64500  0.36946  0.36942 
 60.74500  0.36820  0.36815 
 60.84500  0.36699  0.36693 
 60.94500  0.36576  0.36572 
 61.04500  0.36459  0.36453 
 61.14500  0.36344  0.36339 
 61.24500  0.36231  0.36226 
 61.34500  0.36122  0.36116 
 61.44500  0.36016  0.36008 
 61.54500  0.35911  0.35905 
 61.64500  0.35811  0.35805 
 61.74500  0.35713  0.35705 
 61.84500  0.35618  0.35614 
 61.94500  0.35529  0.35521 
 62.04500  0.35440  0.35434 
 62.14500  0.35356  0.35349 
 62.24500  0.35275  0.35268 
 62.34500  0.35200  0.35191 
 62.44500  0.35124  0.35118 
 62.54500  0.35054  0.35047 
 62.64500  0.34988  0.34981 
 62.74500  0.34926  0.34919 
 62.84500  0.34866  0.34860 
 62.94500  0.34813  0.34805 
 63.04500  0.34763  0.34755 
 63.14500  0.34716  0.34708 
 63.24500  0.34672  0.34664 
 63.34500  0.34633  0.34626 
 63.44500  0.34599  0.34592 
 63.54500  0.34567  0.34560 
 63.64500  0.34542  0.34535 
 63.74500  0.34520  0.34511 
 63.84500  0.34501  0.34494 
 63.94500  0.34487  0.34479 
 64.04500  0.34477  0.34470 
 64.14500  0.34471  0.34462 
