  0.04500  1.00001  1.00000 
  0.14500  1.00001  1.00000 
  0.24500  1.00001  1.00000 
  0.34500  1.00001  1.00000 
  0.44500  1.00001  1.00000 
  0.54500  1.00001  1.00000 
  0.64500  1.00001  1.00000 
  0.74500  1.00001  1.00000 
  0.84500  1.00000  1.00000 
  0.94500  1.00001  1.00000 
  1.04500  1.00001  1.00000 
  1.14500  1.00001  1.00000 
  1.24500  1.00000  1.00000 
  1.34500  1.00001  1.00000 
  1.44500  1.00001  1.00000 
  1.54500  1.00001  1.00000 
  1.64500  1.00001  1.00000 
  1.74500  1.00001  1.00000 
  1.84500  1.00001  1.00000 
  1.94500  1.00000  1.00000 
  2.04500  1.00001  1.00000 
  2.14500  1.00001  1.00000 
  2.24500  1.00001  1.00000 
  2.34500  1.00001  1.00000 
  2.44500  1.00000  1.00000 
  2.54500  0.99997  0.99999 
  2.64500  0.99994  0.99990 
  2.74500  0.99983  0.99983 
  2.84500  0.99964  0.99963 
  2.94500  0.99925  0.99928 
  3.04500  0.99858  0.99862 
  3.14500  0.99738  0.99743 
  3.24500  0.99535  0.99542 
  3.34500  0.99200  0.99203 
  3.44500  0.98665  0.98669 
  3.54500  0.97846  0.97847 
  3.64500  0.96630  0.96636 
  3.74500  0.94895  0.94910 
  3.84500  0.92514  0.92542 
  3.94500  0.89371  0.89416 
  4.04500  0.85378  0.85436 
  4.14500  0.80500  0.80554 
  4.24500  0.74756  0.74791 
  4.34500  0.68240  0.68236 
  4.44500  0.61108  0.61051 
  4.54500  0.53568  0.53466 
  4.64500  0.45642  0.45753 
  4.74500  0.38148  0.38198 
  4.84500  0.31069  0.31067 
  4.94500  0.24624  0.24587 
  5.04500  0.18965  0.18910 
  5.14500  0.14177  0.14121 
  5.24500  0.10274  0.10231 
  5.34500  0.07211  0.07184 
  5.44500  0.04901  0.04887 
  5.54500  0.03226  0.03220 
  5.64500  0.02057  0.02051 
  5.74500  0.01269  0.01265 
  5.84500  0.00759  0.00755 
  5.94500  0.00440  0.00433 
  6.04500  0.00248  0.00241 
  6.14500  0.00134  0.00130 
  6.24500  0.00071  0.00067 
  6.34500  0.00034  0.00034 
  6.44500  0.00017  0.00016 
  6.54500  0.00007  0.00010 
  6.64500  0.00004  0.00000 
  6.74500  0.00001  0.00000 
  6.84500 -0.00000  0.00000 
  6.94500  0.00000  0.00000 
  7.04500  0.00003  0.00000 
  7.14500  0.00005  0.00008 
  7.24500  0.00013  0.00013 
  7.34500  0.00028  0.00028 
  7.44500  0.00059  0.00057 
  7.54500  0.00114  0.00111 
  7.64500  0.00214  0.00206 
  7.74500  0.00381  0.00374 
  7.84500  0.00662  0.00657 
  7.94500  0.01117  0.01111 
  8.04500  0.01822  0.01819 
  8.14500  0.02883  0.02877 
  8.24500  0.04417  0.04406 
  8.34500  0.06554  0.06530 
  8.44500  0.09414  0.09373 
  8.54500  0.13095  0.13042 
  8.64500  0.17656  0.17598 
  8.74500  0.23096  0.23051 
  8.84500  0.29352  0.29339 
  8.94500  0.36286  0.36324 
  9.04500  0.43698  0.43792 
  9.14500  0.51539  0.51493 
  9.24500  0.59209  0.59138 
  9.34500  0.66465  0.66450 
  9.44500  0.73156  0.73184 
  9.54500  0.79110  0.79161 
  9.64500  0.84215  0.84271 
  9.74500  0.88431  0.88480 
  9.84500  0.91786  0.91819 
  9.94500  0.94352  0.94370 
 10.04500  0.96240  0.96248 
 10.14500  0.97578  0.97581 
 10.24500  0.98487  0.98491 
 10.34500  0.99086  0.99088 
 10.44500  0.99464  0.99469 
 10.54500  0.99695  0.99702 
 10.64500  0.99833  0.99835 
 10.74500  0.99911  0.99914 
 10.84500  0.99956  0.99957 
 10.94500  0.99980  0.99978 
 11.04500  0.99991  0.99990 
 11.14500  0.99997  0.99996 
 11.24500  0.99999  1.00000 
 11.34500  1.00000  1.00000 
 11.44500  1.00001  1.00000 
 11.54500  1.00000  1.00000 
 11.64500  1.00001  1.00000 
 11.74500  0.99998  1.00000 
 11.84500  0.99996  0.99993 
 11.94500  0.99988  0.99987 
 12.04500  0.99974  0.99973 
 12.14500  0.99944  0.99945 
 12.24500  0.99891  0.99893 
 12.34500  0.99796  0.99800 
 12.44500  0.99631  0.99637 
 12.54500  0.99358  0.99364 
 12.64500  0.98914  0.98919 
 12.74500  0.98225  0.98228 
 12.84500  0.97186  0.97191 
 12.94500  0.95680  0.95691 
 13.04500  0.93582  0.93604 
 13.14500  0.90763  0.90802 
 13.24500  0.87129  0.87180 
 13.34500  0.82617  0.82674 
 13.44500  0.77223  0.77270 
 13.54500  0.71008  0.71023 
 13.64500  0.64105  0.64074 
 13.74500  0.56714  0.56622 
 13.84500  0.48894  0.48927 
 13.94500  0.41197  0.41274 
 14.04500  0.33919  0.33936 
 14.14500  0.27190  0.27165 
 14.24500  0.21193  0.21144 
 14.34500  0.16042  0.15983 
 14.44500  0.11776  0.11726 
 14.54500  0.08377  0.08342 
 14.64500  0.05770  0.05749 
 14.74500  0.03848  0.03840 
 14.84500  0.02484  0.02482 
 14.94500  0.01555  0.01550 
 15.04500  0.00942  0.00936 
 15.14500  0.00555  0.00548 
 15.24500  0.00315  0.00308 
 15.34500  0.00173  0.00167 
 15.44500  0.00091  0.00088 
 15.54500  0.00047  0.00045 
 15.64500  0.00023  0.00023 
 15.74500  0.00010  0.00010 
 15.84500  0.00004  0.00004 
 15.94500  0.00002  0.00000 
 16.04500 -0.00000  0.00000 
 16.14500  0.00000  0.00000 
 16.24500  0.00002  0.00000 
 16.34500  0.00004  0.00004 
 16.44500  0.00009  0.00010 
 16.54500  0.00021  0.00021 
 16.64500  0.00044  0.00043 
 16.74500  0.00088  0.00085 
 16.84500  0.00165  0.00159 
 16.94500  0.00301  0.00296 
 17.04500  0.00530  0.00522 
 17.14500  0.00904  0.00898 
 17.24500  0.01494  0.01491 
 17.34500  0.02396  0.02393 
 17.44500  0.03720  0.03711 
 17.54500  0.05592  0.05575 
 17.64500  0.08141  0.08108 
 17.74500  0.11475  0.11424 
 17.84500  0.15668  0.15611 
 17.94500  0.20751  0.20698 
 18.04500  0.26683  0.26656 
 18.14500  0.33360  0.33374 
 18.24500  0.40604  0.40673 
 18.34500  0.48262  0.48312 
 18.44500  0.56113  0.56013 
 18.54500  0.63533  0.63495 
 18.64500  0.70482  0.70494 
 18.74500  0.76757  0.76800 
 18.84500  0.82218  0.82277 
 18.94500  0.86802  0.86854 
 19.04500  0.90506  0.90545 
 19.14500  0.93384  0.93408 
 19.24500  0.95537  0.95547 
 19.34500  0.97085  0.97088 
 19.44500  0.98156  0.98161 
 19.54500  0.98871  0.98875 
 19.64500  0.99330  0.99335 
 19.74500  0.99614  0.99618 
 19.84500  0.99785  0.99789 
 19.94500  0.99884  0.99888 
 20.04500  0.99941  0.99943 
 20.14500  0.99971  0.99971 
 20.24500  0.99987  0.99986 
 20.34500  0.99995  0.99992 
 20.44500  0.99998  1.00000 
 20.54500  1.00001  1.00000 
 20.64500  1.00000  1.00000 
 20.74500  1.00001  1.00000 
 20.84500  1.00000  1.00000 
 20.94500  0.99999  1.00000 
 21.04500  0.99997  0.99997 
 21.14500  0.99992  0.99990 
 21.24500  0.99980  0.99979 
 21.34500  0.99958  0.99959 
 21.44500  0.99916  0.99919 
 21.54500  0.99841  0.99845 
 21.64500  0.99710  0.99714 
 21.74500  0.99487  0.99491 
 21.84500  0.99121  0.99125 
 21.94500  0.98545  0.98547 
 22.04500  0.97663  0.97667 
 22.14500  0.96366  0.96372 
 22.24500  0.94526  0.94543 
 22.34500  0.92017  0.92048 
 22.44500  0.88730  0.88778 
 22.54500  0.84583  0.84641 
 22.64500  0.79548  0.79600 
 22.74500  0.73660  0.73690 
 22.84500  0.67021  0.67008 
 22.94500  0.59803  0.59734 
 23.04500  0.52169  0.52108 
 23.14500  0.44304  0.44403 
 23.24500  0.36863  0.36903 
 23.34500  0.29882  0.29872 
 23.44500  0.23566  0.23521 
 23.54500  0.18057  0.18000 
 23.64500  0.13425  0.13372 
 23.74500  0.09675  0.09634 
 23.84500  0.06752  0.06727 
 23.94500  0.04562  0.04551 
 24.04500  0.02987  0.02981 
 24.14500  0.01893  0.01888 
 24.24500  0.01163  0.01159 
 24.34500  0.00692  0.00687 
 24.44500  0.00399  0.00394 
 24.54500  0.00223  0.00216 
 24.64500  0.00119  0.00116 
 24.74500  0.00062  0.00060 
 24.84500  0.00030  0.00029 
 24.94500  0.00015  0.00014 
 25.04500  0.00006  0.00008 
 25.14500  0.00003  0.00000 
 25.24500  0.00000  0.00000 
 25.34500  0.00000  0.00000 
 25.44500  0.00000  0.00000 
 25.54500  0.00003  0.00000 
 25.64500  0.00006  0.00009 
 25.74500  0.00016  0.00015 
 25.84500  0.00032  0.00031 
 25.94500  0.00067  0.00065 
 26.04500  0.00126  0.00123 
 26.14500  0.00236  0.00230 
 26.24500  0.00422  0.00416 
 26.34500  0.00729  0.00722 
 26.44500  0.01220  0.01216 
 26.54500  0.01982  0.01977 
 26.64500  0.03117  0.03110 
 26.74500  0.04748  0.04732 
 26.84500  0.07003  0.06976 
 26.94500  0.10000  0.09956 
 27.04500  0.13835  0.13778 
 27.14500  0.18551  0.18493 
 27.24500  0.24144  0.24102 
 27.34500  0.30530  0.30525 
 27.44500  0.37565  0.37611 
 27.54500  0.45037  0.45141 
 27.64500  0.52936  0.52853 
 27.74500  0.60519  0.60459 
 27.84500  0.67690  0.67686 
 27.94500  0.74263  0.74297 
 28.04500  0.80073  0.80126 
 28.14500  0.85023  0.85079 
 28.24500  0.89085  0.89129 
 28.34500  0.92294  0.92321 
 28.44500  0.94732  0.94747 
 28.54500  0.96511  0.96520 
 28.64500  0.97765  0.97769 
 28.74500  0.98612  0.98616 
 28.84500  0.99165  0.99169 
 28.94500  0.99514  0.99518 
 29.04500  0.99726  0.99730 
 29.14500  0.99850  0.99854 
 29.24500  0.99921  0.99924 
 29.34500  0.99961  0.99962 
 29.44500  0.99982  0.99981 
 29.54500  0.99992  0.99990 
 29.64500  0.99997  0.99998 
 29.74500  1.00000  1.00000 
 29.84500  1.00000  1.00000 
 29.94500  1.00001  1.00000 
 30.04500  1.00000  1.00000 
 30.14500  1.00000  1.00000 
 30.24500  0.99997  1.00000 
 30.34500  0.99995  0.99991 
 30.44500  0.99986  0.99985 
 30.54500  0.99969  0.99969 
 30.64500  0.99937  0.99939 
 30.74500  0.99877  0.99880 
 30.84500  0.99772  0.99776 
 30.94500  0.99593  0.99598 
 31.04500  0.99294  0.99299 
 31.14500  0.98813  0.98817 
 31.24500  0.98069  0.98072 
 31.34500  0.96959  0.96965 
 31.44500  0.95357  0.95370 
 31.54500  0.93140  0.93164 
 31.64500  0.90183  0.90226 
 31.74500  0.86399  0.86452 
 31.84500  0.81730  0.81785 
 31.94500  0.76185  0.76226 
 32.04500  0.69836  0.69844 
 32.14500  0.62832  0.62787 
 32.24500  0.55376  0.55275 
 32.34500  0.47495  0.47568 
 32.44500  0.39884  0.39949 
 32.54500  0.32686  0.32696 
 32.64500  0.26075  0.26044 
 32.74500  0.20221  0.20168 
 32.84500  0.15225  0.15167 
 32.94500  0.11116  0.11068 
 33.04500  0.07862  0.07831 
 33.14500  0.05385  0.05368 
 33.24500  0.03571  0.03563 
 33.34500  0.02294  0.02288 
 33.44500  0.01427  0.01420 
 33.54500  0.00860  0.00854 
 33.64500  0.00502  0.00496 
 33.74500  0.00285  0.00279 
 33.84500  0.00155  0.00151 
 33.94500  0.00082  0.00080 
 34.04500  0.00041  0.00040 
 34.14500  0.00020  0.00019 
 34.24500  0.00009  0.00010 
 34.34500  0.00004  0.00003 
 34.44500  0.00002  0.00000 
 34.54500  0.00000  0.00000 
 34.64500 -0.00000  0.00000 
 34.74500  0.00003  0.00000 
 34.84500  0.00004  0.00005 
 34.94500  0.00011  0.00011 
 35.04500  0.00024  0.00024 
 35.14500  0.00050  0.00048 
 35.24500  0.00097  0.00094 
 35.34500  0.00184  0.00178 
 35.44500  0.00332  0.00327 
 35.54500  0.00584  0.00579 
 35.64500  0.00990  0.00985 
 35.74500  0.01629  0.01626 
 35.84500  0.02595  0.02591 
 35.94500  0.04007  0.03998 
 36.04500  0.05989  0.05970 
 36.14500  0.08669  0.08633 
 36.24500  0.12150  0.12099 
 36.34500  0.16501  0.16444 
 36.44500  0.21736  0.21689 
 36.54500  0.27811  0.27789 
 36.64500  0.34602  0.34625 
 36.74500  0.41923  0.42003 
 36.84500  0.49664  0.49674 
 36.94500  0.57443  0.57357 
 37.04500  0.64798  0.64770 
 37.14500  0.71641  0.71662 
 37.24500  0.77781  0.77830 
 37.34500  0.83091  0.83151 
 37.44500  0.87517  0.87569 
 37.54500  0.91070  0.91107 
 37.64500  0.93814  0.93833 
 37.74500  0.95851  0.95860 
 37.84500  0.97305  0.97308 
 37.94500  0.98305  0.98308 
 38.04500  0.98967  0.98971 
 38.14500  0.99391  0.99396 
 38.24500  0.99651  0.99656 
 38.34500  0.99808  0.99812 
 38.44500  0.99898  0.99900 
 38.54500  0.99947  0.99948 
 38.64500  0.99975  0.99975 
 38.74500  0.99989  0.99988 
 38.84500  0.99996  0.99994 
 38.94500  0.99998  1.00000 
 39.04500  1.00001  1.00000 
 39.14500  1.00001  1.00000 
 39.24500  1.00001  1.00000 
 39.34500  1.00000  1.00000 
 39.44500  0.99999  1.00000 
 39.54500  0.99997  0.99995 
 39.64500  0.99991  0.99990 
 39.74500  0.99978  0.99976 
 39.84500  0.99952  0.99954 
 39.94500  0.99905  0.99908 
 40.04500  0.99823  0.99824 
 40.14500  0.99678  0.99684 
 40.24500  0.99434  0.99439 
 40.34500  0.99039  0.99042 
 40.44500  0.98415  0.98416 
 40.54500  0.97468  0.97471 
 40.64500  0.96085  0.96092 
 40.74500  0.94136  0.94156 
 40.84500  0.91498  0.91532 
 40.94500  0.88062  0.88112 
 41.04500  0.83760  0.83818 
 41.14500  0.78569  0.78621 
 41.24500  0.72539  0.72564 
 41.34500  0.65783  0.65763 
 41.44500  0.58486  0.58408 
 41.54500  0.50769  0.50746 
 41.64500  0.42967  0.43059 
 41.74500  0.35592  0.35620 
 41.84500  0.28715  0.28698 
 41.94500  0.22534  0.22486 
 42.04500  0.17176  0.17119 
 42.14500  0.12701  0.12646 
 42.24500  0.09102  0.09065 
 42.34500  0.06318  0.06296 
 42.44500  0.04246  0.04235 
 42.54500  0.02762  0.02759 
 42.64500  0.01739  0.01735 
 42.74500  0.01063  0.01058 
 42.84500  0.00628  0.00625 
 42.94500  0.00360  0.00354 
 43.04500  0.00201  0.00195 
 43.14500  0.00107  0.00105 
 43.24500  0.00055  0.00053 
 43.34500  0.00027  0.00026 
 43.44500  0.00012  0.00012 
 43.54500  0.00005  0.00007 
 43.64500  0.00003  0.00000 
 43.74500 -0.00000  0.00000 
 43.84500  0.00000  0.00000 
 43.94500  0.00001  0.00000 
 44.04500  0.00004  0.00001 
 44.14500  0.00007  0.00010 
 44.24500  0.00018  0.00017 
 44.34500  0.00037  0.00037 
 44.44500  0.00076  0.00072 
 44.54500  0.00142  0.00138 
 44.64500  0.00262  0.00256 
 44.74500  0.00465  0.00458 
 44.84500  0.00799  0.00796 
 44.94500  0.01332  0.01327 
 45.04500  0.02151  0.02146 
 45.14500  0.03363  0.03357 
 45.24500  0.05096  0.05081 
 45.34500  0.07473  0.07445 
 45.44500  0.10612  0.10568 
 45.54500  0.14601  0.14544 
 45.64500  0.19475  0.19419 
 45.74500  0.25214  0.25181 
 45.84500  0.31730  0.31732 
 45.94500  0.38858  0.38915 
 46.04500  0.46394  0.46498 
 46.14500  0.54321  0.54210 
 46.24500  0.61818  0.61767 
 46.34500  0.68898  0.68899 
 46.44500  0.75347  0.75385 
 46.54500  0.81010  0.81065 
 46.64500  0.85803  0.85858 
 46.74500  0.89710  0.89755 
 46.84500  0.92776  0.92803 
 46.94500  0.95089  0.95104 
 47.04500  0.96767  0.96773 
 47.14500  0.97938  0.97944 
 47.24500  0.98728  0.98732 
 47.34500  0.99239  0.99244 
 47.44500  0.99559  0.99566 
 47.54500  0.99753  0.99758 
 47.64500  0.99867  0.99870 
 47.74500  0.99930  0.99933 
 47.84500  0.99967  0.99966 
 47.94500  0.99984  0.99984 
 48.04500  0.99994  0.99990 
 48.14500  0.99997  1.00000 
 48.24500  1.00000  1.00000 
 48.34500  1.00000  1.00000 
 48.44500  1.00001  1.00000 
 48.54500  1.00000  1.00000 
 48.64500  1.00000  1.00000 
 48.74500  0.99997  0.99999 
 48.84500  0.99994  0.99990 
 48.94500  0.99984  0.99984 
 49.04500  0.99966  0.99965 
 49.14500  0.99928  0.99930 
 49.24500  0.99864  0.99868 
 49.34500  0.99746  0.99752 
 49.44500  0.99550  0.99554 
 49.54500  0.99224  0.99229 
 49.64500  0.98703  0.98708 
 49.74500  0.97904  0.97906 
 49.84500  0.96716  0.96721 
 49.94500  0.95013  0.95029 
 50.04500  0.92675  0.92703 
 50.14500  0.89579  0.89622 
 50.24500  0.85640  0.85696 
 50.34500  0.80813  0.80869 
 50.44500  0.75120  0.75157 
 50.54500  0.68645  0.68642 
 50.64500  0.61543  0.61490 
 50.74500  0.54033  0.53921 
 50.84500  0.46100  0.46210 
 50.94500  0.38582  0.38638 
 51.04500  0.31473  0.31474 
 51.14500  0.24984  0.24948 
 51.24500  0.19277  0.19222 
 51.34500  0.14436  0.14378 
 51.44500  0.10482  0.10437 
 51.54500  0.07371  0.07342 
 51.64500  0.05020  0.05005 
 51.74500  0.03308  0.03300 
 51.84500  0.02114  0.02108 
 51.94500  0.01307  0.01303 
 52.04500  0.00784  0.00778 
 52.14500  0.00456  0.00448 
 52.24500  0.00256  0.00250 
 52.34500  0.00139  0.00137 
 52.44500  0.00074  0.00070 
 52.54500  0.00036  0.00036 
 52.64500  0.00018  0.00016 
 52.74500  0.00007  0.00010 
 52.84500  0.00004  0.00001 
 52.94500  0.00001  0.00000 
 53.04500  0.00000  0.00000 
 53.14500  0.00000  0.00000 
 53.24500  0.00003  0.00000 
 53.34500  0.00005  0.00007 
 53.44500  0.00013  0.00013 
 53.54500  0.00027  0.00027 
 53.64500  0.00057  0.00055 
 53.74500  0.00110  0.00106 
 53.84500  0.00204  0.00200 
 53.94500  0.00368  0.00362 
 54.04500  0.00642  0.00636 
 54.14500  0.01084  0.01079 
 54.24500  0.01773  0.01767 
 54.34500  0.02809  0.02804 
 54.44500  0.04312  0.04300 
 54.54500  0.06408  0.06386 
 54.64500  0.09222  0.09184 
 54.74500  0.12853  0.12801 
 54.84500  0.17360  0.17303 
 54.94500  0.22751  0.22705 
 55.04500  0.28961  0.28947 
 55.14500  0.35860  0.35893 
 55.24500  0.43251  0.43343 
 55.34500  0.51067  0.51036 
 55.44500  0.58766  0.58692 
 55.54500  0.66048  0.66029 
 55.64500  0.72780  0.72804 
 55.74500  0.78781  0.78833 
 55.84500  0.83938  0.83994 
 55.94500  0.88207  0.88255 
 56.04500  0.91610  0.91643 
 56.14500  0.94221  0.94238 
 56.24500  0.96145  0.96155 
 56.34500  0.97511  0.97516 
 56.44500  0.98444  0.98447 
 56.54500  0.99056  0.99061 
 56.64500  0.99444  0.99451 
 56.74500  0.99685  0.99690 
 56.84500  0.99827  0.99832 
 56.94500  0.99909  0.99912 
 57.04500  0.99954  0.99955 
 57.14500  0.99978  0.99977 
 57.24500  0.99991  0.99990 
 57.34500  0.99997  0.99996 
 57.44500  0.99999  1.00000 
 57.54500  1.00000  1.00000 
 57.64500  1.00001  1.00000 
 57.74500  1.00000  1.00000 
 57.84500  1.00001  1.00000 
 57.94500  0.99998  1.00000 
 58.04500  0.99996  0.99994 
 58.14500  0.99989  0.99988 
 58.24500  0.99974  0.99974 
 58.34500  0.99947  0.99947 
 58.44500  0.99895  0.99898 
 58.54500  0.99802  0.99808 
 58.64500  0.99643  0.99648 
 58.74500  0.99377  0.99383 
 58.84500  0.98947  0.98951 
 58.94500  0.98275  0.98278 
 59.04500  0.97260  0.97264 
 59.14500  0.95785  0.95795 
 59.24500  0.93724  0.93744 
 59.34500  0.90952  0.90989 
 59.44500  0.87368  0.87421 
 59.54500  0.82910  0.82967 
 59.64500  0.77565  0.77613 
 59.74500  0.71397  0.71412 
 59.84500  0.64531  0.64498 
 59.94500  0.57161  0.57071 
 60.04500  0.49369  0.49384 
 60.14500  0.41641  0.41720 
 60.24500  0.34335  0.34356 
 60.34500  0.27570  0.27546 
 60.44500  0.21526  0.21474 
 60.54500  0.16321  0.16265 
 60.64500  0.12004  0.11953 
 60.74500  0.08555  0.08520 
 60.84500  0.05904  0.05882 
 60.94500  0.03945  0.03934 
 61.04500  0.02552  0.02548 
 61.14500  0.01600  0.01594 
 61.24500  0.00971  0.00965 
 61.34500  0.00571  0.00566 
 61.44500  0.00326  0.00321 
 61.54500  0.00180  0.00176 
 61.64500  0.00096  0.00092 
 61.74500  0.00049  0.00046 
 61.84500  0.00023  0.00024 
 61.94500  0.00010  0.00011 
 62.04500  0.00004  0.00005 
 62.14500  0.00002  0.00000 
 62.24500  0.00001  0.00000 
 62.34500 -0.00001  0.00000 
 62.44500 -0.00000  0.00000 
 62.54500 -0.00000  0.00000 
 62.64500  0.00000  0.00000 
 62.74500 -0.00000  0.00000 
 62.84500 -0.00000  0.00000 
 62.94500  0.00000  0.00000 
 63.04500  0.00000  0.00000 
 63.14500  0.00000  0.00000 
 63.24500  0.00000  0.00000 
 63.34500  0.00000  0.00000 
 63.44500  0.00000  0.00000 
 63.54500 -0.00000  0.00000 
 63.64500 -0.00000  0.00000 
 63.74500  0.00000  0.00000 
 63.84500  0.00000  0.00000 
 63.94500 -0.00000  0.00000 
 64.04500 -0.00000  0.00000 
 64.14500 -0.00000  0.00000 
 64.24500  0.00000  0.00000 
 64.34500  0.00000  0.00000 
