  0.04500  0.57154  0.57160 
  0.14500  0.57156  0.57154 
  0.24500  0.57156  0.57150 
  0.34500  0.57149  0.57150 
  0.44500  0.57147  0.57150 
  0.54500  0.57147  0.57150 
  0.64500  0.57146  0.57150 
  0.74500  0.57146  0.57150 
  0.84500  0.57144  0.57141 
  0.94500  0.57138  0.57140 
  1.04500  0.57138  0.57140 
  1.14500  0.57130  0.57134 
  1.24500  0.57130  0.57130 
  1.34500  0.57123  0.57129 
  1.44500  0.57121  0.57120 
  1.54500  0.57114  0.57120 
  1.64500  0.57112  0.57110 
  1.74500  0.57106  0.57109 
  1.84500  0.57099  0.57100 
  1.94500  0.57095  0.57096 
  2.04500  0.57088  0.57090 
  2.14500  0.57081  0.57082 
  2.24500  0.57074  0.57076 
  2.34500  0.57068  0.57070 
  2.44500  0.57060  0.57060 
  2.54500  0.57052  0.57053 
  2.64500  0.57043  0.57046 
  2.74500  0.57036  0.57038 
  2.84500  0.57028  0.57029 
  2.94500  0.57017  0.57020 
  3.04500  0.57009  0.57010 
  3.14500  0.56999  0.57001 
  3.24500  0.56990  0.56991 
  3.34500  0.56980  0.56981 
  3.44500  0.56969  0.56970 
  3.54500  0.56959  0.56959 
  3.64500  0.56947  0.56948 
  3.74500  0.56937  0.56937 
  3.84500  0.56925  0.56925 
  3.94500  0.56913  0.56914 
  4.04500  0.56902  0.56902 
  4.14500  0.56888  0.56888 
  4.24500  0.56877  0.56876 
  4.34500  0.56864  0.56864 
  4.44500  0.56850  0.56850 
  4.54500  0.56836  0.56836 
  4.64500  0.56822  0.56823 
  4.74500  0.56809  0.56809 
  4.84500  0.56794  0.56795 
  4.94500  0.56780  0.56780 
  5.04500  0.56765  0.56765 
  5.14500  0.56749  0.56750 
  5.24500  0.56733  0.56735 
  5.34500  0.56718  0.56718 
  5.44500  0.56703  0.56704 
  5.54500  0.56686  0.56686 
  5.64500  0.56670  0.56670 
  5.74500  0.56653  0.56654 
  5.84500  0.56636  0.56636 
  5.94500  0.56619  0.56620 
  6.04500  0.56602  0.56603 
  6.14500  0.56585  0.56585 
  6.24500  0.56567  0.56567 
  6.34500  0.56549  0.56549 
  6.44500  0.56531  0.56531 
  6.54500  0.56511  0.56513 
  6.64500  0.56493  0.56494 
  6.74500  0.56475  0.56475 
  6.84500  0.56456  0.56455 
  6.94500  0.56436  0.56437 
  7.04500  0.56416  0.56417 
  7.14500  0.56396  0.56397 
  7.24500  0.56377  0.56377 
  7.34500  0.56356  0.56357 
  7.44500  0.56337  0.56337 
  7.54500  0.56315  0.56315 
  7.64500  0.56295  0.56295 
  7.74500  0.56274  0.56273 
  7.84500  0.56253  0.56253 
  7.94500  0.56231  0.56231 
  8.04500  0.56209  0.56210 
  8.14500  0.56188  0.56188 
  8.24500  0.56165  0.56167 
  8.34500  0.56143  0.56144 
  8.44500  0.56121  0.56122 
  8.54500  0.56098  0.56099 
  8.64500  0.56077  0.56077 
  8.74500  0.56054  0.56054 
  8.84500  0.56031  0.56031 
  8.94500  0.56006  0.56008 
  9.04500  0.55985  0.55985 
  9.14500  0.55960  0.55961 
  9.24500  0.55937  0.55938 
  9.34500  0.55913  0.55914 
  9.44500  0.55889  0.55890 
  9.54500  0.55865  0.55867 
  9.64500  0.55841  0.55842 
  9.74500  0.55818  0.55818 
  9.84500  0.55792  0.55792 
  9.94500  0.55768  0.55770 
 10.04500  0.55743  0.55745 
 10.14500  0.55718  0.55720 
 10.24500  0.55693  0.55695 
 10.34500  0.55669  0.55670 
 10.44500  0.55644  0.55645 
 10.54500  0.55619  0.55620 
 10.64500  0.55593  0.55595 
 10.74500  0.55568  0.55569 
 10.84500  0.55542  0.55542 
 10.94500  0.55517  0.55518 
 11.04500  0.55491  0.55492 
 11.14500  0.55465  0.55466 
 11.24500  0.55439  0.55440 
 11.34500  0.55413  0.55415 
 11.44500  0.55388  0.55388 
 11.54500  0.55361  0.55362 
 11.64500  0.55334  0.55335 
 11.74500  0.55308  0.55310 
 11.84500  0.55282  0.55283 
 11.94500  0.55255  0.55257 
 12.04500  0.55229  0.55230 
 12.14500  0.55202  0.55204 
 12.24500  0.55176  0.55178 
 12.34500  0.55149  0.55150 
 12.44500  0.55122  0.55124 
 12.54500  0.55096  0.55097 
 12.64500  0.55069  0.55070 
 12.74500  0.55043  0.55043 
 12.84500  0.55015  0.55016 
 12.94500  0.54987  0.54990 
 13.04500  0.54962  0.54962 
 13.14500  0.54934  0.54935 
 13.24500  0.54907  0.54909 
 13.34500  0.54881  0.54881 
 13.44500  0.54853  0.54854 
 13.54500  0.54826  0.54827 
 13.64500  0.54798  0.54800 
 13.74500  0.54771  0.54772 
 13.84500  0.54745  0.54746 
 13.94500  0.54718  0.54719 
 14.04500  0.54691  0.54691 
 14.14500  0.54663  0.54664 
 14.24500  0.54636  0.54637 
 14.34500  0.54609  0.54610 
 14.44500  0.54581  0.54582 
 14.54500  0.54555  0.54555 
 14.64500  0.54528  0.54528 
 14.74500  0.54500  0.54500 
 14.84500  0.54473  0.54474 
 14.94500  0.54446  0.54447 
 15.04500  0.54418  0.54420 
 15.14500  0.54392  0.54392 
 15.24500  0.54365  0.54365 
 15.34500  0.54337  0.54338 
 15.44500  0.54310  0.54311 
 15.54500  0.54283  0.54284 
 15.64500  0.54256  0.54258 
 15.74500  0.54230  0.54230 
 15.84500  0.54202  0.54203 
 15.94500  0.54175  0.54177 
 16.04500  0.54148  0.54150 
 16.14500  0.54122  0.54122 
 16.24500  0.54095  0.54096 
 16.34500  0.54068  0.54070 
 16.44500  0.54041  0.54042 
 16.54500  0.54016  0.54016 
 16.64500  0.53988  0.53990 
 16.74500  0.53962  0.53962 
 16.84500  0.53936  0.53937 
 16.94500  0.53910  0.53910 
 17.04500  0.53883  0.53884 
 17.14500  0.53856  0.53858 
 17.24500  0.53830  0.53831 
 17.34500  0.53804  0.53805 
 17.44500  0.53778  0.53780 
 17.54500  0.53753  0.53752 
 17.64500  0.53725  0.53728 
 17.74500  0.53701  0.53701 
 17.84500  0.53674  0.53675 
 17.94500  0.53648  0.53650 
 18.04500  0.53623  0.53625 
 18.14500  0.53597  0.53598 
 18.24500  0.53571  0.53572 
 18.34500  0.53547  0.53548 
 18.44500  0.53520  0.53522 
 18.54500  0.53495  0.53498 
 18.64500  0.53470  0.53472 
 18.74500  0.53446  0.53448 
 18.84500  0.53420  0.53422 
 18.94500  0.53396  0.53398 
 19.04500  0.53371  0.53372 
 19.14500  0.53346  0.53348 
 19.24500  0.53321  0.53322 
 19.34500  0.53297  0.53298 
 19.44500  0.53272  0.53273 
 19.54500  0.53247  0.53250 
 19.64500  0.53224  0.53225 
 19.74500  0.53199  0.53200 
 19.84500  0.53176  0.53178 
 19.94500  0.53151  0.53152 
 20.04500  0.53127  0.53129 
 20.14500  0.53103  0.53105 
 20.24500  0.53079  0.53081 
 20.34500  0.53055  0.53058 
 20.44500  0.53033  0.53034 
 20.54500  0.53009  0.53011 
 20.64500  0.52986  0.52988 
 20.74500  0.52962  0.52964 
 20.84500  0.52939  0.52941 
 20.94500  0.52916  0.52918 
 21.04500  0.52894  0.52896 
 21.14500  0.52870  0.52872 
 21.24500  0.52848  0.52850 
 21.34500  0.52825  0.52828 
 21.44500  0.52803  0.52806 
 21.54500  0.52780  0.52783 
 21.64500  0.52760  0.52761 
 21.74500  0.52737  0.52739 
 21.84500  0.52714  0.52717 
 21.94500  0.52692  0.52694 
 22.04500  0.52670  0.52673 
 22.14500  0.52649  0.52651 
 22.24500  0.52628  0.52629 
 22.34500  0.52606  0.52608 
 22.44500  0.52585  0.52587 
 22.54500  0.52564  0.52566 
 22.64500  0.52543  0.52544 
 22.74500  0.52521  0.52523 
 22.84500  0.52500  0.52503 
 22.94500  0.52479  0.52481 
 23.04500  0.52460  0.52461 
 23.14500  0.52439  0.52441 
 23.24500  0.52418  0.52419 
 23.34500  0.52398  0.52399 
 23.44500  0.52378  0.52379 
 23.54500  0.52357  0.52359 
 23.64500  0.52336  0.52339 
 23.74500  0.52317  0.52319 
 23.84500  0.52297  0.52299 
 23.94500  0.52277  0.52279 
 24.04500  0.52258  0.52259 
 24.14500  0.52239  0.52241 
 24.24500  0.52219  0.52221 
 24.34500  0.52200  0.52201 
 24.44500  0.52180  0.52183 
 24.54500  0.52161  0.52163 
 24.64500  0.52143  0.52144 
 24.74500  0.52123  0.52125 
 24.84500  0.52105  0.52106 
 24.94500  0.52086  0.52087 
 25.04500  0.52068  0.52069 
 25.14500  0.52048  0.52050 
 25.24500  0.52030  0.52032 
 25.34500  0.52012  0.52014 
 25.44500  0.51994  0.51995 
 25.54500  0.51975  0.51977 
 25.64500  0.51957  0.51959 
 25.74500  0.51939  0.51941 
 25.84500  0.51921  0.51924 
 25.94500  0.51903  0.51905 
 26.04500  0.51886  0.51888 
 26.14500  0.51867  0.51870 
 26.24500  0.51851  0.51853 
 26.34500  0.51832  0.51835 
 26.44500  0.51816  0.51818 
 26.54500  0.51799  0.51801 
 26.64500  0.51782  0.51784 
 26.74500  0.51766  0.51766 
 26.84500  0.51749  0.51750 
 26.94500  0.51732  0.51734 
 27.04500  0.51715  0.51716 
 27.14500  0.51697  0.51698 
 27.24500  0.51681  0.51682 
 27.34500  0.51665  0.51666 
 27.44500  0.51648  0.51650 
 27.54500  0.51633  0.51634 
 27.64500  0.51614  0.51616 
 27.74500  0.51598  0.51600 
 27.84500  0.51581  0.51584 
 27.94500  0.51567  0.51568 
 28.04500  0.51550  0.51552 
 28.14500  0.51534  0.51535 
 28.24500  0.51518  0.51520 
 28.34500  0.51501  0.51504 
 28.44500  0.51486  0.51488 
 28.54500  0.51470  0.51473 
 28.64500  0.51454  0.51456 
 28.74500  0.51439  0.51441 
 28.84500  0.51423  0.51425 
 28.94500  0.51409  0.51409 
 29.04500  0.51392  0.51394 
 29.14500  0.51376  0.51378 
 29.24500  0.51361  0.51364 
 29.34500  0.51345  0.51347 
 29.44500  0.51330  0.51333 
 29.54500  0.51315  0.51316 
 29.64500  0.51301  0.51303 
 29.74500  0.51286  0.51286 
 29.84500  0.51271  0.51272 
 29.94500  0.51255  0.51256 
 30.04500  0.51240  0.51242 
 30.14500  0.51225  0.51226 
 30.24500  0.51210  0.51212 
 30.34500  0.51194  0.51196 
 30.44500  0.51179  0.51183 
 30.54500  0.51166  0.51166 
 30.64500  0.51150  0.51153 
 30.74500  0.51135  0.51136 
 30.84500  0.51120  0.51123 
 30.94500  0.51104  0.51107 
 31.04500  0.51090  0.51093 
 31.14500  0.51076  0.51077 
 31.24500  0.51060  0.51064 
 31.34500  0.51047  0.51048 
 31.44500  0.51031  0.51034 
 31.54500  0.51017  0.51019 
 31.64500  0.51003  0.51005 
 31.74500  0.50988  0.50989 
 31.84500  0.50974  0.50975 
 31.94500  0.50959  0.50961 
 32.04500  0.50945  0.50946 
 32.14500  0.50929  0.50931 
 32.24500  0.50914  0.50916 
 32.34500  0.50901  0.50903 
 32.44500  0.50886  0.50887 
 32.54500  0.50870  0.50873 
 32.64500  0.50857  0.50857 
 32.74500  0.50842  0.50844 
 32.84500  0.50829  0.50829 
 32.94500  0.50812  0.50814 
 33.04500  0.50796  0.50799 
 33.14500  0.50782  0.50785 
 33.24500  0.50768  0.50770 
 33.34500  0.50753  0.50755 
 33.44500  0.50738  0.50741 
 33.54500  0.50723  0.50725 
 33.64500  0.50709  0.50711 
 33.74500  0.50694  0.50696 
 33.84500  0.50680  0.50681 
 33.94500  0.50665  0.50666 
 34.04500  0.50649  0.50652 
 34.14500  0.50635  0.50636 
 34.24500  0.50620  0.50622 
 34.34500  0.50605  0.50606 
 34.44500  0.50590  0.50592 
 34.54500  0.50576  0.50576 
 34.64500  0.50559  0.50562 
 34.74500  0.50544  0.50546 
 34.84500  0.50529  0.50531 
 34.94500  0.50514  0.50516 
 35.04500  0.50498  0.50501 
 35.14500  0.50483  0.50485 
 35.24500  0.50469  0.50470 
 35.34500  0.50452  0.50455 
 35.44500  0.50438  0.50439 
 35.54500  0.50422  0.50424 
 35.64500  0.50407  0.50408 
 35.74500  0.50391  0.50393 
 35.84500  0.50374  0.50376 
 35.94500  0.50360  0.50361 
 36.04500  0.50343  0.50345 
 36.14500  0.50327  0.50329 
 36.24500  0.50311  0.50314 
 36.34500  0.50295  0.50297 
 36.44500  0.50282  0.50282 
 36.54500  0.50265  0.50265 
 36.64500  0.50249  0.50249 
 36.74500  0.50233  0.50234 
 36.84500  0.50216  0.50216 
 36.94500  0.50199  0.50200 
 37.04500  0.50183  0.50184 
 37.14500  0.50166  0.50166 
 37.24500  0.50150  0.50150 
 37.34500  0.50132  0.50134 
 37.44500  0.50117  0.50116 
 37.54500  0.50099  0.50100 
 37.64500  0.50083  0.50084 
 37.74500  0.50065  0.50066 
 37.84500  0.50048  0.50050 
 37.94500  0.50031  0.50032 
 38.04500  0.50015  0.50015 
 38.14500  0.49996  0.49997 
 38.24500  0.49979  0.49980 
 38.34500  0.49960  0.49963 
 38.44500  0.49944  0.49945 
 38.54500  0.49927  0.49927 
 38.64500  0.49908  0.49910 
 38.74500  0.49889  0.49892 
 38.84500  0.49873  0.49874 
 38.94500  0.49854  0.49855 
 39.04500  0.49835  0.49837 
 39.14500  0.49818  0.49819 
 39.24500  0.49800  0.49801 
 39.34500  0.49781  0.49783 
 39.44500  0.49764  0.49764 
 39.54500  0.49744  0.49745 
 39.64500  0.49726  0.49727 
 39.74500  0.49707  0.49707 
 39.84500  0.49686  0.49689 
 39.94500  0.49669  0.49670 
 40.04500  0.49649  0.49651 
 40.14500  0.49630  0.49631 
 40.24500  0.49612  0.49613 
 40.34500  0.49593  0.49593 
 40.44500  0.49572  0.49573 
 40.54500  0.49553  0.49553 
 40.64500  0.49533  0.49533 
 40.74500  0.49513  0.49513 
 40.84500  0.49491  0.49493 
 40.94500  0.49473  0.49473 
 41.04500  0.49452  0.49453 
 41.14500  0.49433  0.49433 
 41.24500  0.49412  0.49413 
 41.34500  0.49391  0.49393 
 41.44500  0.49372  0.49372 
 41.54500  0.49350  0.49351 
 41.64500  0.49331  0.49331 
 41.74500  0.49308  0.49309 
 41.84500  0.49286  0.49289 
 41.94500  0.49267  0.49267 
 42.04500  0.49245  0.49247 
 42.14500  0.49223  0.49225 
 42.24500  0.49203  0.49203 
 42.34500  0.49181  0.49181 
 42.44500  0.49159  0.49160 
 42.54500  0.49138  0.49138 
 42.64500  0.49115  0.49117 
 42.74500  0.49093  0.49094 
 42.84500  0.49071  0.49072 
 42.94500  0.49049  0.49050 
 43.04500  0.49027  0.49028 
 43.14500  0.49003  0.49006 
 43.24500  0.48981  0.48982 
 43.34500  0.48959  0.48960 
 43.44500  0.48937  0.48938 
 43.54500  0.48913  0.48914 
 43.64500  0.48890  0.48891 
 43.74500  0.48868  0.48868 
 43.84500  0.48844  0.48845 
 43.94500  0.48822  0.48822 
 44.04500  0.48797  0.48799 
 44.14500  0.48773  0.48775 
 44.24500  0.48750  0.48752 
 44.34500  0.48727  0.48728 
 44.44500  0.48702  0.48704 
 44.54500  0.48678  0.48680 
 44.64500  0.48655  0.48657 
 44.74500  0.48631  0.48632 
 44.84500  0.48605  0.48608 
 44.94500  0.48583  0.48584 
 45.04500  0.48558  0.48560 
 45.14500  0.48534  0.48535 
 45.24500  0.48509  0.48510 
 45.34500  0.48485  0.48485 
 45.44500  0.48459  0.48460 
 45.54500  0.48435  0.48438 
 45.64500  0.48410  0.48412 
 45.74500  0.48384  0.48388 
 45.84500  0.48360  0.48362 
 45.94500  0.48335  0.48336 
 46.04500  0.48309  0.48310 
 46.14500  0.48284  0.48285 
 46.24500  0.48258  0.48260 
 46.34500  0.48233  0.48235 
 46.44500  0.48207  0.48210 
 46.54500  0.48181  0.48183 
 46.64500  0.48156  0.48158 
 46.74500  0.48130  0.48132 
 46.84500  0.48105  0.48106 
 46.94500  0.48078  0.48080 
 47.04500  0.48052  0.48055 
 47.14500  0.48026  0.48028 
 47.24500  0.48000  0.48002 
 47.34500  0.47975  0.47976 
 47.44500  0.47948  0.47950 
 47.54500  0.47921  0.47923 
 47.64500  0.47895  0.47898 
 47.74500  0.47868  0.47870 
 47.84500  0.47842  0.47844 
 47.94500  0.47815  0.47818 
 48.04500  0.47790  0.47791 
 48.14500  0.47762  0.47765 
 48.24500  0.47735  0.47738 
 48.34500  0.47708  0.47711 
 48.44500  0.47682  0.47684 
 48.54500  0.47656  0.47658 
 48.64500  0.47628  0.47630 
 48.74500  0.47602  0.47604 
 48.84500  0.47574  0.47577 
 48.94500  0.47548  0.47550 
 49.04500  0.47521  0.47523 
 49.14500  0.47493  0.47496 
 49.24500  0.47466  0.47469 
 49.34500  0.47439  0.47442 
 49.44500  0.47413  0.47415 
 49.54500  0.47386  0.47388 
 49.64500  0.47357  0.47360 
 49.74500  0.47332  0.47333 
 49.84500  0.47304  0.47307 
 49.94500  0.47276  0.47280 
 50.04500  0.47249  0.47252 
 50.14500  0.47223  0.47225 
 50.24500  0.47196  0.47198 
 50.34500  0.47169  0.47170 
 50.44500  0.47141  0.47143 
 50.54500  0.47115  0.47117 
 50.64500  0.47087  0.47090 
 50.74500  0.47059  0.47062 
 50.84500  0.47033  0.47035 
 50.94500  0.47005  0.47008 
 51.04500  0.46979  0.46981 
 51.14500  0.46952  0.46954 
 51.24500  0.46924  0.46927 
 51.34500  0.46898  0.46900 
 51.44500  0.46871  0.46873 
 51.54500  0.46844  0.46846 
 51.64500  0.46818  0.46820 
 51.74500  0.46790  0.46792 
 51.84500  0.46763  0.46765 
 51.94500  0.46737  0.46739 
 52.04500  0.46710  0.46712 
 52.14500  0.46683  0.46685 
 52.24500  0.46657  0.46659 
 52.34500  0.46630  0.46632 
 52.44500  0.46603  0.46606 
 52.54500  0.46577  0.46580 
 52.64500  0.46551  0.46552 
 52.74500  0.46524  0.46527 
 52.84500  0.46499  0.46500 
 52.94500  0.46473  0.46475 
 53.04500  0.46447  0.46448 
 53.14500  0.46420  0.46422 
 53.24500  0.46394  0.46397 
 53.34500  0.46369  0.46370 
 53.44500  0.46343  0.46345 
 53.54500  0.46317  0.46320 
 53.64500  0.46292  0.46294 
 53.74500  0.46267  0.46268 
 53.84500  0.46241  0.46242 
 53.94500  0.46215  0.46218 
 54.04500  0.46191  0.46192 
 54.14500  0.46165  0.46168 
 54.24500  0.46140  0.46142 
 54.34500  0.46115  0.46118 
 54.44500  0.46090  0.46092 
 54.54500  0.46067  0.46069 
 54.64500  0.46042  0.46045 
 54.74500  0.46018  0.46020 
 54.84500  0.45993  0.45996 
 54.94500  0.45969  0.45972 
 55.04500  0.45945  0.45948 
 55.14500  0.45922  0.45924 
 55.24500  0.45899  0.45900 
 55.34500  0.45875  0.45878 
 55.44500  0.45850  0.45854 
 55.54500  0.45828  0.45830 
 55.64500  0.45805  0.45808 
 55.74500  0.45783  0.45785 
 55.84500  0.45759  0.45762 
 55.94500  0.45737  0.45740 
 56.04500  0.45715  0.45718 
 56.14500  0.45692  0.45696 
 56.24500  0.45670  0.45673 
 56.34500  0.45649  0.45651 
 56.44500  0.45627  0.45630 
 56.54500  0.45606  0.45609 
 56.64500  0.45585  0.45587 
 56.74500  0.45564  0.45566 
 56.84500  0.45542  0.45545 
 56.94500  0.45520  0.45525 
 57.04500  0.45501  0.45503 
 57.14500  0.45481  0.45483 
 57.24500  0.45460  0.45463 
 57.34500  0.45441  0.45443 
 57.44500  0.45421  0.45424 
 57.54500  0.45402  0.45405 
 57.64500  0.45383  0.45385 
 57.74500  0.45363  0.45366 
 57.84500  0.45345  0.45347 
 57.94500  0.45326  0.45329 
 58.04500  0.45307  0.45310 
 58.14500  0.45289  0.45292 
 58.24500  0.45271  0.45275 
 58.34500  0.45254  0.45256 
 58.44500  0.45237  0.45239 
 58.54500  0.45219  0.45222 
 58.64500  0.45202  0.45205 
 58.74500  0.45186  0.45188 
 58.84500  0.45169  0.45172 
 58.94500  0.45152  0.45155 
 59.04500  0.45138  0.45139 
 59.14500  0.45120  0.45124 
 59.24500  0.45105  0.45108 
 59.34500  0.45090  0.45094 
 59.44500  0.45075  0.45077 
 59.54500  0.45060  0.45064 
 59.64500  0.45046  0.45049 
 59.74500  0.45032  0.45035 
 59.84500  0.45018  0.45021 
 59.94500  0.45003  0.45006 
 60.04500  0.44991  0.44994 
 60.14500  0.44978  0.44980 
 60.24500  0.44965  0.44967 
 60.34500  0.44953  0.44955 
 60.44500  0.44940  0.44943 
 60.54500  0.44928  0.44931 
 60.64500  0.44917  0.44918 
 60.74500  0.44905  0.44907 
 60.84500  0.44893  0.44896 
 60.94500  0.44885  0.44885 
 61.04500  0.44872  0.44875 
 61.14500  0.44862  0.44864 
 61.24500  0.44852  0.44854 
 61.34500  0.44843  0.44844 
 61.44500  0.44833  0.44835 
 61.54500  0.44825  0.44826 
 61.64500  0.44817  0.44817 
 61.74500  0.44808  0.44809 
 61.84500  0.44797  0.44800 
 61.94500  0.44791  0.44791 
 62.04500  0.44785  0.44784 
 62.14500  0.44775  0.44778 
 62.24500  0.44768  0.44770 
 62.34500  0.44762  0.44762 
 62.44500  0.44757  0.44758 
 62.54500  0.44749  0.44750 
 62.64500  0.44743  0.44745 
 62.74500  0.44738  0.44740 
 62.84500  0.44733  0.44733 
 62.94500  0.44727  0.44730 
 63.04500  0.44723  0.44724 
 63.14500  0.44719  0.44720 
 63.24500  0.44715  0.44719 
 63.34500  0.44713  0.44710 
 63.44500  0.44708  0.44710 
 63.54500  0.44708  0.44710 
 63.64500  0.44702  0.44700 
 63.74500  0.44702  0.44700 
 63.84500  0.44698  0.44700 
 63.94500  0.44697  0.44700 
 64.04500  0.44695  0.44700 
 64.14500  0.44690  0.44692 
 64.24500  0.44690  0.44690 
 64.34500  0.44690  0.44690 
