  0.04500  0.52772  0.52660 
  0.14500  0.52773  0.52660 
  0.24500  0.52773  0.52660 
  0.34500  0.52773  0.52660 
  0.44500  0.52772  0.52660 
  0.54500  0.52772  0.52660 
  0.64500  0.52771  0.52660 
  0.74500  0.52771  0.52660 
  0.84500  0.52770  0.52660 
  0.94500  0.52767  0.52660 
  1.04500  0.52767  0.52660 
  1.14500  0.52766  0.52660 
  1.24500  0.52764  0.52660 
  1.34500  0.52763  0.52660 
  1.44500  0.52764  0.52660 
  1.54500  0.52762  0.52660 
  1.64500  0.52761  0.52660 
  1.74500  0.52762  0.52660 
  1.84500  0.52761  0.52660 
  1.94500  0.52760  0.52660 
  2.04500  0.52759  0.52660 
  2.14500  0.52758  0.52656 
  2.24500  0.52756  0.52650 
  2.34500  0.52753  0.52650 
  2.44500  0.52752  0.52650 
  2.54500  0.52753  0.52650 
  2.64500  0.52753  0.52650 
  2.74500  0.52752  0.52650 
  2.84500  0.52750  0.52650 
  2.94500  0.52751  0.52650 
  3.04500  0.52749  0.52649 
  3.14500  0.52746  0.52640 
  3.24500  0.52744  0.52640 
  3.34500  0.52742  0.52640 
  3.44500  0.52739  0.52640 
  3.54500  0.52739  0.52640 
  3.64500  0.52738  0.52640 
  3.74500  0.52734  0.52639 
  3.84500  0.52734  0.52630 
  3.94500  0.52733  0.52630 
  4.04500  0.52733  0.52630 
  4.14500  0.52731  0.52630 
  4.24500  0.52726  0.52630 
  4.34500  0.52723  0.52629 
  4.44500  0.52721  0.52620 
  4.54500  0.52721  0.52620 
  4.64500  0.52719  0.52620 
  4.74500  0.52715  0.52620 
  4.84500  0.52715  0.52620 
  4.94500  0.52712  0.52611 
  5.04500  0.52711  0.52610 
  5.14500  0.52707  0.52610 
  5.24500  0.52704  0.52610 
  5.34500  0.52702  0.52609 
  5.44500  0.52701  0.52600 
  5.54500  0.52697  0.52600 
  5.64500  0.52696  0.52600 
  5.74500  0.52695  0.52600 
  5.84500  0.52692  0.52592 
  5.94500  0.52687  0.52590 
  6.04500  0.52686  0.52590 
  6.14500  0.52684  0.52590 
  6.24500  0.52680  0.52583 
  6.34500  0.52678  0.52580 
  6.44500  0.52676  0.52580 
  6.54500  0.52675  0.52580 
  6.64500  0.52672  0.52571 
  6.74500  0.52667  0.52570 
  6.84500  0.52662  0.52570 
  6.94500  0.52659  0.52567 
  7.04500  0.52659  0.52560 
  7.14500  0.52657  0.52560 
  7.24500  0.52653  0.52560 
  7.34500  0.52649  0.52552 
  7.44500  0.52647  0.52550 
  7.54500  0.52644  0.52550 
  7.64500  0.52641  0.52545 
  7.74500  0.52636  0.52540 
  7.84500  0.52634  0.52540 
  7.94500  0.52630  0.52537 
  8.04500  0.52626  0.52530 
  8.14500  0.52625  0.52530 
  8.24500  0.52620  0.52527 
  8.34500  0.52616  0.52520 
  8.44500  0.52613  0.52520 
  8.54500  0.52609  0.52517 
  8.64500  0.52605  0.52510 
  8.74500  0.52602  0.52510 
  8.84500  0.52599  0.52505 
  8.94500  0.52595  0.52500 
  9.04500  0.52588  0.52500 
  9.14500  0.52587  0.52493 
  9.24500  0.52585  0.52490 
  9.34500  0.52581  0.52490 
  9.44500  0.52576  0.52480 
  9.54500  0.52570  0.52480 
  9.64500  0.52568  0.52476 
  9.74500  0.52563  0.52470 
  9.84500  0.52560  0.52470 
  9.94500  0.52555  0.52462 
 10.04500  0.52553  0.52460 
 10.14500  0.52547  0.52457 
 10.24500  0.52544  0.52450 
 10.34500  0.52539  0.52450 
 10.44500  0.52537  0.52441 
 10.54500  0.52532  0.52440 
 10.64500  0.52528  0.52435 
 10.74500  0.52523  0.52430 
 10.84500  0.52515  0.52429 
 10.94500  0.52513  0.52420 
 11.04500  0.52510  0.52420 
 11.14500  0.52502  0.52412 
 11.24500  0.52496  0.52410 
 11.34500  0.52492  0.52405 
 11.44500  0.52489  0.52400 
 11.54500  0.52483  0.52397 
 11.64500  0.52477  0.52390 
 11.74500  0.52474  0.52389 
 11.84500  0.52469  0.52380 
 11.94500  0.52463  0.52380 
 12.04500  0.52460  0.52370 
 12.14500  0.52452  0.52370 
 12.24500  0.52450  0.52361 
 12.34500  0.52442  0.52360 
 12.44500  0.52437  0.52352 
 12.54500  0.52434  0.52350 
 12.64500  0.52426  0.52343 
 12.74500  0.52422  0.52340 
 12.84500  0.52419  0.52333 
 12.94500  0.52415  0.52330 
 13.04500  0.52408  0.52323 
 13.14500  0.52401  0.52320 
 13.24500  0.52397  0.52313 
 13.34500  0.52391  0.52310 
 13.44500  0.52387  0.52302 
 13.54500  0.52378  0.52300 
 13.64500  0.52374  0.52291 
 13.74500  0.52368  0.52290 
 13.84500  0.52362  0.52280 
 13.94500  0.52359  0.52279 
 14.04500  0.52351  0.52270 
 14.14500  0.52345  0.52268 
 14.24500  0.52341  0.52260 
 14.34500  0.52334  0.52256 
 14.44500  0.52326  0.52250 
 14.54500  0.52324  0.52244 
 14.64500  0.52316  0.52240 
 14.74500  0.52309  0.52232 
 14.84500  0.52303  0.52230 
 14.94500  0.52299  0.52220 
 15.04500  0.52294  0.52218 
 15.14500  0.52287  0.52210 
 15.24500  0.52282  0.52205 
 15.34500  0.52274  0.52200 
 15.44500  0.52268  0.52192 
 15.54500  0.52263  0.52190 
 15.64500  0.52253  0.52180 
 15.74500  0.52249  0.52177 
 15.84500  0.52243  0.52170 
 15.94500  0.52236  0.52164 
 16.04500  0.52231  0.52160 
 16.14500  0.52224  0.52150 
 16.24500  0.52218  0.52147 
 16.34500  0.52210  0.52140 
 16.44500  0.52205  0.52133 
 16.54500  0.52196  0.52130 
 16.64500  0.52192  0.52120 
 16.74500  0.52185  0.52116 
 16.84500  0.52177  0.52110 
 16.94500  0.52174  0.52102 
 17.04500  0.52165  0.52098 
 17.14500  0.52158  0.52090 
 17.24500  0.52153  0.52084 
 17.34500  0.52147  0.52080 
 17.44500  0.52138  0.52070 
 17.54500  0.52133  0.52065 
 17.64500  0.52125  0.52060 
 17.74500  0.52119  0.52051 
 17.84500  0.52114  0.52046 
 17.94500  0.52105  0.52040 
 18.04500  0.52099  0.52032 
 18.14500  0.52091  0.52027 
 18.24500  0.52084  0.52020 
 18.34500  0.52078  0.52012 
 18.44500  0.52070  0.52007 
 18.54500  0.52062  0.52000 
 18.64500  0.52058  0.51992 
 18.74500  0.52048  0.51987 
 18.84500  0.52041  0.51980 
 18.94500  0.52034  0.51972 
 19.04500  0.52027  0.51966 
 19.14500  0.52023  0.51960 
 19.24500  0.52013  0.51951 
 19.34500  0.52008  0.51946 
 19.44500  0.51999  0.51940 
 19.54500  0.51992  0.51930 
 19.64500  0.51987  0.51925 
 19.74500  0.51978  0.51919 
 19.84500  0.51969  0.51910 
 19.94500  0.51964  0.51903 
 20.04500  0.51954  0.51897 
 20.14500  0.51948  0.51890 
 20.24500  0.51941  0.51882 
 20.34500  0.51934  0.51876 
 20.44500  0.51926  0.51870 
 20.54500  0.51917  0.51860 
 20.64500  0.51911  0.51854 
 20.74500  0.51902  0.51848 
 20.84500  0.51895  0.51840 
 20.94500  0.51890  0.51831 
 21.04500  0.51880  0.51825 
 21.14500  0.51874  0.51819 
 21.24500  0.51865  0.51810 
 21.34500  0.51858  0.51803 
 21.44500  0.51848  0.51796 
 21.54500  0.51842  0.51790 
 21.64500  0.51832  0.51780 
 21.74500  0.51824  0.51773 
 21.84500  0.51818  0.51767 
 21.94500  0.51809  0.51760 
 22.04500  0.51800  0.51750 
 22.14500  0.51794  0.51744 
 22.24500  0.51783  0.51737 
 22.34500  0.51776  0.51730 
 22.44500  0.51768  0.51720 
 22.54500  0.51762  0.51714 
 22.64500  0.51753  0.51707 
 22.74500  0.51746  0.51700 
 22.84500  0.51737  0.51690 
 22.94500  0.51728  0.51683 
 23.04500  0.51722  0.51676 
 23.14500  0.51710  0.51669 
 23.24500  0.51705  0.51660 
 23.34500  0.51697  0.51652 
 23.44500  0.51687  0.51645 
 23.54500  0.51679  0.51638 
 23.64500  0.51671  0.51630 
 23.74500  0.51662  0.51621 
 23.84500  0.51653  0.51614 
 23.94500  0.51648  0.51607 
 24.04500  0.51637  0.51599 
 24.14500  0.51630  0.51590 
 24.24500  0.51622  0.51582 
 24.34500  0.51612  0.51575 
 24.44500  0.51604  0.51567 
 24.54500  0.51596  0.51560 
 24.64500  0.51588  0.51550 
 24.74500  0.51580  0.51543 
 24.84500  0.51571  0.51535 
 24.94500  0.51561  0.51528 
 25.04500  0.51554  0.51520 
 25.14500  0.51544  0.51510 
 25.24500  0.51536  0.51503 
 25.34500  0.51529  0.51495 
 25.44500  0.51519  0.51488 
 25.54500  0.51512  0.51480 
 25.64500  0.51502  0.51470 
 25.74500  0.51495  0.51463 
 25.84500  0.51486  0.51455 
 25.94500  0.51478  0.51447 
 26.04500  0.51469  0.51440 
 26.14500  0.51462  0.51430 
 26.24500  0.51452  0.51422 
 26.34500  0.51444  0.51414 
 26.44500  0.51435  0.51407 
 26.54500  0.51425  0.51399 
 26.64500  0.51417  0.51390 
 26.74500  0.51408  0.51381 
 26.84500  0.51400  0.51373 
 26.94500  0.51390  0.51365 
 27.04500  0.51382  0.51358 
 27.14500  0.51371  0.51350 
 27.24500  0.51365  0.51340 
 27.34500  0.51356  0.51332 
 27.44500  0.51348  0.51324 
 27.54500  0.51340  0.51316 
 27.64500  0.51330  0.51308 
 27.74500  0.51321  0.51300 
 27.84500  0.51313  0.51290 
 27.94500  0.51303  0.51282 
 28.04500  0.51295  0.51274 
 28.14500  0.51287  0.51266 
 28.24500  0.51277  0.51258 
 28.34500  0.51270  0.51250 
 28.44500  0.51259  0.51240 
 28.54500  0.51251  0.51232 
 28.64500  0.51241  0.51224 
 28.74500  0.51236  0.51216 
 28.84500  0.51226  0.51208 
 28.94500  0.51218  0.51200 
 29.04500  0.51207  0.51190 
 29.14500  0.51198  0.51182 
 29.24500  0.51189  0.51174 
 29.34500  0.51180  0.51166 
 29.44500  0.51173  0.51158 
 29.54500  0.51162  0.51149 
 29.64500  0.51154  0.51140 
 29.74500  0.51145  0.51131 
 29.84500  0.51135  0.51123 
 29.94500  0.51127  0.51115 
 30.04500  0.51118  0.51107 
 30.14500  0.51109  0.51099 
 30.24500  0.51102  0.51090 
 30.34500  0.51091  0.51081 
 30.44500  0.51084  0.51072 
 30.54500  0.51072  0.51064 
 30.64500  0.51065  0.51056 
 30.74500  0.51056  0.51048 
 30.84500  0.51047  0.51040 
 30.94500  0.51037  0.51030 
 31.04500  0.51028  0.51021 
 31.14500  0.51018  0.51013 
 31.24500  0.51010  0.51005 
 31.34500  0.51001  0.50997 
 31.44500  0.50992  0.50989 
 31.54500  0.50982  0.50980 
 31.64500  0.50973  0.50970 
 31.74500  0.50965  0.50962 
 31.84500  0.50956  0.50954 
 31.94500  0.50946  0.50946 
 32.04500  0.50938  0.50937 
 32.14500  0.50930  0.50929 
 32.24500  0.50919  0.50920 
 32.34500  0.50911  0.50911 
 32.44500  0.50900  0.50903 
 32.54500  0.50892  0.50894 
 32.64500  0.50883  0.50886 
 32.74500  0.50874  0.50878 
 32.84500  0.50865  0.50870 
 32.94500  0.50856  0.50860 
 33.04500  0.50845  0.50852 
 33.14500  0.50839  0.50843 
 33.24500  0.50828  0.50835 
 33.34500  0.50822  0.50827 
 33.44500  0.50811  0.50819 
 33.54500  0.50804  0.50810 
 33.64500  0.50794  0.50801 
 33.74500  0.50784  0.50792 
 33.84500  0.50774  0.50784 
 33.94500  0.50767  0.50776 
 34.04500  0.50757  0.50768 
 34.14500  0.50749  0.50760 
 34.24500  0.50739  0.50750 
 34.34500  0.50730  0.50741 
 34.44500  0.50721  0.50733 
 34.54500  0.50711  0.50725 
 34.64500  0.50704  0.50717 
 34.74500  0.50695  0.50709 
 34.84500  0.50687  0.50700 
 34.94500  0.50677  0.50691 
 35.04500  0.50668  0.50683 
 35.14500  0.50658  0.50674 
 35.24500  0.50650  0.50666 
 35.34500  0.50642  0.50658 
 35.44500  0.50633  0.50650 
 35.54500  0.50623  0.50640 
 35.64500  0.50615  0.50632 
 35.74500  0.50604  0.50624 
 35.84500  0.50596  0.50616 
 35.94500  0.50587  0.50608 
 36.04500  0.50581  0.50600 
 36.14500  0.50570  0.50590 
 36.24500  0.50562  0.50582 
 36.34500  0.50555  0.50574 
 36.44500  0.50543  0.50566 
 36.54500  0.50535  0.50558 
 36.64500  0.50527  0.50550 
 36.74500  0.50519  0.50540 
 36.84500  0.50509  0.50532 
 36.94500  0.50501  0.50524 
 37.04500  0.50491  0.50516 
 37.14500  0.50483  0.50508 
 37.24500  0.50472  0.50500 
 37.34500  0.50467  0.50490 
 37.44500  0.50457  0.50483 
 37.54500  0.50448  0.50475 
 37.64500  0.50439  0.50467 
 37.74500  0.50432  0.50459 
 37.84500  0.50422  0.50450 
 37.94500  0.50414  0.50441 
 38.04500  0.50407  0.50434 
 38.14500  0.50397  0.50426 
 38.24500  0.50390  0.50418 
 38.34500  0.50379  0.50410 
 38.44500  0.50372  0.50401 
 38.54500  0.50361  0.50393 
 38.64500  0.50354  0.50385 
 38.74500  0.50344  0.50378 
 38.84500  0.50338  0.50370 
 38.94500  0.50328  0.50360 
 39.04500  0.50318  0.50352 
 39.14500  0.50310  0.50345 
 39.24500  0.50303  0.50337 
 39.34500  0.50296  0.50330 
 39.44500  0.50286  0.50320 
 39.54500  0.50279  0.50312 
 39.64500  0.50269  0.50305 
 39.74500  0.50260  0.50298 
 39.84500  0.50252  0.50290 
 39.94500  0.50243  0.50280 
 40.04500  0.50235  0.50273 
 40.14500  0.50227  0.50266 
 40.24500  0.50220  0.50258 
 40.34500  0.50209  0.50250 
 40.44500  0.50203  0.50241 
 40.54500  0.50192  0.50234 
 40.64500  0.50185  0.50227 
 40.74500  0.50176  0.50220 
 40.84500  0.50171  0.50210 
 40.94500  0.50162  0.50202 
 41.04500  0.50153  0.50195 
 41.14500  0.50146  0.50188 
 41.24500  0.50134  0.50180 
 41.34500  0.50129  0.50171 
 41.44500  0.50118  0.50164 
 41.54500  0.50112  0.50158 
 41.64500  0.50103  0.50150 
 41.74500  0.50094  0.50141 
 41.84500  0.50087  0.50134 
 41.94500  0.50078  0.50127 
 42.04500  0.50070  0.50120 
 42.14500  0.50061  0.50110 
 42.24500  0.50055  0.50104 
 42.34500  0.50046  0.50097 
 42.44500  0.50039  0.50090 
 42.54500  0.50032  0.50080 
 42.64500  0.50022  0.50074 
 42.74500  0.50016  0.50067 
 42.84500  0.50007  0.50060 
 42.94500  0.49999  0.50051 
 43.04500  0.49993  0.50044 
 43.14500  0.49984  0.50038 
 43.24500  0.49978  0.50030 
 43.34500  0.49967  0.50022 
 43.44500  0.49961  0.50015 
 43.54500  0.49952  0.50009 
 43.64500  0.49943  0.50000 
 43.74500  0.49938  0.49993 
 43.84500  0.49929  0.49987 
 43.94500  0.49921  0.49980 
 44.04500  0.49915  0.49971 
 44.14500  0.49906  0.49965 
 44.24500  0.49900  0.49959 
 44.34500  0.49890  0.49950 
 44.44500  0.49885  0.49943 
 44.54500  0.49876  0.49938 
 44.64500  0.49871  0.49930 
 44.74500  0.49864  0.49922 
 44.84500  0.49854  0.49916 
 44.94500  0.49847  0.49910 
 45.04500  0.49842  0.49901 
 45.14500  0.49832  0.49895 
 45.24500  0.49826  0.49890 
 45.34500  0.49818  0.49880 
 45.44500  0.49812  0.49875 
 45.54500  0.49804  0.49869 
 45.64500  0.49797  0.49860 
 45.74500  0.49791  0.49854 
 45.84500  0.49781  0.49849 
 45.94500  0.49776  0.49840 
 46.04500  0.49770  0.49834 
 46.14500  0.49763  0.49829 
 46.24500  0.49756  0.49820 
 46.34500  0.49751  0.49814 
 46.44500  0.49742  0.49810 
 46.54500  0.49735  0.49800 
 46.64500  0.49728  0.49795 
 46.74500  0.49721  0.49790 
 46.84500  0.49716  0.49781 
 46.94500  0.49706  0.49776 
 47.04500  0.49701  0.49770 
 47.14500  0.49695  0.49762 
 47.24500  0.49687  0.49758 
 47.34500  0.49680  0.49750 
 47.44500  0.49676  0.49743 
 47.54500  0.49666  0.49739 
 47.64500  0.49661  0.49730 
 47.74500  0.49653  0.49726 
 47.84500  0.49646  0.49720 
 47.94500  0.49644  0.49712 
 48.04500  0.49636  0.49708 
 48.14500  0.49630  0.49700 
 48.24500  0.49625  0.49695 
 48.34500  0.49616  0.49690 
 48.44500  0.49609  0.49681 
 48.54500  0.49605  0.49678 
 48.64500  0.49598  0.49670 
 48.74500  0.49589  0.49665 
 48.84500  0.49587  0.49660 
 48.94500  0.49580  0.49652 
 49.04500  0.49571  0.49649 
 49.14500  0.49567  0.49640 
 49.24500  0.49560  0.49637 
 49.34500  0.49553  0.49630 
 49.44500  0.49547  0.49624 
 49.54500  0.49542  0.49620 
 49.64500  0.49535  0.49612 
 49.74500  0.49529  0.49610 
 49.84500  0.49525  0.49600 
 49.94500  0.49515  0.49598 
 50.04500  0.49513  0.49590 
 50.14500  0.49510  0.49586 
 50.24500  0.49500  0.49580 
 50.34500  0.49495  0.49574 
 50.44500  0.49491  0.49570 
 50.54500  0.49482  0.49563 
 50.64500  0.49477  0.49560 
 50.74500  0.49471  0.49552 
 50.84500  0.49466  0.49550 
 50.94500  0.49462  0.49541 
 51.04500  0.49455  0.49540 
 51.14500  0.49451  0.49530 
 51.24500  0.49443  0.49530 
 51.34500  0.49438  0.49520 
 51.44500  0.49435  0.49520 
 51.54500  0.49427  0.49510 
 51.64500  0.49421  0.49510 
 51.74500  0.49416  0.49500 
 51.84500  0.49413  0.49500 
 51.94500  0.49404  0.49490 
 52.04500  0.49401  0.49490 
 52.14500  0.49397  0.49481 
 52.24500  0.49391  0.49480 
 52.34500  0.49386  0.49472 
 52.44500  0.49379  0.49470 
 52.54500  0.49377  0.49463 
 52.64500  0.49372  0.49460 
 52.74500  0.49367  0.49455 
 52.84500  0.49362  0.49450 
 52.94500  0.49358  0.49446 
 53.04500  0.49352  0.49440 
 53.14500  0.49347  0.49439 
 53.24500  0.49343  0.49430 
 53.34500  0.49342  0.49430 
 53.44500  0.49333  0.49422 
 53.54500  0.49329  0.49420 
 53.64500  0.49325  0.49415 
 53.74500  0.49322  0.49410 
 53.84500  0.49315  0.49408 
 53.94500  0.49312  0.49400 
 54.04500  0.49306  0.49400 
 54.14500  0.49302  0.49392 
 54.24500  0.49299  0.49390 
 54.34500  0.49293  0.49387 
 54.44500  0.49289  0.49380 
 54.54500  0.49287  0.49380 
 54.64500  0.49282  0.49372 
 54.74500  0.49277  0.49370 
 54.84500  0.49272  0.49368 
 54.94500  0.49269  0.49360 
 55.04500  0.49266  0.49360 
 55.14500  0.49262  0.49355 
 55.24500  0.49254  0.49350 
 55.34500  0.49251  0.49350 
 55.44500  0.49251  0.49342 
 55.54500  0.49248  0.49340 
 55.64500  0.49244  0.49340 
 55.74500  0.49238  0.49330 
 55.84500  0.49235  0.49330 
 55.94500  0.49232  0.49329 
 56.04500  0.49229  0.49320 
 56.14500  0.49228  0.49320 
 56.24500  0.49223  0.49319 
 56.34500  0.49219  0.49310 
 56.44500  0.49214  0.49310 
 56.54500  0.49212  0.49309 
 56.64500  0.49208  0.49300 
 56.74500  0.49206  0.49300 
 56.84500  0.49200  0.49300 
 56.94500  0.49198  0.49291 
 57.04500  0.49196  0.49290 
 57.14500  0.49191  0.49290 
 57.24500  0.49191  0.49285 
 57.34500  0.49186  0.49280 
 57.44500  0.49179  0.49280 
 57.54500  0.49179  0.49280 
 57.64500  0.49177  0.49270 
 57.74500  0.49175  0.49270 
 57.84500  0.49174  0.49270 
 57.94500  0.49169  0.49267 
 58.04500  0.49164  0.49260 
 58.14500  0.49163  0.49260 
 58.24500  0.49161  0.49260 
 58.34500  0.49159  0.49256 
 58.44500  0.49155  0.49250 
 58.54500  0.49153  0.49250 
 58.64500  0.49153  0.49250 
 58.74500  0.49147  0.49247 
 58.84500  0.49142  0.49240 
 58.94500  0.49143  0.49240 
 59.04500  0.49140  0.49240 
 59.14500  0.49136  0.49240 
 59.24500  0.49135  0.49232 
 59.34500  0.49134  0.49230 
 59.44500  0.49133  0.49230 
 59.54500  0.49125  0.49230 
 59.64500  0.49126  0.49230 
 59.74500  0.49125  0.49221 
 59.84500  0.49122  0.49220 
 59.94500  0.49118  0.49220 
 60.04500  0.49115  0.49220 
 60.14500  0.49116  0.49220 
 60.24500  0.49116  0.49215 
 60.34500  0.49117  0.49210 
 60.44500  0.49114  0.49210 
 60.54500  0.49109  0.49210 
 60.64500  0.49107  0.49210 
 60.74500  0.49106  0.49210 
 60.84500  0.49106  0.49207 
 60.94500  0.49104  0.49200 
 61.04500  0.49102  0.49200 
 61.14500  0.49103  0.49200 
 61.24500  0.49101  0.49200 
 61.34500  0.49098  0.49200 
 61.44500  0.49098  0.49200 
 61.54500  0.49097  0.49200 
 61.64500  0.49093  0.49193 
 61.74500  0.49091  0.49190 
 61.84500  0.49088  0.49190 
 61.94500  0.49086  0.49190 
 62.04500  0.49087  0.49190 
 62.14500  0.49087  0.49190 
 62.24500  0.49088  0.49190 
 62.34500  0.49087  0.49190 
 62.44500  0.49087  0.49190 
 62.54500  0.49085  0.49190 
 62.64500  0.49082  0.49187 
 62.74500  0.49080  0.49180 
 62.84500  0.49081  0.49180 
 62.94500  0.49081  0.49180 
 63.04500  0.49081  0.49180 
 63.14500  0.49081  0.49180 
 63.24500  0.49080  0.49180 
 63.34500  0.49078  0.49180 
 63.44500  0.49078  0.49180 
 63.54500  0.49078  0.49180 
 63.64500  0.49078  0.49180 
 63.74500  0.49078  0.49180 
 63.84500  0.49079  0.49180 
 63.94500  0.49078  0.49180 
 64.04500  0.49078  0.49180 
 64.14500  0.49078  0.49180 
 64.24500  0.49078  0.49180 
 64.34500  0.49078  0.49180 
