  0.04500  0.64748  0.64740 
  0.14500  0.64746  0.64740 
  0.24500  0.64740  0.64731 
  0.34500  0.64728  0.64722 
  0.44500  0.64713  0.64707 
  0.54500  0.64696  0.64690 
  0.64500  0.64675  0.64670 
  0.74500  0.64652  0.64645 
  0.84500  0.64623  0.64618 
  0.94500  0.64595  0.64587 
  1.04500  0.64559  0.64552 
  1.14500  0.64520  0.64514 
  1.24500  0.64481  0.64473 
  1.34500  0.64438  0.64430 
  1.44500  0.64387  0.64380 
  1.54500  0.64337  0.64330 
  1.64500  0.64284  0.64277 
  1.74500  0.64225  0.64220 
  1.84500  0.64167  0.64160 
  1.94500  0.64102  0.64097 
  2.04500  0.64037  0.64030 
  2.14500  0.63966  0.63961 
  2.24500  0.63894  0.63889 
  2.34500  0.63819  0.63815 
  2.44500  0.63740  0.63736 
  2.54500  0.63662  0.63656 
  2.64500  0.63577  0.63572 
  2.74500  0.63492  0.63488 
  2.84500  0.63403  0.63399 
  2.94500  0.63311  0.63308 
  3.04500  0.63219  0.63215 
  3.14500  0.63123  0.63119 
  3.24500  0.63024  0.63025 
  3.34500  0.62926  0.62925 
  3.44500  0.62822  0.62818 
  3.54500  0.62718  0.62715 
  3.64500  0.62611  0.62608 
  3.74500  0.62503  0.62501 
  3.84500  0.62392  0.62391 
  3.94500  0.62281  0.62279 
  4.04500  0.62167  0.62166 
  4.14500  0.62049  0.62050 
  4.24500  0.61933  0.61933 
  4.34500  0.61815  0.61815 
  4.44500  0.61695  0.61696 
  4.54500  0.61575  0.61574 
  4.64500  0.61454  0.61453 
  4.74500  0.61328  0.61328 
  4.84500  0.61203  0.61205 
  4.94500  0.61080  0.61079 
  5.04500  0.60952  0.60953 
  5.14500  0.60824  0.60825 
  5.24500  0.60696  0.60696 
  5.34500  0.60566  0.60568 
  5.44500  0.60437  0.60439 
  5.54500  0.60306  0.60309 
  5.64500  0.60174  0.60178 
  5.74500  0.60047  0.60047 
  5.84500  0.59914  0.59916 
  5.94500  0.59783  0.59783 
  6.04500  0.59651  0.59653 
  6.14500  0.59519  0.59520 
  6.24500  0.59386  0.59388 
  6.34500  0.59256  0.59257 
  6.44500  0.59123  0.59124 
  6.54500  0.58990  0.58993 
  6.64500  0.58858  0.58860 
  6.74500  0.58726  0.58730 
  6.84500  0.58596  0.58598 
  6.94500  0.58467  0.58468 
  7.04500  0.58336  0.58337 
  7.14500  0.58204  0.58208 
  7.24500  0.58076  0.58078 
  7.34500  0.57949  0.57949 
  7.44500  0.57822  0.57822 
  7.54500  0.57693  0.57695 
  7.64500  0.57566  0.57567 
  7.74500  0.57439  0.57443 
  7.84500  0.57316  0.57317 
  7.94500  0.57193  0.57193 
  8.04500  0.57070  0.57070 
  8.14500  0.56949  0.56948 
  8.24500  0.56828  0.56826 
  8.34500  0.56707  0.56706 
  8.44500  0.56588  0.56588 
  8.54500  0.56471  0.56470 
  8.64500  0.56354  0.56353 
  8.74500  0.56237  0.56238 
  8.84500  0.56124  0.56122 
  8.94500  0.56011  0.56010 
  9.04500  0.55899  0.55899 
  9.14500  0.55790  0.55788 
  9.24500  0.55680  0.55679 
  9.34500  0.55573  0.55571 
  9.44500  0.55466  0.55465 
  9.54500  0.55363  0.55358 
  9.64500  0.55258  0.55255 
  9.74500  0.55155  0.55155 
  9.84500  0.55053  0.55055 
  9.94500  0.54956  0.54955 
 10.04500  0.54857  0.54855 
 10.14500  0.54760  0.54757 
 10.24500  0.54668  0.54665 
 10.34500  0.54573  0.54570 
 10.44500  0.54480  0.54478 
 10.54500  0.54391  0.54388 
 10.64500  0.54301  0.54299 
 10.74500  0.54213  0.54211 
 10.84500  0.54128  0.54124 
 10.94500  0.54044  0.54040 
 11.04500  0.53960  0.53957 
 11.14500  0.53880  0.53876 
 11.24500  0.53799  0.53796 
 11.34500  0.53720  0.53717 
 11.44500  0.53644  0.53640 
 11.54500  0.53567  0.53565 
 11.64500  0.53494  0.53490 
 11.74500  0.53421  0.53418 
 11.84500  0.53349  0.53347 
 11.94500  0.53279  0.53277 
 12.04500  0.53212  0.53210 
 12.14500  0.53145  0.53143 
 12.24500  0.53080  0.53077 
 12.34500  0.53015  0.53013 
 12.44500  0.52953  0.52950 
 12.54500  0.52890  0.52889 
 12.64500  0.52831  0.52829 
 12.74500  0.52772  0.52772 
 12.84500  0.52714  0.52714 
 12.94500  0.52658  0.52658 
 13.04500  0.52604  0.52605 
 13.14500  0.52551  0.52550 
 13.24500  0.52499  0.52500 
 13.34500  0.52449  0.52450 
 13.44500  0.52398  0.52400 
 13.54500  0.52351  0.52350 
 13.64500  0.52304  0.52305 
 13.74500  0.52258  0.52259 
 13.84500  0.52214  0.52214 
 13.94500  0.52169  0.52171 
 14.04500  0.52127  0.52129 
 14.14500  0.52086  0.52088 
 14.24500  0.52046  0.52048 
 14.34500  0.52005  0.52010 
 14.44500  0.51970  0.51973 
 14.54500  0.51932  0.51935 
 14.64500  0.51897  0.51900 
 14.74500  0.51861  0.51865 
 14.84500  0.51827  0.51832 
 14.94500  0.51794  0.51798 
 15.04500  0.51763  0.51768 
 15.14500  0.51733  0.51737 
 15.24500  0.51702  0.51707 
 15.34500  0.51673  0.51679 
 15.44500  0.51644  0.51650 
 15.54500  0.51618  0.51623 
 15.64500  0.51592  0.51598 
 15.74500  0.51566  0.51572 
 15.84500  0.51541  0.51548 
 15.94500  0.51518  0.51523 
 16.04500  0.51495  0.51500 
 16.14500  0.51470  0.51478 
 16.24500  0.51450  0.51457 
 16.34500  0.51429  0.51435 
 16.44500  0.51411  0.51415 
 16.54500  0.51390  0.51395 
 16.64500  0.51371  0.51377 
 16.74500  0.51354  0.51359 
 16.84500  0.51337  0.51342 
 16.94500  0.51320  0.51325 
 17.04500  0.51303  0.51308 
 17.14500  0.51289  0.51293 
 17.24500  0.51273  0.51277 
 17.34500  0.51258  0.51263 
 17.44500  0.51246  0.51249 
 17.54500  0.51232  0.51235 
 17.64500  0.51219  0.51223 
 17.74500  0.51207  0.51210 
 17.84500  0.51194  0.51197 
 17.94500  0.51184  0.51186 
 18.04500  0.51173  0.51175 
 18.14500  0.51162  0.51164 
 18.24500  0.51152  0.51153 
 18.34500  0.51144  0.51143 
 18.44500  0.51133  0.51134 
 18.54500  0.51125  0.51125 
 18.64500  0.51116  0.51116 
 18.74500  0.51108  0.51108 
 18.84500  0.51099  0.51100 
 18.94500  0.51093  0.51090 
 19.04500  0.51085  0.51083 
 19.14500  0.51080  0.51077 
 19.24500  0.51071  0.51070 
 19.34500  0.51066  0.51062 
 19.44500  0.51058  0.51058 
 19.54500  0.51054  0.51050 
 19.64500  0.51048  0.51044 
 19.74500  0.51041  0.51040 
 19.84500  0.51037  0.51032 
 19.94500  0.51032  0.51030 
 20.04500  0.51027  0.51022 
 20.14500  0.51022  0.51020 
 20.24500  0.51019  0.51013 
 20.34500  0.51013  0.51010 
 20.44500  0.51007  0.51006 
 20.54500  0.51006  0.51000 
 20.64500  0.51003  0.51000 
 20.74500  0.50997  0.50992 
 20.84500  0.50993  0.50990 
 20.94500  0.50989  0.50990 
 21.04500  0.50989  0.50980 
 21.14500  0.50986  0.50980 
 21.24500  0.50980  0.50980 
 21.34500  0.50976  0.50973 
 21.44500  0.50974  0.50970 
 21.54500  0.50974  0.50970 
 21.64500  0.50970  0.50970 
 21.74500  0.50968  0.50961 
 21.84500  0.50964  0.50960 
 21.94500  0.50960  0.50960 
 22.04500  0.50960  0.50960 
 22.14500  0.50956  0.50957 
 22.24500  0.50956  0.50950 
 22.34500  0.50953  0.50950 
 22.44500  0.50954  0.50950 
 22.54500  0.50946  0.50950 
 22.64500  0.50945  0.50950 
 22.74500  0.50946  0.50943 
 22.84500  0.50942  0.50940 
 22.94500  0.50941  0.50940 
 23.04500  0.50940  0.50940 
 23.14500  0.50938  0.50940 
 23.24500  0.50938  0.50940 
 23.34500  0.50938  0.50940 
 23.44500  0.50929  0.50938 
 23.54500  0.50929  0.50930 
 23.64500  0.50930  0.50930 
 23.74500  0.50928  0.50930 
 23.84500  0.50928  0.50930 
 23.94500  0.50927  0.50930 
 24.04500  0.50924  0.50930 
 24.14500  0.50925  0.50930 
 24.24500  0.50921  0.50930 
 24.34500  0.50922  0.50930 
 24.44500  0.50923  0.50930 
 24.54500  0.50923  0.50930 
 24.64500  0.50924  0.50927 
 24.74500  0.50921  0.50920 
 24.84500  0.50916  0.50920 
 24.94500  0.50914  0.50920 
 25.04500  0.50914  0.50920 
 25.14500  0.50915  0.50920 
 25.24500  0.50915  0.50920 
 25.34500  0.50916  0.50920 
 25.44500  0.50913  0.50920 
 25.54500  0.50913  0.50920 
 25.64500  0.50914  0.50920 
 25.74500  0.50914  0.50920 
 25.84500  0.50914  0.50920 
 25.94500  0.50915  0.50920 
 26.04500  0.50916  0.50920 
 26.14500  0.50915  0.50920 
 26.24500  0.50916  0.50920 
 26.34500  0.50916  0.50920 
 26.44500  0.50911  0.50920 
 26.54500  0.50911  0.50920 
 26.64500  0.50911  0.50920 
 26.74500  0.50914  0.50920 
 26.84500  0.50917  0.50920 
 26.94500  0.50917  0.50920 
 27.04500  0.50917  0.50920 
 27.14500  0.50917  0.50920 
 27.24500  0.50919  0.50920 
 27.34500  0.50919  0.50920 
 27.44500  0.50918  0.50920 
 27.54500  0.50920  0.50920 
 27.64500  0.50920  0.50920 
 27.74500  0.50921  0.50920 
 27.84500  0.50920  0.50920 
 27.94500  0.50921  0.50920 
 28.04500  0.50923  0.50920 
 28.14500  0.50920  0.50920 
 28.24500  0.50919  0.50920 
 28.34500  0.50918  0.50920 
 28.44500  0.50920  0.50920 
 28.54500  0.50922  0.50920 
 28.64500  0.50920  0.50920 
 28.74500  0.50922  0.50920 
 28.84500  0.50921  0.50920 
 28.94500  0.50922  0.50920 
 29.04500  0.50922  0.50920 
 29.14500  0.50923  0.50920 
 29.24500  0.50923  0.50920 
 29.34500  0.50923  0.50920 
 29.44500  0.50921  0.50920 
 29.54500  0.50923  0.50920 
 29.64500  0.50927  0.50920 
 29.74500  0.50928  0.50920 
 29.84500  0.50929  0.50920 
 29.94500  0.50927  0.50920 
 30.04500  0.50927  0.50920 
 30.14500  0.50928  0.50920 
 30.24500  0.50927  0.50920 
 30.34500  0.50924  0.50920 
 30.44500  0.50922  0.50920 
 30.54500  0.50925  0.50920 
 30.64500  0.50924  0.50920 
 30.74500  0.50924  0.50920 
 30.84500  0.50924  0.50920 
 30.94500  0.50924  0.50920 
 31.04500  0.50922  0.50920 
 31.14500  0.50923  0.50920 
 31.24500  0.50922  0.50920 
 31.34500  0.50921  0.50920 
 31.44500  0.50921  0.50920 
 31.54500  0.50924  0.50920 
 31.64500  0.50923  0.50920 
 31.74500  0.50923  0.50920 
 31.84500  0.50922  0.50920 
 31.94500  0.50922  0.50920 
 32.04500  0.50920  0.50920 
 32.14500  0.50920  0.50920 
 32.24500  0.50921  0.50920 
 32.34500  0.50919  0.50920 
 32.44500  0.50919  0.50920 
 32.54500  0.50919  0.50920 
 32.64500  0.50920  0.50920 
 32.74500  0.50920  0.50920 
 32.84500  0.50920  0.50920 
 32.94500  0.50917  0.50920 
 33.04500  0.50915  0.50920 
 33.14500  0.50914  0.50920 
 33.24500  0.50914  0.50920 
 33.34500  0.50914  0.50920 
 33.44500  0.50913  0.50920 
 33.54500  0.50913  0.50920 
 33.64500  0.50915  0.50920 
 33.74500  0.50913  0.50920 
 33.84500  0.50914  0.50920 
 33.94500  0.50914  0.50920 
 34.04500  0.50913  0.50920 
 34.14500  0.50911  0.50920 
 34.24500  0.50913  0.50920 
 34.34500  0.50911  0.50920 
 34.44500  0.50912  0.50920 
 34.54500  0.50915  0.50920 
 34.64500  0.50915  0.50920 
 34.74500  0.50914  0.50920 
 34.84500  0.50913  0.50920 
 34.94500  0.50911  0.50920 
 35.04500  0.50908  0.50920 
 35.14500  0.50909  0.50920 
 35.24500  0.50911  0.50920 
 35.34500  0.50911  0.50920 
 35.44500  0.50912  0.50920 
 35.54500  0.50911  0.50920 
 35.64500  0.50911  0.50920 
 35.74500  0.50912  0.50920 
 35.84500  0.50912  0.50920 
 35.94500  0.50914  0.50920 
 36.04500  0.50913  0.50920 
 36.14500  0.50913  0.50920 
 36.24500  0.50914  0.50920 
 36.34500  0.50918  0.50920 
 36.44500  0.50918  0.50920 
 36.54500  0.50915  0.50920 
 36.64500  0.50916  0.50920 
 36.74500  0.50916  0.50920 
 36.84500  0.50918  0.50920 
 36.94500  0.50918  0.50920 
 37.04500  0.50918  0.50920 
 37.14500  0.50918  0.50920 
 37.24500  0.50920  0.50920 
 37.34500  0.50920  0.50920 
 37.44500  0.50920  0.50920 
 37.54500  0.50920  0.50920 
 37.64500  0.50919  0.50920 
 37.74500  0.50918  0.50920 
 37.84500  0.50919  0.50920 
 37.94500  0.50919  0.50920 
 38.04500  0.50919  0.50920 
 38.14500  0.50920  0.50920 
 38.24500  0.50921  0.50920 
 38.34500  0.50919  0.50920 
 38.44500  0.50923  0.50920 
 38.54500  0.50922  0.50920 
 38.64500  0.50922  0.50920 
 38.74500  0.50922  0.50920 
 38.84500  0.50920  0.50920 
 38.94500  0.50921  0.50916 
 39.04500  0.50920  0.50910 
 39.14500  0.50920  0.50910 
 39.24500  0.50917  0.50910 
 39.34500  0.50919  0.50910 
 39.44500  0.50919  0.50910 
 39.54500  0.50918  0.50910 
 39.64500  0.50917  0.50910 
 39.74500  0.50916  0.50910 
 39.84500  0.50918  0.50910 
 39.94500  0.50918  0.50910 
 40.04500  0.50918  0.50910 
 40.14500  0.50915  0.50910 
 40.24500  0.50913  0.50910 
 40.34500  0.50912  0.50910 
 40.44500  0.50913  0.50910 
 40.54500  0.50912  0.50910 
 40.64500  0.50911  0.50905 
 40.74500  0.50909  0.50900 
 40.84500  0.50908  0.50900 
 40.94500  0.50903  0.50900 
 41.04500  0.50901  0.50900 
 41.14500  0.50902  0.50900 
 41.24500  0.50902  0.50900 
 41.34500  0.50900  0.50900 
 41.44500  0.50898  0.50900 
 41.54500  0.50897  0.50891 
 41.64500  0.50895  0.50890 
 41.74500  0.50891  0.50890 
 41.84500  0.50888  0.50890 
 41.94500  0.50886  0.50890 
 42.04500  0.50887  0.50890 
 42.14500  0.50884  0.50882 
 42.24500  0.50883  0.50880 
 42.34500  0.50879  0.50880 
 42.44500  0.50878  0.50880 
 42.54500  0.50872  0.50880 
 42.64500  0.50872  0.50871 
 42.74500  0.50869  0.50870 
 42.84500  0.50866  0.50870 
 42.94500  0.50865  0.50870 
 43.04500  0.50861  0.50861 
 43.14500  0.50856  0.50860 
 43.24500  0.50854  0.50860 
 43.34500  0.50851  0.50855 
 43.44500  0.50851  0.50850 
 43.54500  0.50843  0.50850 
 43.64500  0.50840  0.50845 
 43.74500  0.50837  0.50840 
 43.84500  0.50834  0.50840 
 43.94500  0.50832  0.50832 
 44.04500  0.50823  0.50830 
 44.14500  0.50820  0.50826 
 44.24500  0.50818  0.50820 
 44.34500  0.50813  0.50818 
 44.44500  0.50807  0.50810 
 44.54500  0.50803  0.50808 
 44.64500  0.50798  0.50800 
 44.74500  0.50791  0.50796 
 44.84500  0.50787  0.50790 
 44.94500  0.50782  0.50783 
 45.04500  0.50775  0.50779 
 45.14500  0.50770  0.50770 
 45.24500  0.50762  0.50764 
 45.34500  0.50756  0.50759 
 45.44500  0.50749  0.50750 
 45.54500  0.50741  0.50742 
 45.64500  0.50733  0.50735 
 45.74500  0.50725  0.50727 
 45.84500  0.50718  0.50718 
 45.94500  0.50710  0.50709 
 46.04500  0.50700  0.50700 
 46.14500  0.50690  0.50690 
 46.24500  0.50682  0.50680 
 46.34500  0.50671  0.50669 
 46.44500  0.50659  0.50658 
 46.54500  0.50649  0.50647 
 46.64500  0.50638  0.50635 
 46.74500  0.50626  0.50623 
 46.84500  0.50613  0.50610 
 46.94500  0.50601  0.50597 
 47.04500  0.50587  0.50584 
 47.14500  0.50573  0.50569 
 47.24500  0.50558  0.50555 
 47.34500  0.50543  0.50539 
 47.44500  0.50528  0.50524 
 47.54500  0.50511  0.50506 
 47.64500  0.50494  0.50490 
 47.74500  0.50477  0.50472 
 47.84500  0.50459  0.50454 
 47.94500  0.50441  0.50435 
 48.04500  0.50420  0.50415 
 48.14500  0.50400  0.50395 
 48.24500  0.50379  0.50373 
 48.34500  0.50356  0.50352 
 48.44500  0.50335  0.50330 
 48.54500  0.50313  0.50307 
 48.64500  0.50288  0.50282 
 48.74500  0.50264  0.50258 
 48.84500  0.50238  0.50232 
 48.94500  0.50211  0.50205 
 49.04500  0.50184  0.50179 
 49.14500  0.50154  0.50150 
 49.24500  0.50126  0.50121 
 49.34500  0.50096  0.50091 
 49.44500  0.50065  0.50060 
 49.54500  0.50033  0.50028 
 49.64500  0.50000  0.49995 
 49.74500  0.49967  0.49962 
 49.84500  0.49931  0.49926 
 49.94500  0.49894  0.49891 
 50.04500  0.49858  0.49854 
 50.14500  0.49820  0.49816 
 50.24500  0.49781  0.49777 
 50.34500  0.49741  0.49737 
 50.44500  0.49699  0.49696 
 50.54500  0.49656  0.49653 
 50.64500  0.49613  0.49610 
 50.74500  0.49566  0.49565 
 50.84500  0.49521  0.49520 
 50.94500  0.49473  0.49471 
 51.04500  0.49425  0.49425 
 51.14500  0.49375  0.49375 
 51.24500  0.49324  0.49325 
 51.34500  0.49270  0.49270 
 51.44500  0.49217  0.49218 
 51.54500  0.49161  0.49163 
 51.64500  0.49106  0.49107 
 51.74500  0.49048  0.49050 
 51.84500  0.48989  0.48991 
 51.94500  0.48930  0.48931 
 52.04500  0.48867  0.48869 
 52.14500  0.48804  0.48806 
 52.24500  0.48740  0.48742 
 52.34500  0.48674  0.48677 
 52.44500  0.48606  0.48610 
 52.54500  0.48538  0.48540 
 52.64500  0.48468  0.48471 
 52.74500  0.48396  0.48399 
 52.84500  0.48324  0.48326 
 52.94500  0.48249  0.48253 
 53.04500  0.48173  0.48176 
 53.14500  0.48095  0.48098 
 53.24500  0.48016  0.48020 
 53.34500  0.47936  0.47940 
 53.44500  0.47855  0.47858 
 53.54500  0.47771  0.47774 
 53.64500  0.47687  0.47689 
 53.74500  0.47600  0.47602 
 53.84500  0.47512  0.47514 
 53.94500  0.47423  0.47425 
 54.04500  0.47331  0.47335 
 54.14500  0.47240  0.47243 
 54.24500  0.47145  0.47147 
 54.34500  0.47051  0.47055 
 54.44500  0.46956  0.46955 
 54.54500  0.46856  0.46855 
 54.64500  0.46757  0.46755 
 54.74500  0.46653  0.46655 
 54.84500  0.46553  0.46555 
 54.94500  0.46451  0.46452 
 55.04500  0.46345  0.46345 
 55.14500  0.46239  0.46238 
 55.24500  0.46127  0.46131 
 55.34500  0.46020  0.46021 
 55.44500  0.45910  0.45910 
 55.54500  0.45798  0.45799 
 55.64500  0.45685  0.45686 
 55.74500  0.45569  0.45571 
 55.84500  0.45457  0.45455 
 55.94500  0.45340  0.45339 
 56.04500  0.45221  0.45220 
 56.14500  0.45102  0.45101 
 56.24500  0.44981  0.44981 
 56.34500  0.44862  0.44859 
 56.44500  0.44739  0.44737 
 56.54500  0.44617  0.44615 
 56.64500  0.44493  0.44490 
 56.74500  0.44367  0.44365 
 56.84500  0.44240  0.44240 
 56.94500  0.44113  0.44113 
 57.04500  0.43988  0.43986 
 57.14500  0.43861  0.43858 
 57.24500  0.43733  0.43729 
 57.34500  0.43600  0.43600 
 57.44500  0.43472  0.43471 
 57.54500  0.43343  0.43340 
 57.64500  0.43213  0.43210 
 57.74500  0.43083  0.43079 
 57.84500  0.42950  0.42947 
 57.94500  0.42818  0.42817 
 58.04500  0.42686  0.42684 
 58.14500  0.42557  0.42553 
 58.24500  0.42422  0.42421 
 58.34500  0.42293  0.42290 
 58.44500  0.42159  0.42158 
 58.54500  0.42028  0.42027 
 58.64500  0.41896  0.41895 
 58.74500  0.41768  0.41764 
 58.84500  0.41637  0.41634 
 58.94500  0.41505  0.41504 
 59.04500  0.41376  0.41374 
 59.14500  0.41246  0.41245 
 59.24500  0.41117  0.41116 
 59.34500  0.40990  0.40989 
 59.44500  0.40862  0.40863 
 59.54500  0.40737  0.40737 
 59.64500  0.40612  0.40613 
 59.74500  0.40489  0.40487 
 59.84500  0.40366  0.40365 
 59.94500  0.40243  0.40244 
 60.04500  0.40122  0.40124 
 60.14500  0.40003  0.40004 
 60.24500  0.39885  0.39887 
 60.34500  0.39769  0.39770 
 60.44500  0.39655  0.39657 
 60.54500  0.39541  0.39543 
 60.64500  0.39432  0.39432 
 60.74500  0.39321  0.39324 
 60.84500  0.39213  0.39215 
 60.94500  0.39109  0.39111 
 61.04500  0.39005  0.39005 
 61.14500  0.38903  0.38905 
 61.24500  0.38804  0.38805 
 61.34500  0.38706  0.38709 
 61.44500  0.38611  0.38615 
 61.54500  0.38519  0.38523 
 61.64500  0.38430  0.38433 
 61.74500  0.38344  0.38346 
 61.84500  0.38256  0.38261 
 61.94500  0.38175  0.38180 
 62.04500  0.38096  0.38100 
 62.14500  0.38018  0.38023 
 62.24500  0.37943  0.37949 
 62.34500  0.37874  0.37878 
 62.44500  0.37805  0.37810 
 62.54500  0.37740  0.37745 
 62.64500  0.37677  0.37683 
 62.74500  0.37617  0.37624 
 62.84500  0.37561  0.37568 
 62.94500  0.37509  0.37515 
 63.04500  0.37459  0.37465 
 63.14500  0.37413  0.37420 
 63.24500  0.37372  0.37377 
 63.34500  0.37330  0.37336 
 63.44500  0.37293  0.37299 
 63.54500  0.37261  0.37266 
 63.64500  0.37230  0.37237 
 63.74500  0.37204  0.37210 
 63.84500  0.37178  0.37187 
 63.94500  0.37160  0.37168 
 64.04500  0.37145  0.37153 
 64.14500  0.37132  0.37139 
 64.24500  0.37124  0.37130 
 64.34500  0.37116  0.37123 
