  0.04500  0.52988  0.52950 
  0.14500  0.52988  0.52950 
  0.24500  0.52988  0.52950 
  0.34500  0.52988  0.52950 
  0.44500  0.52989  0.52950 
  0.54500  0.52989  0.52950 
  0.64500  0.52988  0.52950 
  0.74500  0.52988  0.52950 
  0.84500  0.52985  0.52950 
  0.94500  0.52985  0.52940 
  1.04500  0.52986  0.52940 
  1.14500  0.52986  0.52940 
  1.24500  0.52985  0.52940 
  1.34500  0.52982  0.52940 
  1.44500  0.52983  0.52940 
  1.54500  0.52984  0.52940 
  1.64500  0.52985  0.52940 
  1.74500  0.52985  0.52940 
  1.84500  0.52985  0.52940 
  1.94500  0.52984  0.52940 
  2.04500  0.52983  0.52940 
  2.14500  0.52979  0.52940 
  2.24500  0.52975  0.52933 
  2.34500  0.52974  0.52930 
  2.44500  0.52974  0.52930 
  2.54500  0.52974  0.52930 
  2.64500  0.52974  0.52930 
  2.74500  0.52974  0.52930 
  2.84500  0.52970  0.52930 
  2.94500  0.52969  0.52930 
  3.04500  0.52968  0.52923 
  3.14500  0.52966  0.52920 
  3.24500  0.52964  0.52920 
  3.34500  0.52962  0.52920 
  3.44500  0.52957  0.52920 
  3.54500  0.52957  0.52920 
  3.64500  0.52958  0.52915 
  3.74500  0.52959  0.52910 
  3.84500  0.52954  0.52910 
  3.94500  0.52951  0.52910 
  4.04500  0.52951  0.52910 
  4.14500  0.52950  0.52909 
  4.24500  0.52946  0.52900 
  4.34500  0.52944  0.52900 
  4.44500  0.52940  0.52900 
  4.54500  0.52940  0.52900 
  4.64500  0.52938  0.52896 
  4.74500  0.52936  0.52890 
  4.84500  0.52934  0.52890 
  4.94500  0.52929  0.52890 
  5.04500  0.52928  0.52889 
  5.14500  0.52926  0.52880 
  5.24500  0.52923  0.52880 
  5.34500  0.52921  0.52880 
  5.44500  0.52917  0.52879 
  5.54500  0.52913  0.52870 
  5.64500  0.52912  0.52870 
  5.74500  0.52911  0.52870 
  5.84500  0.52904  0.52866 
  5.94500  0.52902  0.52860 
  6.04500  0.52903  0.52860 
  6.14500  0.52898  0.52860 
  6.24500  0.52894  0.52851 
  6.34500  0.52893  0.52850 
  6.44500  0.52888  0.52850 
  6.54500  0.52889  0.52844 
  6.64500  0.52884  0.52840 
  6.74500  0.52879  0.52840 
  6.84500  0.52878  0.52836 
  6.94500  0.52874  0.52830 
  7.04500  0.52870  0.52830 
  7.14500  0.52867  0.52826 
  7.24500  0.52864  0.52820 
  7.34500  0.52857  0.52820 
  7.44500  0.52856  0.52815 
  7.54500  0.52852  0.52810 
  7.64500  0.52849  0.52810 
  7.74500  0.52843  0.52803 
  7.84500  0.52842  0.52800 
  7.94500  0.52838  0.52800 
  8.04500  0.52832  0.52790 
  8.14500  0.52831  0.52790 
  8.24500  0.52824  0.52786 
  8.34500  0.52822  0.52780 
  8.44500  0.52816  0.52780 
  8.54500  0.52815  0.52772 
  8.64500  0.52807  0.52770 
  8.74500  0.52805  0.52767 
  8.84500  0.52801  0.52760 
  8.94500  0.52796  0.52760 
  9.04500  0.52793  0.52751 
  9.14500  0.52787  0.52750 
  9.24500  0.52785  0.52744 
  9.34500  0.52780  0.52740 
  9.44500  0.52772  0.52737 
  9.54500  0.52770  0.52730 
  9.64500  0.52766  0.52730 
  9.74500  0.52761  0.52720 
  9.84500  0.52758  0.52720 
  9.94500  0.52751  0.52712 
 10.04500  0.52746  0.52710 
 10.14500  0.52744  0.52703 
 10.24500  0.52737  0.52700 
 10.34500  0.52734  0.52695 
 10.44500  0.52727  0.52690 
 10.54500  0.52721  0.52685 
 10.64500  0.52716  0.52680 
 10.74500  0.52714  0.52676 
 10.84500  0.52706  0.52670 
 10.94500  0.52701  0.52666 
 11.04500  0.52699  0.52660 
 11.14500  0.52691  0.52656 
 11.24500  0.52689  0.52650 
 11.34500  0.52682  0.52645 
 11.44500  0.52677  0.52640 
 11.54500  0.52672  0.52634 
 11.64500  0.52664  0.52630 
 11.74500  0.52662  0.52623 
 11.84500  0.52654  0.52620 
 11.94500  0.52650  0.52612 
 12.04500  0.52643  0.52610 
 12.14500  0.52637  0.52600 
 12.24500  0.52633  0.52598 
 12.34500  0.52626  0.52590 
 12.44500  0.52619  0.52586 
 12.54500  0.52615  0.52580 
 12.64500  0.52609  0.52573 
 12.74500  0.52603  0.52570 
 12.84500  0.52598  0.52561 
 12.94500  0.52592  0.52558 
 13.04500  0.52586  0.52550 
 13.14500  0.52580  0.52545 
 13.24500  0.52574  0.52540 
 13.34500  0.52567  0.52532 
 13.44500  0.52562  0.52529 
 13.54500  0.52556  0.52520 
 13.64500  0.52549  0.52515 
 13.74500  0.52544  0.52510 
 13.84500  0.52536  0.52502 
 13.94500  0.52531  0.52498 
 14.04500  0.52522  0.52490 
 14.14500  0.52517  0.52484 
 14.24500  0.52509  0.52480 
 14.34500  0.52505  0.52470 
 14.44500  0.52499  0.52465 
 14.54500  0.52493  0.52460 
 14.64500  0.52485  0.52451 
 14.74500  0.52477  0.52446 
 14.84500  0.52473  0.52440 
 14.94500  0.52465  0.52432 
 15.04500  0.52458  0.52427 
 15.14500  0.52451  0.52420 
 15.24500  0.52445  0.52412 
 15.34500  0.52438  0.52407 
 15.44500  0.52429  0.52400 
 15.54500  0.52424  0.52392 
 15.64500  0.52416  0.52386 
 15.74500  0.52410  0.52380 
 15.84500  0.52405  0.52371 
 15.94500  0.52395  0.52365 
 16.04500  0.52390  0.52360 
 16.14500  0.52380  0.52350 
 16.24500  0.52375  0.52344 
 16.34500  0.52367  0.52338 
 16.44500  0.52360  0.52330 
 16.54500  0.52353  0.52322 
 16.64500  0.52344  0.52316 
 16.74500  0.52339  0.52310 
 16.84500  0.52330  0.52300 
 16.94500  0.52322  0.52294 
 17.04500  0.52315  0.52288 
 17.14500  0.52309  0.52280 
 17.24500  0.52302  0.52271 
 17.34500  0.52295  0.52265 
 17.44500  0.52286  0.52259 
 17.54500  0.52279  0.52250 
 17.64500  0.52271  0.52242 
 17.74500  0.52263  0.52235 
 17.84500  0.52256  0.52229 
 17.94500  0.52247  0.52220 
 18.04500  0.52239  0.52212 
 18.14500  0.52233  0.52205 
 18.24500  0.52225  0.52198 
 18.34500  0.52216  0.52190 
 18.44500  0.52210  0.52181 
 18.54500  0.52201  0.52174 
 18.64500  0.52192  0.52167 
 18.74500  0.52185  0.52160 
 18.84500  0.52177  0.52150 
 18.94500  0.52169  0.52142 
 19.04500  0.52159  0.52135 
 19.14500  0.52154  0.52128 
 19.24500  0.52143  0.52120 
 19.34500  0.52137  0.52110 
 19.44500  0.52127  0.52103 
 19.54500  0.52119  0.52095 
 19.64500  0.52112  0.52088 
 19.74500  0.52104  0.52080 
 19.84500  0.52095  0.52070 
 19.94500  0.52087  0.52062 
 20.04500  0.52079  0.52054 
 20.14500  0.52071  0.52047 
 20.24500  0.52061  0.52039 
 20.34500  0.52053  0.52030 
 20.44500  0.52045  0.52021 
 20.54500  0.52035  0.52013 
 20.64500  0.52027  0.52005 
 20.74500  0.52020  0.51997 
 20.84500  0.52012  0.51989 
 20.94500  0.52002  0.51980 
 21.04500  0.51993  0.51971 
 21.14500  0.51986  0.51963 
 21.24500  0.51975  0.51954 
 21.34500  0.51967  0.51946 
 21.44500  0.51958  0.51938 
 21.54500  0.51950  0.51930 
 21.64500  0.51941  0.51920 
 21.74500  0.51931  0.51911 
 21.84500  0.51922  0.51903 
 21.94500  0.51916  0.51894 
 22.04500  0.51905  0.51886 
 22.14500  0.51897  0.51877 
 22.24500  0.51888  0.51869 
 22.34500  0.51879  0.51860 
 22.44500  0.51869  0.51850 
 22.54500  0.51861  0.51842 
 22.64500  0.51852  0.51833 
 22.74500  0.51843  0.51824 
 22.84500  0.51833  0.51816 
 22.94500  0.51825  0.51807 
 23.04500  0.51817  0.51798 
 23.14500  0.51808  0.51789 
 23.24500  0.51799  0.51780 
 23.34500  0.51788  0.51771 
 23.44500  0.51779  0.51762 
 23.54500  0.51771  0.51753 
 23.64500  0.51761  0.51744 
 23.74500  0.51752  0.51735 
 23.84500  0.51743  0.51726 
 23.94500  0.51732  0.51717 
 24.04500  0.51724  0.51708 
 24.14500  0.51715  0.51699 
 24.24500  0.51705  0.51690 
 24.34500  0.51697  0.51680 
 24.44500  0.51686  0.51671 
 24.54500  0.51678  0.51662 
 24.64500  0.51667  0.51653 
 24.74500  0.51657  0.51644 
 24.84500  0.51648  0.51634 
 24.94500  0.51639  0.51625 
 25.04500  0.51631  0.51616 
 25.14500  0.51621  0.51607 
 25.24500  0.51612  0.51598 
 25.34500  0.51601  0.51588 
 25.44500  0.51593  0.51579 
 25.54500  0.51582  0.51570 
 25.64500  0.51572  0.51560 
 25.74500  0.51565  0.51550 
 25.84500  0.51553  0.51541 
 25.94500  0.51543  0.51532 
 26.04500  0.51535  0.51522 
 26.14500  0.51525  0.51513 
 26.24500  0.51515  0.51504 
 26.34500  0.51506  0.51494 
 26.44500  0.51496  0.51485 
 26.54500  0.51487  0.51475 
 26.64500  0.51477  0.51466 
 26.74500  0.51465  0.51456 
 26.84500  0.51457  0.51447 
 26.94500  0.51446  0.51437 
 27.04500  0.51438  0.51428 
 27.14500  0.51428  0.51418 
 27.24500  0.51419  0.51409 
 27.34500  0.51409  0.51399 
 27.44500  0.51399  0.51389 
 27.54500  0.51389  0.51380 
 27.64500  0.51379  0.51370 
 27.74500  0.51369  0.51360 
 27.84500  0.51358  0.51351 
 27.94500  0.51349  0.51341 
 28.04500  0.51339  0.51331 
 28.14500  0.51330  0.51322 
 28.24500  0.51320  0.51312 
 28.34500  0.51310  0.51302 
 28.44500  0.51299  0.51293 
 28.54500  0.51290  0.51283 
 28.64500  0.51279  0.51273 
 28.74500  0.51271  0.51264 
 28.84500  0.51259  0.51254 
 28.94500  0.51250  0.51244 
 29.04500  0.51241  0.51234 
 29.14500  0.51230  0.51225 
 29.24500  0.51221  0.51215 
 29.34500  0.51210  0.51205 
 29.44500  0.51199  0.51195 
 29.54500  0.51191  0.51186 
 29.64500  0.51180  0.51176 
 29.74500  0.51170  0.51166 
 29.84500  0.51159  0.51156 
 29.94500  0.51150  0.51146 
 30.04500  0.51141  0.51137 
 30.14500  0.51131  0.51127 
 30.24500  0.51121  0.51117 
 30.34500  0.51111  0.51107 
 30.44500  0.51101  0.51097 
 30.54500  0.51090  0.51087 
 30.64500  0.51081  0.51078 
 30.74500  0.51069  0.51068 
 30.84500  0.51059  0.51058 
 30.94500  0.51050  0.51048 
 31.04500  0.51040  0.51038 
 31.14500  0.51030  0.51028 
 31.24500  0.51020  0.51019 
 31.34500  0.51010  0.51009 
 31.44500  0.51000  0.50999 
 31.54500  0.50988  0.50989 
 31.64500  0.50978  0.50979 
 31.74500  0.50969  0.50969 
 31.84500  0.50959  0.50959 
 31.94500  0.50951  0.50949 
 32.04500  0.50939  0.50940 
 32.14500  0.50929  0.50930 
 32.24500  0.50918  0.50920 
 32.34500  0.50908  0.50910 
 32.44500  0.50900  0.50900 
 32.54500  0.50889  0.50890 
 32.64500  0.50877  0.50880 
 32.74500  0.50868  0.50870 
 32.84500  0.50858  0.50861 
 32.94500  0.50848  0.50851 
 33.04500  0.50837  0.50841 
 33.14500  0.50828  0.50831 
 33.24500  0.50819  0.50821 
 33.34500  0.50808  0.50811 
 33.44500  0.50797  0.50801 
 33.54500  0.50788  0.50792 
 33.64500  0.50777  0.50782 
 33.74500  0.50767  0.50772 
 33.84500  0.50758  0.50762 
 33.94500  0.50748  0.50752 
 34.04500  0.50737  0.50742 
 34.14500  0.50728  0.50733 
 34.24500  0.50717  0.50723 
 34.34500  0.50708  0.50713 
 34.44500  0.50696  0.50703 
 34.54500  0.50687  0.50693 
 34.64500  0.50677  0.50683 
 34.74500  0.50666  0.50674 
 34.84500  0.50658  0.50664 
 34.94500  0.50647  0.50654 
 35.04500  0.50638  0.50644 
 35.14500  0.50627  0.50635 
 35.24500  0.50618  0.50625 
 35.34500  0.50607  0.50615 
 35.44500  0.50597  0.50605 
 35.54500  0.50586  0.50596 
 35.64500  0.50577  0.50586 
 35.74500  0.50567  0.50576 
 35.84500  0.50558  0.50566 
 35.94500  0.50549  0.50557 
 36.04500  0.50538  0.50547 
 36.14500  0.50527  0.50537 
 36.24500  0.50518  0.50528 
 36.34500  0.50508  0.50518 
 36.44500  0.50497  0.50508 
 36.54500  0.50488  0.50499 
 36.64500  0.50478  0.50489 
 36.74500  0.50469  0.50479 
 36.84500  0.50458  0.50470 
 36.94500  0.50448  0.50460 
 37.04500  0.50440  0.50450 
 37.14500  0.50430  0.50441 
 37.24500  0.50420  0.50431 
 37.34500  0.50409  0.50422 
 37.44500  0.50398  0.50412 
 37.54500  0.50389  0.50402 
 37.64500  0.50380  0.50393 
 37.74500  0.50372  0.50383 
 37.84500  0.50361  0.50374 
 37.94500  0.50351  0.50364 
 38.04500  0.50342  0.50355 
 38.14500  0.50333  0.50346 
 38.24500  0.50322  0.50336 
 38.34500  0.50312  0.50327 
 38.44500  0.50303  0.50317 
 38.54500  0.50293  0.50308 
 38.64500  0.50284  0.50299 
 38.74500  0.50274  0.50289 
 38.84500  0.50265  0.50280 
 38.94500  0.50255  0.50270 
 39.04500  0.50245  0.50261 
 39.14500  0.50237  0.50251 
 39.24500  0.50227  0.50242 
 39.34500  0.50218  0.50233 
 39.44500  0.50207  0.50224 
 39.54500  0.50198  0.50214 
 39.64500  0.50188  0.50205 
 39.74500  0.50179  0.50196 
 39.84500  0.50170  0.50187 
 39.94500  0.50160  0.50178 
 40.04500  0.50151  0.50169 
 40.14500  0.50142  0.50160 
 40.24500  0.50132  0.50150 
 40.34500  0.50122  0.50141 
 40.44500  0.50113  0.50132 
 40.54500  0.50104  0.50123 
 40.64500  0.50096  0.50114 
 40.74500  0.50086  0.50105 
 40.84500  0.50076  0.50096 
 40.94500  0.50068  0.50087 
 41.04500  0.50059  0.50078 
 41.14500  0.50050  0.50069 
 41.24500  0.50040  0.50060 
 41.34500  0.50031  0.50050 
 41.44500  0.50021  0.50042 
 41.54500  0.50012  0.50033 
 41.64500  0.50003  0.50024 
 41.74500  0.49993  0.50016 
 41.84500  0.49986  0.50007 
 41.94500  0.49977  0.49998 
 42.04500  0.49968  0.49990 
 42.14500  0.49959  0.49980 
 42.24500  0.49949  0.49971 
 42.34500  0.49940  0.49963 
 42.44500  0.49932  0.49954 
 42.54500  0.49922  0.49946 
 42.64500  0.49915  0.49937 
 42.74500  0.49906  0.49929 
 42.84500  0.49896  0.49920 
 42.94500  0.49889  0.49911 
 43.04500  0.49880  0.49902 
 43.14500  0.49871  0.49894 
 43.24500  0.49863  0.49886 
 43.34500  0.49852  0.49878 
 43.44500  0.49845  0.49869 
 43.54500  0.49836  0.49860 
 43.64500  0.49828  0.49851 
 43.74500  0.49819  0.49843 
 43.84500  0.49810  0.49835 
 43.94500  0.49801  0.49827 
 44.04500  0.49793  0.49819 
 44.14500  0.49785  0.49810 
 44.24500  0.49779  0.49801 
 44.34500  0.49768  0.49794 
 44.44500  0.49761  0.49786 
 44.54500  0.49752  0.49778 
 44.64500  0.49743  0.49770 
 44.74500  0.49735  0.49760 
 44.84500  0.49726  0.49753 
 44.94500  0.49719  0.49745 
 45.04500  0.49709  0.49738 
 45.14500  0.49701  0.49730 
 45.24500  0.49696  0.49720 
 45.34500  0.49684  0.49713 
 45.44500  0.49678  0.49705 
 45.54500  0.49671  0.49698 
 45.64500  0.49661  0.49690 
 45.74500  0.49653  0.49681 
 45.84500  0.49646  0.49674 
 45.94500  0.49638  0.49667 
 46.04500  0.49630  0.49660 
 46.14500  0.49623  0.49650 
 46.24500  0.49612  0.49643 
 46.34500  0.49606  0.49636 
 46.44500  0.49598  0.49629 
 46.54500  0.49592  0.49620 
 46.64500  0.49584  0.49612 
 46.74500  0.49577  0.49605 
 46.84500  0.49569  0.49599 
 46.94500  0.49560  0.49590 
 47.04500  0.49552  0.49582 
 47.14500  0.49544  0.49576 
 47.24500  0.49538  0.49569 
 47.34500  0.49529  0.49560 
 47.44500  0.49522  0.49553 
 47.54500  0.49514  0.49547 
 47.64500  0.49506  0.49540 
 47.74500  0.49500  0.49531 
 47.84500  0.49493  0.49524 
 47.94500  0.49487  0.49519 
 48.04500  0.49480  0.49510 
 48.14500  0.49470  0.49503 
 48.24500  0.49463  0.49497 
 48.34500  0.49457  0.49490 
 48.44500  0.49450  0.49481 
 48.54500  0.49443  0.49476 
 48.64500  0.49435  0.49470 
 48.74500  0.49428  0.49460 
 48.84500  0.49422  0.49455 
 48.94500  0.49413  0.49450 
 49.04500  0.49408  0.49440 
 49.14500  0.49401  0.49434 
 49.24500  0.49395  0.49429 
 49.34500  0.49387  0.49420 
 49.44500  0.49381  0.49414 
 49.54500  0.49374  0.49410 
 49.64500  0.49367  0.49400 
 49.74500  0.49362  0.49395 
 49.84500  0.49355  0.49390 
 49.94500  0.49347  0.49380 
 50.04500  0.49341  0.49376 
 50.14500  0.49335  0.49370 
 50.24500  0.49327  0.49362 
 50.34500  0.49321  0.49358 
 50.44500  0.49316  0.49350 
 50.54500  0.49308  0.49344 
 50.64500  0.49303  0.49340 
 50.74500  0.49297  0.49330 
 50.84500  0.49292  0.49326 
 50.94500  0.49283  0.49320 
 51.04500  0.49277  0.49313 
 51.14500  0.49272  0.49310 
 51.24500  0.49266  0.49300 
 51.34500  0.49258  0.49297 
 51.44500  0.49254  0.49290 
 51.54500  0.49247  0.49284 
 51.64500  0.49243  0.49280 
 51.74500  0.49235  0.49271 
 51.84500  0.49230  0.49268 
 51.94500  0.49221  0.49260 
 52.04500  0.49219  0.49256 
 52.14500  0.49211  0.49250 
 52.24500  0.49207  0.49244 
 52.34500  0.49202  0.49240 
 52.44500  0.49197  0.49232 
 52.54500  0.49191  0.49230 
 52.64500  0.49186  0.49221 
 52.74500  0.49179  0.49219 
 52.84500  0.49174  0.49210 
 52.94500  0.49169  0.49208 
 53.04500  0.49165  0.49200 
 53.14500  0.49158  0.49198 
 53.24500  0.49150  0.49190 
 53.34500  0.49149  0.49187 
 53.44500  0.49140  0.49180 
 53.54500  0.49137  0.49177 
 53.64500  0.49132  0.49170 
 53.74500  0.49125  0.49167 
 53.84500  0.49121  0.49160 
 53.94500  0.49116  0.49158 
 54.04500  0.49114  0.49150 
 54.14500  0.49107  0.49149 
 54.24500  0.49104  0.49140 
 54.34500  0.49096  0.49140 
 54.44500  0.49093  0.49130 
 54.54500  0.49088  0.49130 
 54.64500  0.49083  0.49122 
 54.74500  0.49078  0.49120 
 54.84500  0.49074  0.49114 
 54.94500  0.49067  0.49110 
 55.04500  0.49065  0.49106 
 55.14500  0.49062  0.49100 
 55.24500  0.49055  0.49099 
 55.34500  0.49052  0.49090 
 55.44500  0.49045  0.49090 
 55.54500  0.49043  0.49083 
 55.64500  0.49039  0.49080 
 55.74500  0.49033  0.49078 
 55.84500  0.49032  0.49070 
 55.94500  0.49026  0.49070 
 56.04500  0.49020  0.49063 
 56.14500  0.49018  0.49060 
 56.24500  0.49015  0.49058 
 56.34500  0.49009  0.49050 
 56.44500  0.49007  0.49050 
 56.54500  0.49005  0.49045 
 56.64500  0.48997  0.49040 
 56.74500  0.48996  0.49040 
 56.84500  0.48992  0.49032 
 56.94500  0.48988  0.49030 
 57.04500  0.48982  0.49030 
 57.14500  0.48982  0.49020 
 57.24500  0.48978  0.49020 
 57.34500  0.48974  0.49020 
 57.44500  0.48969  0.49010 
 57.54500  0.48969  0.49010 
 57.64500  0.48963  0.49010 
 57.74500  0.48961  0.49000 
 57.84500  0.48958  0.49000 
 57.94500  0.48952  0.49000 
 58.04500  0.48949  0.48993 
 58.14500  0.48948  0.48990 
 58.24500  0.48944  0.48990 
 58.34500  0.48942  0.48986 
 58.44500  0.48937  0.48980 
 58.54500  0.48934  0.48980 
 58.64500  0.48934  0.48980 
 58.74500  0.48930  0.48972 
 58.84500  0.48924  0.48970 
 58.94500  0.48925  0.48970 
 59.04500  0.48923  0.48970 
 59.14500  0.48920  0.48960 
 59.24500  0.48919  0.48960 
 59.34500  0.48914  0.48960 
 59.44500  0.48913  0.48960 
 59.54500  0.48911  0.48950 
 59.64500  0.48909  0.48950 
 59.74500  0.48904  0.48950 
 59.84500  0.48903  0.48950 
 59.94500  0.48901  0.48945 
 60.04500  0.48897  0.48940 
 60.14500  0.48899  0.48940 
 60.24500  0.48896  0.48940 
 60.34500  0.48892  0.48940 
 60.44500  0.48889  0.48934 
 60.54500  0.48889  0.48930 
 60.64500  0.48887  0.48930 
 60.74500  0.48885  0.48930 
 60.84500  0.48881  0.48930 
 60.94500  0.48879  0.48929 
 61.04500  0.48880  0.48920 
 61.14500  0.48880  0.48920 
 61.24500  0.48877  0.48920 
 61.34500  0.48875  0.48920 
 61.44500  0.48874  0.48920 
 61.54500  0.48874  0.48920 
 61.64500  0.48871  0.48916 
 61.74500  0.48870  0.48910 
 61.84500  0.48867  0.48910 
 61.94500  0.48864  0.48910 
 62.04500  0.48864  0.48910 
 62.14500  0.48864  0.48910 
 62.24500  0.48865  0.48910 
 62.34500  0.48864  0.48910 
 62.44500  0.48865  0.48910 
 62.54500  0.48863  0.48904 
 62.64500  0.48859  0.48900 
 62.74500  0.48854  0.48900 
 62.84500  0.48854  0.48900 
 62.94500  0.48854  0.48900 
 63.04500  0.48854  0.48900 
 63.14500  0.48854  0.48900 
 63.24500  0.48854  0.48900 
 63.34500  0.48854  0.48900 
 63.44500  0.48854  0.48900 
 63.54500  0.48854  0.48900 
 63.64500  0.48854  0.48900 
 63.74500  0.48852  0.48900 
 63.84500  0.48851  0.48900 
 63.94500  0.48851  0.48900 
 64.04500  0.48851  0.48900 
 64.14500  0.48851  0.48900 
 64.24500  0.48852  0.48900 
 64.34500  0.48851  0.48900 
