  0.04500  0.97276  0.97253 
  0.14500  0.97242  0.97219 
  0.24500  0.97170  0.97149 
  0.34500  0.97066  0.97041 
  0.44500  0.96923  0.96900 
  0.54500  0.96745  0.96720 
  0.64500  0.96526  0.96502 
  0.74500  0.96270  0.96247 
  0.84500  0.95975  0.95951 
  0.94500  0.95637  0.95614 
  1.04500  0.95259  0.95238 
  1.14500  0.94840  0.94816 
  1.24500  0.94373  0.94351 
  1.34500  0.93863  0.93840 
  1.44500  0.93303  0.93282 
  1.54500  0.92698  0.92676 
  1.64500  0.92046  0.92020 
  1.74500  0.91339  0.91315 
  1.84500  0.90583  0.90558 
  1.94500  0.89772  0.89750 
  2.04500  0.88908  0.88884 
  2.14500  0.87990  0.87969 
  2.24500  0.87020  0.86998 
  2.34500  0.85994  0.85970 
  2.44500  0.84909  0.84890 
  2.54500  0.83771  0.83751 
  2.64500  0.82578  0.82561 
  2.74500  0.81336  0.81314 
  2.84500  0.80034  0.80016 
  2.94500  0.78681  0.78663 
  3.04500  0.77283  0.77263 
  3.14500  0.75831  0.75813 
  3.24500  0.74334  0.74317 
  3.34500  0.72793  0.72777 
  3.44500  0.71213  0.71198 
  3.54500  0.69595  0.69577 
  3.64500  0.67941  0.67925 
  3.74500  0.66256  0.66244 
  3.84500  0.64553  0.64534 
  3.94500  0.62821  0.62804 
  4.04500  0.61072  0.61057 
  4.14500  0.59315  0.59297 
  4.24500  0.57544  0.57532 
  4.34500  0.55772  0.55765 
  4.44500  0.54003  0.54001 
  4.54500  0.52243  0.52249 
  4.64500  0.50539  0.50512 
  4.74500  0.48817  0.48795 
  4.84500  0.47123  0.47111 
  4.94500  0.45466  0.45458 
  5.04500  0.43850  0.43843 
  5.14500  0.42281  0.42277 
  5.24500  0.40767  0.40762 
  5.34500  0.39311  0.39306 
  5.44500  0.37916  0.37912 
  5.54500  0.36593  0.36587 
  5.64500  0.35341  0.35334 
  5.74500  0.34168  0.34163 
  5.84500  0.33079  0.33073 
  5.94500  0.32078  0.32073 
  6.04500  0.31166  0.31164 
  6.14500  0.30354  0.30349 
  6.24500  0.29640  0.29636 
  6.34500  0.29026  0.29023 
  6.44500  0.28518  0.28516 
  6.54500  0.28117  0.28113 
  6.64500  0.27820  0.27819 
  6.74500  0.27637  0.27633 
  6.84500  0.27560  0.27556 
  6.94500  0.27594  0.27590 
  7.04500  0.27736  0.27734 
  7.14500  0.27989  0.27986 
  7.24500  0.28346  0.28345 
  7.34500  0.28810  0.28809 
  7.44500  0.29378  0.29375 
  7.54500  0.30046  0.30043 
  7.64500  0.30811  0.30807 
  7.74500  0.31669  0.31666 
  7.84500  0.32618  0.32613 
  7.94500  0.33652  0.33646 
  8.04500  0.34765  0.34759 
  8.14500  0.35952  0.35947 
  8.24500  0.37210  0.37206 
  8.34500  0.38529  0.38526 
  8.44500  0.39905  0.39902 
  8.54500  0.41334  0.41331 
  8.64500  0.42807  0.42805 
  8.74500  0.44320  0.44314 
  8.84500  0.45865  0.45855 
  8.94500  0.47433  0.47418 
  9.04500  0.49018  0.48996 
  9.14500  0.50588  0.50585 
  9.24500  0.52172  0.52174 
  9.34500  0.53761  0.53757 
  9.44500  0.55334  0.55326 
  9.54500  0.56886  0.56873 
  9.64500  0.58407  0.58394 
  9.74500  0.59894  0.59879 
  9.84500  0.61337  0.61323 
  9.94500  0.62729  0.62717 
 10.04500  0.64070  0.64057 
 10.14500  0.65347  0.65337 
 10.24500  0.66563  0.66546 
 10.34500  0.67703  0.67689 
 10.44500  0.68766  0.68753 
 10.54500  0.69747  0.69731 
 10.64500  0.70640  0.70625 
 10.74500  0.71440  0.71427 
 10.84500  0.72150  0.72133 
 10.94500  0.72758  0.72746 
 11.04500  0.73268  0.73253 
 11.14500  0.73678  0.73659 
 11.24500  0.73979  0.73962 
 11.34500  0.74175  0.74160 
 11.44500  0.74265  0.74249 
 11.54500  0.74247  0.74229 
 11.64500  0.74122  0.74106 
 11.74500  0.73890  0.73873 
 11.84500  0.73555  0.73538 
 11.94500  0.73113  0.73095 
 12.04500  0.72570  0.72553 
 12.14500  0.71927  0.71911 
 12.24500  0.71186  0.71168 
 12.34500  0.70352  0.70338 
 12.44500  0.69429  0.69413 
 12.54500  0.68421  0.68407 
 12.64500  0.67330  0.67318 
 12.74500  0.66168  0.66154 
 12.84500  0.64932  0.64918 
 12.94500  0.63630  0.63618 
 13.04500  0.62273  0.62258 
 13.14500  0.60861  0.60847 
 13.24500  0.59402  0.59390 
 13.34500  0.57906  0.57892 
 13.44500  0.56373  0.56363 
 13.54500  0.54815  0.54805 
 13.64500  0.53233  0.53231 
 13.74500  0.51641  0.51646 
 13.84500  0.50071  0.50056 
 13.94500  0.48492  0.48471 
 14.04500  0.46909  0.46895 
 14.14500  0.45348  0.45341 
 14.24500  0.43811  0.43808 
 14.34500  0.42314  0.42310 
 14.44500  0.40853  0.40850 
 14.54500  0.39440  0.39436 
 14.64500  0.38082  0.38076 
 14.74500  0.36782  0.36775 
 14.84500  0.35546  0.35541 
 14.94500  0.34382  0.34376 
 15.04500  0.33294  0.33289 
 15.14500  0.32286  0.32282 
 15.24500  0.31365  0.31362 
 15.34500  0.30535  0.30534 
 15.44500  0.29801  0.29799 
 15.54500  0.29164  0.29162 
 15.64500  0.28627  0.28624 
 15.74500  0.28193  0.28194 
 15.84500  0.27866  0.27863 
 15.94500  0.27644  0.27645 
 16.04500  0.27532  0.27530 
 16.14500  0.27528  0.27527 
 16.24500  0.27633  0.27631 
 16.34500  0.27843  0.27844 
 16.44500  0.28163  0.28161 
 16.54500  0.28587  0.28587 
 16.64500  0.29115  0.29114 
 16.74500  0.29745  0.29743 
 16.84500  0.30470  0.30471 
 16.94500  0.31296  0.31294 
 17.04500  0.32208  0.32205 
 17.14500  0.33209  0.33205 
 17.24500  0.34291  0.34289 
 17.34500  0.35448  0.35445 
 17.44500  0.36680  0.36675 
 17.54500  0.37975  0.37972 
 17.64500  0.39329  0.39326 
 17.74500  0.40740  0.40735 
 17.84500  0.42192  0.42192 
 17.94500  0.43690  0.43688 
 18.04500  0.45221  0.45216 
 18.14500  0.46782  0.46772 
 18.24500  0.48361  0.48345 
 18.34500  0.49945  0.49931 
 18.44500  0.51513  0.51519 
 18.54500  0.53105  0.53105 
 18.64500  0.54688  0.54681 
 18.74500  0.56249  0.56239 
 18.84500  0.57783  0.57771 
 18.94500  0.59283  0.59272 
 19.04500  0.60745  0.60733 
 19.14500  0.62160  0.62148 
 19.24500  0.63521  0.63512 
 19.34500  0.64827  0.64818 
 19.44500  0.66068  0.66058 
 19.54500  0.67237  0.67227 
 19.64500  0.68334  0.68322 
 19.74500  0.69351  0.69338 
 19.84500  0.70279  0.70268 
 19.94500  0.71118  0.71107 
 20.04500  0.71866  0.71853 
 20.14500  0.72519  0.72506 
 20.24500  0.73070  0.73056 
 20.34500  0.73520  0.73506 
 20.44500  0.73863  0.73852 
 20.54500  0.74105  0.74091 
 20.64500  0.74237  0.74224 
 20.74500  0.74264  0.74252 
 20.84500  0.74183  0.74169 
 20.94500  0.73997  0.73981 
 21.04500  0.73701  0.73690 
 21.14500  0.73300  0.73291 
 21.24500  0.72799  0.72787 
 21.34500  0.72199  0.72186 
 21.44500  0.71498  0.71486 
 21.54500  0.70703  0.70690 
 21.64500  0.69816  0.69806 
 21.74500  0.68844  0.68832 
 21.84500  0.67784  0.67774 
 21.94500  0.66650  0.66642 
 22.04500  0.65443  0.65436 
 22.14500  0.64169  0.64163 
 22.24500  0.62836  0.62827 
 22.34500  0.61446  0.61435 
 22.44500  0.60006  0.59995 
 22.54500  0.58523  0.58515 
 22.64500  0.57006  0.56995 
 22.74500  0.55457  0.55449 
 22.84500  0.53884  0.53882 
 22.94500  0.52296  0.52299 
 23.04500  0.50709  0.50711 
 23.14500  0.49140  0.49123 
 23.24500  0.47554  0.47543 
 23.34500  0.45984  0.45977 
 23.44500  0.44435  0.44434 
 23.54500  0.42922  0.42925 
 23.64500  0.41445  0.41446 
 23.74500  0.40011  0.40012 
 23.84500  0.38632  0.38631 
 23.94500  0.37305  0.37306 
 24.04500  0.36041  0.36040 
 24.14500  0.34848  0.34847 
 24.24500  0.33726  0.33729 
 24.34500  0.32687  0.32686 
 24.44500  0.31730  0.31730 
 24.54500  0.30863  0.30864 
 24.64500  0.30088  0.30091 
 24.74500  0.29408  0.29410 
 24.84500  0.28830  0.28833 
 24.94500  0.28355  0.28356 
 25.04500  0.27985  0.27988 
 25.14500  0.27720  0.27722 
 25.24500  0.27563  0.27564 
 25.34500  0.27514  0.27515 
 25.44500  0.27573  0.27575 
 25.54500  0.27740  0.27744 
 25.64500  0.28017  0.28017 
 25.74500  0.28397  0.28399 
 25.84500  0.28881  0.28884 
 25.94500  0.29468  0.29473 
 26.04500  0.30157  0.30159 
 26.14500  0.30940  0.30944 
 26.24500  0.31820  0.31819 
 26.34500  0.32784  0.32783 
 26.44500  0.33833  0.33831 
 26.54500  0.34959  0.34959 
 26.64500  0.36161  0.36160 
 26.74500  0.37429  0.37429 
 26.84500  0.38758  0.38762 
 26.94500  0.40147  0.40151 
 27.04500  0.41585  0.41587 
 27.14500  0.43065  0.43065 
 27.24500  0.44584  0.44584 
 27.34500  0.46133  0.46127 
 27.44500  0.47705  0.47695 
 27.54500  0.49295  0.49276 
 27.64500  0.50854  0.50865 
 27.74500  0.52449  0.52454 
 27.84500  0.54033  0.54033 
 27.94500  0.55604  0.55599 
 28.04500  0.57151  0.57143 
 28.14500  0.58666  0.58655 
 28.24500  0.60145  0.60138 
 28.34500  0.61580  0.61570 
 28.44500  0.62964  0.62958 
 28.54500  0.64293  0.64285 
 28.64500  0.65561  0.65556 
 28.74500  0.66762  0.66755 
 28.84500  0.67888  0.67882 
 28.94500  0.68937  0.68929 
 29.04500  0.69903  0.69894 
 29.14500  0.70781  0.70771 
 29.24500  0.71565  0.71556 
 29.34500  0.72258  0.72248 
 29.44500  0.72849  0.72842 
 29.54500  0.73342  0.73333 
 29.64500  0.73730  0.73722 
 29.74500  0.74016  0.74003 
 29.84500  0.74191  0.74181 
 29.94500  0.74263  0.74254 
 30.04500  0.74225  0.74217 
 30.14500  0.74082  0.74073 
 30.24500  0.73830  0.73822 
 30.34500  0.73476  0.73467 
 30.44500  0.73016  0.73008 
 30.54500  0.72455  0.72447 
 30.64500  0.71795  0.71786 
 30.74500  0.71039  0.71029 
 30.84500  0.70188  0.70182 
 30.94500  0.69250  0.69244 
 31.04500  0.68228  0.68221 
 31.14500  0.67125  0.67118 
 31.24500  0.65946  0.65938 
 31.34500  0.64699  0.64692 
 31.44500  0.63388  0.63383 
 31.54500  0.62021  0.62014 
 31.64500  0.60597  0.60594 
 31.74500  0.59137  0.59129 
 31.84500  0.57630  0.57624 
 31.94500  0.56093  0.56089 
 32.04500  0.54528  0.54529 
 32.14500  0.52949  0.52953 
 32.24500  0.51352  0.51366 
 32.34500  0.49786  0.49776 
 32.44500  0.48202  0.48192 
 32.54500  0.46624  0.46619 
 32.64500  0.45067  0.45068 
 32.74500  0.43536  0.43540 
 32.84500  0.42045  0.42049 
 32.94500  0.40591  0.40597 
 33.04500  0.39189  0.39194 
 33.14500  0.37839  0.37842 
 33.24500  0.36549  0.36552 
 33.34500  0.35327  0.35332 
 33.44500  0.34176  0.34178 
 33.54500  0.33101  0.33107 
 33.64500  0.32110  0.32114 
 33.74500  0.31205  0.31209 
 33.84500  0.30392  0.30397 
 33.94500  0.29673  0.29679 
 34.04500  0.29053  0.29059 
 34.14500  0.28534  0.28542 
 34.24500  0.28119  0.28127 
 34.34500  0.27811  0.27818 
 34.44500  0.27609  0.27616 
 34.54500  0.27516  0.27522 
 34.64500  0.27530  0.27536 
 34.74500  0.27654  0.27659 
 34.84500  0.27884  0.27891 
 34.94500  0.28221  0.28229 
 35.04500  0.28666  0.28671 
 35.14500  0.29210  0.29218 
 35.24500  0.29856  0.29866 
 35.34500  0.30602  0.30611 
 35.44500  0.31440  0.31449 
 35.54500  0.32371  0.32376 
 35.64500  0.33384  0.33390 
 35.74500  0.34481  0.34485 
 35.84500  0.35651  0.35656 
 35.94500  0.36895  0.36900 
 36.04500  0.38199  0.38206 
 36.14500  0.39566  0.39571 
 36.24500  0.40984  0.40989 
 36.34500  0.42445  0.42451 
 36.44500  0.43950  0.43954 
 36.54500  0.45487  0.45489 
 36.64500  0.47051  0.47047 
 36.74500  0.48632  0.48624 
 36.84500  0.50208  0.50211 
 36.94500  0.51787  0.51799 
 37.04500  0.53378  0.53384 
 37.14500  0.54955  0.54957 
 37.24500  0.56512  0.56511 
 37.34500  0.58043  0.58040 
 37.44500  0.59536  0.59532 
 37.54500  0.60989  0.60986 
 37.64500  0.62396  0.62394 
 37.74500  0.63749  0.63748 
 37.84500  0.65042  0.65041 
 37.94500  0.66271  0.66269 
 38.04500  0.67428  0.67428 
 38.14500  0.68511  0.68507 
 38.24500  0.69512  0.69507 
 38.34500  0.70426  0.70421 
 38.44500  0.71249  0.71246 
 38.54500  0.71981  0.71977 
 38.64500  0.72614  0.72608 
 38.74500  0.73149  0.73141 
 38.84500  0.73578  0.73574 
 38.94500  0.73904  0.73901 
 39.04500  0.74128  0.74123 
 39.14500  0.74243  0.74236 
 39.24500  0.74250  0.74245 
 39.34500  0.74148  0.74145 
 39.44500  0.73943  0.73938 
 39.54500  0.73630  0.73626 
 39.64500  0.73213  0.73208 
 39.74500  0.72693  0.72690 
 39.84500  0.72073  0.72068 
 39.94500  0.71356  0.71351 
 40.04500  0.70545  0.70542 
 40.14500  0.69642  0.69640 
 40.24500  0.68653  0.68651 
 40.34500  0.67583  0.67582 
 40.44500  0.66433  0.66435 
 40.54500  0.65217  0.65217 
 40.64500  0.63930  0.63930 
 40.74500  0.62586  0.62584 
 40.84500  0.61185  0.61184 
 40.94500  0.59740  0.59736 
 41.04500  0.58250  0.58246 
 41.14500  0.56725  0.56725 
 41.24500  0.55171  0.55174 
 41.34500  0.53594  0.53604 
 41.44500  0.52003  0.52020 
 41.54500  0.50425  0.50431 
 41.64500  0.48855  0.48844 
 41.74500  0.47267  0.47266 
 41.84500  0.45700  0.45705 
 41.94500  0.44158  0.44165 
 42.04500  0.42649  0.42658 
 42.14500  0.41180  0.41190 
 42.24500  0.39756  0.39764 
 42.34500  0.38382  0.38392 
 42.44500  0.37070  0.37078 
 42.54500  0.35819  0.35825 
 42.64500  0.34635  0.34643 
 42.74500  0.33529  0.33538 
 42.84500  0.32502  0.32512 
 42.94500  0.31561  0.31570 
 43.04500  0.30710  0.30721 
 43.14500  0.29952  0.29962 
 43.24500  0.29290  0.29302 
 43.34500  0.28731  0.28742 
 43.44500  0.28274  0.28283 
 43.54500  0.27921  0.27931 
 43.64500  0.27674  0.27686 
 43.74500  0.27536  0.27549 
 43.84500  0.27507  0.27517 
 43.94500  0.27584  0.27596 
 44.04500  0.27771  0.27783 
 44.14500  0.28065  0.28078 
 44.24500  0.28465  0.28478 
 44.34500  0.28972  0.28981 
 44.44500  0.29576  0.29588 
 44.54500  0.30280  0.30292 
 44.64500  0.31080  0.31093 
 44.74500  0.31973  0.31984 
 44.84500  0.32952  0.32964 
 44.94500  0.34018  0.34026 
 45.04500  0.35158  0.35166 
 45.14500  0.36370  0.36379 
 45.24500  0.37650  0.37659 
 45.34500  0.38991  0.39002 
 45.44500  0.40389  0.40398 
 45.54500  0.41835  0.41845 
 45.64500  0.43322  0.43332 
 45.74500  0.44846  0.44854 
 45.84500  0.46401  0.46403 
 45.94500  0.47978  0.47973 
 46.04500  0.49565  0.49556 
 46.14500  0.51125  0.51145 
 46.24500  0.52716  0.52733 
 46.34500  0.54304  0.54311 
 46.44500  0.55870  0.55874 
 46.54500  0.57413  0.57412 
 46.64500  0.58920  0.58922 
 46.74500  0.60391  0.60393 
 46.84500  0.61819  0.61820 
 46.94500  0.63194  0.63197 
 47.04500  0.64514  0.64514 
 47.14500  0.65770  0.65773 
 47.24500  0.66957  0.66958 
 47.34500  0.68069  0.68071 
 47.44500  0.69105  0.69106 
 47.54500  0.70055  0.70054 
 47.64500  0.70915  0.70916 
 47.74500  0.71687  0.71688 
 47.84500  0.72361  0.72362 
 47.94500  0.72936  0.72937 
 48.04500  0.73409  0.73408 
 48.14500  0.73778  0.73780 
 48.24500  0.74044  0.74045 
 48.34500  0.74203  0.74202 
 48.44500  0.74255  0.74256 
 48.54500  0.74199  0.74199 
 48.64500  0.74036  0.74036 
 48.74500  0.73767  0.73769 
 48.84500  0.73393  0.73394 
 48.94500  0.72915  0.72916 
 49.04500  0.72337  0.72337 
 49.14500  0.71660  0.71659 
 49.24500  0.70885  0.70886 
 49.34500  0.70021  0.70023 
 49.44500  0.69067  0.69069 
 49.54500  0.68029  0.68031 
 49.64500  0.66913  0.66915 
 49.74500  0.65722  0.65725 
 49.84500  0.64463  0.64465 
 49.94500  0.63140  0.63145 
 50.04500  0.61765  0.61768 
 50.14500  0.60337  0.60339 
 50.24500  0.58863  0.58864 
 50.34500  0.57352  0.57356 
 50.44500  0.55809  0.55815 
 50.54500  0.54242  0.54252 
 50.64500  0.52657  0.52674 
 50.74500  0.51065  0.51085 
 50.84500  0.49502  0.49496 
 50.94500  0.47914  0.47913 
 51.04500  0.46337  0.46344 
 51.14500  0.44786  0.44796 
 51.24500  0.43262  0.43275 
 51.34500  0.41776  0.41789 
 51.44500  0.40333  0.40345 
 51.54500  0.38939  0.38950 
 51.64500  0.37599  0.37610 
 51.74500  0.36321  0.36333 
 51.84500  0.35111  0.35122 
 51.94500  0.33970  0.33985 
 52.04500  0.32911  0.32924 
 52.14500  0.31935  0.31948 
 52.24500  0.31045  0.31060 
 52.34500  0.30248  0.30263 
 52.44500  0.29547  0.29562 
 52.54500  0.28945  0.28960 
 52.64500  0.28444  0.28460 
 52.74500  0.28049  0.28066 
 52.84500  0.27761  0.27774 
 52.94500  0.27575  0.27592 
 53.04500  0.27502  0.27516 
 53.14500  0.27536  0.27550 
 53.24500  0.27679  0.27693 
 53.34500  0.27930  0.27943 
 53.44500  0.28284  0.28300 
 53.54500  0.28746  0.28760 
 53.64500  0.29310  0.29324 
 53.74500  0.29975  0.29989 
 53.84500  0.30736  0.30752 
 53.94500  0.31591  0.31607 
 54.04500  0.32535  0.32548 
 54.14500  0.33566  0.33576 
 54.24500  0.34676  0.34687 
 54.34500  0.35860  0.35873 
 54.44500  0.37112  0.37127 
 54.54500  0.38431  0.38443 
 54.64500  0.39803  0.39820 
 54.74500  0.41231  0.41243 
 54.84500  0.42701  0.42716 
 54.94500  0.44213  0.44223 
 55.04500  0.45754  0.45761 
 55.14500  0.47322  0.47323 
 55.24500  0.48909  0.48903 
 55.34500  0.50478  0.50490 
 55.44500  0.52058  0.52078 
 55.54500  0.53648  0.53662 
 55.64500  0.55224  0.55231 
 55.74500  0.56779  0.56782 
 55.84500  0.58300  0.58304 
 55.94500  0.59786  0.59791 
 56.04500  0.61232  0.61235 
 56.14500  0.62629  0.62633 
 56.24500  0.63971  0.63976 
 56.34500  0.65255  0.65258 
 56.44500  0.66471  0.66475 
 56.54500  0.67611  0.67618 
 56.64500  0.68681  0.68684 
 56.74500  0.69664  0.69666 
 56.84500  0.70561  0.70562 
 56.94500  0.71369  0.71368 
 57.04500  0.72078  0.72081 
 57.14500  0.72693  0.72691 
 57.24500  0.73203  0.73205 
 57.34500  0.73614  0.73615 
 57.44500  0.73915  0.73917 
 57.54500  0.74113  0.74114 
 57.64500  0.74201  0.74202 
 57.74500  0.74182  0.74183 
 57.84500  0.74054  0.74056 
 57.94500  0.73817  0.73818 
 58.04500  0.73473  0.73475 
 58.14500  0.73022  0.73023 
 58.24500  0.72466  0.72468 
 58.34500  0.71810  0.71812 
 58.44500  0.71053  0.71055 
 58.54500  0.70196  0.70201 
 58.64500  0.69247  0.69250 
 58.74500  0.68208  0.68211 
 58.84500  0.67082  0.67089 
 58.94500  0.65877  0.65882 
 59.04500  0.64593  0.64598 
 59.14500  0.63236  0.63239 
 59.24500  0.61813  0.61818 
 59.34500  0.60329  0.60332 
 59.44500  0.58785  0.58790 
 59.54500  0.57193  0.57196 
 59.64500  0.55552  0.55558 
 59.74500  0.53871  0.53882 
 59.84500  0.52155  0.52168 
 59.94500  0.50406  0.50430 
 60.04500  0.48663  0.48671 
 60.14500  0.46896  0.46895 
 60.24500  0.45106  0.45109 
 60.34500  0.43309  0.43321 
 60.44500  0.41518  0.41533 
 60.54500  0.39735  0.39750 
 60.64500  0.37965  0.37982 
 60.74500  0.36214  0.36228 
 60.84500  0.34483  0.34498 
 60.94500  0.32778  0.32792 
 61.04500  0.31102  0.31118 
 61.14500  0.29463  0.29477 
 61.24500  0.27859  0.27873 
 61.34500  0.26296  0.26312 
 61.44500  0.24776  0.24795 
 61.54500  0.23304  0.23321 
 61.64500  0.21878  0.21900 
 61.74500  0.20506  0.20525 
 61.84500  0.19187  0.19206 
 61.94500  0.17917  0.17938 
 62.04500  0.16707  0.16725 
 62.14500  0.15550  0.15571 
 62.24500  0.14450  0.14471 
 62.34500  0.13404  0.13425 
 62.44500  0.12416  0.12437 
 62.54500  0.11486  0.11506 
 62.64500  0.10608  0.10628 
 62.74500  0.09786  0.09810 
 62.84500  0.09017  0.09042 
 62.94500  0.08307  0.08328 
 63.04500  0.07648  0.07667 
 63.14500  0.07035  0.07056 
 63.24500  0.06477  0.06498 
 63.34500  0.05969  0.05989 
 63.44500  0.05508  0.05528 
 63.54500  0.05091  0.05113 
 63.64500  0.04726  0.04747 
 63.74500  0.04403  0.04425 
 63.84500  0.04124  0.04146 
 63.94500  0.03890  0.03913 
 64.04500  0.03698  0.03721 
 64.14500  0.03548  0.03572 
 64.24500  0.03439  0.03464 
 64.34500  0.03373  0.03396 
