  0.04500  0.99972  0.99980 
  0.14500  0.99969  0.99980 
  0.24500  0.99968  0.99973 
  0.34500  0.99960  0.99969 
  0.44500  0.99949  0.99958 
  0.54500  0.99939  0.99946 
  0.64500  0.99921  0.99929 
  0.74500  0.99901  0.99908 
  0.84500  0.99872  0.99878 
  0.94500  0.99834  0.99843 
  1.04500  0.99790  0.99795 
  1.14500  0.99730  0.99738 
  1.24500  0.99656  0.99665 
  1.34500  0.99566  0.99575 
  1.44500  0.99451  0.99459 
  1.54500  0.99314  0.99320 
  1.64500  0.99143  0.99149 
  1.74500  0.98937  0.98943 
  1.84500  0.98687  0.98696 
  1.94500  0.98392  0.98398 
  2.04500  0.98036  0.98045 
  2.14500  0.97617  0.97623 
  2.24500  0.97127  0.97134 
  2.34500  0.96553  0.96558 
  2.44500  0.95888  0.95893 
  2.54500  0.95123  0.95129 
  2.64500  0.94246  0.94256 
  2.74500  0.93252  0.93262 
  2.84500  0.92129  0.92136 
  2.94500  0.90870  0.90878 
  3.04500  0.89469  0.89477 
  3.14500  0.87919  0.87923 
  3.24500  0.86212  0.86216 
  3.34500  0.84352  0.84354 
  3.44500  0.82330  0.82331 
  3.54500  0.80148  0.80151 
  3.64500  0.77809  0.77815 
  3.74500  0.75316  0.75329 
  3.84500  0.72680  0.72702 
  3.94500  0.69917  0.69944 
  4.04500  0.67041  0.67066 
  4.14500  0.64068  0.64084 
  4.24500  0.61015  0.61013 
  4.34500  0.57897  0.57873 
  4.44500  0.54731  0.54684 
  4.54500  0.51518  0.51462 
  4.64500  0.48161  0.48233 
  4.74500  0.44962  0.45020 
  4.84500  0.41802  0.41837 
  4.94500  0.38699  0.38709 
  5.04500  0.35666  0.35659 
  5.14500  0.32717  0.32700 
  5.24500  0.29870  0.29855 
  5.34500  0.27144  0.27136 
  5.44500  0.24558  0.24555 
  5.54500  0.22123  0.22127 
  5.64500  0.19853  0.19861 
  5.74500  0.17757  0.17765 
  5.84500  0.15833  0.15842 
  5.94500  0.14091  0.14098 
  6.04500  0.12531  0.12538 
  6.14500  0.11155  0.11160 
  6.24500  0.09962  0.09963 
  6.34500  0.08948  0.08953 
  6.44500  0.08119  0.08125 
  6.54500  0.07471  0.07474 
  6.64500  0.07001  0.07007 
  6.74500  0.06712  0.06716 
  6.84500  0.06602  0.06606 
  6.94500  0.06666  0.06671 
  7.04500  0.06912  0.06916 
  7.14500  0.07334  0.07338 
  7.24500  0.07937  0.07941 
  7.34500  0.08720  0.08723 
  7.44500  0.09687  0.09686 
  7.54500  0.10833  0.10836 
  7.64500  0.12162  0.12168 
  7.74500  0.13675  0.13683 
  7.84500  0.15371  0.15379 
  7.94500  0.17245  0.17255 
  8.04500  0.19298  0.19307 
  8.14500  0.21525  0.21531 
  8.24500  0.23918  0.23919 
  8.34500  0.26469  0.26461 
  8.44500  0.29161  0.29144 
  8.54500  0.31977  0.31961 
  8.64500  0.34901  0.34892 
  8.74500  0.37913  0.37921 
  8.84500  0.41000  0.41027 
  8.94500  0.44148  0.44194 
  9.04500  0.47336  0.47404 
  9.14500  0.50650  0.50629 
  9.24500  0.53903  0.53849 
  9.34500  0.57080  0.57046 
  9.44500  0.60207  0.60198 
  9.54500  0.63269  0.63280 
  9.64500  0.66256  0.66277 
  9.74500  0.69146  0.69171 
  9.84500  0.71925  0.71948 
  9.94500  0.74574  0.74590 
 10.04500  0.77078  0.77084 
 10.14500  0.79423  0.79425 
 10.24500  0.81605  0.81605 
 10.34500  0.83615  0.83616 
 10.44500  0.85452  0.85453 
 10.54500  0.87114  0.87114 
 10.64500  0.88599  0.88602 
 10.74500  0.89909  0.89914 
 10.84500  0.91048  0.91054 
 10.94500  0.92012  0.92019 
 11.04500  0.92807  0.92815 
 11.14500  0.93437  0.93444 
 11.24500  0.93901  0.93905 
 11.34500  0.94198  0.94204 
 11.44500  0.94332  0.94338 
 11.54500  0.94307  0.94311 
 11.64500  0.94117  0.94122 
 11.74500  0.93763  0.93769 
 11.84500  0.93247  0.93252 
 11.94500  0.92565  0.92568 
 12.04500  0.91711  0.91717 
 12.14500  0.90688  0.90694 
 12.24500  0.89493  0.89499 
 12.34500  0.88125  0.88126 
 12.44500  0.86580  0.86583 
 12.54500  0.84861  0.84862 
 12.64500  0.82967  0.82965 
 12.74500  0.80901  0.80899 
 12.84500  0.78663  0.78666 
 12.94500  0.76264  0.76272 
 13.04500  0.73709  0.73726 
 13.14500  0.71017  0.71039 
 13.24500  0.68198  0.68222 
 13.34500  0.65274  0.65293 
 13.44500  0.62262  0.62265 
 13.54500  0.59174  0.59158 
 13.64500  0.56028  0.55989 
 13.74500  0.52839  0.52782 
 13.84500  0.49535  0.49557 
 13.94500  0.46274  0.46334 
 14.04500  0.43095  0.43137 
 14.14500  0.39968  0.39989 
 14.24500  0.36905  0.36903 
 14.34500  0.33919  0.33905 
 14.44500  0.31031  0.31012 
 14.54500  0.28253  0.28239 
 14.64500  0.25608  0.25599 
 14.74500  0.23106  0.23108 
 14.84500  0.20767  0.20776 
 14.94500  0.18598  0.18606 
 15.04500  0.16603  0.16611 
 15.14500  0.14791  0.14793 
 15.24500  0.13154  0.13156 
 15.34500  0.11702  0.11705 
 15.44500  0.10432  0.10437 
 15.54500  0.09349  0.09347 
 15.64500  0.08441  0.08444 
 15.74500  0.07719  0.07721 
 15.84500  0.07175  0.07176 
 15.94500  0.06810  0.06813 
 16.04500  0.06627  0.06630 
 16.14500  0.06621  0.06622 
 16.24500  0.06791  0.06795 
 16.34500  0.07142  0.07142 
 16.44500  0.07669  0.07669 
 16.54500  0.08379  0.08378 
 16.64500  0.09268  0.09269 
 16.74500  0.10338  0.10342 
 16.84500  0.11594  0.11596 
 16.94500  0.13032  0.13037 
 17.04500  0.14651  0.14659 
 17.14500  0.16453  0.16461 
 17.24500  0.18433  0.18442 
 17.34500  0.20590  0.20595 
 17.44500  0.22914  0.22917 
 17.54500  0.25402  0.25394 
 17.64500  0.28038  0.28023 
 17.74500  0.30806  0.30787 
 17.84500  0.33687  0.33670 
 17.94500  0.36664  0.36661 
 18.04500  0.39723  0.39738 
 18.14500  0.42846  0.42885 
 18.24500  0.46021  0.46081 
 18.34500  0.49266  0.49300 
 18.44500  0.52587  0.52526 
 18.54500  0.55777  0.55737 
 18.64500  0.58928  0.58907 
 18.74500  0.62020  0.62020 
 18.84500  0.65037  0.65055 
 18.94500  0.67969  0.67992 
 19.04500  0.70797  0.70820 
 19.14500  0.73501  0.73517 
 19.24500  0.76066  0.76075 
 19.34500  0.78481  0.78479 
 19.44500  0.80730  0.80728 
 19.54500  0.82810  0.82807 
 19.64500  0.84717  0.84717 
 19.74500  0.86452  0.86451 
 19.84500  0.88009  0.88011 
 19.94500  0.89391  0.89397 
 20.04500  0.90601  0.90606 
 20.14500  0.91638  0.91642 
 20.24500  0.92502  0.92508 
 20.34500  0.93200  0.93205 
 20.44500  0.93732  0.93734 
 20.54500  0.94097  0.94100 
 20.64500  0.94299  0.94303 
 20.74500  0.94340  0.94341 
 20.84500  0.94218  0.94221 
 20.94500  0.93932  0.93935 
 21.04500  0.93484  0.93487 
 21.14500  0.92867  0.92871 
 21.24500  0.92084  0.92088 
 21.34500  0.91133  0.91138 
 21.44500  0.90007  0.90013 
 21.54500  0.88710  0.88715 
 21.64500  0.87238  0.87240 
 21.74500  0.85594  0.85593 
 21.84500  0.83770  0.83769 
 21.94500  0.81775  0.81770 
 22.04500  0.79607  0.79606 
 22.14500  0.77272  0.77276 
 22.24500  0.74782  0.74792 
 22.34500  0.72143  0.72161 
 22.44500  0.69374  0.69398 
 22.54500  0.66491  0.66512 
 22.64500  0.63511  0.63521 
 22.74500  0.60455  0.60443 
 22.84500  0.57333  0.57301 
 22.94500  0.54158  0.54107 
 23.04500  0.50921  0.50886 
 23.14500  0.47593  0.47660 
 23.24500  0.44404  0.44450 
 23.34500  0.41253  0.41278 
 23.44500  0.38159  0.38162 
 23.54500  0.35141  0.35129 
 23.64500  0.32208  0.32189 
 23.74500  0.29382  0.29365 
 23.84500  0.26681  0.26668 
 23.94500  0.24119  0.24115 
 24.04500  0.21714  0.21715 
 24.14500  0.19474  0.19480 
 24.24500  0.17406  0.17412 
 24.34500  0.15517  0.15521 
 24.44500  0.13808  0.13809 
 24.54500  0.12279  0.12282 
 24.64500  0.10933  0.10936 
 24.74500  0.09774  0.09773 
 24.84500  0.08795  0.08792 
 24.94500  0.07997  0.07995 
 25.04500  0.07380  0.07380 
 25.14500  0.06942  0.06942 
 25.24500  0.06684  0.06683 
 25.34500  0.06605  0.06604 
 25.44500  0.06702  0.06701 
 25.54500  0.06977  0.06977 
 25.64500  0.07431  0.07431 
 25.74500  0.08067  0.08064 
 25.84500  0.08881  0.08880 
 25.94500  0.09878  0.09878 
 26.04500  0.11058  0.11058 
 26.14500  0.12421  0.12422 
 26.24500  0.13965  0.13969 
 26.34500  0.15692  0.15697 
 26.44500  0.17600  0.17605 
 26.54500  0.19682  0.19687 
 26.64500  0.21940  0.21942 
 26.74500  0.24361  0.24357 
 26.84500  0.26936  0.26923 
 26.94500  0.29653  0.29634 
 27.04500  0.32490  0.32468 
 27.14500  0.35431  0.35418 
 27.24500  0.38458  0.38460 
 27.34500  0.41557  0.41582 
 27.44500  0.44712  0.44760 
 27.54500  0.47905  0.47971 
 27.64500  0.51247  0.51198 
 27.74500  0.54467  0.54417 
 27.84500  0.57639  0.57606 
 27.94500  0.60755  0.60744 
 28.04500  0.63804  0.63814 
 28.14500  0.66775  0.66796 
 28.24500  0.69648  0.69671 
 28.34500  0.72407  0.72422 
 28.44500  0.75030  0.75041 
 28.54500  0.77506  0.77508 
 28.64500  0.79825  0.79823 
 28.74500  0.81977  0.81972 
 28.84500  0.83956  0.83951 
 28.94500  0.85761  0.85758 
 29.04500  0.87391  0.87391 
 29.14500  0.88846  0.88847 
 29.24500  0.90126  0.90128 
 29.34500  0.91232  0.91235 
 29.44500  0.92168  0.92172 
 29.54500  0.92935  0.92938 
 29.64500  0.93535  0.93536 
 29.74500  0.93969  0.93969 
 29.84500  0.94239  0.94239 
 29.94500  0.94344  0.94344 
 30.04500  0.94289  0.94291 
 30.14500  0.94071  0.94071 
 30.24500  0.93690  0.93692 
 30.34500  0.93142  0.93144 
 30.44500  0.92428  0.92432 
 30.54500  0.91548  0.91548 
 30.64500  0.90494  0.90495 
 30.74500  0.89269  0.89270 
 30.84500  0.87869  0.87869 
 30.94500  0.86293  0.86293 
 31.04500  0.84545  0.84539 
 31.14500  0.82620  0.82614 
 31.24500  0.80522  0.80518 
 31.34500  0.78257  0.78254 
 31.44500  0.75829  0.75833 
 31.54500  0.73247  0.73260 
 31.64500  0.70531  0.70552 
 31.74500  0.67694  0.67713 
 31.84500  0.64753  0.64766 
 31.94500  0.61727  0.61722 
 32.04500  0.58629  0.58603 
 32.14500  0.55472  0.55428 
 32.24500  0.52280  0.52214 
 32.34500  0.48945  0.48988 
 32.44500  0.45715  0.45770 
 32.54500  0.42545  0.42579 
 32.64500  0.39429  0.39437 
 32.74500  0.36375  0.36368 
 32.84500  0.33408  0.33386 
 32.94500  0.30535  0.30514 
 33.04500  0.27781  0.27763 
 33.14500  0.25158  0.25148 
 33.24500  0.22686  0.22685 
 33.34500  0.20377  0.20379 
 33.44500  0.18239  0.18242 
 33.54500  0.16275  0.16280 
 33.64500  0.14491  0.14493 
 33.74500  0.12889  0.12890 
 33.84500  0.11469  0.11468 
 33.94500  0.10234  0.10229 
 34.04500  0.09179  0.09174 
 34.14500  0.08306  0.08303 
 34.24500  0.07614  0.07611 
 34.34500  0.07103  0.07099 
 34.44500  0.06771  0.06770 
 34.54500  0.06619  0.06615 
 34.64500  0.06641  0.06640 
 34.74500  0.06844  0.06841 
 34.84500  0.07225  0.07222 
 34.94500  0.07786  0.07782 
 35.04500  0.08526  0.08523 
 35.14500  0.09446  0.09445 
 35.24500  0.10552  0.10548 
 35.34500  0.11839  0.11838 
 35.44500  0.13309  0.13310 
 35.54500  0.14960  0.14964 
 35.64500  0.16793  0.16796 
 35.74500  0.18804  0.18809 
 35.84500  0.20991  0.20992 
 35.94500  0.23348  0.23343 
 36.04500  0.25862  0.25848 
 36.14500  0.28521  0.28501 
 36.24500  0.31310  0.31287 
 36.34500  0.34209  0.34191 
 36.44500  0.37204  0.37198 
 36.54500  0.40275  0.40290 
 36.64500  0.43407  0.43445 
 36.74500  0.46588  0.46645 
 36.84500  0.49864  0.49869 
 36.94500  0.53156  0.53094 
 37.04500  0.56341  0.56298 
 37.14500  0.59481  0.59462 
 37.24500  0.62563  0.62561 
 37.34500  0.65567  0.65581 
 37.44500  0.68481  0.68500 
 37.54500  0.71289  0.71304 
 37.64500  0.73969  0.73977 
 37.74500  0.76509  0.76512 
 37.84500  0.78892  0.78889 
 37.94500  0.81112  0.81107 
 38.04500  0.83164  0.83158 
 38.14500  0.85042  0.85035 
 38.24500  0.86745  0.86741 
 38.34500  0.88272  0.88269 
 38.44500  0.89623  0.89623 
 38.54500  0.90800  0.90800 
 38.64500  0.91806  0.91807 
 38.74500  0.92643  0.92643 
 38.84500  0.93310  0.93311 
 38.94500  0.93811  0.93811 
 39.04500  0.94147  0.94147 
 39.14500  0.94324  0.94321 
 39.24500  0.94333  0.94333 
 39.34500  0.94184  0.94183 
 39.44500  0.93870  0.93867 
 39.54500  0.93389  0.93389 
 39.64500  0.92744  0.92747 
 39.74500  0.91934  0.91933 
 39.84500  0.90951  0.90951 
 39.94500  0.89796  0.89796 
 40.04500  0.88469  0.88465 
 40.14500  0.86966  0.86964 
 40.24500  0.85288  0.85283 
 40.34500  0.83435  0.83426 
 40.44500  0.81410  0.81401 
 40.54500  0.79213  0.79207 
 40.64500  0.76850  0.76849 
 40.74500  0.74331  0.74339 
 40.84500  0.71669  0.71684 
 40.94500  0.68878  0.68897 
 41.04500  0.65979  0.65991 
 41.14500  0.62984  0.62986 
 41.24500  0.59915  0.59895 
 41.34500  0.56781  0.56740 
 41.44500  0.53601  0.53539 
 41.54500  0.50333  0.50317 
 41.64500  0.47034  0.47092 
 41.74500  0.43849  0.43887 
 41.84500  0.40707  0.40724 
 41.94500  0.37626  0.37624 
 42.04500  0.34621  0.34604 
 42.14500  0.31708  0.31684 
 42.24500  0.28903  0.28878 
 42.34500  0.26224  0.26208 
 42.44500  0.23690  0.23681 
 42.54500  0.21312  0.21309 
 42.64500  0.19099  0.19103 
 42.74500  0.17065  0.17066 
 42.84500  0.15206  0.15207 
 42.94500  0.13529  0.13527 
 43.04500  0.12034  0.12030 
 43.14500  0.10722  0.10718 
 43.24500  0.09592  0.09588 
 43.34500  0.08646  0.08640 
 43.44500  0.07881  0.07873 
 43.54500  0.07294  0.07290 
 43.64500  0.06889  0.06884 
 43.74500  0.06661  0.06656 
 43.84500  0.06614  0.06609 
 43.94500  0.06741  0.06737 
 44.04500  0.07048  0.07045 
 44.14500  0.07536  0.07528 
 44.24500  0.08202  0.08195 
 44.34500  0.09047  0.09044 
 44.44500  0.10076  0.10072 
 44.54500  0.11289  0.11283 
 44.64500  0.12684  0.12681 
 44.74500  0.14260  0.14260 
 44.84500  0.16019  0.16021 
 44.94500  0.17958  0.17958 
 45.04500  0.20074  0.20074 
 45.14500  0.22359  0.22356 
 45.24500  0.24811  0.24799 
 45.34500  0.27411  0.27392 
 45.44500  0.30150  0.30124 
 45.54500  0.33005  0.32981 
 45.64500  0.35965  0.35948 
 45.74500  0.39003  0.39007 
 45.84500  0.42112  0.42138 
 45.94500  0.45278  0.45322 
 46.04500  0.48482  0.48540 
 46.14500  0.51838  0.51767 
 46.24500  0.55035  0.54980 
 46.34500  0.58197  0.58164 
 46.44500  0.61303  0.61294 
 46.54500  0.64341  0.64348 
 46.64500  0.67295  0.67310 
 46.74500  0.70149  0.70164 
 46.84500  0.72881  0.72894 
 46.94500  0.75483  0.75486 
 47.04500  0.77933  0.77928 
 47.14500  0.80222  0.80213 
 47.24500  0.82343  0.82333 
 47.34500  0.84291  0.84283 
 47.44500  0.86065  0.86059 
 47.54500  0.87666  0.87660 
 47.64500  0.89089  0.89085 
 47.74500  0.90340  0.90337 
 47.84500  0.91415  0.91414 
 47.94500  0.92320  0.92320 
 48.04500  0.93059  0.93054 
 48.14500  0.93627  0.93625 
 48.24500  0.94033  0.94028 
 48.34500  0.94273  0.94269 
 48.44500  0.94351  0.94347 
 48.54500  0.94265  0.94263 
 48.64500  0.94020  0.94017 
 48.74500  0.93611  0.93608 
 48.84500  0.93034  0.93031 
 48.94500  0.92289  0.92289 
 49.04500  0.91378  0.91375 
 49.14500  0.90295  0.90293 
 49.24500  0.89039  0.89035 
 49.34500  0.87608  0.87603 
 49.44500  0.86002  0.85997 
 49.54500  0.84220  0.84212 
 49.64500  0.82266  0.82259 
 49.74500  0.80140  0.80130 
 49.84500  0.77845  0.77840 
 49.94500  0.75390  0.75390 
 50.04500  0.72784  0.72796 
 50.14500  0.70044  0.70058 
 50.24500  0.67187  0.67201 
 50.34500  0.64229  0.64236 
 50.44500  0.61190  0.61175 
 50.54500  0.58081  0.58047 
 50.64500  0.54916  0.54860 
 50.74500  0.51717  0.51645 
 50.84500  0.48357  0.48419 
 50.94500  0.45157  0.45202 
 51.04500  0.41996  0.42021 
 51.14500  0.38887  0.38890 
 51.24500  0.35852  0.35835 
 51.34500  0.32898  0.32872 
 51.44500  0.30046  0.30018 
 51.54500  0.27311  0.27293 
 51.64500  0.24716  0.24703 
 51.74500  0.22272  0.22268 
 51.84500  0.19993  0.19990 
 51.94500  0.17882  0.17884 
 52.04500  0.15951  0.15951 
 52.14500  0.14200  0.14197 
 52.24500  0.12630  0.12624 
 52.34500  0.11240  0.11236 
 52.44500  0.10037  0.10030 
 52.54500  0.09015  0.09008 
 52.64500  0.08174  0.08167 
 52.74500  0.07515  0.07508 
 52.84500  0.07035  0.07027 
 52.94500  0.06735  0.06727 
 53.04500  0.06614  0.06607 
 53.14500  0.06668  0.06662 
 53.24500  0.06902  0.06894 
 53.34500  0.07314  0.07309 
 53.44500  0.07905  0.07900 
 53.54500  0.08680  0.08672 
 53.64500  0.09633  0.09627 
 53.74500  0.10770  0.10763 
 53.84500  0.12089  0.12084 
 53.94500  0.13590  0.13587 
 54.04500  0.15276  0.15273 
 54.14500  0.17140  0.17140 
 54.24500  0.19181  0.19182 
 54.34500  0.21400  0.21395 
 54.44500  0.23783  0.23775 
 54.54500  0.26324  0.26306 
 54.64500  0.29007  0.28984 
 54.74500  0.31820  0.31792 
 54.84500  0.34735  0.34714 
 54.94500  0.37744  0.37737 
 55.04500  0.40826  0.40842 
 55.14500  0.43969  0.44005 
 55.24500  0.47157  0.47214 
 55.34500  0.50464  0.50438 
 55.44500  0.53723  0.53660 
 55.54500  0.56904  0.56859 
 55.64500  0.60033  0.60011 
 55.74500  0.63102  0.63101 
 55.84500  0.66091  0.66104 
 55.94500  0.68987  0.69005 
 56.04500  0.71775  0.71786 
 56.14500  0.74431  0.74436 
 56.24500  0.76944  0.76943 
 56.34500  0.79301  0.79291 
 56.44500  0.81489  0.81480 
 56.54500  0.83511  0.83501 
 56.64500  0.85357  0.85349 
 56.74500  0.87028  0.87022 
 56.84500  0.88525  0.88519 
 56.94500  0.89848  0.89843 
 57.04500  0.90995  0.90992 
 57.14500  0.91970  0.91968 
 57.24500  0.92776  0.92773 
 57.34500  0.93413  0.93409 
 57.44500  0.93887  0.93884 
 57.54500  0.94197  0.94192 
 57.64500  0.94341  0.94335 
 57.74500  0.94322  0.94318 
 57.84500  0.94143  0.94138 
 57.94500  0.93800  0.93794 
 58.04500  0.93294  0.93287 
 58.14500  0.92618  0.92616 
 58.24500  0.91777  0.91772 
 58.34500  0.90765  0.90759 
 58.44500  0.89578  0.89575 
 58.54500  0.88221  0.88214 
 58.64500  0.86686  0.86679 
 58.74500  0.84978  0.84968 
 58.84500  0.83095  0.83083 
 58.94500  0.81036  0.81025 
 59.04500  0.78811  0.78802 
 59.14500  0.76420  0.76417 
 59.24500  0.73876  0.73881 
 59.34500  0.71189  0.71202 
 59.44500  0.68375  0.68391 
 59.54500  0.65459  0.65466 
 59.64500  0.62448  0.62445 
 59.74500  0.59366  0.59338 
 59.84500  0.56220  0.56170 
 59.94500  0.53032  0.52964 
 60.04500  0.49732  0.49735 
 60.14500  0.46457  0.46508 
 60.24500  0.43271  0.43303 
 60.34500  0.40131  0.40143 
 60.44500  0.37053  0.37043 
 60.54500  0.34050  0.34026 
 60.64500  0.31137  0.31107 
 60.74500  0.28328  0.28305 
 60.84500  0.25643  0.25626 
 60.94500  0.23099  0.23087 
 61.04500  0.20702  0.20696 
 61.14500  0.18460  0.18458 
 61.24500  0.16375  0.16375 
 61.34500  0.14456  0.14451 
 61.44500  0.12695  0.12690 
 61.54500  0.11088  0.11082 
 61.64500  0.09631  0.09624 
 61.74500  0.08322  0.08311 
 61.84500  0.07149  0.07139 
 61.94500  0.06109  0.06099 
 62.04500  0.05191  0.05179 
 62.14500  0.04385  0.04376 
 62.24500  0.03684  0.03675 
 62.34500  0.03077  0.03069 
 62.44500  0.02558  0.02549 
 62.54500  0.02113  0.02103 
 62.64500  0.01735  0.01727 
 62.74500  0.01416  0.01408 
 62.84500  0.01151  0.01142 
 62.94500  0.00930  0.00920 
 63.04500  0.00748  0.00739 
 63.14500  0.00596  0.00588 
 63.24500  0.00474  0.00466 
 63.34500  0.00377  0.00367 
 63.44500  0.00295  0.00288 
 63.54500  0.00232  0.00224 
 63.64500  0.00182  0.00173 
 63.74500  0.00142  0.00135 
 63.84500  0.00112  0.00103 
 63.94500  0.00089  0.00080 
 64.04500  0.00071  0.00063 
 64.14500  0.00059  0.00050 
 64.24500  0.00052  0.00040 
 64.34500  0.00048  0.00038 
