  0.04500  0.99991  1.00000 
  0.14500  0.99991  1.00000 
  0.24500  0.99991  1.00000 
  0.34500  0.99991  1.00000 
  0.44500  0.99991  1.00000 
  0.54500  0.99991  1.00000 
  0.64500  0.99991  1.00000 
  0.74500  0.99991  1.00000 
  0.84500  0.99992  1.00000 
  0.94500  0.99991  1.00000 
  1.04500  0.99991  1.00000 
  1.14500  0.99991  1.00000 
  1.24500  0.99992  1.00000 
  1.34500  0.99991  1.00000 
  1.44500  0.99991  1.00000 
  1.54500  0.99991  1.00000 
  1.64500  0.99992  1.00000 
  1.74500  0.99991  1.00000 
  1.84500  0.99991  1.00000 
  1.94500  0.99992  1.00000 
  2.04500  0.99991  1.00000 
  2.14500  0.99992  1.00000 
  2.24500  0.99991  1.00000 
  2.34500  0.99992  1.00000 
  2.44500  0.99991  1.00000 
  2.54500  0.99991  1.00000 
  2.64500  0.99991  1.00000 
  2.74500  0.99991  1.00000 
  2.84500  0.99992  1.00000 
  2.94500  0.99991  1.00000 
  3.04500  0.99993  1.00000 
  3.14500  0.99995  1.00000 
  3.24500  0.99994  0.99996 
  3.34500  0.99986  0.99985 
  3.44500  0.99952  0.99955 
  3.54500  0.99862  0.99881 
  3.64500  0.99658  0.99695 
  3.74500  0.99236  0.99293 
  3.84500  0.98422  0.98474 
  3.94500  0.96953  0.96945 
  4.04500  0.94442  0.94321 
  4.14500  0.90411  0.90180 
  4.24500  0.84392  0.84173 
  4.34500  0.76098  0.76152 
  4.44500  0.65630  0.66305 
  4.54500  0.53807  0.55189 
  4.64500  0.45121  0.43648 
  4.74500  0.33214  0.32626 
  4.84500  0.22947  0.22946 
  4.94500  0.14885  0.15129 
  5.04500  0.09085  0.09320 
  5.14500  0.05233  0.05351 
  5.24500  0.02846  0.02858 
  5.34500  0.01458  0.01417 
  5.44500  0.00697  0.00652 
  5.54500  0.00304  0.00279 
  5.64500  0.00116  0.00108 
  5.74500  0.00032  0.00039 
  5.84500  0.00002  0.00014 
  5.94500 -0.00004  0.00003 
  6.04500 -0.00004  0.00000 
  6.14500 -0.00003  0.00000 
  6.24500 -0.00001  0.00000 
  6.34500 -0.00002  0.00000 
  6.44500 -0.00001  0.00000 
  6.54500 -0.00001  0.00000 
  6.64500 -0.00001  0.00000 
  6.74500 -0.00001  0.00000 
  6.84500 -0.00001  0.00000 
  6.94500 -0.00002  0.00000 
  7.04500 -0.00001  0.00000 
  7.14500 -0.00002  0.00000 
  7.24500 -0.00001  0.00000 
  7.34500 -0.00002  0.00000 
  7.44500 -0.00002  0.00000 
  7.54500 -0.00003  0.00000 
  7.64500 -0.00003  0.00000 
  7.74500 -0.00005  0.00000 
  7.84500  0.00000  0.00011 
  7.94500  0.00021  0.00030 
  8.04500  0.00087  0.00086 
  8.14500  0.00241  0.00219 
  8.24500  0.00569  0.00527 
  8.34500  0.01217  0.01168 
  8.44500  0.02413  0.02405 
  8.54500  0.04502  0.04589 
  8.64500  0.07932  0.08139 
  8.74500  0.13192  0.13450 
  8.84500  0.20662  0.20754 
  8.94500  0.30397  0.29994 
  9.04500  0.41970  0.40739 
  9.14500  0.51643  0.52238 
  9.24500  0.62666  0.63552 
  9.34500  0.73611  0.73789 
  9.44500  0.82490  0.82309 
  9.54500  0.89077  0.88830 
  9.64500  0.93574  0.93421 
  9.74500  0.96428  0.96394 
  9.84500  0.98125  0.98163 
  9.94500  0.99073  0.99134 
 10.04500  0.99574  0.99620 
 10.14500  0.99824  0.99844 
 10.24500  0.99935  0.99943 
 10.34500  0.99981  0.99980 
 10.44500  0.99994  0.99993 
 10.54500  0.99994  1.00000 
 10.64500  0.99993  1.00000 
 10.74500  0.99992  1.00000 
 10.84500  0.99992  1.00000 
 10.94500  0.99991  1.00000 
 11.04500  0.99991  1.00000 
 11.14500  0.99991  1.00000 
 11.24500  0.99991  1.00000 
 11.34500  0.99991  1.00000 
 11.44500  0.99991  1.00000 
 11.54500  0.99991  1.00000 
 11.64500  0.99991  1.00000 
 11.74500  0.99990  1.00000 
 11.84500  0.99991  1.00000 
 11.94500  0.99991  1.00000 
 12.04500  0.99991  1.00000 
 12.14500  0.99991  1.00000 
 12.24500  0.99992  1.00000 
 12.34500  0.99994  1.00000 
 12.44500  0.99994  1.00000 
 12.54500  0.99991  0.99990 
 12.64500  0.99971  0.99971 
 12.74500  0.99908  0.99920 
 12.84500  0.99761  0.99790 
 12.94500  0.99445  0.99496 
 13.04500  0.98819  0.98877 
 13.14500  0.97660  0.97683 
 13.24500  0.95633  0.95561 
 13.34500  0.92286  0.92096 
 13.44500  0.87136  0.86888 
 13.54500  0.79794  0.79694 
 13.64500  0.70176  0.70555 
 13.74500  0.58686  0.59873 
 13.84500  0.48819  0.48393 
 13.94500  0.37967  0.37044 
 14.04500  0.26926  0.26728 
 14.14500  0.17924  0.18105 
 14.24500  0.11215  0.11472 
 14.34500  0.06615  0.06784 
 14.44500  0.03684  0.03732 
 14.54500  0.01937  0.01910 
 14.64500  0.00954  0.00907 
 14.74500  0.00433  0.00397 
 14.84500  0.00175  0.00162 
 14.94500  0.00059  0.00062 
 15.04500  0.00010  0.00021 
 15.14500 -0.00001  0.00007 
 15.24500 -0.00005  0.00000 
 15.34500 -0.00003  0.00000 
 15.44500 -0.00002  0.00000 
 15.54500 -0.00003  0.00000 
 15.64500 -0.00002  0.00000 
 15.74500 -0.00001  0.00000 
 15.84500 -0.00001  0.00000 
 15.94500 -0.00001  0.00000 
 16.04500 -0.00001  0.00000 
 16.14500 -0.00002  0.00000 
 16.24500 -0.00001  0.00000 
 16.34500 -0.00001  0.00000 
 16.44500 -0.00001  0.00000 
 16.54500 -0.00001  0.00000 
 16.64500 -0.00003  0.00000 
 16.74500 -0.00002  0.00000 
 16.84500 -0.00002  0.00000 
 16.94500 -0.00005  0.00000 
 17.04500 -0.00003  0.00006 
 17.14500  0.00010  0.00019 
 17.24500  0.00052  0.00057 
 17.34500  0.00162  0.00149 
 17.44500  0.00405  0.00373 
 17.54500  0.00900  0.00852 
 17.64500  0.01834  0.01805 
 17.74500  0.03508  0.03548 
 17.84500  0.06324  0.06484 
 17.94500  0.10777  0.11032 
 18.04500  0.17305  0.17501 
 18.14500  0.26128  0.25973 
 18.24500  0.37027  0.36173 
 18.34500  0.48149  0.47470 
 18.44500  0.57711  0.58975 
 18.54500  0.69322  0.69750 
 18.64500  0.79109  0.79035 
 18.74500  0.86635  0.86390 
 18.84500  0.91948  0.91748 
 18.94500  0.95420  0.95339 
 19.04500  0.97537  0.97552 
 19.14500  0.98750  0.98809 
 19.24500  0.99409  0.99461 
 19.34500  0.99743  0.99775 
 19.44500  0.99900  0.99912 
 19.54500  0.99968  0.99968 
 19.64500  0.99990  0.99989 
 19.74500  0.99994  0.99999 
 19.84500  0.99994  1.00000 
 19.94500  0.99992  1.00000 
 20.04500  0.99991  1.00000 
 20.14500  0.99992  1.00000 
 20.24500  0.99991  1.00000 
 20.34500  0.99991  1.00000 
 20.44500  0.99991  1.00000 
 20.54500  0.99991  1.00000 
 20.64500  0.99991  1.00000 
 20.74500  0.99991  1.00000 
 20.84500  0.99991  1.00000 
 20.94500  0.99990  1.00000 
 21.04500  0.99991  1.00000 
 21.14500  0.99991  1.00000 
 21.24500  0.99991  1.00000 
 21.34500  0.99992  1.00000 
 21.44500  0.99992  1.00000 
 21.54500  0.99993  1.00000 
 21.64500  0.99994  1.00000 
 21.74500  0.99994  0.99994 
 21.84500  0.99981  0.99982 
 21.94500  0.99942  0.99947 
 22.04500  0.99836  0.99858 
 22.14500  0.99602  0.99645 
 22.24500  0.99127  0.99184 
 22.34500  0.98221  0.98264 
 22.44500  0.96600  0.96573 
 22.54500  0.93855  0.93711 
 22.64500  0.89506  0.89263 
 22.74500  0.83099  0.82903 
 22.84500  0.74400  0.74536 
 22.94500  0.63599  0.64418 
 23.04500  0.52348  0.53158 
 23.14500  0.42932  0.41638 
 23.24500  0.31260  0.30801 
 23.34500  0.21356  0.21423 
 23.44500  0.13703  0.13958 
 23.54500  0.08278  0.08494 
 23.64500  0.04720  0.04817 
 23.74500  0.02542  0.02541 
 23.84500  0.01287  0.01243 
 23.94500  0.00607  0.00563 
 24.04500  0.00259  0.00236 
 24.14500  0.00095  0.00091 
 24.24500  0.00024  0.00033 
 24.34500  0.00000  0.00012 
 24.44500 -0.00005  0.00001 
 24.54500 -0.00004  0.00000 
 24.64500 -0.00003  0.00000 
 24.74500 -0.00002  0.00000 
 24.84500 -0.00002  0.00000 
 24.94500 -0.00001  0.00000 
 25.04500 -0.00002  0.00000 
 25.14500 -0.00001  0.00000 
 25.24500 -0.00002  0.00000 
 25.34500 -0.00001  0.00000 
 25.44500 -0.00001  0.00000 
 25.54500 -0.00000  0.00000 
 25.64500 -0.00002  0.00000 
 25.74500 -0.00002  0.00000 
 25.84500 -0.00002  0.00000 
 25.94500 -0.00002  0.00000 
 26.04500 -0.00003  0.00000 
 26.14500 -0.00005  0.00000 
 26.24500 -0.00005  0.00002 
 26.34500  0.00002  0.00013 
 26.44500  0.00028  0.00037 
 26.54500  0.00107  0.00100 
 26.64500  0.00283  0.00258 
 26.74500  0.00655  0.00610 
 26.84500  0.01380  0.01335 
 26.94500  0.02704  0.02711 
 27.04500  0.04996  0.05104 
 27.14500  0.08714  0.08940 
 27.24500  0.14344  0.14591 
 27.34500  0.22219  0.22251 
 27.44500  0.32324  0.31797 
 27.54500  0.44128  0.42739 
 27.64500  0.53165  0.54274 
 27.74500  0.64718  0.65455 
 27.84500  0.75340  0.75428 
 27.94500  0.83816  0.83605 
 28.04500  0.90010  0.89775 
 28.14500  0.94182  0.94051 
 28.24500  0.96796  0.96780 
 28.34500  0.98337  0.98383 
 28.44500  0.99188  0.99246 
 28.54500  0.99634  0.99675 
 28.64500  0.99850  0.99869 
 28.74500  0.99947  0.99952 
 28.84500  0.99983  0.99984 
 28.94500  0.99994  0.99995 
 29.04500  0.99994  1.00000 
 29.14500  0.99993  1.00000 
 29.24500  0.99992  1.00000 
 29.34500  0.99992  1.00000 
 29.44500  0.99991  1.00000 
 29.54500  0.99992  1.00000 
 29.64500  0.99990  1.00000 
 29.74500  0.99990  1.00000 
 29.84500  0.99991  1.00000 
 29.94500  0.99991  1.00000 
 30.04500  0.99991  1.00000 
 30.14500  0.99991  1.00000 
 30.24500  0.99991  1.00000 
 30.34500  0.99991  1.00000 
 30.44500  0.99991  1.00000 
 30.54500  0.99992  1.00000 
 30.64500  0.99991  1.00000 
 30.74500  0.99992  1.00000 
 30.84500  0.99994  1.00000 
 30.94500  0.99994  0.99998 
 31.04500  0.99988  0.99988 
 31.14500  0.99965  0.99966 
 31.24500  0.99890  0.99903 
 31.34500  0.99720  0.99753 
 31.44500  0.99362  0.99417 
 31.54500  0.98662  0.98717 
 31.64500  0.97376  0.97387 
 31.74500  0.95151  0.95060 
 31.84500  0.91524  0.91313 
 31.94500  0.86008  0.85767 
 32.04500  0.78258  0.78217 
 32.14500  0.68268  0.68764 
 32.24500  0.56536  0.57881 
 32.34500  0.47308  0.46354 
 32.44500  0.35903  0.35128 
 32.54500  0.25178  0.25073 
 32.64500  0.16575  0.16787 
 32.74500  0.10261  0.10510 
 32.84500  0.05990  0.06138 
 32.94500  0.03304  0.03335 
 33.04500  0.01717  0.01683 
 33.14500  0.00837  0.00788 
 33.24500  0.00374  0.00342 
 33.34500  0.00148  0.00136 
 33.44500  0.00046  0.00051 
 33.54500  0.00007  0.00017 
 33.64500 -0.00004  0.00005 
 33.74500 -0.00005  0.00000 
 33.84500 -0.00003  0.00000 
 33.94500 -0.00002  0.00000 
 34.04500 -0.00003  0.00000 
 34.14500 -0.00001  0.00000 
 34.24500 -0.00001  0.00000 
 34.34500 -0.00001  0.00000 
 34.44500 -0.00001  0.00000 
 34.54500 -0.00002  0.00000 
 34.64500 -0.00001  0.00000 
 34.74500 -0.00002  0.00000 
 34.84500 -0.00001  0.00000 
 34.94500 -0.00001  0.00000 
 35.04500 -0.00002  0.00000 
 35.14500 -0.00003  0.00000 
 35.24500 -0.00002  0.00000 
 35.34500 -0.00004  0.00000 
 35.44500 -0.00005  0.00000 
 35.54500 -0.00003  0.00008 
 35.64500  0.00013  0.00024 
 35.74500  0.00066  0.00068 
 35.84500  0.00193  0.00178 
 35.94500  0.00470  0.00432 
 36.04500  0.01024  0.00976 
 36.14500  0.02064  0.02044 
 36.24500  0.03907  0.03968 
 36.34500  0.06977  0.07159 
 36.44500  0.11765  0.12026 
 36.54500  0.18694  0.18852 
 36.64500  0.27914  0.27661 
 36.74500  0.39121  0.38109 
 36.84500  0.49633  0.49511 
 36.94500  0.59860  0.60954 
 37.04500  0.71198  0.71513 
 37.14500  0.80603  0.80477 
 37.24500  0.87726  0.87476 
 37.34500  0.92680  0.92500 
 37.44500  0.95878  0.95819 
 37.54500  0.97804  0.97832 
 37.64500  0.98900  0.98958 
 37.74500  0.99486  0.99536 
 37.84500  0.99780  0.99809 
 37.94500  0.99916  0.99928 
 38.04500  0.99974  0.99974 
 38.14500  0.99991  0.99991 
 38.24500  0.99995  1.00000 
 38.34500  0.99994  1.00000 
 38.44500  0.99992  1.00000 
 38.54500  0.99992  1.00000 
 38.64500  0.99991  1.00000 
 38.74500  0.99991  1.00000 
 38.84500  0.99991  1.00000 
 38.94500  0.99990  1.00000 
 39.04500  0.99990  1.00000 
 39.14500  0.99991  1.00000 
 39.24500  0.99991  1.00000 
 39.34500  0.99991  1.00000 
 39.44500  0.99991  1.00000 
 39.54500  0.99991  1.00000 
 39.64500  0.99991  1.00000 
 39.74500  0.99991  1.00000 
 39.84500  0.99992  1.00000 
 39.94500  0.99992  1.00000 
 40.04500  0.99993  1.00000 
 40.14500  0.99995  1.00000 
 40.24500  0.99993  0.99992 
 40.34500  0.99977  0.99979 
 40.44500  0.99929  0.99936 
 40.54500  0.99807  0.99829 
 40.64500  0.99540  0.99587 
 40.74500  0.99005  0.99065 
 40.84500  0.97997  0.98032 
 40.94500  0.96208  0.96166 
 41.04500  0.93220  0.93055 
 41.14500  0.88535  0.88287 
 41.24500  0.81732  0.81572 
 41.34500  0.72632  0.72865 
 41.44500  0.61520  0.62491 
 41.54500  0.50824  0.51119 
 41.64500  0.40790  0.39655 
 41.74500  0.29363  0.29024 
 41.84500  0.19839  0.19960 
 41.94500  0.12592  0.12853 
 42.04500  0.07529  0.07727 
 42.14500  0.04251  0.04325 
 42.24500  0.02264  0.02251 
 42.34500  0.01135  0.01088 
 42.44500  0.00526  0.00485 
 42.54500  0.00220  0.00201 
 42.64500  0.00078  0.00079 
 42.74500  0.00018  0.00027 
 42.84500 -0.00002  0.00009 
 42.94500 -0.00006  0.00000 
 43.04500 -0.00004  0.00000 
 43.14500 -0.00002  0.00000 
 43.24500 -0.00002  0.00000 
 43.34500 -0.00002  0.00000 
 43.44500 -0.00002  0.00000 
 43.54500 -0.00002  0.00000 
 43.64500 -0.00001  0.00000 
 43.74500 -0.00001  0.00000 
 43.84500 -0.00001  0.00000 
 43.94500 -0.00002  0.00000 
 44.04500 -0.00002  0.00000 
 44.14500 -0.00001  0.00000 
 44.24500 -0.00002  0.00000 
 44.34500 -0.00003  0.00000 
 44.44500 -0.00002  0.00000 
 44.54500 -0.00002  0.00000 
 44.64500 -0.00004  0.00000 
 44.74500 -0.00005  0.00004 
 44.84500  0.00003  0.00015 
 44.94500  0.00037  0.00044 
 45.04500  0.00127  0.00119 
 45.14500  0.00331  0.00304 
 45.24500  0.00753  0.00705 
 45.34500  0.01562  0.01522 
 45.44500  0.03026  0.03046 
 45.54500  0.05532  0.05664 
 45.64500  0.09555  0.09796 
 45.74500  0.15563  0.15794 
 45.84500  0.23847  0.23806 
 45.94500  0.34304  0.33644 
 46.04500  0.46135  0.44754 
 46.14500  0.54809  0.56299 
 46.24500  0.66722  0.67324 
 46.34500  0.77002  0.77013 
 46.44500  0.85072  0.84840 
 46.54500  0.90881  0.90659 
 46.64500  0.94743  0.94635 
 46.74500  0.97134  0.97133 
 46.84500  0.98525  0.98577 
 46.94500  0.99289  0.99345 
 47.04500  0.99684  0.99720 
 47.14500  0.99873  0.99892 
 47.24500  0.99956  0.99960 
 47.34500  0.99987  0.99986 
 47.44500  0.99994  0.99997 
 47.54500  0.99995  1.00000 
 47.64500  0.99993  1.00000 
 47.74500  0.99991  1.00000 
 47.84500  0.99992  1.00000 
 47.94500  0.99991  1.00000 
 48.04500  0.99991  1.00000 
 48.14500  0.99990  1.00000 
 48.24500  0.99991  1.00000 
 48.34500  0.99991  1.00000 
 48.44500  0.99991  1.00000 
 48.54500  0.99991  1.00000 
 48.64500  0.99991  1.00000 
 48.74500  0.99991  1.00000 
 48.84500  0.99991  1.00000 
 48.94500  0.99991  1.00000 
 49.04500  0.99992  1.00000 
 49.14500  0.99991  1.00000 
 49.24500  0.99992  1.00000 
 49.34500  0.99994  1.00000 
 49.44500  0.99995  0.99997 
 49.54500  0.99986  0.99986 
 49.64500  0.99954  0.99959 
 49.74500  0.99870  0.99886 
 49.84500  0.99674  0.99712 
 49.94500  0.99268  0.99326 
 50.04500  0.98487  0.98538 
 50.14500  0.97067  0.97060 
 50.24500  0.94626  0.94513 
 50.34500  0.90700  0.90475 
 50.44500  0.84812  0.84584 
 50.54500  0.76653  0.76680 
 50.64500  0.66303  0.66930 
 50.74500  0.54384  0.55869 
 50.84500  0.45777  0.44326 
 50.94500  0.33877  0.33248 
 51.04500  0.23495  0.23469 
 51.14500  0.15298  0.15534 
 51.24500  0.09371  0.09611 
 51.34500  0.05415  0.05541 
 51.44500  0.02956  0.02973 
 51.54500  0.01521  0.01480 
 51.64500  0.00730  0.00684 
 51.74500  0.00321  0.00293 
 51.84500  0.00123  0.00117 
 51.94500  0.00035  0.00042 
 52.04500  0.00004  0.00014 
 52.14500 -0.00005  0.00004 
 52.24500 -0.00005  0.00000 
 52.34500 -0.00003  0.00000 
 52.44500 -0.00001  0.00000 
 52.54500 -0.00003  0.00000 
 52.64500 -0.00002  0.00000 
 52.74500 -0.00002  0.00000 
 52.84500 -0.00001  0.00000 
 52.94500 -0.00001  0.00000 
 53.04500 -0.00001  0.00000 
 53.14500 -0.00001  0.00000 
 53.24500 -0.00001  0.00000 
 53.34500 -0.00001  0.00000 
 53.44500 -0.00001  0.00000 
 53.54500 -0.00002  0.00000 
 53.64500 -0.00002  0.00000 
 53.74500 -0.00002  0.00000 
 53.84500 -0.00005  0.00000 
 53.94500 -0.00004  0.00000 
 54.04500 -0.00001  0.00010 
 54.14500  0.00020  0.00029 
 54.24500  0.00082  0.00080 
 54.34500  0.00227  0.00208 
 54.44500  0.00544  0.00501 
 54.54500  0.01166  0.01119 
 54.64500  0.02321  0.02310 
 54.74500  0.04343  0.04428 
 54.84500  0.07683  0.07884 
 54.94500  0.12825  0.13082 
 55.04500  0.20156  0.20269 
 55.14500  0.29762  0.29400 
 55.24500  0.41244  0.40075 
 55.34500  0.51126  0.51554 
 55.44500  0.61966  0.62904 
 55.54500  0.73014  0.73226 
 55.64500  0.82028  0.81858 
 55.74500  0.88747  0.88501 
 55.84500  0.93358  0.93197 
 55.94500  0.96296  0.96257 
 56.04500  0.98047  0.98085 
 56.14500  0.99033  0.99091 
 56.24500  0.99555  0.99601 
 56.34500  0.99814  0.99837 
 56.44500  0.99930  0.99938 
 56.54500  0.99979  0.99979 
 56.64500  0.99992  0.99993 
 56.74500  0.99995  1.00000 
 56.84500  0.99993  1.00000 
 56.94500  0.99992  1.00000 
 57.04500  0.99992  1.00000 
 57.14500  0.99991  1.00000 
 57.24500  0.99990  1.00000 
 57.34500  0.99990  1.00000 
 57.44500  0.99991  1.00000 
 57.54500  0.99991  1.00000 
 57.64500  0.99991  1.00000 
 57.74500  0.99991  1.00000 
 57.84500  0.99991  1.00000 
 57.94500  0.99991  1.00000 
 58.04500  0.99991  1.00000 
 58.14500  0.99990  1.00000 
 58.24500  0.99992  1.00000 
 58.34500  0.99991  1.00000 
 58.44500  0.99992  1.00000 
 58.54500  0.99993  1.00000 
 58.64500  0.99995  1.00000 
 58.74500  0.99991  0.99991 
 58.84500  0.99973  0.99973 
 58.94500  0.99915  0.99925 
 59.04500  0.99772  0.99802 
 59.14500  0.99472  0.99518 
 59.24500  0.98869  0.98927 
 59.34500  0.97751  0.97774 
 59.44500  0.95782  0.95720 
 59.54500  0.92530  0.92344 
 59.64500  0.87499  0.87250 
 59.74500  0.80294  0.80176 
 59.84500  0.70805  0.71144 
 59.94500  0.59405  0.60535 
 60.04500  0.49301  0.49077 
 60.14500  0.38672  0.37695 
 60.24500  0.27529  0.27295 
 60.34500  0.18392  0.18561 
 60.44500  0.11552  0.11809 
 60.54500  0.06833  0.07012 
 60.64500  0.03819  0.03875 
 60.74500  0.02015  0.01991 
 60.84500  0.00998  0.00949 
 60.94500  0.00455  0.00419 
 61.04500  0.00186  0.00171 
 61.14500  0.00063  0.00065 
 61.24500  0.00013  0.00023 
 61.34500 -0.00003  0.00008 
 61.44500 -0.00005  0.00000 
 61.54500 -0.00003  0.00000 
 61.64500 -0.00002  0.00000 
 61.74500 -0.00002  0.00000 
 61.84500 -0.00002  0.00000 
 61.94500 -0.00001  0.00000 
 62.04500 -0.00001  0.00000 
 62.14500 -0.00000  0.00000 
 62.24500 -0.00001  0.00000 
 62.34500 -0.00001  0.00000 
 62.44500 -0.00001  0.00000 
 62.54500 -0.00001  0.00000 
 62.64500 -0.00002  0.00000 
 62.74500 -0.00001  0.00000 
 62.84500  0.00000  0.00000 
 62.94500 -0.00001  0.00000 
 63.04500 -0.00001  0.00000 
 63.14500 -0.00001  0.00000 
 63.24500 -0.00001  0.00000 
 63.34500 -0.00001  0.00000 
 63.44500 -0.00001  0.00000 
 63.54500 -0.00001  0.00000 
 63.64500 -0.00001  0.00000 
 63.74500 -0.00001  0.00000 
 63.84500 -0.00001  0.00000 
 63.94500 -0.00001  0.00000 
 64.04500 -0.00001  0.00000 
 64.14500 -0.00001  0.00000 
 64.24500 -0.00001  0.00000 
 64.34500 -0.00001  0.00000 
