  0.04500  1.00000  1.00000 
  0.14500  1.00000  1.00000 
  0.24500  1.00000  1.00000 
  0.34500  1.00000  1.00000 
  0.44500  1.00000  1.00000 
  0.54500  1.00000  1.00000 
  0.64500  1.00000  1.00000 
  0.74500  1.00000  1.00000 
  0.84500  1.00000  1.00000 
  0.94500  1.00000  1.00000 
  1.04500  1.00000  1.00000 
  1.14500  1.00000  1.00000 
  1.24500  1.00000  1.00000 
  1.34500  1.00000  1.00000 
  1.44500  1.00000  1.00000 
  1.54500  1.00000  1.00000 
  1.64500  1.00001  1.00000 
  1.74500  1.00000  1.00000 
  1.84500  1.00000  1.00000 
  1.94500  0.99999  1.00000 
  2.04500  1.00000  1.00000 
  2.14500  1.00000  1.00000 
  2.24500  1.00000  1.00000 
  2.34500  1.00001  1.00000 
  2.44500  1.00000  1.00000 
  2.54500  1.00000  1.00000 
  2.64500  1.00000  1.00000 
  2.74500  0.99999  1.00000 
  2.84500  0.99999  1.00000 
  2.94500  0.99997  1.00000 
  3.04500  0.99996  1.00000 
  3.14500  0.99995  1.00000 
  3.24500  0.99997  1.00000 
  3.34500  1.00001  0.99994 
  3.44500  0.99992  0.99979 
  3.54500  0.99955  0.99935 
  3.64500  0.99836  0.99819 
  3.74500  0.99535  0.99533 
  3.84500  0.98874  0.98902 
  3.94500  0.97573  0.97634 
  4.04500  0.95231  0.95315 
  4.14500  0.91371  0.91445 
  4.24500  0.85537  0.85566 
  4.34500  0.77476  0.77439 
  4.44500  0.67311  0.67213 
  4.54500  0.55625  0.55496 
  4.64500  0.43131  0.43273 
  4.74500  0.31574  0.31668 
  4.84500  0.21606  0.21632 
  4.94500  0.13771  0.13735 
  5.04500  0.08155  0.08080 
  5.14500  0.04470  0.04386 
  5.24500  0.02254  0.02195 
  5.34500  0.01035  0.01010 
  5.44500  0.00422  0.00427 
  5.54500  0.00146  0.00164 
  5.64500  0.00040  0.00058 
  5.74500  0.00006  0.00019 
  5.84500 -0.00001  0.00005 
  5.94500  0.00004  0.00000 
  6.04500  0.00005  0.00000 
  6.14500  0.00004  0.00000 
  6.24500  0.00003  0.00000 
  6.34500  0.00002  0.00000 
  6.44500  0.00001  0.00000 
  6.54500 -0.00001  0.00000 
  6.64500  0.00000  0.00000 
  6.74500 -0.00000  0.00000 
  6.84500 -0.00001  0.00000 
  6.94500 -0.00001  0.00000 
  7.04500  0.00000  0.00000 
  7.14500 -0.00001  0.00000 
  7.24500  0.00001  0.00000 
  7.34500  0.00001  0.00000 
  7.44500  0.00002  0.00000 
  7.54500  0.00003  0.00000 
  7.64500  0.00006  0.00000 
  7.74500  0.00003  0.00000 
  7.84500  0.00001  0.00003 
  7.94500  0.00004  0.00014 
  8.04500  0.00026  0.00045 
  8.14500  0.00108  0.00128 
  8.24500  0.00328  0.00336 
  8.34500  0.00833  0.00815 
  8.44500  0.01865  0.01813 
  8.54500  0.03782  0.03703 
  8.64500  0.07044  0.06962 
  8.74500  0.12129  0.12080 
  8.84500  0.19385  0.19397 
  8.94500  0.28842  0.28919 
  9.04500  0.40071  0.40201 
  9.14500  0.52427  0.52369 
  9.24500  0.64433  0.64322 
  9.34500  0.75059  0.75006 
  9.44500  0.83688  0.83703 
  9.54500  0.90081  0.90146 
  9.64500  0.94407  0.94491 
  9.74500  0.97092  0.97161 
  9.84500  0.98617  0.98655 
  9.94500  0.99409  0.99412 
 10.04500  0.99780  0.99763 
 10.14500  0.99934  0.99913 
 10.24500  0.99985  0.99970 
 10.34500  0.99999  0.99991 
 10.44500  0.99998  1.00000 
 10.54500  0.99995  1.00000 
 10.64500  0.99996  1.00000 
 10.74500  0.99997  1.00000 
 10.84500  0.99998  1.00000 
 10.94500  1.00000  1.00000 
 11.04500  1.00000  1.00000 
 11.14500  1.00001  1.00000 
 11.24500  1.00000  1.00000 
 11.34500  1.00001  1.00000 
 11.44500  1.00001  1.00000 
 11.54500  1.00001  1.00000 
 11.64500  1.00001  1.00000 
 11.74500  1.00000  1.00000 
 11.84500  1.00000  1.00000 
 11.94500  1.00000  1.00000 
 12.04500  0.99999  1.00000 
 12.14500  0.99998  1.00000 
 12.24500  0.99997  1.00000 
 12.34500  0.99995  1.00000 
 12.44500  0.99996  1.00000 
 12.54500  0.99999  0.99998 
 12.64500  0.99998  0.99987 
 12.74500  0.99976  0.99958 
 12.84500  0.99900  0.99879 
 12.94500  0.99689  0.99679 
 13.04500  0.99205  0.99221 
 13.14500  0.98210  0.98259 
 13.24500  0.96352  0.96429 
 13.34500  0.93175  0.93258 
 13.44500  0.88202  0.88253 
 13.54500  0.81068  0.81060 
 13.64500  0.71724  0.71650 
 13.74500  0.60573  0.60445 
 13.84500  0.48255  0.48297 
 13.94500  0.36190  0.36304 
 14.04500  0.25474  0.25527 
 14.14500  0.16724  0.16715 
 14.24500  0.10211  0.10147 
 14.34500  0.05782  0.05695 
 14.44500  0.03021  0.02948 
 14.54500  0.01444  0.01404 
 14.64500  0.00622  0.00614 
 14.74500  0.00231  0.00247 
 14.84500  0.00070  0.00090 
 14.94500  0.00016  0.00030 
 15.04500  0.00001  0.00011 
 15.14500  0.00002  0.00000 
 15.24500  0.00004  0.00000 
 15.34500  0.00005  0.00000 
 15.44500  0.00004  0.00000 
 15.54500  0.00002  0.00000 
 15.64500  0.00001  0.00000 
 15.74500 -0.00000  0.00000 
 15.84500 -0.00000  0.00000 
 15.94500  0.00000  0.00000 
 16.04500 -0.00001  0.00000 
 16.14500 -0.00001  0.00000 
 16.24500 -0.00000  0.00000 
 16.34500  0.00000  0.00000 
 16.44500  0.00000  0.00000 
 16.54500  0.00000  0.00000 
 16.64500  0.00002  0.00000 
 16.74500  0.00003  0.00000 
 16.84500  0.00005  0.00000 
 16.94500  0.00004  0.00000 
 17.04500  0.00002  0.00000 
 17.14500  0.00001  0.00009 
 17.24500  0.00012  0.00029 
 17.34500  0.00064  0.00083 
 17.44500  0.00213  0.00229 
 17.54500  0.00578  0.00573 
 17.64500  0.01356  0.01318 
 17.74500  0.02859  0.02788 
 17.84500  0.05506  0.05422 
 17.94500  0.09788  0.09721 
 18.04500  0.16122  0.16106 
 18.14500  0.24698  0.24748 
 18.24500  0.35279  0.35390 
 18.34500  0.47256  0.47321 
 18.44500  0.59632  0.59499 
 18.54500  0.70894  0.70816 
 18.64500  0.80401  0.80387 
 18.74500  0.87715  0.87763 
 18.84500  0.92851  0.92934 
 18.94500  0.96154  0.96233 
 19.04500  0.98099  0.98152 
 19.14500  0.99149  0.99165 
 19.24500  0.99664  0.99656 
 19.34500  0.99890  0.99868 
 19.44500  0.99972  0.99954 
 19.54500  0.99997  0.99986 
 19.64500  0.99999  0.99997 
 19.74500  0.99997  1.00000 
 19.84500  0.99996  1.00000 
 19.94500  0.99997  1.00000 
 20.04500  0.99998  1.00000 
 20.14500  0.99999  1.00000 
 20.24500  1.00000  1.00000 
 20.34500  1.00001  1.00000 
 20.44500  1.00000  1.00000 
 20.54500  1.00001  1.00000 
 20.64500  1.00001  1.00000 
 20.74500  1.00001  1.00000 
 20.84500  1.00001  1.00000 
 20.94500  1.00001  1.00000 
 21.04500  1.00000  1.00000 
 21.14500  1.00000  1.00000 
 21.24500  1.00000  1.00000 
 21.34500  0.99998  1.00000 
 21.44500  0.99997  1.00000 
 21.54500  0.99996  1.00000 
 21.64500  0.99995  1.00000 
 21.74500  0.99998  1.00000 
 21.84500  0.99999  0.99992 
 21.94500  0.99988  0.99974 
 22.04500  0.99941  0.99921 
 22.14500  0.99799  0.99784 
 22.24500  0.99451  0.99454 
 22.34500  0.98702  0.98736 
 22.44500  0.97250  0.97318 
 22.54500  0.94675  0.94761 
 22.64500  0.90496  0.90565 
 22.74500  0.84280  0.84298 
 22.84500  0.75825  0.75778 
 22.94500  0.65341  0.65232 
 23.04500  0.53423  0.53344 
 23.14500  0.41018  0.41152 
 23.24500  0.29681  0.29762 
 23.34500  0.20062  0.20077 
 23.44500  0.12625  0.12581 
 23.54500  0.07377  0.07296 
 23.64500  0.03986  0.03907 
 23.74500  0.01980  0.01925 
 23.84500  0.00892  0.00874 
 23.94500  0.00356  0.00363 
 24.04500  0.00119  0.00138 
 24.14500  0.00030  0.00048 
 24.24500  0.00004  0.00015 
 24.34500  0.00001  0.00004 
 24.44500  0.00003  0.00000 
 24.54500  0.00006  0.00000 
 24.64500  0.00004  0.00000 
 24.74500  0.00003  0.00000 
 24.84500  0.00001  0.00000 
 24.94500  0.00001  0.00000 
 25.04500  0.00000  0.00000 
 25.14500  0.00000  0.00000 
 25.24500  0.00000  0.00000 
 25.34500 -0.00001  0.00000 
 25.44500  0.00000  0.00000 
 25.54500  0.00000  0.00000 
 25.64500  0.00000  0.00000 
 25.74500  0.00001  0.00000 
 25.84500  0.00002  0.00000 
 25.94500  0.00002  0.00000 
 26.04500  0.00005  0.00000 
 26.14500  0.00005  0.00000 
 26.24500  0.00003  0.00000 
 26.34500  0.00001  0.00005 
 26.44500  0.00005  0.00017 
 26.54500  0.00035  0.00052 
 26.64500  0.00134  0.00152 
 26.74500  0.00391  0.00396 
 26.84500  0.00968  0.00945 
 26.94500  0.02128  0.02071 
 27.04500  0.04247  0.04164 
 27.14500  0.07796  0.07717 
 27.24500  0.13245  0.13205 
 27.34500  0.20899  0.20922 
 27.44500  0.30713  0.30800 
 27.54500  0.42174  0.42312 
 27.64500  0.54632  0.54525 
 27.74500  0.66426  0.66324 
 27.84500  0.76738  0.76698 
 27.94500  0.84979  0.85004 
 28.04500  0.90984  0.91057 
 28.14500  0.94986  0.95072 
 28.24500  0.97432  0.97496 
 28.34500  0.98800  0.98830 
 28.44500  0.99498  0.99498 
 28.54500  0.99820  0.99804 
 28.64500  0.99949  0.99929 
 28.74500  0.99990  0.99977 
 28.84500  1.00000  0.99993 
 28.94500  0.99999  1.00000 
 29.04500  0.99996  1.00000 
 29.14500  0.99996  1.00000 
 29.24500  0.99998  1.00000 
 29.34500  0.99999  1.00000 
 29.44500  1.00000  1.00000 
 29.54500  1.00000  1.00000 
 29.64500  1.00000  1.00000 
 29.74500  1.00001  1.00000 
 29.84500  1.00001  1.00000 
 29.94500  1.00001  1.00000 
 30.04500  1.00001  1.00000 
 30.14500  1.00001  1.00000 
 30.24500  1.00000  1.00000 
 30.34500  1.00001  1.00000 
 30.44500  1.00000  1.00000 
 30.54500  0.99999  1.00000 
 30.64500  0.99998  1.00000 
 30.74500  0.99997  1.00000 
 30.84500  0.99996  1.00000 
 30.94500  0.99997  1.00000 
 31.04500  0.99999  0.99996 
 31.14500  0.99996  0.99984 
 31.24500  0.99968  0.99949 
 31.34500  0.99875  0.99854 
 31.44500  0.99630  0.99623 
 31.54500  0.99076  0.99096 
 31.64500  0.97958  0.98013 
 31.74500  0.95903  0.95983 
 31.84500  0.92443  0.92522 
 31.94500  0.87107  0.87149 
 32.04500  0.79575  0.79556 
 32.14500  0.69871  0.69785 
 32.24500  0.58478  0.58343 
 32.34500  0.46046  0.46139 
 32.44500  0.34185  0.34290 
 32.54500  0.23774  0.23818 
 32.64500  0.15414  0.15390 
 32.74500  0.09289  0.09220 
 32.84500  0.05188  0.05102 
 32.94500  0.02671  0.02602 
 33.04500  0.01254  0.01222 
 33.14500  0.00529  0.00527 
 33.24500  0.00193  0.00208 
 33.34500  0.00056  0.00075 
 33.44500  0.00012  0.00026 
 33.54500  0.00002  0.00008 
 33.64500  0.00003  0.00000 
 33.74500  0.00005  0.00000 
 33.84500  0.00005  0.00000 
 33.94500  0.00003  0.00000 
 34.04500  0.00002  0.00000 
 34.14500  0.00001  0.00000 
 34.24500  0.00001  0.00000 
 34.34500  0.00000  0.00000 
 34.44500  0.00000  0.00000 
 34.54500 -0.00000  0.00000 
 34.64500 -0.00000  0.00000 
 34.74500  0.00000  0.00000 
 34.84500 -0.00000  0.00000 
 34.94500  0.00001  0.00000 
 35.04500  0.00002  0.00000 
 35.14500  0.00003  0.00000 
 35.24500  0.00004  0.00000 
 35.34500  0.00006  0.00000 
 35.44500  0.00004  0.00000 
 35.54500  0.00002  0.00001 
 35.64500  0.00002  0.00012 
 35.74500  0.00019  0.00033 
 35.84500  0.00080  0.00099 
 35.94500  0.00258  0.00271 
 36.04500  0.00677  0.00669 
 36.14500  0.01558  0.01515 
 36.24500  0.03229  0.03154 
 36.34500  0.06129  0.06044 
 36.44500  0.10745  0.10686 
 36.54500  0.17474  0.17468 
 36.64500  0.26432  0.26494 
 36.74500  0.37307  0.37426 
 36.84500  0.49470  0.49482 
 36.94500  0.61710  0.61585 
 37.04500  0.72717  0.72649 
 37.14500  0.81856  0.81856 
 37.24500  0.88772  0.88829 
 37.34500  0.93554  0.93637 
 37.44500  0.96581  0.96658 
 37.54500  0.98338  0.98383 
 37.64500  0.99271  0.99284 
 37.74500  0.99719  0.99707 
 37.84500  0.99911  0.99890 
 37.94500  0.99981  0.99963 
 38.04500  0.99999  0.99988 
 38.14500  0.99999  0.99999 
 38.24500  0.99997  1.00000 
 38.34500  0.99996  1.00000 
 38.44500  0.99997  1.00000 
 38.54500  0.99999  1.00000 
 38.64500  1.00000  1.00000 
 38.74500  1.00000  1.00000 
 38.84500  1.00001  1.00000 
 38.94500  1.00001  1.00000 
 39.04500  1.00001  1.00000 
 39.14500  1.00001  1.00000 
 39.24500  1.00001  1.00000 
 39.34500  1.00001  1.00000 
 39.44500  1.00001  1.00000 
 39.54500  1.00001  1.00000 
 39.64500  1.00000  1.00000 
 39.74500  1.00000  1.00000 
 39.84500  0.99999  1.00000 
 39.94500  0.99998  1.00000 
 40.04500  0.99997  1.00000 
 40.14500  0.99997  1.00000 
 40.24500  0.99999  1.00000 
 40.34500  0.99998  0.99989 
 40.44500  0.99984  0.99967 
 40.54500  0.99927  0.99904 
 40.64500  0.99757  0.99743 
 40.74500  0.99356  0.99362 
 40.84500  0.98507  0.98548 
 40.94500  0.96890  0.96964 
 41.04500  0.94070  0.94153 
 41.14500  0.89558  0.89621 
 41.24500  0.82952  0.82958 
 41.34500  0.74110  0.74052 
 41.44500  0.63325  0.63206 
 41.54500  0.51215  0.51186 
 41.64500  0.38928  0.39056 
 41.74500  0.27840  0.27910 
 41.84500  0.18587  0.18591 
 41.94500  0.11547  0.11492 
 42.04500  0.06658  0.06574 
 42.14500  0.03548  0.03469 
 42.24500  0.01733  0.01686 
 42.34500  0.00767  0.00751 
 42.44500  0.00298  0.00307 
 42.54500  0.00095  0.00118 
 42.64500  0.00023  0.00040 
 42.74500  0.00004  0.00013 
 42.84500  0.00002  0.00002 
 42.94500  0.00004  0.00000 
 43.04500  0.00006  0.00000 
 43.14500  0.00004  0.00000 
 43.24500  0.00003  0.00000 
 43.34500  0.00001  0.00000 
 43.44500  0.00001  0.00000 
 43.54500  0.00000  0.00000 
 43.64500  0.00001  0.00000 
 43.74500 -0.00000  0.00000 
 43.84500 -0.00000  0.00000 
 43.94500  0.00000  0.00000 
 44.04500  0.00001  0.00000 
 44.14500 -0.00000  0.00000 
 44.24500  0.00001  0.00000 
 44.34500  0.00002  0.00000 
 44.44500  0.00003  0.00000 
 44.54500  0.00005  0.00000 
 44.64500  0.00006  0.00000 
 44.74500  0.00004  0.00000 
 44.84500  0.00000  0.00006 
 44.94500  0.00009  0.00021 
 45.04500  0.00046  0.00065 
 45.14500  0.00164  0.00181 
 45.24500  0.00464  0.00465 
 45.34500  0.01121  0.01091 
 45.44500  0.02419  0.02356 
 45.54500  0.04754  0.04670 
 45.64500  0.08608  0.08533 
 45.74500  0.14430  0.14401 
 45.84500  0.22481  0.22515 
 45.94500  0.32636  0.32736 
 46.04500  0.44315  0.44445 
 46.14500  0.56811  0.56669 
 46.24500  0.68374  0.68281 
 46.34500  0.78353  0.78325 
 46.44500  0.86196  0.86231 
 46.54500  0.91825  0.91901 
 46.64500  0.95517  0.95600 
 46.74500  0.97738  0.97799 
 46.84500  0.98962  0.98987 
 46.94500  0.99576  0.99572 
 47.04500  0.99853  0.99834 
 47.14500  0.99960  0.99942 
 47.24500  0.99994  0.99981 
 47.34500  1.00000  0.99994 
 47.44500  0.99997  1.00000 
 47.54500  0.99995  1.00000 
 47.64500  0.99997  1.00000 
 47.74500  0.99998  1.00000 
 47.84500  0.99999  1.00000 
 47.94500  1.00000  1.00000 
 48.04500  1.00001  1.00000 
 48.14500  1.00000  1.00000 
 48.24500  1.00001  1.00000 
 48.34500  1.00001  1.00000 
 48.44500  1.00002  1.00000 
 48.54500  1.00001  1.00000 
 48.64500  1.00001  1.00000 
 48.74500  1.00001  1.00000 
 48.84500  1.00002  1.00000 
 48.94500  1.00000  1.00000 
 49.04500  1.00000  1.00000 
 49.14500  0.99998  1.00000 
 49.24500  0.99996  1.00000 
 49.34500  0.99996  1.00000 
 49.44500  0.99998  1.00000 
 49.54500  1.00001  0.99994 
 49.64500  0.99994  0.99980 
 49.74500  0.99960  0.99938 
 49.84500  0.99846  0.99828 
 49.94500  0.99561  0.99558 
 50.04500  0.98928  0.98956 
 50.14500  0.97676  0.97737 
 50.24500  0.95407  0.95491 
 50.34500  0.91650  0.91727 
 50.44500  0.85944  0.85976 
 50.54500  0.78016  0.77983 
 50.64500  0.67964  0.67868 
 50.74500  0.56356  0.56215 
 50.84500  0.43852  0.43992 
 50.94500  0.32222  0.32318 
 51.04500  0.22140  0.22171 
 51.14500  0.14172  0.14140 
 51.24500  0.08430  0.08354 
 51.34500  0.04644  0.04558 
 51.44500  0.02355  0.02291 
 51.54500  0.01087  0.01059 
 51.64500  0.00448  0.00452 
 51.74500  0.00160  0.00177 
 51.84500  0.00045  0.00064 
 51.94500  0.00009  0.00020 
 52.04500  0.00001  0.00006 
 52.14500  0.00004  0.00000 
 52.24500  0.00006  0.00000 
 52.34500  0.00004  0.00000 
 52.44500  0.00003  0.00000 
 52.54500  0.00002  0.00000 
 52.64500  0.00002  0.00000 
 52.74500  0.00000  0.00000 
 52.84500  0.00001  0.00000 
 52.94500  0.00000  0.00000 
 53.04500 -0.00000  0.00000 
 53.14500  0.00000  0.00000 
 53.24500  0.00001  0.00000 
 53.34500 -0.00000  0.00000 
 53.44500  0.00001  0.00000 
 53.54500  0.00002  0.00000 
 53.64500  0.00003  0.00000 
 53.74500  0.00004  0.00000 
 53.84500  0.00005  0.00000 
 53.94500  0.00005  0.00000 
 54.04500  0.00002  0.00002 
 54.14500  0.00003  0.00013 
 54.24500  0.00025  0.00041 
 54.34500  0.00100  0.00119 
 54.44500  0.00310  0.00319 
 54.54500  0.00791  0.00777 
 54.64500  0.01784  0.01733 
 54.74500  0.03637  0.03559 
 54.84500  0.06806  0.06722 
 54.94500  0.11771  0.11720 
 55.04500  0.18893  0.18900 
 55.14500  0.28227  0.28299 
 55.24500  0.39370  0.39497 
 55.34500  0.51686  0.51645 
 55.44500  0.63756  0.63642 
 55.54500  0.74481  0.74425 
 55.64500  0.83240  0.83249 
 55.74500  0.89763  0.89825 
 55.84500  0.94203  0.94286 
 55.94500  0.96971  0.97043 
 56.04500  0.98552  0.98590 
 56.14500  0.99378  0.99383 
 56.24500  0.99768  0.99752 
 56.34500  0.99930  0.99910 
 56.44500  0.99985  0.99970 
 56.54500  1.00000  0.99989 
 56.64500  0.99999  1.00000 
 56.74500  0.99997  1.00000 
 56.84500  0.99996  1.00000 
 56.94500  0.99998  1.00000 
 57.04500  0.99999  1.00000 
 57.14500  1.00000  1.00000 
 57.24500  1.00001  1.00000 
 57.34500  1.00001  1.00000 
 57.44500  1.00001  1.00000 
 57.54500  1.00002  1.00000 
 57.64500  1.00001  1.00000 
 57.74500  1.00001  1.00000 
 57.84500  1.00001  1.00000 
 57.94500  1.00001  1.00000 
 58.04500  1.00002  1.00000 
 58.14500  1.00001  1.00000 
 58.24500  1.00000  1.00000 
 58.34500  0.99999  1.00000 
 58.44500  0.99997  1.00000 
 58.54500  0.99996  1.00000 
 58.64500  0.99998  1.00000 
 58.74500  0.99999  0.99998 
 58.84500  0.99999  0.99987 
 58.94500  0.99979  0.99961 
 59.04500  0.99906  0.99886 
 59.14500  0.99709  0.99696 
 59.24500  0.99247  0.99260 
 59.34500  0.98290  0.98337 
 59.44500  0.96495  0.96570 
 59.54500  0.93410  0.93492 
 59.64500  0.88554  0.88608 
 59.74500  0.81554  0.81548 
 59.84500  0.72336  0.72263 
 59.94500  0.61272  0.61144 
 60.04500  0.49001  0.49022 
 60.14500  0.36872  0.36990 
 60.24500  0.26058  0.26116 
 60.34500  0.17181  0.17173 
 60.44500  0.10537  0.10476 
 60.54500  0.05993  0.05909 
 60.64500  0.03147  0.03073 
 60.74500  0.01513  0.01471 
 60.84500  0.00656  0.00646 
 60.94500  0.00248  0.00260 
 61.04500  0.00077  0.00097 
 61.14500  0.00018  0.00033 
 61.24500  0.00003  0.00011 
 61.34500  0.00002  0.00000 
 61.44500  0.00005  0.00000 
 61.54500  0.00005  0.00000 
 61.64500  0.00004  0.00000 
 61.74500  0.00003  0.00000 
 61.84500  0.00002  0.00000 
 61.94500  0.00001  0.00000 
 62.04500  0.00001  0.00000 
 62.14500  0.00001  0.00000 
 62.24500  0.00001  0.00000 
 62.34500  0.00000  0.00000 
 62.44500  0.00001  0.00000 
 62.54500  0.00001  0.00000 
 62.64500  0.00001  0.00000 
 62.74500  0.00000  0.00000 
 62.84500  0.00001  0.00000 
 62.94500  0.00000  0.00000 
 63.04500  0.00001  0.00000 
 63.14500  0.00001  0.00000 
 63.24500  0.00001  0.00000 
 63.34500  0.00001  0.00000 
 63.44500  0.00001  0.00000 
 63.54500  0.00001  0.00000 
 63.64500  0.00001  0.00000 
 63.74500  0.00001  0.00000 
 63.84500  0.00001  0.00000 
 63.94500  0.00001  0.00000 
 64.04500  0.00001  0.00000 
 64.14500  0.00001  0.00000 
 64.24500  0.00001  0.00000 
 64.34500  0.00001  0.00000 
