  0.04500  0.99998  1.00000 
  0.14500  0.99997  1.00000 
  0.24500  1.00000  1.00000 
  0.34500  0.99995  1.00000 
  0.44500  0.99995  1.00000 
  0.54500  0.99995  0.99996 
  0.64500  0.99993  0.99990 
  0.74500  0.99990  0.99990 
  0.84500  0.99982  0.99985 
  0.94500  0.99976  0.99979 
  1.04500  0.99967  0.99968 
  1.14500  0.99953  0.99956 
  1.24500  0.99936  0.99937 
  1.34500  0.99910  0.99913 
  1.44500  0.99877  0.99880 
  1.54500  0.99833  0.99835 
  1.64500  0.99776  0.99776 
  1.74500  0.99696  0.99698 
  1.84500  0.99594  0.99595 
  1.94500  0.99462  0.99465 
  2.04500  0.99294  0.99297 
  2.14500  0.99083  0.99084 
  2.24500  0.98815  0.98815 
  2.34500  0.98483  0.98484 
  2.44500  0.98075  0.98076 
  2.54500  0.97575  0.97576 
  2.64500  0.96970  0.96972 
  2.74500  0.96246  0.96246 
  2.84500  0.95388  0.95388 
  2.94500  0.94376  0.94379 
  3.04500  0.93194  0.93198 
  3.14500  0.91833  0.91837 
  3.24500  0.90274  0.90283 
  3.34500  0.88510  0.88517 
  3.44500  0.86529  0.86536 
  3.54500  0.84329  0.84334 
  3.64500  0.81907  0.81905 
  3.74500  0.79261  0.79256 
  3.84500  0.76400  0.76387 
  3.94500  0.73324  0.73312 
  4.04500  0.70049  0.70049 
  4.14500  0.66600  0.66616 
  4.24500  0.63008  0.63037 
  4.34500  0.59320  0.59342 
  4.44500  0.55574  0.55559 
  4.54500  0.51791  0.51730 
  4.64500  0.47816  0.47881 
  4.74500  0.44043  0.44053 
  4.84500  0.40302  0.40282 
  4.94500  0.36624  0.36597 
  5.04500  0.33047  0.33032 
  5.14500  0.29616  0.29617 
  5.24500  0.26362  0.26376 
  5.34500  0.23312  0.23326 
  5.44500  0.20477  0.20486 
  5.54500  0.17864  0.17865 
  5.64500  0.15476  0.15472 
  5.74500  0.13316  0.13307 
  5.84500  0.11377  0.11370 
  5.94500  0.09664  0.09658 
  6.04500  0.08166  0.08163 
  6.14500  0.06875  0.06875 
  6.24500  0.05784  0.05785 
  6.34500  0.04882  0.04884 
  6.44500  0.04156  0.04159 
  6.54500  0.03601  0.03601 
  6.64500  0.03202  0.03203 
  6.74500  0.02959  0.02958 
  6.84500  0.02864  0.02866 
  6.94500  0.02921  0.02922 
  7.04500  0.03127  0.03125 
  7.14500  0.03482  0.03483 
  7.24500  0.03999  0.03998 
  7.34500  0.04681  0.04682 
  7.44500  0.05539  0.05536 
  7.54500  0.06579  0.06577 
  7.64500  0.07816  0.07815 
  7.74500  0.09260  0.09255 
  7.84500  0.10918  0.10911 
  7.94500  0.12796  0.12790 
  8.04500  0.14900  0.14897 
  8.14500  0.17230  0.17231 
  8.24500  0.19786  0.19793 
  8.34500  0.22567  0.22579 
  8.44500  0.25564  0.25574 
  8.54500  0.28766  0.28770 
  8.64500  0.32153  0.32145 
  8.74500  0.35697  0.35673 
  8.84500  0.39353  0.39328 
  8.94500  0.43085  0.43082 
  9.04500  0.46849  0.46899 
  9.14500  0.50770  0.50745 
  9.24500  0.54610  0.54583 
  9.34500  0.58366  0.58380 
  9.44500  0.62070  0.62098 
  9.54500  0.65690  0.65712 
  9.64500  0.69181  0.69184 
  9.74500  0.72500  0.72491 
  9.84500  0.75625  0.75613 
  9.94500  0.78541  0.78531 
 10.04500  0.81240  0.81235 
 10.14500  0.83711  0.83717 
 10.24500  0.85960  0.85965 
 10.34500  0.87985  0.87994 
 10.44500  0.89789  0.89795 
 10.54500  0.91379  0.91382 
 10.64500  0.92761  0.92762 
 10.74500  0.93946  0.93948 
 10.84500  0.94946  0.94947 
 10.94500  0.95773  0.95774 
 11.04500  0.96438  0.96441 
 11.14500  0.96955  0.96957 
 11.24500  0.97326  0.97329 
 11.34500  0.97564  0.97565 
 11.44500  0.97672  0.97674 
 11.54500  0.97651  0.97651 
 11.64500  0.97501  0.97502 
 11.74500  0.97219  0.97219 
 11.84500  0.96800  0.96800 
 11.94500  0.96236  0.96236 
 12.04500  0.95517  0.95516 
 12.14500  0.94633  0.94633 
 12.24500  0.93571  0.93573 
 12.34500  0.92324  0.92325 
 12.44500  0.90872  0.90878 
 12.54500  0.89213  0.89219 
 12.64500  0.87338  0.87344 
 12.74500  0.85238  0.85242 
 12.84500  0.82915  0.82917 
 12.94500  0.80367  0.80362 
 13.04500  0.77596  0.77586 
 13.14500  0.74610  0.74599 
 13.24500  0.71418  0.71411 
 13.34500  0.68037  0.68047 
 13.44500  0.64500  0.64525 
 13.54500  0.60847  0.60874 
 13.64500  0.57121  0.57127 
 13.74500  0.53356  0.53311 
 13.84500  0.49446  0.49465 
 13.94500  0.45596  0.45627 
 14.04500  0.41839  0.41826 
 14.14500  0.38128  0.38101 
 14.24500  0.34504  0.34483 
 14.34500  0.31008  0.31005 
 14.44500  0.27681  0.27688 
 14.54500  0.24543  0.24558 
 14.64500  0.21619  0.21629 
 14.74500  0.18913  0.18917 
 14.84500  0.16431  0.16430 
 14.94500  0.14177  0.14171 
 15.04500  0.12149  0.12143 
 15.14500  0.10344  0.10336 
 15.24500  0.08759  0.08753 
 15.34500  0.07382  0.07381 
 15.44500  0.06212  0.06212 
 15.54500  0.05235  0.05232 
 15.64500  0.04434  0.04435 
 15.74500  0.03808  0.03809 
 15.84500  0.03348  0.03347 
 15.94500  0.03041  0.03040 
 16.04500  0.02886  0.02885 
 16.14500  0.02881  0.02882 
 16.24500  0.03023  0.03024 
 16.34500  0.03318  0.03317 
 16.44500  0.03767  0.03767 
 16.54500  0.04380  0.04380 
 16.64500  0.05163  0.05163 
 16.74500  0.06126  0.06126 
 16.84500  0.07284  0.07282 
 16.94500  0.08640  0.08637 
 17.04500  0.10208  0.10203 
 17.14500  0.11995  0.11991 
 17.24500  0.14006  0.14002 
 17.34500  0.16245  0.16242 
 17.44500  0.18706  0.18710 
 17.54500  0.21396  0.21406 
 17.64500  0.24304  0.24317 
 17.74500  0.27423  0.27432 
 17.84500  0.30737  0.30735 
 17.94500  0.34222  0.34201 
 18.04500  0.37836  0.37810 
 18.14500  0.41541  0.41525 
 18.24500  0.45295  0.45320 
 18.34500  0.49128  0.49160 
 18.44500  0.53055  0.53006 
 18.54500  0.56821  0.56824 
 18.64500  0.60554  0.60580 
 18.74500  0.64214  0.64238 
 18.84500  0.67759  0.67772 
 18.94500  0.71155  0.71150 
 19.04500  0.74363  0.74350 
 19.14500  0.77367  0.77357 
 19.24500  0.80155  0.80147 
 19.34500  0.82721  0.82722 
 19.44500  0.85062  0.85067 
 19.54500  0.87178  0.87185 
 19.64500  0.89072  0.89080 
 19.74500  0.90750  0.90755 
 19.84500  0.92216  0.92218 
 19.94500  0.93480  0.93483 
 20.04500  0.94557  0.94555 
 20.14500  0.95453  0.95454 
 20.24500  0.96184  0.96184 
 20.34500  0.96759  0.96761 
 20.44500  0.97190  0.97190 
 20.54500  0.97484  0.97483 
 20.64500  0.97643  0.97644 
 20.74500  0.97676  0.97676 
 20.84500  0.97580  0.97579 
 20.94500  0.97351  0.97352 
 21.04500  0.96989  0.96991 
 21.14500  0.96486  0.96486 
 21.24500  0.95833  0.95833 
 21.34500  0.95017  0.95018 
 21.44500  0.94031  0.94034 
 21.54500  0.92860  0.92863 
 21.64500  0.91494  0.91501 
 21.74500  0.89922  0.89928 
 21.84500  0.88136  0.88145 
 21.94500  0.86130  0.86137 
 22.04500  0.83898  0.83903 
 22.14500  0.81444  0.81442 
 22.24500  0.78764  0.78754 
 22.34500  0.75866  0.75853 
 22.44500  0.72755  0.72745 
 22.54500  0.69449  0.69452 
 22.64500  0.65972  0.65992 
 22.74500  0.62364  0.62392 
 22.84500  0.58662  0.58679 
 22.94500  0.54908  0.54887 
 23.04500  0.51087  0.51050 
 23.14500  0.47150  0.47204 
 23.24500  0.43383  0.43383 
 23.34500  0.39649  0.39623 
 23.44500  0.35985  0.35958 
 23.54500  0.32431  0.32421 
 23.64500  0.29028  0.29033 
 23.74500  0.25810  0.25823 
 23.84500  0.22799  0.22811 
 23.94500  0.20001  0.20006 
 24.04500  0.17427  0.17426 
 24.14500  0.15079  0.15072 
 24.24500  0.12957  0.12949 
 24.34500  0.11060  0.11053 
 24.44500  0.09386  0.09381 
 24.54500  0.07926  0.07921 
 24.64500  0.06671  0.06670 
 24.74500  0.05613  0.05612 
 24.84500  0.04744  0.04742 
 24.94500  0.04047  0.04046 
 25.04500  0.03518  0.03518 
 25.14500  0.03149  0.03149 
 25.24500  0.02935  0.02933 
 25.34500  0.02865  0.02866 
 25.44500  0.02947  0.02947 
 25.54500  0.03178  0.03179 
 25.64500  0.03563  0.03563 
 25.74500  0.04108  0.04108 
 25.84500  0.04819  0.04818 
 25.94500  0.05705  0.05707 
 26.04500  0.06783  0.06782 
 26.14500  0.08055  0.08053 
 26.24500  0.09536  0.09531 
 26.34500  0.11233  0.11227 
 26.44500  0.13153  0.13143 
 26.54500  0.15295  0.15289 
 26.64500  0.17664  0.17666 
 26.74500  0.20260  0.20268 
 26.84500  0.23080  0.23093 
 26.94500  0.26113  0.26126 
 27.04500  0.29350  0.29353 
 27.14500  0.32769  0.32755 
 27.24500  0.36335  0.36307 
 27.34500  0.40007  0.39983 
 27.44500  0.43744  0.43751 
 27.54500  0.47517  0.47576 
 27.64500  0.51471  0.51423 
 27.74500  0.55272  0.55257 
 27.84500  0.59023  0.59042 
 27.94500  0.62717  0.62745 
 28.04500  0.66316  0.66334 
 28.14500  0.69778  0.69778 
 28.24500  0.73066  0.73055 
 28.34500  0.76155  0.76142 
 28.44500  0.79033  0.79023 
 28.54500  0.81690  0.81689 
 28.64500  0.84124  0.84128 
 28.74500  0.86334  0.86340 
 28.84500  0.88320  0.88327 
 28.94500  0.90085  0.90092 
 29.04500  0.91636  0.91640 
 29.14500  0.92983  0.92986 
 29.24500  0.94136  0.94135 
 29.34500  0.95104  0.95106 
 29.44500  0.95903  0.95901 
 29.54500  0.96541  0.96542 
 29.64500  0.97030  0.97031 
 29.74500  0.97379  0.97381 
 29.84500  0.97594  0.97594 
 29.94500  0.97679  0.97679 
 30.04500  0.97634  0.97634 
 30.14500  0.97461  0.97461 
 30.24500  0.97153  0.97155 
 30.34500  0.96711  0.96710 
 30.44500  0.96120  0.96121 
 30.54500  0.95374  0.95373 
 30.64500  0.94459  0.94462 
 30.74500  0.93366  0.93369 
 30.84500  0.92083  0.92085 
 30.94500  0.90596  0.90601 
 31.04500  0.88899  0.88907 
 31.14500  0.86984  0.86992 
 31.24500  0.84845  0.84851 
 31.34500  0.82484  0.82483 
 31.44500  0.79896  0.79888 
 31.54500  0.77087  0.77076 
 31.64500  0.74062  0.74048 
 31.74500  0.70835  0.70830 
 31.84500  0.67424  0.67437 
 31.94500  0.63864  0.63890 
 32.04500  0.60195  0.60220 
 32.14500  0.56459  0.56458 
 32.24500  0.52691  0.52633 
 32.34500  0.48743  0.48787 
 32.44500  0.44931  0.44953 
 32.54500  0.41178  0.41163 
 32.64500  0.37483  0.37456 
 32.74500  0.33878  0.33862 
 32.84500  0.30411  0.30408 
 32.94500  0.27112  0.27123 
 33.04500  0.24012  0.24026 
 33.14500  0.21125  0.21137 
 33.24500  0.18460  0.18462 
 33.34500  0.16017  0.16016 
 33.44500  0.13804  0.13796 
 33.54500  0.11814  0.11806 
 33.64500  0.10048  0.10043 
 33.74500  0.08498  0.08496 
 33.84500  0.07163  0.07161 
 33.94500  0.06027  0.06023 
 34.04500  0.05080  0.05078 
 34.14500  0.04313  0.04313 
 34.24500  0.03717  0.03716 
 34.34500  0.03283  0.03281 
 34.44500  0.03003  0.03003 
 34.54500  0.02875  0.02876 
 34.64500  0.02895  0.02894 
 34.74500  0.03065  0.03063 
 34.84500  0.03385  0.03385 
 34.94500  0.03863  0.03861 
 35.04500  0.04506  0.04503 
 35.14500  0.05318  0.05320 
 35.24500  0.06315  0.06316 
 35.34500  0.07509  0.07506 
 35.44500  0.08902  0.08898 
 35.54500  0.10507  0.10503 
 35.64500  0.12336  0.12327 
 35.74500  0.14385  0.14381 
 35.84500  0.16662  0.16660 
 35.94500  0.19166  0.19169 
 36.04500  0.21893  0.21903 
 36.14500  0.24839  0.24852 
 36.24500  0.27993  0.28001 
 36.34500  0.31340  0.31335 
 36.44500  0.34850  0.34828 
 36.54500  0.38486  0.38457 
 36.64500  0.42202  0.42190 
 36.74500  0.45961  0.45996 
 36.84500  0.49832  0.49840 
 36.94500  0.53722  0.53680 
 37.04500  0.57484  0.57493 
 37.14500  0.61204  0.61232 
 37.24500  0.64849  0.64872 
 37.34500  0.68372  0.68378 
 37.44500  0.71735  0.71727 
 37.54500  0.74909  0.74897 
 37.64500  0.77876  0.77864 
 37.74500  0.80622  0.80619 
 37.84500  0.83149  0.83152 
 37.94500  0.85450  0.85459 
 38.04500  0.87528  0.87537 
 38.14500  0.89384  0.89392 
 38.24500  0.91024  0.91027 
 38.34500  0.92452  0.92457 
 38.44500  0.93683  0.93684 
 38.54500  0.94727  0.94727 
 38.64500  0.95593  0.95594 
 38.74500  0.96295  0.96297 
 38.84500  0.96844  0.96847 
 38.94500  0.97250  0.97253 
 39.04500  0.97521  0.97523 
 39.14500  0.97659  0.97658 
 39.24500  0.97667  0.97670 
 39.34500  0.97547  0.97547 
 39.44500  0.97297  0.97298 
 39.54500  0.96912  0.96912 
 39.64500  0.96381  0.96382 
 39.74500  0.95702  0.95700 
 39.84500  0.94856  0.94857 
 39.94500  0.93838  0.93840 
 40.04500  0.92636  0.92638 
 40.14500  0.91233  0.91238 
 40.24500  0.89625  0.89631 
 40.34500  0.87799  0.87806 
 40.44500  0.85753  0.85759 
 40.54500  0.83482  0.83484 
 40.64500  0.80988  0.80982 
 40.74500  0.78269  0.78259 
 40.84500  0.75332  0.75320 
 40.94500  0.72187  0.72178 
 41.04500  0.68850  0.68854 
 41.14500  0.65346  0.65368 
 41.24500  0.61716  0.61743 
 41.34500  0.58004  0.58014 
 41.44500  0.54246  0.54213 
 41.54500  0.50384  0.50370 
 41.64500  0.46484  0.46528 
 41.74500  0.42721  0.42715 
 41.84500  0.38997  0.38969 
 41.94500  0.35346  0.35325 
 42.04500  0.31819  0.31811 
 42.14500  0.28448  0.28453 
 42.24500  0.25265  0.25277 
 42.34500  0.22290  0.22300 
 42.44500  0.19531  0.19536 
 42.54500  0.16996  0.16995 
 42.64500  0.14687  0.14684 
 42.74500  0.12607  0.12599 
 42.84500  0.10747  0.10743 
 42.94500  0.09112  0.09107 
 43.04500  0.07689  0.07685 
 43.14500  0.06469  0.06470 
 43.24500  0.05446  0.05446 
 43.34500  0.04606  0.04607 
 43.44500  0.03944  0.03942 
 43.54500  0.03443  0.03442 
 43.64500  0.03100  0.03100 
 43.74500  0.02911  0.02910 
 43.84500  0.02867  0.02868 
 43.94500  0.02977  0.02976 
 44.04500  0.03234  0.03233 
 44.14500  0.03648  0.03648 
 44.24500  0.04221  0.04219 
 44.34500  0.04962  0.04963 
 44.44500  0.05882  0.05882 
 44.54500  0.06995  0.06991 
 44.64500  0.08302  0.08299 
 44.74500  0.09822  0.09815 
 44.84500  0.11554  0.11550 
 44.94500  0.13514  0.13507 
 45.04500  0.15697  0.15693 
 45.14500  0.18107  0.18108 
 45.24500  0.20742  0.20750 
 45.34500  0.23598  0.23612 
 45.44500  0.26669  0.26681 
 45.54500  0.29940  0.29941 
 45.64500  0.33390  0.33371 
 45.74500  0.36975  0.36950 
 45.84500  0.40663  0.40642 
 45.94500  0.44410  0.44422 
 46.04500  0.48192  0.48252 
 46.14500  0.52167  0.52100 
 46.24500  0.55938  0.55929 
 46.34500  0.59681  0.59703 
 46.44500  0.63361  0.63388 
 46.54500  0.66938  0.66952 
 46.64500  0.70372  0.70368 
 46.74500  0.73625  0.73613 
 46.84500  0.76679  0.76667 
 46.94500  0.79518  0.79512 
 47.04500  0.82136  0.82136 
 47.14500  0.84533  0.84535 
 47.24500  0.86700  0.86707 
 47.34500  0.88646  0.88654 
 47.44500  0.90374  0.90380 
 47.54500  0.91890  0.91892 
 47.64500  0.93200  0.93203 
 47.74500  0.94319  0.94321 
 47.84500  0.95255  0.95257 
 47.94500  0.96025  0.96027 
 48.04500  0.96639  0.96638 
 48.14500  0.97102  0.97104 
 48.24500  0.97426  0.97425 
 48.34500  0.97618  0.97618 
 48.44500  0.97680  0.97680 
 48.54500  0.97613  0.97615 
 48.64500  0.97418  0.97417 
 48.74500  0.97086  0.97087 
 48.84500  0.96618  0.96617 
 48.94500  0.95999  0.96000 
 49.04500  0.95225  0.95224 
 49.14500  0.94280  0.94281 
 49.24500  0.93155  0.93155 
 49.34500  0.91837  0.91840 
 49.44500  0.90312  0.90319 
 49.54500  0.88579  0.88587 
 49.64500  0.86624  0.86632 
 49.74500  0.84446  0.84449 
 49.84500  0.82042  0.82040 
 49.94500  0.79416  0.79407 
 50.04500  0.76568  0.76557 
 50.14500  0.73508  0.73498 
 50.24500  0.70246  0.70244 
 50.34500  0.66806  0.66821 
 50.44500  0.63225  0.63251 
 50.54500  0.59541  0.59562 
 50.64500  0.55797  0.55787 
 50.74500  0.52023  0.51958 
 50.84500  0.48043  0.48110 
 50.94500  0.44268  0.44281 
 51.04500  0.40522  0.40503 
 51.14500  0.36839  0.36812 
 51.24500  0.33255  0.33240 
 51.34500  0.29815  0.29816 
 51.44500  0.26550  0.26562 
 51.54500  0.23487  0.23501 
 51.64500  0.20639  0.20648 
 51.74500  0.18013  0.18014 
 51.84500  0.15613  0.15606 
 51.94500  0.13435  0.13428 
 52.04500  0.11485  0.11481 
 52.14500  0.09761  0.09754 
 52.24500  0.08250  0.08246 
 52.34500  0.06948  0.06946 
 52.44500  0.05843  0.05845 
 52.54500  0.04931  0.04930 
 52.64500  0.04196  0.04196 
 52.74500  0.03627  0.03630 
 52.84500  0.03223  0.03222 
 52.94500  0.02970  0.02968 
 53.04500  0.02867  0.02867 
 53.14500  0.02914  0.02913 
 53.24500  0.03110  0.03111 
 53.34500  0.03457  0.03458 
 53.44500  0.03964  0.03965 
 53.54500  0.04635  0.04635 
 53.64500  0.05481  0.05482 
 53.74500  0.06512  0.06512 
 53.84500  0.07738  0.07734 
 53.94500  0.09170  0.09166 
 54.04500  0.10816  0.10808 
 54.14500  0.12680  0.12673 
 54.24500  0.14768  0.14766 
 54.34500  0.17087  0.17085 
 54.44500  0.19629  0.19636 
 54.54500  0.22396  0.22408 
 54.64500  0.25378  0.25393 
 54.74500  0.28570  0.28576 
 54.84500  0.31950  0.31941 
 54.94500  0.35484  0.35459 
 55.04500  0.39134  0.39108 
 55.14500  0.42863  0.42857 
 55.24500  0.46626  0.46671 
 55.34500  0.50537  0.50515 
 55.44500  0.54388  0.54357 
 55.54500  0.58144  0.58157 
 55.64500  0.61854  0.61881 
 55.74500  0.65481  0.65499 
 55.84500  0.68977  0.68982 
 55.94500  0.72308  0.72301 
 56.04500  0.75448  0.75434 
 56.14500  0.78376  0.78364 
 56.24500  0.81082  0.81082 
 56.34500  0.83572  0.83573 
 56.44500  0.85832  0.85840 
 56.54500  0.87871  0.87878 
 56.64500  0.89689  0.89695 
 56.74500  0.91289  0.91294 
 56.84500  0.92684  0.92687 
 56.94500  0.93880  0.93881 
 57.04500  0.94890  0.94893 
 57.14500  0.95729  0.95729 
 57.24500  0.96405  0.96405 
 57.34500  0.96929  0.96929 
 57.44500  0.97309  0.97310 
 57.54500  0.97555  0.97556 
 57.64500  0.97672  0.97671 
 57.74500  0.97656  0.97657 
 57.84500  0.97514  0.97514 
 57.94500  0.97240  0.97242 
 58.04500  0.96831  0.96829 
 58.14500  0.96272  0.96273 
 58.24500  0.95564  0.95564 
 58.34500  0.94690  0.94690 
 58.44500  0.93641  0.93643 
 58.54500  0.92402  0.92404 
 58.64500  0.90965  0.90972 
 58.74500  0.89319  0.89325 
 58.84500  0.87455  0.87463 
 58.94500  0.85368  0.85374 
 59.04500  0.83059  0.83061 
 59.14500  0.80526  0.80519 
 59.24500  0.77769  0.77757 
 59.34500  0.74794  0.74778 
 59.44500  0.71612  0.71606 
 59.54500  0.68242  0.68249 
 59.64500  0.64711  0.64736 
 59.74500  0.61068  0.61093 
 59.84500  0.57344  0.57348 
 59.94500  0.53581  0.53537 
 60.04500  0.49682  0.49695 
 60.14500  0.45818  0.45851 
 60.24500  0.42060  0.42047 
 60.34500  0.38344  0.38318 
 60.44500  0.34713  0.34691 
 60.54500  0.31207  0.31201 
 60.64500  0.27864  0.27871 
 60.74500  0.24713  0.24727 
 60.84500  0.21770  0.21781 
 60.94500  0.19045  0.19048 
 61.04500  0.16541  0.16537 
 61.14500  0.14258  0.14251 
 61.24500  0.12195  0.12189 
 61.34500  0.10354  0.10346 
 61.44500  0.08719  0.08713 
 61.54500  0.07284  0.07282 
 61.64500  0.06040  0.06040 
 61.74500  0.04969  0.04966 
 61.84500  0.04054  0.04052 
 61.94500  0.03281  0.03281 
 62.04500  0.02635  0.02635 
 62.14500  0.02098  0.02098 
 62.24500  0.01658  0.01656 
 62.34500  0.01300  0.01299 
 62.44500  0.01009  0.01007 
 62.54500  0.00778  0.00776 
 62.64500  0.00593  0.00593 
 62.74500  0.00449  0.00449 
 62.84500  0.00338  0.00335 
 62.94500  0.00252  0.00251 
 63.04500  0.00187  0.00186 
 63.14500  0.00137  0.00136 
 63.24500  0.00100  0.00098 
 63.34500  0.00072  0.00070 
 63.44500  0.00050  0.00050 
 63.54500  0.00038  0.00035 
 63.64500  0.00026  0.00025 
 63.74500  0.00019  0.00019 
 63.84500  0.00013  0.00010 
 63.94500  0.00008  0.00010 
 64.04500  0.00004  0.00008 
 64.14500  0.00004  0.00000 
 64.24500  0.00005  0.00000 
 64.34500  0.00005  0.00000 
