  0.04500  0.51220  0.51060 
  0.14500  0.51220  0.51060 
  0.24500  0.51219  0.51060 
  0.34500  0.51220  0.51060 
  0.44500  0.51220  0.51060 
  0.54500  0.51220  0.51060 
  0.64500  0.51220  0.51060 
  0.74500  0.51220  0.51060 
  0.84500  0.51217  0.51060 
  0.94500  0.51220  0.51060 
  1.04500  0.51222  0.51060 
  1.14500  0.51221  0.51060 
  1.24500  0.51218  0.51060 
  1.34500  0.51218  0.51060 
  1.44500  0.51218  0.51060 
  1.54500  0.51220  0.51060 
  1.64500  0.51223  0.51060 
  1.74500  0.51223  0.51060 
  1.84500  0.51223  0.51060 
  1.94500  0.51223  0.51060 
  2.04500  0.51223  0.51060 
  2.14500  0.51222  0.51060 
  2.24500  0.51225  0.51060 
  2.34500  0.51224  0.51060 
  2.44500  0.51224  0.51060 
  2.54500  0.51224  0.51060 
  2.64500  0.51224  0.51060 
  2.74500  0.51224  0.51060 
  2.84500  0.51221  0.51060 
  2.94500  0.51221  0.51060 
  3.04500  0.51223  0.51060 
  3.14500  0.51223  0.51060 
  3.24500  0.51214  0.51060 
  3.34500  0.51214  0.51060 
  3.44500  0.51210  0.51060 
  3.54500  0.51210  0.51060 
  3.64500  0.51212  0.51060 
  3.74500  0.51214  0.51060 
  3.84500  0.51217  0.51060 
  3.94500  0.51214  0.51060 
  4.04500  0.51214  0.51060 
  4.14500  0.51213  0.51060 
  4.24500  0.51214  0.51060 
  4.34500  0.51211  0.51060 
  4.44500  0.51213  0.51060 
  4.54500  0.51214  0.51060 
  4.64500  0.51211  0.51060 
  4.74500  0.51211  0.51060 
  4.84500  0.51210  0.51060 
  4.94500  0.51217  0.51060 
  5.04500  0.51217  0.51060 
  5.14500  0.51216  0.51060 
  5.24500  0.51212  0.51060 
  5.34500  0.51207  0.51060 
  5.44500  0.51203  0.51060 
  5.54500  0.51200  0.51060 
  5.64500  0.51201  0.51060 
  5.74500  0.51201  0.51060 
  5.84500  0.51200  0.51060 
  5.94500  0.51204  0.51059 
  6.04500  0.51203  0.51050 
  6.14500  0.51201  0.51050 
  6.24500  0.51205  0.51050 
  6.34500  0.51206  0.51050 
  6.44500  0.51205  0.51050 
  6.54500  0.51204  0.51050 
  6.64500  0.51206  0.51050 
  6.74500  0.51201  0.51050 
  6.84500  0.51207  0.51050 
  6.94500  0.51207  0.51050 
  7.04500  0.51201  0.51050 
  7.14500  0.51200  0.51050 
  7.24500  0.51196  0.51050 
  7.34500  0.51196  0.51050 
  7.44500  0.51197  0.51050 
  7.54500  0.51194  0.51050 
  7.64500  0.51198  0.51050 
  7.74500  0.51199  0.51050 
  7.84500  0.51199  0.51050 
  7.94500  0.51195  0.51050 
  8.04500  0.51197  0.51050 
  8.14500  0.51197  0.51050 
  8.24500  0.51197  0.51050 
  8.34500  0.51196  0.51050 
  8.44500  0.51190  0.51050 
  8.54500  0.51190  0.51050 
  8.64500  0.51191  0.51050 
  8.74500  0.51190  0.51050 
  8.84500  0.51191  0.51050 
  8.94500  0.51192  0.51050 
  9.04500  0.51193  0.51050 
  9.14500  0.51196  0.51050 
  9.24500  0.51197  0.51050 
  9.34500  0.51192  0.51050 
  9.44500  0.51184  0.51050 
  9.54500  0.51186  0.51050 
  9.64500  0.51187  0.51050 
  9.74500  0.51189  0.51050 
  9.84500  0.51188  0.51049 
  9.94500  0.51188  0.51040 
 10.04500  0.51185  0.51040 
 10.14500  0.51190  0.51040 
 10.24500  0.51191  0.51040 
 10.34500  0.51187  0.51040 
 10.44500  0.51179  0.51040 
 10.54500  0.51178  0.51040 
 10.64500  0.51180  0.51040 
 10.74500  0.51181  0.51040 
 10.84500  0.51176  0.51040 
 10.94500  0.51179  0.51040 
 11.04500  0.51180  0.51040 
 11.14500  0.51177  0.51040 
 11.24500  0.51181  0.51040 
 11.34500  0.51173  0.51040 
 11.44500  0.51170  0.51040 
 11.54500  0.51168  0.51040 
 11.64500  0.51166  0.51040 
 11.74500  0.51170  0.51040 
 11.84500  0.51171  0.51040 
 11.94500  0.51168  0.51040 
 12.04500  0.51169  0.51040 
 12.14500  0.51167  0.51040 
 12.24500  0.51164  0.51040 
 12.34500  0.51160  0.51040 
 12.44500  0.51160  0.51040 
 12.54500  0.51161  0.51040 
 12.64500  0.51163  0.51040 
 12.74500  0.51161  0.51031 
 12.84500  0.51164  0.51030 
 12.94500  0.51163  0.51030 
 13.04500  0.51155  0.51030 
 13.14500  0.51156  0.51030 
 13.24500  0.51157  0.51030 
 13.34500  0.51153  0.51030 
 13.44500  0.51153  0.51030 
 13.54500  0.51156  0.51030 
 13.64500  0.51159  0.51030 
 13.74500  0.51154  0.51030 
 13.84500  0.51146  0.51030 
 13.94500  0.51145  0.51030 
 14.04500  0.51147  0.51030 
 14.14500  0.51146  0.51030 
 14.24500  0.51146  0.51030 
 14.34500  0.51149  0.51030 
 14.44500  0.51149  0.51030 
 14.54500  0.51143  0.51030 
 14.64500  0.51141  0.51030 
 14.74500  0.51141  0.51030 
 14.84500  0.51143  0.51030 
 14.94500  0.51142  0.51030 
 15.04500  0.51137  0.51026 
 15.14500  0.51141  0.51020 
 15.24500  0.51137  0.51020 
 15.34500  0.51131  0.51020 
 15.44500  0.51130  0.51020 
 15.54500  0.51131  0.51020 
 15.64500  0.51133  0.51020 
 15.74500  0.51132  0.51020 
 15.84500  0.51137  0.51020 
 15.94500  0.51124  0.51020 
 16.04500  0.51126  0.51020 
 16.14500  0.51128  0.51020 
 16.24500  0.51125  0.51020 
 16.34500  0.51129  0.51020 
 16.44500  0.51129  0.51020 
 16.54500  0.51121  0.51020 
 16.64500  0.51120  0.51020 
 16.74500  0.51122  0.51020 
 16.84500  0.51119  0.51020 
 16.94500  0.51117  0.51020 
 17.04500  0.51119  0.51020 
 17.14500  0.51122  0.51014 
 17.24500  0.51115  0.51010 
 17.34500  0.51112  0.51010 
 17.44500  0.51115  0.51010 
 17.54500  0.51116  0.51010 
 17.64500  0.51113  0.51010 
 17.74500  0.51116  0.51010 
 17.84500  0.51108  0.51010 
 17.94500  0.51105  0.51010 
 18.04500  0.51105  0.51010 
 18.14500  0.51110  0.51010 
 18.24500  0.51106  0.51010 
 18.34500  0.51106  0.51010 
 18.44500  0.51106  0.51010 
 18.54500  0.51101  0.51010 
 18.64500  0.51102  0.51010 
 18.74500  0.51098  0.51010 
 18.84500  0.51103  0.51010 
 18.94500  0.51103  0.51010 
 19.04500  0.51094  0.51005 
 19.14500  0.51097  0.51000 
 19.24500  0.51094  0.51000 
 19.34500  0.51093  0.51000 
 19.44500  0.51096  0.51000 
 19.54500  0.51094  0.51000 
 19.64500  0.51088  0.51000 
 19.74500  0.51089  0.51000 
 19.84500  0.51093  0.51000 
 19.94500  0.51091  0.51000 
 20.04500  0.51089  0.51000 
 20.14500  0.51089  0.51000 
 20.24500  0.51081  0.51000 
 20.34500  0.51083  0.51000 
 20.44500  0.51088  0.51000 
 20.54500  0.51087  0.51000 
 20.64500  0.51089  0.51000 
 20.74500  0.51086  0.51000 
 20.84500  0.51083  0.50993 
 20.94500  0.51082  0.50990 
 21.04500  0.51083  0.50990 
 21.14500  0.51085  0.50990 
 21.24500  0.51078  0.50990 
 21.34500  0.51076  0.50990 
 21.44500  0.51075  0.50990 
 21.54500  0.51072  0.50990 
 21.64500  0.51075  0.50990 
 21.74500  0.51068  0.50990 
 21.84500  0.51063  0.50990 
 21.94500  0.51065  0.50990 
 22.04500  0.51065  0.50990 
 22.14500  0.51064  0.50990 
 22.24500  0.51065  0.50990 
 22.34500  0.51060  0.50990 
 22.44500  0.51053  0.50990 
 22.54500  0.51054  0.50983 
 22.64500  0.51055  0.50980 
 22.74500  0.51054  0.50980 
 22.84500  0.51053  0.50980 
 22.94500  0.51049  0.50980 
 23.04500  0.51051  0.50980 
 23.14500  0.51049  0.50980 
 23.24500  0.51049  0.50980 
 23.34500  0.51047  0.50980 
 23.44500  0.51043  0.50980 
 23.54500  0.51042  0.50980 
 23.64500  0.51039  0.50980 
 23.74500  0.51044  0.50980 
 23.84500  0.51041  0.50980 
 23.94500  0.51031  0.50980 
 24.04500  0.51035  0.50980 
 24.14500  0.51035  0.50975 
 24.24500  0.51036  0.50970 
 24.34500  0.51035  0.50970 
 24.44500  0.51027  0.50970 
 24.54500  0.51026  0.50970 
 24.64500  0.51029  0.50970 
 24.74500  0.51024  0.50970 
 24.84500  0.51028  0.50970 
 24.94500  0.51020  0.50970 
 25.04500  0.51020  0.50970 
 25.14500  0.51023  0.50970 
 25.24500  0.51023  0.50970 
 25.34500  0.51022  0.50970 
 25.44500  0.51013  0.50970 
 25.54500  0.51013  0.50970 
 25.64500  0.51013  0.50970 
 25.74500  0.51018  0.50962 
 25.84500  0.51012  0.50960 
 25.94500  0.51007  0.50960 
 26.04500  0.51009  0.50960 
 26.14500  0.51008  0.50960 
 26.24500  0.51009  0.50960 
 26.34500  0.51010  0.50960 
 26.44500  0.51001  0.50960 
 26.54500  0.51002  0.50960 
 26.64500  0.51002  0.50960 
 26.74500  0.50999  0.50960 
 26.84500  0.50999  0.50960 
 26.94500  0.50991  0.50960 
 27.04500  0.50994  0.50960 
 27.14500  0.50997  0.50960 
 27.24500  0.50996  0.50955 
 27.34500  0.50993  0.50950 
 27.44500  0.50988  0.50950 
 27.54500  0.50986  0.50950 
 27.64500  0.50991  0.50950 
 27.74500  0.50990  0.50950 
 27.84500  0.50984  0.50950 
 27.94500  0.50983  0.50950 
 28.04500  0.50982  0.50950 
 28.14500  0.50985  0.50950 
 28.24500  0.50985  0.50950 
 28.34500  0.50975  0.50950 
 28.44500  0.50977  0.50950 
 28.54500  0.50980  0.50950 
 28.64500  0.50976  0.50950 
 28.74500  0.50977  0.50945 
 28.84500  0.50968  0.50940 
 28.94500  0.50971  0.50940 
 29.04500  0.50971  0.50940 
 29.14500  0.50971  0.50940 
 29.24500  0.50969  0.50940 
 29.34500  0.50965  0.50940 
 29.44500  0.50961  0.50940 
 29.54500  0.50965  0.50940 
 29.64500  0.50960  0.50940 
 29.74500  0.50953  0.50940 
 29.84500  0.50953  0.50940 
 29.94500  0.50953  0.50940 
 30.04500  0.50956  0.50940 
 30.14500  0.50952  0.50940 
 30.24500  0.50946  0.50934 
 30.34500  0.50949  0.50930 
 30.44500  0.50948  0.50930 
 30.54500  0.50947  0.50930 
 30.64500  0.50947  0.50930 
 30.74500  0.50936  0.50930 
 30.84500  0.50939  0.50930 
 30.94500  0.50940  0.50930 
 31.04500  0.50942  0.50930 
 31.14500  0.50936  0.50930 
 31.24500  0.50934  0.50930 
 31.34500  0.50934  0.50930 
 31.44500  0.50932  0.50930 
 31.54500  0.50930  0.50930 
 31.64500  0.50926  0.50930 
 31.74500  0.50924  0.50921 
 31.84500  0.50923  0.50920 
 31.94500  0.50929  0.50920 
 32.04500  0.50923  0.50920 
 32.14500  0.50918  0.50920 
 32.24500  0.50919  0.50920 
 32.34500  0.50917  0.50920 
 32.44500  0.50920  0.50920 
 32.54500  0.50914  0.50920 
 32.64500  0.50909  0.50920 
 32.74500  0.50912  0.50920 
 32.84500  0.50909  0.50920 
 32.94500  0.50915  0.50920 
 33.04500  0.50905  0.50920 
 33.14500  0.50905  0.50919 
 33.24500  0.50906  0.50910 
 33.34500  0.50905  0.50910 
 33.44500  0.50901  0.50910 
 33.54500  0.50897  0.50910 
 33.64500  0.50895  0.50910 
 33.74500  0.50899  0.50910 
 33.84500  0.50899  0.50910 
 33.94500  0.50893  0.50910 
 34.04500  0.50891  0.50910 
 34.14500  0.50890  0.50910 
 34.24500  0.50890  0.50910 
 34.34500  0.50892  0.50910 
 34.44500  0.50883  0.50910 
 34.54500  0.50884  0.50910 
 34.64500  0.50883  0.50906 
 34.74500  0.50881  0.50900 
 34.84500  0.50886  0.50900 
 34.94500  0.50875  0.50900 
 35.04500  0.50877  0.50900 
 35.14500  0.50879  0.50900 
 35.24500  0.50878  0.50900 
 35.34500  0.50872  0.50900 
 35.44500  0.50869  0.50900 
 35.54500  0.50868  0.50900 
 35.64500  0.50871  0.50900 
 35.74500  0.50871  0.50900 
 35.84500  0.50868  0.50900 
 35.94500  0.50865  0.50900 
 36.04500  0.50863  0.50900 
 36.14500  0.50865  0.50895 
 36.24500  0.50866  0.50890 
 36.34500  0.50854  0.50890 
 36.44500  0.50858  0.50890 
 36.54500  0.50858  0.50890 
 36.64500  0.50855  0.50890 
 36.74500  0.50858  0.50890 
 36.84500  0.50850  0.50890 
 36.94500  0.50855  0.50890 
 37.04500  0.50852  0.50890 
 37.14500  0.50849  0.50890 
 37.24500  0.50847  0.50890 
 37.34500  0.50841  0.50890 
 37.44500  0.50838  0.50890 
 37.54500  0.50843  0.50890 
 37.64500  0.50842  0.50886 
 37.74500  0.50839  0.50880 
 37.84500  0.50838  0.50880 
 37.94500  0.50837  0.50880 
 38.04500  0.50837  0.50880 
 38.14500  0.50836  0.50880 
 38.24500  0.50830  0.50880 
 38.34500  0.50831  0.50880 
 38.44500  0.50830  0.50880 
 38.54500  0.50828  0.50880 
 38.64500  0.50832  0.50880 
 38.74500  0.50823  0.50880 
 38.84500  0.50821  0.50880 
 38.94500  0.50825  0.50880 
 39.04500  0.50824  0.50880 
 39.14500  0.50824  0.50880 
 39.24500  0.50817  0.50871 
 39.34500  0.50813  0.50870 
 39.44500  0.50816  0.50870 
 39.54500  0.50816  0.50870 
 39.64500  0.50813  0.50870 
 39.74500  0.50811  0.50870 
 39.84500  0.50811  0.50870 
 39.94500  0.50809  0.50870 
 40.04500  0.50811  0.50870 
 40.14500  0.50809  0.50870 
 40.24500  0.50802  0.50870 
 40.34500  0.50801  0.50870 
 40.44500  0.50803  0.50870 
 40.54500  0.50801  0.50870 
 40.64500  0.50804  0.50870 
 40.74500  0.50795  0.50869 
 40.84500  0.50796  0.50860 
 40.94500  0.50798  0.50860 
 41.04500  0.50795  0.50860 
 41.14500  0.50796  0.50860 
 41.24500  0.50790  0.50860 
 41.34500  0.50789  0.50860 
 41.44500  0.50787  0.50860 
 41.54500  0.50787  0.50860 
 41.64500  0.50785  0.50860 
 41.74500  0.50784  0.50860 
 41.84500  0.50781  0.50860 
 41.94500  0.50779  0.50860 
 42.04500  0.50784  0.50860 
 42.14500  0.50784  0.50860 
 42.24500  0.50779  0.50860 
 42.34500  0.50772  0.50860 
 42.44500  0.50773  0.50853 
 42.54500  0.50774  0.50850 
 42.64500  0.50773  0.50850 
 42.74500  0.50775  0.50850 
 42.84500  0.50766  0.50850 
 42.94500  0.50769  0.50850 
 43.04500  0.50767  0.50850 
 43.14500  0.50766  0.50850 
 43.24500  0.50770  0.50850 
 43.34500  0.50765  0.50850 
 43.44500  0.50759  0.50850 
 43.54500  0.50760  0.50850 
 43.64500  0.50761  0.50850 
 43.74500  0.50761  0.50850 
 43.84500  0.50757  0.50850 
 43.94500  0.50751  0.50850 
 44.04500  0.50751  0.50850 
 44.14500  0.50752  0.50844 
 44.24500  0.50755  0.50840 
 44.34500  0.50753  0.50840 
 44.44500  0.50752  0.50840 
 44.54500  0.50747  0.50840 
 44.64500  0.50743  0.50840 
 44.74500  0.50746  0.50840 
 44.84500  0.50746  0.50840 
 44.94500  0.50748  0.50840 
 45.04500  0.50740  0.50840 
 45.14500  0.50737  0.50840 
 45.24500  0.50743  0.50840 
 45.34500  0.50741  0.50840 
 45.44500  0.50738  0.50840 
 45.54500  0.50738  0.50840 
 45.64500  0.50730  0.50840 
 45.74500  0.50730  0.50840 
 45.84500  0.50732  0.50840 
 45.94500  0.50730  0.50836 
 46.04500  0.50729  0.50830 
 46.14500  0.50732  0.50830 
 46.24500  0.50726  0.50830 
 46.34500  0.50722  0.50830 
 46.44500  0.50721  0.50830 
 46.54500  0.50728  0.50830 
 46.64500  0.50727  0.50830 
 46.74500  0.50725  0.50830 
 46.84500  0.50722  0.50830 
 46.94500  0.50717  0.50830 
 47.04500  0.50717  0.50830 
 47.14500  0.50718  0.50830 
 47.24500  0.50718  0.50830 
 47.34500  0.50717  0.50830 
 47.44500  0.50715  0.50830 
 47.54500  0.50709  0.50830 
 47.64500  0.50713  0.50830 
 47.74500  0.50712  0.50830 
 47.84500  0.50711  0.50830 
 47.94500  0.50715  0.50821 
 48.04500  0.50714  0.50820 
 48.14500  0.50704  0.50820 
 48.24500  0.50704  0.50820 
 48.34500  0.50706  0.50820 
 48.44500  0.50707  0.50820 
 48.54500  0.50706  0.50820 
 48.64500  0.50707  0.50820 
 48.74500  0.50703  0.50820 
 48.84500  0.50697  0.50820 
 48.94500  0.50695  0.50820 
 49.04500  0.50697  0.50820 
 49.14500  0.50703  0.50820 
 49.24500  0.50698  0.50820 
 49.34500  0.50698  0.50820 
 49.44500  0.50698  0.50820 
 49.54500  0.50692  0.50820 
 49.64500  0.50693  0.50820 
 49.74500  0.50690  0.50820 
 49.84500  0.50693  0.50820 
 49.94500  0.50690  0.50820 
 50.04500  0.50693  0.50816 
 50.14500  0.50688  0.50810 
 50.24500  0.50683  0.50810 
 50.34500  0.50681  0.50810 
 50.44500  0.50682  0.50810 
 50.54500  0.50683  0.50810 
 50.64500  0.50685  0.50810 
 50.74500  0.50691  0.50810 
 50.84500  0.50683  0.50810 
 50.94500  0.50674  0.50810 
 51.04500  0.50673  0.50810 
 51.14500  0.50680  0.50810 
 51.24500  0.50675  0.50810 
 51.34500  0.50677  0.50810 
 51.44500  0.50674  0.50810 
 51.54500  0.50678  0.50810 
 51.64500  0.50675  0.50810 
 51.74500  0.50669  0.50810 
 51.84500  0.50668  0.50810 
 51.94500  0.50668  0.50810 
 52.04500  0.50667  0.50810 
 52.14500  0.50670  0.50810 
 52.24500  0.50670  0.50810 
 52.34500  0.50670  0.50810 
 52.44500  0.50671  0.50810 
 52.54500  0.50667  0.50802 
 52.64500  0.50662  0.50800 
 52.74500  0.50660  0.50800 
 52.84500  0.50663  0.50800 
 52.94500  0.50664  0.50800 
 53.04500  0.50665  0.50800 
 53.14500  0.50663  0.50800 
 53.24500  0.50662  0.50800 
 53.34500  0.50660  0.50800 
 53.44500  0.50654  0.50800 
 53.54500  0.50655  0.50800 
 53.64500  0.50655  0.50800 
 53.74500  0.50656  0.50800 
 53.84500  0.50654  0.50800 
 53.94500  0.50654  0.50800 
 54.04500  0.50659  0.50800 
 54.14500  0.50660  0.50800 
 54.24500  0.50662  0.50800 
 54.34500  0.50650  0.50800 
 54.44500  0.50650  0.50800 
 54.54500  0.50651  0.50800 
 54.64500  0.50652  0.50800 
 54.74500  0.50648  0.50800 
 54.84500  0.50648  0.50800 
 54.94500  0.50649  0.50800 
 55.04500  0.50648  0.50800 
 55.14500  0.50654  0.50800 
 55.24500  0.50651  0.50800 
 55.34500  0.50649  0.50800 
 55.44500  0.50643  0.50800 
 55.54500  0.50642  0.50795 
 55.64500  0.50640  0.50790 
 55.74500  0.50643  0.50790 
 55.84500  0.50646  0.50790 
 55.94500  0.50642  0.50790 
 56.04500  0.50646  0.50790 
 56.14500  0.50646  0.50790 
 56.24500  0.50643  0.50790 
 56.34500  0.50644  0.50790 
 56.44500  0.50646  0.50790 
 56.54500  0.50642  0.50790 
 56.64500  0.50639  0.50790 
 56.74500  0.50637  0.50790 
 56.84500  0.50635  0.50790 
 56.94500  0.50639  0.50790 
 57.04500  0.50637  0.50790 
 57.14500  0.50641  0.50790 
 57.24500  0.50641  0.50790 
 57.34500  0.50639  0.50790 
 57.44500  0.50637  0.50790 
 57.54500  0.50637  0.50790 
 57.64500  0.50639  0.50790 
 57.74500  0.50640  0.50790 
 57.84500  0.50636  0.50790 
 57.94500  0.50631  0.50790 
 58.04500  0.50632  0.50790 
 58.14500  0.50631  0.50790 
 58.24500  0.50630  0.50790 
 58.34500  0.50627  0.50790 
 58.44500  0.50630  0.50790 
 58.54500  0.50629  0.50790 
 58.64500  0.50628  0.50790 
 58.74500  0.50627  0.50790 
 58.84500  0.50631  0.50790 
 58.94500  0.50630  0.50790 
 59.04500  0.50628  0.50790 
 59.14500  0.50629  0.50790 
 59.24500  0.50633  0.50790 
 59.34500  0.50632  0.50790 
 59.44500  0.50630  0.50790 
 59.54500  0.50625  0.50790 
 59.64500  0.50616  0.50790 
 59.74500  0.50619  0.50790 
 59.84500  0.50620  0.50790 
 59.94500  0.50621  0.50790 
 60.04500  0.50621  0.50790 
 60.14500  0.50620  0.50790 
 60.24500  0.50622  0.50783 
 60.34500  0.50622  0.50780 
 60.44500  0.50620  0.50780 
 60.54500  0.50619  0.50780 
 60.64500  0.50617  0.50780 
 60.74500  0.50615  0.50780 
 60.84500  0.50615  0.50780 
 60.94500  0.50619  0.50780 
 61.04500  0.50620  0.50780 
 61.14500  0.50620  0.50780 
 61.24500  0.50619  0.50780 
 61.34500  0.50622  0.50780 
 61.44500  0.50618  0.50780 
 61.54500  0.50617  0.50780 
 61.64500  0.50621  0.50780 
 61.74500  0.50621  0.50780 
 61.84500  0.50619  0.50780 
 61.94500  0.50617  0.50780 
 62.04500  0.50617  0.50780 
 62.14500  0.50617  0.50780 
 62.24500  0.50617  0.50780 
 62.34500  0.50613  0.50780 
 62.44500  0.50608  0.50780 
 62.54500  0.50609  0.50780 
 62.64500  0.50607  0.50780 
 62.74500  0.50608  0.50780 
 62.84500  0.50608  0.50780 
 62.94500  0.50608  0.50780 
 63.04500  0.50608  0.50780 
 63.14500  0.50608  0.50780 
 63.24500  0.50608  0.50780 
 63.34500  0.50609  0.50780 
 63.44500  0.50609  0.50780 
 63.54500  0.50609  0.50780 
 63.64500  0.50612  0.50780 
 63.74500  0.50613  0.50780 
 63.84500  0.50614  0.50780 
 63.94500  0.50614  0.50780 
 64.04500  0.50614  0.50780 
 64.14500  0.50614  0.50780 
 64.24500  0.50614  0.50780 
 64.34500  0.50613  0.50780 
