  0.04500  0.53460  0.53530 
  0.14500  0.53460  0.53530 
  0.24500  0.53460  0.53530 
  0.34500  0.53460  0.53530 
  0.44500  0.53460  0.53530 
  0.54500  0.53461  0.53530 
  0.64500  0.53461  0.53530 
  0.74500  0.53460  0.53530 
  0.84500  0.53456  0.53530 
  0.94500  0.53453  0.53530 
  1.04500  0.53453  0.53530 
  1.14500  0.53452  0.53530 
  1.24500  0.53452  0.53526 
  1.34500  0.53452  0.53520 
  1.44500  0.53453  0.53520 
  1.54500  0.53449  0.53520 
  1.64500  0.53449  0.53520 
  1.74500  0.53449  0.53520 
  1.84500  0.53449  0.53520 
  1.94500  0.53450  0.53520 
  2.04500  0.53449  0.53520 
  2.14500  0.53447  0.53519 
  2.24500  0.53442  0.53510 
  2.34500  0.53439  0.53510 
  2.44500  0.53439  0.53510 
  2.54500  0.53439  0.53510 
  2.64500  0.53439  0.53510 
  2.74500  0.53437  0.53510 
  2.84500  0.53433  0.53503 
  2.94500  0.53430  0.53500 
  3.04500  0.53427  0.53500 
  3.14500  0.53427  0.53500 
  3.24500  0.53426  0.53500 
  3.34500  0.53424  0.53496 
  3.44500  0.53420  0.53490 
  3.54500  0.53420  0.53490 
  3.64500  0.53418  0.53490 
  3.74500  0.53415  0.53490 
  3.84500  0.53413  0.53481 
  3.94500  0.53409  0.53480 
  4.04500  0.53408  0.53480 
  4.14500  0.53406  0.53480 
  4.24500  0.53403  0.53471 
  4.34500  0.53401  0.53470 
  4.44500  0.53397  0.53470 
  4.54500  0.53393  0.53468 
  4.64500  0.53393  0.53460 
  4.74500  0.53387  0.53460 
  4.84500  0.53383  0.53460 
  4.94500  0.53384  0.53452 
  5.04500  0.53382  0.53450 
  5.14500  0.53373  0.53450 
  5.24500  0.53373  0.53444 
  5.34500  0.53371  0.53440 
  5.44500  0.53368  0.53440 
  5.54500  0.53362  0.53435 
  5.64500  0.53359  0.53430 
  5.74500  0.53359  0.53430 
  5.84500  0.53351  0.53423 
  5.94500  0.53348  0.53420 
  6.04500  0.53348  0.53420 
  6.14500  0.53340  0.53411 
  6.24500  0.53338  0.53410 
  6.34500  0.53335  0.53407 
  6.44500  0.53330  0.53400 
  6.54500  0.53327  0.53400 
  6.64500  0.53321  0.53392 
  6.74500  0.53318  0.53390 
  6.84500  0.53316  0.53386 
  6.94500  0.53311  0.53380 
  7.04500  0.53305  0.53380 
  7.14500  0.53304  0.53370 
  7.24500  0.53296  0.53370 
  7.34500  0.53295  0.53363 
  7.44500  0.53288  0.53360 
  7.54500  0.53284  0.53355 
  7.64500  0.53282  0.53350 
  7.74500  0.53276  0.53346 
  7.84500  0.53271  0.53340 
  7.94500  0.53268  0.53337 
  8.04500  0.53260  0.53330 
  8.14500  0.53258  0.53328 
  8.24500  0.53252  0.53320 
  8.34500  0.53249  0.53318 
  8.44500  0.53243  0.53310 
  8.54500  0.53237  0.53307 
  8.64500  0.53234  0.53300 
  8.74500  0.53229  0.53296 
  8.84500  0.53222  0.53290 
  8.94500  0.53219  0.53285 
  9.04500  0.53213  0.53280 
  9.14500  0.53208  0.53273 
  9.24500  0.53201  0.53270 
  9.34500  0.53196  0.53262 
  9.44500  0.53193  0.53259 
  9.54500  0.53185  0.53250 
  9.64500  0.53181  0.53247 
  9.74500  0.53174  0.53240 
  9.84500  0.53170  0.53234 
  9.94500  0.53162  0.53230 
 10.04500  0.53157  0.53221 
 10.14500  0.53152  0.53217 
 10.24500  0.53147  0.53210 
 10.34500  0.53141  0.53204 
 10.44500  0.53133  0.53200 
 10.54500  0.53129  0.53190 
 10.64500  0.53122  0.53186 
 10.74500  0.53116  0.53180 
 10.84500  0.53111  0.53172 
 10.94500  0.53104  0.53167 
 11.04500  0.53097  0.53160 
 11.14500  0.53090  0.53152 
 11.24500  0.53085  0.53147 
 11.34500  0.53077  0.53140 
 11.44500  0.53071  0.53132 
 11.54500  0.53064  0.53127 
 11.64500  0.53058  0.53120 
 11.74500  0.53052  0.53112 
 11.84500  0.53045  0.53106 
 11.94500  0.53037  0.53100 
 12.04500  0.53031  0.53091 
 12.14500  0.53023  0.53085 
 12.24500  0.53018  0.53079 
 12.34500  0.53010  0.53070 
 12.44500  0.53002  0.53063 
 12.54500  0.52996  0.53056 
 12.64500  0.52988  0.53050 
 12.74500  0.52983  0.53040 
 12.84500  0.52974  0.53033 
 12.94500  0.52966  0.53027 
 13.04500  0.52958  0.53020 
 13.14500  0.52952  0.53010 
 13.24500  0.52944  0.53003 
 13.34500  0.52937  0.52996 
 13.44500  0.52930  0.52989 
 13.54500  0.52922  0.52980 
 13.64500  0.52913  0.52972 
 13.74500  0.52905  0.52964 
 13.84500  0.52899  0.52957 
 13.94500  0.52891  0.52950 
 14.04500  0.52883  0.52940 
 14.14500  0.52875  0.52932 
 14.24500  0.52867  0.52924 
 14.34500  0.52858  0.52917 
 14.44500  0.52851  0.52909 
 14.54500  0.52844  0.52900 
 14.64500  0.52834  0.52891 
 14.74500  0.52825  0.52883 
 14.84500  0.52818  0.52875 
 14.94500  0.52811  0.52866 
 15.04500  0.52801  0.52858 
 15.14500  0.52794  0.52850 
 15.24500  0.52784  0.52840 
 15.34500  0.52777  0.52832 
 15.44500  0.52768  0.52823 
 15.54500  0.52759  0.52815 
 15.64500  0.52752  0.52806 
 15.74500  0.52743  0.52797 
 15.84500  0.52733  0.52789 
 15.94500  0.52725  0.52780 
 16.04500  0.52717  0.52770 
 16.14500  0.52708  0.52761 
 16.24500  0.52698  0.52752 
 16.34500  0.52691  0.52743 
 16.44500  0.52681  0.52734 
 16.54500  0.52672  0.52725 
 16.64500  0.52663  0.52716 
 16.74500  0.52655  0.52707 
 16.84500  0.52645  0.52697 
 16.94500  0.52636  0.52688 
 17.04500  0.52628  0.52679 
 17.14500  0.52618  0.52669 
 17.24500  0.52608  0.52660 
 17.34500  0.52599  0.52650 
 17.44500  0.52592  0.52640 
 17.54500  0.52582  0.52631 
 17.64500  0.52572  0.52621 
 17.74500  0.52563  0.52612 
 17.84500  0.52554  0.52602 
 17.94500  0.52545  0.52592 
 18.04500  0.52534  0.52582 
 18.14500  0.52526  0.52573 
 18.24500  0.52517  0.52563 
 18.34500  0.52507  0.52553 
 18.44500  0.52496  0.52543 
 18.54500  0.52487  0.52533 
 18.64500  0.52477  0.52523 
 18.74500  0.52469  0.52513 
 18.84500  0.52458  0.52503 
 18.94500  0.52447  0.52493 
 19.04500  0.52438  0.52483 
 19.14500  0.52429  0.52472 
 19.24500  0.52420  0.52462 
 19.34500  0.52408  0.52452 
 19.44500  0.52399  0.52442 
 19.54500  0.52389  0.52431 
 19.64500  0.52379  0.52421 
 19.74500  0.52369  0.52411 
 19.84500  0.52359  0.52400 
 19.94500  0.52348  0.52389 
 20.04500  0.52339  0.52379 
 20.14500  0.52329  0.52368 
 20.24500  0.52318  0.52358 
 20.34500  0.52307  0.52347 
 20.44500  0.52298  0.52336 
 20.54500  0.52287  0.52326 
 20.64500  0.52277  0.52315 
 20.74500  0.52267  0.52304 
 20.84500  0.52256  0.52294 
 20.94500  0.52245  0.52283 
 21.04500  0.52235  0.52272 
 21.14500  0.52223  0.52261 
 21.24500  0.52213  0.52251 
 21.34500  0.52202  0.52239 
 21.44500  0.52193  0.52228 
 21.54500  0.52182  0.52217 
 21.64500  0.52170  0.52206 
 21.74500  0.52159  0.52195 
 21.84500  0.52148  0.52184 
 21.94500  0.52138  0.52173 
 22.04500  0.52127  0.52162 
 22.14500  0.52115  0.52151 
 22.24500  0.52105  0.52139 
 22.34500  0.52094  0.52128 
 22.44500  0.52082  0.52117 
 22.54500  0.52072  0.52105 
 22.64500  0.52061  0.52094 
 22.74500  0.52049  0.52083 
 22.84500  0.52039  0.52072 
 22.94500  0.52027  0.52060 
 23.04500  0.52016  0.52048 
 23.14500  0.52006  0.52037 
 23.24500  0.51994  0.52026 
 23.34500  0.51983  0.52014 
 23.44500  0.51971  0.52003 
 23.54500  0.51960  0.51992 
 23.64500  0.51949  0.51979 
 23.74500  0.51938  0.51967 
 23.84500  0.51926  0.51956 
 23.94500  0.51915  0.51945 
 24.04500  0.51904  0.51933 
 24.14500  0.51891  0.51922 
 24.24500  0.51880  0.51909 
 24.34500  0.51869  0.51897 
 24.44500  0.51858  0.51886 
 24.54500  0.51845  0.51874 
 24.64500  0.51834  0.51863 
 24.74500  0.51823  0.51850 
 24.84500  0.51811  0.51838 
 24.94500  0.51801  0.51826 
 25.04500  0.51788  0.51815 
 25.14500  0.51777  0.51803 
 25.24500  0.51765  0.51791 
 25.34500  0.51753  0.51778 
 25.44500  0.51742  0.51766 
 25.54500  0.51731  0.51755 
 25.64500  0.51718  0.51743 
 25.74500  0.51707  0.51731 
 25.84500  0.51695  0.51718 
 25.94500  0.51683  0.51706 
 26.04500  0.51671  0.51694 
 26.14500  0.51659  0.51683 
 26.24500  0.51649  0.51670 
 26.34500  0.51636  0.51657 
 26.44500  0.51624  0.51646 
 26.54500  0.51613  0.51634 
 26.64500  0.51601  0.51622 
 26.74500  0.51589  0.51608 
 26.84500  0.51578  0.51596 
 26.94500  0.51565  0.51585 
 27.04500  0.51553  0.51573 
 27.14500  0.51541  0.51560 
 27.24500  0.51529  0.51547 
 27.34500  0.51518  0.51535 
 27.44500  0.51506  0.51523 
 27.54500  0.51494  0.51510 
 27.64500  0.51482  0.51498 
 27.74500  0.51469  0.51486 
 27.84500  0.51458  0.51474 
 27.94500  0.51446  0.51462 
 28.04500  0.51433  0.51448 
 28.14500  0.51422  0.51436 
 28.24500  0.51408  0.51424 
 28.34500  0.51397  0.51412 
 28.44500  0.51387  0.51398 
 28.54500  0.51374  0.51386 
 28.64500  0.51362  0.51374 
 28.74500  0.51350  0.51362 
 28.84500  0.51338  0.51348 
 28.94500  0.51326  0.51336 
 29.04500  0.51313  0.51324 
 29.14500  0.51301  0.51312 
 29.24500  0.51288  0.51298 
 29.34500  0.51277  0.51286 
 29.44500  0.51265  0.51274 
 29.54500  0.51253  0.51262 
 29.64500  0.51240  0.51248 
 29.74500  0.51228  0.51236 
 29.84500  0.51216  0.51223 
 29.94500  0.51204  0.51210 
 30.04500  0.51191  0.51197 
 30.14500  0.51179  0.51185 
 30.24500  0.51166  0.51173 
 30.34500  0.51154  0.51160 
 30.44500  0.51142  0.51147 
 30.54500  0.51130  0.51135 
 30.64500  0.51117  0.51123 
 30.74500  0.51104  0.51109 
 30.84500  0.51093  0.51096 
 30.94500  0.51081  0.51084 
 31.04500  0.51067  0.51072 
 31.14500  0.51056  0.51058 
 31.24500  0.51043  0.51046 
 31.34500  0.51031  0.51034 
 31.44500  0.51018  0.51022 
 31.54500  0.51006  0.51007 
 31.64500  0.50994  0.50995 
 31.74500  0.50981  0.50983 
 31.84500  0.50969  0.50970 
 31.94500  0.50956  0.50957 
 32.04500  0.50943  0.50945 
 32.14500  0.50932  0.50933 
 32.24500  0.50919  0.50918 
 32.34500  0.50907  0.50906 
 32.44500  0.50895  0.50894 
 32.54500  0.50882  0.50882 
 32.64500  0.50870  0.50868 
 32.74500  0.50857  0.50856 
 32.84500  0.50846  0.50844 
 32.94500  0.50833  0.50830 
 33.04500  0.50820  0.50817 
 33.14500  0.50808  0.50805 
 33.24500  0.50796  0.50793 
 33.34500  0.50783  0.50780 
 33.44500  0.50771  0.50767 
 33.54500  0.50759  0.50755 
 33.64500  0.50747  0.50742 
 33.74500  0.50734  0.50728 
 33.84500  0.50721  0.50716 
 33.94500  0.50708  0.50704 
 34.04500  0.50697  0.50692 
 34.14500  0.50684  0.50678 
 34.24500  0.50672  0.50666 
 34.34500  0.50660  0.50654 
 34.44500  0.50647  0.50641 
 34.54500  0.50636  0.50627 
 34.64500  0.50624  0.50615 
 34.74500  0.50611  0.50603 
 34.84500  0.50599  0.50590 
 34.94500  0.50587  0.50577 
 35.04500  0.50574  0.50565 
 35.14500  0.50562  0.50553 
 35.24500  0.50550  0.50540 
 35.34500  0.50538  0.50527 
 35.44500  0.50526  0.50515 
 35.54500  0.50514  0.50503 
 35.64500  0.50502  0.50490 
 35.74500  0.50489  0.50477 
 35.84500  0.50477  0.50465 
 35.94500  0.50467  0.50453 
 36.04500  0.50453  0.50440 
 36.14500  0.50442  0.50427 
 36.24500  0.50429  0.50415 
 36.34500  0.50417  0.50403 
 36.44500  0.50406  0.50390 
 36.54500  0.50392  0.50377 
 36.64500  0.50381  0.50365 
 36.74500  0.50370  0.50353 
 36.84500  0.50357  0.50340 
 36.94500  0.50345  0.50327 
 37.04500  0.50333  0.50316 
 37.14500  0.50322  0.50304 
 37.24500  0.50310  0.50292 
 37.34500  0.50297  0.50278 
 37.44500  0.50286  0.50266 
 37.54500  0.50274  0.50254 
 37.64500  0.50262  0.50242 
 37.74500  0.50250  0.50230 
 37.84500  0.50239  0.50217 
 37.94500  0.50226  0.50205 
 38.04500  0.50215  0.50193 
 38.14500  0.50203  0.50182 
 38.24500  0.50191  0.50168 
 38.34500  0.50180  0.50156 
 38.44500  0.50167  0.50145 
 38.54500  0.50156  0.50133 
 38.64500  0.50145  0.50120 
 38.74500  0.50132  0.50108 
 38.84500  0.50120  0.50096 
 38.94500  0.50110  0.50084 
 39.04500  0.50097  0.50073 
 39.14500  0.50086  0.50060 
 39.24500  0.50075  0.50048 
 39.34500  0.50062  0.50036 
 39.44500  0.50051  0.50024 
 39.54500  0.50040  0.50013 
 39.64500  0.50028  0.50001 
 39.74500  0.50016  0.49988 
 39.84500  0.50005  0.49976 
 39.94500  0.49993  0.49965 
 40.04500  0.49982  0.49953 
 40.14500  0.49971  0.49942 
 40.24500  0.49959  0.49929 
 40.34500  0.49948  0.49917 
 40.44500  0.49936  0.49906 
 40.54500  0.49925  0.49895 
 40.64500  0.49913  0.49883 
 40.74500  0.49902  0.49872 
 40.84500  0.49890  0.49859 
 40.94500  0.49879  0.49848 
 41.04500  0.49868  0.49836 
 41.14500  0.49856  0.49825 
 41.24500  0.49846  0.49814 
 41.34500  0.49833  0.49802 
 41.44500  0.49824  0.49791 
 41.54500  0.49812  0.49779 
 41.64500  0.49801  0.49767 
 41.74500  0.49789  0.49756 
 41.84500  0.49779  0.49745 
 41.94500  0.49767  0.49734 
 42.04500  0.49756  0.49723 
 42.14500  0.49744  0.49711 
 42.24500  0.49734  0.49699 
 42.34500  0.49724  0.49688 
 42.44500  0.49712  0.49677 
 42.54500  0.49701  0.49666 
 42.64500  0.49691  0.49655 
 42.74500  0.49680  0.49644 
 42.84500  0.49669  0.49633 
 42.94500  0.49658  0.49622 
 43.04500  0.49647  0.49611 
 43.14500  0.49637  0.49600 
 43.24500  0.49626  0.49589 
 43.34500  0.49616  0.49578 
 43.44500  0.49604  0.49567 
 43.54500  0.49595  0.49556 
 43.64500  0.49583  0.49546 
 43.74500  0.49574  0.49535 
 43.84500  0.49563  0.49524 
 43.94500  0.49553  0.49514 
 44.04500  0.49542  0.49503 
 44.14500  0.49532  0.49492 
 44.24500  0.49521  0.49482 
 44.34500  0.49512  0.49471 
 44.44500  0.49501  0.49461 
 44.54500  0.49492  0.49450 
 44.64500  0.49481  0.49439 
 44.74500  0.49470  0.49429 
 44.84500  0.49462  0.49418 
 44.94500  0.49451  0.49408 
 45.04500  0.49441  0.49398 
 45.14500  0.49432  0.49388 
 45.24500  0.49421  0.49377 
 45.34500  0.49410  0.49367 
 45.44500  0.49400  0.49357 
 45.54500  0.49392  0.49347 
 45.64500  0.49382  0.49337 
 45.74500  0.49371  0.49327 
 45.84500  0.49363  0.49317 
 45.94500  0.49353  0.49307 
 46.04500  0.49345  0.49297 
 46.14500  0.49333  0.49287 
 46.24500  0.49324  0.49277 
 46.34500  0.49314  0.49267 
 46.44500  0.49306  0.49257 
 46.54500  0.49295  0.49248 
 46.64500  0.49286  0.49238 
 46.74500  0.49277  0.49228 
 46.84500  0.49268  0.49219 
 46.94500  0.49258  0.49209 
 47.04500  0.49248  0.49199 
 47.14500  0.49240  0.49190 
 47.24500  0.49231  0.49180 
 47.34500  0.49222  0.49171 
 47.44500  0.49212  0.49161 
 47.54500  0.49204  0.49152 
 47.64500  0.49194  0.49143 
 47.74500  0.49185  0.49133 
 47.84500  0.49176  0.49124 
 47.94500  0.49169  0.49115 
 48.04500  0.49159  0.49106 
 48.14500  0.49149  0.49097 
 48.24500  0.49141  0.49088 
 48.34500  0.49133  0.49079 
 48.44500  0.49123  0.49070 
 48.54500  0.49115  0.49060 
 48.64500  0.49106  0.49051 
 48.74500  0.49098  0.49043 
 48.84500  0.49090  0.49034 
 48.94500  0.49081  0.49026 
 49.04500  0.49072  0.49017 
 49.14500  0.49063  0.49009 
 49.24500  0.49056  0.49000 
 49.34500  0.49047  0.48990 
 49.44500  0.49039  0.48982 
 49.54500  0.49031  0.48974 
 49.64500  0.49021  0.48966 
 49.74500  0.49015  0.48958 
 49.84500  0.49006  0.48950 
 49.94500  0.48997  0.48940 
 50.04500  0.48990  0.48932 
 50.14500  0.48982  0.48924 
 50.24500  0.48974  0.48916 
 50.34500  0.48966  0.48908 
 50.44500  0.48958  0.48900 
 50.54500  0.48950  0.48891 
 50.64500  0.48942  0.48883 
 50.74500  0.48933  0.48876 
 50.84500  0.48928  0.48869 
 50.94500  0.48918  0.48860 
 51.04500  0.48911  0.48852 
 51.14500  0.48904  0.48845 
 51.24500  0.48895  0.48838 
 51.34500  0.48889  0.48830 
 51.44500  0.48882  0.48821 
 51.54500  0.48874  0.48814 
 51.64500  0.48867  0.48807 
 51.74500  0.48859  0.48800 
 51.84500  0.48852  0.48791 
 51.94500  0.48845  0.48785 
 52.04500  0.48839  0.48778 
 52.14500  0.48830  0.48770 
 52.24500  0.48824  0.48762 
 52.34500  0.48817  0.48756 
 52.44500  0.48809  0.48750 
 52.54500  0.48805  0.48741 
 52.64500  0.48796  0.48735 
 52.74500  0.48790  0.48729 
 52.84500  0.48783  0.48720 
 52.94500  0.48777  0.48714 
 53.04500  0.48769  0.48709 
 53.14500  0.48764  0.48700 
 53.24500  0.48757  0.48694 
 53.34500  0.48752  0.48689 
 53.44500  0.48743  0.48680 
 53.54500  0.48740  0.48674 
 53.64500  0.48731  0.48670 
 53.74500  0.48726  0.48660 
 53.84500  0.48719  0.48656 
 53.94500  0.48714  0.48650 
 54.04500  0.48708  0.48642 
 54.14500  0.48701  0.48638 
 54.24500  0.48696  0.48630 
 54.34500  0.48690  0.48624 
 54.44500  0.48683  0.48620 
 54.54500  0.48678  0.48611 
 54.64500  0.48674  0.48608 
 54.74500  0.48666  0.48600 
 54.84500  0.48662  0.48595 
 54.94500  0.48655  0.48590 
 55.04500  0.48650  0.48583 
 55.14500  0.48644  0.48580 
 55.24500  0.48641  0.48571 
 55.34500  0.48633  0.48569 
 55.44500  0.48630  0.48560 
 55.54500  0.48621  0.48557 
 55.64500  0.48620  0.48550 
 55.74500  0.48614  0.48546 
 55.84500  0.48608  0.48540 
 55.94500  0.48604  0.48536 
 56.04500  0.48599  0.48530 
 56.14500  0.48593  0.48525 
 56.24500  0.48589  0.48520 
 56.34500  0.48584  0.48515 
 56.44500  0.48580  0.48510 
 56.54500  0.48577  0.48506 
 56.64500  0.48569  0.48500 
 56.74500  0.48567  0.48497 
 56.84500  0.48560  0.48490 
 56.94500  0.48556  0.48489 
 57.04500  0.48555  0.48480 
 57.14500  0.48546  0.48480 
 57.24500  0.48545  0.48471 
 57.34500  0.48540  0.48470 
 57.44500  0.48536  0.48464 
 57.54500  0.48533  0.48460 
 57.64500  0.48527  0.48458 
 57.74500  0.48521  0.48450 
 57.84500  0.48519  0.48450 
 57.94500  0.48517  0.48443 
 58.04500  0.48512  0.48440 
 58.14500  0.48508  0.48438 
 58.24500  0.48503  0.48430 
 58.34500  0.48501  0.48430 
 58.44500  0.48497  0.48425 
 58.54500  0.48492  0.48420 
 58.64500  0.48492  0.48420 
 58.74500  0.48485  0.48413 
 58.84500  0.48482  0.48410 
 58.94500  0.48481  0.48410 
 59.04500  0.48478  0.48402 
 59.14500  0.48471  0.48400 
 59.24500  0.48467  0.48400 
 59.34500  0.48467  0.48392 
 59.44500  0.48466  0.48390 
 59.54500  0.48456  0.48390 
 59.64500  0.48456  0.48385 
 59.74500  0.48456  0.48380 
 59.84500  0.48451  0.48380 
 59.94500  0.48448  0.48380 
 60.04500  0.48446  0.48370 
 60.14500  0.48444  0.48370 
 60.24500  0.48440  0.48370 
 60.34500  0.48437  0.48368 
 60.44500  0.48434  0.48360 
 60.54500  0.48431  0.48360 
 60.64500  0.48432  0.48360 
 60.74500  0.48428  0.48360 
 60.84500  0.48426  0.48350 
 60.94500  0.48423  0.48350 
 61.04500  0.48419  0.48350 
 61.14500  0.48419  0.48350 
 61.24500  0.48417  0.48347 
 61.34500  0.48412  0.48340 
 61.44500  0.48413  0.48340 
 61.54500  0.48414  0.48340 
 61.64500  0.48412  0.48340 
 61.74500  0.48410  0.48340 
 61.84500  0.48406  0.48332 
 61.94500  0.48402  0.48330 
 62.04500  0.48402  0.48330 
 62.14500  0.48402  0.48330 
 62.24500  0.48402  0.48330 
 62.34500  0.48402  0.48330 
 62.44500  0.48398  0.48330 
 62.54500  0.48395  0.48323 
 62.64500  0.48394  0.48320 
 62.74500  0.48391  0.48320 
 62.84500  0.48391  0.48320 
 62.94500  0.48390  0.48320 
 63.04500  0.48390  0.48320 
 63.14500  0.48390  0.48320 
 63.24500  0.48391  0.48320 
 63.34500  0.48387  0.48320 
 63.44500  0.48387  0.48320 
 63.54500  0.48387  0.48320 
 63.64500  0.48387  0.48320 
 63.74500  0.48387  0.48314 
 63.84500  0.48386  0.48310 
 63.94500  0.48387  0.48310 
 64.04500  0.48387  0.48310 
 64.14500  0.48387  0.48310 
 64.24500  0.48387  0.48310 
 64.34500  0.48387  0.48310 
