  0.04500  0.56121  0.56140 
  0.14500  0.56119  0.56140 
  0.24500  0.56119  0.56138 
  0.34500  0.56119  0.56130 
  0.44500  0.56117  0.56130 
  0.54500  0.56117  0.56130 
  0.64500  0.56118  0.56130 
  0.74500  0.56115  0.56130 
  0.84500  0.56113  0.56130 
  0.94500  0.56110  0.56130 
  1.04500  0.56106  0.56127 
  1.14500  0.56106  0.56120 
  1.24500  0.56101  0.56120 
  1.34500  0.56103  0.56120 
  1.44500  0.56097  0.56119 
  1.54500  0.56097  0.56110 
  1.64500  0.56095  0.56110 
  1.74500  0.56088  0.56110 
  1.84500  0.56088  0.56101 
  1.94500  0.56083  0.56100 
  2.04500  0.56079  0.56098 
  2.14500  0.56075  0.56090 
  2.24500  0.56071  0.56090 
  2.34500  0.56068  0.56083 
  2.44500  0.56062  0.56080 
  2.54500  0.56058  0.56075 
  2.64500  0.56054  0.56070 
  2.74500  0.56047  0.56065 
  2.84500  0.56045  0.56060 
  2.94500  0.56038  0.56054 
  3.04500  0.56028  0.56050 
  3.14500  0.56029  0.56042 
  3.24500  0.56020  0.56038 
  3.34500  0.56015  0.56030 
  3.44500  0.56009  0.56024 
  3.54500  0.56000  0.56020 
  3.64500  0.55994  0.56010 
  3.74500  0.55988  0.56005 
  3.84500  0.55982  0.55999 
  3.94500  0.55976  0.55990 
  4.04500  0.55966  0.55983 
  4.14500  0.55960  0.55976 
  4.24500  0.55951  0.55969 
  4.34500  0.55943  0.55960 
  4.44500  0.55938  0.55951 
  4.54500  0.55927  0.55944 
  4.64500  0.55922  0.55936 
  4.74500  0.55910  0.55927 
  4.84500  0.55904  0.55919 
  4.94500  0.55895  0.55910 
  5.04500  0.55887  0.55900 
  5.14500  0.55875  0.55891 
  5.24500  0.55866  0.55881 
  5.34500  0.55857  0.55872 
  5.44500  0.55848  0.55862 
  5.54500  0.55838  0.55852 
  5.64500  0.55829  0.55842 
  5.74500  0.55819  0.55832 
  5.84500  0.55807  0.55822 
  5.94500  0.55799  0.55812 
  6.04500  0.55788  0.55801 
  6.14500  0.55775  0.55789 
  6.24500  0.55766  0.55778 
  6.34500  0.55756  0.55767 
  6.44500  0.55743  0.55756 
  6.54500  0.55733  0.55745 
  6.64500  0.55721  0.55734 
  6.74500  0.55709  0.55722 
  6.84500  0.55696  0.55710 
  6.94500  0.55687  0.55697 
  7.04500  0.55672  0.55685 
  7.14500  0.55661  0.55673 
  7.24500  0.55649  0.55661 
  7.34500  0.55637  0.55647 
  7.44500  0.55624  0.55635 
  7.54500  0.55610  0.55623 
  7.64500  0.55599  0.55609 
  7.74500  0.55585  0.55596 
  7.84500  0.55572  0.55583 
  7.94500  0.55559  0.55569 
  8.04500  0.55545  0.55555 
  8.14500  0.55531  0.55543 
  8.24500  0.55517  0.55527 
  8.34500  0.55504  0.55514 
  8.44500  0.55487  0.55499 
  8.54500  0.55476  0.55485 
  8.64500  0.55460  0.55471 
  8.74500  0.55446  0.55456 
  8.84500  0.55431  0.55443 
  8.94500  0.55417  0.55427 
  9.04500  0.55401  0.55413 
  9.14500  0.55387  0.55397 
  9.24500  0.55373  0.55383 
  9.34500  0.55356  0.55366 
  9.44500  0.55342  0.55352 
  9.54500  0.55326  0.55336 
  9.64500  0.55310  0.55320 
  9.74500  0.55295  0.55305 
  9.84500  0.55278  0.55288 
  9.94500  0.55264  0.55274 
 10.04500  0.55248  0.55256 
 10.14500  0.55230  0.55241 
 10.24500  0.55215  0.55225 
 10.34500  0.55198  0.55208 
 10.44500  0.55183  0.55192 
 10.54500  0.55165  0.55175 
 10.64500  0.55148  0.55158 
 10.74500  0.55131  0.55142 
 10.84500  0.55114  0.55125 
 10.94500  0.55098  0.55108 
 11.04500  0.55080  0.55090 
 11.14500  0.55063  0.55074 
 11.24500  0.55045  0.55056 
 11.34500  0.55029  0.55038 
 11.44500  0.55011  0.55022 
 11.54500  0.54993  0.55004 
 11.64500  0.54976  0.54986 
 11.74500  0.54958  0.54968 
 11.84500  0.54941  0.54951 
 11.94500  0.54923  0.54933 
 12.04500  0.54905  0.54915 
 12.14500  0.54886  0.54896 
 12.24500  0.54870  0.54878 
 12.34500  0.54850  0.54860 
 12.44500  0.54833  0.54842 
 12.54500  0.54815  0.54824 
 12.64500  0.54795  0.54805 
 12.74500  0.54776  0.54787 
 12.84500  0.54759  0.54768 
 12.94500  0.54739  0.54749 
 13.04500  0.54721  0.54731 
 13.14500  0.54703  0.54712 
 13.24500  0.54683  0.54693 
 13.34500  0.54665  0.54675 
 13.44500  0.54646  0.54655 
 13.54500  0.54627  0.54636 
 13.64500  0.54609  0.54617 
 13.74500  0.54588  0.54597 
 13.84500  0.54571  0.54579 
 13.94500  0.54551  0.54559 
 14.04500  0.54532  0.54539 
 14.14500  0.54512  0.54521 
 14.24500  0.54492  0.54501 
 14.34500  0.54474  0.54481 
 14.44500  0.54453  0.54461 
 14.54500  0.54433  0.54443 
 14.64500  0.54415  0.54423 
 14.74500  0.54394  0.54403 
 14.84500  0.54374  0.54383 
 14.94500  0.54356  0.54363 
 15.04500  0.54335  0.54343 
 15.14500  0.54316  0.54323 
 15.24500  0.54297  0.54303 
 15.34500  0.54276  0.54283 
 15.44500  0.54256  0.54263 
 15.54500  0.54236  0.54243 
 15.64500  0.54216  0.54223 
 15.74500  0.54196  0.54203 
 15.84500  0.54176  0.54183 
 15.94500  0.54157  0.54163 
 16.04500  0.54135  0.54143 
 16.14500  0.54117  0.54123 
 16.24500  0.54095  0.54102 
 16.34500  0.54076  0.54081 
 16.44500  0.54055  0.54061 
 16.54500  0.54034  0.54041 
 16.64500  0.54014  0.54021 
 16.74500  0.53994  0.54001 
 16.84500  0.53974  0.53979 
 16.94500  0.53953  0.53959 
 17.04500  0.53933  0.53939 
 17.14500  0.53912  0.53919 
 17.24500  0.53891  0.53897 
 17.34500  0.53871  0.53877 
 17.44500  0.53852  0.53857 
 17.54500  0.53829  0.53836 
 17.64500  0.53809  0.53815 
 17.74500  0.53788  0.53795 
 17.84500  0.53769  0.53774 
 17.94500  0.53748  0.53753 
 18.04500  0.53728  0.53733 
 18.14500  0.53706  0.53712 
 18.24500  0.53686  0.53691 
 18.34500  0.53665  0.53671 
 18.44500  0.53644  0.53650 
 18.54500  0.53626  0.53629 
 18.64500  0.53604  0.53609 
 18.74500  0.53583  0.53588 
 18.84500  0.53563  0.53567 
 18.94500  0.53542  0.53547 
 19.04500  0.53521  0.53526 
 19.14500  0.53500  0.53505 
 19.24500  0.53479  0.53485 
 19.34500  0.53457  0.53463 
 19.44500  0.53438  0.53443 
 19.54500  0.53418  0.53423 
 19.64500  0.53396  0.53401 
 19.74500  0.53376  0.53381 
 19.84500  0.53355  0.53361 
 19.94500  0.53335  0.53339 
 20.04500  0.53313  0.53319 
 20.14500  0.53295  0.53299 
 20.24500  0.53273  0.53277 
 20.34500  0.53254  0.53257 
 20.44500  0.53230  0.53237 
 20.54500  0.53211  0.53215 
 20.64500  0.53190  0.53195 
 20.74500  0.53168  0.53174 
 20.84500  0.53150  0.53153 
 20.94500  0.53130  0.53133 
 21.04500  0.53108  0.53113 
 21.14500  0.53088  0.53091 
 21.24500  0.53068  0.53071 
 21.34500  0.53046  0.53051 
 21.44500  0.53027  0.53030 
 21.54500  0.53007  0.53009 
 21.64500  0.52986  0.52989 
 21.74500  0.52965  0.52969 
 21.84500  0.52945  0.52947 
 21.94500  0.52925  0.52927 
 22.04500  0.52905  0.52907 
 22.14500  0.52883  0.52887 
 22.24500  0.52863  0.52866 
 22.34500  0.52842  0.52845 
 22.44500  0.52824  0.52825 
 22.54500  0.52803  0.52805 
 22.64500  0.52783  0.52785 
 22.74500  0.52762  0.52763 
 22.84500  0.52741  0.52743 
 22.94500  0.52722  0.52723 
 23.04500  0.52703  0.52703 
 23.14500  0.52681  0.52683 
 23.24500  0.52661  0.52663 
 23.34500  0.52642  0.52643 
 23.44500  0.52621  0.52622 
 23.54500  0.52601  0.52601 
 23.64500  0.52581  0.52581 
 23.74500  0.52561  0.52561 
 23.84500  0.52542  0.52541 
 23.94500  0.52522  0.52521 
 24.04500  0.52501  0.52501 
 24.14500  0.52482  0.52481 
 24.24500  0.52461  0.52461 
 24.34500  0.52440  0.52441 
 24.44500  0.52423  0.52421 
 24.54500  0.52401  0.52401 
 24.64500  0.52384  0.52381 
 24.74500  0.52361  0.52361 
 24.84500  0.52341  0.52341 
 24.94500  0.52323  0.52321 
 25.04500  0.52302  0.52301 
 25.14500  0.52283  0.52281 
 25.24500  0.52262  0.52261 
 25.34500  0.52244  0.52241 
 25.44500  0.52222  0.52223 
 25.54500  0.52205  0.52203 
 25.64500  0.52183  0.52183 
 25.74500  0.52164  0.52163 
 25.84500  0.52146  0.52143 
 25.94500  0.52123  0.52123 
 26.04500  0.52106  0.52103 
 26.14500  0.52086  0.52085 
 26.24500  0.52067  0.52065 
 26.34500  0.52048  0.52045 
 26.44500  0.52025  0.52025 
 26.54500  0.52007  0.52005 
 26.64500  0.51988  0.51987 
 26.74500  0.51966  0.51967 
 26.84500  0.51949  0.51947 
 26.94500  0.51929  0.51927 
 27.04500  0.51910  0.51909 
 27.14500  0.51889  0.51889 
 27.24500  0.51873  0.51869 
 27.34500  0.51851  0.51850 
 27.44500  0.51830  0.51831 
 27.54500  0.51813  0.51811 
 27.64500  0.51794  0.51792 
 27.74500  0.51774  0.51773 
 27.84500  0.51755  0.51753 
 27.94500  0.51735  0.51735 
 28.04500  0.51718  0.51715 
 28.14500  0.51699  0.51695 
 28.24500  0.51674  0.51676 
 28.34500  0.51658  0.51657 
 28.44500  0.51640  0.51638 
 28.54500  0.51621  0.51619 
 28.64500  0.51600  0.51599 
 28.74500  0.51582  0.51581 
 28.84500  0.51562  0.51561 
 28.94500  0.51540  0.51542 
 29.04500  0.51526  0.51523 
 29.14500  0.51506  0.51504 
 29.24500  0.51486  0.51485 
 29.34500  0.51466  0.51465 
 29.44500  0.51446  0.51447 
 29.54500  0.51428  0.51427 
 29.64500  0.51411  0.51409 
 29.74500  0.51391  0.51389 
 29.84500  0.51372  0.51371 
 29.94500  0.51353  0.51351 
 30.04500  0.51335  0.51333 
 30.14500  0.51316  0.51314 
 30.24500  0.51294  0.51295 
 30.34500  0.51276  0.51275 
 30.44500  0.51257  0.51257 
 30.54500  0.51241  0.51237 
 30.64500  0.51223  0.51219 
 30.74500  0.51201  0.51200 
 30.84500  0.51185  0.51181 
 30.94500  0.51164  0.51162 
 31.04500  0.51148  0.51143 
 31.14500  0.51128  0.51125 
 31.24500  0.51108  0.51105 
 31.34500  0.51088  0.51087 
 31.44500  0.51069  0.51067 
 31.54500  0.51055  0.51049 
 31.64500  0.51034  0.51030 
 31.74500  0.51016  0.51011 
 31.84500  0.50997  0.50992 
 31.94500  0.50977  0.50973 
 32.04500  0.50957  0.50955 
 32.14500  0.50941  0.50935 
 32.24500  0.50922  0.50917 
 32.34500  0.50901  0.50897 
 32.44500  0.50881  0.50879 
 32.54500  0.50864  0.50860 
 32.64500  0.50848  0.50841 
 32.74500  0.50829  0.50823 
 32.84500  0.50810  0.50803 
 32.94500  0.50794  0.50785 
 33.04500  0.50772  0.50765 
 33.14500  0.50752  0.50747 
 33.24500  0.50733  0.50728 
 33.34500  0.50715  0.50709 
 33.44500  0.50698  0.50690 
 33.54500  0.50677  0.50671 
 33.64500  0.50661  0.50653 
 33.74500  0.50643  0.50633 
 33.84500  0.50623  0.50615 
 33.94500  0.50605  0.50595 
 34.04500  0.50587  0.50577 
 34.14500  0.50565  0.50557 
 34.24500  0.50547  0.50539 
 34.34500  0.50527  0.50519 
 34.44500  0.50509  0.50501 
 34.54500  0.50493  0.50482 
 34.64500  0.50471  0.50463 
 34.74500  0.50453  0.50444 
 34.84500  0.50433  0.50425 
 34.94500  0.50416  0.50405 
 35.04500  0.50394  0.50387 
 35.14500  0.50374  0.50367 
 35.24500  0.50357  0.50349 
 35.34500  0.50338  0.50329 
 35.44500  0.50320  0.50311 
 35.54500  0.50299  0.50291 
 35.64500  0.50282  0.50273 
 35.74500  0.50260  0.50253 
 35.84500  0.50242  0.50234 
 35.94500  0.50224  0.50215 
 36.04500  0.50204  0.50195 
 36.14500  0.50187  0.50176 
 36.24500  0.50164  0.50157 
 36.34500  0.50148  0.50138 
 36.44500  0.50129  0.50119 
 36.54500  0.50107  0.50099 
 36.64500  0.50088  0.50080 
 36.74500  0.50068  0.50061 
 36.84500  0.50049  0.50041 
 36.94500  0.50032  0.50023 
 37.04500  0.50010  0.50003 
 37.14500  0.49990  0.49983 
 37.24500  0.49972  0.49965 
 37.34500  0.49954  0.49945 
 37.44500  0.49933  0.49925 
 37.54500  0.49914  0.49905 
 37.64500  0.49896  0.49887 
 37.74500  0.49874  0.49867 
 37.84500  0.49856  0.49847 
 37.94500  0.49837  0.49827 
 38.04500  0.49815  0.49809 
 38.14500  0.49797  0.49789 
 38.24500  0.49778  0.49769 
 38.34500  0.49757  0.49749 
 38.44500  0.49740  0.49729 
 38.54500  0.49719  0.49711 
 38.64500  0.49700  0.49691 
 38.74500  0.49680  0.49671 
 38.84500  0.49659  0.49651 
 38.94500  0.49640  0.49631 
 39.04500  0.49619  0.49611 
 39.14500  0.49599  0.49591 
 39.24500  0.49578  0.49573 
 39.34500  0.49561  0.49553 
 39.44500  0.49540  0.49533 
 39.54500  0.49521  0.49513 
 39.64500  0.49500  0.49493 
 39.74500  0.49480  0.49473 
 39.84500  0.49462  0.49453 
 39.94500  0.49441  0.49433 
 40.04500  0.49423  0.49413 
 40.14500  0.49401  0.49393 
 40.24500  0.49380  0.49373 
 40.34500  0.49362  0.49353 
 40.44500  0.49343  0.49333 
 40.54500  0.49322  0.49313 
 40.64500  0.49302  0.49293 
 40.74500  0.49280  0.49273 
 40.84500  0.49262  0.49253 
 40.94500  0.49241  0.49233 
 41.04500  0.49220  0.49212 
 41.14500  0.49202  0.49191 
 41.24500  0.49181  0.49171 
 41.34500  0.49163  0.49151 
 41.44500  0.49142  0.49131 
 41.54500  0.49121  0.49111 
 41.64500  0.49100  0.49091 
 41.74500  0.49080  0.49071 
 41.84500  0.49062  0.49049 
 41.94500  0.49041  0.49029 
 42.04500  0.49021  0.49009 
 42.14500  0.49000  0.48989 
 42.24500  0.48979  0.48969 
 42.34500  0.48959  0.48948 
 42.44500  0.48939  0.48927 
 42.54500  0.48919  0.48907 
 42.64500  0.48899  0.48887 
 42.74500  0.48878  0.48867 
 42.84500  0.48858  0.48845 
 42.94500  0.48838  0.48825 
 43.04500  0.48816  0.48805 
 43.14500  0.48796  0.48783 
 43.24500  0.48776  0.48763 
 43.34500  0.48756  0.48743 
 43.44500  0.48735  0.48723 
 43.54500  0.48715  0.48701 
 43.64500  0.48695  0.48681 
 43.74500  0.48673  0.48661 
 43.84500  0.48653  0.48640 
 43.94500  0.48632  0.48619 
 44.04500  0.48613  0.48599 
 44.14500  0.48592  0.48578 
 44.24500  0.48571  0.48557 
 44.34500  0.48551  0.48537 
 44.44500  0.48531  0.48516 
 44.54500  0.48510  0.48495 
 44.64500  0.48489  0.48475 
 44.74500  0.48468  0.48453 
 44.84500  0.48448  0.48433 
 44.94500  0.48427  0.48413 
 45.04500  0.48407  0.48392 
 45.14500  0.48385  0.48371 
 45.24500  0.48364  0.48351 
 45.34500  0.48344  0.48330 
 45.44500  0.48323  0.48309 
 45.54500  0.48303  0.48289 
 45.64500  0.48283  0.48268 
 45.74500  0.48262  0.48247 
 45.84500  0.48241  0.48227 
 45.94500  0.48220  0.48206 
 46.04500  0.48198  0.48185 
 46.14500  0.48180  0.48165 
 46.24500  0.48159  0.48143 
 46.34500  0.48138  0.48123 
 46.44500  0.48117  0.48103 
 46.54500  0.48097  0.48082 
 46.64500  0.48077  0.48061 
 46.74500  0.48056  0.48041 
 46.84500  0.48035  0.48021 
 46.94500  0.48013  0.47999 
 47.04500  0.47995  0.47979 
 47.14500  0.47975  0.47959 
 47.24500  0.47953  0.47938 
 47.34500  0.47933  0.47917 
 47.44500  0.47913  0.47897 
 47.54500  0.47891  0.47877 
 47.64500  0.47872  0.47857 
 47.74500  0.47851  0.47835 
 47.84500  0.47831  0.47815 
 47.94500  0.47812  0.47795 
 48.04500  0.47791  0.47775 
 48.14500  0.47770  0.47755 
 48.24500  0.47750  0.47735 
 48.34500  0.47730  0.47713 
 48.44500  0.47711  0.47693 
 48.54500  0.47690  0.47673 
 48.64500  0.47669  0.47653 
 48.74500  0.47649  0.47633 
 48.84500  0.47630  0.47613 
 48.94500  0.47610  0.47593 
 49.04500  0.47588  0.47573 
 49.14500  0.47569  0.47553 
 49.24500  0.47549  0.47533 
 49.34500  0.47531  0.47513 
 49.44500  0.47510  0.47493 
 49.54500  0.47490  0.47473 
 49.64500  0.47469  0.47453 
 49.74500  0.47452  0.47435 
 49.84500  0.47432  0.47415 
 49.94500  0.47412  0.47395 
 50.04500  0.47393  0.47375 
 50.14500  0.47372  0.47355 
 50.24500  0.47354  0.47337 
 50.34500  0.47333  0.47317 
 50.44500  0.47315  0.47297 
 50.54500  0.47295  0.47278 
 50.64500  0.47278  0.47259 
 50.74500  0.47258  0.47239 
 50.84500  0.47237  0.47221 
 50.94500  0.47220  0.47201 
 51.04500  0.47201  0.47183 
 51.14500  0.47183  0.47164 
 51.24500  0.47163  0.47145 
 51.34500  0.47144  0.47125 
 51.44500  0.47125  0.47107 
 51.54500  0.47107  0.47088 
 51.64500  0.47087  0.47070 
 51.74500  0.47070  0.47051 
 51.84500  0.47051  0.47033 
 51.94500  0.47034  0.47015 
 52.04500  0.47014  0.46996 
 52.14500  0.46996  0.46978 
 52.24500  0.46978  0.46960 
 52.34500  0.46960  0.46942 
 52.44500  0.46942  0.46924 
 52.54500  0.46925  0.46905 
 52.64500  0.46907  0.46888 
 52.74500  0.46890  0.46870 
 52.84500  0.46872  0.46853 
 52.94500  0.46855  0.46835 
 53.04500  0.46837  0.46817 
 53.14500  0.46819  0.46800 
 53.24500  0.46802  0.46783 
 53.34500  0.46785  0.46765 
 53.44500  0.46768  0.46748 
 53.54500  0.46750  0.46732 
 53.64500  0.46733  0.46715 
 53.74500  0.46717  0.46698 
 53.84500  0.46700  0.46682 
 53.94500  0.46684  0.46665 
 54.04500  0.46666  0.46648 
 54.14500  0.46652  0.46632 
 54.24500  0.46635  0.46615 
 54.34500  0.46617  0.46598 
 54.44500  0.46601  0.46584 
 54.54500  0.46585  0.46566 
 54.64500  0.46570  0.46551 
 54.74500  0.46555  0.46535 
 54.84500  0.46539  0.46519 
 54.94500  0.46524  0.46504 
 55.04500  0.46509  0.46488 
 55.14500  0.46493  0.46474 
 55.24500  0.46477  0.46457 
 55.34500  0.46461  0.46444 
 55.44500  0.46448  0.46427 
 55.54500  0.46432  0.46414 
 55.64500  0.46418  0.46397 
 55.74500  0.46404  0.46384 
 55.84500  0.46390  0.46369 
 55.94500  0.46375  0.46355 
 56.04500  0.46362  0.46341 
 56.14500  0.46347  0.46326 
 56.24500  0.46332  0.46313 
 56.34500  0.46319  0.46299 
 56.44500  0.46305  0.46285 
 56.54500  0.46292  0.46273 
 56.64500  0.46278  0.46258 
 56.74500  0.46265  0.46245 
 56.84500  0.46252  0.46233 
 56.94500  0.46240  0.46218 
 57.04500  0.46227  0.46206 
 57.14500  0.46213  0.46194 
 57.24500  0.46203  0.46182 
 57.34500  0.46189  0.46168 
 57.44500  0.46177  0.46156 
 57.54500  0.46166  0.46144 
 57.64500  0.46153  0.46133 
 57.74500  0.46142  0.46121 
 57.84500  0.46129  0.46108 
 57.94500  0.46119  0.46097 
 58.04500  0.46109  0.46086 
 58.14500  0.46095  0.46075 
 58.24500  0.46086  0.46064 
 58.34500  0.46075  0.46053 
 58.44500  0.46064  0.46042 
 58.54500  0.46054  0.46031 
 58.64500  0.46043  0.46021 
 58.74500  0.46033  0.46010 
 58.84500  0.46023  0.46000 
 58.94500  0.46015  0.45990 
 59.04500  0.46004  0.45980 
 59.14500  0.45992  0.45971 
 59.24500  0.45987  0.45961 
 59.34500  0.45976  0.45952 
 59.44500  0.45967  0.45943 
 59.54500  0.45957  0.45934 
 59.64500  0.45948  0.45925 
 59.74500  0.45941  0.45917 
 59.84500  0.45933  0.45908 
 59.94500  0.45925  0.45900 
 60.04500  0.45915  0.45891 
 60.14500  0.45907  0.45883 
 60.24500  0.45899  0.45876 
 60.34500  0.45893  0.45869 
 60.44500  0.45885  0.45860 
 60.54500  0.45880  0.45853 
 60.64500  0.45870  0.45847 
 60.74500  0.45864  0.45840 
 60.84500  0.45856  0.45831 
 60.94500  0.45852  0.45826 
 61.04500  0.45847  0.45820 
 61.14500  0.45837  0.45812 
 61.24500  0.45833  0.45809 
 61.34500  0.45827  0.45800 
 61.44500  0.45818  0.45796 
 61.54500  0.45818  0.45790 
 61.64500  0.45812  0.45785 
 61.74500  0.45805  0.45780 
 61.84500  0.45802  0.45775 
 61.94500  0.45795  0.45770 
 62.04500  0.45790  0.45766 
 62.14500  0.45788  0.45760 
 62.24500  0.45783  0.45759 
 62.34500  0.45777  0.45750 
 62.44500  0.45776  0.45750 
 62.54500  0.45771  0.45746 
 62.64500  0.45770  0.45740 
 62.74500  0.45762  0.45740 
 62.84500  0.45763  0.45736 
 62.94500  0.45760  0.45730 
 63.04500  0.45754  0.45730 
 63.14500  0.45754  0.45730 
 63.24500  0.45753  0.45724 
 63.34500  0.45746  0.45720 
 63.44500  0.45748  0.45720 
 63.54500  0.45747  0.45720 
 63.64500  0.45744  0.45720 
 63.74500  0.45746  0.45720 
 63.84500  0.45739  0.45710 
 63.94500  0.45739  0.45710 
 64.04500  0.45736  0.45710 
 64.14500  0.45739  0.45710 
 64.24500  0.45739  0.45710 
 64.34500  0.45737  0.45710 
