  0.04500  0.58376  0.58380 
  0.14500  0.58372  0.58371 
  0.24500  0.58368  0.58370 
  0.34500  0.58364  0.58370 
  0.44500  0.58366  0.58370 
  0.54500  0.58364  0.58370 
  0.64500  0.58360  0.58362 
  0.74500  0.58359  0.58360 
  0.84500  0.58348  0.58357 
  0.94500  0.58345  0.58350 
  1.04500  0.58341  0.58347 
  1.14500  0.58334  0.58340 
  1.24500  0.58328  0.58333 
  1.34500  0.58320  0.58327 
  1.44500  0.58315  0.58320 
  1.54500  0.58305  0.58310 
  1.64500  0.58295  0.58302 
  1.74500  0.58288  0.58293 
  1.84500  0.58277  0.58284 
  1.94500  0.58267  0.58274 
  2.04500  0.58257  0.58263 
  2.14500  0.58244  0.58252 
  2.24500  0.58234  0.58240 
  2.34500  0.58220  0.58228 
  2.44500  0.58207  0.58215 
  2.54500  0.58193  0.58203 
  2.64500  0.58180  0.58188 
  2.74500  0.58166  0.58175 
  2.84500  0.58150  0.58159 
  2.94500  0.58135  0.58145 
  3.04500  0.58118  0.58128 
  3.14500  0.58104  0.58114 
  3.24500  0.58087  0.58096 
  3.34500  0.58069  0.58078 
  3.44500  0.58051  0.58062 
  3.54500  0.58031  0.58043 
  3.64500  0.58014  0.58025 
  3.74500  0.57994  0.58005 
  3.84500  0.57976  0.57986 
  3.94500  0.57955  0.57967 
  4.04500  0.57934  0.57946 
  4.14500  0.57913  0.57925 
  4.24500  0.57890  0.57903 
  4.34500  0.57869  0.57882 
  4.44500  0.57848  0.57860 
  4.54500  0.57823  0.57838 
  4.64500  0.57804  0.57814 
  4.74500  0.57778  0.57790 
  4.84500  0.57755  0.57768 
  4.94500  0.57730  0.57742 
  5.04500  0.57705  0.57718 
  5.14500  0.57680  0.57692 
  5.24500  0.57655  0.57668 
  5.34500  0.57628  0.57642 
  5.44500  0.57603  0.57615 
  5.54500  0.57576  0.57589 
  5.64500  0.57548  0.57561 
  5.74500  0.57521  0.57534 
  5.84500  0.57494  0.57507 
  5.94500  0.57466  0.57479 
  6.04500  0.57438  0.57450 
  6.14500  0.57409  0.57421 
  6.24500  0.57379  0.57392 
  6.34500  0.57351  0.57363 
  6.44500  0.57321  0.57333 
  6.54500  0.57292  0.57303 
  6.64500  0.57260  0.57272 
  6.74500  0.57229  0.57242 
  6.84500  0.57198  0.57211 
  6.94500  0.57168  0.57178 
  7.04500  0.57137  0.57148 
  7.14500  0.57104  0.57115 
  7.24500  0.57071  0.57083 
  7.34500  0.57041  0.57052 
  7.44500  0.57008  0.57018 
  7.54500  0.56974  0.56985 
  7.64500  0.56942  0.56952 
  7.74500  0.56908  0.56918 
  7.84500  0.56875  0.56885 
  7.94500  0.56841  0.56851 
  8.04500  0.56808  0.56815 
  8.14500  0.56772  0.56782 
  8.24500  0.56738  0.56746 
  8.34500  0.56703  0.56712 
  8.44500  0.56668  0.56676 
  8.54500  0.56634  0.56642 
  8.64500  0.56598  0.56605 
  8.74500  0.56562  0.56570 
  8.84500  0.56525  0.56534 
  8.94500  0.56491  0.56498 
  9.04500  0.56454  0.56462 
  9.14500  0.56417  0.56425 
  9.24500  0.56382  0.56389 
  9.34500  0.56345  0.56352 
  9.44500  0.56309  0.56315 
  9.54500  0.56273  0.56278 
  9.64500  0.56235  0.56241 
  9.74500  0.56197  0.56204 
  9.84500  0.56160  0.56166 
  9.94500  0.56123  0.56129 
 10.04500  0.56086  0.56091 
 10.14500  0.56047  0.56054 
 10.24500  0.56009  0.56015 
 10.34500  0.55972  0.55977 
 10.44500  0.55935  0.55940 
 10.54500  0.55897  0.55901 
 10.64500  0.55858  0.55864 
 10.74500  0.55819  0.55825 
 10.84500  0.55781  0.55787 
 10.94500  0.55743  0.55749 
 11.04500  0.55705  0.55710 
 11.14500  0.55666  0.55672 
 11.24500  0.55628  0.55634 
 11.34500  0.55591  0.55595 
 11.44500  0.55551  0.55556 
 11.54500  0.55513  0.55518 
 11.64500  0.55475  0.55480 
 11.74500  0.55435  0.55441 
 11.84500  0.55397  0.55403 
 11.94500  0.55359  0.55364 
 12.04500  0.55319  0.55326 
 12.14500  0.55282  0.55287 
 12.24500  0.55243  0.55249 
 12.34500  0.55205  0.55210 
 12.44500  0.55166  0.55172 
 12.54500  0.55129  0.55134 
 12.64500  0.55089  0.55095 
 12.74500  0.55050  0.55057 
 12.84500  0.55013  0.55019 
 12.94500  0.54975  0.54980 
 13.04500  0.54936  0.54943 
 13.14500  0.54898  0.54904 
 13.24500  0.54861  0.54866 
 13.34500  0.54822  0.54829 
 13.44500  0.54785  0.54791 
 13.54500  0.54747  0.54753 
 13.64500  0.54709  0.54715 
 13.74500  0.54670  0.54677 
 13.84500  0.54635  0.54640 
 13.94500  0.54598  0.54604 
 14.04500  0.54559  0.54566 
 14.14500  0.54521  0.54529 
 14.24500  0.54484  0.54492 
 14.34500  0.54449  0.54455 
 14.44500  0.54412  0.54418 
 14.54500  0.54375  0.54382 
 14.64500  0.54338  0.54345 
 14.74500  0.54301  0.54309 
 14.84500  0.54265  0.54273 
 14.94500  0.54229  0.54236 
 15.04500  0.54194  0.54201 
 15.14500  0.54157  0.54165 
 15.24500  0.54122  0.54129 
 15.34500  0.54087  0.54095 
 15.44500  0.54051  0.54058 
 15.54500  0.54016  0.54024 
 15.64500  0.53981  0.53988 
 15.74500  0.53947  0.53955 
 15.84500  0.53912  0.53918 
 15.94500  0.53878  0.53885 
 16.04500  0.53843  0.53852 
 16.14500  0.53809  0.53816 
 16.24500  0.53776  0.53782 
 16.34500  0.53742  0.53748 
 16.44500  0.53708  0.53715 
 16.54500  0.53674  0.53682 
 16.64500  0.53643  0.53648 
 16.74500  0.53609  0.53615 
 16.84500  0.53577  0.53584 
 16.94500  0.53544  0.53552 
 17.04500  0.53512  0.53518 
 17.14500  0.53480  0.53486 
 17.24500  0.53448  0.53455 
 17.34500  0.53417  0.53423 
 17.44500  0.53386  0.53392 
 17.54500  0.53354  0.53360 
 17.64500  0.53323  0.53329 
 17.74500  0.53292  0.53298 
 17.84500  0.53261  0.53268 
 17.94500  0.53232  0.53237 
 18.04500  0.53202  0.53207 
 18.14500  0.53172  0.53177 
 18.24500  0.53142  0.53147 
 18.34500  0.53113  0.53118 
 18.44500  0.53084  0.53089 
 18.54500  0.53055  0.53060 
 18.64500  0.53026  0.53031 
 18.74500  0.52998  0.53003 
 18.84500  0.52969  0.52974 
 18.94500  0.52943  0.52946 
 19.04500  0.52913  0.52918 
 19.14500  0.52886  0.52890 
 19.24500  0.52858  0.52863 
 19.34500  0.52831  0.52836 
 19.44500  0.52805  0.52809 
 19.54500  0.52778  0.52782 
 19.64500  0.52753  0.52755 
 19.74500  0.52726  0.52730 
 19.84500  0.52701  0.52702 
 19.94500  0.52674  0.52678 
 20.04500  0.52649  0.52652 
 20.14500  0.52624  0.52628 
 20.24500  0.52599  0.52602 
 20.34500  0.52575  0.52578 
 20.44500  0.52549  0.52552 
 20.54500  0.52525  0.52528 
 20.64500  0.52501  0.52503 
 20.74500  0.52476  0.52480 
 20.84500  0.52453  0.52456 
 20.94500  0.52430  0.52432 
 21.04500  0.52408  0.52410 
 21.14500  0.52384  0.52387 
 21.24500  0.52362  0.52363 
 21.34500  0.52339  0.52341 
 21.44500  0.52317  0.52319 
 21.54500  0.52295  0.52297 
 21.64500  0.52273  0.52275 
 21.74500  0.52251  0.52253 
 21.84500  0.52230  0.52232 
 21.94500  0.52208  0.52211 
 22.04500  0.52188  0.52190 
 22.14500  0.52167  0.52169 
 22.24500  0.52146  0.52149 
 22.34500  0.52126  0.52129 
 22.44500  0.52108  0.52109 
 22.54500  0.52086  0.52089 
 22.64500  0.52067  0.52069 
 22.74500  0.52048  0.52049 
 22.84500  0.52028  0.52031 
 22.94500  0.52009  0.52011 
 23.04500  0.51990  0.51993 
 23.14500  0.51973  0.51975 
 23.24500  0.51955  0.51956 
 23.34500  0.51937  0.51938 
 23.44500  0.51917  0.51920 
 23.54500  0.51901  0.51902 
 23.64500  0.51883  0.51885 
 23.74500  0.51867  0.51867 
 23.84500  0.51849  0.51850 
 23.94500  0.51832  0.51834 
 24.04500  0.51814  0.51816 
 24.14500  0.51799  0.51800 
 24.24500  0.51781  0.51784 
 24.34500  0.51767  0.51768 
 24.44500  0.51753  0.51753 
 24.54500  0.51736  0.51736 
 24.64500  0.51720  0.51721 
 24.74500  0.51704  0.51705 
 24.84500  0.51688  0.51691 
 24.94500  0.51673  0.51675 
 25.04500  0.51658  0.51661 
 25.14500  0.51645  0.51646 
 25.24500  0.51630  0.51633 
 25.34500  0.51617  0.51617 
 25.44500  0.51600  0.51604 
 25.54500  0.51588  0.51589 
 25.64500  0.51575  0.51575 
 25.74500  0.51562  0.51563 
 25.84500  0.51548  0.51548 
 25.94500  0.51534  0.51535 
 26.04500  0.51522  0.51523 
 26.14500  0.51509  0.51508 
 26.24500  0.51498  0.51496 
 26.34500  0.51484  0.51484 
 26.44500  0.51469  0.51472 
 26.54500  0.51457  0.51458 
 26.64500  0.51444  0.51446 
 26.74500  0.51431  0.51434 
 26.84500  0.51421  0.51423 
 26.94500  0.51410  0.51411 
 27.04500  0.51398  0.51398 
 27.14500  0.51387  0.51387 
 27.24500  0.51376  0.51376 
 27.34500  0.51364  0.51365 
 27.44500  0.51352  0.51354 
 27.54500  0.51344  0.51343 
 27.64500  0.51330  0.51332 
 27.74500  0.51320  0.51321 
 27.84500  0.51310  0.51311 
 27.94500  0.51300  0.51299 
 28.04500  0.51292  0.51289 
 28.14500  0.51280  0.51279 
 28.24500  0.51267  0.51269 
 28.34500  0.51258  0.51259 
 28.44500  0.51249  0.51249 
 28.54500  0.51239  0.51239 
 28.64500  0.51230  0.51229 
 28.74500  0.51219  0.51219 
 28.84500  0.51210  0.51210 
 28.94500  0.51198  0.51200 
 29.04500  0.51192  0.51190 
 29.14500  0.51183  0.51181 
 29.24500  0.51173  0.51171 
 29.34500  0.51162  0.51162 
 29.44500  0.51153  0.51153 
 29.54500  0.51144  0.51144 
 29.64500  0.51134  0.51135 
 29.74500  0.51129  0.51126 
 29.84500  0.51119  0.51118 
 29.94500  0.51110  0.51109 
 30.04500  0.51101  0.51100 
 30.14500  0.51093  0.51091 
 30.24500  0.51083  0.51082 
 30.34500  0.51074  0.51074 
 30.44500  0.51067  0.51065 
 30.54500  0.51059  0.51057 
 30.64500  0.51052  0.51049 
 30.74500  0.51042  0.51040 
 30.84500  0.51035  0.51031 
 30.94500  0.51025  0.51023 
 31.04500  0.51018  0.51015 
 31.14500  0.51008  0.51007 
 31.24500  0.51001  0.50999 
 31.34500  0.50991  0.50990 
 31.44500  0.50982  0.50981 
 31.54500  0.50979  0.50974 
 31.64500  0.50968  0.50966 
 31.74500  0.50962  0.50958 
 31.84500  0.50952  0.50950 
 31.94500  0.50944  0.50941 
 32.04500  0.50936  0.50933 
 32.14500  0.50926  0.50925 
 32.24500  0.50920  0.50918 
 32.34500  0.50910  0.50910 
 32.44500  0.50902  0.50900 
 32.54500  0.50894  0.50892 
 32.64500  0.50887  0.50885 
 32.74500  0.50882  0.50877 
 32.84500  0.50871  0.50869 
 32.94500  0.50864  0.50860 
 33.04500  0.50854  0.50852 
 33.14500  0.50847  0.50844 
 33.24500  0.50838  0.50836 
 33.34500  0.50829  0.50828 
 33.44500  0.50822  0.50820 
 33.54500  0.50813  0.50810 
 33.64500  0.50807  0.50802 
 33.74500  0.50799  0.50794 
 33.84500  0.50792  0.50786 
 33.94500  0.50782  0.50778 
 34.04500  0.50774  0.50770 
 34.14500  0.50764  0.50760 
 34.24500  0.50755  0.50751 
 34.34500  0.50747  0.50743 
 34.44500  0.50737  0.50734 
 34.54500  0.50732  0.50726 
 34.64500  0.50722  0.50717 
 34.74500  0.50713  0.50708 
 34.84500  0.50703  0.50699 
 34.94500  0.50695  0.50690 
 35.04500  0.50684  0.50680 
 35.14500  0.50673  0.50671 
 35.24500  0.50667  0.50662 
 35.34500  0.50658  0.50653 
 35.44500  0.50649  0.50644 
 35.54500  0.50637  0.50634 
 35.64500  0.50629  0.50625 
 35.74500  0.50618  0.50615 
 35.84500  0.50609  0.50605 
 35.94500  0.50600  0.50595 
 36.04500  0.50590  0.50585 
 36.14500  0.50581  0.50575 
 36.24500  0.50569  0.50565 
 36.34500  0.50560  0.50555 
 36.44500  0.50550  0.50545 
 36.54500  0.50537  0.50534 
 36.64500  0.50527  0.50524 
 36.74500  0.50517  0.50513 
 36.84500  0.50506  0.50502 
 36.94500  0.50495  0.50491 
 37.04500  0.50484  0.50481 
 37.14500  0.50471  0.50468 
 37.24500  0.50462  0.50457 
 37.34500  0.50453  0.50446 
 37.44500  0.50439  0.50435 
 37.54500  0.50428  0.50423 
 37.64500  0.50416  0.50412 
 37.74500  0.50402  0.50398 
 37.84500  0.50392  0.50387 
 37.94500  0.50380  0.50375 
 38.04500  0.50366  0.50363 
 38.14500  0.50356  0.50350 
 38.24500  0.50343  0.50337 
 38.34500  0.50329  0.50324 
 38.44500  0.50318  0.50312 
 38.54500  0.50304  0.50297 
 38.64500  0.50291  0.50285 
 38.74500  0.50278  0.50272 
 38.84500  0.50264  0.50257 
 38.94500  0.50250  0.50244 
 39.04500  0.50234  0.50230 
 39.14500  0.50220  0.50216 
 39.24500  0.50206  0.50203 
 39.34500  0.50192  0.50186 
 39.44500  0.50176  0.50173 
 39.54500  0.50162  0.50157 
 39.64500  0.50148  0.50143 
 39.74500  0.50132  0.50127 
 39.84500  0.50118  0.50112 
 39.94500  0.50102  0.50096 
 40.04500  0.50089  0.50081 
 40.14500  0.50070  0.50065 
 40.24500  0.50053  0.50048 
 40.34500  0.50039  0.50032 
 40.44500  0.50021  0.50015 
 40.54500  0.50003  0.49998 
 40.64500  0.49987  0.49982 
 40.74500  0.49970  0.49965 
 40.84500  0.49954  0.49948 
 40.94500  0.49935  0.49930 
 41.04500  0.49917  0.49913 
 41.14500  0.49901  0.49895 
 41.24500  0.49882  0.49876 
 41.34500  0.49865  0.49858 
 41.44500  0.49845  0.49839 
 41.54500  0.49826  0.49821 
 41.64500  0.49807  0.49802 
 41.74500  0.49790  0.49783 
 41.84500  0.49770  0.49763 
 41.94500  0.49748  0.49743 
 42.04500  0.49731  0.49723 
 42.14500  0.49710  0.49703 
 42.24500  0.49689  0.49683 
 42.34500  0.49668  0.49663 
 42.44500  0.49649  0.49642 
 42.54500  0.49626  0.49621 
 42.64500  0.49607  0.49600 
 42.74500  0.49584  0.49579 
 42.84500  0.49563  0.49557 
 42.94500  0.49542  0.49535 
 43.04500  0.49520  0.49513 
 43.14500  0.49497  0.49491 
 43.24500  0.49474  0.49468 
 43.34500  0.49452  0.49446 
 43.44500  0.49430  0.49422 
 43.54500  0.49406  0.49399 
 43.64500  0.49382  0.49375 
 43.74500  0.49358  0.49352 
 43.84500  0.49334  0.49328 
 43.94500  0.49310  0.49304 
 44.04500  0.49287  0.49280 
 44.14500  0.49262  0.49255 
 44.24500  0.49237  0.49230 
 44.34500  0.49212  0.49205 
 44.44500  0.49187  0.49180 
 44.54500  0.49162  0.49154 
 44.64500  0.49135  0.49128 
 44.74500  0.49109  0.49102 
 44.84500  0.49083  0.49075 
 44.94500  0.49057  0.49050 
 45.04500  0.49031  0.49022 
 45.14500  0.49003  0.48995 
 45.24500  0.48977  0.48969 
 45.34500  0.48948  0.48940 
 45.44500  0.48921  0.48913 
 45.54500  0.48894  0.48885 
 45.64500  0.48866  0.48857 
 45.74500  0.48837  0.48829 
 45.84500  0.48809  0.48800 
 45.94500  0.48781  0.48771 
 46.04500  0.48751  0.48742 
 46.14500  0.48721  0.48713 
 46.24500  0.48693  0.48683 
 46.34500  0.48663  0.48654 
 46.44500  0.48633  0.48624 
 46.54500  0.48603  0.48593 
 46.64500  0.48573  0.48563 
 46.74500  0.48542  0.48532 
 46.84500  0.48512  0.48502 
 46.94500  0.48481  0.48471 
 47.04500  0.48450  0.48439 
 47.14500  0.48417  0.48408 
 47.24500  0.48387  0.48375 
 47.34500  0.48354  0.48345 
 47.44500  0.48323  0.48312 
 47.54500  0.48290  0.48279 
 47.64500  0.48258  0.48248 
 47.74500  0.48226  0.48215 
 47.84500  0.48193  0.48182 
 47.94500  0.48160  0.48148 
 48.04500  0.48126  0.48115 
 48.14500  0.48093  0.48082 
 48.24500  0.48059  0.48048 
 48.34500  0.48025  0.48015 
 48.44500  0.47992  0.47981 
 48.54500  0.47957  0.47945 
 48.64500  0.47923  0.47912 
 48.74500  0.47889  0.47877 
 48.84500  0.47854  0.47842 
 48.94500  0.47818  0.47807 
 49.04500  0.47783  0.47772 
 49.14500  0.47748  0.47737 
 49.24500  0.47713  0.47702 
 49.34500  0.47678  0.47665 
 49.44500  0.47641  0.47630 
 49.54500  0.47606  0.47595 
 49.64500  0.47569  0.47558 
 49.74500  0.47533  0.47522 
 49.84500  0.47497  0.47485 
 49.94500  0.47460  0.47449 
 50.04500  0.47424  0.47413 
 50.14500  0.47387  0.47376 
 50.24500  0.47351  0.47339 
 50.34500  0.47313  0.47303 
 50.44500  0.47276  0.47265 
 50.54500  0.47238  0.47227 
 50.64500  0.47202  0.47191 
 50.74500  0.47163  0.47154 
 50.84500  0.47127  0.47116 
 50.94500  0.47089  0.47079 
 51.04500  0.47051  0.47040 
 51.14500  0.47014  0.47003 
 51.24500  0.46975  0.46965 
 51.34500  0.46937  0.46927 
 51.44500  0.46899  0.46889 
 51.54500  0.46861  0.46851 
 51.64500  0.46823  0.46813 
 51.74500  0.46785  0.46775 
 51.84500  0.46746  0.46736 
 51.94500  0.46709  0.46699 
 52.04500  0.46670  0.46660 
 52.14500  0.46631  0.46622 
 52.24500  0.46593  0.46584 
 52.34500  0.46554  0.46545 
 52.44500  0.46516  0.46506 
 52.54500  0.46478  0.46468 
 52.64500  0.46438  0.46430 
 52.74500  0.46401  0.46391 
 52.84500  0.46362  0.46353 
 52.94500  0.46324  0.46314 
 53.04500  0.46286  0.46276 
 53.14500  0.46247  0.46237 
 53.24500  0.46208  0.46200 
 53.34500  0.46171  0.46161 
 53.44500  0.46133  0.46123 
 53.54500  0.46094  0.46084 
 53.64500  0.46055  0.46046 
 53.74500  0.46018  0.46008 
 53.84500  0.45980  0.45970 
 53.94500  0.45942  0.45932 
 54.04500  0.45902  0.45894 
 54.14500  0.45867  0.45856 
 54.24500  0.45828  0.45819 
 54.34500  0.45791  0.45780 
 54.44500  0.45753  0.45743 
 54.54500  0.45716  0.45705 
 54.64500  0.45679  0.45668 
 54.74500  0.45641  0.45631 
 54.84500  0.45604  0.45594 
 54.94500  0.45569  0.45556 
 55.04500  0.45532  0.45520 
 55.14500  0.45494  0.45483 
 55.24500  0.45458  0.45446 
 55.34500  0.45421  0.45410 
 55.44500  0.45386  0.45374 
 55.54500  0.45349  0.45337 
 55.64500  0.45313  0.45302 
 55.74500  0.45278  0.45265 
 55.84500  0.45242  0.45230 
 55.94500  0.45209  0.45195 
 56.04500  0.45172  0.45159 
 56.14500  0.45138  0.45125 
 56.24500  0.45104  0.45089 
 56.34500  0.45069  0.45055 
 56.44500  0.45035  0.45022 
 56.54500  0.45001  0.44986 
 56.64500  0.44967  0.44952 
 56.74500  0.44934  0.44918 
 56.84500  0.44899  0.44885 
 56.94500  0.44867  0.44852 
 57.04500  0.44834  0.44818 
 57.14500  0.44802  0.44788 
 57.24500  0.44771  0.44755 
 57.34500  0.44738  0.44722 
 57.44500  0.44706  0.44691 
 57.54500  0.44675  0.44659 
 57.64500  0.44643  0.44628 
 57.74500  0.44613  0.44597 
 57.84500  0.44582  0.44566 
 57.94500  0.44552  0.44536 
 58.04500  0.44522  0.44506 
 58.14500  0.44494  0.44477 
 58.24500  0.44463  0.44447 
 58.34500  0.44435  0.44419 
 58.44500  0.44406  0.44390 
 58.54500  0.44378  0.44361 
 58.64500  0.44349  0.44333 
 58.74500  0.44323  0.44306 
 58.84500  0.44295  0.44279 
 58.94500  0.44269  0.44252 
 59.04500  0.44242  0.44225 
 59.14500  0.44216  0.44200 
 59.24500  0.44191  0.44173 
 59.34500  0.44165  0.44148 
 59.44500  0.44140  0.44122 
 59.54500  0.44116  0.44100 
 59.64500  0.44091  0.44075 
 59.74500  0.44068  0.44051 
 59.84500  0.44045  0.44028 
 59.94500  0.44021  0.44006 
 60.04500  0.44000  0.43983 
 60.14500  0.43977  0.43961 
 60.24500  0.43955  0.43939 
 60.34500  0.43934  0.43919 
 60.44500  0.43914  0.43897 
 60.54500  0.43893  0.43877 
 60.64500  0.43872  0.43857 
 60.74500  0.43853  0.43838 
 60.84500  0.43835  0.43819 
 60.94500  0.43815  0.43801 
 61.04500  0.43797  0.43784 
 61.14500  0.43781  0.43765 
 61.24500  0.43763  0.43748 
 61.34500  0.43745  0.43733 
 61.44500  0.43730  0.43716 
 61.54500  0.43714  0.43701 
 61.64500  0.43698  0.43686 
 61.74500  0.43685  0.43673 
 61.84500  0.43670  0.43657 
 61.94500  0.43655  0.43644 
 62.04500  0.43642  0.43632 
 62.14500  0.43630  0.43618 
 62.24500  0.43619  0.43606 
 62.34500  0.43605  0.43595 
 62.44500  0.43596  0.43584 
 62.54500  0.43584  0.43574 
 62.64500  0.43574  0.43564 
 62.74500  0.43566  0.43554 
 62.84500  0.43555  0.43545 
 62.94500  0.43547  0.43538 
 63.04500  0.43540  0.43530 
 63.14500  0.43531  0.43521 
 63.24500  0.43525  0.43515 
 63.34500  0.43518  0.43510 
 63.44500  0.43513  0.43502 
 63.54500  0.43508  0.43500 
 63.64500  0.43501  0.43491 
 63.74500  0.43496  0.43490 
 63.84500  0.43497  0.43487 
 63.94500  0.43495  0.43480 
 64.04500  0.43489  0.43480 
 64.14500  0.43486  0.43480 
 64.24500  0.43486  0.43480 
 64.34500  0.43485  0.43480 
