  0.04500  0.51433  0.51650 
  0.14500  0.51433  0.51650 
  0.24500  0.51433  0.51650 
  0.34500  0.51433  0.51650 
  0.44500  0.51433  0.51650 
  0.54500  0.51433  0.51650 
  0.64500  0.51433  0.51650 
  0.74500  0.51433  0.51650 
  0.84500  0.51434  0.51650 
  0.94500  0.51434  0.51650 
  1.04500  0.51434  0.51650 
  1.14500  0.51433  0.51650 
  1.24500  0.51433  0.51650 
  1.34500  0.51434  0.51650 
  1.44500  0.51434  0.51650 
  1.54500  0.51434  0.51650 
  1.64500  0.51433  0.51650 
  1.74500  0.51433  0.51650 
  1.84500  0.51433  0.51650 
  1.94500  0.51433  0.51650 
  2.04500  0.51433  0.51650 
  2.14500  0.51433  0.51650 
  2.24500  0.51433  0.51650 
  2.34500  0.51432  0.51650 
  2.44500  0.51431  0.51650 
  2.54500  0.51431  0.51650 
  2.64500  0.51430  0.51650 
  2.74500  0.51431  0.51642 
  2.84500  0.51431  0.51640 
  2.94500  0.51430  0.51640 
  3.04500  0.51431  0.51640 
  3.14500  0.51431  0.51640 
  3.24500  0.51430  0.51640 
  3.34500  0.51430  0.51640 
  3.44500  0.51430  0.51640 
  3.54500  0.51430  0.51640 
  3.64500  0.51429  0.51640 
  3.74500  0.51429  0.51640 
  3.84500  0.51429  0.51640 
  3.94500  0.51429  0.51640 
  4.04500  0.51429  0.51640 
  4.14500  0.51429  0.51640 
  4.24500  0.51429  0.51640 
  4.34500  0.51428  0.51640 
  4.44500  0.51428  0.51640 
  4.54500  0.51428  0.51640 
  4.64500  0.51428  0.51640 
  4.74500  0.51426  0.51635 
  4.84500  0.51426  0.51630 
  4.94500  0.51426  0.51630 
  5.04500  0.51426  0.51630 
  5.14500  0.51426  0.51630 
  5.24500  0.51426  0.51630 
  5.34500  0.51426  0.51630 
  5.44500  0.51426  0.51630 
  5.54500  0.51424  0.51630 
  5.64500  0.51424  0.51630 
  5.74500  0.51423  0.51630 
  5.84500  0.51422  0.51630 
  5.94500  0.51423  0.51630 
  6.04500  0.51422  0.51630 
  6.14500  0.51421  0.51625 
  6.24500  0.51420  0.51620 
  6.34500  0.51420  0.51620 
  6.44500  0.51419  0.51620 
  6.54500  0.51418  0.51620 
  6.64500  0.51419  0.51620 
  6.74500  0.51418  0.51620 
  6.84500  0.51418  0.51620 
  6.94500  0.51417  0.51620 
  7.04500  0.51416  0.51620 
  7.14500  0.51416  0.51620 
  7.24500  0.51416  0.51619 
  7.34500  0.51414  0.51610 
  7.44500  0.51414  0.51610 
  7.54500  0.51412  0.51610 
  7.64500  0.51411  0.51610 
  7.74500  0.51411  0.51610 
  7.84500  0.51411  0.51610 
  7.94500  0.51411  0.51610 
  8.04500  0.51410  0.51610 
  8.14500  0.51408  0.51610 
  8.24500  0.51408  0.51608 
  8.34500  0.51407  0.51600 
  8.44500  0.51407  0.51600 
  8.54500  0.51407  0.51600 
  8.64500  0.51405  0.51600 
  8.74500  0.51405  0.51600 
  8.84500  0.51404  0.51600 
  8.94500  0.51404  0.51600 
  9.04500  0.51403  0.51600 
  9.14500  0.51402  0.51597 
  9.24500  0.51401  0.51590 
  9.34500  0.51401  0.51590 
  9.44500  0.51400  0.51590 
  9.54500  0.51399  0.51590 
  9.64500  0.51398  0.51590 
  9.74500  0.51398  0.51590 
  9.84500  0.51397  0.51590 
  9.94500  0.51397  0.51589 
 10.04500  0.51394  0.51580 
 10.14500  0.51393  0.51580 
 10.24500  0.51393  0.51580 
 10.34500  0.51393  0.51580 
 10.44500  0.51391  0.51580 
 10.54500  0.51390  0.51580 
 10.64500  0.51389  0.51580 
 10.74500  0.51389  0.51575 
 10.84500  0.51387  0.51570 
 10.94500  0.51385  0.51570 
 11.04500  0.51385  0.51570 
 11.14500  0.51384  0.51570 
 11.24500  0.51383  0.51570 
 11.34500  0.51382  0.51570 
 11.44500  0.51382  0.51566 
 11.54500  0.51381  0.51560 
 11.64500  0.51380  0.51560 
 11.74500  0.51378  0.51560 
 11.84500  0.51378  0.51560 
 11.94500  0.51378  0.51560 
 12.04500  0.51377  0.51560 
 12.14500  0.51375  0.51553 
 12.24500  0.51375  0.51550 
 12.34500  0.51374  0.51550 
 12.44500  0.51372  0.51550 
 12.54500  0.51372  0.51550 
 12.64500  0.51371  0.51550 
 12.74500  0.51370  0.51548 
 12.84500  0.51369  0.51540 
 12.94500  0.51369  0.51540 
 13.04500  0.51368  0.51540 
 13.14500  0.51367  0.51540 
 13.24500  0.51366  0.51540 
 13.34500  0.51366  0.51539 
 13.44500  0.51365  0.51530 
 13.54500  0.51363  0.51530 
 13.64500  0.51363  0.51530 
 13.74500  0.51363  0.51530 
 13.84500  0.51361  0.51530 
 13.94500  0.51360  0.51529 
 14.04500  0.51359  0.51520 
 14.14500  0.51357  0.51520 
 14.24500  0.51356  0.51520 
 14.34500  0.51355  0.51520 
 14.44500  0.51354  0.51520 
 14.54500  0.51352  0.51516 
 14.64500  0.51352  0.51510 
 14.74500  0.51352  0.51510 
 14.84500  0.51348  0.51510 
 14.94500  0.51348  0.51510 
 15.04500  0.51348  0.51510 
 15.14500  0.51346  0.51502 
 15.24500  0.51345  0.51500 
 15.34500  0.51345  0.51500 
 15.44500  0.51343  0.51500 
 15.54500  0.51342  0.51500 
 15.64500  0.51341  0.51496 
 15.74500  0.51340  0.51490 
 15.84500  0.51340  0.51490 
 15.94500  0.51338  0.51490 
 16.04500  0.51335  0.51490 
 16.14500  0.51335  0.51488 
 16.24500  0.51335  0.51480 
 16.34500  0.51332  0.51480 
 16.44500  0.51331  0.51480 
 16.54500  0.51331  0.51480 
 16.64500  0.51329  0.51479 
 16.74500  0.51328  0.51470 
 16.84500  0.51326  0.51470 
 16.94500  0.51325  0.51470 
 17.04500  0.51324  0.51470 
 17.14500  0.51322  0.51469 
 17.24500  0.51320  0.51460 
 17.34500  0.51320  0.51460 
 17.44500  0.51319  0.51460 
 17.54500  0.51317  0.51460 
 17.64500  0.51316  0.51458 
 17.74500  0.51314  0.51450 
 17.84500  0.51313  0.51450 
 17.94500  0.51312  0.51450 
 18.04500  0.51310  0.51450 
 18.14500  0.51310  0.51446 
 18.24500  0.51308  0.51440 
 18.34500  0.51306  0.51440 
 18.44500  0.51306  0.51440 
 18.54500  0.51304  0.51440 
 18.64500  0.51303  0.51433 
 18.74500  0.51302  0.51430 
 18.84500  0.51300  0.51430 
 18.94500  0.51299  0.51430 
 19.04500  0.51298  0.51429 
 19.14500  0.51296  0.51420 
 19.24500  0.51294  0.51420 
 19.34500  0.51291  0.51420 
 19.44500  0.51291  0.51420 
 19.54500  0.51290  0.51415 
 19.64500  0.51288  0.51410 
 19.74500  0.51288  0.51410 
 19.84500  0.51286  0.51410 
 19.94500  0.51284  0.51410 
 20.04500  0.51284  0.51400 
 20.14500  0.51282  0.51400 
 20.24500  0.51281  0.51400 
 20.34500  0.51280  0.51400 
 20.44500  0.51278  0.51394 
 20.54500  0.51276  0.51390 
 20.64500  0.51275  0.51390 
 20.74500  0.51274  0.51390 
 20.84500  0.51272  0.51387 
 20.94500  0.51271  0.51380 
 21.04500  0.51270  0.51380 
 21.14500  0.51269  0.51380 
 21.24500  0.51268  0.51380 
 21.34500  0.51266  0.51370 
 21.44500  0.51265  0.51370 
 21.54500  0.51263  0.51370 
 21.64500  0.51262  0.51370 
 21.74500  0.51261  0.51363 
 21.84500  0.51258  0.51360 
 21.94500  0.51257  0.51360 
 22.04500  0.51256  0.51360 
 22.14500  0.51254  0.51355 
 22.24500  0.51253  0.51350 
 22.34500  0.51252  0.51350 
 22.44500  0.51251  0.51350 
 22.54500  0.51249  0.51346 
 22.64500  0.51249  0.51340 
 22.74500  0.51247  0.51340 
 22.84500  0.51246  0.51340 
 22.94500  0.51245  0.51338 
 23.04500  0.51243  0.51330 
 23.14500  0.51241  0.51330 
 23.24500  0.51240  0.51330 
 23.34500  0.51239  0.51328 
 23.44500  0.51237  0.51320 
 23.54500  0.51236  0.51320 
 23.64500  0.51233  0.51320 
 23.74500  0.51232  0.51319 
 23.84500  0.51231  0.51310 
 23.94500  0.51229  0.51310 
 24.04500  0.51228  0.51310 
 24.14500  0.51226  0.51309 
 24.24500  0.51225  0.51300 
 24.34500  0.51223  0.51300 
 24.44500  0.51222  0.51300 
 24.54500  0.51220  0.51299 
 24.64500  0.51218  0.51290 
 24.74500  0.51218  0.51290 
 24.84500  0.51215  0.51290 
 24.94500  0.51215  0.51288 
 25.04500  0.51213  0.51280 
 25.14500  0.51212  0.51280 
 25.24500  0.51210  0.51280 
 25.34500  0.51209  0.51277 
 25.44500  0.51207  0.51270 
 25.54500  0.51206  0.51270 
 25.64500  0.51203  0.51270 
 25.74500  0.51200  0.51266 
 25.84500  0.51200  0.51260 
 25.94500  0.51198  0.51260 
 26.04500  0.51197  0.51260 
 26.14500  0.51194  0.51255 
 26.24500  0.51194  0.51250 
 26.34500  0.51191  0.51250 
 26.44500  0.51191  0.51250 
 26.54500  0.51189  0.51243 
 26.64500  0.51187  0.51240 
 26.74500  0.51186  0.51240 
 26.84500  0.51183  0.51240 
 26.94500  0.51182  0.51232 
 27.04500  0.51180  0.51230 
 27.14500  0.51179  0.51230 
 27.24500  0.51177  0.51230 
 27.34500  0.51176  0.51220 
 27.44500  0.51174  0.51220 
 27.54500  0.51172  0.51220 
 27.64500  0.51170  0.51218 
 27.74500  0.51169  0.51210 
 27.84500  0.51167  0.51210 
 27.94500  0.51166  0.51210 
 28.04500  0.51163  0.51205 
 28.14500  0.51162  0.51200 
 28.24500  0.51160  0.51200 
 28.34500  0.51158  0.51200 
 28.44500  0.51156  0.51193 
 28.54500  0.51154  0.51190 
 28.64500  0.51153  0.51190 
 28.74500  0.51151  0.51190 
 28.84500  0.51150  0.51181 
 28.94500  0.51148  0.51180 
 29.04500  0.51148  0.51180 
 29.14500  0.51145  0.51178 
 29.24500  0.51144  0.51170 
 29.34500  0.51141  0.51170 
 29.44500  0.51140  0.51170 
 29.54500  0.51137  0.51165 
 29.64500  0.51136  0.51160 
 29.74500  0.51134  0.51160 
 29.84500  0.51133  0.51160 
 29.94500  0.51131  0.51153 
 30.04500  0.51130  0.51150 
 30.14500  0.51129  0.51150 
 30.24500  0.51127  0.51150 
 30.34500  0.51126  0.51140 
 30.44500  0.51123  0.51140 
 30.54500  0.51122  0.51140 
 30.64500  0.51120  0.51137 
 30.74500  0.51119  0.51130 
 30.84500  0.51117  0.51130 
 30.94500  0.51117  0.51130 
 31.04500  0.51114  0.51124 
 31.14500  0.51114  0.51120 
 31.24500  0.51111  0.51120 
 31.34500  0.51110  0.51120 
 31.44500  0.51108  0.51111 
 31.54500  0.51106  0.51110 
 31.64500  0.51104  0.51110 
 31.74500  0.51103  0.51108 
 31.84500  0.51101  0.51100 
 31.94500  0.51100  0.51100 
 32.04500  0.51099  0.51100 
 32.14500  0.51097  0.51095 
 32.24500  0.51096  0.51090 
 32.34500  0.51094  0.51090 
 32.44500  0.51093  0.51090 
 32.54500  0.51091  0.51082 
 32.64500  0.51090  0.51080 
 32.74500  0.51087  0.51080 
 32.84500  0.51087  0.51079 
 32.94500  0.51084  0.51070 
 33.04500  0.51084  0.51070 
 33.14500  0.51082  0.51070 
 33.24500  0.51080  0.51066 
 33.34500  0.51078  0.51060 
 33.44500  0.51077  0.51060 
 33.54500  0.51075  0.51060 
 33.64500  0.51074  0.51054 
 33.74500  0.51072  0.51050 
 33.84500  0.51070  0.51050 
 33.94500  0.51068  0.51050 
 34.04500  0.51067  0.51041 
 34.14500  0.51065  0.51040 
 34.24500  0.51064  0.51040 
 34.34500  0.51062  0.51038 
 34.44500  0.51061  0.51030 
 34.54500  0.51060  0.51030 
 34.64500  0.51057  0.51030 
 34.74500  0.51057  0.51025 
 34.84500  0.51055  0.51020 
 34.94500  0.51054  0.51020 
 35.04500  0.51051  0.51020 
 35.14500  0.51049  0.51013 
 35.24500  0.51046  0.51010 
 35.34500  0.51046  0.51010 
 35.44500  0.51043  0.51010 
 35.54500  0.51042  0.51001 
 35.64500  0.51041  0.51000 
 35.74500  0.51039  0.51000 
 35.84500  0.51038  0.50998 
 35.94500  0.51036  0.50990 
 36.04500  0.51034  0.50990 
 36.14500  0.51033  0.50990 
 36.24500  0.51031  0.50986 
 36.34500  0.51028  0.50980 
 36.44500  0.51028  0.50980 
 36.54500  0.51025  0.50980 
 36.64500  0.51025  0.50974 
 36.74500  0.51022  0.50970 
 36.84500  0.51021  0.50970 
 36.94500  0.51019  0.50970 
 37.04500  0.51018  0.50962 
 37.14500  0.51015  0.50960 
 37.24500  0.51014  0.50960 
 37.34500  0.51013  0.50960 
 37.44500  0.51010  0.50951 
 37.54500  0.51009  0.50950 
 37.64500  0.51007  0.50950 
 37.74500  0.51006  0.50949 
 37.84500  0.51004  0.50940 
 37.94500  0.51003  0.50940 
 38.04500  0.51001  0.50940 
 38.14500  0.51000  0.50938 
 38.24500  0.50998  0.50930 
 38.34500  0.50997  0.50930 
 38.44500  0.50996  0.50930 
 38.54500  0.50994  0.50927 
 38.64500  0.50993  0.50920 
 38.74500  0.50990  0.50920 
 38.84500  0.50989  0.50920 
 38.94500  0.50987  0.50916 
 39.04500  0.50986  0.50910 
 39.14500  0.50983  0.50910 
 39.24500  0.50983  0.50910 
 39.34500  0.50981  0.50906 
 39.44500  0.50980  0.50900 
 39.54500  0.50979  0.50900 
 39.64500  0.50977  0.50900 
 39.74500  0.50976  0.50896 
 39.84500  0.50974  0.50890 
 39.94500  0.50973  0.50890 
 40.04500  0.50970  0.50890 
 40.14500  0.50970  0.50886 
 40.24500  0.50969  0.50880 
 40.34500  0.50967  0.50880 
 40.44500  0.50965  0.50880 
 40.54500  0.50964  0.50876 
 40.64500  0.50963  0.50870 
 40.74500  0.50961  0.50870 
 40.84500  0.50960  0.50870 
 40.94500  0.50958  0.50867 
 41.04500  0.50957  0.50860 
 41.14500  0.50955  0.50860 
 41.24500  0.50952  0.50860 
 41.34500  0.50952  0.50859 
 41.44500  0.50950  0.50850 
 41.54500  0.50949  0.50850 
 41.64500  0.50948  0.50850 
 41.74500  0.50947  0.50850 
 41.84500  0.50945  0.50840 
 41.94500  0.50944  0.50840 
 42.04500  0.50943  0.50840 
 42.14500  0.50941  0.50840 
 42.24500  0.50940  0.50832 
 42.34500  0.50939  0.50830 
 42.44500  0.50937  0.50830 
 42.54500  0.50935  0.50830 
 42.64500  0.50933  0.50825 
 42.74500  0.50932  0.50820 
 42.84500  0.50931  0.50820 
 42.94500  0.50930  0.50820 
 43.04500  0.50929  0.50818 
 43.14500  0.50927  0.50810 
 43.24500  0.50926  0.50810 
 43.34500  0.50923  0.50810 
 43.44500  0.50922  0.50810 
 43.54500  0.50921  0.50802 
 43.64500  0.50920  0.50800 
 43.74500  0.50919  0.50800 
 43.84500  0.50917  0.50800 
 43.94500  0.50915  0.50797 
 44.04500  0.50914  0.50790 
 44.14500  0.50912  0.50790 
 44.24500  0.50912  0.50790 
 44.34500  0.50910  0.50790 
 44.44500  0.50908  0.50782 
 44.54500  0.50908  0.50780 
 44.64500  0.50906  0.50780 
 44.74500  0.50905  0.50780 
 44.84500  0.50903  0.50777 
 44.94500  0.50902  0.50770 
 45.04500  0.50901  0.50770 
 45.14500  0.50899  0.50770 
 45.24500  0.50899  0.50770 
 45.34500  0.50897  0.50764 
 45.44500  0.50894  0.50760 
 45.54500  0.50893  0.50760 
 45.64500  0.50892  0.50760 
 45.74500  0.50890  0.50760 
 45.84500  0.50889  0.50751 
 45.94500  0.50888  0.50750 
 46.04500  0.50887  0.50750 
 46.14500  0.50886  0.50750 
 46.24500  0.50884  0.50750 
 46.34500  0.50884  0.50740 
 46.44500  0.50882  0.50740 
 46.54500  0.50880  0.50740 
 46.64500  0.50880  0.50740 
 46.74500  0.50879  0.50739 
 46.84500  0.50877  0.50730 
 46.94500  0.50876  0.50730 
 47.04500  0.50874  0.50730 
 47.14500  0.50874  0.50730 
 47.24500  0.50873  0.50730 
 47.34500  0.50871  0.50720 
 47.44500  0.50870  0.50720 
 47.54500  0.50870  0.50720 
 47.64500  0.50867  0.50720 
 47.74500  0.50867  0.50720 
 47.84500  0.50867  0.50711 
 47.94500  0.50865  0.50710 
 48.04500  0.50864  0.50710 
 48.14500  0.50863  0.50710 
 48.24500  0.50861  0.50710 
 48.34500  0.50860  0.50704 
 48.44500  0.50860  0.50700 
 48.54500  0.50857  0.50700 
 48.64500  0.50856  0.50700 
 48.74500  0.50856  0.50700 
 48.84500  0.50854  0.50699 
 48.94500  0.50853  0.50690 
 49.04500  0.50853  0.50690 
 49.14500  0.50852  0.50690 
 49.24500  0.50851  0.50690 
 49.34500  0.50850  0.50690 
 49.44500  0.50849  0.50685 
 49.54500  0.50848  0.50680 
 49.64500  0.50847  0.50680 
 49.74500  0.50846  0.50680 
 49.84500  0.50845  0.50680 
 49.94500  0.50845  0.50680 
 50.04500  0.50844  0.50673 
 50.14500  0.50842  0.50670 
 50.24500  0.50842  0.50670 
 50.34500  0.50841  0.50670 
 50.44500  0.50839  0.50670 
 50.54500  0.50838  0.50670 
 50.64500  0.50837  0.50663 
 50.74500  0.50837  0.50660 
 50.84500  0.50835  0.50660 
 50.94500  0.50834  0.50660 
 51.04500  0.50833  0.50660 
 51.14500  0.50832  0.50660 
 51.24500  0.50831  0.50656 
 51.34500  0.50831  0.50650 
 51.44500  0.50830  0.50650 
 51.54500  0.50828  0.50650 
 51.64500  0.50828  0.50650 
 51.74500  0.50827  0.50650 
 51.84500  0.50827  0.50650 
 51.94500  0.50824  0.50642 
 52.04500  0.50824  0.50640 
 52.14500  0.50824  0.50640 
 52.24500  0.50823  0.50640 
 52.34500  0.50821  0.50640 
 52.44500  0.50820  0.50640 
 52.54500  0.50820  0.50640 
 52.64500  0.50818  0.50631 
 52.74500  0.50817  0.50630 
 52.84500  0.50817  0.50630 
 52.94500  0.50816  0.50630 
 53.04500  0.50815  0.50630 
 53.14500  0.50814  0.50630 
 53.24500  0.50814  0.50630 
 53.34500  0.50813  0.50624 
 53.44500  0.50813  0.50620 
 53.54500  0.50810  0.50620 
 53.64500  0.50810  0.50620 
 53.74500  0.50809  0.50620 
 53.84500  0.50809  0.50620 
 53.94500  0.50808  0.50620 
 54.04500  0.50807  0.50620 
 54.14500  0.50806  0.50612 
 54.24500  0.50806  0.50610 
 54.34500  0.50805  0.50610 
 54.44500  0.50804  0.50610 
 54.54500  0.50803  0.50610 
 54.64500  0.50803  0.50610 
 54.74500  0.50800  0.50610 
 54.84500  0.50799  0.50610 
 54.94500  0.50797  0.50606 
 55.04500  0.50798  0.50600 
 55.14500  0.50797  0.50600 
 55.24500  0.50797  0.50600 
 55.34500  0.50796  0.50600 
 55.44500  0.50794  0.50600 
 55.54500  0.50794  0.50600 
 55.64500  0.50794  0.50600 
 55.74500  0.50794  0.50600 
 55.84500  0.50793  0.50599 
 55.94500  0.50792  0.50590 
 56.04500  0.50791  0.50590 
 56.14500  0.50790  0.50590 
 56.24500  0.50791  0.50590 
 56.34500  0.50790  0.50590 
 56.44500  0.50790  0.50590 
 56.54500  0.50788  0.50590 
 56.64500  0.50788  0.50590 
 56.74500  0.50788  0.50590 
 56.84500  0.50787  0.50590 
 56.94500  0.50787  0.50583 
 57.04500  0.50787  0.50580 
 57.14500  0.50785  0.50580 
 57.24500  0.50785  0.50580 
 57.34500  0.50785  0.50580 
 57.44500  0.50785  0.50580 
 57.54500  0.50785  0.50580 
 57.64500  0.50784  0.50580 
 57.74500  0.50783  0.50580 
 57.84500  0.50782  0.50580 
 57.94500  0.50782  0.50580 
 58.04500  0.50781  0.50580 
 58.14500  0.50781  0.50576 
 58.24500  0.50781  0.50570 
 58.34500  0.50781  0.50570 
 58.44500  0.50781  0.50570 
 58.54500  0.50780  0.50570 
 58.64500  0.50779  0.50570 
 58.74500  0.50778  0.50570 
 58.84500  0.50778  0.50570 
 58.94500  0.50778  0.50570 
 59.04500  0.50778  0.50570 
 59.14500  0.50778  0.50570 
 59.24500  0.50778  0.50570 
 59.34500  0.50778  0.50570 
 59.44500  0.50777  0.50570 
 59.54500  0.50777  0.50570 
 59.64500  0.50776  0.50570 
 59.74500  0.50776  0.50563 
 59.84500  0.50776  0.50560 
 59.94500  0.50776  0.50560 
 60.04500  0.50775  0.50560 
 60.14500  0.50774  0.50560 
 60.24500  0.50775  0.50560 
 60.34500  0.50775  0.50560 
 60.44500  0.50775  0.50560 
 60.54500  0.50775  0.50560 
 60.64500  0.50773  0.50560 
 60.74500  0.50773  0.50560 
 60.84500  0.50773  0.50560 
 60.94500  0.50773  0.50560 
 61.04500  0.50773  0.50560 
 61.14500  0.50774  0.50560 
 61.24500  0.50774  0.50560 
 61.34500  0.50773  0.50560 
 61.44500  0.50773  0.50560 
 61.54500  0.50772  0.50560 
 61.64500  0.50772  0.50560 
 61.74500  0.50772  0.50560 
 61.84500  0.50771  0.50560 
 61.94500  0.50772  0.50560 
 62.04500  0.50772  0.50560 
 62.14500  0.50772  0.50560 
 62.24500  0.50771  0.50560 
 62.34500  0.50771  0.50560 
 62.44500  0.50771  0.50560 
 62.54500  0.50769  0.50560 
 62.64500  0.50770  0.50555 
 62.74500  0.50770  0.50550 
 62.84500  0.50770  0.50550 
 62.94500  0.50770  0.50550 
 63.04500  0.50770  0.50550 
 63.14500  0.50770  0.50550 
 63.24500  0.50770  0.50550 
 63.34500  0.50770  0.50550 
 63.44500  0.50770  0.50550 
 63.54500  0.50770  0.50550 
 63.64500  0.50770  0.50550 
