  0.04500  0.99998  1.00000 
  0.14500  0.99998  1.00000 
  0.24500  0.99998  1.00000 
  0.34500  0.99997  1.00000 
  0.44500  0.99997  1.00000 
  0.54500  0.99997  1.00000 
  0.64500  0.99998  1.00000 
  0.74500  0.99998  1.00000 
  0.84500  0.99998  1.00000 
  0.94500  0.99998  1.00000 
  1.04500  0.99997  1.00000 
  1.14500  0.99997  1.00000 
  1.24500  0.99997  1.00000 
  1.34500  0.99997  1.00000 
  1.44500  0.99998  1.00000 
  1.54500  0.99998  1.00000 
  1.64500  0.99998  1.00000 
  1.74500  0.99998  1.00000 
  1.84500  0.99997  1.00000 
  1.94500  0.99997  1.00000 
  2.04500  0.99994  0.99999 
  2.14500  0.99992  0.99990 
  2.24500  0.99983  0.99987 
  2.34500  0.99974  0.99975 
  2.44500  0.99954  0.99956 
  2.54500  0.99923  0.99925 
  2.64500  0.99869  0.99873 
  2.74500  0.99787  0.99792 
  2.84500  0.99660  0.99663 
  2.94500  0.99465  0.99466 
  3.04500  0.99172  0.99174 
  3.14500  0.98752  0.98755 
  3.24500  0.98155  0.98157 
  3.34500  0.97328  0.97335 
  3.44500  0.96214  0.96221 
  3.54500  0.94750  0.94758 
  3.64500  0.92871  0.92876 
  3.74500  0.90514  0.90513 
  3.84500  0.87629  0.87619 
  3.94500  0.84170  0.84157 
  4.04500  0.80123  0.80115 
  4.14500  0.75500  0.75507 
  4.24500  0.70357  0.70381 
  4.34500  0.64776  0.64807 
  4.44500  0.58872  0.58898 
  4.54500  0.52774  0.52780 
  4.64500  0.46601  0.46596 
  4.74500  0.40517  0.40490 
  4.84500  0.34639  0.34609 
  4.94500  0.29097  0.29078 
  5.04500  0.24003  0.24000 
  5.14500  0.19437  0.19446 
  5.24500  0.15451  0.15465 
  5.34500  0.12052  0.12060 
  5.44500  0.09220  0.09223 
  5.54500  0.06916  0.06912 
  5.64500  0.05080  0.05077 
  5.74500  0.03654  0.03650 
  5.84500  0.02573  0.02571 
  5.94500  0.01773  0.01772 
  6.04500  0.01197  0.01196 
  6.14500  0.00791  0.00792 
  6.24500  0.00511  0.00512 
  6.34500  0.00325  0.00327 
  6.44500  0.00206  0.00206 
  6.54500  0.00134  0.00133 
  6.64500  0.00094  0.00095 
  6.74500  0.00082  0.00080 
  6.84500  0.00094  0.00096 
  6.94500  0.00135  0.00134 
  7.04500  0.00207  0.00207 
  7.14500  0.00326  0.00327 
  7.24500  0.00513  0.00516 
  7.34500  0.00793  0.00794 
  7.44500  0.01200  0.01201 
  7.54500  0.01780  0.01780 
  7.64500  0.02584  0.02580 
  7.74500  0.03668  0.03662 
  7.84500  0.05097  0.05092 
  7.94500  0.06935  0.06933 
  8.04500  0.09245  0.09250 
  8.14500  0.12082  0.12092 
  8.24500  0.15486  0.15501 
  8.34500  0.19479  0.19488 
  8.44500  0.24050  0.24047 
  8.54500  0.29150  0.29130 
  8.64500  0.34694  0.34664 
  8.74500  0.40575  0.40548 
  8.84500  0.46661  0.46655 
  8.94500  0.52833  0.52839 
  9.04500  0.58929  0.58958 
  9.14500  0.64830  0.64864 
  9.24500  0.70409  0.70433 
  9.34500  0.75550  0.75555 
  9.44500  0.80165  0.80157 
  9.54500  0.84208  0.84193 
  9.64500  0.87659  0.87649 
  9.74500  0.90541  0.90538 
  9.84500  0.92891  0.92896 
  9.94500  0.94765  0.94773 
 10.04500  0.96228  0.96234 
 10.14500  0.97336  0.97342 
 10.24500  0.98162  0.98165 
 10.34500  0.98758  0.98758 
 10.44500  0.99177  0.99178 
 10.54500  0.99467  0.99469 
 10.64500  0.99662  0.99663 
 10.74500  0.99789  0.99792 
 10.84500  0.99869  0.99872 
 10.94500  0.99921  0.99923 
 11.04500  0.99952  0.99953 
 11.14500  0.99968  0.99969 
 11.24500  0.99972  0.99970 
 11.34500  0.99969  0.99970 
 11.44500  0.99953  0.99956 
 11.54500  0.99925  0.99928 
 11.64500  0.99879  0.99882 
 11.74500  0.99802  0.99804 
 11.84500  0.99682  0.99683 
 11.94500  0.99498  0.99500 
 12.04500  0.99225  0.99226 
 12.14500  0.98824  0.98827 
 12.24500  0.98254  0.98256 
 12.34500  0.97464  0.97470 
 12.44500  0.96398  0.96405 
 12.54500  0.94990  0.94996 
 12.64500  0.93174  0.93179 
 12.74500  0.90891  0.90892 
 12.84500  0.88085  0.88077 
 12.94500  0.84711  0.84702 
 13.04500  0.80750  0.80743 
 13.14500  0.76212  0.76215 
 13.24500  0.71138  0.71160 
 13.34500  0.65614  0.65647 
 13.44500  0.59748  0.59779 
 13.54500  0.53672  0.53682 
 13.64500  0.47502  0.47496 
 13.74500  0.41398  0.41372 
 13.84500  0.35481  0.35450 
 13.94500  0.29883  0.29860 
 14.04500  0.24716  0.24712 
 14.14500  0.20072  0.20078 
 14.24500  0.15996  0.16012 
 14.34500  0.12512  0.12524 
 14.44500  0.09600  0.09604 
 14.54500  0.07221  0.07220 
 14.64500  0.05324  0.05317 
 14.74500  0.03841  0.03836 
 14.84500  0.02715  0.02710 
 14.94500  0.01876  0.01874 
 15.04500  0.01269  0.01270 
 15.14500  0.00840  0.00841 
 15.24500  0.00545  0.00546 
 15.34500  0.00347  0.00348 
 15.44500  0.00221  0.00220 
 15.54500  0.00142  0.00142 
 15.64500  0.00098  0.00099 
 15.74500  0.00083  0.00081 
 15.84500  0.00091  0.00091 
 15.94500  0.00127  0.00126 
 16.04500  0.00194  0.00196 
 16.14500  0.00307  0.00307 
 16.24500  0.00481  0.00482 
 16.34500  0.00745  0.00747 
 16.44500  0.01131  0.01133 
 16.54500  0.01682  0.01682 
 16.64500  0.02450  0.02446 
 16.74500  0.03488  0.03484 
 16.84500  0.04864  0.04858 
 16.94500  0.06639  0.06635 
 17.04500  0.08875  0.08879 
 17.14500  0.11632  0.11643 
 17.24500  0.14953  0.14965 
 17.34500  0.18858  0.18870 
 17.44500  0.23347  0.23346 
 17.54500  0.28374  0.28357 
 17.64500  0.33862  0.33832 
 17.74500  0.39700  0.39671 
 17.84500  0.45764  0.45753 
 17.94500  0.51932  0.51937 
 18.04500  0.58048  0.58072 
 18.14500  0.63986  0.64018 
 18.24500  0.69618  0.69642 
 18.34500  0.74828  0.74837 
 18.44500  0.79526  0.79519 
 18.54500  0.83651  0.83640 
 18.64500  0.87190  0.87181 
 18.74500  0.90153  0.90151 
 18.84500  0.92579  0.92581 
 18.94500  0.94518  0.94527 
 19.04500  0.96037  0.96044 
 19.14500  0.97193  0.97199 
 19.24500  0.98056  0.98060 
 19.34500  0.98684  0.98684 
 19.44500  0.99124  0.99127 
 19.54500  0.99431  0.99432 
 19.64500  0.99638  0.99640 
 19.74500  0.99771  0.99774 
 19.84500  0.99856  0.99860 
 19.94500  0.99909  0.99911 
 20.04500  0.99937  0.99938 
 20.14500  0.99947  0.99950 
 20.24500  0.99938  0.99940 
 20.34500  0.99912  0.99915 
 20.44500  0.99862  0.99865 
 20.54500  0.99779  0.99783 
 20.64500  0.99650  0.99651 
 20.74500  0.99450  0.99450 
 20.84500  0.99150  0.99154 
 20.94500  0.98720  0.98721 
 21.04500  0.98109  0.98114 
 21.14500  0.97268  0.97274 
 21.24500  0.96135  0.96142 
 21.34500  0.94646  0.94653 
 21.44500  0.92738  0.92742 
 21.54500  0.90350  0.90349 
 21.64500  0.87428  0.87420 
 21.74500  0.83934  0.83922 
 21.84500  0.79849  0.79844 
 21.94500  0.75194  0.75202 
 22.04500  0.70018  0.70044 
 22.14500  0.64413  0.64447 
 22.24500  0.58494  0.58522 
 22.34500  0.52388  0.52394 
 22.44500  0.46217  0.46209 
 22.54500  0.40141  0.40115 
 22.64500  0.34283  0.34252 
 22.74500  0.28764  0.28747 
 22.84500  0.23700  0.23699 
 22.94500  0.19170  0.19183 
 23.04500  0.15221  0.15234 
 23.14500  0.11859  0.11868 
 23.24500  0.09060  0.09066 
 23.34500  0.06789  0.06786 
 23.44500  0.04980  0.04975 
 23.54500  0.03578  0.03574 
 23.64500  0.02516  0.02514 
 23.74500  0.01731  0.01729 
 23.84500  0.01165  0.01165 
 23.94500  0.00769  0.00770 
 24.04500  0.00494  0.00496 
 24.14500  0.00312  0.00313 
 24.24500  0.00195  0.00196 
 24.34500  0.00119  0.00121 
 24.44500  0.00075  0.00075 
 24.54500  0.00050  0.00052 
 24.64500  0.00043  0.00040 
 24.74500  0.00048  0.00049 
 24.84500  0.00071  0.00071 
 24.94500  0.00113  0.00112 
 25.04500  0.00182  0.00183 
 25.14500  0.00294  0.00295 
 25.24500  0.00466  0.00468 
 25.34500  0.00726  0.00727 
 25.44500  0.01105  0.01106 
 25.54500  0.01646  0.01644 
 25.64500  0.02399  0.02398 
 25.74500  0.03421  0.03416 
 25.84500  0.04775  0.04771 
 25.94500  0.06523  0.06521 
 26.04500  0.08736  0.08737 
 26.14500  0.11461  0.11470 
 26.24500  0.14748  0.14762 
 26.34500  0.18621  0.18633 
 26.44500  0.23077  0.23075 
 26.54500  0.28076  0.28059 
 26.64500  0.33538  0.33511 
 26.74500  0.39358  0.39332 
 26.84500  0.45414  0.45403 
 26.94500  0.51579  0.51586 
 27.04500  0.57703  0.57727 
 27.14500  0.63653  0.63687 
 27.24500  0.69307  0.69333 
 27.34500  0.74543  0.74553 
 27.44500  0.79272  0.79267 
 27.54500  0.83432  0.83422 
 27.64500  0.87006  0.86993 
 27.74500  0.89999  0.89995 
 27.84500  0.92454  0.92458 
 27.94500  0.94423  0.94429 
 28.04500  0.95961  0.95969 
 28.14500  0.97136  0.97142 
 28.24500  0.98014  0.98017 
 28.34500  0.98652  0.98653 
 28.44500  0.99104  0.99105 
 28.54500  0.99417  0.99420 
 28.64500  0.99628  0.99630 
 28.74500  0.99767  0.99771 
 28.84500  0.99857  0.99859 
 28.94500  0.99914  0.99918 
 29.04500  0.99950  0.99951 
 29.14500  0.99971  0.99972 
 29.24500  0.99981  0.99984 
 29.34500  0.99990  0.99990 
 29.44500  0.99991  0.99990 
 29.54500  0.99992  0.99990 
 29.64500  0.99991  0.99990 
 29.74500  0.99983  0.99987 
 29.84500  0.99973  0.99976 
 29.94500  0.99956  0.99958 
 30.04500  0.99924  0.99927 
 30.14500  0.99874  0.99876 
 30.24500  0.99793  0.99795 
 30.34500  0.99671  0.99672 
 30.44500  0.99479  0.99481 
 30.54500  0.99194  0.99194 
 30.64500  0.98781  0.98783 
 30.74500  0.98195  0.98197 
 30.84500  0.97385  0.97391 
 30.94500  0.96290  0.96297 
 31.04500  0.94849  0.94854 
 31.14500  0.92995  0.92999 
 31.24500  0.90669  0.90668 
 31.34500  0.87815  0.87807 
 31.44500  0.84390  0.84380 
 31.54500  0.80380  0.80370 
 31.64500  0.75790  0.75795 
 31.74500  0.70674  0.70698 
 31.84500  0.65116  0.65149 
 31.94500  0.59227  0.59255 
 32.04500  0.53138  0.53145 
 32.14500  0.46964  0.46959 
 32.24500  0.40873  0.40846 
 32.34500  0.34979  0.34949 
 32.44500  0.29414  0.29393 
 32.54500  0.24290  0.24287 
 32.64500  0.19692  0.19701 
 32.74500  0.15669  0.15685 
 32.84500  0.12236  0.12247 
 32.94500  0.09372  0.09377 
 33.04500  0.07039  0.07035 
 33.14500  0.05177  0.05174 
 33.24500  0.03729  0.03725 
 33.34500  0.02630  0.02627 
 33.44500  0.01814  0.01814 
 33.54500  0.01227  0.01228 
 33.64500  0.00813  0.00816 
 33.74500  0.00532  0.00530 
 33.84500  0.00344  0.00347 
 33.94500  0.00231  0.00231 
 34.04500  0.00170  0.00171 
 34.14500  0.00156  0.00152 
 34.24500  0.00178  0.00177 
 34.34500  0.00245  0.00246 
 34.44500  0.00370  0.00370 
 34.54500  0.00569  0.00570 
 34.64500  0.00869  0.00870 
 34.74500  0.01306  0.01306 
 34.84500  0.01928  0.01925 
 34.94500  0.02782  0.02779 
 35.04500  0.03933  0.03927 
 35.14500  0.05441  0.05435 
 35.24500  0.07372  0.07369 
 35.34500  0.09786  0.09790 
 35.44500  0.12738  0.12748 
 35.54500  0.16262  0.16275 
 35.64500  0.20374  0.20385 
 35.74500  0.25061  0.25054 
 35.84500  0.30263  0.30238 
 35.94500  0.35887  0.35853 
 36.04500  0.41817  0.41795 
 36.14500  0.47933  0.47931 
 36.24500  0.54102  0.54111 
 36.34500  0.60168  0.60199 
 36.44500  0.66010  0.66044 
 36.54500  0.71509  0.71528 
 36.64500  0.76548  0.76549 
 36.74500  0.81047  0.81038 
 36.84500  0.84966  0.84955 
 36.94500  0.88300  0.88293 
 37.04500  0.91069  0.91067 
 37.14500  0.93316  0.93321 
 37.24500  0.95100  0.95106 
 37.34500  0.96482  0.96488 
 37.44500  0.97527  0.97533 
 37.54500  0.98299  0.98303 
 37.64500  0.98857  0.98858 
 37.74500  0.99246  0.99249 
 37.84500  0.99514  0.99515 
 37.94500  0.99691  0.99692 
 38.04500  0.99806  0.99811 
 38.14500  0.99880  0.99881 
 38.24500  0.99921  0.99924 
 38.34500  0.99942  0.99945 
 38.44500  0.99945  0.99948 
 38.54500  0.99930  0.99933 
 38.64500  0.99898  0.99900 
 38.74500  0.99836  0.99840 
 38.84500  0.99740  0.99741 
 38.94500  0.99588  0.99588 
 39.04500  0.99356  0.99359 
 39.14500  0.99017  0.99017 
 39.24500  0.98529  0.98531 
 39.34500  0.97841  0.97846 
 39.44500  0.96903  0.96910 
 39.54500  0.95652  0.95660 
 39.64500  0.94025  0.94033 
 39.74500  0.91954  0.91956 
 39.84500  0.89384  0.89379 
 39.94500  0.86263  0.86254 
 40.04500  0.82561  0.82550 
 40.14500  0.78270  0.78269 
 40.24500  0.73424  0.73439 
 40.34500  0.68087  0.68116 
 40.44500  0.62356  0.62389 
 40.54500  0.56355  0.56377 
 40.64500  0.50210  0.50210 
 40.74500  0.44058  0.44042 
 40.84500  0.38044  0.38014 
 40.94500  0.32291  0.32264 
 41.04500  0.26921  0.26910 
 41.14500  0.22040  0.22044 
 41.24500  0.17712  0.17723 
 41.34500  0.13969  0.13982 
 41.44500  0.10808  0.10817 
 41.54500  0.08202  0.08203 
 41.64500  0.06101  0.06095 
 41.74500  0.04442  0.04439 
 41.84500  0.03169  0.03167 
 41.94500  0.02212  0.02209 
 42.04500  0.01511  0.01511 
 42.14500  0.01011  0.01013 
 42.24500  0.00664  0.00668 
 42.34500  0.00432  0.00433 
 42.44500  0.00284  0.00286 
 42.54500  0.00196  0.00197 
 42.64500  0.00159  0.00156 
 42.74500  0.00161  0.00158 
 42.84500  0.00203  0.00204 
 42.94500  0.00297  0.00299 
 43.04500  0.00452  0.00453 
 43.14500  0.00696  0.00698 
 43.24500  0.01056  0.01057 
 43.34500  0.01575  0.01574 
 43.44500  0.02299  0.02297 
 43.54500  0.03286  0.03282 
 43.64500  0.04599  0.04593 
 43.74500  0.06301  0.06296 
 43.84500  0.08452  0.08454 
 43.94500  0.11116  0.11123 
 44.04500  0.14337  0.14349 
 44.14500  0.18141  0.18153 
 44.24500  0.22531  0.22531 
 44.34500  0.27469  0.27454 
 44.44500  0.32883  0.32855 
 44.54500  0.38669  0.38639 
 44.64500  0.44702  0.44688 
 44.74500  0.50863  0.50867 
 44.84500  0.56998  0.57020 
 44.94500  0.62975  0.63010 
 45.04500  0.68670  0.68700 
 45.14500  0.73961  0.73974 
 45.24500  0.78752  0.78749 
 45.34500  0.82980  0.82969 
 45.44500  0.86619  0.86610 
 45.54500  0.89680  0.89678 
 45.64500  0.92197  0.92199 
 45.74500  0.94216  0.94223 
 45.84500  0.95803  0.95809 
 45.94500  0.97015  0.97022 
 46.04500  0.97926  0.97928 
 46.14500  0.98587  0.98590 
 46.24500  0.99058  0.99060 
 46.34500  0.99385  0.99386 
 46.44500  0.99604  0.99605 
 46.54500  0.99746  0.99749 
 46.64500  0.99834  0.99835 
 46.74500  0.99881  0.99883 
 46.84500  0.99897  0.99900 
 46.94500  0.99883  0.99884 
 47.04500  0.99836  0.99840 
 47.14500  0.99752  0.99754 
 47.24500  0.99615  0.99614 
 47.34500  0.99402  0.99402 
 47.44500  0.99083  0.99085 
 47.54500  0.98622  0.98625 
 47.64500  0.97974  0.97979 
 47.74500  0.97083  0.97090 
 47.84500  0.95891  0.95898 
 47.94500  0.94330  0.94339 
 48.04500  0.92341  0.92344 
 48.14500  0.89860  0.89857 
 48.24500  0.86835  0.86826 
 48.34500  0.83234  0.83223 
 48.44500  0.79043  0.79041 
 48.54500  0.74288  0.74300 
 48.64500  0.69026  0.69056 
 48.74500  0.63357  0.63389 
 48.84500  0.57393  0.57417 
 48.94500  0.51264  0.51268 
 49.04500  0.45101  0.45088 
 49.14500  0.39055  0.39025 
 49.24500  0.33248  0.33220 
 49.34500  0.27807  0.27791 
 49.44500  0.22835  0.22836 
 49.54500  0.18410  0.18420 
 49.64500  0.14566  0.14579 
 49.74500  0.11308  0.11318 
 49.84500  0.08609  0.08612 
 49.94500  0.06426  0.06422 
 50.04500  0.04695  0.04692 
 50.14500  0.03363  0.03357 
 50.24500  0.02354  0.02352 
 50.34500  0.01614  0.01614 
 50.44500  0.01081  0.01081 
 50.54500  0.00709  0.00711 
 50.64500  0.00457  0.00457 
 50.74500  0.00286  0.00288 
 50.84500  0.00177  0.00177 
 50.94500  0.00106  0.00106 
 51.04500  0.00062  0.00062 
 51.14500  0.00036  0.00037 
 51.24500  0.00022  0.00022 
 51.34500  0.00013  0.00012 
 51.44500  0.00011  0.00010 
 51.54500  0.00011  0.00010 
 51.64500  0.00019  0.00019 
 51.74500  0.00031  0.00032 
 51.84500  0.00053  0.00053 
 51.94500  0.00091  0.00090 
 52.04500  0.00153  0.00152 
 52.14500  0.00249  0.00250 
 52.24500  0.00397  0.00399 
 52.34500  0.00622  0.00624 
 52.44500  0.00956  0.00958 
 52.54500  0.01436  0.01435 
 52.64500  0.02108  0.02108 
 52.74500  0.03029  0.03027 
 52.84500  0.04261  0.04254 
 52.94500  0.05865  0.05859 
 53.04500  0.07907  0.07907 
 53.14500  0.10446  0.10452 
 53.24500  0.13534  0.13546 
 53.34500  0.17200  0.17214 
 53.44500  0.21455  0.21461 
 53.54500  0.26270  0.26261 
 53.64500  0.31585  0.31557 
 53.74500  0.37293  0.37262 
 53.84500  0.43281  0.43261 
 53.94500  0.49420  0.49421 
 54.04500  0.55579  0.55596 
 54.14500  0.61602  0.61634 
 54.24500  0.67374  0.67406 
 54.34500  0.72768  0.72785 
 54.44500  0.77684  0.77683 
 54.54500  0.82045  0.82035 
 54.64500  0.85824  0.85813 
 54.74500  0.89016  0.89013 
 54.84500  0.91657  0.91658 
 54.94500  0.93786  0.93793 
 55.04500  0.95467  0.95476 
 55.14500  0.96764  0.96771 
 55.24500  0.97739  0.97742 
 55.34500  0.98451  0.98454 
 55.44500  0.98963  0.98964 
 55.54500  0.99320  0.99322 
 55.64500  0.99564  0.99566 
 55.74500  0.99726  0.99728 
 55.84500  0.99830  0.99832 
 55.94500  0.99897  0.99899 
 56.04500  0.99939  0.99941 
 56.14500  0.99963  0.99965 
 56.24500  0.99977  0.99979 
 56.34500  0.99983  0.99987 
 56.44500  0.99987  0.99990 
 56.54500  0.99980  0.99983 
 56.64500  0.99973  0.99975 
 56.74500  0.99955  0.99957 
 56.84500  0.99924  0.99927 
 56.94500  0.99874  0.99876 
 57.04500  0.99793  0.99795 
 57.14500  0.99670  0.99671 
 57.24500  0.99478  0.99480 
 57.34500  0.99192  0.99194 
 57.44500  0.98777  0.98780 
 57.54500  0.98191  0.98195 
 57.64500  0.97377  0.97383 
 57.74500  0.96282  0.96289 
 57.84500  0.94838  0.94844 
 57.94500  0.92983  0.92988 
 58.04500  0.90654  0.90653 
 58.14500  0.87795  0.87789 
 58.24500  0.84369  0.84358 
 58.34500  0.80353  0.80347 
 58.44500  0.75763  0.75769 
 58.54500  0.70643  0.70667 
 58.64500  0.65082  0.65116 
 58.74500  0.59192  0.59222 
 58.84500  0.53103  0.53111 
 58.94500  0.46928  0.46925 
 59.04500  0.40838  0.40813 
 59.14500  0.34948  0.34915 
 59.24500  0.29384  0.29364 
 59.34500  0.24263  0.24259 
 59.44500  0.19668  0.19678 
 59.54500  0.15649  0.15663 
 59.64500  0.12219  0.12229 
 59.74500  0.09358  0.09361 
 59.84500  0.07024  0.07023 
 59.94500  0.05167  0.05164 
 60.04500  0.03721  0.03719 
 60.14500  0.02621  0.02620 
 60.24500  0.01809  0.01808 
 60.34500  0.01222  0.01221 
 60.44500  0.00807  0.00808 
 60.54500  0.00521  0.00522 
 60.64500  0.00329  0.00331 
 60.74500  0.00205  0.00205 
 60.84500  0.00124  0.00124 
 60.94500  0.00073  0.00073 
 61.04500  0.00042  0.00042 
 61.14500  0.00023  0.00024 
 61.24500  0.00013  0.00013 
 61.34500  0.00005  0.00010 
 61.44500  0.00003  0.00000 
 61.54500  0.00001  0.00000 
 61.64500  0.00001  0.00000 
 61.74500 -0.00001  0.00000 
 61.84500 -0.00000  0.00000 
 61.94500 -0.00001  0.00000 
 62.04500 -0.00001  0.00000 
 62.14500  0.00001  0.00000 
 62.24500 -0.00000  0.00000 
 62.34500  0.00000  0.00000 
 62.44500  0.00000  0.00000 
 62.54500 -0.00001  0.00000 
 62.64500 -0.00000  0.00000 
 62.74500 -0.00000  0.00000 
 62.84500 -0.00000  0.00000 
 62.94500  0.00000  0.00000 
 63.04500  0.00000  0.00000 
 63.14500 -0.00000  0.00000 
 63.24500 -0.00000  0.00000 
 63.34500 -0.00000  0.00000 
 63.44500 -0.00000  0.00000 
 63.54500 -0.00000  0.00000 
 63.64500 -0.00000  0.00000 
