  0.04500  0.58133  0.58120 
  0.14500  0.58133  0.58120 
  0.24500  0.58131  0.58120 
  0.34500  0.58130  0.58120 
  0.44500  0.58129  0.58120 
  0.54500  0.58127  0.58120 
  0.64500  0.58125  0.58120 
  0.74500  0.58120  0.58116 
  0.84500  0.58119  0.58110 
  0.94500  0.58118  0.58110 
  1.04500  0.58116  0.58110 
  1.14500  0.58110  0.58100 
  1.24500  0.58107  0.58100 
  1.34500  0.58105  0.58095 
  1.44500  0.58097  0.58090 
  1.54500  0.58095  0.58087 
  1.64500  0.58089  0.58080 
  1.74500  0.58084  0.58076 
  1.84500  0.58079  0.58070 
  1.94500  0.58071  0.58063 
  2.04500  0.58067  0.58059 
  2.14500  0.58060  0.58050 
  2.24500  0.58052  0.58044 
  2.34500  0.58046  0.58037 
  2.44500  0.58038  0.58030 
  2.54500  0.58030  0.58020 
  2.64500  0.58024  0.58013 
  2.74500  0.58014  0.58005 
  2.84500  0.58006  0.57996 
  2.94500  0.57997  0.57987 
  3.04500  0.57988  0.57978 
  3.14500  0.57978  0.57968 
  3.24500  0.57968  0.57958 
  3.34500  0.57959  0.57948 
  3.44500  0.57947  0.57937 
  3.54500  0.57938  0.57926 
  3.64500  0.57926  0.57915 
  3.74500  0.57915  0.57904 
  3.84500  0.57904  0.57893 
  3.94500  0.57892  0.57881 
  4.04500  0.57879  0.57868 
  4.14500  0.57868  0.57856 
  4.24500  0.57855  0.57843 
  4.34500  0.57842  0.57830 
  4.44500  0.57829  0.57816 
  4.54500  0.57815  0.57804 
  4.64500  0.57802  0.57789 
  4.74500  0.57787  0.57775 
  4.84500  0.57773  0.57761 
  4.94500  0.57758  0.57746 
  5.04500  0.57744  0.57731 
  5.14500  0.57728  0.57716 
  5.24500  0.57713  0.57700 
  5.34500  0.57698  0.57685 
  5.44500  0.57682  0.57668 
  5.54500  0.57665  0.57653 
  5.64500  0.57649  0.57636 
  5.74500  0.57631  0.57620 
  5.84500  0.57615  0.57603 
  5.94500  0.57598  0.57585 
  6.04500  0.57581  0.57568 
  6.14500  0.57564  0.57550 
  6.24500  0.57545  0.57533 
  6.34500  0.57527  0.57515 
  6.44500  0.57510  0.57496 
  6.54500  0.57490  0.57477 
  6.64500  0.57473  0.57459 
  6.74500  0.57452  0.57440 
  6.84500  0.57434  0.57421 
  6.94500  0.57414  0.57401 
  7.04500  0.57395  0.57381 
  7.14500  0.57374  0.57363 
  7.24500  0.57355  0.57343 
  7.34500  0.57333  0.57321 
  7.44500  0.57314  0.57301 
  7.54500  0.57293  0.57281 
  7.64500  0.57272  0.57260 
  7.74500  0.57251  0.57239 
  7.84500  0.57229  0.57218 
  7.94500  0.57208  0.57197 
  8.04500  0.57187  0.57175 
  8.14500  0.57164  0.57153 
  8.24500  0.57142  0.57132 
  8.34500  0.57121  0.57110 
  8.44500  0.57098  0.57088 
  8.54500  0.57075  0.57066 
  8.64500  0.57053  0.57042 
  8.74500  0.57030  0.57020 
  8.84500  0.57007  0.56998 
  8.94500  0.56985  0.56974 
  9.04500  0.56961  0.56951 
  9.14500  0.56937  0.56928 
  9.24500  0.56914  0.56905 
  9.34500  0.56890  0.56881 
  9.44500  0.56866  0.56858 
  9.54500  0.56842  0.56833 
  9.64500  0.56818  0.56810 
  9.74500  0.56794  0.56785 
  9.84500  0.56770  0.56762 
  9.94500  0.56746  0.56738 
 10.04500  0.56720  0.56712 
 10.14500  0.56696  0.56688 
 10.24500  0.56671  0.56663 
 10.34500  0.56646  0.56640 
 10.44500  0.56621  0.56615 
 10.54500  0.56596  0.56590 
 10.64500  0.56571  0.56565 
 10.74500  0.56545  0.56540 
 10.84500  0.56520  0.56514 
 10.94500  0.56495  0.56488 
 11.04500  0.56469  0.56462 
 11.14500  0.56444  0.56438 
 11.24500  0.56418  0.56412 
 11.34500  0.56393  0.56387 
 11.44500  0.56368  0.56360 
 11.54500  0.56341  0.56335 
 11.64500  0.56316  0.56310 
 11.74500  0.56290  0.56283 
 11.84500  0.56263  0.56258 
 11.94500  0.56238  0.56231 
 12.04500  0.56212  0.56205 
 12.14500  0.56186  0.56180 
 12.24500  0.56160  0.56152 
 12.34500  0.56133  0.56128 
 12.44500  0.56108  0.56100 
 12.54500  0.56082  0.56075 
 12.64500  0.56054  0.56048 
 12.74500  0.56029  0.56022 
 12.84500  0.56002  0.55995 
 12.94500  0.55975  0.55970 
 13.04500  0.55950  0.55942 
 13.14500  0.55923  0.55916 
 13.24500  0.55897  0.55890 
 13.34500  0.55870  0.55863 
 13.44500  0.55844  0.55837 
 13.54500  0.55818  0.55810 
 13.64500  0.55791  0.55783 
 13.74500  0.55764  0.55758 
 13.84500  0.55739  0.55730 
 13.94500  0.55712  0.55704 
 14.04500  0.55685  0.55678 
 14.14500  0.55659  0.55650 
 14.24500  0.55632  0.55625 
 14.34500  0.55606  0.55598 
 14.44500  0.55580  0.55571 
 14.54500  0.55553  0.55545 
 14.64500  0.55527  0.55518 
 14.74500  0.55500  0.55492 
 14.84500  0.55474  0.55465 
 14.94500  0.55448  0.55439 
 15.04500  0.55421  0.55412 
 15.14500  0.55395  0.55386 
 15.24500  0.55368  0.55360 
 15.34500  0.55343  0.55333 
 15.44500  0.55316  0.55308 
 15.54500  0.55290  0.55280 
 15.64500  0.55264  0.55255 
 15.74500  0.55237  0.55229 
 15.84500  0.55211  0.55202 
 15.94500  0.55184  0.55177 
 16.04500  0.55158  0.55150 
 16.14500  0.55133  0.55125 
 16.24500  0.55106  0.55098 
 16.34500  0.55081  0.55072 
 16.44500  0.55054  0.55047 
 16.54500  0.55028  0.55020 
 16.64500  0.55003  0.54995 
 16.74500  0.54976  0.54970 
 16.84500  0.54951  0.54943 
 16.94500  0.54926  0.54918 
 17.04500  0.54900  0.54892 
 17.14500  0.54874  0.54868 
 17.24500  0.54848  0.54842 
 17.34500  0.54823  0.54817 
 17.44500  0.54797  0.54790 
 17.54500  0.54772  0.54765 
 17.64500  0.54747  0.54740 
 17.74500  0.54721  0.54715 
 17.84500  0.54696  0.54690 
 17.94500  0.54671  0.54665 
 18.04500  0.54646  0.54640 
 18.14500  0.54621  0.54616 
 18.24500  0.54596  0.54592 
 18.34500  0.54571  0.54568 
 18.44500  0.54546  0.54542 
 18.54500  0.54522  0.54518 
 18.64500  0.54497  0.54492 
 18.74500  0.54473  0.54470 
 18.84500  0.54449  0.54445 
 18.94500  0.54425  0.54420 
 19.04500  0.54400  0.54398 
 19.14500  0.54377  0.54372 
 19.24500  0.54352  0.54349 
 19.34500  0.54328  0.54325 
 19.44500  0.54304  0.54301 
 19.54500  0.54281  0.54278 
 19.64500  0.54257  0.54254 
 19.74500  0.54233  0.54230 
 19.84500  0.54209  0.54208 
 19.94500  0.54187  0.54183 
 20.04500  0.54163  0.54160 
 20.14500  0.54139  0.54138 
 20.24500  0.54117  0.54114 
 20.34500  0.54094  0.54091 
 20.44500  0.54071  0.54068 
 20.54500  0.54048  0.54046 
 20.64500  0.54026  0.54022 
 20.74500  0.54003  0.54000 
 20.84500  0.53980  0.53978 
 20.94500  0.53957  0.53955 
 21.04500  0.53936  0.53932 
 21.14500  0.53913  0.53910 
 21.24500  0.53891  0.53888 
 21.34500  0.53869  0.53866 
 21.44500  0.53847  0.53843 
 21.54500  0.53825  0.53822 
 21.64500  0.53804  0.53800 
 21.74500  0.53782  0.53778 
 21.84500  0.53760  0.53757 
 21.94500  0.53739  0.53735 
 22.04500  0.53718  0.53713 
 22.14500  0.53696  0.53691 
 22.24500  0.53675  0.53670 
 22.34500  0.53653  0.53649 
 22.44500  0.53632  0.53628 
 22.54500  0.53612  0.53607 
 22.64500  0.53591  0.53585 
 22.74500  0.53570  0.53565 
 22.84500  0.53548  0.53543 
 22.94500  0.53528  0.53523 
 23.04500  0.53507  0.53501 
 23.14500  0.53487  0.53481 
 23.24500  0.53467  0.53461 
 23.34500  0.53446  0.53440 
 23.44500  0.53425  0.53419 
 23.54500  0.53405  0.53399 
 23.64500  0.53385  0.53379 
 23.74500  0.53364  0.53359 
 23.84500  0.53345  0.53338 
 23.94500  0.53325  0.53317 
 24.04500  0.53304  0.53297 
 24.14500  0.53284  0.53277 
 24.24500  0.53264  0.53257 
 24.34500  0.53244  0.53237 
 24.44500  0.53225  0.53217 
 24.54500  0.53204  0.53198 
 24.64500  0.53185  0.53179 
 24.74500  0.53165  0.53159 
 24.84500  0.53145  0.53139 
 24.94500  0.53125  0.53119 
 25.04500  0.53107  0.53099 
 25.14500  0.53086  0.53081 
 25.24500  0.53066  0.53061 
 25.34500  0.53047  0.53041 
 25.44500  0.53028  0.53022 
 25.54500  0.53009  0.53003 
 25.64500  0.52988  0.52983 
 25.74500  0.52969  0.52965 
 25.84500  0.52950  0.52945 
 25.94500  0.52930  0.52925 
 26.04500  0.52912  0.52907 
 26.14500  0.52892  0.52887 
 26.24500  0.52873  0.52869 
 26.34500  0.52854  0.52849 
 26.44500  0.52835  0.52831 
 26.54500  0.52815  0.52811 
 26.64500  0.52795  0.52793 
 26.74500  0.52777  0.52774 
 26.84500  0.52757  0.52755 
 26.94500  0.52739  0.52735 
 27.04500  0.52720  0.52717 
 27.14500  0.52701  0.52698 
 27.24500  0.52681  0.52679 
 27.34500  0.52662  0.52661 
 27.44500  0.52643  0.52642 
 27.54500  0.52623  0.52623 
 27.64500  0.52605  0.52604 
 27.74500  0.52585  0.52585 
 27.84500  0.52566  0.52566 
 27.94500  0.52549  0.52547 
 28.04500  0.52529  0.52529 
 28.14500  0.52511  0.52510 
 28.24500  0.52491  0.52491 
 28.34500  0.52472  0.52473 
 28.44500  0.52453  0.52454 
 28.54500  0.52433  0.52435 
 28.64500  0.52415  0.52415 
 28.74500  0.52395  0.52397 
 28.84500  0.52377  0.52378 
 28.94500  0.52357  0.52359 
 29.04500  0.52339  0.52341 
 29.14500  0.52320  0.52321 
 29.24500  0.52300  0.52303 
 29.34500  0.52282  0.52283 
 29.44500  0.52263  0.52265 
 29.54500  0.52244  0.52245 
 29.64500  0.52224  0.52226 
 29.74500  0.52204  0.52207 
 29.84500  0.52187  0.52188 
 29.94500  0.52167  0.52169 
 30.04500  0.52147  0.52149 
 30.14500  0.52129  0.52131 
 30.24500  0.52110  0.52111 
 30.34500  0.52090  0.52091 
 30.44500  0.52071  0.52073 
 30.54500  0.52051  0.52053 
 30.64500  0.52031  0.52033 
 30.74500  0.52012  0.52013 
 30.84500  0.51993  0.51995 
 30.94500  0.51974  0.51975 
 31.04500  0.51954  0.51955 
 31.14500  0.51934  0.51935 
 31.24500  0.51915  0.51915 
 31.34500  0.51895  0.51895 
 31.44500  0.51875  0.51875 
 31.54500  0.51854  0.51855 
 31.64500  0.51834  0.51835 
 31.74500  0.51815  0.51815 
 31.84500  0.51795  0.51795 
 31.94500  0.51775  0.51774 
 32.04500  0.51754  0.51753 
 32.14500  0.51733  0.51733 
 32.24500  0.51712  0.51713 
 32.34500  0.51693  0.51691 
 32.44500  0.51672  0.51671 
 32.54500  0.51650  0.51651 
 32.64500  0.51630  0.51629 
 32.74500  0.51609  0.51609 
 32.84500  0.51588  0.51587 
 32.94500  0.51566  0.51566 
 33.04500  0.51546  0.51545 
 33.14500  0.51524  0.51523 
 33.24500  0.51503  0.51501 
 33.34500  0.51481  0.51480 
 33.44500  0.51460  0.51459 
 33.54500  0.51438  0.51437 
 33.64500  0.51416  0.51414 
 33.74500  0.51393  0.51392 
 33.84500  0.51371  0.51370 
 33.94500  0.51350  0.51348 
 34.04500  0.51326  0.51326 
 34.14500  0.51305  0.51303 
 34.24500  0.51282  0.51281 
 34.34500  0.51259  0.51258 
 34.44500  0.51236  0.51236 
 34.54500  0.51213  0.51212 
 34.64500  0.51190  0.51190 
 34.74500  0.51166  0.51166 
 34.84500  0.51143  0.51142 
 34.94500  0.51120  0.51120 
 35.04500  0.51096  0.51096 
 35.14500  0.51072  0.51072 
 35.24500  0.51048  0.51048 
 35.34500  0.51024  0.51025 
 35.44500  0.51000  0.51000 
 35.54500  0.50975  0.50977 
 35.64500  0.50950  0.50952 
 35.74500  0.50926  0.50928 
 35.84500  0.50901  0.50902 
 35.94500  0.50876  0.50878 
 36.04500  0.50851  0.50852 
 36.14500  0.50826  0.50828 
 36.24500  0.50800  0.50802 
 36.34500  0.50775  0.50778 
 36.44500  0.50749  0.50752 
 36.54500  0.50723  0.50728 
 36.64500  0.50696  0.50701 
 36.74500  0.50672  0.50675 
 36.84500  0.50645  0.50650 
 36.94500  0.50619  0.50622 
 37.04500  0.50592  0.50598 
 37.14500  0.50565  0.50570 
 37.24500  0.50539  0.50544 
 37.34500  0.50512  0.50518 
 37.44500  0.50485  0.50490 
 37.54500  0.50458  0.50463 
 37.64500  0.50430  0.50436 
 37.74500  0.50402  0.50409 
 37.84500  0.50375  0.50381 
 37.94500  0.50347  0.50354 
 38.04500  0.50320  0.50326 
 38.14500  0.50291  0.50299 
 38.24500  0.50263  0.50270 
 38.34500  0.50235  0.50241 
 38.44500  0.50206  0.50213 
 38.54500  0.50178  0.50184 
 38.64500  0.50150  0.50156 
 38.74500  0.50121  0.50127 
 38.84500  0.50091  0.50099 
 38.94500  0.50062  0.50069 
 39.04500  0.50033  0.50040 
 39.14500  0.50004  0.50010 
 39.24500  0.49974  0.49981 
 39.34500  0.49944  0.49951 
 39.44500  0.49914  0.49921 
 39.54500  0.49885  0.49891 
 39.64500  0.49855  0.49861 
 39.74500  0.49824  0.49831 
 39.84500  0.49794  0.49800 
 39.94500  0.49763  0.49769 
 40.04500  0.49732  0.49738 
 40.14500  0.49702  0.49708 
 40.24500  0.49670  0.49676 
 40.34500  0.49639  0.49645 
 40.44500  0.49608  0.49614 
 40.54500  0.49576  0.49582 
 40.64500  0.49545  0.49551 
 40.74500  0.49514  0.49518 
 40.84500  0.49481  0.49486 
 40.94500  0.49450  0.49455 
 41.04500  0.49418  0.49422 
 41.14500  0.49386  0.49388 
 41.24500  0.49352  0.49358 
 41.34500  0.49320  0.49325 
 41.44500  0.49287  0.49292 
 41.54500  0.49254  0.49258 
 41.64500  0.49221  0.49225 
 41.74500  0.49187  0.49192 
 41.84500  0.49154  0.49158 
 41.94500  0.49121  0.49125 
 42.04500  0.49086  0.49092 
 42.14500  0.49053  0.49058 
 42.24500  0.49019  0.49022 
 42.34500  0.48985  0.48988 
 42.44500  0.48951  0.48955 
 42.54500  0.48916  0.48920 
 42.64500  0.48882  0.48885 
 42.74500  0.48847  0.48852 
 42.84500  0.48812  0.48815 
 42.94500  0.48777  0.48782 
 43.04500  0.48742  0.48745 
 43.14500  0.48706  0.48711 
 43.24500  0.48672  0.48675 
 43.34500  0.48636  0.48640 
 43.44500  0.48600  0.48605 
 43.54500  0.48565  0.48568 
 43.64500  0.48529  0.48533 
 43.74500  0.48492  0.48497 
 43.84500  0.48456  0.48461 
 43.94500  0.48420  0.48425 
 44.04500  0.48384  0.48388 
 44.14500  0.48347  0.48352 
 44.24500  0.48310  0.48315 
 44.34500  0.48274  0.48279 
 44.44500  0.48237  0.48243 
 44.54500  0.48200  0.48205 
 44.64500  0.48163  0.48169 
 44.74500  0.48126  0.48132 
 44.84500  0.48089  0.48095 
 44.94500  0.48051  0.48057 
 45.04500  0.48014  0.48020 
 45.14500  0.47976  0.47983 
 45.24500  0.47939  0.47945 
 45.34500  0.47901  0.47907 
 45.44500  0.47863  0.47870 
 45.54500  0.47825  0.47833 
 45.64500  0.47788  0.47795 
 45.74500  0.47751  0.47757 
 45.84500  0.47711  0.47719 
 45.94500  0.47674  0.47681 
 46.04500  0.47635  0.47643 
 46.14500  0.47597  0.47605 
 46.24500  0.47558  0.47566 
 46.34500  0.47521  0.47528 
 46.44500  0.47482  0.47490 
 46.54500  0.47443  0.47452 
 46.64500  0.47405  0.47414 
 46.74500  0.47367  0.47375 
 46.84500  0.47328  0.47336 
 46.94500  0.47289  0.47298 
 47.04500  0.47251  0.47259 
 47.14500  0.47211  0.47220 
 47.24500  0.47173  0.47182 
 47.34500  0.47134  0.47144 
 47.44500  0.47096  0.47104 
 47.54500  0.47057  0.47066 
 47.64500  0.47017  0.47026 
 47.74500  0.46980  0.46988 
 47.84500  0.46941  0.46949 
 47.94500  0.46902  0.46910 
 48.04500  0.46862  0.46872 
 48.14500  0.46824  0.46833 
 48.24500  0.46785  0.46794 
 48.34500  0.46746  0.46755 
 48.44500  0.46707  0.46716 
 48.54500  0.46669  0.46677 
 48.64500  0.46630  0.46638 
 48.74500  0.46591  0.46600 
 48.84500  0.46552  0.46560 
 48.94500  0.46514  0.46522 
 49.04500  0.46475  0.46483 
 49.14500  0.46436  0.46444 
 49.24500  0.46398  0.46405 
 49.34500  0.46359  0.46366 
 49.44500  0.46321  0.46328 
 49.54500  0.46282  0.46289 
 49.64500  0.46244  0.46250 
 49.74500  0.46204  0.46212 
 49.84500  0.46166  0.46174 
 49.94500  0.46128  0.46135 
 50.04500  0.46090  0.46096 
 50.14500  0.46052  0.46058 
 50.24500  0.46013  0.46020 
 50.34500  0.45974  0.45981 
 50.44500  0.45937  0.45944 
 50.54500  0.45899  0.45905 
 50.64500  0.45860  0.45867 
 50.74500  0.45822  0.45829 
 50.84500  0.45785  0.45791 
 50.94500  0.45747  0.45754 
 51.04500  0.45710  0.45716 
 51.14500  0.45672  0.45678 
 51.24500  0.45634  0.45640 
 51.34500  0.45598  0.45604 
 51.44500  0.45560  0.45566 
 51.54500  0.45522  0.45529 
 51.64500  0.45484  0.45491 
 51.74500  0.45448  0.45455 
 51.84500  0.45411  0.45417 
 51.94500  0.45374  0.45381 
 52.04500  0.45338  0.45345 
 52.14500  0.45301  0.45308 
 52.24500  0.45264  0.45272 
 52.34500  0.45228  0.45235 
 52.44500  0.45192  0.45199 
 52.54500  0.45155  0.45163 
 52.64500  0.45119  0.45127 
 52.74500  0.45084  0.45092 
 52.84500  0.45048  0.45056 
 52.94500  0.45012  0.45022 
 53.04500  0.44977  0.44985 
 53.14500  0.44942  0.44952 
 53.24500  0.44908  0.44915 
 53.34500  0.44872  0.44882 
 53.44500  0.44838  0.44847 
 53.54500  0.44803  0.44812 
 53.64500  0.44769  0.44778 
 53.74500  0.44734  0.44745 
 53.84500  0.44701  0.44712 
 53.94500  0.44667  0.44678 
 54.04500  0.44634  0.44645 
 54.14500  0.44600  0.44612 
 54.24500  0.44567  0.44578 
 54.34500  0.44533  0.44545 
 54.44500  0.44501  0.44512 
 54.54500  0.44469  0.44481 
 54.64500  0.44437  0.44448 
 54.74500  0.44405  0.44416 
 54.84500  0.44373  0.44385 
 54.94500  0.44341  0.44354 
 55.04500  0.44310  0.44322 
 55.14500  0.44279  0.44292 
 55.24500  0.44249  0.44261 
 55.34500  0.44217  0.44230 
 55.44500  0.44188  0.44200 
 55.54500  0.44158  0.44170 
 55.64500  0.44128  0.44141 
 55.74500  0.44099  0.44111 
 55.84500  0.44069  0.44082 
 55.94500  0.44040  0.44053 
 56.04500  0.44011  0.44024 
 56.14500  0.43983  0.43997 
 56.24500  0.43955  0.43969 
 56.34500  0.43927  0.43940 
 56.44500  0.43899  0.43913 
 56.54500  0.43872  0.43886 
 56.64500  0.43846  0.43860 
 56.74500  0.43819  0.43832 
 56.84500  0.43793  0.43806 
 56.94500  0.43767  0.43780 
 57.04500  0.43742  0.43755 
 57.14500  0.43715  0.43730 
 57.24500  0.43690  0.43705 
 57.34500  0.43666  0.43680 
 57.44500  0.43642  0.43655 
 57.54500  0.43616  0.43630 
 57.64500  0.43594  0.43608 
 57.74500  0.43571  0.43583 
 57.84500  0.43547  0.43560 
 57.94500  0.43524  0.43538 
 58.04500  0.43502  0.43515 
 58.14500  0.43480  0.43493 
 58.24500  0.43458  0.43471 
 58.34500  0.43436  0.43449 
 58.44500  0.43415  0.43429 
 58.54500  0.43395  0.43407 
 58.64500  0.43375  0.43387 
 58.74500  0.43355  0.43367 
 58.84500  0.43335  0.43347 
 58.94500  0.43316  0.43327 
 59.04500  0.43297  0.43309 
 59.14500  0.43278  0.43290 
 59.24500  0.43260  0.43272 
 59.34500  0.43242  0.43254 
 59.44500  0.43224  0.43236 
 59.54500  0.43208  0.43219 
 59.64500  0.43191  0.43202 
 59.74500  0.43175  0.43186 
 59.84500  0.43158  0.43170 
 59.94500  0.43144  0.43154 
 60.04500  0.43128  0.43138 
 60.14500  0.43113  0.43124 
 60.24500  0.43099  0.43109 
 60.34500  0.43085  0.43095 
 60.44500  0.43071  0.43082 
 60.54500  0.43057  0.43067 
 60.64500  0.43045  0.43055 
 60.74500  0.43032  0.43043 
 60.84500  0.43020  0.43030 
 60.94500  0.43008  0.43018 
 61.04500  0.42997  0.43007 
 61.14500  0.42986  0.42996 
 61.24500  0.42975  0.42985 
 61.34500  0.42966  0.42975 
 61.44500  0.42955  0.42965 
 61.54500  0.42947  0.42956 
 61.64500  0.42937  0.42947 
 61.74500  0.42929  0.42939 
 61.84500  0.42920  0.42930 
 61.94500  0.42913  0.42921 
 62.04500  0.42906  0.42915 
 62.14500  0.42899  0.42909 
 62.24500  0.42891  0.42900 
 62.34500  0.42885  0.42895 
 62.44500  0.42882  0.42890 
 62.54500  0.42874  0.42883 
 62.64500  0.42872  0.42880 
 62.74500  0.42865  0.42874 
 62.84500  0.42862  0.42870 
 62.94500  0.42858  0.42870 
 63.04500  0.42854  0.42861 
 63.14500  0.42852  0.42860 
 63.24500  0.42849  0.42860 
 63.34500  0.42847  0.42860 
 63.44500  0.42847  0.42854 
 63.54500  0.42847  0.42850 
 63.64500  0.42844  0.42850 
