  0.04500  0.99923  0.99920 
  0.14500  0.99920  0.99913 
  0.24500  0.99904  0.99903 
  0.34500  0.99888  0.99886 
  0.44500  0.99862  0.99862 
  0.54500  0.99831  0.99832 
  0.64500  0.99798  0.99793 
  0.74500  0.99747  0.99744 
  0.84500  0.99685  0.99681 
  0.94500  0.99609  0.99605 
  1.04500  0.99514  0.99514 
  1.14500  0.99399  0.99399 
  1.24500  0.99267  0.99265 
  1.34500  0.99103  0.99102 
  1.44500  0.98912  0.98909 
  1.54500  0.98684  0.98682 
  1.64500  0.98416  0.98413 
  1.74500  0.98104  0.98102 
  1.84500  0.97739  0.97737 
  1.94500  0.97315  0.97314 
  2.04500  0.96831  0.96830 
  2.14500  0.96272  0.96274 
  2.24500  0.95641  0.95639 
  2.34500  0.94924  0.94922 
  2.44500  0.94118  0.94114 
  2.54500  0.93210  0.93209 
  2.64500  0.92198  0.92200 
  2.74500  0.91081  0.91081 
  2.84500  0.89843  0.89845 
  2.94500  0.88489  0.88491 
  3.04500  0.87008  0.87012 
  3.14500  0.85407  0.85406 
  3.24500  0.83671  0.83673 
  3.34500  0.81811  0.81809 
  3.44500  0.79823  0.79821 
  3.54500  0.77713  0.77706 
  3.64500  0.75476  0.75472 
  3.74500  0.73123  0.73124 
  3.84500  0.70660  0.70667 
  3.94500  0.68102  0.68112 
  4.04500  0.65454  0.65470 
  4.14500  0.62736  0.62748 
  4.24500  0.59964  0.59967 
  4.34500  0.57152  0.57135 
  4.44500  0.54311  0.54267 
  4.54500  0.51448  0.51382 
  4.64500  0.48426  0.48493 
  4.74500  0.45580  0.45619 
  4.84500  0.42761  0.42775 
  4.94500  0.39981  0.39979 
  5.04500  0.37258  0.37245 
  5.14500  0.34603  0.34586 
  5.24500  0.32037  0.32024 
  5.34500  0.29574  0.29566 
  5.44500  0.27230  0.27230 
  5.54500  0.25022  0.25023 
  5.64500  0.22957  0.22958 
  5.74500  0.21042  0.21047 
  5.84500  0.19295  0.19292 
  5.94500  0.17710  0.17709 
  6.04500  0.16301  0.16294 
  6.14500  0.15065  0.15063 
  6.24500  0.14016  0.14011 
  6.34500  0.13153  0.13148 
  6.44500  0.12476  0.12477 
  6.54500  0.11995  0.11991 
  6.64500  0.11704  0.11701 
  6.74500  0.11606  0.11606 
  6.84500  0.11705  0.11705 
  6.94500  0.12003  0.11995 
  7.04500  0.12483  0.12479 
  7.14500  0.13157  0.13156 
  7.24500  0.14023  0.14021 
  7.34500  0.15078  0.15074 
  7.44500  0.16309  0.16307 
  7.54500  0.17726  0.17722 
  7.64500  0.19308  0.19309 
  7.74500  0.21062  0.21062 
  7.84500  0.22976  0.22976 
  7.94500  0.25041  0.25043 
  8.04500  0.27254  0.27250 
  8.14500  0.29592  0.29586 
  8.24500  0.32056  0.32043 
  8.34500  0.34620  0.34606 
  8.44500  0.37279  0.37261 
  8.54500  0.39998  0.39993 
  8.64500  0.42773  0.42788 
  8.74500  0.45587  0.45627 
  8.84500  0.48427  0.48495 
  8.94500  0.51438  0.51376 
  9.04500  0.54293  0.54251 
  9.14500  0.57121  0.57105 
  9.24500  0.59917  0.59919 
  9.34500  0.62669  0.62681 
  9.44500  0.65361  0.65373 
  9.54500  0.67971  0.67983 
  9.64500  0.70492  0.70496 
  9.74500  0.72903  0.72902 
  9.84500  0.75191  0.75190 
  9.94500  0.77347  0.77349 
 10.04500  0.79372  0.79369 
 10.14500  0.81251  0.81247 
 10.24500  0.82976  0.82974 
 10.34500  0.84547  0.84550 
 10.44500  0.85967  0.85967 
 10.54500  0.87220  0.87222 
 10.64500  0.88311  0.88314 
 10.74500  0.89243  0.89240 
 10.84500  0.90001  0.90004 
 10.94500  0.90598  0.90599 
 11.04500  0.91027  0.91027 
 11.14500  0.91287  0.91291 
 11.24500  0.91383  0.91385 
 11.34500  0.91313  0.91311 
 11.44500  0.91071  0.91074 
 11.54500  0.90663  0.90669 
 11.64500  0.90095  0.90094 
 11.74500  0.89355  0.89355 
 11.84500  0.88447  0.88451 
 11.94500  0.87379  0.87379 
 12.04500  0.86145  0.86148 
 12.14500  0.84754  0.84754 
 12.24500  0.83199  0.83200 
 12.34500  0.81492  0.81492 
 12.44500  0.79637  0.79635 
 12.54500  0.77634  0.77632 
 12.64500  0.75495  0.75492 
 12.74500  0.73224  0.73223 
 12.84500  0.70829  0.70832 
 12.94500  0.68322  0.68332 
 13.04500  0.65722  0.65736 
 13.14500  0.63041  0.63052 
 13.24500  0.60295  0.60300 
 13.34500  0.57505  0.57490 
 13.44500  0.54682  0.54642 
 13.54500  0.51836  0.51769 
 13.64500  0.48832  0.48888 
 13.74500  0.45974  0.46018 
 13.84500  0.43156  0.43174 
 13.94500  0.40377  0.40372 
 14.04500  0.37645  0.37629 
 14.14500  0.34983  0.34964 
 14.24500  0.32401  0.32388 
 14.34500  0.29924  0.29915 
 14.44500  0.27562  0.27561 
 14.54500  0.25337  0.25333 
 14.64500  0.23248  0.23249 
 14.74500  0.21316  0.21316 
 14.84500  0.19539  0.19539 
 14.94500  0.17928  0.17927 
 15.04500  0.16491  0.16491 
 15.14500  0.15236  0.15231 
 15.24500  0.14154  0.14155 
 15.34500  0.13265  0.13264 
 15.44500  0.12563  0.12560 
 15.54500  0.12052  0.12049 
 15.64500  0.11733  0.11731 
 15.74500  0.11612  0.11608 
 15.84500  0.11681  0.11677 
 15.94500  0.11944  0.11940 
 16.04500  0.12398  0.12397 
 16.14500  0.13044  0.13045 
 16.24500  0.13886  0.13882 
 16.34500  0.14910  0.14907 
 16.44500  0.16117  0.16114 
 16.54500  0.17504  0.17503 
 16.64500  0.19067  0.19065 
 16.74500  0.20795  0.20795 
 16.84500  0.22683  0.22687 
 16.94500  0.24727  0.24730 
 17.04500  0.26918  0.26916 
 17.14500  0.29237  0.29234 
 17.24500  0.31686  0.31673 
 17.34500  0.34235  0.34221 
 17.44500  0.36875  0.36860 
 17.54500  0.39585  0.39581 
 17.64500  0.42354  0.42363 
 17.74500  0.45159  0.45194 
 17.84500  0.47989  0.48054 
 17.94500  0.50971  0.50927 
 18.04500  0.53841  0.53796 
 18.14500  0.56667  0.56645 
 18.24500  0.59454  0.59457 
 18.34500  0.62201  0.62211 
 18.44500  0.64882  0.64897 
 18.54500  0.67489  0.67499 
 18.64500  0.69997  0.70003 
 18.74500  0.72396  0.72396 
 18.84500  0.74665  0.74666 
 18.94500  0.76803  0.76802 
 19.04500  0.78798  0.78796 
 19.14500  0.80637  0.80638 
 19.24500  0.82319  0.82322 
 19.34500  0.83843  0.83843 
 19.44500  0.85194  0.85197 
 19.54500  0.86372  0.86375 
 19.64500  0.87378  0.87380 
 19.74500  0.88202  0.88205 
 19.84500  0.88846  0.88850 
 19.94500  0.89313  0.89314 
 20.04500  0.89591  0.89595 
 20.14500  0.89691  0.89694 
 20.24500  0.89605  0.89610 
 20.34500  0.89339  0.89340 
 20.44500  0.88888  0.88891 
 20.54500  0.88257  0.88258 
 20.64500  0.87442  0.87447 
 20.74500  0.86451  0.86456 
 20.84500  0.85287  0.85288 
 20.94500  0.83949  0.83949 
 21.04500  0.82439  0.82440 
 21.14500  0.80766  0.80768 
 21.24500  0.78939  0.78935 
 21.34500  0.76954  0.76952 
 21.44500  0.74828  0.74826 
 21.54500  0.72560  0.72565 
 21.64500  0.70170  0.70179 
 21.74500  0.67671  0.67682 
 21.84500  0.65069  0.65085 
 21.94500  0.62388  0.62400 
 22.04500  0.59645  0.59646 
 22.14500  0.56849  0.56835 
 22.24500  0.54025  0.53982 
 22.34500  0.51159  0.51106 
 22.44500  0.48155  0.48224 
 22.54500  0.45310  0.45350 
 22.64500  0.42494  0.42505 
 22.74500  0.39707  0.39702 
 22.84500  0.36972  0.36957 
 22.94500  0.34303  0.34286 
 23.04500  0.31713  0.31704 
 23.14500  0.29226  0.29223 
 23.24500  0.26854  0.26855 
 23.34500  0.24608  0.24613 
 23.44500  0.22500  0.22502 
 23.54500  0.20537  0.20539 
 23.64500  0.18721  0.18723 
 23.74500  0.17068  0.17065 
 23.84500  0.15571  0.15569 
 23.94500  0.14245  0.14241 
 24.04500  0.13085  0.13081 
 24.14500  0.12098  0.12093 
 24.24500  0.11286  0.11283 
 24.34500  0.10648  0.10646 
 24.44500  0.10193  0.10189 
 24.54500  0.09913  0.09911 
 24.64500  0.09810  0.09809 
 24.74500  0.09887  0.09887 
 24.84500  0.10150  0.10145 
 24.94500  0.10581  0.10577 
 25.04500  0.11192  0.11191 
 25.14500  0.11981  0.11980 
 25.24500  0.12945  0.12942 
 25.34500  0.14081  0.14078 
 25.44500  0.15388  0.15386 
 25.54500  0.16864  0.16861 
 25.64500  0.18498  0.18500 
 25.74500  0.20292  0.20293 
 25.84500  0.22240  0.22240 
 25.94500  0.24330  0.24331 
 26.04500  0.26559  0.26558 
 26.14500  0.28915  0.28912 
 26.24500  0.31390  0.31381 
 26.34500  0.33967  0.33954 
 26.44500  0.36634  0.36616 
 26.54500  0.39363  0.39357 
 26.64500  0.42150  0.42159 
 26.74500  0.44972  0.45007 
 26.84500  0.47820  0.47887 
 26.94500  0.50818  0.50780 
 27.04500  0.53721  0.53671 
 27.14500  0.56568  0.56546 
 27.24500  0.59385  0.59385 
 27.34500  0.62168  0.62177 
 27.44500  0.64888  0.64903 
 27.54500  0.67542  0.67556 
 27.64500  0.70110  0.70116 
 27.74500  0.72575  0.72577 
 27.84500  0.74925  0.74927 
 27.94500  0.77162  0.77158 
 28.04500  0.79264  0.79262 
 28.14500  0.81233  0.81237 
 28.24500  0.83073  0.83073 
 28.34500  0.84768  0.84769 
 28.44500  0.86322  0.86321 
 28.54500  0.87732  0.87734 
 28.64500  0.89000  0.89001 
 28.74500  0.90121  0.90124 
 28.84500  0.91103  0.91106 
 28.94500  0.91944  0.91943 
 29.04500  0.92644  0.92643 
 29.14500  0.93206  0.93207 
 29.24500  0.93630  0.93629 
 29.34500  0.93916  0.93916 
 29.44500  0.94068  0.94070 
 29.54500  0.94084  0.94086 
 29.64500  0.93967  0.93967 
 29.74500  0.93713  0.93715 
 29.84500  0.93321  0.93324 
 29.94500  0.92796  0.92799 
 30.04500  0.92133  0.92136 
 30.14500  0.91331  0.91330 
 30.24500  0.90382  0.90385 
 30.34500  0.89296  0.89299 
 30.44500  0.88068  0.88069 
 30.54500  0.86693  0.86695 
 30.64500  0.85176  0.85176 
 30.74500  0.83515  0.83518 
 30.84500  0.81714  0.81718 
 30.94500  0.79780  0.79777 
 31.04500  0.77712  0.77708 
 31.14500  0.75512  0.75512 
 31.24500  0.73188  0.73194 
 31.34500  0.70756  0.70761 
 31.44500  0.68218  0.68232 
 31.54500  0.65592  0.65606 
 31.64500  0.62891  0.62905 
 31.74500  0.60135  0.60139 
 31.84500  0.57338  0.57321 
 31.94500  0.54511  0.54470 
 32.04500  0.51668  0.51597 
 32.14500  0.48658  0.48727 
 32.24500  0.45827  0.45869 
 32.34500  0.43026  0.43043 
 32.44500  0.40273  0.40270 
 32.54500  0.37576  0.37561 
 32.64500  0.34954  0.34934 
 32.74500  0.32418  0.32405 
 32.84500  0.29993  0.29991 
 32.94500  0.27704  0.27700 
 33.04500  0.25549  0.25551 
 33.14500  0.23550  0.23553 
 33.24500  0.21714  0.21715 
 33.34500  0.20052  0.20049 
 33.44500  0.18564  0.18564 
 33.54500  0.17265  0.17264 
 33.64500  0.16158  0.16156 
 33.74500  0.15247  0.15246 
 33.84500  0.14540  0.14537 
 33.94500  0.14035  0.14036 
 34.04500  0.13740  0.13740 
 34.14500  0.13656  0.13651 
 34.24500  0.13774  0.13771 
 34.34500  0.14103  0.14101 
 34.44500  0.14634  0.14635 
 34.54500  0.15377  0.15375 
 34.64500  0.16320  0.16316 
 34.74500  0.17456  0.17453 
 34.84500  0.18783  0.18782 
 34.94500  0.20296  0.20297 
 35.04500  0.21989  0.21989 
 35.14500  0.23850  0.23854 
 35.24500  0.25873  0.25875 
 35.34500  0.28048  0.28046 
 35.44500  0.30362  0.30355 
 35.54500  0.32796  0.32787 
 35.64500  0.35344  0.35328 
 35.74500  0.37977  0.37964 
 35.84500  0.40680  0.40681 
 35.94500  0.43439  0.43460 
 36.04500  0.46233  0.46282 
 36.14500  0.49084  0.49133 
 36.24500  0.52059  0.51993 
 36.34500  0.54884  0.54847 
 36.44500  0.57683  0.57676 
 36.54500  0.60454  0.60462 
 36.64500  0.63174  0.63189 
 36.74500  0.65830  0.65843 
 36.84500  0.68398  0.68408 
 36.94500  0.70863  0.70871 
 37.04500  0.73216  0.73220 
 37.14500  0.75444  0.75439 
 37.24500  0.77528  0.77525 
 37.34500  0.79467  0.79467 
 37.44500  0.81250  0.81251 
 37.54500  0.82878  0.82879 
 37.64500  0.84336  0.84342 
 37.74500  0.85628  0.85633 
 37.84500  0.86749  0.86751 
 37.94500  0.87687  0.87692 
 38.04500  0.88449  0.88453 
 38.14500  0.89031  0.89034 
 38.24500  0.89432  0.89434 
 38.34500  0.89647  0.89650 
 38.44500  0.89682  0.89685 
 38.54500  0.89535  0.89537 
 38.64500  0.89200  0.89203 
 38.74500  0.88686  0.88690 
 38.84500  0.87989  0.87993 
 38.94500  0.87114  0.87118 
 39.04500  0.86058  0.86064 
 39.14500  0.84833  0.84838 
 39.24500  0.83439  0.83439 
 39.34500  0.81868  0.81870 
 39.44500  0.80143  0.80144 
 39.54500  0.78260  0.78259 
 39.64500  0.76225  0.76226 
 39.74500  0.74053  0.74052 
 39.84500  0.71746  0.71751 
 39.94500  0.69319  0.69329 
 40.04500  0.66781  0.66798 
 40.14500  0.64161  0.64176 
 40.24500  0.61464  0.61474 
 40.34500  0.58710  0.58708 
 40.44500  0.55919  0.55893 
 40.54500  0.53103  0.53047 
 40.64500  0.50191  0.50187 
 40.74500  0.47275  0.47330 
 40.84500  0.44466  0.44495 
 40.94500  0.41696  0.41699 
 41.04500  0.38964  0.38957 
 41.14500  0.36304  0.36290 
 41.24500  0.33727  0.33712 
 41.34500  0.31245  0.31237 
 41.44500  0.28885  0.28881 
 41.54500  0.26658  0.26661 
 41.64500  0.24576  0.24580 
 41.74500  0.22657  0.22660 
 41.84500  0.20902  0.20902 
 41.94500  0.19320  0.19321 
 42.04500  0.17925  0.17922 
 42.14500  0.16714  0.16712 
 42.24500  0.15702  0.15700 
 42.34500  0.14884  0.14885 
 42.44500  0.14276  0.14273 
 42.54500  0.13871  0.13871 
 42.64500  0.13675  0.13672 
 42.74500  0.13686  0.13683 
 42.84500  0.13903  0.13902 
 42.94500  0.14333  0.14328 
 43.04500  0.14965  0.14960 
 43.14500  0.15797  0.15796 
 43.24500  0.16833  0.16830 
 43.34500  0.18061  0.18061 
 43.44500  0.19478  0.19478 
 43.54500  0.21074  0.21077 
 43.64500  0.22846  0.22849 
 43.74500  0.24788  0.24789 
 43.84500  0.26880  0.26882 
 43.94500  0.29125  0.29118 
 44.04500  0.31492  0.31486 
 44.14500  0.33982  0.33969 
 44.24500  0.36571  0.36556 
 44.34500  0.39236  0.39227 
 44.44500  0.41959  0.41970 
 44.54500  0.44736  0.44764 
 44.64500  0.47533  0.47596 
 44.74500  0.50465  0.50445 
 44.84500  0.53339  0.53290 
 44.94500  0.56141  0.56118 
 45.04500  0.58915  0.58911 
 45.14500  0.61638  0.61653 
 45.24500  0.64302  0.64321 
 45.34500  0.66888  0.66904 
 45.44500  0.69375  0.69384 
 45.54500  0.71749  0.71752 
 45.64500  0.73992  0.73993 
 45.74500  0.76095  0.76092 
 45.84500  0.78039  0.78040 
 45.94500  0.79832  0.79831 
 46.04500  0.81449  0.81453 
 46.14500  0.82897  0.82900 
 46.24500  0.84164  0.84169 
 46.34500  0.85244  0.85249 
 46.44500  0.86136  0.86140 
 46.54500  0.86835  0.86836 
 46.64500  0.87335  0.87340 
 46.74500  0.87638  0.87643 
 46.84500  0.87748  0.87749 
 46.94500  0.87648  0.87655 
 47.04500  0.87358  0.87364 
 47.14500  0.86874  0.86875 
 47.24500  0.86186  0.86191 
 47.34500  0.85307  0.85312 
 47.44500  0.84236  0.84241 
 47.54500  0.82983  0.82985 
 47.64500  0.81547  0.81549 
 47.74500  0.79936  0.79937 
 47.84500  0.78154  0.78154 
 47.94500  0.76214  0.76214 
 48.04500  0.74121  0.74121 
 48.14500  0.71883  0.71885 
 48.24500  0.69514  0.69522 
 48.34500  0.67026  0.67039 
 48.44500  0.64436  0.64453 
 48.54500  0.61766  0.61780 
 48.64500  0.59033  0.59032 
 48.74500  0.56245  0.56224 
 48.84500  0.53424  0.53376 
 48.94500  0.50532  0.50503 
 49.04500  0.47557  0.47622 
 49.14500  0.44714  0.44749 
 49.24500  0.41892  0.41902 
 49.34500  0.39101  0.39095 
 49.44500  0.36361  0.36348 
 49.54500  0.33681  0.33669 
 49.64500  0.31082  0.31074 
 49.74500  0.28579  0.28575 
 49.84500  0.26182  0.26184 
 49.94500  0.23908  0.23913 
 50.04500  0.21762  0.21765 
 50.14500  0.19747  0.19748 
 50.24500  0.17868  0.17873 
 50.34500  0.16138  0.16136 
 50.44500  0.14547  0.14550 
 50.54500  0.13108  0.13107 
 50.64500  0.11820  0.11815 
 50.74500  0.10681  0.10676 
 50.84500  0.09688  0.09686 
 50.94500  0.08846  0.08847 
 51.04500  0.08157  0.08157 
 51.14500  0.07619  0.07617 
 51.24500  0.07225  0.07225 
 51.34500  0.06981  0.06981 
 51.44500  0.06891  0.06886 
 51.54500  0.06936  0.06938 
 51.64500  0.07137  0.07137 
 51.74500  0.07486  0.07485 
 51.84500  0.07985  0.07980 
 51.94500  0.08626  0.08625 
 52.04500  0.09422  0.09422 
 52.14500  0.10368  0.10366 
 52.24500  0.11459  0.11460 
 52.34500  0.12707  0.12708 
 52.44500  0.14106  0.14103 
 52.54500  0.15652  0.15649 
 52.64500  0.17343  0.17341 
 52.74500  0.19175  0.19178 
 52.84500  0.21151  0.21153 
 52.94500  0.23260  0.23265 
 53.04500  0.25501  0.25503 
 53.14500  0.27867  0.27864 
 53.24500  0.30338  0.30331 
 53.34500  0.32915  0.32904 
 53.44500  0.35578  0.35565 
 53.54500  0.38306  0.38300 
 53.64500  0.41095  0.41099 
 53.74500  0.43921  0.43947 
 53.84500  0.46774  0.46828 
 53.94500  0.49714  0.49725 
 54.04500  0.52686  0.52625 
 54.14500  0.55542  0.55512 
 54.24500  0.58371  0.58367 
 54.34500  0.61167  0.61175 
 54.44500  0.63908  0.63923 
 54.54500  0.66581  0.66597 
 54.64500  0.69177  0.69184 
 54.74500  0.71667  0.71671 
 54.84500  0.74048  0.74048 
 54.94500  0.76307  0.76306 
 55.04500  0.78438  0.78436 
 55.14500  0.80430  0.80431 
 55.24500  0.82284  0.82286 
 55.34500  0.83996  0.83999 
 55.44500  0.85558  0.85561 
 55.54500  0.86971  0.86974 
 55.64500  0.88235  0.88235 
 55.74500  0.89342  0.89345 
 55.84500  0.90297  0.90301 
 55.94500  0.91103  0.91105 
 56.04500  0.91754  0.91754 
 56.14500  0.92251  0.92252 
 56.24500  0.92599  0.92599 
 56.34500  0.92793  0.92797 
 56.44500  0.92839  0.92843 
 56.54500  0.92731  0.92736 
 56.64500  0.92477  0.92478 
 56.74500  0.92070  0.92070 
 56.84500  0.91508  0.91512 
 56.94500  0.90797  0.90797 
 57.04500  0.89931  0.89934 
 57.14500  0.88914  0.88916 
 57.24500  0.87742  0.87747 
 57.34500  0.86420  0.86422 
 57.44500  0.84945  0.84949 
 57.54500  0.83327  0.83325 
 57.64500  0.81554  0.81557 
 57.74500  0.79644  0.79643 
 57.84500  0.77591  0.77591 
 57.94500  0.75410  0.75409 
 58.04500  0.73101  0.73101 
 58.14500  0.70672  0.70679 
 58.24500  0.68135  0.68146 
 58.34500  0.65510  0.65525 
 58.44500  0.62804  0.62818 
 58.54500  0.60038  0.60040 
 58.64500  0.57223  0.57211 
 58.74500  0.54381  0.54341 
 58.84500  0.51513  0.51445 
 58.94500  0.48469  0.48539 
 59.04500  0.45597  0.45641 
 59.14500  0.42753  0.42766 
 59.24500  0.39929  0.39926 
 59.34500  0.37152  0.37140 
 59.44500  0.34436  0.34419 
 59.54500  0.31786  0.31776 
 59.64500  0.29230  0.29223 
 59.74500  0.26769  0.26769 
 59.84500  0.24419  0.24422 
 59.94500  0.22190  0.22194 
 60.04500  0.20080  0.20083 
 60.14500  0.18099  0.18099 
 60.24500  0.16242  0.16243 
 60.34500  0.14520  0.14515 
 60.44500  0.12921  0.12915 
 60.54500  0.11444  0.11444 
 60.64500  0.10091  0.10092 
 60.74500  0.08866  0.08865 
 60.84500  0.07747  0.07748 
 60.94500  0.06741  0.06744 
 61.04500  0.05842  0.05844 
 61.14500  0.05038  0.05041 
 61.24500  0.04324  0.04326 
 61.34500  0.03695  0.03698 
 61.44500  0.03143  0.03147 
 61.54500  0.02662  0.02664 
 61.64500  0.02242  0.02243 
 61.74500  0.01881  0.01883 
 61.84500  0.01569  0.01571 
 61.94500  0.01309  0.01306 
 62.04500  0.01078  0.01081 
 62.14500  0.00890  0.00888 
 62.24500  0.00727  0.00728 
 62.34500  0.00592  0.00593 
 62.44500  0.00480  0.00485 
 62.54500  0.00386  0.00389 
 62.64500  0.00310  0.00313 
 62.74500  0.00248  0.00251 
 62.84500  0.00195  0.00200 
 62.94500  0.00158  0.00159 
 63.04500  0.00124  0.00126 
 63.14500  0.00099  0.00100 
 63.24500  0.00075  0.00080 
 63.34500  0.00060  0.00064 
 63.44500  0.00050  0.00053 
 63.54500  0.00042  0.00045 
 63.64500  0.00038  0.00040 
