  0.04500  0.62692  0.62700 
  0.14500  0.62692  0.62700 
  0.24500  0.62688  0.62693 
  0.34500  0.62685  0.62690 
  0.44500  0.62677  0.62682 
  0.54500  0.62670  0.62674 
  0.64500  0.62660  0.62664 
  0.74500  0.62647  0.62653 
  0.84500  0.62634  0.62639 
  0.94500  0.62619  0.62625 
  1.04500  0.62603  0.62608 
  1.14500  0.62584  0.62590 
  1.24500  0.62566  0.62571 
  1.34500  0.62544  0.62549 
  1.44500  0.62522  0.62527 
  1.54500  0.62496  0.62502 
  1.64500  0.62471  0.62475 
  1.74500  0.62444  0.62447 
  1.84500  0.62414  0.62418 
  1.94500  0.62383  0.62388 
  2.04500  0.62352  0.62355 
  2.14500  0.62316  0.62322 
  2.24500  0.62282  0.62286 
  2.34500  0.62244  0.62250 
  2.44500  0.62207  0.62211 
  2.54500  0.62167  0.62172 
  2.64500  0.62127  0.62130 
  2.74500  0.62083  0.62088 
  2.84500  0.62041  0.62043 
  2.94500  0.61995  0.61999 
  3.04500  0.61948  0.61950 
  3.14500  0.61900  0.61905 
  3.24500  0.61852  0.61855 
  3.34500  0.61800  0.61805 
  3.44500  0.61749  0.61750 
  3.54500  0.61695  0.61698 
  3.64500  0.61641  0.61644 
  3.74500  0.61586  0.61587 
  3.84500  0.61528  0.61531 
  3.94500  0.61470  0.61473 
  4.04500  0.61411  0.61413 
  4.14500  0.61351  0.61353 
  4.24500  0.61290  0.61291 
  4.34500  0.61227  0.61229 
  4.44500  0.61164  0.61166 
  4.54500  0.61100  0.61100 
  4.64500  0.61035  0.61037 
  4.74500  0.60968  0.60970 
  4.84500  0.60901  0.60901 
  4.94500  0.60832  0.60833 
  5.04500  0.60764  0.60763 
  5.14500  0.60693  0.60694 
  5.24500  0.60623  0.60622 
  5.34500  0.60552  0.60551 
  5.44500  0.60478  0.60478 
  5.54500  0.60405  0.60405 
  5.64500  0.60330  0.60330 
  5.74500  0.60257  0.60255 
  5.84500  0.60181  0.60180 
  5.94500  0.60106  0.60105 
  6.04500  0.60029  0.60027 
  6.14500  0.59952  0.59951 
  6.24500  0.59873  0.59873 
  6.34500  0.59797  0.59794 
  6.44500  0.59718  0.59716 
  6.54500  0.59638  0.59636 
  6.64500  0.59559  0.59556 
  6.74500  0.59478  0.59476 
  6.84500  0.59398  0.59396 
  6.94500  0.59317  0.59315 
  7.04500  0.59236  0.59234 
  7.14500  0.59155  0.59152 
  7.24500  0.59074  0.59070 
  7.34500  0.58990  0.58989 
  7.44500  0.58909  0.58906 
  7.54500  0.58826  0.58823 
  7.64500  0.58744  0.58741 
  7.74500  0.58660  0.58659 
  7.84500  0.58577  0.58575 
  7.94500  0.58494  0.58491 
  8.04500  0.58411  0.58409 
  8.14500  0.58329  0.58325 
  8.24500  0.58245  0.58243 
  8.34500  0.58163  0.58160 
  8.44500  0.58079  0.58077 
  8.54500  0.57995  0.57993 
  8.64500  0.57913  0.57910 
  8.74500  0.57830  0.57827 
  8.84500  0.57749  0.57745 
  8.94500  0.57664  0.57661 
  9.04500  0.57582  0.57580 
  9.14500  0.57500  0.57497 
  9.24500  0.57418  0.57415 
  9.34500  0.57336  0.57333 
  9.44500  0.57254  0.57251 
  9.54500  0.57172  0.57170 
  9.64500  0.57092  0.57090 
  9.74500  0.57010  0.57008 
  9.84500  0.56930  0.56928 
  9.94500  0.56850  0.56848 
 10.04500  0.56771  0.56768 
 10.14500  0.56692  0.56690 
 10.24500  0.56613  0.56611 
 10.34500  0.56534  0.56533 
 10.44500  0.56456  0.56455 
 10.54500  0.56378  0.56377 
 10.64500  0.56302  0.56300 
 10.74500  0.56225  0.56224 
 10.84500  0.56149  0.56147 
 10.94500  0.56074  0.56073 
 11.04500  0.55999  0.55997 
 11.14500  0.55924  0.55923 
 11.24500  0.55850  0.55850 
 11.34500  0.55777  0.55776 
 11.44500  0.55704  0.55704 
 11.54500  0.55633  0.55632 
 11.64500  0.55561  0.55561 
 11.74500  0.55491  0.55490 
 11.84500  0.55420  0.55420 
 11.94500  0.55351  0.55350 
 12.04500  0.55281  0.55281 
 12.14500  0.55214  0.55213 
 12.24500  0.55146  0.55147 
 12.34500  0.55080  0.55080 
 12.44500  0.55014  0.55013 
 12.54500  0.54948  0.54949 
 12.64500  0.54884  0.54884 
 12.74500  0.54819  0.54820 
 12.84500  0.54757  0.54758 
 12.94500  0.54695  0.54695 
 13.04500  0.54634  0.54633 
 13.14500  0.54573  0.54573 
 13.24500  0.54513  0.54513 
 13.34500  0.54453  0.54453 
 13.44500  0.54394  0.54395 
 13.54500  0.54336  0.54337 
 13.64500  0.54281  0.54281 
 13.74500  0.54225  0.54224 
 13.84500  0.54169  0.54169 
 13.94500  0.54114  0.54115 
 14.04500  0.54060  0.54060 
 14.14500  0.54008  0.54008 
 14.24500  0.53955  0.53955 
 14.34500  0.53905  0.53905 
 14.44500  0.53853  0.53855 
 14.54500  0.53804  0.53805 
 14.64500  0.53756  0.53755 
 14.74500  0.53707  0.53708 
 14.84500  0.53660  0.53660 
 14.94500  0.53614  0.53614 
 15.04500  0.53568  0.53569 
 15.14500  0.53524  0.53524 
 15.24500  0.53480  0.53480 
 15.34500  0.53436  0.53437 
 15.44500  0.53395  0.53395 
 15.54500  0.53353  0.53353 
 15.64500  0.53313  0.53312 
 15.74500  0.53273  0.53273 
 15.84500  0.53234  0.53234 
 15.94500  0.53196  0.53196 
 16.04500  0.53159  0.53158 
 16.14500  0.53122  0.53122 
 16.24500  0.53086  0.53085 
 16.34500  0.53050  0.53052 
 16.44500  0.53017  0.53016 
 16.54500  0.52984  0.52982 
 16.64500  0.52952  0.52952 
 16.74500  0.52921  0.52918 
 16.84500  0.52889  0.52888 
 16.94500  0.52858  0.52857 
 17.04500  0.52828  0.52828 
 17.14500  0.52799  0.52799 
 17.24500  0.52772  0.52771 
 17.34500  0.52745  0.52744 
 17.44500  0.52719  0.52718 
 17.54500  0.52693  0.52692 
 17.64500  0.52668  0.52668 
 17.74500  0.52644  0.52642 
 17.84500  0.52621  0.52619 
 17.94500  0.52597  0.52597 
 18.04500  0.52576  0.52574 
 18.14500  0.52554  0.52553 
 18.24500  0.52534  0.52533 
 18.34500  0.52515  0.52513 
 18.44500  0.52496  0.52494 
 18.54500  0.52476  0.52475 
 18.64500  0.52459  0.52457 
 18.74500  0.52442  0.52440 
 18.84500  0.52426  0.52424 
 18.94500  0.52410  0.52407 
 19.04500  0.52394  0.52393 
 19.14500  0.52380  0.52377 
 19.24500  0.52366  0.52364 
 19.34500  0.52355  0.52352 
 19.44500  0.52340  0.52338 
 19.54500  0.52328  0.52326 
 19.64500  0.52318  0.52315 
 19.74500  0.52307  0.52305 
 19.84500  0.52295  0.52294 
 19.94500  0.52288  0.52285 
 20.04500  0.52277  0.52276 
 20.14500  0.52270  0.52268 
 20.24500  0.52262  0.52260 
 20.34500  0.52257  0.52252 
 20.44500  0.52249  0.52246 
 20.54500  0.52242  0.52240 
 20.64500  0.52237  0.52233 
 20.74500  0.52233  0.52230 
 20.84500  0.52228  0.52224 
 20.94500  0.52225  0.52220 
 21.04500  0.52221  0.52220 
 21.14500  0.52218  0.52211 
 21.24500  0.52216  0.52210 
 21.34500  0.52213  0.52210 
 21.44500  0.52211  0.52210 
 21.54500  0.52208  0.52210 
 21.64500  0.52210  0.52210 
 21.74500  0.52209  0.52210 
 21.84500  0.52209  0.52210 
 21.94500  0.52210  0.52210 
 22.04500  0.52211  0.52210 
 22.14500  0.52211  0.52210 
 22.24500  0.52212  0.52210 
 22.34500  0.52216  0.52210 
 22.44500  0.52219  0.52215 
 22.54500  0.52224  0.52220 
 22.64500  0.52226  0.52220 
 22.74500  0.52230  0.52224 
 22.84500  0.52233  0.52230 
 22.94500  0.52238  0.52231 
 23.04500  0.52242  0.52240 
 23.14500  0.52247  0.52240 
 23.24500  0.52253  0.52250 
 23.34500  0.52258  0.52252 
 23.44500  0.52262  0.52260 
 23.54500  0.52270  0.52265 
 23.64500  0.52276  0.52270 
 23.74500  0.52281  0.52279 
 23.84500  0.52287  0.52285 
 23.94500  0.52296  0.52290 
 24.04500  0.52303  0.52300 
 24.14500  0.52307  0.52307 
 24.24500  0.52319  0.52314 
 24.34500  0.52325  0.52321 
 24.44500  0.52333  0.52330 
 24.54500  0.52342  0.52339 
 24.64500  0.52349  0.52347 
 24.74500  0.52358  0.52355 
 24.84500  0.52366  0.52364 
 24.94500  0.52376  0.52372 
 25.04500  0.52383  0.52381 
 25.14500  0.52394  0.52390 
 25.24500  0.52402  0.52400 
 25.34500  0.52412  0.52409 
 25.44500  0.52420  0.52419 
 25.54500  0.52430  0.52428 
 25.64500  0.52440  0.52438 
 25.74500  0.52448  0.52447 
 25.84500  0.52460  0.52457 
 25.94500  0.52467  0.52466 
 26.04500  0.52477  0.52476 
 26.14500  0.52487  0.52486 
 26.24500  0.52495  0.52495 
 26.34500  0.52507  0.52505 
 26.44500  0.52516  0.52515 
 26.54500  0.52525  0.52524 
 26.64500  0.52536  0.52534 
 26.74500  0.52544  0.52544 
 26.84500  0.52555  0.52553 
 26.94500  0.52562  0.52563 
 27.04500  0.52571  0.52572 
 27.14500  0.52582  0.52582 
 27.24500  0.52591  0.52591 
 27.34500  0.52601  0.52600 
 27.44500  0.52609  0.52610 
 27.54500  0.52619  0.52619 
 27.64500  0.52627  0.52628 
 27.74500  0.52636  0.52637 
 27.84500  0.52646  0.52645 
 27.94500  0.52653  0.52654 
 28.04500  0.52662  0.52662 
 28.14500  0.52669  0.52670 
 28.24500  0.52678  0.52680 
 28.34500  0.52685  0.52687 
 28.44500  0.52695  0.52694 
 28.54500  0.52700  0.52701 
 28.64500  0.52710  0.52710 
 28.74500  0.52716  0.52718 
 28.84500  0.52722  0.52723 
 28.94500  0.52729  0.52730 
 29.04500  0.52735  0.52739 
 29.14500  0.52744  0.52743 
 29.24500  0.52749  0.52750 
 29.34500  0.52755  0.52757 
 29.44500  0.52760  0.52760 
 29.54500  0.52766  0.52769 
 29.64500  0.52771  0.52770 
 29.74500  0.52778  0.52780 
 29.84500  0.52780  0.52780 
 29.94500  0.52785  0.52788 
 30.04500  0.52789  0.52790 
 30.14500  0.52793  0.52794 
 30.24500  0.52799  0.52800 
 30.34500  0.52800  0.52800 
 30.44500  0.52804  0.52803 
 30.54500  0.52806  0.52810 
 30.64500  0.52809  0.52810 
 30.74500  0.52810  0.52810 
 30.84500  0.52812  0.52810 
 30.94500  0.52816  0.52814 
 31.04500  0.52815  0.52820 
 31.14500  0.52816  0.52820 
 31.24500  0.52818  0.52820 
 31.34500  0.52819  0.52820 
 31.44500  0.52816  0.52820 
 31.54500  0.52816  0.52820 
 31.64500  0.52818  0.52820 
 31.74500  0.52817  0.52813 
 31.84500  0.52815  0.52810 
 31.94500  0.52812  0.52810 
 32.04500  0.52810  0.52810 
 32.14500  0.52806  0.52810 
 32.24500  0.52803  0.52800 
 32.34500  0.52802  0.52800 
 32.44500  0.52797  0.52799 
 32.54500  0.52794  0.52790 
 32.64500  0.52788  0.52790 
 32.74500  0.52785  0.52781 
 32.84500  0.52778  0.52780 
 32.94500  0.52774  0.52771 
 33.04500  0.52768  0.52768 
 33.14500  0.52761  0.52760 
 33.24500  0.52755  0.52753 
 33.34500  0.52748  0.52747 
 33.44500  0.52741  0.52740 
 33.54500  0.52733  0.52731 
 33.64500  0.52725  0.52723 
 33.74500  0.52717  0.52715 
 33.84500  0.52707  0.52706 
 33.94500  0.52698  0.52697 
 34.04500  0.52688  0.52687 
 34.14500  0.52679  0.52677 
 34.24500  0.52668  0.52666 
 34.34500  0.52657  0.52655 
 34.44500  0.52646  0.52644 
 34.54500  0.52634  0.52633 
 34.64500  0.52622  0.52622 
 34.74500  0.52610  0.52608 
 34.84500  0.52598  0.52596 
 34.94500  0.52584  0.52583 
 35.04500  0.52571  0.52569 
 35.14500  0.52557  0.52555 
 35.24500  0.52543  0.52541 
 35.34500  0.52529  0.52526 
 35.44500  0.52512  0.52512 
 35.54500  0.52497  0.52496 
 35.64500  0.52481  0.52480 
 35.74500  0.52466  0.52465 
 35.84500  0.52449  0.52448 
 35.94500  0.52432  0.52432 
 36.04500  0.52415  0.52414 
 36.14500  0.52397  0.52396 
 36.24500  0.52379  0.52378 
 36.34500  0.52361  0.52360 
 36.44500  0.52341  0.52342 
 36.54500  0.52324  0.52323 
 36.64500  0.52303  0.52303 
 36.74500  0.52284  0.52283 
 36.84500  0.52264  0.52263 
 36.94500  0.52242  0.52243 
 37.04500  0.52223  0.52223 
 37.14500  0.52201  0.52201 
 37.24500  0.52180  0.52180 
 37.34500  0.52158  0.52159 
 37.44500  0.52136  0.52137 
 37.54500  0.52113  0.52113 
 37.64500  0.52091  0.52091 
 37.74500  0.52067  0.52068 
 37.84500  0.52044  0.52045 
 37.94500  0.52019  0.52020 
 38.04500  0.51996  0.51998 
 38.14500  0.51970  0.51972 
 38.24500  0.51946  0.51948 
 38.34500  0.51921  0.51922 
 38.44500  0.51896  0.51898 
 38.54500  0.51870  0.51871 
 38.64500  0.51844  0.51845 
 38.74500  0.51817  0.51820 
 38.84500  0.51791  0.51792 
 38.94500  0.51764  0.51765 
 39.04500  0.51736  0.51738 
 39.14500  0.51708  0.51710 
 39.24500  0.51681  0.51683 
 39.34500  0.51653  0.51654 
 39.44500  0.51624  0.51626 
 39.54500  0.51595  0.51597 
 39.64500  0.51566  0.51568 
 39.74500  0.51537  0.51539 
 39.84500  0.51506  0.51509 
 39.94500  0.51477  0.51479 
 40.04500  0.51447  0.51449 
 40.14500  0.51416  0.51418 
 40.24500  0.51385  0.51388 
 40.34500  0.51354  0.51356 
 40.44500  0.51322  0.51325 
 40.54500  0.51291  0.51293 
 40.64500  0.51260  0.51262 
 40.74500  0.51228  0.51228 
 40.84500  0.51194  0.51195 
 40.94500  0.51161  0.51164 
 41.04500  0.51128  0.51132 
 41.14500  0.51094  0.51098 
 41.24500  0.51060  0.51062 
 41.34500  0.51027  0.51028 
 41.44500  0.50993  0.50995 
 41.54500  0.50959  0.50961 
 41.64500  0.50923  0.50925 
 41.74500  0.50888  0.50890 
 41.84500  0.50853  0.50855 
 41.94500  0.50817  0.50819 
 42.04500  0.50781  0.50783 
 42.14500  0.50745  0.50747 
 42.24500  0.50708  0.50710 
 42.34500  0.50671  0.50674 
 42.44500  0.50634  0.50636 
 42.54500  0.50597  0.50599 
 42.64500  0.50559  0.50561 
 42.74500  0.50521  0.50524 
 42.84500  0.50483  0.50485 
 42.94500  0.50444  0.50446 
 43.04500  0.50406  0.50408 
 43.14500  0.50367  0.50368 
 43.24500  0.50327  0.50329 
 43.34500  0.50288  0.50290 
 43.44500  0.50248  0.50250 
 43.54500  0.50207  0.50208 
 43.64500  0.50167  0.50168 
 43.74500  0.50126  0.50128 
 43.84500  0.50084  0.50086 
 43.94500  0.50043  0.50044 
 44.04500  0.50001  0.50002 
 44.14500  0.49958  0.49960 
 44.24500  0.49917  0.49918 
 44.34500  0.49873  0.49875 
 44.44500  0.49830  0.49832 
 44.54500  0.49787  0.49788 
 44.64500  0.49743  0.49744 
 44.74500  0.49699  0.49700 
 44.84500  0.49655  0.49656 
 44.94500  0.49610  0.49610 
 45.04500  0.49565  0.49565 
 45.14500  0.49520  0.49520 
 45.24500  0.49474  0.49474 
 45.34500  0.49427  0.49428 
 45.44500  0.49381  0.49380 
 45.54500  0.49335  0.49335 
 45.64500  0.49286  0.49286 
 45.74500  0.49239  0.49240 
 45.84500  0.49191  0.49190 
 45.94500  0.49142  0.49142 
 46.04500  0.49094  0.49095 
 46.14500  0.49045  0.49045 
 46.24500  0.48996  0.48995 
 46.34500  0.48946  0.48945 
 46.44500  0.48896  0.48895 
 46.54500  0.48845  0.48845 
 46.64500  0.48792  0.48792 
 46.74500  0.48742  0.48740 
 46.84500  0.48690  0.48689 
 46.94500  0.48637  0.48635 
 47.04500  0.48585  0.48584 
 47.14500  0.48532  0.48530 
 47.24500  0.48479  0.48475 
 47.34500  0.48424  0.48422 
 47.44500  0.48370  0.48367 
 47.54500  0.48313  0.48312 
 47.64500  0.48259  0.48256 
 47.74500  0.48203  0.48200 
 47.84500  0.48147  0.48144 
 47.94500  0.48089  0.48087 
 48.04500  0.48033  0.48029 
 48.14500  0.47974  0.47972 
 48.24500  0.47917  0.47913 
 48.34500  0.47858  0.47854 
 48.44500  0.47798  0.47795 
 48.54500  0.47738  0.47735 
 48.64500  0.47678  0.47675 
 48.74500  0.47617  0.47614 
 48.84500  0.47556  0.47552 
 48.94500  0.47494  0.47491 
 49.04500  0.47432  0.47429 
 49.14500  0.47370  0.47365 
 49.24500  0.47306  0.47302 
 49.34500  0.47243  0.47239 
 49.44500  0.47178  0.47173 
 49.54500  0.47113  0.47110 
 49.64500  0.47047  0.47043 
 49.74500  0.46982  0.46977 
 49.84500  0.46914  0.46910 
 49.94500  0.46848  0.46843 
 50.04500  0.46779  0.46777 
 50.14500  0.46713  0.46709 
 50.24500  0.46644  0.46640 
 50.34500  0.46574  0.46571 
 50.44500  0.46505  0.46501 
 50.54500  0.46435  0.46431 
 50.64500  0.46363  0.46361 
 50.74500  0.46293  0.46289 
 50.84500  0.46222  0.46218 
 50.94500  0.46150  0.46145 
 51.04500  0.46077  0.46073 
 51.14500  0.46003  0.46000 
 51.24500  0.45928  0.45925 
 51.34500  0.45856  0.45853 
 51.44500  0.45779  0.45777 
 51.54500  0.45705  0.45703 
 51.64500  0.45629  0.45625 
 51.74500  0.45552  0.45550 
 51.84500  0.45475  0.45473 
 51.94500  0.45398  0.45396 
 52.04500  0.45320  0.45318 
 52.14500  0.45242  0.45240 
 52.24500  0.45163  0.45162 
 52.34500  0.45084  0.45082 
 52.44500  0.45005  0.45002 
 52.54500  0.44924  0.44922 
 52.64500  0.44843  0.44842 
 52.74500  0.44762  0.44761 
 52.84500  0.44681  0.44680 
 52.94500  0.44599  0.44599 
 53.04500  0.44518  0.44517 
 53.14500  0.44435  0.44434 
 53.24500  0.44352  0.44351 
 53.34500  0.44269  0.44269 
 53.44500  0.44185  0.44185 
 53.54500  0.44101  0.44101 
 53.64500  0.44016  0.44017 
 53.74500  0.43933  0.43932 
 53.84500  0.43848  0.43849 
 53.94500  0.43762  0.43762 
 54.04500  0.43678  0.43679 
 54.14500  0.43592  0.43592 
 54.24500  0.43504  0.43508 
 54.34500  0.43418  0.43421 
 54.44500  0.43333  0.43334 
 54.54500  0.43245  0.43249 
 54.64500  0.43160  0.43161 
 54.74500  0.43072  0.43076 
 54.84500  0.42987  0.42989 
 54.94500  0.42901  0.42901 
 55.04500  0.42814  0.42815 
 55.14500  0.42726  0.42728 
 55.24500  0.42640  0.42641 
 55.34500  0.42551  0.42553 
 55.44500  0.42467  0.42468 
 55.54500  0.42378  0.42380 
 55.64500  0.42291  0.42292 
 55.74500  0.42204  0.42207 
 55.84500  0.42116  0.42120 
 55.94500  0.42032  0.42032 
 56.04500  0.41945  0.41947 
 56.14500  0.41858  0.41860 
 56.24500  0.41772  0.41773 
 56.34500  0.41686  0.41688 
 56.44500  0.41601  0.41601 
 56.54500  0.41515  0.41517 
 56.64500  0.41432  0.41431 
 56.74500  0.41346  0.41347 
 56.84500  0.41261  0.41261 
 56.94500  0.41177  0.41179 
 57.04500  0.41093  0.41094 
 57.14500  0.41010  0.41010 
 57.24500  0.40928  0.40929 
 57.34500  0.40844  0.40845 
 57.44500  0.40764  0.40764 
 57.54500  0.40681  0.40682 
 57.64500  0.40602  0.40602 
 57.74500  0.40522  0.40522 
 57.84500  0.40442  0.40442 
 57.94500  0.40364  0.40363 
 58.04500  0.40285  0.40284 
 58.14500  0.40208  0.40207 
 58.24500  0.40130  0.40130 
 58.34500  0.40055  0.40054 
 58.44500  0.39980  0.39977 
 58.54500  0.39907  0.39904 
 58.64500  0.39833  0.39830 
 58.74500  0.39760  0.39757 
 58.84500  0.39688  0.39685 
 58.94500  0.39617  0.39615 
 59.04500  0.39547  0.39544 
 59.14500  0.39478  0.39476 
 59.24500  0.39410  0.39407 
 59.34500  0.39343  0.39340 
 59.44500  0.39278  0.39273 
 59.54500  0.39213  0.39210 
 59.64500  0.39150  0.39146 
 59.74500  0.39087  0.39083 
 59.84500  0.39026  0.39021 
 59.94500  0.38966  0.38961 
 60.04500  0.38908  0.38903 
 60.14500  0.38848  0.38844 
 60.24500  0.38793  0.38787 
 60.34500  0.38738  0.38733 
 60.44500  0.38684  0.38679 
 60.54500  0.38630  0.38625 
 60.64500  0.38580  0.38575 
 60.74500  0.38531  0.38525 
 60.84500  0.38482  0.38475 
 60.94500  0.38436  0.38430 
 61.04500  0.38390  0.38383 
 61.14500  0.38346  0.38339 
 61.24500  0.38303  0.38297 
 61.34500  0.38261  0.38256 
 61.44500  0.38222  0.38216 
 61.54500  0.38185  0.38177 
 61.64500  0.38147  0.38142 
 61.74500  0.38113  0.38105 
 61.84500  0.38080  0.38072 
 61.94500  0.38049  0.38041 
 62.04500  0.38018  0.38011 
 62.14500  0.37989  0.37982 
 62.24500  0.37962  0.37955 
 62.34500  0.37937  0.37930 
 62.44500  0.37914  0.37907 
 62.54500  0.37892  0.37884 
 62.64500  0.37872  0.37864 
 62.74500  0.37853  0.37845 
 62.84500  0.37836  0.37828 
 62.94500  0.37822  0.37814 
 63.04500  0.37807  0.37800 
 63.14500  0.37796  0.37788 
 63.24500  0.37787  0.37779 
 63.34500  0.37778  0.37770 
 63.44500  0.37771  0.37762 
 63.54500  0.37768  0.37760 
 63.64500  0.37762  0.37758 
