  0.04500  1.00001  1.00000 
  0.14500  1.00002  1.00000 
  0.24500  1.00001  1.00000 
  0.34500  1.00002  1.00000 
  0.44500  1.00003  1.00000 
  0.54500  1.00003  1.00000 
  0.64500  0.99998  1.00000 
  0.74500  0.99998  1.00000 
  0.84500  0.99999  0.99993 
  0.94500  0.99995  0.99990 
  1.04500  0.99989  0.99990 
  1.14500  0.99981  0.99980 
  1.24500  0.99976  0.99973 
  1.34500  0.99960  0.99960 
  1.44500  0.99945  0.99943 
  1.54500  0.99919  0.99918 
  1.64500  0.99886  0.99883 
  1.74500  0.99837  0.99836 
  1.84500  0.99776  0.99772 
  1.94500  0.99689  0.99685 
  2.04500  0.99574  0.99574 
  2.14500  0.99427  0.99426 
  2.24500  0.99234  0.99233 
  2.34500  0.98988  0.98984 
  2.44500  0.98673  0.98668 
  2.54500  0.98278  0.98274 
  2.64500  0.97784  0.97782 
  2.74500  0.97178  0.97176 
  2.84500  0.96438  0.96435 
  2.94500  0.95549  0.95546 
  3.04500  0.94489  0.94487 
  3.14500  0.93239  0.93236 
  3.24500  0.91783  0.91777 
  3.34500  0.90099  0.90093 
  3.44500  0.88176  0.88169 
  3.54500  0.86004  0.85995 
  3.64500  0.83571  0.83566 
  3.74500  0.80880  0.80878 
  3.84500  0.77932  0.77934 
  3.94500  0.74742  0.74749 
  4.04500  0.71328  0.71338 
  4.14500  0.67715  0.67721 
  4.24500  0.63934  0.63928 
  4.34500  0.60016  0.59994 
  4.44500  0.55992  0.55955 
  4.54500  0.51897  0.51851 
  4.64500  0.47683  0.47730 
  4.74500  0.43601  0.43633 
  4.84500  0.39585  0.39604 
  4.94500  0.35680  0.35683 
  5.04500  0.31914  0.31908 
  5.14500  0.28324  0.28312 
  5.24500  0.24933  0.24924 
  5.34500  0.21771  0.21767 
  5.44500  0.18856  0.18858 
  5.54500  0.16197  0.16202 
  5.64500  0.13803  0.13809 
  5.74500  0.11673  0.11680 
  5.84500  0.09800  0.09806 
  5.94500  0.08173  0.08178 
  6.04500  0.06785  0.06787 
  6.14500  0.05615  0.05617 
  6.24500  0.04657  0.04659 
  6.34500  0.03895  0.03897 
  6.44500  0.03315  0.03319 
  6.54500  0.02910  0.02913 
  6.64500  0.02672  0.02671 
  6.74500  0.02589  0.02594 
  6.84500  0.02670  0.02674 
  6.94500  0.02914  0.02915 
  7.04500  0.03321  0.03321 
  7.14500  0.03900  0.03903 
  7.24500  0.04664  0.04667 
  7.34500  0.05625  0.05628 
  7.44500  0.06798  0.06800 
  7.54500  0.08189  0.08194 
  7.64500  0.09816  0.09822 
  7.74500  0.11693  0.11700 
  7.84500  0.13825  0.13834 
  7.94500  0.16221  0.16228 
  8.04500  0.18880  0.18882 
  8.14500  0.21803  0.21794 
  8.24500  0.24966  0.24954 
  8.34500  0.28358  0.28344 
  8.44500  0.31951  0.31942 
  8.54500  0.35716  0.35718 
  8.64500  0.39622  0.39643 
  8.74500  0.43638  0.43672 
  8.84500  0.47724  0.47770 
  8.94500  0.51937  0.51891 
  9.04500  0.56031  0.55993 
  9.14500  0.60051  0.60032 
  9.24500  0.63972  0.63966 
  9.34500  0.67750  0.67757 
  9.44500  0.71360  0.71370 
  9.54500  0.74771  0.74779 
  9.64500  0.77961  0.77964 
  9.74500  0.80905  0.80901 
  9.84500  0.83592  0.83586 
  9.94500  0.86017  0.86011 
 10.04500  0.88186  0.88178 
 10.14500  0.90100  0.90092 
 10.24500  0.91773  0.91767 
 10.34500  0.93215  0.93212 
 10.44500  0.94446  0.94442 
 10.54500  0.95479  0.95475 
 10.64500  0.96336  0.96333 
 10.74500  0.97029  0.97025 
 10.84500  0.97572  0.97568 
 10.94500  0.97982  0.97980 
 11.04500  0.98269  0.98264 
 11.14500  0.98440  0.98437 
 11.24500  0.98501  0.98497 
 11.34500  0.98455  0.98451 
 11.44500  0.98298  0.98295 
 11.54500  0.98027  0.98026 
 11.64500  0.97637  0.97634 
 11.74500  0.97111  0.97107 
 11.84500  0.96442  0.96437 
 11.94500  0.95608  0.95606 
 12.04500  0.94600  0.94597 
 12.14500  0.93395  0.93391 
 12.24500  0.91982  0.91977 
 12.34500  0.90342  0.90336 
 12.44500  0.88462  0.88453 
 12.54500  0.86329  0.86321 
 12.64500  0.83937  0.83931 
 12.74500  0.81287  0.81283 
 12.84500  0.78376  0.78378 
 12.94500  0.75220  0.75229 
 13.04500  0.71838  0.71849 
 13.14500  0.68255  0.68260 
 13.24500  0.64497  0.64493 
 13.34500  0.60595  0.60576 
 13.44500  0.56585  0.56549 
 13.54500  0.52503  0.52453 
 13.64500  0.48294  0.48333 
 13.74500  0.44194  0.44230 
 13.84500  0.40166  0.40186 
 13.94500  0.36243  0.36247 
 14.04500  0.32456  0.32450 
 14.14500  0.28837  0.28823 
 14.24500  0.25416  0.25406 
 14.34500  0.22217  0.22214 
 14.44500  0.19264  0.19266 
 14.54500  0.16569  0.16574 
 14.64500  0.14138  0.14144 
 14.74500  0.11967  0.11974 
 14.84500  0.10057  0.10063 
 14.94500  0.08396  0.08401 
 15.04500  0.06972  0.06976 
 15.14500  0.05773  0.05776 
 15.24500  0.04784  0.04787 
 15.34500  0.03994  0.03996 
 15.44500  0.03388  0.03391 
 15.54500  0.02961  0.02962 
 15.64500  0.02695  0.02698 
 15.74500  0.02592  0.02596 
 15.84500  0.02651  0.02653 
 15.94500  0.02866  0.02870 
 16.04500  0.03249  0.03252 
 16.14500  0.03804  0.03809 
 16.24500  0.04543  0.04544 
 16.34500  0.05473  0.05475 
 16.44500  0.06611  0.06614 
 16.54500  0.07970  0.07974 
 16.64500  0.09565  0.09568 
 16.74500  0.11405  0.11411 
 16.84500  0.13497  0.13505 
 16.94500  0.15855  0.15863 
 17.04500  0.18477  0.18479 
 17.14500  0.21357  0.21354 
 17.24500  0.24489  0.24480 
 17.34500  0.27848  0.27836 
 17.44500  0.31415  0.31406 
 17.54500  0.35156  0.35157 
 17.64500  0.39044  0.39059 
 17.74500  0.43047  0.43078 
 17.84500  0.47124  0.47169 
 17.94500  0.51321  0.51289 
 18.04500  0.55436  0.55397 
 18.14500  0.59470  0.59447 
 18.24500  0.63406  0.63399 
 18.34500  0.67208  0.67211 
 18.44500  0.70844  0.70854 
 18.54500  0.74284  0.74294 
 18.64500  0.77504  0.77509 
 18.74500  0.80483  0.80482 
 18.84500  0.83207  0.83201 
 18.94500  0.85667  0.85660 
 19.04500  0.87868  0.87860 
 19.14500  0.89812  0.89803 
 19.24500  0.91508  0.91502 
 19.34500  0.92972  0.92964 
 19.44500  0.94211  0.94207 
 19.54500  0.95249  0.95245 
 19.64500  0.96093  0.96090 
 19.74500  0.96766  0.96763 
 19.84500  0.97275  0.97272 
 19.94500  0.97630  0.97627 
 20.04500  0.97841  0.97839 
 20.14500  0.97916  0.97914 
 20.24500  0.97853  0.97848 
 20.34500  0.97652  0.97648 
 20.44500  0.97306  0.97302 
 20.54500  0.96808  0.96804 
 20.64500  0.96151  0.96145 
 20.74500  0.95318  0.95315 
 20.84500  0.94294  0.94290 
 20.94500  0.93070  0.93064 
 21.04500  0.91623  0.91619 
 21.14500  0.89945  0.89937 
 21.24500  0.88021  0.88011 
 21.34500  0.85840  0.85833 
 21.44500  0.83397  0.83391 
 21.54500  0.80693  0.80692 
 21.64500  0.77732  0.77737 
 21.74500  0.74530  0.74538 
 21.84500  0.71104  0.71114 
 21.94500  0.67483  0.67487 
 22.04500  0.63692  0.63685 
 22.14500  0.59765  0.59744 
 22.24500  0.55736  0.55700 
 22.34500  0.51631  0.51594 
 22.44500  0.47427  0.47472 
 22.54500  0.43345  0.43378 
 22.64500  0.39336  0.39354 
 22.74500  0.35436  0.35441 
 22.84500  0.31682  0.31674 
 22.94500  0.28099  0.28090 
 23.04500  0.24724  0.24716 
 23.14500  0.21573  0.21570 
 23.24500  0.18669  0.18672 
 23.34500  0.16023  0.16028 
 23.44500  0.13639  0.13647 
 23.54500  0.11518  0.11523 
 23.64500  0.09644  0.09651 
 23.74500  0.08015  0.08022 
 23.84500  0.06618  0.06620 
 23.94500  0.05430  0.05433 
 24.04500  0.04441  0.04445 
 24.14500  0.03636  0.03640 
 24.24500  0.02998  0.03001 
 24.34500  0.02517  0.02522 
 24.44500  0.02180  0.02182 
 24.54500  0.01978  0.01980 
 24.64500  0.01903  0.01906 
 24.74500  0.01963  0.01962 
 24.84500  0.02146  0.02148 
 24.94500  0.02466  0.02467 
 25.04500  0.02929  0.02932 
 25.14500  0.03544  0.03548 
 25.24500  0.04328  0.04329 
 25.34500  0.05290  0.05295 
 25.44500  0.06451  0.06453 
 25.54500  0.07822  0.07825 
 25.64500  0.09419  0.09424 
 25.74500  0.11257  0.11264 
 25.84500  0.13348  0.13355 
 25.94500  0.15695  0.15703 
 26.04500  0.18309  0.18309 
 26.14500  0.21178  0.21178 
 26.24500  0.24298  0.24291 
 26.34500  0.27647  0.27635 
 26.44500  0.31202  0.31195 
 26.54500  0.34937  0.34938 
 26.64500  0.38819  0.38834 
 26.74500  0.42817  0.42848 
 26.84500  0.46890  0.46936 
 26.94500  0.51080  0.51055 
 27.04500  0.55204  0.55163 
 27.14500  0.59243  0.59218 
 27.24500  0.63186  0.63178 
 27.34500  0.66995  0.67001 
 27.44500  0.70643  0.70652 
 27.54500  0.74097  0.74107 
 27.64500  0.77335  0.77336 
 27.74500  0.80329  0.80327 
 27.84500  0.83071  0.83065 
 27.94500  0.85554  0.85544 
 28.04500  0.87777  0.87767 
 28.14500  0.89745  0.89737 
 28.24500  0.91472  0.91466 
 28.34500  0.92969  0.92964 
 28.44500  0.94258  0.94252 
 28.54500  0.95347  0.95343 
 28.64500  0.96263  0.96258 
 28.74500  0.97018  0.97017 
 28.84500  0.97639  0.97635 
 28.94500  0.98132  0.98130 
 29.04500  0.98523  0.98519 
 29.14500  0.98818  0.98815 
 29.24500  0.99031  0.99028 
 29.34500  0.99172  0.99169 
 29.44500  0.99244  0.99242 
 29.54500  0.99249  0.99249 
 29.64500  0.99194  0.99193 
 29.74500  0.99072  0.99071 
 29.84500  0.98878  0.98876 
 29.94500  0.98606  0.98601 
 30.04500  0.98240  0.98238 
 30.14500  0.97774  0.97770 
 30.24500  0.97188  0.97184 
 30.34500  0.96467  0.96464 
 30.44500  0.95595  0.95589 
 30.54500  0.94549  0.94545 
 30.64500  0.93314  0.93311 
 30.74500  0.91871  0.91866 
 30.84500  0.90204  0.90199 
 30.94500  0.88296  0.88288 
 31.04500  0.86138  0.86130 
 31.14500  0.83723  0.83715 
 31.24500  0.81045  0.81044 
 31.34500  0.78115  0.78116 
 31.44500  0.74938  0.74946 
 31.54500  0.71536  0.71546 
 31.64500  0.67934  0.67939 
 31.74500  0.64160  0.64157 
 31.84500  0.60250  0.60228 
 31.94500  0.56231  0.56197 
 32.04500  0.52146  0.52097 
 32.14500  0.47929  0.47975 
 32.24500  0.43841  0.43876 
 32.34500  0.39820  0.39842 
 32.44500  0.35908  0.35916 
 32.54500  0.32137  0.32131 
 32.64500  0.28538  0.28526 
 32.74500  0.25140  0.25130 
 32.84500  0.21968  0.21963 
 32.94500  0.19045  0.19047 
 33.04500  0.16381  0.16388 
 33.14500  0.13986  0.13995 
 33.24500  0.11859  0.11866 
 33.34500  0.09997  0.10001 
 33.44500  0.08389  0.08394 
 33.54500  0.07027  0.07031 
 33.64500  0.05903  0.05907 
 33.74500  0.05005  0.05007 
 33.84500  0.04319  0.04323 
 33.94500  0.03843  0.03847 
 34.04500  0.03564  0.03568 
 34.14500  0.03484  0.03486 
 34.24500  0.03595  0.03598 
 34.34500  0.03905  0.03907 
 34.44500  0.04414  0.04416 
 34.54500  0.05131  0.05135 
 34.64500  0.06063  0.06068 
 34.74500  0.07225  0.07230 
 34.84500  0.08625  0.08630 
 34.94500  0.10271  0.10277 
 35.04500  0.12178  0.12181 
 35.14500  0.14345  0.14351 
 35.24500  0.16782  0.16786 
 35.34500  0.19486  0.19486 
 35.44500  0.22450  0.22444 
 35.54500  0.25659  0.25650 
 35.64500  0.29091  0.29078 
 35.74500  0.32719  0.32713 
 35.84500  0.36515  0.36520 
 35.94500  0.40446  0.40468 
 36.04500  0.44480  0.44517 
 36.14500  0.48589  0.48621 
 36.24500  0.52791  0.52742 
 36.34500  0.56868  0.56834 
 36.44500  0.60871  0.60853 
 36.54500  0.64763  0.64759 
 36.64500  0.68512  0.68517 
 36.74500  0.72080  0.72091 
 36.84500  0.75445  0.75454 
 36.94500  0.78584  0.78587 
 37.04500  0.81472  0.81469 
 37.14500  0.84106  0.84098 
 37.24500  0.86474  0.86466 
 37.34500  0.88581  0.88573 
 37.44500  0.90435  0.90432 
 37.54500  0.92051  0.92045 
 37.64500  0.93432  0.93428 
 37.74500  0.94601  0.94595 
 37.84500  0.95568  0.95566 
 37.94500  0.96353  0.96348 
 38.04500  0.96963  0.96958 
 38.14500  0.97416  0.97412 
 38.24500  0.97722  0.97717 
 38.34500  0.97885  0.97880 
 38.44500  0.97909  0.97907 
 38.54500  0.97799  0.97794 
 38.64500  0.97547  0.97542 
 38.74500  0.97151  0.97145 
 38.84500  0.96598  0.96593 
 38.94500  0.95877  0.95874 
 39.04500  0.94980  0.94975 
 39.14500  0.93888  0.93883 
 39.24500  0.92584  0.92580 
 39.34500  0.91058  0.91052 
 39.44500  0.89295  0.89286 
 39.54500  0.87280  0.87273 
 39.64500  0.85009  0.85001 
 39.74500  0.82474  0.82471 
 39.84500  0.79678  0.79677 
 39.94500  0.76631  0.76637 
 40.04500  0.73344  0.73356 
 40.14500  0.69849  0.69858 
 40.24500  0.66162  0.66164 
 40.34500  0.62321  0.62308 
 40.44500  0.58355  0.58327 
 40.54500  0.54298  0.54255 
 40.64500  0.50146  0.50142 
 40.74500  0.45983  0.46025 
 40.84500  0.41923  0.41951 
 40.94500  0.37953  0.37962 
 41.04500  0.34101  0.34098 
 41.14500  0.30407  0.30396 
 41.24500  0.26899  0.26887 
 41.34500  0.23605  0.23597 
 41.44500  0.20550  0.20548 
 41.54500  0.17749  0.17751 
 41.64500  0.15211  0.15218 
 41.74500  0.12943  0.12950 
 41.84500  0.10942  0.10949 
 41.94500  0.09203  0.09209 
 42.04500  0.07713  0.07717 
 42.14500  0.06465  0.06468 
 42.24500  0.05449  0.05452 
 42.34500  0.04653  0.04656 
 42.44500  0.04068  0.04072 
 42.54500  0.03685  0.03690 
 42.64500  0.03503  0.03505 
 42.74500  0.03512  0.03516 
 42.84500  0.03717  0.03721 
 42.94500  0.04120  0.04123 
 43.04500  0.04727  0.04731 
 43.14500  0.05546  0.05549 
 43.24500  0.06586  0.06590 
 43.34500  0.07861  0.07862 
 43.44500  0.09373  0.09381 
 43.54500  0.11142  0.11149 
 43.64500  0.13172  0.13179 
 43.74500  0.15467  0.15473 
 43.84500  0.18030  0.18035 
 43.94500  0.20862  0.20859 
 44.04500  0.23942  0.23936 
 44.14500  0.27259  0.27248 
 44.24500  0.30790  0.30780 
 44.34500  0.34502  0.34500 
 44.44500  0.38365  0.38378 
 44.54500  0.42351  0.42378 
 44.64500  0.46414  0.46458 
 44.74500  0.50590  0.50577 
 44.84500  0.54731  0.54689 
 44.94500  0.58778  0.58753 
 45.04500  0.62733  0.62720 
 45.14500  0.66559  0.66560 
 45.24500  0.70224  0.70233 
 45.34500  0.73698  0.73708 
 45.44500  0.76956  0.76962 
 45.54500  0.79973  0.79974 
 45.64500  0.82735  0.82731 
 45.74500  0.85236  0.85228 
 45.84500  0.87469  0.87461 
 45.94500  0.89442  0.89434 
 46.04500  0.91160  0.91153 
 46.14500  0.92634  0.92629 
 46.24500  0.93878  0.93874 
 46.34500  0.94903  0.94898 
 46.44500  0.95723  0.95718 
 46.54500  0.96349  0.96343 
 46.64500  0.96788  0.96783 
 46.74500  0.97049  0.97044 
 46.84500  0.97141  0.97136 
 46.94500  0.97062  0.97058 
 47.04500  0.96809  0.96805 
 47.14500  0.96381  0.96378 
 47.24500  0.95765  0.95765 
 47.34500  0.94960  0.94958 
 47.44500  0.93952  0.93947 
 47.54500  0.92724  0.92717 
 47.64500  0.91262  0.91256 
 47.74500  0.89561  0.89552 
 47.84500  0.87606  0.87596 
 47.94500  0.85387  0.85381 
 48.04500  0.82906  0.82901 
 48.14500  0.80163  0.80161 
 48.24500  0.77159  0.77165 
 48.34500  0.73917  0.73927 
 48.44500  0.70455  0.70466 
 48.54500  0.66800  0.66804 
 48.64500  0.62982  0.62975 
 48.74500  0.59037  0.59012 
 48.84500  0.54995  0.54954 
 48.94500  0.50863  0.50844 
 49.04500  0.46679  0.46726 
 49.14500  0.42610  0.42638 
 49.24500  0.38616  0.38631 
 49.34500  0.34740  0.34741 
 49.44500  0.31015  0.31007 
 49.54500  0.27469  0.27458 
 49.64500  0.24131  0.24121 
 49.74500  0.21021  0.21019 
 49.84500  0.18162  0.18165 
 49.94500  0.15561  0.15567 
 50.04500  0.13217  0.13229 
 50.14500  0.11135  0.11141 
 50.24500  0.09299  0.09304 
 50.34500  0.07699  0.07704 
 50.44500  0.06319  0.06323 
 50.54500  0.05146  0.05147 
 50.64500  0.04157  0.04159 
 50.74500  0.03335  0.03336 
 50.84500  0.02666  0.02667 
 50.94500  0.02128  0.02131 
 51.04500  0.01710  0.01711 
 51.14500  0.01395  0.01396 
 51.24500  0.01178  0.01177 
 51.34500  0.01044  0.01046 
 51.44500  0.00995  0.00993 
 51.54500  0.01020  0.01022 
 51.64500  0.01130  0.01129 
 51.74500  0.01321  0.01322 
 51.84500  0.01607  0.01606 
 51.94500  0.01990  0.01993 
 52.04500  0.02492  0.02493 
 52.14500  0.03120  0.03123 
 52.24500  0.03895  0.03896 
 52.34500  0.04830  0.04836 
 52.44500  0.05949  0.05951 
 52.54500  0.07266  0.07269 
 52.64500  0.08797  0.08803 
 52.74500  0.10560  0.10566 
 52.84500  0.12572  0.12577 
 52.94500  0.14835  0.14841 
 53.04500  0.17358  0.17364 
 53.14500  0.20143  0.20142 
 53.24500  0.23179  0.23171 
 53.34500  0.26450  0.26439 
 53.44500  0.29939  0.29926 
 53.54500  0.33613  0.33610 
 53.64500  0.37448  0.37459 
 53.74500  0.41408  0.41436 
 53.84500  0.45460  0.45500 
 53.94500  0.49607  0.49615 
 54.04500  0.53779  0.53733 
 54.14500  0.57840  0.57812 
 54.24500  0.61822  0.61808 
 54.34500  0.65682  0.65682 
 54.44500  0.69390  0.69399 
 54.54500  0.72914  0.72923 
 54.64500  0.76228  0.76235 
 54.74500  0.79309  0.79311 
 54.84500  0.82140  0.82137 
 54.94500  0.84713  0.84707 
 55.04500  0.87028  0.87018 
 55.14500  0.89082  0.89073 
 55.24500  0.90891  0.90884 
 55.34500  0.92463  0.92459 
 55.44500  0.93818  0.93814 
 55.54500  0.94970  0.94965 
 55.64500  0.95938  0.95935 
 55.74500  0.96739  0.96735 
 55.84500  0.97389  0.97386 
 55.94500  0.97904  0.97904 
 56.04500  0.98310  0.98304 
 56.14500  0.98602  0.98599 
 56.24500  0.98799  0.98797 
 56.34500  0.98910  0.98906 
 56.44500  0.98936  0.98932 
 56.54500  0.98875  0.98873 
 56.64500  0.98731  0.98728 
 56.74500  0.98495  0.98491 
 56.84500  0.98160  0.98155 
 56.94500  0.97714  0.97711 
 57.04500  0.97145  0.97139 
 57.14500  0.96435  0.96431 
 57.24500  0.95568  0.95564 
 57.34500  0.94528  0.94524 
 57.44500  0.93296  0.93293 
 57.54500  0.91856  0.91850 
 57.64500  0.90186  0.90181 
 57.74500  0.88283  0.88274 
 57.84500  0.86123  0.86116 
 57.94500  0.83706  0.83701 
 58.04500  0.81028  0.81026 
 58.14500  0.78095  0.78099 
 58.24500  0.74919  0.74926 
 58.34500  0.71514  0.71525 
 58.44500  0.67913  0.67919 
 58.54500  0.64140  0.64134 
 58.64500  0.60228  0.60208 
 58.74500  0.56209  0.56171 
 58.84500  0.52121  0.52072 
 58.94500  0.47905  0.47951 
 59.04500  0.43817  0.43851 
 59.14500  0.39796  0.39815 
 59.24500  0.35882  0.35886 
 59.34500  0.32110  0.32102 
 59.44500  0.28506  0.28494 
 59.54500  0.25102  0.25092 
 59.64500  0.21923  0.21918 
 59.74500  0.18986  0.18988 
 59.84500  0.16307  0.16312 
 59.94500  0.13886  0.13894 
 60.04500  0.11726  0.11732 
 60.14500  0.09813  0.09821 
 60.24500  0.08143  0.08150 
 60.34500  0.06696  0.06698 
 60.44500  0.05455  0.05457 
 60.54500  0.04405  0.04407 
 60.64500  0.03522  0.03525 
 60.74500  0.02793  0.02794 
 60.84500  0.02191  0.02194 
 60.94500  0.01705  0.01705 
 61.04500  0.01311  0.01314 
 61.14500  0.01000  0.01002 
 61.24500  0.00758  0.00756 
 61.34500  0.00566  0.00566 
 61.44500  0.00419  0.00420 
 61.54500  0.00308  0.00306 
 61.64500  0.00224  0.00224 
 61.74500  0.00160  0.00161 
 61.84500  0.00114  0.00114 
 61.94500  0.00080  0.00080 
 62.04500  0.00055  0.00057 
 62.14500  0.00041  0.00039 
 62.24500  0.00026  0.00027 
 62.34500  0.00019  0.00020 
 62.44500  0.00012  0.00010 
 62.54500  0.00006  0.00010 
 62.64500  0.00002  0.00006 
 62.74500  0.00003  0.00000 
 62.84500  0.00003  0.00000 
 62.94500 -0.00002  0.00000 
 63.04500 -0.00002  0.00000 
 63.14500 -0.00001  0.00000 
 63.24500 -0.00000  0.00000 
 63.34500 -0.00000  0.00000 
 63.44500 -0.00000  0.00000 
 63.54500 -0.00000  0.00000 
 63.64500 -0.00000  0.00000 
