  0.04500  0.56796  0.56830 
  0.14500  0.56795  0.56827 
  0.24500  0.56793  0.56820 
  0.34500  0.56789  0.56820 
  0.44500  0.56790  0.56820 
  0.54500  0.56790  0.56820 
  0.64500  0.56788  0.56820 
  0.74500  0.56789  0.56820 
  0.84500  0.56789  0.56820 
  0.94500  0.56789  0.56820 
  1.04500  0.56783  0.56820 
  1.14500  0.56780  0.56813 
  1.24500  0.56780  0.56810 
  1.34500  0.56781  0.56810 
  1.44500  0.56780  0.56810 
  1.54500  0.56773  0.56808 
  1.64500  0.56770  0.56800 
  1.74500  0.56769  0.56800 
  1.84500  0.56765  0.56800 
  1.94500  0.56766  0.56794 
  2.04500  0.56760  0.56790 
  2.14500  0.56756  0.56790 
  2.24500  0.56755  0.56783 
  2.34500  0.56749  0.56780 
  2.44500  0.56745  0.56780 
  2.54500  0.56744  0.56770 
  2.64500  0.56739  0.56770 
  2.74500  0.56733  0.56764 
  2.84500  0.56729  0.56760 
  2.94500  0.56726  0.56755 
  3.04500  0.56722  0.56750 
  3.14500  0.56716  0.56746 
  3.24500  0.56711  0.56740 
  3.34500  0.56704  0.56735 
  3.44500  0.56703  0.56730 
  3.54500  0.56694  0.56723 
  3.64500  0.56689  0.56720 
  3.74500  0.56684  0.56711 
  3.84500  0.56679  0.56707 
  3.94500  0.56669  0.56700 
  4.04500  0.56666  0.56693 
  4.14500  0.56658  0.56689 
  4.24500  0.56654  0.56680 
  4.34500  0.56646  0.56673 
  4.44500  0.56639  0.56668 
  4.54500  0.56632  0.56660 
  4.64500  0.56625  0.56652 
  4.74500  0.56618  0.56645 
  4.84500  0.56611  0.56638 
  4.94500  0.56602  0.56630 
  5.04500  0.56595  0.56621 
  5.14500  0.56587  0.56614 
  5.24500  0.56580  0.56606 
  5.34500  0.56570  0.56598 
  5.44500  0.56563  0.56590 
  5.54500  0.56556  0.56580 
  5.64500  0.56545  0.56571 
  5.74500  0.56538  0.56563 
  5.84500  0.56528  0.56554 
  5.94500  0.56519  0.56545 
  6.04500  0.56510  0.56536 
  6.14500  0.56500  0.56526 
  6.24500  0.56492  0.56517 
  6.34500  0.56481  0.56507 
  6.44500  0.56472  0.56497 
  6.54500  0.56462  0.56487 
  6.64500  0.56451  0.56477 
  6.74500  0.56441  0.56467 
  6.84500  0.56431  0.56456 
  6.94500  0.56419  0.56446 
  7.04500  0.56410  0.56435 
  7.14500  0.56398  0.56424 
  7.24500  0.56389  0.56413 
  7.34500  0.56376  0.56402 
  7.44500  0.56365  0.56391 
  7.54500  0.56354  0.56379 
  7.64500  0.56343  0.56368 
  7.74500  0.56332  0.56356 
  7.84500  0.56320  0.56345 
  7.94500  0.56308  0.56333 
  8.04500  0.56296  0.56322 
  8.14500  0.56285  0.56308 
  8.24500  0.56272  0.56296 
  8.34500  0.56260  0.56285 
  8.44500  0.56246  0.56273 
  8.54500  0.56234  0.56259 
  8.64500  0.56223  0.56246 
  8.74500  0.56208  0.56234 
  8.84500  0.56196  0.56222 
  8.94500  0.56183  0.56207 
  9.04500  0.56171  0.56195 
  9.14500  0.56157  0.56182 
  9.24500  0.56143  0.56167 
  9.34500  0.56129  0.56155 
  9.44500  0.56116  0.56141 
  9.54500  0.56102  0.56126 
  9.64500  0.56089  0.56114 
  9.74500  0.56075  0.56099 
  9.84500  0.56060  0.56085 
  9.94500  0.56046  0.56071 
 10.04500  0.56033  0.56056 
 10.14500  0.56019  0.56043 
 10.24500  0.56005  0.56027 
 10.34500  0.55988  0.56013 
 10.44500  0.55973  0.55997 
 10.54500  0.55959  0.55984 
 10.64500  0.55943  0.55967 
 10.74500  0.55928  0.55954 
 10.84500  0.55914  0.55937 
 10.94500  0.55897  0.55923 
 11.04500  0.55882  0.55906 
 11.14500  0.55868  0.55892 
 11.24500  0.55852  0.55876 
 11.34500  0.55838  0.55861 
 11.44500  0.55821  0.55845 
 11.54500  0.55805  0.55828 
 11.64500  0.55790  0.55814 
 11.74500  0.55774  0.55796 
 11.84500  0.55756  0.55781 
 11.94500  0.55741  0.55765 
 12.04500  0.55724  0.55748 
 12.14500  0.55709  0.55732 
 12.24500  0.55692  0.55715 
 12.34500  0.55676  0.55698 
 12.44500  0.55660  0.55682 
 12.54500  0.55642  0.55665 
 12.64500  0.55626  0.55648 
 12.74500  0.55609  0.55632 
 12.84500  0.55592  0.55615 
 12.94500  0.55575  0.55596 
 13.04500  0.55558  0.55580 
 13.14500  0.55541  0.55563 
 13.24500  0.55524  0.55545 
 13.34500  0.55506  0.55528 
 13.44500  0.55489  0.55510 
 13.54500  0.55472  0.55493 
 13.64500  0.55454  0.55475 
 13.74500  0.55437  0.55457 
 13.84500  0.55419  0.55439 
 13.94500  0.55402  0.55422 
 14.04500  0.55384  0.55404 
 14.14500  0.55365  0.55385 
 14.24500  0.55348  0.55367 
 14.34500  0.55328  0.55349 
 14.44500  0.55310  0.55331 
 14.54500  0.55292  0.55312 
 14.64500  0.55275  0.55294 
 14.74500  0.55255  0.55275 
 14.84500  0.55237  0.55257 
 14.94500  0.55220  0.55238 
 15.04500  0.55200  0.55219 
 15.14500  0.55182  0.55201 
 15.24500  0.55163  0.55182 
 15.34500  0.55144  0.55163 
 15.44500  0.55126  0.55144 
 15.54500  0.55106  0.55125 
 15.64500  0.55088  0.55105 
 15.74500  0.55069  0.55087 
 15.84500  0.55049  0.55067 
 15.94500  0.55031  0.55048 
 16.04500  0.55011  0.55029 
 16.14500  0.54991  0.55009 
 16.24500  0.54973  0.54989 
 16.34500  0.54953  0.54971 
 16.44500  0.54934  0.54951 
 16.54500  0.54914  0.54931 
 16.64500  0.54894  0.54911 
 16.74500  0.54874  0.54891 
 16.84500  0.54855  0.54871 
 16.94500  0.54835  0.54853 
 17.04500  0.54815  0.54833 
 17.14500  0.54795  0.54813 
 17.24500  0.54776  0.54793 
 17.34500  0.54755  0.54773 
 17.44500  0.54736  0.54752 
 17.54500  0.54715  0.54731 
 17.64500  0.54695  0.54711 
 17.74500  0.54675  0.54691 
 17.84500  0.54655  0.54671 
 17.94500  0.54635  0.54651 
 18.04500  0.54614  0.54631 
 18.14500  0.54593  0.54609 
 18.24500  0.54574  0.54589 
 18.34500  0.54553  0.54569 
 18.44500  0.54533  0.54549 
 18.54500  0.54512  0.54527 
 18.64500  0.54491  0.54507 
 18.74500  0.54470  0.54487 
 18.84500  0.54449  0.54465 
 18.94500  0.54429  0.54445 
 19.04500  0.54408  0.54423 
 19.14500  0.54388  0.54403 
 19.24500  0.54367  0.54382 
 19.34500  0.54346  0.54361 
 19.44500  0.54324  0.54340 
 19.54500  0.54303  0.54319 
 19.64500  0.54283  0.54298 
 19.74500  0.54261  0.54277 
 19.84500  0.54240  0.54256 
 19.94500  0.54220  0.54234 
 20.04500  0.54198  0.54213 
 20.14500  0.54178  0.54192 
 20.24500  0.54157  0.54171 
 20.34500  0.54135  0.54149 
 20.44500  0.54113  0.54128 
 20.54500  0.54092  0.54107 
 20.64500  0.54071  0.54085 
 20.74500  0.54049  0.54063 
 20.84500  0.54029  0.54042 
 20.94500  0.54007  0.54020 
 21.04500  0.53985  0.53999 
 21.14500  0.53964  0.53977 
 21.24500  0.53943  0.53956 
 21.34500  0.53921  0.53933 
 21.44500  0.53899  0.53912 
 21.54500  0.53876  0.53890 
 21.64500  0.53855  0.53869 
 21.74500  0.53834  0.53847 
 21.84500  0.53812  0.53824 
 21.94500  0.53791  0.53803 
 22.04500  0.53769  0.53781 
 22.14500  0.53747  0.53759 
 22.24500  0.53725  0.53737 
 22.34500  0.53703  0.53715 
 22.44500  0.53681  0.53693 
 22.54500  0.53660  0.53671 
 22.64500  0.53638  0.53649 
 22.74500  0.53617  0.53627 
 22.84500  0.53594  0.53604 
 22.94500  0.53571  0.53582 
 23.04500  0.53549  0.53560 
 23.14500  0.53528  0.53538 
 23.24500  0.53504  0.53516 
 23.34500  0.53482  0.53493 
 23.44500  0.53462  0.53471 
 23.54500  0.53439  0.53448 
 23.64500  0.53417  0.53426 
 23.74500  0.53393  0.53403 
 23.84500  0.53371  0.53381 
 23.94500  0.53349  0.53359 
 24.04500  0.53327  0.53336 
 24.14500  0.53304  0.53313 
 24.24500  0.53282  0.53291 
 24.34500  0.53259  0.53268 
 24.44500  0.53237  0.53246 
 24.54500  0.53214  0.53222 
 24.64500  0.53192  0.53200 
 24.74500  0.53169  0.53178 
 24.84500  0.53146  0.53154 
 24.94500  0.53125  0.53132 
 25.04500  0.53102  0.53109 
 25.14500  0.53079  0.53087 
 25.24500  0.53056  0.53063 
 25.34500  0.53034  0.53040 
 25.44500  0.53011  0.53018 
 25.54500  0.52988  0.52994 
 25.64500  0.52965  0.52971 
 25.74500  0.52941  0.52948 
 25.84500  0.52919  0.52925 
 25.94500  0.52895  0.52902 
 26.04500  0.52873  0.52879 
 26.14500  0.52851  0.52856 
 26.24500  0.52827  0.52832 
 26.34500  0.52803  0.52810 
 26.44500  0.52780  0.52787 
 26.54500  0.52759  0.52762 
 26.64500  0.52734  0.52740 
 26.74500  0.52711  0.52717 
 26.84500  0.52688  0.52692 
 26.94500  0.52666  0.52670 
 27.04500  0.52641  0.52647 
 27.14500  0.52618  0.52622 
 27.24500  0.52596  0.52600 
 27.34500  0.52571  0.52576 
 27.44500  0.52548  0.52552 
 27.54500  0.52524  0.52529 
 27.64500  0.52501  0.52505 
 27.74500  0.52478  0.52482 
 27.84500  0.52453  0.52458 
 27.94500  0.52430  0.52434 
 28.04500  0.52406  0.52410 
 28.14500  0.52383  0.52388 
 28.24500  0.52359  0.52362 
 28.34500  0.52335  0.52340 
 28.44500  0.52311  0.52315 
 28.54500  0.52288  0.52291 
 28.64500  0.52265  0.52268 
 28.74500  0.52241  0.52243 
 28.84500  0.52217  0.52220 
 28.94500  0.52192  0.52195 
 29.04500  0.52169  0.52172 
 29.14500  0.52145  0.52148 
 29.24500  0.52120  0.52122 
 29.34500  0.52097  0.52100 
 29.44500  0.52071  0.52075 
 29.54500  0.52048  0.52050 
 29.64500  0.52025  0.52027 
 29.74500  0.52001  0.52002 
 29.84500  0.51977  0.51978 
 29.94500  0.51952  0.51952 
 30.04500  0.51929  0.51930 
 30.14500  0.51902  0.51905 
 30.24500  0.51878  0.51880 
 30.34500  0.51855  0.51855 
 30.44500  0.51830  0.51831 
 30.54500  0.51806  0.51808 
 30.64500  0.51782  0.51782 
 30.74500  0.51758  0.51758 
 30.84500  0.51733  0.51732 
 30.94500  0.51707  0.51708 
 31.04500  0.51683  0.51682 
 31.14500  0.51657  0.51658 
 31.24500  0.51634  0.51632 
 31.34500  0.51609  0.51610 
 31.44500  0.51584  0.51585 
 31.54500  0.51559  0.51560 
 31.64500  0.51534  0.51535 
 31.74500  0.51510  0.51510 
 31.84500  0.51486  0.51485 
 31.94500  0.51461  0.51460 
 32.04500  0.51436  0.51434 
 32.14500  0.51410  0.51408 
 32.24500  0.51385  0.51382 
 32.34500  0.51361  0.51358 
 32.44500  0.51334  0.51332 
 32.54500  0.51310  0.51308 
 32.64500  0.51283  0.51282 
 32.74500  0.51260  0.51258 
 32.84500  0.51233  0.51232 
 32.94500  0.51210  0.51205 
 33.04500  0.51184  0.51180 
 33.14500  0.51159  0.51155 
 33.24500  0.51132  0.51130 
 33.34500  0.51108  0.51104 
 33.44500  0.51082  0.51078 
 33.54500  0.51058  0.51052 
 33.64500  0.51031  0.51028 
 33.74500  0.51006  0.51000 
 33.84500  0.50980  0.50975 
 33.94500  0.50955  0.50950 
 34.04500  0.50928  0.50923 
 34.14500  0.50903  0.50898 
 34.24500  0.50877  0.50872 
 34.34500  0.50852  0.50845 
 34.44500  0.50826  0.50820 
 34.54500  0.50799  0.50793 
 34.64500  0.50774  0.50768 
 34.74500  0.50747  0.50741 
 34.84500  0.50722  0.50715 
 34.94500  0.50695  0.50690 
 35.04500  0.50669  0.50662 
 35.14500  0.50643  0.50637 
 35.24500  0.50617  0.50610 
 35.34500  0.50591  0.50584 
 35.44500  0.50565  0.50558 
 35.54500  0.50539  0.50530 
 35.64500  0.50511  0.50505 
 35.74500  0.50485  0.50478 
 35.84500  0.50458  0.50451 
 35.94500  0.50432  0.50425 
 36.04500  0.50407  0.50398 
 36.14500  0.50380  0.50371 
 36.24500  0.50353  0.50345 
 36.34500  0.50326  0.50318 
 36.44500  0.50300  0.50291 
 36.54500  0.50274  0.50265 
 36.64500  0.50247  0.50238 
 36.74500  0.50220  0.50210 
 36.84500  0.50193  0.50184 
 36.94500  0.50166  0.50157 
 37.04500  0.50140  0.50130 
 37.14500  0.50113  0.50103 
 37.24500  0.50086  0.50076 
 37.34500  0.50058  0.50049 
 37.44500  0.50032  0.50021 
 37.54500  0.50004  0.49995 
 37.64500  0.49978  0.49968 
 37.74500  0.49950  0.49940 
 37.84500  0.49923  0.49913 
 37.94500  0.49895  0.49886 
 38.04500  0.49869  0.49859 
 38.14500  0.49842  0.49831 
 38.24500  0.49815  0.49804 
 38.34500  0.49788  0.49777 
 38.44500  0.49760  0.49749 
 38.54500  0.49733  0.49721 
 38.64500  0.49706  0.49694 
 38.74500  0.49678  0.49667 
 38.84500  0.49651  0.49639 
 38.94500  0.49624  0.49611 
 39.04500  0.49596  0.49584 
 39.14500  0.49569  0.49556 
 39.24500  0.49541  0.49529 
 39.34500  0.49514  0.49501 
 39.44500  0.49487  0.49473 
 39.54500  0.49458  0.49446 
 39.64500  0.49431  0.49418 
 39.74500  0.49404  0.49390 
 39.84500  0.49376  0.49362 
 39.94500  0.49348  0.49334 
 40.04500  0.49321  0.49307 
 40.14500  0.49292  0.49279 
 40.24500  0.49265  0.49251 
 40.34500  0.49237  0.49223 
 40.44500  0.49210  0.49196 
 40.54500  0.49182  0.49167 
 40.64500  0.49154  0.49140 
 40.74500  0.49127  0.49111 
 40.84500  0.49099  0.49083 
 40.94500  0.49072  0.49056 
 41.04500  0.49043  0.49027 
 41.14500  0.49014  0.49000 
 41.24500  0.48986  0.48971 
 41.34500  0.48959  0.48943 
 41.44500  0.48931  0.48916 
 41.54500  0.48904  0.48887 
 41.64500  0.48875  0.48860 
 41.74500  0.48848  0.48831 
 41.84500  0.48820  0.48803 
 41.94500  0.48791  0.48776 
 42.04500  0.48763  0.48747 
 42.14500  0.48736  0.48719 
 42.24500  0.48708  0.48691 
 42.34500  0.48681  0.48663 
 42.44500  0.48652  0.48634 
 42.54500  0.48625  0.48607 
 42.64500  0.48596  0.48579 
 42.74500  0.48569  0.48550 
 42.84500  0.48540  0.48522 
 42.94500  0.48513  0.48494 
 43.04500  0.48484  0.48466 
 43.14500  0.48456  0.48439 
 43.24500  0.48428  0.48410 
 43.34500  0.48400  0.48381 
 43.44500  0.48372  0.48354 
 43.54500  0.48344  0.48326 
 43.64500  0.48316  0.48298 
 43.74500  0.48288  0.48270 
 43.84500  0.48260  0.48241 
 43.94500  0.48232  0.48214 
 44.04500  0.48204  0.48186 
 44.14500  0.48177  0.48158 
 44.24500  0.48148  0.48130 
 44.34500  0.48121  0.48101 
 44.44500  0.48093  0.48074 
 44.54500  0.48065  0.48046 
 44.64500  0.48037  0.48018 
 44.74500  0.48009  0.47990 
 44.84500  0.47982  0.47962 
 44.94500  0.47953  0.47934 
 45.04500  0.47926  0.47907 
 45.14500  0.47899  0.47879 
 45.24500  0.47871  0.47851 
 45.34500  0.47843  0.47823 
 45.44500  0.47816  0.47796 
 45.54500  0.47788  0.47768 
 45.64500  0.47760  0.47740 
 45.74500  0.47732  0.47713 
 45.84500  0.47705  0.47685 
 45.94500  0.47677  0.47658 
 46.04500  0.47649  0.47630 
 46.14500  0.47621  0.47603 
 46.24500  0.47596  0.47575 
 46.34500  0.47568  0.47548 
 46.44500  0.47541  0.47520 
 46.54500  0.47514  0.47493 
 46.64500  0.47486  0.47466 
 46.74500  0.47459  0.47439 
 46.84500  0.47432  0.47411 
 46.94500  0.47405  0.47385 
 47.04500  0.47378  0.47358 
 47.14500  0.47352  0.47330 
 47.24500  0.47325  0.47304 
 47.34500  0.47298  0.47277 
 47.44500  0.47271  0.47250 
 47.54500  0.47245  0.47223 
 47.64500  0.47218  0.47197 
 47.74500  0.47191  0.47170 
 47.84500  0.47164  0.47143 
 47.94500  0.47139  0.47117 
 48.04500  0.47113  0.47090 
 48.14500  0.47085  0.47064 
 48.24500  0.47060  0.47038 
 48.34500  0.47034  0.47011 
 48.44500  0.47007  0.46985 
 48.54500  0.46982  0.46960 
 48.64500  0.46956  0.46932 
 48.74500  0.46930  0.46908 
 48.84500  0.46904  0.46880 
 48.94500  0.46878  0.46855 
 49.04500  0.46852  0.46830 
 49.14500  0.46827  0.46804 
 49.24500  0.46801  0.46778 
 49.34500  0.46776  0.46752 
 49.44500  0.46751  0.46728 
 49.54500  0.46727  0.46702 
 49.64500  0.46702  0.46678 
 49.74500  0.46677  0.46652 
 49.84500  0.46651  0.46628 
 49.94500  0.46625  0.46602 
 50.04500  0.46601  0.46578 
 50.14500  0.46577  0.46552 
 50.24500  0.46553  0.46528 
 50.34500  0.46528  0.46502 
 50.44500  0.46504  0.46478 
 50.54500  0.46480  0.46454 
 50.64500  0.46456  0.46430 
 50.74500  0.46431  0.46405 
 50.84500  0.46408  0.46381 
 50.94500  0.46384  0.46358 
 51.04500  0.46359  0.46333 
 51.14500  0.46336  0.46310 
 51.24500  0.46312  0.46287 
 51.34500  0.46289  0.46262 
 51.44500  0.46266  0.46240 
 51.54500  0.46243  0.46216 
 51.64500  0.46218  0.46192 
 51.74500  0.46196  0.46170 
 51.84500  0.46174  0.46147 
 51.94500  0.46151  0.46124 
 52.04500  0.46128  0.46101 
 52.14500  0.46106  0.46079 
 52.24500  0.46084  0.46057 
 52.34500  0.46062  0.46034 
 52.44500  0.46040  0.46012 
 52.54500  0.46017  0.45990 
 52.64500  0.45994  0.45968 
 52.74500  0.45973  0.45947 
 52.84500  0.45951  0.45924 
 52.94500  0.45930  0.45903 
 53.04500  0.45909  0.45881 
 53.14500  0.45888  0.45861 
 53.24500  0.45868  0.45839 
 53.34500  0.45846  0.45819 
 53.44500  0.45825  0.45797 
 53.54500  0.45806  0.45777 
 53.64500  0.45784  0.45757 
 53.74500  0.45764  0.45737 
 53.84500  0.45743  0.45715 
 53.94500  0.45724  0.45695 
 54.04500  0.45704  0.45675 
 54.14500  0.45684  0.45657 
 54.24500  0.45663  0.45637 
 54.34500  0.45644  0.45617 
 54.44500  0.45625  0.45597 
 54.54500  0.45605  0.45579 
 54.64500  0.45587  0.45560 
 54.74500  0.45568  0.45541 
 54.84500  0.45549  0.45523 
 54.94500  0.45531  0.45504 
 55.04500  0.45513  0.45485 
 55.14500  0.45494  0.45467 
 55.24500  0.45476  0.45449 
 55.34500  0.45460  0.45432 
 55.44500  0.45442  0.45414 
 55.54500  0.45423  0.45396 
 55.64500  0.45407  0.45379 
 55.74500  0.45389  0.45362 
 55.84500  0.45372  0.45345 
 55.94500  0.45356  0.45328 
 56.04500  0.45338  0.45312 
 56.14500  0.45323  0.45295 
 56.24500  0.45306  0.45279 
 56.34500  0.45290  0.45264 
 56.44500  0.45275  0.45247 
 56.54500  0.45259  0.45232 
 56.64500  0.45243  0.45216 
 56.74500  0.45228  0.45201 
 56.84500  0.45214  0.45186 
 56.94500  0.45199  0.45171 
 57.04500  0.45184  0.45156 
 57.14500  0.45170  0.45143 
 57.24500  0.45156  0.45127 
 57.34500  0.45140  0.45114 
 57.44500  0.45128  0.45099 
 57.54500  0.45114  0.45085 
 57.64500  0.45100  0.45073 
 57.74500  0.45087  0.45058 
 57.84500  0.45074  0.45045 
 57.94500  0.45061  0.45033 
 58.04500  0.45047  0.45020 
 58.14500  0.45036  0.45007 
 58.24500  0.45023  0.44995 
 58.34500  0.45011  0.44983 
 58.44500  0.45000  0.44971 
 58.54500  0.44989  0.44958 
 58.64500  0.44977  0.44947 
 58.74500  0.44966  0.44936 
 58.84500  0.44955  0.44925 
 58.94500  0.44943  0.44914 
 59.04500  0.44933  0.44903 
 59.14500  0.44923  0.44893 
 59.24500  0.44913  0.44883 
 59.34500  0.44903  0.44873 
 59.44500  0.44894  0.44863 
 59.54500  0.44882  0.44853 
 59.64500  0.44875  0.44844 
 59.74500  0.44866  0.44834 
 59.84500  0.44856  0.44826 
 59.94500  0.44849  0.44817 
 60.04500  0.44840  0.44809 
 60.14500  0.44831  0.44800 
 60.24500  0.44825  0.44791 
 60.34500  0.44816  0.44783 
 60.44500  0.44808  0.44777 
 60.54500  0.44802  0.44770 
 60.64500  0.44793  0.44760 
 60.74500  0.44789  0.44754 
 60.84500  0.44781  0.44749 
 60.94500  0.44774  0.44740 
 61.04500  0.44768  0.44735 
 61.14500  0.44762  0.44730 
 61.24500  0.44759  0.44721 
 61.34500  0.44750  0.44719 
 61.44500  0.44747  0.44710 
 61.54500  0.44740  0.44708 
 61.64500  0.44734  0.44700 
 61.74500  0.44733  0.44699 
 61.84500  0.44726  0.44690 
 61.94500  0.44723  0.44690 
 62.04500  0.44717  0.44682 
 62.14500  0.44714  0.44680 
 62.24500  0.44711  0.44679 
 62.34500  0.44709  0.44670 
 62.44500  0.44706  0.44670 
 62.54500  0.44702  0.44670 
 62.64500  0.44701  0.44661 
 62.74500  0.44699  0.44660 
 62.84500  0.44693  0.44660 
 62.94500  0.44693  0.44660 
 63.04500  0.44691  0.44658 
 63.14500  0.44692  0.44650 
 63.24500  0.44691  0.44650 
 63.34500  0.44686  0.44650 
 63.44500  0.44686  0.44650 
 63.54500  0.44684  0.44650 
 63.64500  0.44683  0.44650 
