  0.04500  0.58929  0.58910 
  0.14500  0.58929  0.58910 
  0.24500  0.58930  0.58910 
  0.34500  0.58932  0.58910 
  0.44500  0.58926  0.58910 
  0.54500  0.58925  0.58901 
  0.64500  0.58925  0.58900 
  0.74500  0.58917  0.58900 
  0.84500  0.58915  0.58893 
  0.94500  0.58911  0.58890 
  1.04500  0.58909  0.58886 
  1.14500  0.58901  0.58880 
  1.24500  0.58898  0.58875 
  1.34500  0.58892  0.58870 
  1.44500  0.58882  0.58861 
  1.54500  0.58878  0.58856 
  1.64500  0.58870  0.58849 
  1.74500  0.58862  0.58840 
  1.84500  0.58855  0.58832 
  1.94500  0.58845  0.58823 
  2.04500  0.58835  0.58814 
  2.14500  0.58826  0.58805 
  2.24500  0.58816  0.58795 
  2.34500  0.58807  0.58784 
  2.44500  0.58795  0.58773 
  2.54500  0.58783  0.58762 
  2.64500  0.58772  0.58750 
  2.74500  0.58761  0.58737 
  2.84500  0.58747  0.58725 
  2.94500  0.58735  0.58713 
  3.04500  0.58722  0.58697 
  3.14500  0.58706  0.58685 
  3.24500  0.58692  0.58670 
  3.34500  0.58679  0.58655 
  3.44500  0.58662  0.58640 
  3.54500  0.58647  0.58625 
  3.64500  0.58632  0.58608 
  3.74500  0.58615  0.58592 
  3.84500  0.58598  0.58575 
  3.94500  0.58582  0.58558 
  4.04500  0.58563  0.58540 
  4.14500  0.58546  0.58522 
  4.24500  0.58527  0.58504 
  4.34500  0.58509  0.58485 
  4.44500  0.58489  0.58465 
  4.54500  0.58470  0.58447 
  4.64500  0.58450  0.58427 
  4.74500  0.58429  0.58407 
  4.84500  0.58410  0.58385 
  4.94500  0.58388  0.58365 
  5.04500  0.58368  0.58343 
  5.14500  0.58345  0.58321 
  5.24500  0.58323  0.58300 
  5.34500  0.58301  0.58277 
  5.44500  0.58278  0.58254 
  5.54500  0.58256  0.58231 
  5.64500  0.58233  0.58208 
  5.74500  0.58207  0.58184 
  5.84500  0.58185  0.58160 
  5.94500  0.58160  0.58135 
  6.04500  0.58136  0.58110 
  6.14500  0.58111  0.58085 
  6.24500  0.58085  0.58060 
  6.34500  0.58060  0.58035 
  6.44500  0.58034  0.58010 
  6.54500  0.58007  0.57983 
  6.64500  0.57982  0.57958 
  6.74500  0.57955  0.57930 
  6.84500  0.57928  0.57903 
  6.94500  0.57901  0.57876 
  7.04500  0.57872  0.57849 
  7.14500  0.57845  0.57821 
  7.24500  0.57817  0.57793 
  7.34500  0.57787  0.57764 
  7.44500  0.57760  0.57736 
  7.54500  0.57731  0.57707 
  7.64500  0.57702  0.57679 
  7.74500  0.57673  0.57649 
  7.84500  0.57643  0.57620 
  7.94500  0.57614  0.57590 
  8.04500  0.57584  0.57560 
  8.14500  0.57554  0.57530 
  8.24500  0.57523  0.57500 
  8.34500  0.57493  0.57470 
  8.44500  0.57462  0.57439 
  8.54500  0.57432  0.57408 
  8.64500  0.57400  0.57378 
  8.74500  0.57369  0.57346 
  8.84500  0.57338  0.57315 
  8.94500  0.57306  0.57284 
  9.04500  0.57273  0.57252 
  9.14500  0.57243  0.57221 
  9.24500  0.57211  0.57188 
  9.34500  0.57179  0.57156 
  9.44500  0.57146  0.57125 
  9.54500  0.57113  0.57092 
  9.64500  0.57080  0.57058 
  9.74500  0.57047  0.57028 
  9.84500  0.57015  0.56995 
  9.94500  0.56982  0.56962 
 10.04500  0.56949  0.56928 
 10.14500  0.56916  0.56895 
 10.24500  0.56883  0.56862 
 10.34500  0.56850  0.56828 
 10.44500  0.56817  0.56795 
 10.54500  0.56783  0.56762 
 10.64500  0.56751  0.56728 
 10.74500  0.56717  0.56695 
 10.84500  0.56683  0.56662 
 10.94500  0.56649  0.56628 
 11.04500  0.56615  0.56595 
 11.14500  0.56582  0.56562 
 11.24500  0.56548  0.56528 
 11.34500  0.56514  0.56495 
 11.44500  0.56480  0.56462 
 11.54500  0.56447  0.56428 
 11.64500  0.56413  0.56395 
 11.74500  0.56379  0.56360 
 11.84500  0.56345  0.56325 
 11.94500  0.56311  0.56292 
 12.04500  0.56277  0.56258 
 12.14500  0.56244  0.56225 
 12.24500  0.56210  0.56192 
 12.34500  0.56176  0.56158 
 12.44500  0.56142  0.56125 
 12.54500  0.56108  0.56092 
 12.64500  0.56075  0.56055 
 12.74500  0.56041  0.56022 
 12.84500  0.56007  0.55988 
 12.94500  0.55974  0.55955 
 13.04500  0.55939  0.55922 
 13.14500  0.55907  0.55888 
 13.24500  0.55873  0.55855 
 13.34500  0.55840  0.55822 
 13.44500  0.55807  0.55788 
 13.54500  0.55773  0.55755 
 13.64500  0.55740  0.55722 
 13.74500  0.55707  0.55688 
 13.84500  0.55674  0.55657 
 13.94500  0.55641  0.55625 
 14.04500  0.55609  0.55592 
 14.14500  0.55576  0.55558 
 14.24500  0.55543  0.55525 
 14.34500  0.55511  0.55493 
 14.44500  0.55478  0.55462 
 14.54500  0.55446  0.55428 
 14.64500  0.55414  0.55396 
 14.74500  0.55382  0.55365 
 14.84500  0.55350  0.55332 
 14.94500  0.55318  0.55302 
 15.04500  0.55286  0.55268 
 15.14500  0.55254  0.55238 
 15.24500  0.55223  0.55206 
 15.34500  0.55192  0.55175 
 15.44500  0.55160  0.55144 
 15.54500  0.55130  0.55112 
 15.64500  0.55099  0.55082 
 15.74500  0.55068  0.55051 
 15.84500  0.55037  0.55020 
 15.94500  0.55007  0.54990 
 16.04500  0.54976  0.54959 
 16.14500  0.54946  0.54929 
 16.24500  0.54915  0.54899 
 16.34500  0.54886  0.54869 
 16.44500  0.54856  0.54840 
 16.54500  0.54826  0.54810 
 16.64500  0.54798  0.54781 
 16.74500  0.54768  0.54751 
 16.84500  0.54738  0.54723 
 16.94500  0.54710  0.54694 
 17.04500  0.54681  0.54666 
 17.14500  0.54653  0.54637 
 17.24500  0.54624  0.54609 
 17.34500  0.54596  0.54580 
 17.44500  0.54567  0.54552 
 17.54500  0.54539  0.54524 
 17.64500  0.54512  0.54497 
 17.74500  0.54484  0.54470 
 17.84500  0.54457  0.54442 
 17.94500  0.54429  0.54415 
 18.04500  0.54402  0.54388 
 18.14500  0.54376  0.54361 
 18.24500  0.54349  0.54335 
 18.34500  0.54323  0.54308 
 18.44500  0.54296  0.54282 
 18.54500  0.54270  0.54256 
 18.64500  0.54244  0.54230 
 18.74500  0.54219  0.54205 
 18.84500  0.54194  0.54180 
 18.94500  0.54168  0.54155 
 19.04500  0.54143  0.54130 
 19.14500  0.54118  0.54105 
 19.24500  0.54093  0.54080 
 19.34500  0.54068  0.54055 
 19.44500  0.54044  0.54030 
 19.54500  0.54020  0.54008 
 19.64500  0.53996  0.53982 
 19.74500  0.53972  0.53960 
 19.84500  0.53949  0.53936 
 19.94500  0.53925  0.53912 
 20.04500  0.53901  0.53890 
 20.14500  0.53878  0.53867 
 20.24500  0.53855  0.53843 
 20.34500  0.53833  0.53821 
 20.44500  0.53811  0.53799 
 20.54500  0.53789  0.53777 
 20.64500  0.53766  0.53754 
 20.74500  0.53744  0.53733 
 20.84500  0.53722  0.53711 
 20.94500  0.53701  0.53689 
 21.04500  0.53680  0.53669 
 21.14500  0.53659  0.53647 
 21.24500  0.53637  0.53627 
 21.34500  0.53617  0.53605 
 21.44500  0.53595  0.53585 
 21.54500  0.53576  0.53565 
 21.64500  0.53555  0.53545 
 21.74500  0.53534  0.53525 
 21.84500  0.53515  0.53505 
 21.94500  0.53495  0.53485 
 22.04500  0.53476  0.53465 
 22.14500  0.53456  0.53446 
 22.24500  0.53437  0.53427 
 22.34500  0.53418  0.53408 
 22.44500  0.53399  0.53389 
 22.54500  0.53379  0.53370 
 22.64500  0.53361  0.53352 
 22.74500  0.53343  0.53334 
 22.84500  0.53323  0.53315 
 22.94500  0.53307  0.53297 
 23.04500  0.53288  0.53279 
 23.14500  0.53271  0.53262 
 23.24500  0.53254  0.53244 
 23.34500  0.53236  0.53226 
 23.44500  0.53218  0.53209 
 23.54500  0.53200  0.53192 
 23.64500  0.53184  0.53175 
 23.74500  0.53167  0.53158 
 23.84500  0.53150  0.53142 
 23.94500  0.53133  0.53125 
 24.04500  0.53116  0.53108 
 24.14500  0.53100  0.53092 
 24.24500  0.53083  0.53075 
 24.34500  0.53067  0.53059 
 24.44500  0.53051  0.53044 
 24.54500  0.53034  0.53026 
 24.64500  0.53019  0.53012 
 24.74500  0.53004  0.52995 
 24.84500  0.52987  0.52980 
 24.94500  0.52971  0.52965 
 25.04500  0.52955  0.52949 
 25.14500  0.52941  0.52934 
 25.24500  0.52925  0.52918 
 25.34500  0.52909  0.52904 
 25.44500  0.52895  0.52888 
 25.54500  0.52879  0.52874 
 25.64500  0.52865  0.52859 
 25.74500  0.52850  0.52844 
 25.84500  0.52835  0.52829 
 25.94500  0.52819  0.52815 
 26.04500  0.52805  0.52801 
 26.14500  0.52790  0.52786 
 26.24500  0.52776  0.52773 
 26.34500  0.52761  0.52757 
 26.44500  0.52747  0.52744 
 26.54500  0.52732  0.52729 
 26.64500  0.52719  0.52715 
 26.74500  0.52704  0.52701 
 26.84500  0.52690  0.52686 
 26.94500  0.52675  0.52673 
 27.04500  0.52662  0.52659 
 27.14500  0.52648  0.52645 
 27.24500  0.52632  0.52631 
 27.34500  0.52619  0.52617 
 27.44500  0.52605  0.52604 
 27.54500  0.52592  0.52589 
 27.64500  0.52577  0.52576 
 27.74500  0.52563  0.52563 
 27.84500  0.52549  0.52548 
 27.94500  0.52536  0.52535 
 28.04500  0.52522  0.52522 
 28.14500  0.52507  0.52507 
 28.24500  0.52494  0.52494 
 28.34500  0.52480  0.52480 
 28.44500  0.52467  0.52466 
 28.54500  0.52454  0.52453 
 28.64500  0.52438  0.52439 
 28.74500  0.52425  0.52425 
 28.84500  0.52411  0.52413 
 28.94500  0.52397  0.52397 
 29.04500  0.52383  0.52385 
 29.14500  0.52370  0.52371 
 29.24500  0.52356  0.52356 
 29.34500  0.52342  0.52344 
 29.44500  0.52328  0.52329 
 29.54500  0.52314  0.52315 
 29.64500  0.52300  0.52302 
 29.74500  0.52286  0.52287 
 29.84500  0.52271  0.52274 
 29.94500  0.52257  0.52259 
 30.04500  0.52243  0.52245 
 30.14500  0.52231  0.52231 
 30.24500  0.52215  0.52216 
 30.34500  0.52201  0.52203 
 30.44500  0.52187  0.52187 
 30.54500  0.52171  0.52174 
 30.64500  0.52157  0.52159 
 30.74500  0.52143  0.52145 
 30.84500  0.52128  0.52131 
 30.94500  0.52114  0.52115 
 31.04500  0.52099  0.52101 
 31.14500  0.52083  0.52086 
 31.24500  0.52068  0.52071 
 31.34500  0.52053  0.52056 
 31.44500  0.52039  0.52041 
 31.54500  0.52023  0.52025 
 31.64500  0.52008  0.52010 
 31.74500  0.51993  0.51995 
 31.84500  0.51978  0.51979 
 31.94500  0.51961  0.51964 
 32.04500  0.51945  0.51947 
 32.14500  0.51929  0.51932 
 32.24500  0.51914  0.51916 
 32.34500  0.51897  0.51900 
 32.44500  0.51882  0.51884 
 32.54500  0.51865  0.51866 
 32.64500  0.51849  0.51850 
 32.74500  0.51832  0.51834 
 32.84500  0.51816  0.51816 
 32.94500  0.51798  0.51800 
 33.04500  0.51781  0.51784 
 33.14500  0.51764  0.51766 
 33.24500  0.51747  0.51749 
 33.34500  0.51729  0.51732 
 33.44500  0.51712  0.51714 
 33.54500  0.51694  0.51696 
 33.64500  0.51676  0.51678 
 33.74500  0.51658  0.51660 
 33.84500  0.51640  0.51642 
 33.94500  0.51622  0.51624 
 34.04500  0.51602  0.51605 
 34.14500  0.51584  0.51587 
 34.24500  0.51566  0.51567 
 34.34500  0.51545  0.51549 
 34.44500  0.51527  0.51529 
 34.54500  0.51507  0.51511 
 34.64500  0.51487  0.51491 
 34.74500  0.51467  0.51471 
 34.84500  0.51447  0.51451 
 34.94500  0.51427  0.51431 
 35.04500  0.51407  0.51411 
 35.14500  0.51386  0.51391 
 35.24500  0.51366  0.51369 
 35.34500  0.51345  0.51349 
 35.44500  0.51324  0.51328 
 35.54500  0.51302  0.51307 
 35.64500  0.51281  0.51285 
 35.74500  0.51259  0.51263 
 35.84500  0.51237  0.51242 
 35.94500  0.51215  0.51220 
 36.04500  0.51191  0.51198 
 36.14500  0.51170  0.51176 
 36.24500  0.51147  0.51152 
 36.34500  0.51125  0.51130 
 36.44500  0.51101  0.51108 
 36.54500  0.51078  0.51083 
 36.64500  0.51054  0.51060 
 36.74500  0.51030  0.51037 
 36.84500  0.51007  0.51012 
 36.94500  0.50982  0.50989 
 37.04500  0.50957  0.50965 
 37.14500  0.50933  0.50940 
 37.24500  0.50909  0.50915 
 37.34500  0.50883  0.50890 
 37.44500  0.50857  0.50865 
 37.54500  0.50832  0.50840 
 37.64500  0.50807  0.50815 
 37.74500  0.50780  0.50788 
 37.84500  0.50754  0.50762 
 37.94500  0.50728  0.50736 
 38.04500  0.50701  0.50710 
 38.14500  0.50674  0.50683 
 38.24500  0.50647  0.50656 
 38.34500  0.50619  0.50629 
 38.44500  0.50592  0.50601 
 38.54500  0.50564  0.50574 
 38.64500  0.50537  0.50546 
 38.74500  0.50508  0.50518 
 38.84500  0.50480  0.50490 
 38.94500  0.50451  0.50461 
 39.04500  0.50422  0.50432 
 39.14500  0.50393  0.50403 
 39.24500  0.50364  0.50374 
 39.34500  0.50334  0.50344 
 39.44500  0.50304  0.50315 
 39.54500  0.50274  0.50285 
 39.64500  0.50243  0.50255 
 39.74500  0.50213  0.50224 
 39.84500  0.50182  0.50194 
 39.94500  0.50151  0.50162 
 40.04500  0.50120  0.50132 
 40.14500  0.50089  0.50100 
 40.24500  0.50057  0.50068 
 40.34500  0.50025  0.50036 
 40.44500  0.49992  0.50005 
 40.54500  0.49961  0.49972 
 40.64500  0.49928  0.49938 
 40.74500  0.49894  0.49908 
 40.84500  0.49861  0.49875 
 40.94500  0.49828  0.49842 
 41.04500  0.49794  0.49808 
 41.14500  0.49760  0.49774 
 41.24500  0.49727  0.49738 
 41.34500  0.49692  0.49705 
 41.44500  0.49658  0.49672 
 41.54500  0.49623  0.49635 
 41.64500  0.49587  0.49602 
 41.74500  0.49552  0.49565 
 41.84500  0.49517  0.49531 
 41.94500  0.49482  0.49495 
 42.04500  0.49445  0.49459 
 42.14500  0.49410  0.49424 
 42.24500  0.49372  0.49387 
 42.34500  0.49335  0.49351 
 42.44500  0.49299  0.49314 
 42.54500  0.49262  0.49277 
 42.64500  0.49225  0.49240 
 42.74500  0.49188  0.49203 
 42.84500  0.49149  0.49165 
 42.94500  0.49112  0.49127 
 43.04500  0.49073  0.49089 
 43.14500  0.49035  0.49051 
 43.24500  0.48996  0.49013 
 43.34500  0.48958  0.48974 
 43.44500  0.48919  0.48935 
 43.54500  0.48879  0.48896 
 43.64500  0.48841  0.48856 
 43.74500  0.48801  0.48817 
 43.84500  0.48761  0.48778 
 43.94500  0.48721  0.48738 
 44.04500  0.48681  0.48698 
 44.14500  0.48640  0.48658 
 44.24500  0.48599  0.48616 
 44.34500  0.48558  0.48576 
 44.44500  0.48518  0.48535 
 44.54500  0.48476  0.48494 
 44.64500  0.48435  0.48452 
 44.74500  0.48393  0.48412 
 44.84500  0.48351  0.48370 
 44.94500  0.48310  0.48328 
 45.04500  0.48267  0.48286 
 45.14500  0.48225  0.48243 
 45.24500  0.48182  0.48202 
 45.34500  0.48139  0.48159 
 45.44500  0.48097  0.48117 
 45.54500  0.48054  0.48073 
 45.64500  0.48011  0.48031 
 45.74500  0.47968  0.47988 
 45.84500  0.47925  0.47943 
 45.94500  0.47881  0.47901 
 46.04500  0.47838  0.47857 
 46.14500  0.47794  0.47813 
 46.24500  0.47748  0.47769 
 46.34500  0.47705  0.47725 
 46.44500  0.47661  0.47681 
 46.54500  0.47617  0.47637 
 46.64500  0.47573  0.47592 
 46.74500  0.47527  0.47548 
 46.84500  0.47484  0.47502 
 46.94500  0.47438  0.47458 
 47.04500  0.47394  0.47412 
 47.14500  0.47347  0.47368 
 47.24500  0.47301  0.47322 
 47.34500  0.47258  0.47277 
 47.44500  0.47212  0.47231 
 47.54500  0.47165  0.47186 
 47.64500  0.47120  0.47140 
 47.74500  0.47075  0.47095 
 47.84500  0.47029  0.47049 
 47.94500  0.46983  0.47003 
 48.04500  0.46937  0.46957 
 48.14500  0.46891  0.46910 
 48.24500  0.46844  0.46865 
 48.34500  0.46798  0.46819 
 48.44500  0.46752  0.46772 
 48.54500  0.46706  0.46725 
 48.64500  0.46659  0.46680 
 48.74500  0.46613  0.46632 
 48.84500  0.46567  0.46586 
 48.94500  0.46520  0.46540 
 49.04500  0.46473  0.46493 
 49.14500  0.46427  0.46446 
 49.24500  0.46380  0.46400 
 49.34500  0.46332  0.46353 
 49.44500  0.46286  0.46305 
 49.54500  0.46239  0.46260 
 49.64500  0.46192  0.46212 
 49.74500  0.46146  0.46165 
 49.84500  0.46098  0.46120 
 49.94500  0.46052  0.46071 
 50.04500  0.46005  0.46025 
 50.14500  0.45959  0.45979 
 50.24500  0.45912  0.45931 
 50.34500  0.45864  0.45885 
 50.44500  0.45818  0.45838 
 50.54500  0.45771  0.45790 
 50.64500  0.45724  0.45745 
 50.74500  0.45677  0.45698 
 50.84500  0.45631  0.45650 
 50.94500  0.45585  0.45605 
 51.04500  0.45539  0.45558 
 51.14500  0.45490  0.45511 
 51.24500  0.45444  0.45465 
 51.34500  0.45399  0.45419 
 51.44500  0.45353  0.45372 
 51.54500  0.45305  0.45326 
 51.64500  0.45259  0.45280 
 51.74500  0.45213  0.45234 
 51.84500  0.45166  0.45188 
 51.94500  0.45121  0.45142 
 52.04500  0.45076  0.45097 
 52.14500  0.45029  0.45050 
 52.24500  0.44982  0.45005 
 52.34500  0.44937  0.44960 
 52.44500  0.44891  0.44914 
 52.54500  0.44846  0.44870 
 52.64500  0.44802  0.44824 
 52.74500  0.44756  0.44780 
 52.84500  0.44711  0.44734 
 52.94500  0.44667  0.44690 
 53.04500  0.44621  0.44646 
 53.14500  0.44578  0.44601 
 53.24500  0.44534  0.44558 
 53.34500  0.44490  0.44513 
 53.44500  0.44446  0.44470 
 53.54500  0.44401  0.44427 
 53.64500  0.44358  0.44382 
 53.74500  0.44315  0.44339 
 53.84500  0.44272  0.44297 
 53.94500  0.44228  0.44253 
 54.04500  0.44185  0.44211 
 54.14500  0.44144  0.44169 
 54.24500  0.44101  0.44127 
 54.34500  0.44059  0.44085 
 54.44500  0.44017  0.44043 
 54.54500  0.43976  0.44002 
 54.64500  0.43934  0.43961 
 54.74500  0.43893  0.43920 
 54.84500  0.43852  0.43880 
 54.94500  0.43812  0.43838 
 55.04500  0.43771  0.43798 
 55.14500  0.43732  0.43758 
 55.24500  0.43692  0.43720 
 55.34500  0.43653  0.43680 
 55.44500  0.43613  0.43641 
 55.54500  0.43574  0.43602 
 55.64500  0.43536  0.43564 
 55.74500  0.43498  0.43526 
 55.84500  0.43459  0.43487 
 55.94500  0.43422  0.43450 
 56.04500  0.43385  0.43414 
 56.14500  0.43348  0.43376 
 56.24500  0.43312  0.43340 
 56.34500  0.43275  0.43304 
 56.44500  0.43239  0.43268 
 56.54500  0.43203  0.43232 
 56.64500  0.43169  0.43198 
 56.74500  0.43134  0.43162 
 56.84500  0.43099  0.43128 
 56.94500  0.43065  0.43095 
 57.04500  0.43032  0.43062 
 57.14500  0.42998  0.43028 
 57.24500  0.42965  0.42995 
 57.34500  0.42934  0.42962 
 57.44500  0.42901  0.42929 
 57.54500  0.42868  0.42898 
 57.64500  0.42838  0.42866 
 57.74500  0.42807  0.42835 
 57.84500  0.42777  0.42805 
 57.94500  0.42746  0.42775 
 58.04500  0.42717  0.42745 
 58.14500  0.42688  0.42716 
 58.24500  0.42659  0.42687 
 58.34500  0.42630  0.42659 
 58.44500  0.42603  0.42630 
 58.54500  0.42575  0.42603 
 58.64500  0.42549  0.42576 
 58.74500  0.42522  0.42550 
 58.84500  0.42496  0.42523 
 58.94500  0.42470  0.42498 
 59.04500  0.42445  0.42472 
 59.14500  0.42420  0.42448 
 59.24500  0.42396  0.42423 
 59.34500  0.42372  0.42400 
 59.44500  0.42349  0.42377 
 59.54500  0.42326  0.42353 
 59.64500  0.42304  0.42331 
 59.74500  0.42282  0.42309 
 59.84500  0.42260  0.42288 
 59.94500  0.42241  0.42267 
 60.04500  0.42219  0.42247 
 60.14500  0.42200  0.42227 
 60.24500  0.42180  0.42207 
 60.34500  0.42162  0.42188 
 60.44500  0.42143  0.42170 
 60.54500  0.42126  0.42152 
 60.64500  0.42109  0.42135 
 60.74500  0.42091  0.42118 
 60.84500  0.42076  0.42102 
 60.94500  0.42059  0.42085 
 61.04500  0.42045  0.42070 
 61.14500  0.42029  0.42055 
 61.24500  0.42015  0.42041 
 61.34500  0.42002  0.42027 
 61.44500  0.41989  0.42014 
 61.54500  0.41976  0.42002 
 61.64500  0.41965  0.41989 
 61.74500  0.41953  0.41978 
 61.84500  0.41942  0.41967 
 61.94500  0.41931  0.41957 
 62.04500  0.41923  0.41947 
 62.14500  0.41913  0.41938 
 62.24500  0.41904  0.41929 
 62.34500  0.41894  0.41920 
 62.44500  0.41888  0.41912 
 62.54500  0.41880  0.41906 
 62.64500  0.41876  0.41900 
 62.74500  0.41868  0.41892 
 62.84500  0.41863  0.41890 
 62.94500  0.41859  0.41880 
 63.04500  0.41852  0.41880 
 63.14500  0.41849  0.41874 
 63.24500  0.41846  0.41870 
 63.34500  0.41846  0.41870 
 63.44500  0.41843  0.41870 
 63.54500  0.41841  0.41865 
 63.64500  0.41840  0.41860 
