  0.04500  1.00002  1.00000 
  0.14500  1.00002  1.00000 
  0.24500  1.00002  1.00000 
  0.34500  1.00002  1.00000 
  0.44500  1.00002  1.00000 
  0.54500  1.00002  1.00000 
  0.64500  1.00002  1.00000 
  0.74500  1.00002  1.00000 
  0.84500  1.00002  1.00000 
  0.94500  1.00002  1.00000 
  1.04500  1.00002  1.00000 
  1.14500  1.00002  1.00000 
  1.24500  1.00002  1.00000 
  1.34500  1.00002  1.00000 
  1.44500  1.00002  1.00000 
  1.54500  1.00001  1.00000 
  1.64500  1.00003  1.00000 
  1.74500  1.00002  1.00000 
  1.84500  1.00002  1.00000 
  1.94500  1.00003  1.00000 
  2.04500  1.00000  1.00000 
  2.14500  0.99999  0.99997 
  2.24500  0.99993  0.99990 
  2.34500  0.99983  0.99983 
  2.44500  0.99968  0.99964 
  2.54500  0.99937  0.99933 
  2.64500  0.99882  0.99879 
  2.74500  0.99789  0.99787 
  2.84500  0.99635  0.99631 
  2.94500  0.99381  0.99382 
  3.04500  0.98995  0.98997 
  3.14500  0.98415  0.98411 
  3.24500  0.97562  0.97554 
  3.34500  0.96350  0.96343 
  3.44500  0.94684  0.94677 
  3.54500  0.92466  0.92462 
  3.64500  0.89600  0.89604 
  3.74500  0.86019  0.86035 
  3.84500  0.81693  0.81710 
  3.94500  0.76625  0.76633 
  4.04500  0.70869  0.70860 
  4.14500  0.64516  0.64498 
  4.24500  0.57720  0.57701 
  4.34500  0.50671  0.50668 
  4.44500  0.43599  0.43615 
  4.54500  0.36738  0.36758 
  4.64500  0.30291  0.30298 
  4.74500  0.24411  0.24405 
  4.84500  0.19208  0.19192 
  4.94500  0.14740  0.14724 
  5.04500  0.11023  0.11012 
  5.14500  0.08026  0.08024 
  5.24500  0.05690  0.05695 
  5.34500  0.03927  0.03933 
  5.44500  0.02638  0.02642 
  5.54500  0.01725  0.01728 
  5.64500  0.01099  0.01098 
  5.74500  0.00678  0.00678 
  5.84500  0.00409  0.00406 
  5.94500  0.00238  0.00237 
  6.04500  0.00135  0.00135 
  6.14500  0.00076  0.00077 
  6.24500  0.00044  0.00045 
  6.34500  0.00029  0.00030 
  6.44500  0.00029  0.00030 
  6.54500  0.00044  0.00044 
  6.64500  0.00076  0.00076 
  6.74500  0.00134  0.00133 
  6.84500  0.00236  0.00235 
  6.94500  0.00404  0.00404 
  7.04500  0.00675  0.00673 
  7.14500  0.01091  0.01091 
  7.24500  0.01715  0.01717 
  7.34500  0.02623  0.02627 
  7.44500  0.03904  0.03911 
  7.54500  0.05659  0.05663 
  7.64500  0.07988  0.07986 
  7.74500  0.10973  0.10962 
  7.84500  0.14681  0.14662 
  7.94500  0.19138  0.19119 
  8.04500  0.24329  0.24324 
  8.14500  0.30199  0.30206 
  8.24500  0.36641  0.36659 
  8.34500  0.43496  0.43510 
  8.44500  0.50566  0.50563 
  8.54500  0.57617  0.57598 
  8.64500  0.64420  0.64401 
  8.74500  0.70778  0.70769 
  8.84500  0.76547  0.76553 
  8.94500  0.81623  0.81641 
  9.04500  0.85961  0.85977 
  9.14500  0.89551  0.89559 
  9.24500  0.92427  0.92427 
  9.34500  0.94658  0.94651 
  9.44500  0.96331  0.96321 
  9.54500  0.97545  0.97541 
  9.64500  0.98403  0.98400 
  9.74500  0.98989  0.98988 
  9.84500  0.99379  0.99379 
  9.94500  0.99631  0.99628 
 10.04500  0.99786  0.99784 
 10.14500  0.99881  0.99878 
 10.24500  0.99935  0.99933 
 10.34500  0.99968  0.99964 
 10.44500  0.99983  0.99982 
 10.54500  0.99993  0.99990 
 10.64500  0.99994  0.99990 
 10.74500  0.99995  0.99990 
 10.84500  0.99988  0.99987 
 10.94500  0.99977  0.99975 
 11.04500  0.99954  0.99952 
 11.14500  0.99914  0.99912 
 11.24500  0.99843  0.99842 
 11.34500  0.99724  0.99723 
 11.44500  0.99529  0.99527 
 11.54500  0.99221  0.99220 
 11.64500  0.98749  0.98746 
 11.74500  0.98047  0.98044 
 11.84500  0.97037  0.97030 
 11.94500  0.95624  0.95615 
 12.04500  0.93707  0.93703 
 12.14500  0.91189  0.91194 
 12.24500  0.87993  0.88004 
 12.34500  0.84061  0.84077 
 12.44500  0.79379  0.79395 
 12.54500  0.73975  0.73975 
 12.64500  0.67921  0.67907 
 12.74500  0.61337  0.61317 
 12.84500  0.54397  0.54379 
 12.94500  0.47303  0.47311 
 13.04500  0.40304  0.40324 
 13.14500  0.33618  0.33634 
 13.24500  0.27423  0.27424 
 13.34500  0.21855  0.21841 
 13.44500  0.16995  0.16976 
 13.54500  0.12884  0.12870 
 13.64500  0.09515  0.09508 
 13.74500  0.06841  0.06841 
 13.84500  0.04789  0.04793 
 13.94500  0.03264  0.03269 
 14.04500  0.02166  0.02168 
 14.14500  0.01396  0.01399 
 14.24500  0.00877  0.00877 
 14.34500  0.00535  0.00534 
 14.44500  0.00317  0.00316 
 14.54500  0.00182  0.00184 
 14.64500  0.00102  0.00102 
 14.74500  0.00055  0.00055 
 14.84500  0.00030  0.00030 
 14.94500  0.00018  0.00018 
 15.04500  0.00012  0.00010 
 15.14500  0.00016  0.00015 
 15.24500  0.00025  0.00025 
 15.34500  0.00046  0.00046 
 15.44500  0.00083  0.00084 
 15.54500  0.00150  0.00149 
 15.64500  0.00264  0.00264 
 15.74500  0.00451  0.00449 
 15.84500  0.00749  0.00747 
 15.94500  0.01202  0.01202 
 16.04500  0.01877  0.01880 
 16.14500  0.02858  0.02862 
 16.24500  0.04230  0.04235 
 16.34500  0.06096  0.06099 
 16.44500  0.08553  0.08549 
 16.54500  0.11685  0.11674 
 16.64500  0.15549  0.15529 
 16.74500  0.20162  0.20146 
 16.84500  0.25502  0.25499 
 16.94500  0.31501  0.31511 
 17.04500  0.38043  0.38064 
 17.14500  0.44959  0.44972 
 17.24500  0.52050  0.52040 
 17.34500  0.59063  0.59044 
 17.44500  0.65789  0.65772 
 17.54500  0.72035  0.72031 
 17.64500  0.77665  0.77677 
 17.74500  0.82589  0.82609 
 17.84500  0.86772  0.86786 
 17.94500  0.90208  0.90214 
 18.04500  0.92943  0.92942 
 18.14500  0.95050  0.95041 
 18.24500  0.96617  0.96609 
 18.34500  0.97752  0.97746 
 18.44500  0.98546  0.98543 
 18.54500  0.99085  0.99083 
 18.64500  0.99440  0.99440 
 18.74500  0.99670  0.99666 
 18.84500  0.99809  0.99809 
 18.94500  0.99895  0.99892 
 19.04500  0.99944  0.99941 
 19.14500  0.99971  0.99969 
 19.24500  0.99986  0.99984 
 19.34500  0.99995  0.99990 
 19.44500  0.99999  0.99998 
 19.54500  0.99998  1.00000 
 19.64500  0.99998  1.00000 
 19.74500  0.99997  0.99993 
 19.84500  0.99992  0.99989 
 19.94500  0.99980  0.99977 
 20.04500  0.99959  0.99957 
 20.14500  0.99922  0.99920 
 20.24500  0.99856  0.99853 
 20.34500  0.99745  0.99743 
 20.44500  0.99562  0.99562 
 20.54500  0.99274  0.99272 
 20.64500  0.98830  0.98828 
 20.74500  0.98168  0.98166 
 20.84500  0.97209  0.97201 
 20.94500  0.95860  0.95850 
 21.04500  0.94022  0.94017 
 21.14500  0.91600  0.91599 
 21.24500  0.88507  0.88514 
 21.34500  0.84682  0.84700 
 21.44500  0.80111  0.80124 
 21.54500  0.74807  0.74811 
 21.64500  0.68842  0.68831 
 21.74500  0.62327  0.62306 
 21.84500  0.55422  0.55409 
 21.94500  0.48340  0.48344 
 22.04500  0.41316  0.41331 
 22.14500  0.34570  0.34585 
 22.24500  0.28292  0.28296 
 22.34500  0.22625  0.22613 
 22.44500  0.17661  0.17642 
 22.54500  0.13439  0.13422 
 22.64500  0.09960  0.09953 
 22.74500  0.07190  0.07190 
 22.84500  0.05053  0.05058 
 22.94500  0.03457  0.03464 
 23.04500  0.02304  0.02304 
 23.14500  0.01492  0.01494 
 23.24500  0.00942  0.00941 
 23.34500  0.00577  0.00575 
 23.44500  0.00343  0.00344 
 23.54500  0.00199  0.00197 
 23.64500  0.00111  0.00110 
 23.74500  0.00060  0.00060 
 23.84500  0.00032  0.00032 
 23.94500  0.00018  0.00016 
 24.04500  0.00007  0.00010 
 24.14500  0.00005  0.00010 
 24.24500  0.00005  0.00010 
 24.34500  0.00008  0.00010 
 24.44500  0.00018  0.00018 
 24.54500  0.00034  0.00036 
 24.64500  0.00065  0.00064 
 24.74500  0.00119  0.00118 
 24.84500  0.00212  0.00210 
 24.94500  0.00362  0.00363 
 25.04500  0.00610  0.00608 
 25.14500  0.00993  0.00992 
 25.24500  0.01567  0.01569 
 25.34500  0.02411  0.02414 
 25.44500  0.03610  0.03616 
 25.54500  0.05262  0.05265 
 25.64500  0.07462  0.07463 
 25.74500  0.10310  0.10301 
 25.84500  0.13868  0.13850 
 25.94500  0.18172  0.18154 
 26.04500  0.23218  0.23209 
 26.14500  0.28957  0.28962 
 26.24500  0.35293  0.35311 
 26.34500  0.42079  0.42097 
 26.44500  0.49123  0.49126 
 26.54500  0.56198  0.56182 
 26.64500  0.63067  0.63049 
 26.74500  0.69531  0.69519 
 26.84500  0.75428  0.75433 
 26.94500  0.80652  0.80667 
 27.04500  0.85140  0.85156 
 27.14500  0.88881  0.88891 
 27.24500  0.91899  0.91899 
 27.34500  0.94251  0.94246 
 27.44500  0.96030  0.96024 
 27.54500  0.97332  0.97324 
 27.64500  0.98254  0.98249 
 27.74500  0.98887  0.98887 
 27.84500  0.99313  0.99313 
 27.94500  0.99587  0.99586 
 28.04500  0.99761  0.99757 
 28.14500  0.99867  0.99862 
 28.24500  0.99926  0.99924 
 28.34500  0.99962  0.99960 
 28.44500  0.99981  0.99978 
 28.54500  0.99991  0.99990 
 28.64500  0.99995  0.99990 
 28.74500  0.99995  0.99990 
 28.84500  0.99991  0.99989 
 28.94500  0.99980  0.99977 
 29.04500  0.99960  0.99958 
 29.14500  0.99924  0.99923 
 29.24500  0.99860  0.99859 
 29.34500  0.99752  0.99752 
 29.44500  0.99577  0.99575 
 29.54500  0.99294  0.99294 
 29.64500  0.98860  0.98858 
 29.74500  0.98213  0.98209 
 29.84500  0.97272  0.97266 
 29.94500  0.95947  0.95941 
 30.04500  0.94142  0.94136 
 30.14500  0.91755  0.91757 
 30.24500  0.88701  0.88712 
 30.34500  0.84920  0.84936 
 30.44500  0.80390  0.80405 
 30.54500  0.75129  0.75133 
 30.64500  0.69199  0.69186 
 30.74500  0.62709  0.62688 
 30.84500  0.55824  0.55808 
 30.94500  0.48744  0.48748 
 31.04500  0.41706  0.41726 
 31.14500  0.34942  0.34959 
 31.24500  0.28633  0.28639 
 31.34500  0.22930  0.22920 
 31.44500  0.17923  0.17904 
 31.54500  0.13659  0.13642 
 31.64500  0.10140  0.10133 
 31.74500  0.07330  0.07331 
 31.84500  0.05160  0.05165 
 31.94500  0.03536  0.03539 
 32.04500  0.02358  0.02361 
 32.14500  0.01531  0.01534 
 32.24500  0.00966  0.00966 
 32.34500  0.00594  0.00592 
 32.44500  0.00353  0.00353 
 32.54500  0.00205  0.00207 
 32.64500  0.00114  0.00115 
 32.74500  0.00063  0.00063 
 32.84500  0.00033  0.00034 
 32.94500  0.00020  0.00020 
 33.04500  0.00012  0.00010 
 33.14500  0.00015  0.00013 
 33.24500  0.00023  0.00023 
 33.34500  0.00039  0.00040 
 33.44500  0.00074  0.00075 
 33.54500  0.00134  0.00133 
 33.64500  0.00237  0.00235 
 33.74500  0.00405  0.00405 
 33.84500  0.00678  0.00675 
 33.94500  0.01093  0.01094 
 34.04500  0.01719  0.01722 
 34.14500  0.02629  0.02632 
 34.24500  0.03912  0.03919 
 34.34500  0.05670  0.05676 
 34.44500  0.08002  0.08001 
 34.54500  0.10991  0.10981 
 34.64500  0.14703  0.14686 
 34.74500  0.19164  0.19148 
 34.84500  0.24362  0.24355 
 34.94500  0.30233  0.30243 
 35.04500  0.36678  0.36695 
 35.14500  0.43535  0.43550 
 35.24500  0.50607  0.50603 
 35.34500  0.57656  0.57638 
 35.44500  0.64456  0.64437 
 35.54500  0.70811  0.70806 
 35.64500  0.76578  0.76583 
 35.74500  0.81649  0.81666 
 35.84500  0.85984  0.85999 
 35.94500  0.89571  0.89578 
 36.04500  0.92443  0.92439 
 36.14500  0.94667  0.94662 
 36.24500  0.96339  0.96330 
 36.34500  0.97552  0.97545 
 36.44500  0.98406  0.98405 
 36.54500  0.98993  0.98989 
 36.64500  0.99379  0.99380 
 36.74500  0.99632  0.99629 
 36.84500  0.99786  0.99786 
 36.94500  0.99882  0.99878 
 37.04500  0.99936  0.99933 
 37.14500  0.99968  0.99964 
 37.24500  0.99983  0.99982 
 37.34500  0.99993  0.99990 
 37.44500  0.99999  0.99997 
 37.54500  0.99999  1.00000 
 37.64500  1.00003  1.00000 
 37.74500  1.00003  1.00000 
 37.84500  1.00003  1.00000 
 37.94500  1.00003  1.00000 
 38.04500  1.00003  1.00000 
 38.14500  0.99997  1.00000 
 38.24500  0.99997  0.99993 
 38.34500  0.99991  0.99988 
 38.44500  0.99978  0.99976 
 38.54500  0.99956  0.99954 
 38.64500  0.99918  0.99915 
 38.74500  0.99849  0.99845 
 38.84500  0.99733  0.99732 
 38.94500  0.99542  0.99541 
 39.04500  0.99243  0.99243 
 39.14500  0.98782  0.98779 
 39.24500  0.98097  0.98094 
 39.34500  0.97107  0.97100 
 39.44500  0.95721  0.95713 
 39.54500  0.93836  0.93831 
 39.64500  0.91358  0.91360 
 39.74500  0.88202  0.88213 
 39.84500  0.84314  0.84330 
 39.94500  0.79676  0.79690 
 40.04500  0.74313  0.74317 
 40.14500  0.68295  0.68284 
 40.24500  0.61739  0.61719 
 40.34500  0.54812  0.54798 
 40.44500  0.47724  0.47729 
 40.54500  0.40713  0.40730 
 40.64500  0.34002  0.34016 
 40.74500  0.27775  0.27774 
 40.84500  0.22165  0.22153 
 40.94500  0.17263  0.17244 
 41.04500  0.13108  0.13091 
 41.14500  0.09693  0.09688 
 41.24500  0.06980  0.06983 
 41.34500  0.04892  0.04898 
 41.44500  0.03341  0.03346 
 41.54500  0.02221  0.02223 
 41.64500  0.01436  0.01437 
 41.74500  0.00903  0.00902 
 41.84500  0.00552  0.00551 
 41.94500  0.00326  0.00326 
 42.04500  0.00189  0.00187 
 42.14500  0.00105  0.00105 
 42.24500  0.00058  0.00057 
 42.34500  0.00030  0.00030 
 42.44500  0.00015  0.00015 
 42.54500  0.00006  0.00010 
 42.64500  0.00004  0.00001 
 42.74500  0.00001  0.00000 
 42.84500 -0.00002  0.00000 
 42.94500 -0.00001  0.00000 
 43.04500  0.00001  0.00000 
 43.14500  0.00004  0.00000 
 43.24500  0.00005  0.00008 
 43.34500  0.00013  0.00013 
 43.44500  0.00025  0.00025 
 43.54500  0.00049  0.00049 
 43.64500  0.00091  0.00091 
 43.74500  0.00164  0.00165 
 43.84500  0.00287  0.00286 
 43.94500  0.00487  0.00484 
 44.04500  0.00802  0.00801 
 44.14500  0.01285  0.01283 
 44.24500  0.01998  0.02001 
 44.34500  0.03027  0.03033 
 44.44500  0.04466  0.04472 
 44.54500  0.06411  0.06413 
 44.64500  0.08961  0.08958 
 44.74500  0.12195  0.12181 
 44.84500  0.16167  0.16147 
 44.94500  0.20885  0.20871 
 45.04500  0.26327  0.26327 
 45.14500  0.32414  0.32424 
 45.24500  0.39020  0.39039 
 45.34500  0.45975  0.45985 
 45.44500  0.53069  0.53058 
 45.54500  0.60056  0.60033 
 45.64500  0.66721  0.66705 
 45.74500  0.72886  0.72883 
 45.84500  0.78418  0.78432 
 45.94500  0.83238  0.83256 
 46.04500  0.87311  0.87324 
 46.14500  0.90644  0.90647 
 46.24500  0.93284  0.93278 
 46.34500  0.95303  0.95298 
 46.44500  0.96805  0.96798 
 46.54500  0.97885  0.97880 
 46.64500  0.98637  0.98633 
 46.74500  0.99145  0.99145 
 46.84500  0.99480  0.99478 
 46.94500  0.99694  0.99691 
 47.04500  0.99824  0.99824 
 47.14500  0.99904  0.99902 
 47.24500  0.99948  0.99945 
 47.34500  0.99972  0.99970 
 47.44500  0.99982  0.99980 
 47.54500  0.99984  0.99980 
 47.64500  0.99979  0.99976 
 47.74500  0.99961  0.99960 
 47.84500  0.99928  0.99924 
 47.94500  0.99867  0.99867 
 48.04500  0.99765  0.99764 
 48.14500  0.99597  0.99595 
 48.24500  0.99324  0.99324 
 48.34500  0.98906  0.98905 
 48.44500  0.98282  0.98278 
 48.54500  0.97370  0.97364 
 48.64500  0.96084  0.96078 
 48.74500  0.94325  0.94319 
 48.84500  0.91993  0.91994 
 48.94500  0.89004  0.89010 
 49.04500  0.85290  0.85304 
 49.14500  0.80828  0.80841 
 49.24500  0.75627  0.75634 
 49.34500  0.69752  0.69743 
 49.44500  0.63307  0.63287 
 49.54500  0.56451  0.56433 
 49.64500  0.49378  0.49379 
 49.74500  0.42326  0.42343 
 49.84500  0.35529  0.35548 
 49.94500  0.29175  0.29181 
 50.04500  0.23412  0.23402 
 50.14500  0.18339  0.18324 
 50.24500  0.14008  0.13991 
 50.34500  0.10423  0.10416 
 50.44500  0.07555  0.07554 
 50.54500  0.05328  0.05335 
 50.64500  0.03660  0.03667 
 50.74500  0.02447  0.02451 
 50.84500  0.01594  0.01595 
 50.94500  0.01008  0.01008 
 51.04500  0.00623  0.00620 
 51.14500  0.00369  0.00371 
 51.24500  0.00216  0.00213 
 51.34500  0.00120  0.00122 
 51.44500  0.00065  0.00067 
 51.54500  0.00035  0.00036 
 51.64500  0.00018  0.00018 
 51.74500  0.00008  0.00010 
 51.84500  0.00005  0.00010 
 51.94500  0.00004  0.00010 
 52.04500  0.00008  0.00010 
 52.14500  0.00017  0.00016 
 52.24500  0.00031  0.00031 
 52.34500  0.00060  0.00059 
 52.44500  0.00110  0.00108 
 52.54500  0.00194  0.00196 
 52.64500  0.00336  0.00335 
 52.74500  0.00567  0.00565 
 52.84500  0.00926  0.00923 
 52.94500  0.01469  0.01469 
 53.04500  0.02269  0.02271 
 53.14500  0.03408  0.03413 
 53.24500  0.04985  0.04991 
 53.34500  0.07101  0.07105 
 53.44500  0.09848  0.09843 
 53.54500  0.13301  0.13284 
 53.64500  0.17495  0.17476 
 53.74500  0.22436  0.22424 
 53.84500  0.28077  0.28081 
 53.94500  0.34333  0.34351 
 54.04500  0.41065  0.41084 
 54.14500  0.48085  0.48090 
 54.24500  0.55172  0.55158 
 54.34500  0.62084  0.62064 
 54.44500  0.68617  0.68606 
 54.54500  0.74608  0.74608 
 54.64500  0.79934  0.79947 
 54.74500  0.84533  0.84548 
 54.84500  0.88381  0.88391 
 54.94500  0.91501  0.91502 
 55.04500  0.93947  0.93940 
 55.14500  0.95802  0.95794 
 55.24500  0.97166  0.97161 
 55.34500  0.98137  0.98135 
 55.44500  0.98812  0.98808 
 55.54500  0.99260  0.99259 
 55.64500  0.99556  0.99553 
 55.74500  0.99739  0.99738 
 55.84500  0.99853  0.99852 
 55.94500  0.99918  0.99918 
 56.04500  0.99957  0.99955 
 56.14500  0.99979  0.99976 
 56.24500  0.99989  0.99988 
 56.34500  0.99995  0.99990 
 56.44500  0.99995  0.99990 
 56.54500  0.99992  0.99990 
 56.64500  0.99982  0.99980 
 56.74500  0.99964  0.99962 
 56.84500  0.99930  0.99929 
 56.94500  0.99873  0.99870 
 57.04500  0.99772  0.99770 
 57.14500  0.99607  0.99607 
 57.24500  0.99343  0.99343 
 57.34500  0.98935  0.98935 
 57.44500  0.98324  0.98321 
 57.54500  0.97431  0.97424 
 57.64500  0.96171  0.96163 
 57.74500  0.94441  0.94435 
 57.84500  0.92143  0.92142 
 57.94500  0.89193  0.89198 
 58.04500  0.85519  0.85534 
 58.14500  0.81099  0.81116 
 58.24500  0.75942  0.75948 
 58.34500  0.70103  0.70095 
 58.44500  0.63687  0.63667 
 58.54500  0.56849  0.56831 
 58.64500  0.49782  0.49782 
 58.74500  0.42725  0.42741 
 58.84500  0.35906  0.35924 
 58.94500  0.29523  0.29528 
 59.04500  0.23723  0.23715 
 59.14500  0.18608  0.18591 
 59.24500  0.14235  0.14219 
 59.34500  0.10609  0.10598 
 59.44500  0.07699  0.07697 
 59.54500  0.05440  0.05444 
 59.64500  0.03743  0.03748 
 59.74500  0.02508  0.02510 
 59.84500  0.01635  0.01635 
 59.94500  0.01036  0.01035 
 60.04500  0.00639  0.00639 
 60.14500  0.00380  0.00382 
 60.24500  0.00224  0.00222 
 60.34500  0.00125  0.00124 
 60.44500  0.00069  0.00068 
 60.54500  0.00035  0.00036 
 60.64500  0.00019  0.00019 
 60.74500  0.00008  0.00010 
 60.84500  0.00003  0.00004 
 60.94500  0.00003  0.00000 
 61.04500 -0.00001  0.00000 
 61.14500 -0.00000  0.00000 
 61.24500  0.00000  0.00000 
 61.34500 -0.00001  0.00000 
 61.44500  0.00000  0.00000 
 61.54500  0.00000  0.00000 
 61.64500  0.00000  0.00000 
 61.74500 -0.00000  0.00000 
 61.84500  0.00000  0.00000 
 61.94500 -0.00000  0.00000 
 62.04500 -0.00000  0.00000 
 62.14500 -0.00000  0.00000 
 62.24500 -0.00000  0.00000 
 62.34500 -0.00000  0.00000 
 62.44500  0.00000  0.00000 
 62.54500  0.00000  0.00000 
