  0.04500  0.87435  0.87452 
  0.14500  0.87393  0.87412 
  0.24500  0.87309  0.87325 
  0.34500  0.87184  0.87202 
  0.44500  0.87015  0.87035 
  0.54500  0.86805  0.86823 
  0.64500  0.86553  0.86570 
  0.74500  0.86259  0.86277 
  0.84500  0.85924  0.85943 
  0.94500  0.85549  0.85568 
  1.04500  0.85133  0.85150 
  1.14500  0.84680  0.84698 
  1.24500  0.84190  0.84203 
  1.34500  0.83658  0.83675 
  1.44500  0.83091  0.83107 
  1.54500  0.82491  0.82505 
  1.64500  0.81852  0.81868 
  1.74500  0.81182  0.81197 
  1.84500  0.80478  0.80493 
  1.94500  0.79745  0.79760 
  2.04500  0.78978  0.78995 
  2.14500  0.78189  0.78204 
  2.24500  0.77372  0.77386 
  2.34500  0.76528  0.76543 
  2.44500  0.75661  0.75676 
  2.54500  0.74772  0.74785 
  2.64500  0.73864  0.73880 
  2.74500  0.72939  0.72953 
  2.84500  0.71998  0.72012 
  2.94500  0.71043  0.71057 
  3.04500  0.70076  0.70091 
  3.14500  0.69100  0.69115 
  3.24500  0.68116  0.68134 
  3.34500  0.67130  0.67145 
  3.44500  0.66143  0.66156 
  3.54500  0.65150  0.65166 
  3.64500  0.64164  0.64178 
  3.74500  0.63179  0.63196 
  3.84500  0.62207  0.62220 
  3.94500  0.61242  0.61254 
  4.04500  0.60289  0.60301 
  4.14500  0.59348  0.59364 
  4.24500  0.58425  0.58440 
  4.34500  0.57525  0.57538 
  4.44500  0.56649  0.56658 
  4.54500  0.55789  0.55801 
  4.64500  0.54956  0.54973 
  4.74500  0.54152  0.54171 
  4.84500  0.53383  0.53397 
  4.94500  0.52645  0.52660 
  5.04500  0.51940  0.51956 
  5.14500  0.51272  0.51286 
  5.24500  0.50642  0.50654 
  5.34500  0.50047  0.50063 
  5.44500  0.49499  0.49512 
  5.54500  0.48988  0.49003 
  5.64500  0.48522  0.48537 
  5.74500  0.48100  0.48114 
  5.84500  0.47723  0.47737 
  5.94500  0.47392  0.47406 
  6.04500  0.47105  0.47118 
  6.14500  0.46864  0.46876 
  6.24500  0.46670  0.46683 
  6.34500  0.46520  0.46533 
  6.44500  0.46418  0.46430 
  6.54500  0.46358  0.46373 
  6.64500  0.46344  0.46360 
  6.74500  0.46373  0.46387 
  6.84500  0.46444  0.46458 
  6.94500  0.46559  0.46572 
  7.04500  0.46712  0.46727 
  7.14500  0.46902  0.46915 
  7.24500  0.47131  0.47146 
  7.34500  0.47395  0.47407 
  7.44500  0.47690  0.47701 
  7.54500  0.48015  0.48028 
  7.64500  0.48369  0.48382 
  7.74500  0.48748  0.48761 
  7.84500  0.49150  0.49164 
  7.94500  0.49573  0.49588 
  8.04500  0.50015  0.50030 
  8.14500  0.50472  0.50487 
  8.24500  0.50944  0.50955 
  8.34500  0.51426  0.51435 
  8.44500  0.51907  0.51920 
  8.54500  0.52395  0.52410 
  8.64500  0.52889  0.52900 
  8.74500  0.53377  0.53389 
  8.84500  0.53859  0.53872 
  8.94500  0.54335  0.54346 
  9.04500  0.54799  0.54812 
  9.14500  0.55250  0.55263 
  9.24500  0.55685  0.55700 
  9.34500  0.56103  0.56117 
  9.44500  0.56500  0.56513 
  9.54500  0.56874  0.56886 
  9.64500  0.57221  0.57233 
  9.74500  0.57541  0.57554 
  9.84500  0.57832  0.57845 
  9.94500  0.58091  0.58104 
 10.04500  0.58318  0.58332 
 10.14500  0.58513  0.58525 
 10.24500  0.58671  0.58683 
 10.34500  0.58793  0.58805 
 10.44500  0.58878  0.58890 
 10.54500  0.58925  0.58937 
 10.64500  0.58933  0.58947 
 10.74500  0.58902  0.58916 
 10.84500  0.58836  0.58850 
 10.94500  0.58730  0.58743 
 11.04500  0.58585  0.58599 
 11.14500  0.58405  0.58420 
 11.24500  0.58189  0.58201 
 11.34500  0.57935  0.57949 
 11.44500  0.57648  0.57664 
 11.54500  0.57329  0.57342 
 11.64500  0.56979  0.56991 
 11.74500  0.56598  0.56610 
 11.84500  0.56189  0.56204 
 11.94500  0.55755  0.55769 
 12.04500  0.55296  0.55312 
 12.14500  0.54817  0.54833 
 12.24500  0.54320  0.54335 
 12.34500  0.53806  0.53821 
 12.44500  0.53280  0.53293 
 12.54500  0.52742  0.52754 
 12.64500  0.52194  0.52205 
 12.74500  0.51637  0.51653 
 12.84500  0.51077  0.51097 
 12.94500  0.50530  0.50541 
 13.04500  0.49974  0.49987 
 13.14500  0.49425  0.49441 
 13.24500  0.48885  0.48900 
 13.34500  0.48355  0.48373 
 13.44500  0.47843  0.47858 
 13.54500  0.47347  0.47360 
 13.64500  0.46868  0.46883 
 13.74500  0.46412  0.46426 
 13.84500  0.45979  0.45994 
 13.94500  0.45574  0.45590 
 14.04500  0.45195  0.45209 
 14.14500  0.44848  0.44863 
 14.24500  0.44532  0.44546 
 14.34500  0.44253  0.44266 
 14.44500  0.44005  0.44021 
 14.54500  0.43798  0.43812 
 14.64500  0.43627  0.43642 
 14.74500  0.43495  0.43509 
 14.84500  0.43401  0.43417 
 14.94500  0.43351  0.43366 
 15.04500  0.43340  0.43353 
 15.14500  0.43370  0.43385 
 15.24500  0.43440  0.43456 
 15.34500  0.43552  0.43566 
 15.44500  0.43703  0.43717 
 15.54500  0.43896  0.43911 
 15.64500  0.44123  0.44138 
 15.74500  0.44391  0.44407 
 15.84500  0.44695  0.44710 
 15.94500  0.45035  0.45048 
 16.04500  0.45407  0.45422 
 16.14500  0.45811  0.45826 
 16.24500  0.46246  0.46260 
 16.34500  0.46709  0.46722 
 16.44500  0.47196  0.47206 
 16.54500  0.47707  0.47720 
 16.64500  0.48238  0.48252 
 16.74500  0.48788  0.48801 
 16.84500  0.49352  0.49367 
 16.94500  0.49932  0.49945 
 17.04500  0.50523  0.50533 
 17.14500  0.51124  0.51130 
 17.24500  0.51717  0.51730 
 17.34500  0.52321  0.52330 
 17.44500  0.52923  0.52930 
 17.54500  0.53522  0.53530 
 17.64500  0.54110  0.54119 
 17.74500  0.54688  0.54698 
 17.84500  0.55255  0.55263 
 17.94500  0.55804  0.55814 
 18.04500  0.56337  0.56347 
 18.14500  0.56849  0.56855 
 18.24500  0.57336  0.57345 
 18.34500  0.57798  0.57807 
 18.44500  0.58232  0.58241 
 18.54500  0.58636  0.58645 
 18.64500  0.59005  0.59014 
 18.74500  0.59342  0.59350 
 18.84500  0.59642  0.59651 
 18.94500  0.59905  0.59913 
 19.04500  0.60129  0.60139 
 19.14500  0.60314  0.60322 
 19.24500  0.60457  0.60465 
 19.34500  0.60558  0.60567 
 19.44500  0.60618  0.60625 
 19.54500  0.60632  0.60640 
 19.64500  0.60607  0.60614 
 19.74500  0.60536  0.60544 
 19.84500  0.60425  0.60432 
 19.94500  0.60270  0.60275 
 20.04500  0.60071  0.60078 
 20.14500  0.59834  0.59842 
 20.24500  0.59556  0.59565 
 20.34500  0.59240  0.59247 
 20.44500  0.58886  0.58893 
 20.54500  0.58496  0.58503 
 20.64500  0.58073  0.58079 
 20.74500  0.57616  0.57623 
 20.84500  0.57130  0.57135 
 20.94500  0.56616  0.56622 
 21.04500  0.56074  0.56082 
 21.14500  0.55511  0.55518 
 21.24500  0.54926  0.54934 
 21.34500  0.54325  0.54331 
 21.44500  0.53707  0.53712 
 21.54500  0.53077  0.53082 
 21.64500  0.52436  0.52442 
 21.74500  0.51786  0.51795 
 21.84500  0.51132  0.51144 
 21.94500  0.50484  0.50490 
 22.04500  0.49834  0.49840 
 22.14500  0.49186  0.49195 
 22.24500  0.48548  0.48557 
 22.34500  0.47920  0.47930 
 22.44500  0.47308  0.47317 
 22.54500  0.46711  0.46721 
 22.64500  0.46134  0.46142 
 22.74500  0.45577  0.45585 
 22.84500  0.45043  0.45051 
 22.94500  0.44538  0.44546 
 23.04500  0.44060  0.44068 
 23.14500  0.43614  0.43622 
 23.24500  0.43201  0.43210 
 23.34500  0.42822  0.42830 
 23.44500  0.42478  0.42489 
 23.54500  0.42175  0.42183 
 23.64500  0.41911  0.41917 
 23.74500  0.41684  0.41692 
 23.84500  0.41504  0.41510 
 23.94500  0.41361  0.41368 
 24.04500  0.41261  0.41270 
 24.14500  0.41205  0.41213 
 24.24500  0.41193  0.41201 
 24.34500  0.41222  0.41231 
 24.44500  0.41296  0.41305 
 24.54500  0.41412  0.41418 
 24.64500  0.41567  0.41575 
 24.74500  0.41764  0.41773 
 24.84500  0.42001  0.42009 
 24.94500  0.42277  0.42285 
 25.04500  0.42590  0.42596 
 25.14500  0.42937  0.42943 
 25.24500  0.43319  0.43325 
 25.34500  0.43733  0.43739 
 25.44500  0.44176  0.44182 
 25.54500  0.44648  0.44652 
 25.64500  0.45144  0.45147 
 25.74500  0.45662  0.45667 
 25.84500  0.46200  0.46205 
 25.94500  0.46756  0.46762 
 26.04500  0.47325  0.47331 
 26.14500  0.47909  0.47914 
 26.24500  0.48501  0.48507 
 26.34500  0.49103  0.49100 
 26.44500  0.49702  0.49707 
 26.54500  0.50299  0.50310 
 26.64500  0.50903  0.50909 
 26.74500  0.51499  0.51500 
 26.84500  0.52085  0.52086 
 26.94500  0.52657  0.52660 
 27.04500  0.53218  0.53220 
 27.14500  0.53762  0.53763 
 27.24500  0.54286  0.54290 
 27.34500  0.54791  0.54792 
 27.44500  0.55269  0.55270 
 27.54500  0.55721  0.55723 
 27.64500  0.56146  0.56147 
 27.74500  0.56540  0.56540 
 27.84500  0.56899  0.56901 
 27.94500  0.57227  0.57229 
 28.04500  0.57518  0.57518 
 28.14500  0.57774  0.57775 
 28.24500  0.57991  0.57990 
 28.34500  0.58170  0.58168 
 28.44500  0.58305  0.58306 
 28.54500  0.58405  0.58404 
 28.64500  0.58461  0.58460 
 28.74500  0.58478  0.58478 
 28.84500  0.58454  0.58453 
 28.94500  0.58389  0.58389 
 29.04500  0.58284  0.58283 
 29.14500  0.58140  0.58139 
 29.24500  0.57957  0.57957 
 29.34500  0.57737  0.57737 
 29.44500  0.57482  0.57480 
 29.54500  0.57191  0.57191 
 29.64500  0.56867  0.56866 
 29.74500  0.56512  0.56510 
 29.84500  0.56127  0.56127 
 29.94500  0.55715  0.55713 
 30.04500  0.55277  0.55275 
 30.14500  0.54818  0.54816 
 30.24500  0.54337  0.54336 
 30.34500  0.53840  0.53838 
 30.44500  0.53328  0.53326 
 30.54500  0.52803  0.52800 
 30.64500  0.52269  0.52266 
 30.74500  0.51726  0.51724 
 30.84500  0.51177  0.51179 
 30.94500  0.50636  0.50633 
 31.04500  0.50092  0.50089 
 31.14500  0.49552  0.49550 
 31.24500  0.49019  0.49020 
 31.34500  0.48498  0.48499 
 31.44500  0.47992  0.47995 
 31.54500  0.47502  0.47502 
 31.64500  0.47032  0.47030 
 31.74500  0.46581  0.46580 
 31.84500  0.46155  0.46154 
 31.94500  0.45757  0.45755 
 32.04500  0.45386  0.45386 
 32.14500  0.45045  0.45045 
 32.24500  0.44738  0.44738 
 32.34500  0.44465  0.44466 
 32.44500  0.44229  0.44230 
 32.54500  0.44032  0.44032 
 32.64500  0.43872  0.43872 
 32.74500  0.43754  0.43755 
 32.84500  0.43676  0.43676 
 32.94500  0.43638  0.43637 
 33.04500  0.43646  0.43644 
 33.14500  0.43693  0.43692 
 33.24500  0.43786  0.43786 
 33.34500  0.43918  0.43917 
 33.44500  0.44093  0.44093 
 33.54500  0.44312  0.44313 
 33.64500  0.44571  0.44571 
 33.74500  0.44872  0.44871 
 33.84500  0.45210  0.45209 
 33.94500  0.45587  0.45585 
 34.04500  0.46001  0.45999 
 34.14500  0.46449  0.46447 
 34.24500  0.46928  0.46926 
 34.34500  0.47442  0.47439 
 34.44500  0.47983  0.47981 
 34.54500  0.48551  0.48548 
 34.64500  0.49142  0.49140 
 34.74500  0.49755  0.49754 
 34.84500  0.50389  0.50387 
 34.94500  0.51040  0.51037 
 35.04500  0.51705  0.51701 
 35.14500  0.52383  0.52376 
 35.24500  0.53062  0.53059 
 35.34500  0.53746  0.53747 
 35.44500  0.54441  0.54436 
 35.54500  0.55132  0.55125 
 35.64500  0.55817  0.55811 
 35.74500  0.56495  0.56490 
 35.84500  0.57163  0.57159 
 35.94500  0.57819  0.57814 
 36.04500  0.58457  0.58454 
 36.14500  0.59080  0.59076 
 36.24500  0.59680  0.59676 
 36.34500  0.60256  0.60251 
 36.44500  0.60805  0.60800 
 36.54500  0.61326  0.61322 
 36.64500  0.61814  0.61809 
 36.74500  0.62271  0.62265 
 36.84500  0.62690  0.62684 
 36.94500  0.63071  0.63067 
 37.04500  0.63414  0.63408 
 37.14500  0.63714  0.63708 
 37.24500  0.63971  0.63967 
 37.34500  0.64185  0.64179 
 37.44500  0.64355  0.64348 
 37.54500  0.64477  0.64471 
 37.64500  0.64554  0.64545 
 37.74500  0.64582  0.64572 
 37.84500  0.64560  0.64553 
 37.94500  0.64492  0.64484 
 38.04500  0.64375  0.64368 
 38.14500  0.64212  0.64206 
 38.24500  0.64000  0.63992 
 38.34500  0.63742  0.63732 
 38.44500  0.63436  0.63428 
 38.54500  0.63087  0.63079 
 38.64500  0.62692  0.62685 
 38.74500  0.62256  0.62248 
 38.84500  0.61777  0.61768 
 38.94500  0.61258  0.61252 
 39.04500  0.60703  0.60695 
 39.14500  0.60111  0.60104 
 39.24500  0.59486  0.59477 
 39.34500  0.58828  0.58821 
 39.44500  0.58142  0.58135 
 39.54500  0.57431  0.57421 
 39.64500  0.56692  0.56685 
 39.74500  0.55933  0.55926 
 39.84500  0.55157  0.55148 
 39.94500  0.54367  0.54360 
 40.04500  0.53561  0.53551 
 40.14500  0.52744  0.52735 
 40.24500  0.51920  0.51912 
 40.34500  0.51089  0.51086 
 40.44500  0.50271  0.50259 
 40.54500  0.49445  0.49433 
 40.64500  0.48620  0.48614 
 40.74500  0.47808  0.47801 
 40.84500  0.47007  0.47001 
 40.94500  0.46222  0.46216 
 41.04500  0.45454  0.45447 
 41.14500  0.44704  0.44697 
 41.24500  0.43979  0.43969 
 41.34500  0.43275  0.43267 
 41.44500  0.42602  0.42592 
 41.54500  0.41957  0.41949 
 41.64500  0.41344  0.41340 
 41.74500  0.40767  0.40759 
 41.84500  0.40229  0.40220 
 41.94500  0.39724  0.39717 
 42.04500  0.39261  0.39253 
 42.14500  0.38841  0.38831 
 42.24500  0.38463  0.38454 
 42.34500  0.38129  0.38119 
 42.44500  0.37841  0.37831 
 42.54500  0.37597  0.37588 
 42.64500  0.37401  0.37391 
 42.74500  0.37251  0.37242 
 42.84500  0.37150  0.37140 
 42.94500  0.37094  0.37084 
 43.04500  0.37087  0.37076 
 43.14500  0.37126  0.37115 
 43.24500  0.37210  0.37198 
 43.34500  0.37339  0.37330 
 43.44500  0.37514  0.37504 
 43.54500  0.37732  0.37723 
 43.64500  0.37992  0.37982 
 43.74500  0.38292  0.38283 
 43.84500  0.38633  0.38622 
 43.94500  0.39009  0.39000 
 44.04500  0.39420  0.39409 
 44.14500  0.39865  0.39854 
 44.24500  0.40339  0.40329 
 44.34500  0.40846  0.40832 
 44.44500  0.41374  0.41362 
 44.54500  0.41926  0.41915 
 44.64500  0.42501  0.42489 
 44.74500  0.43092  0.43080 
 44.84500  0.43697  0.43686 
 44.94500  0.44315  0.44305 
 45.04500  0.44941  0.44932 
 45.14500  0.45576  0.45565 
 45.24500  0.46217  0.46203 
 45.34500  0.46857  0.46840 
 45.44500  0.47481  0.47475 
 45.54500  0.48114  0.48102 
 45.64500  0.48737  0.48724 
 45.74500  0.49346  0.49330 
 45.84500  0.49940  0.49926 
 45.94500  0.50517  0.50502 
 46.04500  0.51073  0.51059 
 46.14500  0.51608  0.51595 
 46.24500  0.52118  0.52105 
 46.34500  0.52602  0.52589 
 46.44500  0.53057  0.53043 
 46.54500  0.53481  0.53467 
 46.64500  0.53871  0.53857 
 46.74500  0.54226  0.54212 
 46.84500  0.54547  0.54533 
 46.94500  0.54829  0.54813 
 47.04500  0.55071  0.55055 
 47.14500  0.55276  0.55260 
 47.24500  0.55439  0.55423 
 47.34500  0.55560  0.55545 
 47.44500  0.55641  0.55626 
 47.54500  0.55678  0.55665 
 47.64500  0.55678  0.55663 
 47.74500  0.55635  0.55620 
 47.84500  0.55550  0.55534 
 47.94500  0.55425  0.55409 
 48.04500  0.55261  0.55246 
 48.14500  0.55058  0.55044 
 48.24500  0.54820  0.54804 
 48.34500  0.54545  0.54531 
 48.44500  0.54237  0.54220 
 48.54500  0.53896  0.53879 
 48.64500  0.53521  0.53507 
 48.74500  0.53122  0.53107 
 48.84500  0.52697  0.52681 
 48.94500  0.52245  0.52231 
 49.04500  0.51776  0.51759 
 49.14500  0.51285  0.51266 
 49.24500  0.50779  0.50762 
 49.34500  0.50260  0.50243 
 49.44500  0.49727  0.49713 
 49.54500  0.49184  0.49174 
 49.64500  0.48647  0.48631 
 49.74500  0.48105  0.48085 
 49.84500  0.47555  0.47542 
 49.94500  0.47013  0.47000 
 50.04500  0.46479  0.46467 
 50.14500  0.45956  0.45941 
 50.24500  0.45444  0.45427 
 50.34500  0.44946  0.44930 
 50.44500  0.44466  0.44451 
 50.54500  0.44007  0.43990 
 50.64500  0.43568  0.43554 
 50.74500  0.43156  0.43140 
 50.84500  0.42770  0.42756 
 50.94500  0.42413  0.42401 
 51.04500  0.42090  0.42076 
 51.14500  0.41799  0.41783 
 51.24500  0.41542  0.41527 
 51.34500  0.41320  0.41304 
 51.44500  0.41135  0.41121 
 51.54500  0.40990  0.40975 
 51.64500  0.40882  0.40868 
 51.74500  0.40816  0.40802 
 51.84500  0.40792  0.40775 
 51.94500  0.40805  0.40790 
 52.04500  0.40859  0.40844 
 52.14500  0.40954  0.40939 
 52.24500  0.41090  0.41076 
 52.34500  0.41264  0.41251 
 52.44500  0.41480  0.41465 
 52.54500  0.41731  0.41717 
 52.64500  0.42019  0.42006 
 52.74500  0.42343  0.42330 
 52.84500  0.42702  0.42687 
 52.94500  0.43091  0.43080 
 53.04500  0.43512  0.43499 
 53.14500  0.43961  0.43948 
 53.24500  0.44436  0.44421 
 53.34500  0.44934  0.44921 
 53.44500  0.45457  0.45441 
 53.54500  0.45996  0.45981 
 53.64500  0.46550  0.46537 
 53.74500  0.47119  0.47108 
 53.84500  0.47699  0.47686 
 53.94500  0.48289  0.48275 
 54.04500  0.48884  0.48870 
 54.14500  0.49480  0.49461 
 54.24500  0.50066  0.50058 
 54.34500  0.50661  0.50647 
 54.44500  0.51245  0.51230 
 54.54500  0.51820  0.51803 
 54.64500  0.52380  0.52363 
 54.74500  0.52922  0.52906 
 54.84500  0.53447  0.53432 
 54.94500  0.53948  0.53935 
 55.04500  0.54428  0.54415 
 55.14500  0.54881  0.54867 
 55.24500  0.55305  0.55289 
 55.34500  0.55697  0.55682 
 55.44500  0.56054  0.56038 
 55.54500  0.56373  0.56360 
 55.64500  0.56657  0.56642 
 55.74500  0.56900  0.56884 
 55.84500  0.57100  0.57085 
 55.94500  0.57257  0.57242 
 56.04500  0.57371  0.57354 
 56.14500  0.57434  0.57423 
 56.24500  0.57456  0.57440 
 56.34500  0.57427  0.57413 
 56.44500  0.57353  0.57335 
 56.54500  0.57228  0.57213 
 56.64500  0.57053  0.57039 
 56.74500  0.56829  0.56814 
 56.84500  0.56558  0.56544 
 56.94500  0.56238  0.56221 
 57.04500  0.55868  0.55851 
 57.14500  0.55452  0.55437 
 57.24500  0.54987  0.54972 
 57.34500  0.54478  0.54463 
 57.44500  0.53924  0.53910 
 57.54500  0.53329  0.53313 
 57.64500  0.52689  0.52673 
 57.74500  0.52010  0.51995 
 57.84500  0.51291  0.51276 
 57.94500  0.50535  0.50522 
 58.04500  0.49747  0.49730 
 58.14500  0.48926  0.48911 
 58.24500  0.48077  0.48060 
 58.34500  0.47197  0.47180 
 58.44500  0.46288  0.46272 
 58.54500  0.45357  0.45343 
 58.64500  0.44410  0.44393 
 58.74500  0.43444  0.43424 
 58.84500  0.42456  0.42440 
 58.94500  0.41457  0.41440 
 59.04500  0.40448  0.40434 
 59.14500  0.39431  0.39417 
 59.24500  0.38410  0.38395 
 59.34500  0.37386  0.37370 
 59.44500  0.36363  0.36348 
 59.54500  0.35342  0.35325 
 59.64500  0.34324  0.34307 
 59.74500  0.33316  0.33300 
 59.84500  0.32315  0.32300 
 59.94500  0.31329  0.31314 
 60.04500  0.30358  0.30343 
 60.14500  0.29405  0.29387 
 60.24500  0.28469  0.28453 
 60.34500  0.27558  0.27538 
 60.44500  0.26668  0.26651 
 60.54500  0.25805  0.25787 
 60.64500  0.24967  0.24951 
 60.74500  0.24163  0.24145 
 60.84500  0.23389  0.23371 
 60.94500  0.22647  0.22631 
 61.04500  0.21941  0.21926 
 61.14500  0.21272  0.21255 
 61.24500  0.20640  0.20622 
 61.34500  0.20046  0.20029 
 61.44500  0.19494  0.19475 
 61.54500  0.18981  0.18966 
 61.64500  0.18514  0.18496 
 61.74500  0.18088  0.18070 
 61.84500  0.17708  0.17689 
 61.94500  0.17372  0.17354 
 62.04500  0.17081  0.17064 
 62.14500  0.16838  0.16819 
 62.24500  0.16643  0.16623 
 62.34500  0.16492  0.16472 
 62.44500  0.16390  0.16370 
 62.54500  0.16334  0.16317 
