  0.04500  0.99777  0.99770 
  0.14500  0.99761  0.99761 
  0.24500  0.99742  0.99738 
  0.34500  0.99708  0.99703 
  0.44500  0.99665  0.99654 
  0.54500  0.99597  0.99592 
  0.64500  0.99520  0.99512 
  0.74500  0.99418  0.99413 
  0.84500  0.99299  0.99293 
  0.94500  0.99153  0.99147 
  1.04500  0.98980  0.98976 
  1.14500  0.98782  0.98771 
  1.24500  0.98541  0.98532 
  1.34500  0.98258  0.98253 
  1.44500  0.97936  0.97927 
  1.54500  0.97563  0.97550 
  1.64500  0.97133  0.97122 
  1.74500  0.96643  0.96629 
  1.84500  0.96086  0.96069 
  1.94500  0.95451  0.95438 
  2.04500  0.94740  0.94726 
  2.14500  0.93943  0.93927 
  2.24500  0.93056  0.93038 
  2.34500  0.92072  0.92051 
  2.44500  0.90982  0.90963 
  2.54500  0.89785  0.89767 
  2.64500  0.88482  0.88461 
  2.74500  0.87057  0.87041 
  2.84500  0.85520  0.85503 
  2.94500  0.83868  0.83847 
  3.04500  0.82098  0.82073 
  3.14500  0.80206  0.80182 
  3.24500  0.78212  0.78176 
  3.34500  0.76098  0.76057 
  3.44500  0.73871  0.73831 
  3.54500  0.71540  0.71506 
  3.64500  0.69110  0.69090 
  3.74500  0.66583  0.66588 
  3.84500  0.63985  0.64014 
  3.94500  0.61339  0.61375 
  4.04500  0.58676  0.58691 
  4.14500  0.56024  0.55966 
  4.24500  0.53395  0.53221 
  4.34500  0.50525  0.50470 
  4.44500  0.47547  0.47726 
  4.54500  0.44950  0.45005 
  4.64500  0.42349  0.42322 
  4.74500  0.39753  0.39695 
  4.84500  0.37192  0.37139 
  4.94500  0.34694  0.34666 
  5.04500  0.32291  0.32289 
  5.14500  0.30008  0.30024 
  5.24500  0.27864  0.27885 
  5.34500  0.25864  0.25882 
  5.44500  0.24009  0.24028 
  5.54500  0.22318  0.22331 
  5.64500  0.20794  0.20801 
  5.74500  0.19436  0.19442 
  5.84500  0.18260  0.18267 
  5.94500  0.17272  0.17278 
  6.04500  0.16469  0.16481 
  6.14500  0.15868  0.15880 
  6.24500  0.15466  0.15475 
  6.34500  0.15262  0.15273 
  6.44500  0.15261  0.15271 
  6.54500  0.15462  0.15471 
  6.64500  0.15860  0.15871 
  6.74500  0.16460  0.16470 
  6.84500  0.17257  0.17263 
  6.94500  0.18244  0.18251 
  7.04500  0.19416  0.19422 
  7.14500  0.20764  0.20775 
  7.24500  0.22291  0.22305 
  7.34500  0.23980  0.23998 
  7.44500  0.25822  0.25850 
  7.54500  0.27821  0.27846 
  7.64500  0.29961  0.29982 
  7.74500  0.32237  0.32239 
  7.84500  0.34632  0.34608 
  7.94500  0.37123  0.37077 
  8.04500  0.39679  0.39624 
  8.14500  0.42262  0.42242 
  8.24500  0.44850  0.44910 
  8.34500  0.47434  0.47617 
  8.44500  0.50380  0.50341 
  8.54500  0.53242  0.53070 
  8.64500  0.55839  0.55785 
  8.74500  0.58457  0.58473 
  8.84500  0.61075  0.61117 
  8.94500  0.63665  0.63701 
  9.04500  0.66200  0.66209 
  9.14500  0.68649  0.68634 
  9.24500  0.70992  0.70958 
  9.34500  0.73207  0.73171 
  9.44500  0.75298  0.75263 
  9.54500  0.77252  0.77221 
  9.64500  0.79066  0.79042 
  9.74500  0.80732  0.80714 
  9.84500  0.82245  0.82229 
  9.94500  0.83602  0.83587 
 10.04500  0.84797  0.84777 
 10.14500  0.85819  0.85798 
 10.24500  0.86667  0.86648 
 10.34500  0.87340  0.87321 
 10.44500  0.87842  0.87816 
 10.54500  0.88155  0.88134 
 10.64500  0.88297  0.88273 
 10.74500  0.88251  0.88232 
 10.84500  0.88035  0.88011 
 10.94500  0.87631  0.87610 
 11.04500  0.87056  0.87033 
 11.14500  0.86299  0.86279 
 11.24500  0.85366  0.85348 
 11.34500  0.84268  0.84248 
 11.44500  0.82998  0.82979 
 11.54500  0.81567  0.81549 
 11.64500  0.79980  0.79958 
 11.74500  0.78245  0.78217 
 11.84500  0.76368  0.76330 
 11.94500  0.74346  0.74309 
 12.04500  0.72197  0.72158 
 12.14500  0.69918  0.69889 
 12.24500  0.67523  0.67514 
 12.34500  0.65024  0.65042 
 12.44500  0.62452  0.62488 
 12.54500  0.59832  0.59869 
 12.64500  0.57201  0.57195 
 12.74500  0.54587  0.54479 
 12.84500  0.51978  0.51743 
 12.94500  0.48819  0.48996 
 13.04500  0.46136  0.46258 
 13.14500  0.43529  0.43545 
 13.24500  0.40907  0.40867 
 13.34500  0.38303  0.38243 
 13.44500  0.35732  0.35691 
 13.54500  0.33237  0.33224 
 13.64500  0.30841  0.30849 
 13.74500  0.28563  0.28585 
 13.84500  0.26414  0.26442 
 13.94500  0.24406  0.24428 
 14.04500  0.22544  0.22559 
 14.14500  0.20832  0.20841 
 14.24500  0.19271  0.19277 
 14.34500  0.17872  0.17880 
 14.44500  0.16651  0.16655 
 14.54500  0.15593  0.15602 
 14.64500  0.14721  0.14729 
 14.74500  0.14033  0.14044 
 14.84500  0.13528  0.13541 
 14.94500  0.13212  0.13227 
 15.04500  0.13088  0.13100 
 15.14500  0.13151  0.13162 
 15.24500  0.13404  0.13416 
 15.34500  0.13848  0.13856 
 15.44500  0.14475  0.14482 
 15.54500  0.15287  0.15293 
 15.64500  0.16282  0.16284 
 15.74500  0.17451  0.17455 
 15.84500  0.18789  0.18797 
 15.94500  0.20296  0.20305 
 16.04500  0.21958  0.21976 
 16.14500  0.23775  0.23798 
 16.24500  0.25736  0.25762 
 16.34500  0.27837  0.27867 
 16.44500  0.30074  0.30091 
 16.54500  0.32433  0.32432 
 16.64500  0.34904  0.34873 
 16.74500  0.37454  0.37401 
 16.84500  0.40057  0.40007 
 16.94500  0.42677  0.42669 
 17.04500  0.45296  0.45379 
 17.14500  0.47910  0.48120 
 17.24500  0.51015  0.50872 
 17.34500  0.53768  0.53625 
 17.44500  0.56395  0.56360 
 17.54500  0.59038  0.59063 
 17.64500  0.61675  0.61723 
 17.74500  0.64291  0.64321 
 17.84500  0.66839  0.66843 
 17.94500  0.69301  0.69283 
 18.04500  0.71658  0.71623 
 18.14500  0.73892  0.73856 
 18.24500  0.76001  0.75971 
 18.34500  0.77988  0.77959 
 18.44500  0.79836  0.79812 
 18.54500  0.81546  0.81527 
 18.64500  0.83112  0.83092 
 18.74500  0.84525  0.84511 
 18.84500  0.85789  0.85771 
 18.94500  0.86890  0.86874 
 19.04500  0.87837  0.87819 
 19.14500  0.88620  0.88601 
 19.24500  0.89240  0.89218 
 19.34500  0.89692  0.89673 
 19.44500  0.89982  0.89962 
 19.54500  0.90104  0.90084 
 19.64500  0.90061  0.90039 
 19.74500  0.89849  0.89831 
 19.84500  0.89477  0.89455 
 19.94500  0.88935  0.88916 
 20.04500  0.88229  0.88213 
 20.14500  0.87363  0.87345 
 20.24500  0.86334  0.86319 
 20.34500  0.85147  0.85131 
 20.44500  0.83804  0.83787 
 20.54500  0.82305  0.82293 
 20.64500  0.80668  0.80648 
 20.74500  0.78881  0.78859 
 20.84500  0.76961  0.76934 
 20.94500  0.74911  0.74878 
 21.04500  0.72735  0.72698 
 21.14500  0.70430  0.70405 
 21.24500  0.68015  0.68010 
 21.34500  0.65506  0.65524 
 21.44500  0.62916  0.62955 
 21.54500  0.60277  0.60318 
 21.64500  0.57624  0.57630 
 21.74500  0.54984  0.54899 
 21.84500  0.52357  0.52144 
 21.94500  0.49261  0.49378 
 22.04500  0.46475  0.46617 
 22.14500  0.43846  0.43876 
 22.24500  0.41208  0.41170 
 22.34500  0.38567  0.38513 
 22.44500  0.35960  0.35919 
 22.54500  0.33420  0.33402 
 22.64500  0.30964  0.30975 
 22.74500  0.28626  0.28651 
 22.84500  0.26410  0.26436 
 22.94500  0.24325  0.24347 
 23.04500  0.22368  0.22388 
 23.14500  0.20556  0.20567 
 23.24500  0.18889  0.18895 
 23.34500  0.17366  0.17377 
 23.44500  0.16006  0.16015 
 23.54500  0.14810  0.14819 
 23.64500  0.13776  0.13786 
 23.74500  0.12915  0.12925 
 23.84500  0.12223  0.12235 
 23.94500  0.11704  0.11717 
 24.04500  0.11365  0.11375 
 24.14500  0.11199  0.11208 
 24.24500  0.11208  0.11219 
 24.34500  0.11390  0.11403 
 24.44500  0.11755  0.11766 
 24.54500  0.12290  0.12300 
 24.64500  0.13001  0.13010 
 24.74500  0.13880  0.13892 
 24.84500  0.14931  0.14942 
 24.94500  0.16147  0.16158 
 25.04500  0.17527  0.17536 
 25.14500  0.19061  0.19071 
 25.24500  0.20746  0.20761 
 25.34500  0.22571  0.22594 
 25.44500  0.24537  0.24568 
 25.54500  0.26641  0.26670 
 25.64500  0.28871  0.28897 
 25.74500  0.31222  0.31232 
 25.84500  0.33684  0.33669 
 25.94500  0.36232  0.36190 
 26.04500  0.38841  0.38789 
 26.14500  0.41477  0.41448 
 26.24500  0.44116  0.44154 
 26.34500  0.46733  0.46891 
 26.44500  0.49586  0.49647 
 26.54500  0.52598  0.52403 
 26.64500  0.55216  0.55144 
 26.74500  0.57846  0.57855 
 26.84500  0.60480  0.60526 
 26.94500  0.63092  0.63134 
 27.04500  0.65654  0.65672 
 27.14500  0.68125  0.68121 
 27.24500  0.70499  0.70473 
 27.34500  0.72748  0.72716 
 27.44500  0.74869  0.74834 
 27.54500  0.76850  0.76826 
 27.64500  0.78695  0.78676 
 27.74500  0.80396  0.80380 
 27.84500  0.81942  0.81928 
 27.94500  0.83334  0.83319 
 28.04500  0.84565  0.84544 
 28.14500  0.85618  0.85602 
 28.24500  0.86501  0.86486 
 28.34500  0.87214  0.87198 
 28.44500  0.87745  0.87729 
 28.54500  0.88099  0.88083 
 28.64500  0.88280  0.88260 
 28.74500  0.88270  0.88255 
 28.84500  0.88086  0.88069 
 28.94500  0.87723  0.87705 
 29.04500  0.87181  0.87163 
 29.14500  0.86463  0.86444 
 29.24500  0.85565  0.85551 
 29.34500  0.84499  0.84484 
 29.44500  0.83265  0.83250 
 29.54500  0.81868  0.81852 
 29.64500  0.80307  0.80293 
 29.74500  0.78609  0.78585 
 29.84500  0.76756  0.76728 
 29.94500  0.74763  0.74730 
 30.04500  0.72640  0.72605 
 30.14500  0.70384  0.70360 
 30.24500  0.68009  0.68005 
 30.34500  0.65529  0.65552 
 30.44500  0.62966  0.63014 
 30.54500  0.60360  0.60407 
 30.64500  0.57732  0.57742 
 30.74500  0.55110  0.55034 
 30.84500  0.52502  0.52299 
 30.94500  0.49470  0.49554 
 31.04500  0.46659  0.46812 
 31.14500  0.44054  0.44092 
 31.24500  0.41440  0.41407 
 31.34500  0.38828  0.38772 
 31.44500  0.36243  0.36204 
 31.54500  0.33732  0.33716 
 31.64500  0.31312  0.31322 
 31.74500  0.29012  0.29037 
 31.84500  0.26836  0.26868 
 31.94500  0.24801  0.24827 
 32.04500  0.22905  0.22927 
 32.14500  0.21162  0.21176 
 32.24500  0.19568  0.19580 
 32.34500  0.18140  0.18150 
 32.44500  0.16875  0.16888 
 32.54500  0.15791  0.15801 
 32.64500  0.14878  0.14893 
 32.74500  0.14153  0.14167 
 32.84500  0.13609  0.13627 
 32.94500  0.13257  0.13275 
 33.04500  0.13093  0.13110 
 33.14500  0.13117  0.13134 
 33.24500  0.13331  0.13349 
 33.34500  0.13736  0.13752 
 33.44500  0.14327  0.14341 
 33.54500  0.15101  0.15114 
 33.64500  0.16058  0.16070 
 33.74500  0.17193  0.17203 
 33.84500  0.18498  0.18510 
 33.94500  0.19973  0.19987 
 34.04500  0.21605  0.21624 
 34.14500  0.23391  0.23415 
 34.24500  0.25324  0.25355 
 34.34500  0.27399  0.27429 
 34.44500  0.29612  0.29634 
 34.54500  0.31949  0.31954 
 34.64500  0.34396  0.34376 
 34.74500  0.36936  0.36893 
 34.84500  0.39535  0.39486 
 34.94500  0.42158  0.42141 
 35.04500  0.44782  0.44848 
 35.14500  0.47399  0.47589 
 35.24500  0.50387  0.50347 
 35.34500  0.53274  0.53110 
 35.44500  0.55911  0.55862 
 35.54500  0.58566  0.58591 
 35.64500  0.61225  0.61275 
 35.74500  0.63864  0.63908 
 35.84500  0.66461  0.66475 
 35.94500  0.68970  0.68964 
 36.04500  0.71388  0.71362 
 36.14500  0.73691  0.73662 
 36.24500  0.75881  0.75855 
 36.34500  0.77952  0.77933 
 36.44500  0.79904  0.79889 
 36.54500  0.81728  0.81718 
 36.64500  0.83425  0.83413 
 36.74500  0.84988  0.84979 
 36.84500  0.86412  0.86407 
 36.94500  0.87702  0.87694 
 37.04500  0.88855  0.88844 
 37.14500  0.89865  0.89854 
 37.24500  0.90736  0.90722 
 37.34500  0.91465  0.91454 
 37.44500  0.92055  0.92046 
 37.54500  0.92508  0.92499 
 37.64500  0.92825  0.92815 
 37.74500  0.92998  0.92991 
 37.84500  0.93038  0.93033 
 37.94500  0.92946  0.92937 
 38.04500  0.92713  0.92702 
 38.14500  0.92343  0.92329 
 38.24500  0.91826  0.91822 
 38.34500  0.91185  0.91173 
 38.44500  0.90398  0.90384 
 38.54500  0.89472  0.89459 
 38.64500  0.88405  0.88394 
 38.74500  0.87191  0.87187 
 38.84500  0.85850  0.85842 
 38.94500  0.84366  0.84358 
 39.04500  0.82744  0.82740 
 39.14500  0.80998  0.80986 
 39.24500  0.79122  0.79104 
 39.34500  0.77120  0.77096 
 39.44500  0.74998  0.74968 
 39.54500  0.72757  0.72729 
 39.64500  0.70403  0.70385 
 39.74500  0.67942  0.67942 
 39.84500  0.65387  0.65414 
 39.94500  0.62763  0.62811 
 40.04500  0.60099  0.60145 
 40.14500  0.57428  0.57432 
 40.24500  0.54767  0.54678 
 40.34500  0.52121  0.51902 
 40.44500  0.48954  0.49115 
 40.54500  0.46199  0.46335 
 40.64500  0.43544  0.43573 
 40.74500  0.40876  0.40846 
 40.84500  0.38215  0.38166 
 40.94500  0.35579  0.35544 
 41.04500  0.33003  0.32997 
 41.14500  0.30515  0.30534 
 41.24500  0.28134  0.28163 
 41.34500  0.25865  0.25898 
 41.44500  0.23717  0.23748 
 41.54500  0.21692  0.21717 
 41.64500  0.19798  0.19811 
 41.74500  0.18027  0.18040 
 41.84500  0.16393  0.16407 
 41.94500  0.14903  0.14913 
 42.04500  0.13551  0.13563 
 42.14500  0.12344  0.12357 
 42.24500  0.11287  0.11299 
 42.34500  0.10377  0.10388 
 42.44500  0.09613  0.09629 
 42.54500  0.09000  0.09015 
 42.64500  0.08536  0.08549 
 42.74500  0.08218  0.08233 
 42.84500  0.08057  0.08068 
 42.94500  0.08033  0.08048 
 43.04500  0.08166  0.08178 
 43.14500  0.08445  0.08458 
 43.24500  0.08871  0.08885 
 43.34500  0.09448  0.09461 
 43.44500  0.10174  0.10186 
 43.54500  0.11044  0.11059 
 43.64500  0.12066  0.12081 
 43.74500  0.13240  0.13251 
 43.84500  0.14551  0.14565 
 43.94500  0.16008  0.16022 
 44.04500  0.17608  0.17622 
 44.14500  0.19339  0.19356 
 44.24500  0.21202  0.21225 
 44.34500  0.23192  0.23225 
 44.44500  0.25313  0.25344 
 44.54500  0.27544  0.27577 
 44.64500  0.29895  0.29916 
 44.74500  0.32352  0.32351 
 44.84500  0.34900  0.34872 
 44.94500  0.37510  0.37466 
 45.04500  0.40157  0.40120 
 45.14500  0.42811  0.42821 
 45.24500  0.45448  0.45555 
 45.34500  0.48066  0.48308 
 45.44500  0.51274  0.51064 
 45.54500  0.53922  0.53808 
 45.64500  0.56537  0.56524 
 45.74500  0.59156  0.59197 
 45.84500  0.61760  0.61812 
 45.94500  0.64316  0.64353 
 46.04500  0.66800  0.66808 
 46.14500  0.69176  0.69163 
 46.24500  0.71429  0.71406 
 46.34500  0.73549  0.73523 
 46.44500  0.75529  0.75506 
 46.54500  0.77358  0.77341 
 46.64500  0.79037  0.79024 
 46.74500  0.80552  0.80543 
 46.84500  0.81898  0.81894 
 46.94500  0.83078  0.83070 
 47.04500  0.84072  0.84065 
 47.14500  0.84887  0.84876 
 47.24500  0.85507  0.85497 
 47.34500  0.85940  0.85928 
 47.44500  0.86183  0.86167 
 47.54500  0.86229  0.86215 
 47.64500  0.86079  0.86069 
 47.74500  0.85738  0.85728 
 47.84500  0.85206  0.85197 
 47.94500  0.84488  0.84477 
 48.04500  0.83579  0.83572 
 48.14500  0.82487  0.82482 
 48.24500  0.81220  0.81216 
 48.34500  0.79787  0.79777 
 48.44500  0.78187  0.78170 
 48.54500  0.76429  0.76409 
 48.64500  0.74526  0.74496 
 48.74500  0.72473  0.72443 
 48.84500  0.70281  0.70260 
 48.94500  0.67964  0.67960 
 49.04500  0.65532  0.65555 
 49.14500  0.63008  0.63057 
 49.24500  0.60424  0.60478 
 49.34500  0.57820  0.57838 
 49.44500  0.55212  0.55149 
 49.54500  0.52609  0.52424 
 49.64500  0.49637  0.49684 
 49.74500  0.46769  0.46941 
 49.84500  0.44160  0.44211 
 49.94500  0.41531  0.41512 
 50.04500  0.38901  0.38857 
 50.14500  0.36300  0.36262 
 50.24500  0.33750  0.33740 
 50.34500  0.31291  0.31305 
 50.44500  0.28939  0.28969 
 50.54500  0.26705  0.26739 
 50.64500  0.24603  0.24633 
 50.74500  0.22630  0.22659 
 50.84500  0.20797  0.20819 
 50.94500  0.19113  0.19127 
 51.04500  0.17568  0.17586 
 51.14500  0.16185  0.16202 
 51.24500  0.14966  0.14981 
 51.34500  0.13907  0.13926 
 51.44500  0.13021  0.13038 
 51.54500  0.12305  0.12323 
 51.64500  0.11762  0.11781 
 51.74500  0.11396  0.11413 
 51.84500  0.11204  0.11221 
 51.94500  0.11187  0.11204 
 52.04500  0.11348  0.11366 
 52.14500  0.11686  0.11701 
 52.24500  0.12194  0.12211 
 52.34500  0.12880  0.12897 
 52.44500  0.13735  0.13753 
 52.54500  0.14763  0.14779 
 52.64500  0.15956  0.15971 
 52.74500  0.17310  0.17323 
 52.84500  0.18822  0.18836 
 52.94500  0.20484  0.20505 
 53.04500  0.22290  0.22318 
 53.14500  0.24239  0.24270 
 53.24500  0.26323  0.26356 
 53.34500  0.28533  0.28564 
 53.44500  0.30868  0.30884 
 53.54500  0.33314  0.33305 
 53.64500  0.35850  0.35816 
 53.74500  0.38454  0.38405 
 53.84500  0.41088  0.41056 
 53.94500  0.43722  0.43756 
 54.04500  0.46347  0.46491 
 54.14500  0.49113  0.49243 
 54.24500  0.52210  0.52000 
 54.34500  0.54830  0.54745 
 54.44500  0.57455  0.57465 
 54.54500  0.60091  0.60138 
 54.64500  0.62706  0.62757 
 54.74500  0.65279  0.65304 
 54.84500  0.67767  0.67768 
 54.94500  0.70154  0.70136 
 55.04500  0.72425  0.72396 
 55.14500  0.74560  0.74533 
 55.24500  0.76564  0.76544 
 55.34500  0.78429  0.78416 
 55.44500  0.80149  0.80139 
 55.54500  0.81722  0.81712 
 55.64500  0.83133  0.83127 
 55.74500  0.84385  0.84376 
 55.84500  0.85467  0.85459 
 55.94500  0.86377  0.86369 
 56.04500  0.87110  0.87103 
 56.14500  0.87672  0.87662 
 56.24500  0.88054  0.88044 
 56.34500  0.88252  0.88244 
 56.44500  0.88276  0.88267 
 56.54500  0.88117  0.88109 
 56.64500  0.87781  0.87771 
 56.74500  0.87262  0.87254 
 56.84500  0.86569  0.86561 
 56.94500  0.85695  0.85690 
 57.04500  0.84654  0.84649 
 57.14500  0.83442  0.83439 
 57.24500  0.82066  0.82064 
 57.34500  0.80533  0.80526 
 57.44500  0.78846  0.78837 
 57.54500  0.77016  0.76999 
 57.64500  0.75042  0.75019 
 57.74500  0.72932  0.72910 
 57.84500  0.70695  0.70678 
 57.94500  0.68332  0.68332 
 58.04500  0.65860  0.65886 
 58.14500  0.63297  0.63353 
 58.24500  0.60685  0.60743 
 58.34500  0.58043  0.58072 
 58.44500  0.55401  0.55352 
 58.54500  0.52772  0.52599 
 58.64500  0.49802  0.49828 
 58.74500  0.46875  0.47053 
 58.84500  0.44225  0.44287 
 58.94500  0.41559  0.41546 
 59.04500  0.38885  0.38844 
 59.14500  0.36229  0.36194 
 59.24500  0.33617  0.33606 
 59.34500  0.31076  0.31092 
 59.44500  0.28631  0.28664 
 59.54500  0.26287  0.26329 
 59.64500  0.24059  0.24094 
 59.74500  0.21937  0.21964 
 59.84500  0.19924  0.19951 
 59.94500  0.18030  0.18051 
 60.04500  0.16251  0.16267 
 60.14500  0.14589  0.14603 
 60.24500  0.13041  0.13057 
 60.34500  0.11616  0.11627 
 60.44500  0.10300  0.10315 
 60.54500  0.09098  0.09111 
 60.64500  0.08001  0.08015 
 60.74500  0.07005  0.07025 
 60.84500  0.06115  0.06129 
 60.94500  0.05316  0.05327 
 61.04500  0.04599  0.04611 
 61.14500  0.03964  0.03973 
 61.24500  0.03405  0.03412 
 61.34500  0.02911  0.02918 
 61.44500  0.02481  0.02490 
 61.54500  0.02107  0.02113 
 61.64500  0.01787  0.01794 
 61.74500  0.01512  0.01516 
 61.84500  0.01277  0.01283 
 61.94500  0.01083  0.01088 
 62.04500  0.00921  0.00927 
 62.14500  0.00795  0.00798 
 62.24500  0.00694  0.00698 
 62.34500  0.00620  0.00624 
 62.44500  0.00570  0.00573 
 62.54500  0.00542  0.00546 
