  0.04500  0.51043  0.50980 
  0.14500  0.51043  0.50980 
  0.24500  0.51042  0.50980 
  0.34500  0.51042  0.50980 
  0.44500  0.51042  0.50980 
  0.54500  0.51042  0.50980 
  0.64500  0.51042  0.50980 
  0.74500  0.51042  0.50980 
  0.84500  0.51043  0.50980 
  0.94500  0.51043  0.50980 
  1.04500  0.51042  0.50980 
  1.14500  0.51042  0.50980 
  1.24500  0.51042  0.50980 
  1.34500  0.51042  0.50980 
  1.44500  0.51041  0.50980 
  1.54500  0.51042  0.50980 
  1.64500  0.51042  0.50980 
  1.74500  0.51041  0.50980 
  1.84500  0.51041  0.50980 
  1.94500  0.51040  0.50980 
  2.04500  0.51040  0.50980 
  2.14500  0.51040  0.50980 
  2.24500  0.51040  0.50980 
  2.34500  0.51039  0.50980 
  2.44500  0.51038  0.50980 
  2.54500  0.51038  0.50980 
  2.64500  0.51039  0.50980 
  2.74500  0.51038  0.50980 
  2.84500  0.51038  0.50980 
  2.94500  0.51038  0.50980 
  3.04500  0.51038  0.50980 
  3.14500  0.51037  0.50980 
  3.24500  0.51038  0.50980 
  3.34500  0.51038  0.50980 
  3.44500  0.51038  0.50974 
  3.54500  0.51038  0.50970 
  3.64500  0.51037  0.50970 
  3.74500  0.51037  0.50970 
  3.84500  0.51037  0.50970 
  3.94500  0.51037  0.50970 
  4.04500  0.51037  0.50970 
  4.14500  0.51037  0.50970 
  4.24500  0.51037  0.50970 
  4.34500  0.51037  0.50970 
  4.44500  0.51037  0.50970 
  4.54500  0.51037  0.50970 
  4.64500  0.51037  0.50970 
  4.74500  0.51036  0.50970 
  4.84500  0.51036  0.50970 
  4.94500  0.51036  0.50970 
  5.04500  0.51037  0.50970 
  5.14500  0.51035  0.50970 
  5.24500  0.51035  0.50970 
  5.34500  0.51035  0.50970 
  5.44500  0.51035  0.50970 
  5.54500  0.51035  0.50970 
  5.64500  0.51035  0.50970 
  5.74500  0.51034  0.50970 
  5.84500  0.51034  0.50970 
  5.94500  0.51034  0.50970 
  6.04500  0.51034  0.50970 
  6.14500  0.51034  0.50970 
  6.24500  0.51034  0.50970 
  6.34500  0.51033  0.50970 
  6.44500  0.51033  0.50970 
  6.54500  0.51033  0.50970 
  6.64500  0.51033  0.50970 
  6.74500  0.51033  0.50970 
  6.84500  0.51033  0.50970 
  6.94500  0.51033  0.50970 
  7.04500  0.51032  0.50970 
  7.14500  0.51030  0.50970 
  7.24500  0.51030  0.50970 
  7.34500  0.51030  0.50970 
  7.44500  0.51030  0.50970 
  7.54500  0.51030  0.50970 
  7.64500  0.51030  0.50970 
  7.74500  0.51030  0.50970 
  7.84500  0.51030  0.50970 
  7.94500  0.51030  0.50970 
  8.04500  0.51030  0.50970 
  8.14500  0.51030  0.50970 
  8.24500  0.51030  0.50970 
  8.34500  0.51030  0.50970 
  8.44500  0.51030  0.50970 
  8.54500  0.51030  0.50970 
  8.64500  0.51028  0.50970 
  8.74500  0.51028  0.50970 
  8.84500  0.51028  0.50970 
  8.94500  0.51028  0.50970 
  9.04500  0.51028  0.50970 
  9.14500  0.51028  0.50970 
  9.24500  0.51028  0.50970 
  9.34500  0.51028  0.50970 
  9.44500  0.51027  0.50970 
  9.54500  0.51027  0.50970 
  9.64500  0.51027  0.50970 
  9.74500  0.51027  0.50970 
  9.84500  0.51027  0.50970 
  9.94500  0.51026  0.50970 
 10.04500  0.51026  0.50970 
 10.14500  0.51025  0.50970 
 10.24500  0.51025  0.50970 
 10.34500  0.51024  0.50970 
 10.44500  0.51024  0.50970 
 10.54500  0.51023  0.50970 
 10.64500  0.51023  0.50970 
 10.74500  0.51023  0.50970 
 10.84500  0.51023  0.50970 
 10.94500  0.51022  0.50970 
 11.04500  0.51022  0.50970 
 11.14500  0.51022  0.50970 
 11.24500  0.51022  0.50970 
 11.34500  0.51021  0.50970 
 11.44500  0.51021  0.50970 
 11.54500  0.51022  0.50970 
 11.64500  0.51022  0.50970 
 11.74500  0.51021  0.50970 
 11.84500  0.51021  0.50970 
 11.94500  0.51021  0.50970 
 12.04500  0.51020  0.50970 
 12.14500  0.51019  0.50970 
 12.24500  0.51018  0.50970 
 12.34500  0.51018  0.50970 
 12.44500  0.51018  0.50970 
 12.54500  0.51016  0.50970 
 12.64500  0.51016  0.50964 
 12.74500  0.51016  0.50960 
 12.84500  0.51016  0.50960 
 12.94500  0.51016  0.50960 
 13.04500  0.51015  0.50960 
 13.14500  0.51015  0.50960 
 13.24500  0.51014  0.50960 
 13.34500  0.51014  0.50960 
 13.44500  0.51013  0.50960 
 13.54500  0.51013  0.50960 
 13.64500  0.51012  0.50960 
 13.74500  0.51012  0.50960 
 13.84500  0.51012  0.50960 
 13.94500  0.51012  0.50960 
 14.04500  0.51011  0.50960 
 14.14500  0.51011  0.50960 
 14.24500  0.51011  0.50960 
 14.34500  0.51011  0.50960 
 14.44500  0.51010  0.50960 
 14.54500  0.51010  0.50960 
 14.64500  0.51009  0.50960 
 14.74500  0.51008  0.50960 
 14.84500  0.51006  0.50960 
 14.94500  0.51007  0.50960 
 15.04500  0.51006  0.50960 
 15.14500  0.51006  0.50960 
 15.24500  0.51006  0.50960 
 15.34500  0.51006  0.50960 
 15.44500  0.51006  0.50960 
 15.54500  0.51006  0.50960 
 15.64500  0.51005  0.50960 
 15.74500  0.51005  0.50960 
 15.84500  0.51005  0.50960 
 15.94500  0.51004  0.50960 
 16.04500  0.51003  0.50960 
 16.14500  0.51003  0.50960 
 16.24500  0.51003  0.50960 
 16.34500  0.51003  0.50960 
 16.44500  0.51000  0.50960 
 16.54500  0.50999  0.50960 
 16.64500  0.50999  0.50960 
 16.74500  0.50998  0.50960 
 16.84500  0.50999  0.50960 
 16.94500  0.50999  0.50960 
 17.04500  0.50998  0.50960 
 17.14500  0.50997  0.50960 
 17.24500  0.50996  0.50960 
 17.34500  0.50996  0.50960 
 17.44500  0.50996  0.50960 
 17.54500  0.50996  0.50960 
 17.64500  0.50996  0.50960 
 17.74500  0.50996  0.50960 
 17.84500  0.50996  0.50953 
 17.94500  0.50995  0.50950 
 18.04500  0.50995  0.50950 
 18.14500  0.50994  0.50950 
 18.24500  0.50992  0.50950 
 18.34500  0.50992  0.50950 
 18.44500  0.50992  0.50950 
 18.54500  0.50991  0.50950 
 18.64500  0.50992  0.50950 
 18.74500  0.50991  0.50950 
 18.84500  0.50990  0.50950 
 18.94500  0.50990  0.50950 
 19.04500  0.50990  0.50950 
 19.14500  0.50989  0.50950 
 19.24500  0.50989  0.50950 
 19.34500  0.50988  0.50950 
 19.44500  0.50987  0.50950 
 19.54500  0.50987  0.50950 
 19.64500  0.50987  0.50950 
 19.74500  0.50985  0.50950 
 19.84500  0.50985  0.50950 
 19.94500  0.50985  0.50950 
 20.04500  0.50985  0.50950 
 20.14500  0.50984  0.50950 
 20.24500  0.50983  0.50950 
 20.34500  0.50982  0.50950 
 20.44500  0.50982  0.50950 
 20.54500  0.50982  0.50950 
 20.64500  0.50982  0.50950 
 20.74500  0.50981  0.50950 
 20.84500  0.50981  0.50950 
 20.94500  0.50981  0.50950 
 21.04500  0.50980  0.50950 
 21.14500  0.50980  0.50950 
 21.24500  0.50977  0.50950 
 21.34500  0.50977  0.50950 
 21.44500  0.50976  0.50950 
 21.54500  0.50975  0.50950 
 21.64500  0.50975  0.50950 
 21.74500  0.50975  0.50950 
 21.84500  0.50974  0.50950 
 21.94500  0.50975  0.50950 
 22.04500  0.50974  0.50949 
 22.14500  0.50973  0.50940 
 22.24500  0.50972  0.50940 
 22.34500  0.50971  0.50940 
 22.44500  0.50971  0.50940 
 22.54500  0.50971  0.50940 
 22.64500  0.50971  0.50940 
 22.74500  0.50968  0.50940 
 22.84500  0.50968  0.50940 
 22.94500  0.50968  0.50940 
 23.04500  0.50968  0.50940 
 23.14500  0.50967  0.50940 
 23.24500  0.50967  0.50940 
 23.34500  0.50966  0.50940 
 23.44500  0.50966  0.50940 
 23.54500  0.50965  0.50940 
 23.64500  0.50965  0.50940 
 23.74500  0.50965  0.50940 
 23.84500  0.50965  0.50940 
 23.94500  0.50964  0.50940 
 24.04500  0.50961  0.50940 
 24.14500  0.50960  0.50940 
 24.24500  0.50960  0.50940 
 24.34500  0.50960  0.50940 
 24.44500  0.50960  0.50940 
 24.54500  0.50960  0.50940 
 24.64500  0.50959  0.50940 
 24.74500  0.50959  0.50940 
 24.84500  0.50958  0.50940 
 24.94500  0.50956  0.50940 
 25.04500  0.50956  0.50940 
 25.14500  0.50956  0.50940 
 25.24500  0.50955  0.50940 
 25.34500  0.50955  0.50940 
 25.44500  0.50954  0.50940 
 25.54500  0.50953  0.50940 
 25.64500  0.50953  0.50940 
 25.74500  0.50953  0.50940 
 25.84500  0.50951  0.50940 
 25.94500  0.50951  0.50933 
 26.04500  0.50950  0.50930 
 26.14500  0.50950  0.50930 
 26.24500  0.50950  0.50930 
 26.34500  0.50949  0.50930 
 26.44500  0.50949  0.50930 
 26.54500  0.50948  0.50930 
 26.64500  0.50948  0.50930 
 26.74500  0.50947  0.50930 
 26.84500  0.50946  0.50930 
 26.94500  0.50945  0.50930 
 27.04500  0.50944  0.50930 
 27.14500  0.50944  0.50930 
 27.24500  0.50944  0.50930 
 27.34500  0.50944  0.50930 
 27.44500  0.50944  0.50930 
 27.54500  0.50942  0.50930 
 27.64500  0.50942  0.50930 
 27.74500  0.50942  0.50930 
 27.84500  0.50941  0.50930 
 27.94500  0.50941  0.50930 
 28.04500  0.50941  0.50930 
 28.14500  0.50939  0.50930 
 28.24500  0.50937  0.50930 
 28.34500  0.50937  0.50930 
 28.44500  0.50936  0.50930 
 28.54500  0.50936  0.50930 
 28.64500  0.50936  0.50930 
 28.74500  0.50935  0.50930 
 28.84500  0.50935  0.50930 
 28.94500  0.50934  0.50930 
 29.04500  0.50934  0.50930 
 29.14500  0.50934  0.50930 
 29.24500  0.50933  0.50930 
 29.34500  0.50931  0.50930 
 29.44500  0.50930  0.50930 
 29.54500  0.50930  0.50927 
 29.64500  0.50929  0.50920 
 29.74500  0.50930  0.50920 
 29.84500  0.50929  0.50920 
 29.94500  0.50928  0.50920 
 30.04500  0.50927  0.50920 
 30.14500  0.50927  0.50920 
 30.24500  0.50927  0.50920 
 30.34500  0.50926  0.50920 
 30.44500  0.50925  0.50920 
 30.54500  0.50924  0.50920 
 30.64500  0.50924  0.50920 
 30.74500  0.50922  0.50920 
 30.84500  0.50922  0.50920 
 30.94500  0.50921  0.50920 
 31.04500  0.50920  0.50920 
 31.14500  0.50920  0.50920 
 31.24500  0.50919  0.50920 
 31.34500  0.50920  0.50920 
 31.44500  0.50919  0.50920 
 31.54500  0.50919  0.50920 
 31.64500  0.50918  0.50920 
 31.74500  0.50917  0.50920 
 31.84500  0.50917  0.50920 
 31.94500  0.50916  0.50920 
 32.04500  0.50915  0.50920 
 32.14500  0.50914  0.50920 
 32.24500  0.50914  0.50920 
 32.34500  0.50913  0.50920 
 32.44500  0.50912  0.50920 
 32.54500  0.50913  0.50920 
 32.64500  0.50911  0.50920 
 32.74500  0.50911  0.50920 
 32.84500  0.50910  0.50920 
 32.94500  0.50910  0.50920 
 33.04500  0.50910  0.50920 
 33.14500  0.50910  0.50915 
 33.24500  0.50909  0.50910 
 33.34500  0.50907  0.50910 
 33.44500  0.50906  0.50910 
 33.54500  0.50905  0.50910 
 33.64500  0.50905  0.50910 
 33.74500  0.50905  0.50910 
 33.84500  0.50905  0.50910 
 33.94500  0.50904  0.50910 
 34.04500  0.50904  0.50910 
 34.14500  0.50904  0.50910 
 34.24500  0.50903  0.50910 
 34.34500  0.50903  0.50910 
 34.44500  0.50902  0.50910 
 34.54500  0.50900  0.50910 
 34.64500  0.50899  0.50910 
 34.74500  0.50898  0.50910 
 34.84500  0.50898  0.50910 
 34.94500  0.50898  0.50910 
 35.04500  0.50898  0.50910 
 35.14500  0.50897  0.50910 
 35.24500  0.50896  0.50910 
 35.34500  0.50896  0.50910 
 35.44500  0.50895  0.50910 
 35.54500  0.50896  0.50910 
 35.64500  0.50895  0.50910 
 35.74500  0.50894  0.50910 
 35.84500  0.50894  0.50910 
 35.94500  0.50893  0.50910 
 36.04500  0.50892  0.50910 
 36.14500  0.50891  0.50910 
 36.24500  0.50891  0.50910 
 36.34500  0.50890  0.50910 
 36.44500  0.50890  0.50910 
 36.54500  0.50890  0.50910 
 36.64500  0.50889  0.50910 
 36.74500  0.50889  0.50910 
 36.84500  0.50889  0.50900 
 36.94500  0.50887  0.50900 
 37.04500  0.50887  0.50900 
 37.14500  0.50886  0.50900 
 37.24500  0.50885  0.50900 
 37.34500  0.50885  0.50900 
 37.44500  0.50884  0.50900 
 37.54500  0.50884  0.50900 
 37.64500  0.50884  0.50900 
 37.74500  0.50883  0.50900 
 37.84500  0.50882  0.50900 
 37.94500  0.50882  0.50900 
 38.04500  0.50882  0.50900 
 38.14500  0.50880  0.50900 
 38.24500  0.50880  0.50900 
 38.34500  0.50879  0.50900 
 38.44500  0.50880  0.50900 
 38.54500  0.50879  0.50900 
 38.64500  0.50877  0.50900 
 38.74500  0.50876  0.50900 
 38.84500  0.50875  0.50900 
 38.94500  0.50875  0.50900 
 39.04500  0.50875  0.50900 
 39.14500  0.50874  0.50900 
 39.24500  0.50874  0.50900 
 39.34500  0.50873  0.50900 
 39.44500  0.50873  0.50900 
 39.54500  0.50872  0.50900 
 39.64500  0.50871  0.50900 
 39.74500  0.50871  0.50900 
 39.84500  0.50871  0.50900 
 39.94500  0.50870  0.50900 
 40.04500  0.50868  0.50900 
 40.14500  0.50868  0.50900 
 40.24500  0.50868  0.50900 
 40.34500  0.50868  0.50900 
 40.44500  0.50867  0.50900 
 40.54500  0.50866  0.50900 
 40.64500  0.50865  0.50894 
 40.74500  0.50865  0.50890 
 40.84500  0.50865  0.50890 
 40.94500  0.50864  0.50890 
 41.04500  0.50865  0.50890 
 41.14500  0.50864  0.50890 
 41.24500  0.50863  0.50890 
 41.34500  0.50863  0.50890 
 41.44500  0.50860  0.50890 
 41.54500  0.50860  0.50890 
 41.64500  0.50859  0.50890 
 41.74500  0.50859  0.50890 
 41.84500  0.50858  0.50890 
 41.94500  0.50857  0.50890 
 42.04500  0.50857  0.50890 
 42.14500  0.50857  0.50890 
 42.24500  0.50857  0.50890 
 42.34500  0.50857  0.50890 
 42.44500  0.50856  0.50890 
 42.54500  0.50855  0.50890 
 42.64500  0.50855  0.50890 
 42.74500  0.50854  0.50890 
 42.84500  0.50854  0.50890 
 42.94500  0.50853  0.50890 
 43.04500  0.50852  0.50890 
 43.14500  0.50852  0.50890 
 43.24500  0.50852  0.50890 
 43.34500  0.50851  0.50890 
 43.44500  0.50850  0.50890 
 43.54500  0.50850  0.50890 
 43.64500  0.50849  0.50890 
 43.74500  0.50849  0.50890 
 43.84500  0.50849  0.50890 
 43.94500  0.50848  0.50890 
 44.04500  0.50848  0.50890 
 44.14500  0.50848  0.50890 
 44.24500  0.50848  0.50890 
 44.34500  0.50848  0.50890 
 44.44500  0.50847  0.50890 
 44.54500  0.50846  0.50890 
 44.64500  0.50845  0.50890 
 44.74500  0.50844  0.50890 
 44.84500  0.50843  0.50890 
 44.94500  0.50844  0.50882 
 45.04500  0.50843  0.50880 
 45.14500  0.50844  0.50880 
 45.24500  0.50844  0.50880 
 45.34500  0.50844  0.50880 
 45.44500  0.50842  0.50880 
 45.54500  0.50842  0.50880 
 45.64500  0.50841  0.50880 
 45.74500  0.50841  0.50880 
 45.84500  0.50841  0.50880 
 45.94500  0.50841  0.50880 
 46.04500  0.50841  0.50880 
 46.14500  0.50841  0.50880 
 46.24500  0.50839  0.50880 
 46.34500  0.50837  0.50880 
 46.44500  0.50837  0.50880 
 46.54500  0.50837  0.50880 
 46.64500  0.50837  0.50880 
 46.74500  0.50836  0.50880 
 46.84500  0.50836  0.50880 
 46.94500  0.50836  0.50880 
 47.04500  0.50835  0.50880 
 47.14500  0.50835  0.50880 
 47.24500  0.50834  0.50880 
 47.34500  0.50834  0.50880 
 47.44500  0.50834  0.50880 
 47.54500  0.50834  0.50880 
 47.64500  0.50833  0.50880 
 47.74500  0.50833  0.50880 
 47.84500  0.50832  0.50880 
 47.94500  0.50831  0.50880 
 48.04500  0.50831  0.50880 
 48.14500  0.50829  0.50880 
 48.24500  0.50829  0.50880 
 48.34500  0.50828  0.50880 
 48.44500  0.50829  0.50880 
 48.54500  0.50829  0.50880 
 48.64500  0.50828  0.50880 
 48.74500  0.50828  0.50880 
 48.84500  0.50828  0.50880 
 48.94500  0.50827  0.50880 
 49.04500  0.50827  0.50880 
 49.14500  0.50827  0.50880 
 49.24500  0.50826  0.50880 
 49.34500  0.50826  0.50880 
 49.44500  0.50825  0.50880 
 49.54500  0.50825  0.50880 
 49.64500  0.50824  0.50880 
 49.74500  0.50823  0.50880 
 49.84500  0.50824  0.50880 
 49.94500  0.50823  0.50880 
 50.04500  0.50824  0.50880 
 50.14500  0.50822  0.50874 
 50.24500  0.50821  0.50870 
 50.34500  0.50821  0.50870 
 50.44500  0.50821  0.50870 
 50.54500  0.50821  0.50870 
 50.64500  0.50819  0.50870 
 50.74500  0.50818  0.50870 
 50.84500  0.50819  0.50870 
 50.94500  0.50818  0.50870 
 51.04500  0.50818  0.50870 
 51.14500  0.50818  0.50870 
 51.24500  0.50818  0.50870 
 51.34500  0.50818  0.50870 
 51.44500  0.50818  0.50870 
 51.54500  0.50818  0.50870 
 51.64500  0.50817  0.50870 
 51.74500  0.50817  0.50870 
 51.84500  0.50816  0.50870 
 51.94500  0.50816  0.50870 
 52.04500  0.50816  0.50870 
 52.14500  0.50816  0.50870 
 52.24500  0.50815  0.50870 
 52.34500  0.50815  0.50870 
 52.44500  0.50815  0.50870 
 52.54500  0.50815  0.50870 
 52.64500  0.50814  0.50870 
 52.74500  0.50813  0.50870 
 52.84500  0.50812  0.50870 
 52.94500  0.50813  0.50870 
 53.04500  0.50812  0.50870 
 53.14500  0.50813  0.50870 
 53.24500  0.50812  0.50870 
 53.34500  0.50811  0.50870 
 53.44500  0.50812  0.50870 
 53.54500  0.50811  0.50870 
 53.64500  0.50812  0.50870 
 53.74500  0.50811  0.50870 
 53.84500  0.50811  0.50870 
 53.94500  0.50812  0.50870 
 54.04500  0.50811  0.50870 
 54.14500  0.50810  0.50870 
 54.24500  0.50810  0.50870 
 54.34500  0.50809  0.50870 
 54.44500  0.50809  0.50870 
 54.54500  0.50809  0.50870 
 54.64500  0.50810  0.50870 
 54.74500  0.50810  0.50870 
 54.84500  0.50809  0.50870 
 54.94500  0.50809  0.50870 
 55.04500  0.50809  0.50870 
 55.14500  0.50809  0.50870 
 55.24500  0.50809  0.50870 
 55.34500  0.50809  0.50870 
 55.44500  0.50810  0.50870 
 55.54500  0.50809  0.50870 
 55.64500  0.50808  0.50870 
 55.74500  0.50807  0.50870 
 55.84500  0.50807  0.50870 
 55.94500  0.50807  0.50870 
 56.04500  0.50807  0.50870 
 56.14500  0.50807  0.50870 
 56.24500  0.50807  0.50870 
 56.34500  0.50806  0.50870 
 56.44500  0.50805  0.50870 
 56.54500  0.50806  0.50870 
 56.64500  0.50805  0.50870 
 56.74500  0.50806  0.50870 
 56.84500  0.50806  0.50870 
 56.94500  0.50805  0.50870 
 57.04500  0.50805  0.50870 
 57.14500  0.50805  0.50870 
 57.24500  0.50805  0.50870 
 57.34500  0.50805  0.50870 
 57.44500  0.50805  0.50870 
 57.54500  0.50805  0.50870 
 57.64500  0.50804  0.50870 
 57.74500  0.50804  0.50870 
 57.84500  0.50804  0.50870 
 57.94500  0.50804  0.50870 
 58.04500  0.50804  0.50870 
 58.14500  0.50804  0.50870 
 58.24500  0.50803  0.50870 
 58.34500  0.50804  0.50870 
 58.44500  0.50803  0.50870 
 58.54500  0.50803  0.50870 
 58.64500  0.50803  0.50870 
 58.74500  0.50803  0.50870 
 58.84500  0.50803  0.50870 
 58.94500  0.50803  0.50870 
 59.04500  0.50802  0.50870 
 59.14500  0.50802  0.50870 
 59.24500  0.50802  0.50870 
 59.34500  0.50802  0.50870 
 59.44500  0.50802  0.50870 
 59.54500  0.50802  0.50870 
 59.64500  0.50802  0.50870 
 59.74500  0.50802  0.50870 
 59.84500  0.50801  0.50861 
 59.94500  0.50801  0.50860 
 60.04500  0.50801  0.50860 
 60.14500  0.50801  0.50860 
 60.24500  0.50801  0.50860 
 60.34500  0.50801  0.50860 
 60.44500  0.50800  0.50860 
 60.54500  0.50800  0.50860 
 60.64500  0.50800  0.50860 
 60.74500  0.50800  0.50860 
 60.84500  0.50799  0.50860 
 60.94500  0.50799  0.50860 
 61.04500  0.50799  0.50860 
 61.14500  0.50798  0.50860 
 61.24500  0.50797  0.50860 
 61.34500  0.50797  0.50860 
 61.44500  0.50798  0.50860 
 61.54500  0.50798  0.50860 
 61.64500  0.50797  0.50860 
 61.74500  0.50797  0.50860 
 61.84500  0.50797  0.50860 
 61.94500  0.50797  0.50860 
 62.04500  0.50797  0.50860 
 62.14500  0.50797  0.50860 
 62.24500  0.50797  0.50860 
 62.34500  0.50797  0.50860 
 62.44500  0.50798  0.50860 
 62.54500  0.50797  0.50860 
