  0.04500  0.86440  0.86429 
  0.14500  0.86412  0.86403 
  0.24500  0.86358  0.86349 
  0.34500  0.86275  0.86265 
  0.44500  0.86165  0.86157 
  0.54500  0.86026  0.86018 
  0.64500  0.85861  0.85852 
  0.74500  0.85667  0.85659 
  0.84500  0.85447  0.85438 
  0.94500  0.85201  0.85192 
  1.04500  0.84927  0.84920 
  1.14500  0.84628  0.84621 
  1.24500  0.84305  0.84296 
  1.34500  0.83953  0.83947 
  1.44500  0.83581  0.83575 
  1.54500  0.83183  0.83177 
  1.64500  0.82762  0.82756 
  1.74500  0.82319  0.82314 
  1.84500  0.81854  0.81848 
  1.94500  0.81368  0.81364 
  2.04500  0.80862  0.80857 
  2.14500  0.80335  0.80330 
  2.24500  0.79791  0.79785 
  2.34500  0.79229  0.79224 
  2.44500  0.78649  0.78646 
  2.54500  0.78054  0.78050 
  2.64500  0.77444  0.77442 
  2.74500  0.76821  0.76818 
  2.84500  0.76185  0.76182 
  2.94500  0.75536  0.75535 
  3.04500  0.74877  0.74876 
  3.14500  0.74210  0.74208 
  3.24500  0.73532  0.73532 
  3.34500  0.72849  0.72850 
  3.44500  0.72161  0.72161 
  3.54500  0.71467  0.71466 
  3.64500  0.70771  0.70775 
  3.74500  0.70073  0.70075 
  3.84500  0.69373  0.69375 
  3.94500  0.68674  0.68675 
  4.04500  0.67977  0.67979 
  4.14500  0.67283  0.67286 
  4.24500  0.66595  0.66598 
  4.34500  0.65911  0.65914 
  4.44500  0.65233  0.65238 
  4.54500  0.64565  0.64570 
  4.64500  0.63905  0.63911 
  4.74500  0.63257  0.63262 
  4.84500  0.62621  0.62626 
  4.94500  0.61999  0.62004 
  5.04500  0.61389  0.61393 
  5.14500  0.60795  0.60802 
  5.24500  0.60219  0.60224 
  5.34500  0.59657  0.59665 
  5.44500  0.59114  0.59122 
  5.54500  0.58592  0.58599 
  5.64500  0.58090  0.58097 
  5.74500  0.57608  0.57616 
  5.84500  0.57148  0.57156 
  5.94500  0.56710  0.56718 
  6.04500  0.56297  0.56302 
  6.14500  0.55903  0.55912 
  6.24500  0.55537  0.55546 
  6.34500  0.55194  0.55201 
  6.44500  0.54875  0.54885 
  6.54500  0.54581  0.54589 
  6.64500  0.54314  0.54322 
  6.74500  0.54069  0.54079 
  6.84500  0.53852  0.53860 
  6.94500  0.53657  0.53666 
  7.04500  0.53489  0.53498 
  7.14500  0.53346  0.53355 
  7.24500  0.53228  0.53236 
  7.34500  0.53134  0.53141 
  7.44500  0.53063  0.53070 
  7.54500  0.53014  0.53023 
  7.64500  0.52987  0.52995 
  7.74500  0.52984  0.52991 
  7.84500  0.53001  0.53009 
  7.94500  0.53038  0.53046 
  8.04500  0.53096  0.53103 
  8.14500  0.53170  0.53178 
  8.24500  0.53262  0.53268 
  8.34500  0.53371  0.53379 
  8.44500  0.53496  0.53501 
  8.54500  0.53634  0.53641 
  8.64500  0.53784  0.53791 
  8.74500  0.53947  0.53952 
  8.84500  0.54122  0.54126 
  8.94500  0.54304  0.54307 
  9.04500  0.54493  0.54499 
  9.14500  0.54688  0.54690 
  9.24500  0.54892  0.54895 
  9.34500  0.55096  0.55100 
  9.44500  0.55305  0.55309 
  9.54500  0.55515  0.55518 
  9.64500  0.55724  0.55727 
  9.74500  0.55933  0.55935 
  9.84500  0.56139  0.56140 
  9.94500  0.56340  0.56340 
 10.04500  0.56536  0.56539 
 10.14500  0.56727  0.56727 
 10.24500  0.56909  0.56911 
 10.34500  0.57084  0.57085 
 10.44500  0.57248  0.57250 
 10.54500  0.57404  0.57405 
 10.64500  0.57548  0.57549 
 10.74500  0.57680  0.57678 
 10.84500  0.57797  0.57798 
 10.94500  0.57902  0.57904 
 11.04500  0.57993  0.57991 
 11.14500  0.58068  0.58067 
 11.24500  0.58129  0.58128 
 11.34500  0.58173  0.58171 
 11.44500  0.58201  0.58201 
 11.54500  0.58213  0.58210 
 11.64500  0.58210  0.58208 
 11.74500  0.58189  0.58188 
 11.84500  0.58154  0.58152 
 11.94500  0.58101  0.58098 
 12.04500  0.58030  0.58029 
 12.14500  0.57945  0.57944 
 12.24500  0.57844  0.57843 
 12.34500  0.57728  0.57727 
 12.44500  0.57597  0.57596 
 12.54500  0.57453  0.57450 
 12.64500  0.57294  0.57292 
 12.74500  0.57121  0.57121 
 12.84500  0.56937  0.56937 
 12.94500  0.56743  0.56740 
 13.04500  0.56538  0.56538 
 13.14500  0.56323  0.56323 
 13.24500  0.56100  0.56100 
 13.34500  0.55870  0.55868 
 13.44500  0.55632  0.55632 
 13.54500  0.55390  0.55389 
 13.64500  0.55142  0.55140 
 13.74500  0.54891  0.54890 
 13.84500  0.54637  0.54639 
 13.94500  0.54383  0.54385 
 14.04500  0.54129  0.54131 
 14.14500  0.53878  0.53880 
 14.24500  0.53628  0.53630 
 14.34500  0.53380  0.53381 
 14.44500  0.53137  0.53138 
 14.54500  0.52899  0.52902 
 14.64500  0.52668  0.52670 
 14.74500  0.52444  0.52447 
 14.84500  0.52229  0.52232 
 14.94500  0.52022  0.52030 
 15.04500  0.51827  0.51831 
 15.14500  0.51641  0.51645 
 15.24500  0.51468  0.51472 
 15.34500  0.51306  0.51310 
 15.44500  0.51158  0.51162 
 15.54500  0.51020  0.51025 
 15.64500  0.50900  0.50904 
 15.74500  0.50793  0.50795 
 15.84500  0.50701  0.50703 
 15.94500  0.50621  0.50625 
 16.04500  0.50557  0.50562 
 16.14500  0.50508  0.50513 
 16.24500  0.50475  0.50479 
 16.34500  0.50456  0.50461 
 16.44500  0.50451  0.50459 
 16.54500  0.50462  0.50465 
 16.64500  0.50485  0.50491 
 16.74500  0.50523  0.50529 
 16.84500  0.50575  0.50580 
 16.94500  0.50640  0.50644 
 17.04500  0.50718  0.50720 
 17.14500  0.50805  0.50809 
 17.24500  0.50904  0.50907 
 17.34500  0.51013  0.51018 
 17.44500  0.51132  0.51136 
 17.54500  0.51260  0.51264 
 17.64500  0.51394  0.51399 
 17.74500  0.51536  0.51541 
 17.84500  0.51683  0.51687 
 17.94500  0.51837  0.51840 
 18.04500  0.51992  0.51995 
 18.14500  0.52151  0.52154 
 18.24500  0.52309  0.52314 
 18.34500  0.52470  0.52474 
 18.44500  0.52631  0.52634 
 18.54500  0.52790  0.52793 
 18.64500  0.52948  0.52950 
 18.74500  0.53100  0.53100 
 18.84500  0.53248  0.53250 
 18.94500  0.53389  0.53393 
 19.04500  0.53526  0.53530 
 19.14500  0.53656  0.53657 
 19.24500  0.53776  0.53779 
 19.34500  0.53888  0.53891 
 19.44500  0.53991  0.53995 
 19.54500  0.54083  0.54083 
 19.64500  0.54163  0.54165 
 19.74500  0.54233  0.54232 
 19.84500  0.54288  0.54290 
 19.94500  0.54332  0.54334 
 20.04500  0.54362  0.54364 
 20.14500  0.54378  0.54381 
 20.24500  0.54384  0.54386 
 20.34500  0.54373  0.54375 
 20.44500  0.54350  0.54351 
 20.54500  0.54311  0.54313 
 20.64500  0.54260  0.54261 
 20.74500  0.54194  0.54195 
 20.84500  0.54115  0.54116 
 20.94500  0.54023  0.54025 
 21.04500  0.53918  0.53919 
 21.14500  0.53800  0.53802 
 21.24500  0.53671  0.53672 
 21.34500  0.53530  0.53530 
 21.44500  0.53377  0.53379 
 21.54500  0.53218  0.53218 
 21.64500  0.53046  0.53048 
 21.74500  0.52867  0.52868 
 21.84500  0.52679  0.52681 
 21.94500  0.52486  0.52490 
 22.04500  0.52287  0.52290 
 22.14500  0.52083  0.52084 
 22.24500  0.51874  0.51876 
 22.34500  0.51662  0.51665 
 22.44500  0.51450  0.51453 
 22.54500  0.51238  0.51239 
 22.64500  0.51025  0.51026 
 22.74500  0.50813  0.50815 
 22.84500  0.50605  0.50607 
 22.94500  0.50399  0.50400 
 23.04500  0.50197  0.50200 
 23.14500  0.50002  0.50005 
 23.24500  0.49814  0.49816 
 23.34500  0.49634  0.49638 
 23.44500  0.49461  0.49465 
 23.54500  0.49301  0.49302 
 23.64500  0.49148  0.49151 
 23.74500  0.49006  0.49010 
 23.84500  0.48878  0.48881 
 23.94500  0.48762  0.48766 
 24.04500  0.48659  0.48665 
 24.14500  0.48570  0.48574 
 24.24500  0.48497  0.48500 
 24.34500  0.48436  0.48440 
 24.44500  0.48393  0.48395 
 24.54500  0.48362  0.48367 
 24.64500  0.48350  0.48353 
 24.74500  0.48354  0.48357 
 24.84500  0.48373  0.48376 
 24.94500  0.48407  0.48411 
 25.04500  0.48458  0.48462 
 25.14500  0.48526  0.48528 
 25.24500  0.48606  0.48609 
 25.34500  0.48705  0.48705 
 25.44500  0.48816  0.48819 
 25.54500  0.48941  0.48945 
 25.64500  0.49079  0.49085 
 25.74500  0.49234  0.49237 
 25.84500  0.49400  0.49402 
 25.94500  0.49576  0.49578 
 26.04500  0.49763  0.49766 
 26.14500  0.49962  0.49960 
 26.24500  0.50168  0.50170 
 26.34500  0.50382  0.50384 
 26.44500  0.50603  0.50605 
 26.54500  0.50832  0.50833 
 26.64500  0.51064  0.51065 
 26.74500  0.51302  0.51302 
 26.84500  0.51541  0.51540 
 26.94500  0.51779  0.51781 
 27.04500  0.52021  0.52022 
 27.14500  0.52261  0.52262 
 27.24500  0.52499  0.52500 
 27.34500  0.52735  0.52735 
 27.44500  0.52964  0.52965 
 27.54500  0.53192  0.53190 
 27.64500  0.53411  0.53407 
 27.74500  0.53619  0.53620 
 27.84500  0.53823  0.53820 
 27.94500  0.54015  0.54015 
 28.04500  0.54196  0.54196 
 28.14500  0.54367  0.54367 
 28.24500  0.54524  0.54525 
 28.34500  0.54669  0.54669 
 28.44500  0.54800  0.54799 
 28.54500  0.54916  0.54914 
 28.64500  0.55015  0.55015 
 28.74500  0.55101  0.55099 
 28.84500  0.55168  0.55167 
 28.94500  0.55220  0.55218 
 29.04500  0.55254  0.55252 
 29.14500  0.55271  0.55269 
 29.24500  0.55268  0.55267 
 29.34500  0.55250  0.55248 
 29.44500  0.55213  0.55212 
 29.54500  0.55159  0.55159 
 29.64500  0.55088  0.55087 
 29.74500  0.54998  0.54995 
 29.84500  0.54895  0.54892 
 29.94500  0.54772  0.54770 
 30.04500  0.54634  0.54633 
 30.14500  0.54480  0.54480 
 30.24500  0.54313  0.54312 
 30.34500  0.54131  0.54128 
 30.44500  0.53933  0.53930 
 30.54500  0.53725  0.53726 
 30.64500  0.53507  0.53506 
 30.74500  0.53276  0.53275 
 30.84500  0.53036  0.53036 
 30.94500  0.52788  0.52788 
 31.04500  0.52531  0.52531 
 31.14500  0.52269  0.52270 
 31.24500  0.52002  0.52002 
 31.34500  0.51730  0.51730 
 31.44500  0.51454  0.51455 
 31.54500  0.51177  0.51180 
 31.64500  0.50900  0.50903 
 31.74500  0.50626  0.50627 
 31.84500  0.50354  0.50354 
 31.94500  0.50082  0.50083 
 32.04500  0.49816  0.49818 
 32.14500  0.49556  0.49558 
 32.24500  0.49304  0.49305 
 32.34500  0.49058  0.49060 
 32.44500  0.48823  0.48825 
 32.54500  0.48597  0.48599 
 32.64500  0.48383  0.48384 
 32.74500  0.48180  0.48180 
 32.84500  0.47990  0.47994 
 32.94500  0.47816  0.47818 
 33.04500  0.47656  0.47657 
 33.14500  0.47511  0.47514 
 33.24500  0.47380  0.47384 
 33.34500  0.47269  0.47275 
 33.44500  0.47174  0.47178 
 33.54500  0.47097  0.47100 
 33.64500  0.47039  0.47041 
 33.74500  0.46998  0.47002 
 33.84500  0.46975  0.46980 
 33.94500  0.46971  0.46976 
 34.04500  0.46989  0.46991 
 34.14500  0.47022  0.47026 
 34.24500  0.47075  0.47078 
 34.34500  0.47146  0.47149 
 34.44500  0.47234  0.47235 
 34.54500  0.47340  0.47344 
 34.64500  0.47465  0.47467 
 34.74500  0.47604  0.47608 
 34.84500  0.47761  0.47764 
 34.94500  0.47932  0.47936 
 35.04500  0.48118  0.48121 
 35.14500  0.48318  0.48320 
 35.24500  0.48530  0.48534 
 35.34500  0.48755  0.48757 
 35.44500  0.48990  0.48993 
 35.54500  0.49235  0.49240 
 35.64500  0.49489  0.49492 
 35.74500  0.49753  0.49754 
 35.84500  0.50019  0.50023 
 35.94500  0.50294  0.50297 
 36.04500  0.50574  0.50574 
 36.14500  0.50855  0.50856 
 36.24500  0.51137  0.51139 
 36.34500  0.51422  0.51423 
 36.44500  0.51705  0.51706 
 36.54500  0.51986  0.51988 
 36.64500  0.52265  0.52265 
 36.74500  0.52541  0.52539 
 36.84500  0.52808  0.52810 
 36.94500  0.53072  0.53071 
 37.04500  0.53326  0.53325 
 37.14500  0.53572  0.53572 
 37.24500  0.53810  0.53808 
 37.34500  0.54035  0.54034 
 37.44500  0.54251  0.54249 
 37.54500  0.54452  0.54450 
 37.64500  0.54642  0.54641 
 37.74500  0.54818  0.54817 
 37.84500  0.54980  0.54979 
 37.94500  0.55126  0.55124 
 38.04500  0.55256  0.55254 
 38.14500  0.55370  0.55368 
 38.24500  0.55467  0.55466 
 38.34500  0.55551  0.55547 
 38.44500  0.55615  0.55613 
 38.54500  0.55662  0.55660 
 38.64500  0.55693  0.55691 
 38.74500  0.55706  0.55704 
 38.84500  0.55701  0.55699 
 38.94500  0.55683  0.55681 
 39.04500  0.55645  0.55644 
 39.14500  0.55594  0.55592 
 39.24500  0.55526  0.55524 
 39.34500  0.55443  0.55441 
 39.44500  0.55345  0.55344 
 39.54500  0.55232  0.55231 
 39.64500  0.55106  0.55106 
 39.74500  0.54969  0.54968 
 39.84500  0.54820  0.54819 
 39.94500  0.54659  0.54658 
 40.04500  0.54488  0.54488 
 40.14500  0.54311  0.54307 
 40.24500  0.54121  0.54120 
 40.34500  0.53927  0.53928 
 40.44500  0.53726  0.53725 
 40.54500  0.53521  0.53520 
 40.64500  0.53308  0.53309 
 40.74500  0.53095  0.53096 
 40.84500  0.52880  0.52882 
 40.94500  0.52667  0.52666 
 41.04500  0.52452  0.52451 
 41.14500  0.52239  0.52237 
 41.24500  0.52026  0.52026 
 41.34500  0.51817  0.51820 
 41.44500  0.51614  0.51610 
 41.54500  0.51416  0.51415 
 41.64500  0.51223  0.51223 
 41.74500  0.51037  0.51037 
 41.84500  0.50859  0.50860 
 41.94500  0.50690  0.50691 
 42.04500  0.50530  0.50531 
 42.14500  0.50380  0.50381 
 42.24500  0.50242  0.50242 
 42.34500  0.50114  0.50113 
 42.44500  0.49996  0.49997 
 42.54500  0.49891  0.49895 
 42.64500  0.49800  0.49799 
 42.74500  0.49719  0.49718 
 42.84500  0.49650  0.49651 
 42.94500  0.49596  0.49595 
 43.04500  0.49552  0.49553 
 43.14500  0.49522  0.49523 
 43.24500  0.49506  0.49505 
 43.34500  0.49499  0.49500 
 43.44500  0.49507  0.49506 
 43.54500  0.49525  0.49525 
 43.64500  0.49555  0.49555 
 43.74500  0.49595  0.49595 
 43.84500  0.49644  0.49645 
 43.94500  0.49704  0.49704 
 44.04500  0.49773  0.49773 
 44.14500  0.49848  0.49849 
 44.24500  0.49933  0.49932 
 44.34500  0.50024  0.50024 
 44.44500  0.50119  0.50115 
 44.54500  0.50219  0.50215 
 44.64500  0.50325  0.50325 
 44.74500  0.50431  0.50430 
 44.84500  0.50541  0.50538 
 44.94500  0.50650  0.50648 
 45.04500  0.50757  0.50757 
 45.14500  0.50868  0.50865 
 45.24500  0.50975  0.50974 
 45.34500  0.51078  0.51075 
 45.44500  0.51176  0.51175 
 45.54500  0.51271  0.51267 
 45.64500  0.51358  0.51355 
 45.74500  0.51437  0.51435 
 45.84500  0.51511  0.51507 
 45.94500  0.51573  0.51571 
 46.04500  0.51629  0.51625 
 46.14500  0.51673  0.51670 
 46.24500  0.51705  0.51702 
 46.34500  0.51726  0.51724 
 46.44500  0.51734  0.51730 
 46.54500  0.51731  0.51728 
 46.64500  0.51714  0.51710 
 46.74500  0.51682  0.51680 
 46.84500  0.51638  0.51635 
 46.94500  0.51578  0.51575 
 47.04500  0.51504  0.51501 
 47.14500  0.51416  0.51415 
 47.24500  0.51313  0.51311 
 47.34500  0.51196  0.51193 
 47.44500  0.51063  0.51061 
 47.54500  0.50918  0.50915 
 47.64500  0.50758  0.50755 
 47.74500  0.50584  0.50582 
 47.84500  0.50397  0.50396 
 47.94500  0.50198  0.50198 
 48.04500  0.49986  0.49985 
 48.14500  0.49764  0.49762 
 48.24500  0.49530  0.49530 
 48.34500  0.49287  0.49285 
 48.44500  0.49035  0.49034 
 48.54500  0.48775  0.48773 
 48.64500  0.48506  0.48506 
 48.74500  0.48233  0.48232 
 48.84500  0.47952  0.47952 
 48.94500  0.47669  0.47669 
 49.04500  0.47381  0.47382 
 49.14500  0.47092  0.47093 
 49.24500  0.46804  0.46804 
 49.34500  0.46514  0.46516 
 49.44500  0.46226  0.46228 
 49.54500  0.45941  0.45943 
 49.64500  0.45660  0.45662 
 49.74500  0.45382  0.45385 
 49.84500  0.45112  0.45117 
 49.94500  0.44849  0.44853 
 50.04500  0.44595  0.44600 
 50.14500  0.44350  0.44353 
 50.24500  0.44115  0.44119 
 50.34500  0.43892  0.43895 
 50.44500  0.43681  0.43684 
 50.54500  0.43484  0.43488 
 50.64500  0.43300  0.43305 
 50.74500  0.43133  0.43137 
 50.84500  0.42980  0.42985 
 50.94500  0.42845  0.42850 
 51.04500  0.42727  0.42730 
 51.14500  0.42626  0.42629 
 51.24500  0.42542  0.42547 
 51.34500  0.42478  0.42482 
 51.44500  0.42433  0.42436 
 51.54500  0.42406  0.42410 
 51.64500  0.42399  0.42400 
 51.74500  0.42409  0.42414 
 51.84500  0.42440  0.42444 
 51.94500  0.42489  0.42493 
 52.04500  0.42558  0.42561 
 52.14500  0.42644  0.42647 
 52.24500  0.42749  0.42753 
 52.34500  0.42872  0.42876 
 52.44500  0.43011  0.43015 
 52.54500  0.43168  0.43171 
 52.64500  0.43339  0.43342 
 52.74500  0.43525  0.43530 
 52.84500  0.43727  0.43730 
 52.94500  0.43941  0.43943 
 53.04500  0.44167  0.44169 
 53.14500  0.44404  0.44407 
 53.24500  0.44652  0.44653 
 53.34500  0.44907  0.44909 
 53.44500  0.45172  0.45173 
 53.54500  0.45441  0.45442 
 53.64500  0.45717  0.45716 
 53.74500  0.45996  0.45995 
 53.84500  0.46276  0.46276 
 53.94500  0.46559  0.46558 
 54.04500  0.46841  0.46838 
 54.14500  0.47121  0.47118 
 54.24500  0.47397  0.47395 
 54.34500  0.47668  0.47665 
 54.44500  0.47932  0.47930 
 54.54500  0.48190  0.48187 
 54.64500  0.48439  0.48435 
 54.74500  0.48677  0.48673 
 54.84500  0.48904  0.48899 
 54.94500  0.49116  0.49110 
 55.04500  0.49314  0.49309 
 55.14500  0.49498  0.49492 
 55.24500  0.49662  0.49658 
 55.34500  0.49811  0.49805 
 55.44500  0.49938  0.49932 
 55.54500  0.50046  0.50040 
 55.64500  0.50133  0.50126 
 55.74500  0.50196  0.50189 
 55.84500  0.50237  0.50231 
 55.94500  0.50253  0.50248 
 56.04500  0.50245  0.50239 
 56.14500  0.50211  0.50204 
 56.24500  0.50155  0.50146 
 56.34500  0.50067  0.50062 
 56.44500  0.49955  0.49948 
 56.54500  0.49816  0.49809 
 56.64500  0.49648  0.49641 
 56.74500  0.49455  0.49447 
 56.84500  0.49231  0.49224 
 56.94500  0.48981  0.48973 
 57.04500  0.48704  0.48694 
 57.14500  0.48398  0.48391 
 57.24500  0.48065  0.48058 
 57.34500  0.47706  0.47699 
 57.44500  0.47321  0.47310 
 57.54500  0.46908  0.46902 
 57.64500  0.46470  0.46465 
 57.74500  0.46009  0.46002 
 57.84500  0.45522  0.45515 
 57.94500  0.45015  0.45008 
 58.04500  0.44482  0.44477 
 58.14500  0.43931  0.43924 
 58.24500  0.43355  0.43349 
 58.34500  0.42761  0.42759 
 58.44500  0.42150  0.42144 
 58.54500  0.41519  0.41516 
 58.64500  0.40875  0.40870 
 58.74500  0.40215  0.40210 
 58.84500  0.39538  0.39536 
 58.94500  0.38852  0.38848 
 59.04500  0.38153  0.38151 
 59.14500  0.37444  0.37442 
 59.24500  0.36726  0.36725 
 59.34500  0.36002  0.36001 
 59.44500  0.35271  0.35270 
 59.54500  0.34537  0.34536 
 59.64500  0.33799  0.33799 
 59.74500  0.33058  0.33059 
 59.84500  0.32318  0.32319 
 59.94500  0.31578  0.31580 
 60.04500  0.30841  0.30843 
 60.14500  0.30107  0.30110 
 60.24500  0.29379  0.29383 
 60.34500  0.28657  0.28660 
 60.44500  0.27943  0.27946 
 60.54500  0.27237  0.27245 
 60.64500  0.26542  0.26546 
 60.74500  0.25858  0.25863 
 60.84500  0.25187  0.25191 
 60.94500  0.24528  0.24535 
 61.04500  0.23886  0.23893 
 61.14500  0.23261  0.23267 
 61.24500  0.22651  0.22660 
 61.34500  0.22060  0.22067 
 61.44500  0.21489  0.21496 
 61.54500  0.20937  0.20945 
 61.64500  0.20407  0.20414 
 61.74500  0.19898  0.19905 
 61.84500  0.19412  0.19420 
 61.94500  0.18949  0.18958 
 62.04500  0.18512  0.18520 
 62.14500  0.18097  0.18110 
 62.24500  0.17711  0.17720 
 62.34500  0.17350  0.17360 
 62.44500  0.17017  0.17026 
 62.54500  0.16708  0.16718 
 62.64500  0.16430  0.16440 
 62.74500  0.16179  0.16190 
 62.84500  0.15957  0.15970 
 62.94500  0.15766  0.15776 
 63.04500  0.15602  0.15611 
 63.14500  0.15467  0.15478 
 63.24500  0.15362  0.15376 
 63.34500  0.15287  0.15298 
 63.44500  0.15243  0.15256 
