  0.04500  0.99996  1.00000 
  0.14500  0.99996  1.00000 
  0.24500  0.99997  1.00000 
  0.34500  0.99997  1.00000 
  0.44500  0.99997  1.00000 
  0.54500  0.99997  1.00000 
  0.64500  0.99999  1.00000 
  0.74500  0.99999  1.00000 
  0.84500  0.99997  1.00000 
  0.94500  0.99997  1.00000 
  1.04500  0.99998  1.00000 
  1.14500  0.99998  1.00000 
  1.24500  0.99999  1.00000 
  1.34500  0.99994  1.00000 
  1.44500  0.99994  1.00000 
  1.54500  0.99993  0.99993 
  1.64500  0.99990  0.99990 
  1.74500  0.99984  0.99988 
  1.84500  0.99977  0.99980 
  1.94500  0.99967  0.99968 
  2.04500  0.99952  0.99955 
  2.14500  0.99930  0.99932 
  2.24500  0.99899  0.99901 
  2.34500  0.99856  0.99859 
  2.44500  0.99795  0.99799 
  2.54500  0.99715  0.99715 
  2.64500  0.99603  0.99605 
  2.74500  0.99454  0.99455 
  2.84500  0.99258  0.99258 
  2.94500  0.98999  0.99001 
  3.04500  0.98668  0.98666 
  3.14500  0.98241  0.98241 
  3.24500  0.97704  0.97706 
  3.34500  0.97038  0.97038 
  3.44500  0.96213  0.96218 
  3.54500  0.95216  0.95220 
  3.64500  0.94018  0.94022 
  3.74500  0.92600  0.92602 
  3.84500  0.90939  0.90936 
  3.94500  0.89013  0.89005 
  4.04500  0.86811  0.86798 
  4.14500  0.84318  0.84302 
  4.24500  0.81528  0.81514 
  4.34500  0.78444  0.78439 
  4.44500  0.75081  0.75085 
  4.54500  0.71460  0.71472 
  4.64500  0.67613  0.67626 
  4.74500  0.63572  0.63582 
  4.84500  0.59375  0.59383 
  4.94500  0.55067  0.55071 
  5.04500  0.50697  0.50698 
  5.14500  0.46317  0.46319 
  5.24500  0.41983  0.41981 
  5.34500  0.37748  0.37741 
  5.44500  0.33654  0.33645 
  5.54500  0.29743  0.29733 
  5.64500  0.26049  0.26045 
  5.74500  0.22605  0.22609 
  5.84500  0.19435  0.19449 
  5.94500  0.16557  0.16577 
  6.04500  0.13980  0.13996 
  6.14500  0.11702  0.11716 
  6.24500  0.09715  0.09722 
  6.34500  0.08005  0.08006 
  6.44500  0.06556  0.06555 
  6.54500  0.05353  0.05353 
  6.64500  0.04380  0.04379 
  6.74500  0.03622  0.03624 
  6.84500  0.03064  0.03067 
  6.94500  0.02697  0.02699 
  7.04500  0.02505  0.02511 
  7.14500  0.02494  0.02497 
  7.24500  0.02658  0.02661 
  7.34500  0.02999  0.03002 
  7.44500  0.03528  0.03530 
  7.54500  0.04259  0.04258 
  7.64500  0.05200  0.05197 
  7.74500  0.06367  0.06366 
  7.84500  0.07778  0.07780 
  7.94500  0.09451  0.09459 
  8.04500  0.11398  0.11408 
  8.14500  0.13634  0.13649 
  8.24500  0.16167  0.16184 
  8.34500  0.19000  0.19014 
  8.44500  0.22129  0.22136 
  8.54500  0.25536  0.25533 
  8.64500  0.29194  0.29186 
  8.74500  0.33077  0.33067 
  8.84500  0.37147  0.37141 
  8.94500  0.41365  0.41361 
  9.04500  0.45687  0.45687 
  9.14500  0.50063  0.50065 
  9.24500  0.54440  0.54442 
  9.34500  0.58760  0.58764 
  9.44500  0.62974  0.62984 
  9.54500  0.67039  0.67053 
  9.64500  0.70918  0.70929 
  9.74500  0.74573  0.74578 
  9.84500  0.77976  0.77971 
  9.94500  0.81101  0.81087 
 10.04500  0.83932  0.83916 
 10.14500  0.86469  0.86455 
 10.24500  0.88713  0.88703 
 10.34500  0.90675  0.90670 
 10.44500  0.92373  0.92373 
 10.54500  0.93823  0.93824 
 10.64500  0.95047  0.95052 
 10.74500  0.96070  0.96074 
 10.84500  0.96909  0.96910 
 10.94500  0.97589  0.97590 
 11.04500  0.98129  0.98129 
 11.14500  0.98549  0.98551 
 11.24500  0.98867  0.98867 
 11.34500  0.99094  0.99096 
 11.44500  0.99243  0.99243 
 11.54500  0.99323  0.99324 
 11.64500  0.99335  0.99336 
 11.74500  0.99282  0.99283 
 11.84500  0.99160  0.99160 
 11.94500  0.98964  0.98962 
 12.04500  0.98681  0.98680 
 12.14500  0.98303  0.98303 
 12.24500  0.97809  0.97809 
 12.34500  0.97185  0.97187 
 12.44500  0.96408  0.96414 
 12.54500  0.95457  0.95462 
 12.64500  0.94314  0.94318 
 12.74500  0.92951  0.92955 
 12.84500  0.91351  0.91349 
 12.94500  0.89490  0.89484 
 13.04500  0.87356  0.87344 
 13.14500  0.84931  0.84917 
 13.24500  0.82212  0.82198 
 13.34500  0.79196  0.79188 
 13.44500  0.75899  0.75897 
 13.54500  0.72335  0.72345 
 13.64500  0.68538  0.68549 
 13.74500  0.64538  0.64551 
 13.84500  0.60376  0.60382 
 13.94500  0.56091  0.56094 
 14.04500  0.51729  0.51731 
 14.14500  0.47347  0.47348 
 14.24500  0.42996  0.42998 
 14.34500  0.38735  0.38728 
 14.44500  0.34603  0.34595 
 14.54500  0.30646  0.30635 
 14.64500  0.26896  0.26893 
 14.74500  0.23390  0.23395 
 14.84500  0.20155  0.20167 
 14.94500  0.17207  0.17225 
 15.04500  0.14561  0.14577 
 15.14500  0.12213  0.12225 
 15.24500  0.10157  0.10165 
 15.34500  0.08382  0.08385 
 15.44500  0.06874  0.06874 
 15.54500  0.05615  0.05616 
 15.64500  0.04590  0.04589 
 15.74500  0.03784  0.03783 
 15.84500  0.03178  0.03180 
 15.94500  0.02766  0.02770 
 16.04500  0.02534  0.02537 
 16.14500  0.02479  0.02484 
 16.24500  0.02601  0.02606 
 16.34500  0.02902  0.02906 
 16.44500  0.03387  0.03389 
 16.54500  0.04069  0.04068 
 16.64500  0.04959  0.04956 
 16.74500  0.06072  0.06070 
 16.84500  0.07423  0.07424 
 16.94500  0.09032  0.09037 
 17.04500  0.10913  0.10923 
 17.14500  0.13081  0.13095 
 17.24500  0.15542  0.15559 
 17.34500  0.18305  0.18323 
 17.44500  0.21365  0.21374 
 17.54500  0.24709  0.24707 
 17.64500  0.28311  0.28303 
 17.74500  0.32144  0.32135 
 17.84500  0.36174  0.36164 
 17.94500  0.40361  0.40356 
 18.04500  0.44664  0.44661 
 18.14500  0.49032  0.49033 
 18.24500  0.53411  0.53413 
 18.34500  0.57750  0.57753 
 18.44500  0.61993  0.62002 
 18.54500  0.66098  0.66111 
 18.64500  0.70023  0.70033 
 18.74500  0.73733  0.73740 
 18.84500  0.77197  0.77194 
 18.94500  0.80389  0.80378 
 19.04500  0.83289  0.83272 
 19.14500  0.85894  0.85879 
 19.24500  0.88201  0.88190 
 19.34500  0.90225  0.90218 
 19.44500  0.91977  0.91975 
 19.54500  0.93473  0.93475 
 19.64500  0.94736  0.94740 
 19.74500  0.95782  0.95786 
 19.84500  0.96637  0.96639 
 19.94500  0.97314  0.97314 
 20.04500  0.97834  0.97832 
 20.14500  0.98211  0.98209 
 20.24500  0.98457  0.98456 
 20.34500  0.98582  0.98580 
 20.44500  0.98590  0.98588 
 20.54500  0.98481  0.98481 
 20.64500  0.98253  0.98252 
 20.74500  0.97894  0.97893 
 20.84500  0.97395  0.97397 
 20.94500  0.96744  0.96744 
 21.04500  0.95917  0.95918 
 21.14500  0.94896  0.94898 
 21.24500  0.93663  0.93667 
 21.34500  0.92203  0.92201 
 21.44500  0.90489  0.90483 
 21.54500  0.88504  0.88493 
 21.64500  0.86236  0.86221 
 21.74500  0.83675  0.83658 
 21.84500  0.80816  0.80804 
 21.94500  0.77666  0.77661 
 22.04500  0.74239  0.74243 
 22.14500  0.70561  0.70571 
 22.24500  0.66664  0.66675 
 22.34500  0.62583  0.62592 
 22.44500  0.58355  0.58360 
 22.54500  0.54028  0.54030 
 22.64500  0.49649  0.49651 
 22.74500  0.45275  0.45276 
 22.84500  0.40962  0.40959 
 22.94500  0.36756  0.36746 
 23.04500  0.32700  0.32691 
 23.14500  0.28836  0.28828 
 23.24500  0.25198  0.25195 
 23.34500  0.21814  0.21822 
 23.44500  0.18710  0.18724 
 23.54500  0.15900  0.15918 
 23.64500  0.13389  0.13404 
 23.74500  0.11171  0.11180 
 23.84500  0.09235  0.09242 
 23.94500  0.07570  0.07569 
 24.04500  0.06154  0.06152 
 24.14500  0.04972  0.04972 
 24.24500  0.04005  0.04005 
 24.34500  0.03231  0.03233 
 24.44500  0.02639  0.02641 
 24.54500  0.02210  0.02211 
 24.64500  0.01932  0.01934 
 24.74500  0.01796  0.01801 
 24.84500  0.01801  0.01804 
 24.94500  0.01946  0.01948 
 25.04500  0.02234  0.02236 
 25.14500  0.02674  0.02674 
 25.24500  0.03279  0.03279 
 25.34500  0.04063  0.04063 
 25.44500  0.05046  0.05044 
 25.54500  0.06242  0.06244 
 25.64500  0.07672  0.07675 
 25.74500  0.09357  0.09364 
 25.84500  0.11311  0.11321 
 25.94500  0.13548  0.13564 
 26.04500  0.16082  0.16099 
 26.14500  0.18911  0.18926 
 26.24500  0.22034  0.22040 
 26.34500  0.25436  0.25434 
 26.44500  0.29093  0.29082 
 26.54500  0.32970  0.32959 
 26.64500  0.37034  0.37027 
 26.74500  0.41249  0.41249 
 26.84500  0.45571  0.45571 
 26.94500  0.49948  0.49947 
 27.04500  0.54324  0.54324 
 27.14500  0.58646  0.58651 
 27.24500  0.62864  0.62872 
 27.34500  0.66934  0.66945 
 27.44500  0.70816  0.70828 
 27.54500  0.74478  0.74483 
 27.64500  0.77887  0.77883 
 27.74500  0.81020  0.81008 
 27.84500  0.83860  0.83845 
 27.94500  0.86405  0.86388 
 28.04500  0.88654  0.88646 
 28.14500  0.90623  0.90619 
 28.24500  0.92325  0.92325 
 28.34500  0.93779  0.93783 
 28.44500  0.95006  0.95008 
 28.54500  0.96024  0.96028 
 28.64500  0.96862  0.96863 
 28.74500  0.97530  0.97532 
 28.84500  0.98056  0.98055 
 28.94500  0.98456  0.98454 
 29.04500  0.98741  0.98741 
 29.14500  0.98927  0.98926 
 29.24500  0.99019  0.99017 
 29.34500  0.99023  0.99021 
 29.44500  0.98939  0.98936 
 29.54500  0.98761  0.98759 
 29.64500  0.98481  0.98479 
 29.74500  0.98093  0.98092 
 29.84500  0.97577  0.97576 
 29.94500  0.96920  0.96921 
 30.04500  0.96096  0.96100 
 30.14500  0.95093  0.95097 
 30.24500  0.93881  0.93887 
 30.34500  0.92449  0.92448 
 30.44500  0.90767  0.90761 
 30.54500  0.88820  0.88809 
 30.64500  0.86592  0.86577 
 30.74500  0.84071  0.84054 
 30.84500  0.81255  0.81240 
 30.94500  0.78144  0.78138 
 31.04500  0.74756  0.74758 
 31.14500  0.71114  0.71124 
 31.24500  0.67247  0.67259 
 31.34500  0.63189  0.63200 
 31.44500  0.58981  0.58987 
 31.54500  0.54665  0.54666 
 31.64500  0.50291  0.50292 
 31.74500  0.45912  0.45913 
 31.84500  0.41586  0.41582 
 31.94500  0.37360  0.37353 
 32.04500  0.33283  0.33270 
 32.14500  0.29388  0.29379 
 32.24500  0.25713  0.25709 
 32.34500  0.22289  0.22296 
 32.44500  0.19142  0.19157 
 32.54500  0.16288  0.16304 
 32.64500  0.13729  0.13746 
 32.74500  0.11462  0.11477 
 32.84500  0.09482  0.09489 
 32.94500  0.07769  0.07771 
 33.04500  0.06307  0.06305 
 33.14500  0.05076  0.05072 
 33.24500  0.04054  0.04052 
 33.34500  0.03221  0.03223 
 33.44500  0.02561  0.02560 
 33.54500  0.02051  0.02052 
 33.64500  0.01679  0.01680 
 33.74500  0.01427  0.01432 
 33.84500  0.01292  0.01296 
 33.94500  0.01265  0.01268 
 34.04500  0.01347  0.01352 
 34.14500  0.01541  0.01543 
 34.24500  0.01852  0.01855 
 34.34500  0.02293  0.02293 
 34.44500  0.02878  0.02876 
 34.54500  0.03623  0.03622 
 34.64500  0.04549  0.04547 
 34.74500  0.05675  0.05673 
 34.84500  0.07023  0.07022 
 34.94500  0.08610  0.08614 
 35.04500  0.10458  0.10468 
 35.14500  0.12581  0.12597 
 35.24500  0.14995  0.15013 
 35.34500  0.17705  0.17720 
 35.44500  0.20711  0.20720 
 35.54500  0.24004  0.24002 
 35.64500  0.27556  0.27549 
 35.74500  0.31346  0.31334 
 35.84500  0.35341  0.35330 
 35.94500  0.39499  0.39493 
 36.04500  0.43782  0.43779 
 36.14500  0.48142  0.48142 
 36.24500  0.52525  0.52525 
 36.34500  0.56875  0.56879 
 36.44500  0.61144  0.61150 
 36.54500  0.65279  0.65290 
 36.64500  0.69244  0.69254 
 36.74500  0.72999  0.73008 
 36.84500  0.76516  0.76515 
 36.94500  0.79763  0.79753 
 37.04500  0.82727  0.82711 
 37.14500  0.85393  0.85376 
 37.24500  0.87764  0.87749 
 37.34500  0.89847  0.89838 
 37.44500  0.91654  0.91655 
 37.54500  0.93209  0.93209 
 37.64500  0.94527  0.94530 
 37.74500  0.95630  0.95632 
 37.84500  0.96538  0.96541 
 37.94500  0.97273  0.97274 
 38.04500  0.97856  0.97857 
 38.14500  0.98306  0.98305 
 38.24500  0.98636  0.98636 
 38.34500  0.98862  0.98862 
 38.44500  0.98992  0.98991 
 38.54500  0.99032  0.99029 
 38.64500  0.98983  0.98982 
 38.74500  0.98844  0.98844 
 38.84500  0.98608  0.98609 
 38.94500  0.98269  0.98266 
 39.04500  0.97806  0.97807 
 39.14500  0.97209  0.97208 
 39.24500  0.96457  0.96458 
 39.34500  0.95528  0.95533 
 39.44500  0.94409  0.94412 
 39.54500  0.93067  0.93070 
 39.64500  0.91491  0.91486 
 39.74500  0.89654  0.89647 
 39.84500  0.87544  0.87533 
 39.94500  0.85146  0.85128 
 40.04500  0.82451  0.82436 
 40.14500  0.79462  0.79452 
 40.24500  0.76184  0.76184 
 40.34500  0.72644  0.72652 
 40.44500  0.68865  0.68877 
 40.54500  0.64882  0.64893 
 40.64500  0.60732  0.60737 
 40.74500  0.56453  0.56456 
 40.84500  0.52097  0.52097 
 40.94500  0.47714  0.47714 
 41.04500  0.43360  0.43359 
 41.14500  0.39088  0.39082 
 41.24500  0.34945  0.34932 
 41.34500  0.30970  0.30960 
 41.44500  0.27202  0.27196 
 41.54500  0.23676  0.23679 
 41.64500  0.20417  0.20425 
 41.74500  0.17445  0.17460 
 41.84500  0.14772  0.14788 
 41.94500  0.12398  0.12413 
 42.04500  0.10320  0.10327 
 42.14500  0.08522  0.08526 
 42.24500  0.06991  0.06990 
 42.34500  0.05712  0.05711 
 42.44500  0.04669  0.04666 
 42.54500  0.03842  0.03842 
 42.64500  0.03222  0.03223 
 42.74500  0.02794  0.02797 
 42.84500  0.02548  0.02551 
 42.94500  0.02478  0.02482 
 43.04500  0.02586  0.02588 
 43.14500  0.02872  0.02873 
 43.24500  0.03341  0.03342 
 43.34500  0.04005  0.04002 
 43.44500  0.04876  0.04875 
 43.54500  0.05971  0.05969 
 43.64500  0.07301  0.07300 
 43.74500  0.08889  0.08892 
 43.84500  0.10746  0.10754 
 43.94500  0.12891  0.12904 
 44.04500  0.15326  0.15344 
 44.14500  0.18064  0.18079 
 44.24500  0.21100  0.21108 
 44.34500  0.24420  0.24419 
 44.44500  0.28002  0.27993 
 44.54500  0.31815  0.31804 
 44.64500  0.35831  0.35821 
 44.74500  0.40006  0.40001 
 44.84500  0.44300  0.44299 
 44.94500  0.48665  0.48665 
 45.04500  0.53048  0.53047 
 45.14500  0.57390  0.57393 
 45.24500  0.61645  0.61652 
 45.34500  0.65760  0.65771 
 45.44500  0.69702  0.69714 
 45.54500  0.73431  0.73437 
 45.64500  0.76915  0.76913 
 45.74500  0.80128  0.80116 
 45.84500  0.83051  0.83037 
 45.94500  0.85676  0.85661 
 46.04500  0.88005  0.87991 
 46.14500  0.90044  0.90037 
 46.24500  0.91807  0.91805 
 46.34500  0.93309  0.93311 
 46.44500  0.94569  0.94572 
 46.54500  0.95606  0.95609 
 46.64500  0.96437  0.96438 
 46.74500  0.97078  0.97078 
 46.84500  0.97545  0.97542 
 46.94500  0.97846  0.97842 
 47.04500  0.97994  0.97989 
 47.14500  0.97989  0.97987 
 47.24500  0.97834  0.97833 
 47.34500  0.97525  0.97524 
 47.44500  0.97053  0.97050 
 47.54500  0.96404  0.96404 
 47.64500  0.95563  0.95565 
 47.74500  0.94518  0.94520 
 47.84500  0.93245  0.93247 
 47.94500  0.91732  0.91728 
 48.04500  0.89955  0.89946 
 48.14500  0.87904  0.87888 
 48.24500  0.85561  0.85546 
 48.34500  0.82923  0.82906 
 48.44500  0.79986  0.79974 
 48.54500  0.76760  0.76758 
 48.64500  0.73263  0.73270 
 48.74500  0.69525  0.69534 
 48.84500  0.65573  0.65583 
 48.94500  0.61449  0.61456 
 49.04500  0.57191  0.57192 
 49.14500  0.52844  0.52843 
 49.24500  0.48462  0.48461 
 49.34500  0.44097  0.44097 
 49.44500  0.39808  0.39803 
 49.54500  0.35640  0.35629 
 49.64500  0.31633  0.31620 
 49.74500  0.27825  0.27816 
 49.84500  0.24254  0.24251 
 49.94500  0.20940  0.20951 
 50.04500  0.17913  0.17928 
 50.14500  0.15179  0.15198 
 50.24500  0.12744  0.12757 
 50.34500  0.10596  0.10603 
 50.44500  0.08725  0.08727 
 50.54500  0.07111  0.07112 
 50.64500  0.05740  0.05736 
 50.74500  0.04584  0.04582 
 50.84500  0.03625  0.03622 
 50.94500  0.02841  0.02840 
 51.04500  0.02207  0.02209 
 51.14500  0.01707  0.01709 
 51.24500  0.01320  0.01322 
 51.34500  0.01028  0.01031 
 51.44500  0.00822  0.00823 
 51.54500  0.00688  0.00689 
 51.64500  0.00621  0.00620 
 51.74500  0.00615  0.00616 
 51.84500  0.00672  0.00670 
 51.94500  0.00791  0.00793 
 52.04500  0.00986  0.00987 
 52.14500  0.01260  0.01260 
 52.24500  0.01627  0.01627 
 52.34500  0.02105  0.02106 
 52.44500  0.02711  0.02712 
 52.54500  0.03466  0.03464 
 52.64500  0.04390  0.04388 
 52.74500  0.05508  0.05505 
 52.84500  0.06838  0.06836 
 52.94500  0.08404  0.08405 
 53.04500  0.10226  0.10232 
 53.14500  0.12322  0.12332 
 53.24500  0.14704  0.14719 
 53.34500  0.17380  0.17395 
 53.44500  0.20354  0.20364 
 53.54500  0.23614  0.23614 
 53.64500  0.27140  0.27132 
 53.74500  0.30906  0.30893 
 53.84500  0.34877  0.34867 
 53.94500  0.39018  0.39014 
 54.04500  0.43289  0.43289 
 54.14500  0.47644  0.47644 
 54.24500  0.52027  0.52026 
 54.34500  0.56385  0.56386 
 54.44500  0.60663  0.60670 
 54.54500  0.64816  0.64826 
 54.64500  0.68802  0.68814 
 54.74500  0.72584  0.72591 
 54.84500  0.76128  0.76129 
 54.94500  0.79409  0.79399 
 55.04500  0.82404  0.82388 
 55.14500  0.85101  0.85084 
 55.24500  0.87503  0.87489 
 55.34500  0.89616  0.89607 
 55.44500  0.91452  0.91446 
 55.54500  0.93026  0.93027 
 55.64500  0.94361  0.94363 
 55.74500  0.95474  0.95478 
 55.84500  0.96388  0.96390 
 55.94500  0.97117  0.97119 
 56.04500  0.97685  0.97686 
 56.14500  0.98107  0.98104 
 56.24500  0.98393  0.98391 
 56.34500  0.98556  0.98553 
 56.44500  0.98601  0.98598 
 56.54500  0.98530  0.98528 
 56.64500  0.98340  0.98338 
 56.74500  0.98026  0.98023 
 56.84500  0.97571  0.97570 
 56.94500  0.96969  0.96969 
 57.04500  0.96198  0.96201 
 57.14500  0.95242  0.95245 
 57.24500  0.94081  0.94083 
 57.34500  0.92693  0.92694 
 57.44500  0.91060  0.91058 
 57.54500  0.89163  0.89156 
 57.64500  0.86988  0.86972 
 57.74500  0.84520  0.84502 
 57.84500  0.81756  0.81739 
 57.94500  0.78695  0.78687 
 58.04500  0.75353  0.75354 
 58.14500  0.71752  0.71761 
 58.24500  0.67922  0.67933 
 58.34500  0.63893  0.63904 
 58.44500  0.59708  0.59714 
 58.54500  0.55408  0.55409 
 58.64500  0.51040  0.51039 
 58.74500  0.46659  0.46658 
 58.84500  0.42319  0.42317 
 58.94500  0.38073  0.38066 
 59.04500  0.33967  0.33956 
 59.14500  0.30039  0.30027 
 59.24500  0.26322  0.26319 
 59.34500  0.22856  0.22858 
 59.44500  0.19658  0.19671 
 59.54500  0.16751  0.16768 
 59.64500  0.14140  0.14156 
 59.74500  0.11824  0.11834 
 59.84500  0.09792  0.09797 
 59.94500  0.08027  0.08031 
 60.04500  0.06515  0.06513 
 60.14500  0.05233  0.05228 
 60.24500  0.04158  0.04157 
 60.34500  0.03269  0.03267 
 60.44500  0.02544  0.02542 
 60.54500  0.01956  0.01957 
 60.64500  0.01489  0.01492 
 60.74500  0.01121  0.01122 
 60.84500  0.00836  0.00837 
 60.94500  0.00616  0.00615 
 61.04500  0.00450  0.00450 
 61.14500  0.00325  0.00325 
 61.24500  0.00233  0.00231 
 61.34500  0.00165  0.00163 
 61.44500  0.00115  0.00114 
 61.54500  0.00079  0.00079 
 61.64500  0.00055  0.00053 
 61.74500  0.00037  0.00036 
 61.84500  0.00025  0.00024 
 61.94500  0.00018  0.00016 
 62.04500  0.00011  0.00010 
 62.14500  0.00007  0.00010 
 62.24500  0.00005  0.00001 
 62.34500  0.00005  0.00000 
 62.44500  0.00002  0.00000 
 62.54500  0.00001  0.00000 
 62.64500  0.00001  0.00000 
 62.74500  0.00001  0.00000 
 62.84500  0.00003  0.00000 
 62.94500  0.00001  0.00000 
 63.04500  0.00000  0.00000 
 63.14500  0.00002  0.00000 
 63.24500  0.00002  0.00000 
 63.34500  0.00003  0.00000 
 63.44500  0.00002  0.00000 
