  0.04500  0.80623  0.80630 
  0.14500  0.80605  0.80612 
  0.24500  0.80568  0.80575 
  0.34500  0.80513  0.80520 
  0.44500  0.80441  0.80448 
  0.54500  0.80348  0.80355 
  0.64500  0.80239  0.80246 
  0.74500  0.80110  0.80118 
  0.84500  0.79964  0.79972 
  0.94500  0.79800  0.79808 
  1.04500  0.79619  0.79627 
  1.14500  0.79423  0.79430 
  1.24500  0.79208  0.79214 
  1.34500  0.78977  0.78985 
  1.44500  0.78733  0.78738 
  1.54500  0.78469  0.78476 
  1.64500  0.78193  0.78200 
  1.74500  0.77901  0.77905 
  1.84500  0.77597  0.77602 
  1.94500  0.77276  0.77283 
  2.04500  0.76946  0.76951 
  2.14500  0.76601  0.76605 
  2.24500  0.76245  0.76249 
  2.34500  0.75876  0.75881 
  2.44500  0.75499  0.75502 
  2.54500  0.75109  0.75113 
  2.64500  0.74711  0.74717 
  2.74500  0.74304  0.74308 
  2.84500  0.73889  0.73893 
  2.94500  0.73466  0.73471 
  3.04500  0.73039  0.73042 
  3.14500  0.72604  0.72606 
  3.24500  0.72164  0.72167 
  3.34500  0.71717  0.71720 
  3.44500  0.71270  0.71270 
  3.54500  0.70817  0.70820 
  3.64500  0.70363  0.70365 
  3.74500  0.69908  0.69908 
  3.84500  0.69451  0.69452 
  3.94500  0.68993  0.68994 
  4.04500  0.68537  0.68537 
  4.14500  0.68079  0.68081 
  4.24500  0.67628  0.67626 
  4.34500  0.67176  0.67175 
  4.44500  0.66727  0.66726 
  4.54500  0.66282  0.66281 
  4.64500  0.65841  0.65840 
  4.74500  0.65404  0.65405 
  4.84500  0.64975  0.64975 
  4.94500  0.64551  0.64551 
  5.04500  0.64136  0.64134 
  5.14500  0.63727  0.63724 
  5.24500  0.63327  0.63320 
  5.34500  0.62933  0.62931 
  5.44500  0.62548  0.62545 
  5.54500  0.62170  0.62170 
  5.64500  0.61807  0.61804 
  5.74500  0.61449  0.61450 
  5.84500  0.61105  0.61103 
  5.94500  0.60769  0.60768 
  6.04500  0.60445  0.60444 
  6.14500  0.60134  0.60131 
  6.24500  0.59833  0.59829 
  6.34500  0.59545  0.59540 
  6.44500  0.59266  0.59263 
  6.54500  0.59000  0.58997 
  6.64500  0.58747  0.58743 
  6.74500  0.58504  0.58502 
  6.84500  0.58273  0.58271 
  6.94500  0.58057  0.58053 
  7.04500  0.57851  0.57850 
  7.14500  0.57658  0.57654 
  7.24500  0.57475  0.57472 
  7.34500  0.57305  0.57302 
  7.44500  0.57148  0.57142 
  7.54500  0.57000  0.56996 
  7.64500  0.56861  0.56858 
  7.74500  0.56738  0.56733 
  7.84500  0.56623  0.56618 
  7.94500  0.56518  0.56515 
  8.04500  0.56422  0.56419 
  8.14500  0.56338  0.56334 
  8.24500  0.56261  0.56258 
  8.34500  0.56193  0.56190 
  8.44500  0.56135  0.56131 
  8.54500  0.56084  0.56080 
  8.64500  0.56041  0.56037 
  8.74500  0.56004  0.56002 
  8.84500  0.55976  0.55970 
  8.94500  0.55953  0.55947 
  9.04500  0.55933  0.55928 
  9.14500  0.55920  0.55916 
  9.24500  0.55911  0.55909 
  9.34500  0.55906  0.55900 
  9.44500  0.55905  0.55900 
  9.54500  0.55909  0.55905 
  9.64500  0.55915  0.55910 
  9.74500  0.55923  0.55918 
  9.84500  0.55931  0.55927 
  9.94500  0.55942  0.55937 
 10.04500  0.55952  0.55948 
 10.14500  0.55963  0.55959 
 10.24500  0.55975  0.55971 
 10.34500  0.55985  0.55981 
 10.44500  0.55994  0.55991 
 10.54500  0.56003  0.56000 
 10.64500  0.56010  0.56007 
 10.74500  0.56015  0.56010 
 10.84500  0.56017  0.56010 
 10.94500  0.56017  0.56010 
 11.04500  0.56014  0.56010 
 11.14500  0.56008  0.56003 
 11.24500  0.55998  0.55994 
 11.34500  0.55984  0.55980 
 11.44500  0.55967  0.55963 
 11.54500  0.55945  0.55942 
 11.64500  0.55922  0.55917 
 11.74500  0.55892  0.55888 
 11.84500  0.55859  0.55855 
 11.94500  0.55821  0.55816 
 12.04500  0.55779  0.55774 
 12.14500  0.55733  0.55729 
 12.24500  0.55683  0.55678 
 12.34500  0.55628  0.55623 
 12.44500  0.55569  0.55565 
 12.54500  0.55508  0.55502 
 12.64500  0.55441  0.55436 
 12.74500  0.55370  0.55365 
 12.84500  0.55296  0.55293 
 12.94500  0.55220  0.55215 
 13.04500  0.55141  0.55135 
 13.14500  0.55058  0.55052 
 13.24500  0.54974  0.54968 
 13.34500  0.54886  0.54879 
 13.44500  0.54796  0.54789 
 13.54500  0.54704  0.54697 
 13.64500  0.54610  0.54605 
 13.74500  0.54515  0.54510 
 13.84500  0.54419  0.54415 
 13.94500  0.54323  0.54315 
 14.04500  0.54227  0.54225 
 14.14500  0.54132  0.54125 
 14.24500  0.54037  0.54028 
 14.34500  0.53940  0.53935 
 14.44500  0.53845  0.53838 
 14.54500  0.53752  0.53745 
 14.64500  0.53659  0.53654 
 14.74500  0.53568  0.53563 
 14.84500  0.53480  0.53474 
 14.94500  0.53394  0.53389 
 15.04500  0.53310  0.53305 
 15.14500  0.53231  0.53224 
 15.24500  0.53152  0.53145 
 15.34500  0.53077  0.53071 
 15.44500  0.53006  0.52999 
 15.54500  0.52937  0.52930 
 15.64500  0.52873  0.52866 
 15.74500  0.52812  0.52806 
 15.84500  0.52755  0.52749 
 15.94500  0.52702  0.52695 
 16.04500  0.52652  0.52647 
 16.14500  0.52608  0.52602 
 16.24500  0.52568  0.52561 
 16.34500  0.52531  0.52525 
 16.44500  0.52499  0.52492 
 16.54500  0.52470  0.52462 
 16.64500  0.52445  0.52438 
 16.74500  0.52424  0.52417 
 16.84500  0.52406  0.52399 
 16.94500  0.52392  0.52385 
 17.04500  0.52382  0.52375 
 17.14500  0.52375  0.52370 
 17.24500  0.52371  0.52363 
 17.34500  0.52370  0.52360 
 17.44500  0.52370  0.52366 
 17.54500  0.52376  0.52370 
 17.64500  0.52382  0.52377 
 17.74500  0.52393  0.52385 
 17.84500  0.52403  0.52396 
 17.94500  0.52416  0.52408 
 18.04500  0.52429  0.52423 
 18.14500  0.52444  0.52436 
 18.24500  0.52456  0.52452 
 18.34500  0.52472  0.52467 
 18.44500  0.52488  0.52484 
 18.54500  0.52505  0.52500 
 18.64500  0.52522  0.52515 
 18.74500  0.52537  0.52531 
 18.84500  0.52551  0.52545 
 18.94500  0.52564  0.52557 
 19.04500  0.52577  0.52569 
 19.14500  0.52586  0.52580 
 19.24500  0.52593  0.52590 
 19.34500  0.52601  0.52595 
 19.44500  0.52605  0.52600 
 19.54500  0.52607  0.52600 
 19.64500  0.52606  0.52600 
 19.74500  0.52603  0.52600 
 19.84500  0.52597  0.52590 
 19.94500  0.52590  0.52582 
 20.04500  0.52575  0.52570 
 20.14500  0.52560  0.52555 
 20.24500  0.52542  0.52537 
 20.34500  0.52520  0.52515 
 20.44500  0.52496  0.52490 
 20.54500  0.52467  0.52462 
 20.64500  0.52437  0.52432 
 20.74500  0.52402  0.52396 
 20.84500  0.52365  0.52360 
 20.94500  0.52324  0.52319 
 21.04500  0.52280  0.52276 
 21.14500  0.52234  0.52230 
 21.24500  0.52185  0.52180 
 21.34500  0.52134  0.52130 
 21.44500  0.52080  0.52075 
 21.54500  0.52025  0.52020 
 21.64500  0.51968  0.51963 
 21.74500  0.51909  0.51903 
 21.84500  0.51848  0.51843 
 21.94500  0.51788  0.51781 
 22.04500  0.51725  0.51719 
 22.14500  0.51661  0.51655 
 22.24500  0.51596  0.51591 
 22.34500  0.51531  0.51528 
 22.44500  0.51468  0.51464 
 22.54500  0.51405  0.51401 
 22.64500  0.51344  0.51339 
 22.74500  0.51282  0.51277 
 22.84500  0.51224  0.51217 
 22.94500  0.51164  0.51158 
 23.04500  0.51107  0.51103 
 23.14500  0.51053  0.51048 
 23.24500  0.50999  0.50995 
 23.34500  0.50952  0.50946 
 23.44500  0.50904  0.50901 
 23.54500  0.50862  0.50858 
 23.64500  0.50823  0.50818 
 23.74500  0.50787  0.50782 
 23.84500  0.50755  0.50749 
 23.94500  0.50725  0.50720 
 24.04500  0.50702  0.50697 
 24.14500  0.50681  0.50677 
 24.24500  0.50666  0.50662 
 24.34500  0.50655  0.50650 
 24.44500  0.50648  0.50643 
 24.54500  0.50645  0.50640 
 24.64500  0.50649  0.50645 
 24.74500  0.50656  0.50652 
 24.84500  0.50668  0.50665 
 24.94500  0.50685  0.50681 
 25.04500  0.50706  0.50702 
 25.14500  0.50732  0.50729 
 25.24500  0.50764  0.50758 
 25.34500  0.50798  0.50794 
 25.44500  0.50836  0.50832 
 25.54500  0.50878  0.50874 
 25.64500  0.50925  0.50920 
 25.74500  0.50975  0.50970 
 25.84500  0.51028  0.51025 
 25.94500  0.51085  0.51081 
 26.04500  0.51143  0.51139 
 26.14500  0.51207  0.51201 
 26.24500  0.51268  0.51267 
 26.34500  0.51335  0.51333 
 26.44500  0.51402  0.51400 
 26.54500  0.51473  0.51469 
 26.64500  0.51544  0.51539 
 26.74500  0.51615  0.51609 
 26.84500  0.51686  0.51681 
 26.94500  0.51756  0.51752 
 27.04500  0.51826  0.51823 
 27.14500  0.51895  0.51893 
 27.24500  0.51965  0.51962 
 27.34500  0.52033  0.52030 
 27.44500  0.52099  0.52095 
 27.54500  0.52165  0.52159 
 27.64500  0.52225  0.52221 
 27.74500  0.52283  0.52278 
 27.84500  0.52339  0.52335 
 27.94500  0.52390  0.52385 
 28.04500  0.52439  0.52435 
 28.14500  0.52483  0.52479 
 28.24500  0.52524  0.52520 
 28.34500  0.52561  0.52555 
 28.44500  0.52591  0.52587 
 28.54500  0.52620  0.52614 
 28.64500  0.52640  0.52635 
 28.74500  0.52656  0.52653 
 28.84500  0.52669  0.52663 
 28.94500  0.52673  0.52670 
 29.04500  0.52675  0.52670 
 29.14500  0.52669  0.52665 
 29.24500  0.52660  0.52655 
 29.34500  0.52642  0.52638 
 29.44500  0.52621  0.52618 
 29.54500  0.52595  0.52590 
 29.64500  0.52562  0.52557 
 29.74500  0.52522  0.52520 
 29.84500  0.52481  0.52477 
 29.94500  0.52434  0.52430 
 30.04500  0.52378  0.52375 
 30.14500  0.52322  0.52317 
 30.24500  0.52260  0.52256 
 30.34500  0.52194  0.52190 
 30.44500  0.52120  0.52119 
 30.54500  0.52048  0.52045 
 30.64500  0.51973  0.51968 
 30.74500  0.51891  0.51887 
 30.84500  0.51808  0.51803 
 30.94500  0.51722  0.51718 
 31.04500  0.51634  0.51630 
 31.14500  0.51544  0.51540 
 31.24500  0.51453  0.51449 
 31.34500  0.51361  0.51357 
 31.44500  0.51267  0.51265 
 31.54500  0.51174  0.51173 
 31.64500  0.51082  0.51079 
 31.74500  0.50990  0.50987 
 31.84500  0.50900  0.50896 
 31.94500  0.50811  0.50807 
 32.04500  0.50723  0.50719 
 32.14500  0.50636  0.50633 
 32.24500  0.50553  0.50550 
 32.34500  0.50472  0.50470 
 32.44500  0.50394  0.50393 
 32.54500  0.50320  0.50319 
 32.64500  0.50252  0.50250 
 32.74500  0.50188  0.50184 
 32.84500  0.50127  0.50123 
 32.94500  0.50069  0.50066 
 33.04500  0.50018  0.50015 
 33.14500  0.49971  0.49969 
 33.24500  0.49931  0.49929 
 33.34500  0.49896  0.49895 
 33.44500  0.49868  0.49865 
 33.54500  0.49845  0.49842 
 33.64500  0.49827  0.49825 
 33.74500  0.49818  0.49814 
 33.84500  0.49810  0.49810 
 33.94500  0.49813  0.49810 
 34.04500  0.49822  0.49819 
 34.14500  0.49836  0.49834 
 34.24500  0.49857  0.49855 
 34.34500  0.49883  0.49882 
 34.44500  0.49916  0.49915 
 34.54500  0.49955  0.49952 
 34.64500  0.49999  0.49998 
 34.74500  0.50050  0.50048 
 34.84500  0.50106  0.50104 
 34.94500  0.50169  0.50165 
 35.04500  0.50233  0.50231 
 35.14500  0.50304  0.50303 
 35.24500  0.50380  0.50377 
 35.34500  0.50458  0.50457 
 35.44500  0.50542  0.50541 
 35.54500  0.50629  0.50628 
 35.64500  0.50720  0.50718 
 35.74500  0.50813  0.50813 
 35.84500  0.50910  0.50905 
 35.94500  0.51008  0.51005 
 36.04500  0.51109  0.51105 
 36.14500  0.51209  0.51205 
 36.24500  0.51310  0.51307 
 36.34500  0.51413  0.51415 
 36.44500  0.51516  0.51515 
 36.54500  0.51620  0.51615 
 36.64500  0.51723  0.51724 
 36.74500  0.51826  0.51825 
 36.84500  0.51925  0.51925 
 36.94500  0.52025  0.52025 
 37.04500  0.52120  0.52116 
 37.14500  0.52215  0.52214 
 37.24500  0.52306  0.52304 
 37.34500  0.52394  0.52392 
 37.44500  0.52480  0.52479 
 37.54500  0.52561  0.52560 
 37.64500  0.52639  0.52637 
 37.74500  0.52713  0.52712 
 37.84500  0.52782  0.52780 
 37.94500  0.52847  0.52845 
 38.04500  0.52906  0.52906 
 38.14500  0.52963  0.52960 
 38.24500  0.53012  0.53010 
 38.34500  0.53056  0.53055 
 38.44500  0.53095  0.53094 
 38.54500  0.53128  0.53128 
 38.64500  0.53158  0.53155 
 38.74500  0.53181  0.53179 
 38.84500  0.53197  0.53196 
 38.94500  0.53209  0.53208 
 39.04500  0.53214  0.53210 
 39.14500  0.53216  0.53210 
 39.24500  0.53210  0.53210 
 39.34500  0.53200  0.53199 
 39.44500  0.53188  0.53185 
 39.54500  0.53166  0.53164 
 39.64500  0.53140  0.53140 
 39.74500  0.53112  0.53110 
 39.84500  0.53078  0.53075 
 39.94500  0.53038  0.53038 
 40.04500  0.52996  0.52994 
 40.14500  0.52951  0.52950 
 40.24500  0.52902  0.52900 
 40.34500  0.52848  0.52846 
 40.44500  0.52791  0.52790 
 40.54500  0.52732  0.52731 
 40.64500  0.52669  0.52670 
 40.74500  0.52606  0.52607 
 40.84500  0.52541  0.52540 
 40.94500  0.52475  0.52473 
 41.04500  0.52407  0.52405 
 41.14500  0.52339  0.52335 
 41.24500  0.52266  0.52265 
 41.34500  0.52196  0.52194 
 41.44500  0.52124  0.52123 
 41.54500  0.52052  0.52052 
 41.64500  0.51982  0.51981 
 41.74500  0.51911  0.51911 
 41.84500  0.51842  0.51841 
 41.94500  0.51773  0.51773 
 42.04500  0.51706  0.51703 
 42.14500  0.51639  0.51639 
 42.24500  0.51575  0.51574 
 42.34500  0.51511  0.51511 
 42.44500  0.51450  0.51449 
 42.54500  0.51391  0.51390 
 42.64500  0.51332  0.51333 
 42.74500  0.51278  0.51277 
 42.84500  0.51224  0.51225 
 42.94500  0.51174  0.51175 
 43.04500  0.51125  0.51125 
 43.14500  0.51079  0.51079 
 43.24500  0.51034  0.51033 
 43.34500  0.50992  0.50992 
 43.44500  0.50952  0.50952 
 43.54500  0.50915  0.50914 
 43.64500  0.50880  0.50878 
 43.74500  0.50844  0.50845 
 43.84500  0.50812  0.50812 
 43.94500  0.50781  0.50781 
 44.04500  0.50752  0.50751 
 44.14500  0.50722  0.50723 
 44.24500  0.50696  0.50696 
 44.34500  0.50669  0.50670 
 44.44500  0.50643  0.50645 
 44.54500  0.50618  0.50620 
 44.64500  0.50596  0.50595 
 44.74500  0.50572  0.50570 
 44.84500  0.50545  0.50545 
 44.94500  0.50520  0.50520 
 45.04500  0.50492  0.50492 
 45.14500  0.50466  0.50466 
 45.24500  0.50437  0.50437 
 45.34500  0.50408  0.50408 
 45.44500  0.50376  0.50377 
 45.54500  0.50344  0.50344 
 45.64500  0.50309  0.50308 
 45.74500  0.50271  0.50270 
 45.84500  0.50231  0.50231 
 45.94500  0.50188  0.50188 
 46.04500  0.50142  0.50143 
 46.14500  0.50094  0.50095 
 46.24500  0.50042  0.50043 
 46.34500  0.49987  0.49987 
 46.44500  0.49929  0.49929 
 46.54500  0.49868  0.49868 
 46.64500  0.49802  0.49803 
 46.74500  0.49733  0.49733 
 46.84500  0.49661  0.49660 
 46.94500  0.49584  0.49584 
 47.04500  0.49504  0.49504 
 47.14500  0.49421  0.49420 
 47.24500  0.49332  0.49333 
 47.34500  0.49242  0.49243 
 47.44500  0.49147  0.49145 
 47.54500  0.49049  0.49045 
 47.64500  0.48949  0.48945 
 47.74500  0.48844  0.48845 
 47.84500  0.48737  0.48737 
 47.94500  0.48628  0.48628 
 48.04500  0.48515  0.48516 
 48.14500  0.48400  0.48401 
 48.24500  0.48285  0.48284 
 48.34500  0.48165  0.48166 
 48.44500  0.48047  0.48046 
 48.54500  0.47926  0.47925 
 48.64500  0.47802  0.47803 
 48.74500  0.47681  0.47679 
 48.84500  0.47556  0.47556 
 48.94500  0.47433  0.47433 
 49.04500  0.47310  0.47311 
 49.14500  0.47188  0.47188 
 49.24500  0.47069  0.47068 
 49.34500  0.46949  0.46948 
 49.44500  0.46831  0.46830 
 49.54500  0.46715  0.46714 
 49.64500  0.46601  0.46600 
 49.74500  0.46490  0.46490 
 49.84500  0.46381  0.46384 
 49.94500  0.46277  0.46275 
 50.04500  0.46178  0.46175 
 50.14500  0.46081  0.46081 
 50.24500  0.45990  0.45988 
 50.34500  0.45903  0.45900 
 50.44500  0.45819  0.45818 
 50.54500  0.45741  0.45740 
 50.64500  0.45669  0.45667 
 50.74500  0.45602  0.45600 
 50.84500  0.45540  0.45539 
 50.94500  0.45485  0.45482 
 51.04500  0.45434  0.45432 
 51.14500  0.45392  0.45388 
 51.24500  0.45353  0.45352 
 51.34500  0.45321  0.45319 
 51.44500  0.45295  0.45293 
 51.54500  0.45276  0.45274 
 51.64500  0.45263  0.45261 
 51.74500  0.45255  0.45251 
 51.84500  0.45253  0.45250 
 51.94500  0.45257  0.45255 
 52.04500  0.45267  0.45265 
 52.14500  0.45283  0.45281 
 52.24500  0.45304  0.45301 
 52.34500  0.45330  0.45326 
 52.44500  0.45359  0.45356 
 52.54500  0.45393  0.45391 
 52.64500  0.45433  0.45430 
 52.74500  0.45474  0.45472 
 52.84500  0.45520  0.45518 
 52.94500  0.45569  0.45565 
 53.04500  0.45620  0.45616 
 53.14500  0.45673  0.45670 
 53.24500  0.45728  0.45725 
 53.34500  0.45784  0.45781 
 53.44500  0.45839  0.45837 
 53.54500  0.45896  0.45893 
 53.64500  0.45951  0.45949 
 53.74500  0.46007  0.46004 
 53.84500  0.46060  0.46056 
 53.94500  0.46114  0.46110 
 54.04500  0.46160  0.46156 
 54.14500  0.46205  0.46202 
 54.24500  0.46246  0.46244 
 54.34500  0.46283  0.46281 
 54.44500  0.46314  0.46311 
 54.54500  0.46340  0.46339 
 54.64500  0.46361  0.46358 
 54.74500  0.46375  0.46372 
 54.84500  0.46381  0.46380 
 54.94500  0.46380  0.46378 
 55.04500  0.46370  0.46366 
 55.14500  0.46350  0.46348 
 55.24500  0.46322  0.46320 
 55.34500  0.46285  0.46282 
 55.44500  0.46237  0.46235 
 55.54500  0.46176  0.46176 
 55.64500  0.46108  0.46105 
 55.74500  0.46026  0.46023 
 55.84500  0.45934  0.45934 
 55.94500  0.45828  0.45824 
 56.04500  0.45710  0.45707 
 56.14500  0.45580  0.45576 
 56.24500  0.45437  0.45435 
 56.34500  0.45280  0.45277 
 56.44500  0.45110  0.45108 
 56.54500  0.44926  0.44925 
 56.64500  0.44730  0.44729 
 56.74500  0.44519  0.44516 
 56.84500  0.44295  0.44292 
 56.94500  0.44058  0.44054 
 57.04500  0.43807  0.43803 
 57.14500  0.43542  0.43539 
 57.24500  0.43262  0.43260 
 57.34500  0.42972  0.42965 
 57.44500  0.42668  0.42664 
 57.54500  0.42349  0.42347 
 57.64500  0.42020  0.42017 
 57.74500  0.41679  0.41675 
 57.84500  0.41324  0.41321 
 57.94500  0.40960  0.40956 
 58.04500  0.40583  0.40578 
 58.14500  0.40196  0.40190 
 58.24500  0.39797  0.39790 
 58.34500  0.39389  0.39386 
 58.44500  0.38973  0.38969 
 58.54500  0.38547  0.38544 
 58.64500  0.38116  0.38110 
 58.74500  0.37675  0.37669 
 58.84500  0.37227  0.37220 
 58.94500  0.36774  0.36767 
 59.04500  0.36313  0.36307 
 59.14500  0.35848  0.35843 
 59.24500  0.35379  0.35374 
 59.34500  0.34906  0.34901 
 59.44500  0.34432  0.34425 
 59.54500  0.33955  0.33948 
 59.64500  0.33476  0.33470 
 59.74500  0.32998  0.32991 
 59.84500  0.32519  0.32512 
 59.94500  0.32043  0.32034 
 60.04500  0.31566  0.31557 
 60.14500  0.31093  0.31085 
 60.24500  0.30623  0.30614 
 60.34500  0.30159  0.30149 
 60.44500  0.29697  0.29687 
 60.54500  0.29242  0.29233 
 60.64500  0.28792  0.28784 
 60.74500  0.28353  0.28343 
 60.84500  0.27916  0.27909 
 60.94500  0.27495  0.27483 
 61.04500  0.27078  0.27068 
 61.14500  0.26674  0.26660 
 61.24500  0.26279  0.26267 
 61.34500  0.25896  0.25885 
 61.44500  0.25525  0.25513 
 61.54500  0.25167  0.25155 
 61.64500  0.24823  0.24810 
 61.74500  0.24491  0.24479 
 61.84500  0.24174  0.24163 
 61.94500  0.23873  0.23861 
 62.04500  0.23588  0.23575 
 62.14500  0.23319  0.23305 
 62.24500  0.23065  0.23052 
 62.34500  0.22831  0.22817 
 62.44500  0.22612  0.22598 
 62.54500  0.22410  0.22396 
 62.64500  0.22228  0.22214 
 62.74500  0.22063  0.22050 
 62.84500  0.21919  0.21904 
 62.94500  0.21791  0.21778 
 63.04500  0.21684  0.21669 
 63.14500  0.21597  0.21581 
 63.24500  0.21528  0.21513 
 63.34500  0.21478  0.21464 
 63.44500  0.21450  0.21436 
