  0.04500  1.00000  1.00000 
  0.14500  1.00000  1.00000 
  0.24500  1.00000  1.00000 
  0.34500  1.00000  1.00000 
  0.44500  1.00000  1.00000 
  0.54500  1.00000  1.00000 
  0.64500  1.00000  1.00000 
  0.74500  1.00000  1.00000 
  0.84500  1.00000  1.00000 
  0.94500  1.00000  1.00000 
  1.04500  1.00000  1.00000 
  1.14500  1.00000  1.00000 
  1.24500  1.00000  1.00000 
  1.34500  1.00000  1.00000 
  1.44500  1.00000  1.00000 
  1.54500  1.00000  1.00000 
  1.64500  1.00000  1.00000 
  1.74500  1.00000  1.00000 
  1.84500  1.00000  1.00000 
  1.94500  1.00001  1.00000 
  2.04500  1.00001  1.00000 
  2.14500  1.00000  1.00000 
  2.24500  1.00000  1.00000 
  2.34500  1.00000  1.00000 
  2.44500  1.00000  1.00000 
  2.54500  0.99999  1.00000 
  2.64500  0.99997  1.00000 
  2.74500  0.99995  0.99991 
  2.84500  0.99988  0.99988 
  2.94500  0.99977  0.99976 
  3.04500  0.99956  0.99956 
  3.14500  0.99922  0.99922 
  3.24500  0.99861  0.99864 
  3.34500  0.99768  0.99770 
  3.44500  0.99615  0.99618 
  3.54500  0.99383  0.99383 
  3.64500  0.99030  0.99029 
  3.74500  0.98511  0.98507 
  3.84500  0.97770  0.97762 
  3.94500  0.96737  0.96727 
  4.04500  0.95331  0.95322 
  4.14500  0.93474  0.93472 
  4.24500  0.91091  0.91099 
  4.34500  0.88119  0.88134 
  4.44500  0.84516  0.84534 
  4.54500  0.80267  0.80277 
  4.64500  0.75386  0.75381 
  4.74500  0.69924  0.69899 
  4.84500  0.63958  0.63923 
  4.94500  0.57615  0.57586 
  5.04500  0.51053  0.51048 
  5.14500  0.44459  0.44482 
  5.24500  0.38028  0.38062 
  5.34500  0.31927  0.31957 
  5.44500  0.26292  0.26304 
  5.54500  0.21221  0.21213 
  5.64500  0.16767  0.16750 
  5.74500  0.12958  0.12940 
  5.84500  0.09788  0.09779 
  5.94500  0.07224  0.07226 
  6.04500  0.05207  0.05215 
  6.14500  0.03668  0.03677 
  6.24500  0.02524  0.02533 
  6.34500  0.01695  0.01702 
  6.44500  0.01115  0.01117 
  6.54500  0.00716  0.00715 
  6.64500  0.00450  0.00448 
  6.74500  0.00276  0.00275 
  6.84500  0.00170  0.00170 
  6.94500  0.00108  0.00107 
  7.04500  0.00081  0.00080 
  7.14500  0.00079  0.00077 
  7.24500  0.00102  0.00103 
  7.34500  0.00159  0.00158 
  7.44500  0.00258  0.00256 
  7.54500  0.00419  0.00418 
  7.64500  0.00669  0.00670 
  7.74500  0.01046  0.01048 
  7.84500  0.01599  0.01606 
  7.94500  0.02384  0.02395 
  8.04500  0.03479  0.03489 
  8.14500  0.04957  0.04965 
  8.24500  0.06901  0.06902 
  8.34500  0.09382  0.09374 
  8.44500  0.12461  0.12445 
  8.54500  0.16178  0.16159 
  8.64500  0.20538  0.20528 
  8.74500  0.25523  0.25531 
  8.84500  0.31082  0.31109 
  8.94500  0.37123  0.37157 
  9.04500  0.43517  0.43541 
  9.14500  0.50097  0.50097 
  9.24500  0.56675  0.56650 
  9.34500  0.63061  0.63026 
  9.44500  0.69090  0.69061 
  9.54500  0.74632  0.74623 
  9.64500  0.79598  0.79609 
  9.74500  0.83941  0.83960 
  9.84500  0.87638  0.87654 
  9.94500  0.90699  0.90708 
 10.04500  0.93164  0.93161 
 10.14500  0.95093  0.95085 
 10.24500  0.96558  0.96549 
 10.34500  0.97641  0.97633 
 10.44500  0.98420  0.98415 
 10.54500  0.98967  0.98964 
 10.64500  0.99340  0.99341 
 10.74500  0.99589  0.99588 
 10.84500  0.99749  0.99750 
 10.94500  0.99852  0.99852 
 11.04500  0.99914  0.99915 
 11.14500  0.99952  0.99952 
 11.24500  0.99975  0.99974 
 11.34500  0.99987  0.99986 
 11.44500  0.99993  0.99990 
 11.54500  0.99998  0.99995 
 11.64500  0.99998  0.99999 
 11.74500  0.99995  0.99990 
 11.84500  0.99991  0.99990 
 11.94500  0.99980  0.99978 
 12.04500  0.99963  0.99962 
 12.14500  0.99931  0.99931 
 12.24500  0.99879  0.99880 
 12.34500  0.99795  0.99794 
 12.44500  0.99658  0.99660 
 12.54500  0.99448  0.99446 
 12.64500  0.99126  0.99125 
 12.74500  0.98653  0.98647 
 12.84500  0.97969  0.97961 
 12.94500  0.97011  0.96999 
 13.04500  0.95700  0.95689 
 13.14500  0.93957  0.93950 
 13.24500  0.91703  0.91707 
 13.34500  0.88875  0.88889 
 13.44500  0.85422  0.85441 
 13.54500  0.81324  0.81339 
 13.64500  0.76591  0.76591 
 13.74500  0.71258  0.71238 
 13.84500  0.65402  0.65369 
 13.94500  0.59134  0.59102 
 14.04500  0.52607  0.52597 
 14.14500  0.46006  0.46021 
 14.24500  0.39519  0.39552 
 14.34500  0.33325  0.33358 
 14.44500  0.27572  0.27587 
 14.54500  0.22362  0.22358 
 14.64500  0.17760  0.17742 
 14.74500  0.13798  0.13776 
 14.84500  0.10480  0.10467 
 14.94500  0.07776  0.07776 
 15.04500  0.05637  0.05645 
 15.14500  0.03991  0.04002 
 15.24500  0.02760  0.02771 
 15.34500  0.01865  0.01873 
 15.44500  0.01232  0.01236 
 15.54500  0.00795  0.00796 
 15.64500  0.00502  0.00501 
 15.74500  0.00311  0.00309 
 15.84500  0.00190  0.00188 
 15.94500  0.00119  0.00119 
 16.04500  0.00084  0.00084 
 16.14500  0.00078  0.00076 
 16.24500  0.00093  0.00094 
 16.34500  0.00143  0.00140 
 16.44500  0.00230  0.00228 
 16.54500  0.00376  0.00374 
 16.64500  0.00600  0.00601 
 16.74500  0.00944  0.00946 
 16.84500  0.01450  0.01455 
 16.94500  0.02175  0.02185 
 17.04500  0.03190  0.03199 
 17.14500  0.04571  0.04578 
 17.24500  0.06396  0.06399 
 17.34500  0.08745  0.08740 
 17.44500  0.11680  0.11666 
 17.54500  0.15244  0.15225 
 17.64500  0.19454  0.19440 
 17.74500  0.24296  0.24300 
 17.84500  0.29724  0.29748 
 17.94500  0.35661  0.35696 
 18.04500  0.41987  0.42015 
 18.14500  0.48540  0.48546 
 18.24500  0.55136  0.55117 
 18.34500  0.61584  0.61549 
 18.44500  0.67709  0.67678 
 18.54500  0.73375  0.73362 
 18.64500  0.78484  0.78490 
 18.74500  0.82977  0.82994 
 18.84500  0.86825  0.86842 
 18.94500  0.90034  0.90044 
 19.04500  0.92635  0.92635 
 19.14500  0.94683  0.94675 
 19.24500  0.96251  0.96239 
 19.34500  0.97417  0.97408 
 19.44500  0.98261  0.98255 
 19.54500  0.98856  0.98853 
 19.64500  0.99265  0.99265 
 19.74500  0.99539  0.99540 
 19.84500  0.99717  0.99719 
 19.94500  0.99831  0.99833 
 20.04500  0.99901  0.99903 
 20.14500  0.99944  0.99944 
 20.24500  0.99966  0.99966 
 20.34500  0.99979  0.99977 
 20.44500  0.99979  0.99979 
 20.54500  0.99969  0.99967 
 20.64500  0.99948  0.99947 
 20.74500  0.99910  0.99910 
 20.84500  0.99843  0.99845 
 20.94500  0.99736  0.99738 
 21.04500  0.99569  0.99569 
 21.14500  0.99311  0.99311 
 21.24500  0.98924  0.98921 
 21.34500  0.98359  0.98352 
 21.44500  0.97554  0.97544 
 21.54500  0.96436  0.96427 
 21.64500  0.94932  0.94925 
 21.74500  0.92956  0.92954 
 21.84500  0.90436  0.90444 
 21.94500  0.87316  0.87334 
 22.04500  0.83558  0.83577 
 22.14500  0.79157  0.79165 
 22.24500  0.74131  0.74121 
 22.34500  0.68539  0.68510 
 22.44500  0.62471  0.62438 
 22.54500  0.56060  0.56037 
 22.64500  0.49473  0.49475 
 22.74500  0.42902  0.42928 
 22.84500  0.36535  0.36569 
 22.94500  0.30535  0.30560 
 23.04500  0.25028  0.25034 
 23.14500  0.20099  0.20086 
 23.24500  0.15799  0.15780 
 23.34500  0.12144  0.12129 
 23.44500  0.09123  0.09115 
 23.54500  0.06695  0.06698 
 23.64500  0.04798  0.04808 
 23.74500  0.03360  0.03371 
 23.84500  0.02299  0.02307 
 23.94500  0.01537  0.01542 
 24.04500  0.01004  0.01007 
 24.14500  0.00640  0.00640 
 24.24500  0.00400  0.00398 
 24.34500  0.00244  0.00242 
 24.44500  0.00146  0.00143 
 24.54500  0.00086  0.00086 
 24.64500  0.00052  0.00053 
 24.74500  0.00039  0.00040 
 24.84500  0.00039  0.00040 
 24.94500  0.00053  0.00056 
 25.04500  0.00089  0.00088 
 25.14500  0.00151  0.00150 
 25.24500  0.00252  0.00251 
 25.34500  0.00412  0.00412 
 25.44500  0.00661  0.00661 
 25.54500  0.01034  0.01036 
 25.64500  0.01581  0.01587 
 25.74500  0.02361  0.02369 
 25.84500  0.03445  0.03456 
 25.94500  0.04912  0.04921 
 26.04500  0.06840  0.06843 
 26.14500  0.09309  0.09299 
 26.24500  0.12371  0.12356 
 26.34500  0.16070  0.16051 
 26.44500  0.20413  0.20404 
 26.54500  0.25382  0.25391 
 26.64500  0.30926  0.30950 
 26.74500  0.36956  0.36991 
 26.84500  0.43342  0.43366 
 26.94500  0.49920  0.49920 
 27.04500  0.56500  0.56477 
 27.14500  0.62896  0.62860 
 27.24500  0.68933  0.68907 
 27.34500  0.74490  0.74480 
 27.44500  0.79475  0.79483 
 27.54500  0.83832  0.83852 
 27.64500  0.87547  0.87565 
 27.74500  0.90626  0.90636 
 27.84500  0.93106  0.93105 
 27.94500  0.95047  0.95039 
 28.04500  0.96524  0.96514 
 28.14500  0.97617  0.97609 
 28.24500  0.98403  0.98397 
 28.34500  0.98955  0.98954 
 28.44500  0.99333  0.99332 
 28.54500  0.99582  0.99585 
 28.64500  0.99747  0.99748 
 28.74500  0.99849  0.99850 
 28.84500  0.99913  0.99914 
 28.94500  0.99951  0.99951 
 29.04500  0.99974  0.99973 
 29.14500  0.99985  0.99984 
 29.24500  0.99991  0.99990 
 29.34500  0.99991  0.99990 
 29.44500  0.99986  0.99985 
 29.54500  0.99975  0.99974 
 29.64500  0.99954  0.99953 
 29.74500  0.99917  0.99919 
 29.84500  0.99855  0.99857 
 29.94500  0.99756  0.99758 
 30.04500  0.99598  0.99599 
 30.14500  0.99356  0.99355 
 30.24500  0.98991  0.98989 
 30.34500  0.98455  0.98449 
 30.44500  0.97688  0.97680 
 30.54500  0.96624  0.96614 
 30.64500  0.95179  0.95171 
 30.74500  0.93276  0.93275 
 30.84500  0.90841  0.90849 
 30.94500  0.87812  0.87829 
 31.04500  0.84148  0.84167 
 31.14500  0.79840  0.79850 
 31.24500  0.74903  0.74897 
 31.34500  0.69390  0.69363 
 31.44500  0.63383  0.63349 
 31.54500  0.57012  0.56987 
 31.64500  0.50440  0.50438 
 31.74500  0.43855  0.43878 
 31.84500  0.37446  0.37480 
 31.94500  0.31383  0.31412 
 32.04500  0.25799  0.25808 
 32.14500  0.20782  0.20771 
 32.24500  0.16387  0.16369 
 32.34500  0.12639  0.12622 
 32.44500  0.09527  0.09517 
 32.54500  0.07016  0.07017 
 32.64500  0.05045  0.05053 
 32.74500  0.03547  0.03556 
 32.84500  0.02434  0.02444 
 32.94500  0.01633  0.01639 
 33.04500  0.01071  0.01072 
 33.14500  0.00686  0.00685 
 33.24500  0.00429  0.00427 
 33.34500  0.00261  0.00259 
 33.44500  0.00156  0.00154 
 33.54500  0.00090  0.00090 
 33.64500  0.00051  0.00052 
 33.74500  0.00030  0.00031 
 33.84500  0.00019  0.00020 
 33.94500  0.00016  0.00020 
 34.04500  0.00022  0.00024 
 34.14500  0.00039  0.00039 
 34.24500  0.00069  0.00069 
 34.34500  0.00119  0.00118 
 34.44500  0.00203  0.00201 
 34.54500  0.00337  0.00335 
 34.64500  0.00545  0.00546 
 34.74500  0.00863  0.00865 
 34.84500  0.01331  0.01334 
 34.94500  0.02007  0.02014 
 35.04500  0.02957  0.02967 
 35.14500  0.04256  0.04267 
 35.24500  0.05987  0.05991 
 35.34500  0.08223  0.08220 
 35.44500  0.11034  0.11022 
 35.54500  0.14467  0.14450 
 35.64500  0.18546  0.18532 
 35.74500  0.23264  0.23263 
 35.84500  0.28578  0.28598 
 35.94500  0.34420  0.34452 
 36.04500  0.40679  0.40709 
 36.14500  0.47199  0.47210 
 36.24500  0.53803  0.53788 
 36.34500  0.60296  0.60264 
 36.44500  0.66499  0.66466 
 36.54500  0.72268  0.72251 
 36.64500  0.77495  0.77497 
 36.74500  0.82114  0.82131 
 36.84500  0.86095  0.86114 
 36.94500  0.89434  0.89445 
 37.04500  0.92153  0.92155 
 37.14500  0.94308  0.94302 
 37.24500  0.95967  0.95957 
 37.34500  0.97208  0.97199 
 37.44500  0.98113  0.98106 
 37.54500  0.98752  0.98748 
 37.64500  0.99194  0.99193 
 37.74500  0.99493  0.99494 
 37.84500  0.99687  0.99687 
 37.94500  0.99813  0.99815 
 38.04500  0.99890  0.99892 
 38.14500  0.99938  0.99938 
 38.24500  0.99966  0.99965 
 38.34500  0.99981  0.99980 
 38.44500  0.99989  0.99990 
 38.54500  0.99993  0.99990 
 38.64500  0.99989  0.99989 
 38.74500  0.99981  0.99979 
 38.84500  0.99963  0.99963 
 38.94500  0.99934  0.99935 
 39.04500  0.99884  0.99886 
 39.14500  0.99803  0.99805 
 39.24500  0.99671  0.99673 
 39.34500  0.99468  0.99469 
 39.44500  0.99158  0.99157 
 39.54500  0.98699  0.98695 
 39.64500  0.98036  0.98029 
 39.74500  0.97104  0.97092 
 39.84500  0.95826  0.95816 
 39.94500  0.94120  0.94115 
 40.04500  0.91913  0.91915 
 40.14500  0.89134  0.89149 
 40.24500  0.85735  0.85754 
 40.34500  0.81691  0.81707 
 40.44500  0.77010  0.77010 
 40.54500  0.71725  0.71707 
 40.64500  0.65909  0.65879 
 40.74500  0.59671  0.59640 
 40.84500  0.53160  0.53147 
 40.94500  0.46555  0.46569 
 41.04500  0.40053  0.40084 
 41.14500  0.33830  0.33862 
 41.24500  0.28035  0.28053 
 41.34500  0.22774  0.22773 
 41.44500  0.18119  0.18104 
 41.54500  0.14105  0.14084 
 41.64500  0.10733  0.10721 
 41.74500  0.07980  0.07976 
 41.84500  0.05796  0.05801 
 41.94500  0.04112  0.04121 
 42.04500  0.02850  0.02860 
 42.14500  0.01930  0.01937 
 42.24500  0.01277  0.01282 
 42.34500  0.00827  0.00827 
 42.44500  0.00522  0.00523 
 42.54500  0.00325  0.00323 
 42.64500  0.00199  0.00196 
 42.74500  0.00125  0.00123 
 42.84500  0.00086  0.00086 
 42.94500  0.00078  0.00076 
 43.04500  0.00091  0.00091 
 43.14500  0.00137  0.00137 
 43.24500  0.00220  0.00218 
 43.34500  0.00360  0.00357 
 43.44500  0.00578  0.00577 
 43.54500  0.00909  0.00913 
 43.64500  0.01399  0.01406 
 43.74500  0.02104  0.02113 
 43.84500  0.03093  0.03102 
 43.94500  0.04438  0.04448 
 44.04500  0.06224  0.06230 
 44.14500  0.08527  0.08522 
 44.24500  0.11411  0.11396 
 44.34500  0.14922  0.14903 
 44.44500  0.19076  0.19062 
 44.54500  0.23867  0.23868 
 44.64500  0.29250  0.29274 
 44.74500  0.35150  0.35183 
 44.84500  0.41446  0.41474 
 44.94500  0.47989  0.47995 
 45.04500  0.54588  0.54571 
 45.14500  0.61054  0.61021 
 45.24500  0.67214  0.67181 
 45.34500  0.72921  0.72905 
 45.44500  0.78081  0.78085 
 45.54500  0.82626  0.82644 
 45.64500  0.86527  0.86546 
 45.74500  0.89790  0.89801 
 45.84500  0.92438  0.92440 
 45.94500  0.94532  0.94522 
 46.04500  0.96136  0.96125 
 46.14500  0.97332  0.97322 
 46.24500  0.98201  0.98193 
 46.34500  0.98815  0.98811 
 46.44500  0.99236  0.99234 
 46.54500  0.99520  0.99521 
 46.64500  0.99705  0.99707 
 46.74500  0.99823  0.99823 
 46.84500  0.99893  0.99894 
 46.94500  0.99934  0.99933 
 47.04500  0.99951  0.99950 
 47.14500  0.99952  0.99950 
 47.24500  0.99932  0.99932 
 47.34500  0.99891  0.99891 
 47.44500  0.99818  0.99820 
 47.54500  0.99698  0.99699 
 47.64500  0.99509  0.99511 
 47.74500  0.99221  0.99219 
 47.84500  0.98790  0.98786 
 47.94500  0.98166  0.98160 
 48.04500  0.97285  0.97276 
 48.14500  0.96071  0.96060 
 48.24500  0.94445  0.94440 
 48.34500  0.92329  0.92330 
 48.44500  0.89651  0.89664 
 48.54500  0.86361  0.86379 
 48.64500  0.82428  0.82444 
 48.74500  0.77853  0.77858 
 48.84500  0.72668  0.72651 
 48.94500  0.66936  0.66904 
 49.04500  0.60760  0.60727 
 49.14500  0.54283  0.54266 
 49.24500  0.47681  0.47689 
 49.34500  0.41147  0.41177 
 49.44500  0.34864  0.34898 
 49.54500  0.28987  0.29010 
 49.64500  0.23630  0.23632 
 49.74500  0.18870  0.18855 
 49.84500  0.14743  0.14724 
 49.94500  0.11264  0.11250 
 50.04500  0.08408  0.08402 
 50.14500  0.06132  0.06137 
 50.24500  0.04367  0.04375 
 50.34500  0.03038  0.03049 
 50.44500  0.02067  0.02074 
 50.54500  0.01372  0.01377 
 50.64500  0.00892  0.00893 
 50.74500  0.00565  0.00564 
 50.84500  0.00350  0.00347 
 50.94500  0.00211  0.00208 
 51.04500  0.00125  0.00122 
 51.14500  0.00071  0.00070 
 51.24500  0.00039  0.00039 
 51.34500  0.00020  0.00022 
 51.44500  0.00010  0.00010 
 51.54500  0.00005  0.00010 
 51.64500  0.00003  0.00000 
 51.74500  0.00002  0.00000 
 51.84500  0.00004  0.00008 
 51.94500  0.00009  0.00010 
 52.04500  0.00018  0.00019 
 52.14500  0.00036  0.00036 
 52.24500  0.00063  0.00063 
 52.34500  0.00112  0.00112 
 52.44500  0.00191  0.00189 
 52.54500  0.00319  0.00317 
 52.64500  0.00516  0.00515 
 52.74500  0.00820  0.00820 
 52.84500  0.01269  0.01275 
 52.94500  0.01917  0.01925 
 53.04500  0.02832  0.02842 
 53.14500  0.04089  0.04098 
 53.24500  0.05765  0.05771 
 53.34500  0.07941  0.07938 
 53.44500  0.10684  0.10672 
 53.54500  0.14045  0.14026 
 53.64500  0.18049  0.18031 
 53.74500  0.22695  0.22693 
 53.84500  0.27946  0.27963 
 53.94500  0.33733  0.33767 
 54.04500  0.39950  0.39981 
 54.14500  0.46450  0.46464 
 54.24500  0.53053  0.53042 
 54.34500  0.59568  0.59536 
 54.44500  0.65812  0.65779 
 54.54500  0.71637  0.71616 
 54.64500  0.76930  0.76930 
 54.74500  0.81622  0.81636 
 54.84500  0.85675  0.85695 
 54.94500  0.89085  0.89097 
 55.04500  0.91873  0.91877 
 55.14500  0.94089  0.94083 
 55.24500  0.95802  0.95791 
 55.34500  0.97085  0.97073 
 55.44500  0.98025  0.98017 
 55.54500  0.98690  0.98687 
 55.64500  0.99153  0.99152 
 55.74500  0.99463  0.99464 
 55.84500  0.99669  0.99671 
 55.94500  0.99801  0.99804 
 56.04500  0.99882  0.99884 
 56.14500  0.99933  0.99933 
 56.24500  0.99961  0.99961 
 56.34500  0.99976  0.99974 
 56.44500  0.99980  0.99980 
 56.54500  0.99974  0.99972 
 56.64500  0.99956  0.99954 
 56.74500  0.99924  0.99923 
 56.84500  0.99867  0.99869 
 56.94500  0.99776  0.99779 
 57.04500  0.99631  0.99633 
 57.14500  0.99406  0.99406 
 57.24500  0.99063  0.99061 
 57.34500  0.98560  0.98554 
 57.44500  0.97839  0.97831 
 57.54500  0.96830  0.96819 
 57.64500  0.95456  0.95448 
 57.74500  0.93638  0.93633 
 57.84500  0.91297  0.91304 
 57.94500  0.88372  0.88387 
 58.04500  0.84819  0.84838 
 58.14500  0.80621  0.80633 
 58.24500  0.75788  0.75786 
 58.34500  0.70369  0.70344 
 58.44500  0.64438  0.64404 
 58.54500  0.58119  0.58091 
 58.64500  0.51569  0.51561 
 58.74500  0.44970  0.44989 
 58.84500  0.38519  0.38554 
 58.94500  0.32388  0.32418 
 59.04500  0.26713  0.26726 
 59.14500  0.21594  0.21587 
 59.24500  0.17093  0.17074 
 59.34500  0.13233  0.13214 
 59.44500  0.10015  0.10002 
 59.54500  0.07404  0.07404 
 59.64500  0.05347  0.05352 
 59.74500  0.03772  0.03782 
 59.84500  0.02600  0.02611 
 59.94500  0.01750  0.01756 
 60.04500  0.01153  0.01153 
 60.14500  0.00740  0.00742 
 60.24500  0.00465  0.00464 
 60.34500  0.00285  0.00282 
 60.44500  0.00171  0.00168 
 60.54500  0.00099  0.00096 
 60.64500  0.00055  0.00055 
 60.74500  0.00031  0.00030 
 60.84500  0.00016  0.00016 
 60.94500  0.00007  0.00010 
 61.04500  0.00003  0.00003 
 61.14500  0.00002  0.00000 
 61.24500 -0.00000  0.00000 
 61.34500 -0.00000  0.00000 
 61.44500  0.00000  0.00000 
 61.54500 -0.00001  0.00000 
 61.64500 -0.00000  0.00000 
 61.74500 -0.00001  0.00000 
 61.84500  0.00000  0.00000 
 61.94500  0.00000  0.00000 
 62.04500  0.00000  0.00000 
 62.14500  0.00000  0.00000 
 62.24500  0.00000  0.00000 
 62.34500  0.00000  0.00000 
 62.44500  0.00000  0.00000 
 62.54500  0.00000  0.00000 
 62.64500  0.00000  0.00000 
 62.74500  0.00000  0.00000 
 62.84500  0.00000  0.00000 
 62.94500  0.00000  0.00000 
 63.04500  0.00000  0.00000 
 63.14500  0.00000  0.00000 
 63.24500  0.00000  0.00000 
 63.34500 -0.00000  0.00000 
 63.44500  0.00000  0.00000 
