  0.04500  0.67821  0.67820 
  0.14500  0.67817  0.67818 
  0.24500  0.67814  0.67810 
  0.34500  0.67808  0.67803 
  0.44500  0.67796  0.67793 
  0.54500  0.67784  0.67779 
  0.64500  0.67769  0.67764 
  0.74500  0.67749  0.67745 
  0.84500  0.67727  0.67724 
  0.94500  0.67705  0.67700 
  1.04500  0.67679  0.67675 
  1.14500  0.67650  0.67646 
  1.24500  0.67618  0.67615 
  1.34500  0.67586  0.67582 
  1.44500  0.67549  0.67545 
  1.54500  0.67510  0.67506 
  1.64500  0.67470  0.67465 
  1.74500  0.67426  0.67421 
  1.84500  0.67380  0.67375 
  1.94500  0.67331  0.67325 
  2.04500  0.67281  0.67275 
  2.14500  0.67228  0.67223 
  2.24500  0.67172  0.67167 
  2.34500  0.67115  0.67109 
  2.44500  0.67055  0.67049 
  2.54500  0.66992  0.66987 
  2.64500  0.66929  0.66923 
  2.74500  0.66862  0.66856 
  2.84500  0.66791  0.66787 
  2.94500  0.66722  0.66716 
  3.04500  0.66650  0.66643 
  3.14500  0.66574  0.66567 
  3.24500  0.66499  0.66492 
  3.34500  0.66420  0.66412 
  3.44500  0.66339  0.66331 
  3.54500  0.66255  0.66249 
  3.64500  0.66171  0.66164 
  3.74500  0.66085  0.66079 
  3.84500  0.65999  0.65991 
  3.94500  0.65909  0.65902 
  4.04500  0.65819  0.65811 
  4.14500  0.65726  0.65716 
  4.24500  0.65632  0.65625 
  4.34500  0.65536  0.65525 
  4.44500  0.65440  0.65433 
  4.54500  0.65341  0.65335 
  4.64500  0.65241  0.65235 
  4.74500  0.65139  0.65135 
  4.84500  0.65038  0.65026 
  4.94500  0.64934  0.64925 
  5.04500  0.64829  0.64821 
  5.14500  0.64724  0.64715 
  5.24500  0.64618  0.64607 
  5.34500  0.64509  0.64500 
  5.44500  0.64401  0.64391 
  5.54500  0.64289  0.64281 
  5.64500  0.64180  0.64171 
  5.74500  0.64068  0.64059 
  5.84500  0.63956  0.63948 
  5.94500  0.63842  0.63834 
  6.04500  0.63728  0.63720 
  6.14500  0.63615  0.63607 
  6.24500  0.63501  0.63491 
  6.34500  0.63385  0.63377 
  6.44500  0.63270  0.63260 
  6.54500  0.63155  0.63145 
  6.64500  0.63036  0.63029 
  6.74500  0.62921  0.62910 
  6.84500  0.62804  0.62793 
  6.94500  0.62686  0.62676 
  7.04500  0.62569  0.62559 
  7.14500  0.62450  0.62440 
  7.24500  0.62334  0.62322 
  7.34500  0.62214  0.62204 
  7.44500  0.62096  0.62086 
  7.54500  0.61979  0.61968 
  7.64500  0.61860  0.61850 
  7.74500  0.61744  0.61731 
  7.84500  0.61624  0.61613 
  7.94500  0.61508  0.61496 
  8.04500  0.61390  0.61379 
  8.14500  0.61272  0.61260 
  8.24500  0.61155  0.61143 
  8.34500  0.61038  0.61027 
  8.44500  0.60922  0.60910 
  8.54500  0.60805  0.60794 
  8.64500  0.60690  0.60679 
  8.74500  0.60575  0.60562 
  8.84500  0.60460  0.60449 
  8.94500  0.60346  0.60332 
  9.04500  0.60232  0.60220 
  9.14500  0.60119  0.60107 
  9.24500  0.60005  0.59993 
  9.34500  0.59894  0.59881 
  9.44500  0.59780  0.59769 
  9.54500  0.59671  0.59658 
  9.64500  0.59561  0.59548 
  9.74500  0.59451  0.59438 
  9.84500  0.59342  0.59329 
  9.94500  0.59234  0.59221 
 10.04500  0.59127  0.59115 
 10.14500  0.59019  0.59005 
 10.24500  0.58914  0.58901 
 10.34500  0.58808  0.58795 
 10.44500  0.58704  0.58692 
 10.54500  0.58599  0.58585 
 10.64500  0.58498  0.58485 
 10.74500  0.58395  0.58385 
 10.84500  0.58295  0.58285 
 10.94500  0.58194  0.58185 
 11.04500  0.58094  0.58085 
 11.14500  0.57996  0.57985 
 11.24500  0.57898  0.57885 
 11.34500  0.57802  0.57790 
 11.44500  0.57708  0.57695 
 11.54500  0.57613  0.57600 
 11.64500  0.57518  0.57505 
 11.74500  0.57426  0.57414 
 11.84500  0.57333  0.57322 
 11.94500  0.57243  0.57231 
 12.04500  0.57152  0.57141 
 12.14500  0.57064  0.57052 
 12.24500  0.56975  0.56963 
 12.34500  0.56888  0.56878 
 12.44500  0.56802  0.56791 
 12.54500  0.56717  0.56707 
 12.64500  0.56633  0.56621 
 12.74500  0.56549  0.56540 
 12.84500  0.56468  0.56457 
 12.94500  0.56386  0.56376 
 13.04500  0.56306  0.56296 
 13.14500  0.56227  0.56217 
 13.24500  0.56148  0.56138 
 13.34500  0.56072  0.56062 
 13.44500  0.55995  0.55985 
 13.54500  0.55919  0.55910 
 13.64500  0.55844  0.55836 
 13.74500  0.55771  0.55763 
 13.84500  0.55698  0.55691 
 13.94500  0.55626  0.55619 
 14.04500  0.55556  0.55549 
 14.14500  0.55487  0.55480 
 14.24500  0.55419  0.55410 
 14.34500  0.55351  0.55343 
 14.44500  0.55284  0.55277 
 14.54500  0.55217  0.55210 
 14.64500  0.55152  0.55146 
 14.74500  0.55087  0.55081 
 14.84500  0.55024  0.55019 
 14.94500  0.54962  0.54956 
 15.04500  0.54901  0.54895 
 15.14500  0.54841  0.54835 
 15.24500  0.54781  0.54775 
 15.34500  0.54722  0.54716 
 15.44500  0.54665  0.54658 
 15.54500  0.54607  0.54602 
 15.64500  0.54550  0.54545 
 15.74500  0.54495  0.54489 
 15.84500  0.54442  0.54435 
 15.94500  0.54387  0.54381 
 16.04500  0.54334  0.54329 
 16.14500  0.54283  0.54275 
 16.24500  0.54231  0.54225 
 16.34500  0.54180  0.54175 
 16.44500  0.54130  0.54125 
 16.54500  0.54081  0.54075 
 16.64500  0.54034  0.54026 
 16.74500  0.53986  0.53980 
 16.84500  0.53940  0.53932 
 16.94500  0.53893  0.53886 
 17.04500  0.53847  0.53841 
 17.14500  0.53804  0.53797 
 17.24500  0.53759  0.53752 
 17.34500  0.53716  0.53709 
 17.44500  0.53673  0.53667 
 17.54500  0.53631  0.53624 
 17.64500  0.53589  0.53582 
 17.74500  0.53550  0.53542 
 17.84500  0.53511  0.53502 
 17.94500  0.53471  0.53463 
 18.04500  0.53433  0.53424 
 18.14500  0.53395  0.53386 
 18.24500  0.53357  0.53348 
 18.34500  0.53319  0.53311 
 18.44500  0.53284  0.53275 
 18.54500  0.53249  0.53239 
 18.64500  0.53214  0.53205 
 18.74500  0.53180  0.53168 
 18.84500  0.53146  0.53135 
 18.94500  0.53113  0.53102 
 19.04500  0.53079  0.53068 
 19.14500  0.53046  0.53036 
 19.24500  0.53015  0.53005 
 19.34500  0.52984  0.52973 
 19.44500  0.52953  0.52942 
 19.54500  0.52923  0.52912 
 19.64500  0.52894  0.52883 
 19.74500  0.52864  0.52853 
 19.84500  0.52835  0.52824 
 19.94500  0.52808  0.52796 
 20.04500  0.52778  0.52769 
 20.14500  0.52752  0.52740 
 20.24500  0.52724  0.52714 
 20.34500  0.52698  0.52688 
 20.44500  0.52672  0.52662 
 20.54500  0.52647  0.52635 
 20.64500  0.52621  0.52610 
 20.74500  0.52597  0.52586 
 20.84500  0.52573  0.52562 
 20.94500  0.52548  0.52538 
 21.04500  0.52525  0.52515 
 21.14500  0.52501  0.52492 
 21.24500  0.52480  0.52469 
 21.34500  0.52457  0.52447 
 21.44500  0.52434  0.52425 
 21.54500  0.52412  0.52403 
 21.64500  0.52391  0.52383 
 21.74500  0.52371  0.52362 
 21.84500  0.52350  0.52341 
 21.94500  0.52331  0.52321 
 22.04500  0.52311  0.52303 
 22.14500  0.52291  0.52283 
 22.24500  0.52270  0.52265 
 22.34500  0.52252  0.52245 
 22.44500  0.52233  0.52227 
 22.54500  0.52216  0.52210 
 22.64500  0.52198  0.52192 
 22.74500  0.52181  0.52175 
 22.84500  0.52163  0.52158 
 22.94500  0.52147  0.52142 
 23.04500  0.52130  0.52125 
 23.14500  0.52114  0.52109 
 23.24500  0.52097  0.52094 
 23.34500  0.52082  0.52078 
 23.44500  0.52067  0.52064 
 23.54500  0.52052  0.52048 
 23.64500  0.52038  0.52034 
 23.74500  0.52023  0.52019 
 23.84500  0.52008  0.52006 
 23.94500  0.51996  0.51993 
 24.04500  0.51982  0.51978 
 24.14500  0.51968  0.51966 
 24.24500  0.51954  0.51953 
 24.34500  0.51942  0.51940 
 24.44500  0.51930  0.51927 
 24.54500  0.51917  0.51916 
 24.64500  0.51905  0.51904 
 24.74500  0.51894  0.51893 
 24.84500  0.51883  0.51881 
 24.94500  0.51870  0.51869 
 25.04500  0.51859  0.51858 
 25.14500  0.51849  0.51848 
 25.24500  0.51839  0.51837 
 25.34500  0.51828  0.51827 
 25.44500  0.51819  0.51817 
 25.54500  0.51808  0.51807 
 25.64500  0.51799  0.51798 
 25.74500  0.51789  0.51788 
 25.84500  0.51780  0.51779 
 25.94500  0.51771  0.51770 
 26.04500  0.51762  0.51760 
 26.14500  0.51754  0.51752 
 26.24500  0.51744  0.51743 
 26.34500  0.51735  0.51735 
 26.44500  0.51729  0.51728 
 26.54500  0.51720  0.51720 
 26.64500  0.51714  0.51710 
 26.74500  0.51707  0.51704 
 26.84500  0.51699  0.51697 
 26.94500  0.51690  0.51690 
 27.04500  0.51685  0.51681 
 27.14500  0.51677  0.51675 
 27.24500  0.51670  0.51670 
 27.34500  0.51664  0.51660 
 27.44500  0.51658  0.51655 
 27.54500  0.51653  0.51650 
 27.64500  0.51645  0.51641 
 27.74500  0.51641  0.51638 
 27.84500  0.51635  0.51630 
 27.94500  0.51628  0.51625 
 28.04500  0.51623  0.51620 
 28.14500  0.51618  0.51613 
 28.24500  0.51610  0.51610 
 28.34500  0.51609  0.51602 
 28.44500  0.51601  0.51600 
 28.54500  0.51598  0.51592 
 28.64500  0.51591  0.51590 
 28.74500  0.51589  0.51582 
 28.84500  0.51584  0.51580 
 28.94500  0.51578  0.51574 
 29.04500  0.51576  0.51570 
 29.14500  0.51568  0.51568 
 29.24500  0.51568  0.51560 
 29.34500  0.51562  0.51560 
 29.44500  0.51558  0.51552 
 29.54500  0.51554  0.51550 
 29.64500  0.51552  0.51549 
 29.74500  0.51546  0.51540 
 29.84500  0.51543  0.51540 
 29.94500  0.51540  0.51537 
 30.04500  0.51536  0.51530 
 30.14500  0.51533  0.51530 
 30.24500  0.51529  0.51528 
 30.34500  0.51528  0.51520 
 30.44500  0.51522  0.51520 
 30.54500  0.51520  0.51520 
 30.64500  0.51518  0.51512 
 30.74500  0.51513  0.51510 
 30.84500  0.51513  0.51510 
 30.94500  0.51507  0.51509 
 31.04500  0.51505  0.51500 
 31.14500  0.51504  0.51500 
 31.24500  0.51500  0.51500 
 31.34500  0.51497  0.51500 
 31.44500  0.51495  0.51490 
 31.54500  0.51489  0.51490 
 31.64500  0.51490  0.51490 
 31.74500  0.51490  0.51490 
 31.84500  0.51486  0.51485 
 31.94500  0.51485  0.51480 
 32.04500  0.51483  0.51480 
 32.14500  0.51478  0.51480 
 32.24500  0.51476  0.51480 
 32.34500  0.51472  0.51474 
 32.44500  0.51468  0.51470 
 32.54500  0.51467  0.51470 
 32.64500  0.51466  0.51470 
 32.74500  0.51464  0.51470 
 32.84500  0.51463  0.51464 
 32.94500  0.51460  0.51460 
 33.04500  0.51457  0.51460 
 33.14500  0.51458  0.51460 
 33.24500  0.51456  0.51460 
 33.34500  0.51454  0.51455 
 33.44500  0.51452  0.51450 
 33.54500  0.51450  0.51450 
 33.64500  0.51447  0.51450 
 33.74500  0.51445  0.51450 
 33.84500  0.51439  0.51442 
 33.94500  0.51439  0.51440 
 34.04500  0.51435  0.51440 
 34.14500  0.51433  0.51440 
 34.24500  0.51431  0.51435 
 34.34500  0.51430  0.51430 
 34.44500  0.51428  0.51430 
 34.54500  0.51425  0.51430 
 34.64500  0.51424  0.51423 
 34.74500  0.51418  0.51420 
 34.84500  0.51417  0.51420 
 34.94500  0.51414  0.51417 
 35.04500  0.51411  0.51410 
 35.14500  0.51405  0.51410 
 35.24500  0.51404  0.51407 
 35.34500  0.51400  0.51400 
 35.44500  0.51396  0.51400 
 35.54500  0.51393  0.51393 
 35.64500  0.51389  0.51390 
 35.74500  0.51384  0.51388 
 35.84500  0.51380  0.51380 
 35.94500  0.51376  0.51380 
 36.04500  0.51373  0.51370 
 36.14500  0.51367  0.51370 
 36.24500  0.51360  0.51360 
 36.34500  0.51356  0.51359 
 36.44500  0.51351  0.51350 
 36.54500  0.51344  0.51346 
 36.64500  0.51340  0.51340 
 36.74500  0.51334  0.51332 
 36.84500  0.51327  0.51328 
 36.94500  0.51321  0.51320 
 37.04500  0.51311  0.51312 
 37.14500  0.51307  0.51306 
 37.24500  0.51298  0.51299 
 37.34500  0.51292  0.51290 
 37.44500  0.51281  0.51282 
 37.54500  0.51274  0.51274 
 37.64500  0.51266  0.51265 
 37.74500  0.51256  0.51256 
 37.84500  0.51248  0.51247 
 37.94500  0.51237  0.51237 
 38.04500  0.51227  0.51227 
 38.14500  0.51217  0.51217 
 38.24500  0.51207  0.51206 
 38.34500  0.51195  0.51195 
 38.44500  0.51184  0.51184 
 38.54500  0.51171  0.51172 
 38.64500  0.51159  0.51160 
 38.74500  0.51147  0.51147 
 38.84500  0.51134  0.51135 
 38.94500  0.51121  0.51122 
 39.04500  0.51107  0.51107 
 39.14500  0.51093  0.51094 
 39.24500  0.51078  0.51079 
 39.34500  0.51063  0.51064 
 39.44500  0.51046  0.51048 
 39.54500  0.51031  0.51034 
 39.64500  0.51014  0.51016 
 39.74500  0.50997  0.51000 
 39.84500  0.50980  0.50984 
 39.94500  0.50962  0.50965 
 40.04500  0.50944  0.50947 
 40.14500  0.50925  0.50929 
 40.24500  0.50906  0.50910 
 40.34500  0.50888  0.50891 
 40.44500  0.50866  0.50871 
 40.54500  0.50846  0.50851 
 40.64500  0.50824  0.50829 
 40.74500  0.50802  0.50808 
 40.84500  0.50780  0.50787 
 40.94500  0.50758  0.50764 
 41.04500  0.50735  0.50741 
 41.14500  0.50713  0.50718 
 41.24500  0.50687  0.50694 
 41.34500  0.50662  0.50670 
 41.44500  0.50637  0.50645 
 41.54500  0.50611  0.50620 
 41.64500  0.50585  0.50592 
 41.74500  0.50558  0.50567 
 41.84500  0.50531  0.50540 
 41.94500  0.50504  0.50512 
 42.04500  0.50475  0.50484 
 42.14500  0.50446  0.50456 
 42.24500  0.50417  0.50426 
 42.34500  0.50387  0.50396 
 42.44500  0.50357  0.50366 
 42.54500  0.50325  0.50335 
 42.64500  0.50293  0.50304 
 42.74500  0.50263  0.50272 
 42.84500  0.50229  0.50238 
 42.94500  0.50196  0.50205 
 43.04500  0.50163  0.50172 
 43.14500  0.50128  0.50138 
 43.24500  0.50093  0.50104 
 43.34500  0.50058  0.50068 
 43.44500  0.50022  0.50032 
 43.54500  0.49985  0.49996 
 43.64500  0.49949  0.49959 
 43.74500  0.49911  0.49921 
 43.84500  0.49873  0.49883 
 43.94500  0.49834  0.49844 
 44.04500  0.49795  0.49804 
 44.14500  0.49755  0.49764 
 44.24500  0.49714  0.49724 
 44.34500  0.49673  0.49682 
 44.44500  0.49632  0.49641 
 44.54500  0.49590  0.49598 
 44.64500  0.49547  0.49555 
 44.74500  0.49504  0.49512 
 44.84500  0.49461  0.49468 
 44.94500  0.49415  0.49423 
 45.04500  0.49369  0.49378 
 45.14500  0.49323  0.49331 
 45.24500  0.49277  0.49285 
 45.34500  0.49231  0.49238 
 45.44500  0.49182  0.49190 
 45.54500  0.49134  0.49140 
 45.64500  0.49087  0.49090 
 45.74500  0.49038  0.49045 
 45.84500  0.48986  0.48990 
 45.94500  0.48936  0.48940 
 46.04500  0.48885  0.48890 
 46.14500  0.48831  0.48837 
 46.24500  0.48779  0.48785 
 46.34500  0.48726  0.48731 
 46.44500  0.48672  0.48677 
 46.54500  0.48617  0.48623 
 46.64500  0.48562  0.48567 
 46.74500  0.48507  0.48511 
 46.84500  0.48450  0.48454 
 46.94500  0.48392  0.48397 
 47.04500  0.48335  0.48338 
 47.14500  0.48275  0.48280 
 47.24500  0.48216  0.48221 
 47.34500  0.48157  0.48161 
 47.44500  0.48096  0.48100 
 47.54500  0.48034  0.48039 
 47.64500  0.47973  0.47976 
 47.74500  0.47909  0.47914 
 47.84500  0.47845  0.47850 
 47.94500  0.47782  0.47786 
 48.04500  0.47716  0.47720 
 48.14500  0.47651  0.47657 
 48.24500  0.47585  0.47590 
 48.34500  0.47518  0.47523 
 48.44500  0.47450  0.47454 
 48.54500  0.47382  0.47387 
 48.64500  0.47313  0.47317 
 48.74500  0.47243  0.47247 
 48.84500  0.47172  0.47176 
 48.94500  0.47100  0.47105 
 49.04500  0.47027  0.47034 
 49.14500  0.46954  0.46960 
 49.24500  0.46882  0.46887 
 49.34500  0.46807  0.46813 
 49.44500  0.46732  0.46737 
 49.54500  0.46655  0.46662 
 49.64500  0.46577  0.46585 
 49.74500  0.46501  0.46507 
 49.84500  0.46422  0.46429 
 49.94500  0.46343  0.46350 
 50.04500  0.46263  0.46270 
 50.14500  0.46183  0.46190 
 50.24500  0.46101  0.46110 
 50.34500  0.46019  0.46027 
 50.44500  0.45936  0.45945 
 50.54500  0.45853  0.45860 
 50.64500  0.45768  0.45777 
 50.74500  0.45682  0.45691 
 50.84500  0.45596  0.45605 
 50.94500  0.45508  0.45519 
 51.04500  0.45421  0.45431 
 51.14500  0.45333  0.45342 
 51.24500  0.45243  0.45253 
 51.34500  0.45154  0.45163 
 51.44500  0.45062  0.45073 
 51.54500  0.44971  0.44981 
 51.64500  0.44879  0.44888 
 51.74500  0.44785  0.44795 
 51.84500  0.44690  0.44703 
 51.94500  0.44596  0.44605 
 52.04500  0.44500  0.44513 
 52.14500  0.44405  0.44415 
 52.24500  0.44308  0.44315 
 52.34500  0.44211  0.44223 
 52.44500  0.44111  0.44125 
 52.54500  0.44013  0.44025 
 52.64500  0.43913  0.43925 
 52.74500  0.43810  0.43825 
 52.84500  0.43707  0.43724 
 52.94500  0.43609  0.43615 
 53.04500  0.43505  0.43515 
 53.14500  0.43401  0.43415 
 53.24500  0.43298  0.43306 
 53.34500  0.43192  0.43205 
 53.44500  0.43086  0.43096 
 53.54500  0.42980  0.42992 
 53.64500  0.42874  0.42885 
 53.74500  0.42768  0.42777 
 53.84500  0.42657  0.42669 
 53.94500  0.42550  0.42561 
 54.04500  0.42441  0.42452 
 54.14500  0.42334  0.42342 
 54.24500  0.42219  0.42232 
 54.34500  0.42110  0.42121 
 54.44500  0.42000  0.42010 
 54.54500  0.41887  0.41899 
 54.64500  0.41777  0.41788 
 54.74500  0.41664  0.41675 
 54.84500  0.41552  0.41561 
 54.94500  0.41439  0.41449 
 55.04500  0.41325  0.41336 
 55.14500  0.41212  0.41221 
 55.24500  0.41097  0.41108 
 55.34500  0.40983  0.40992 
 55.44500  0.40869  0.40879 
 55.54500  0.40754  0.40764 
 55.64500  0.40640  0.40650 
 55.74500  0.40525  0.40535 
 55.84500  0.40411  0.40420 
 55.94500  0.40295  0.40305 
 56.04500  0.40181  0.40190 
 56.14500  0.40064  0.40075 
 56.24500  0.39950  0.39960 
 56.34500  0.39837  0.39846 
 56.44500  0.39720  0.39730 
 56.54500  0.39606  0.39616 
 56.64500  0.39493  0.39501 
 56.74500  0.39379  0.39388 
 56.84500  0.39266  0.39274 
 56.94500  0.39153  0.39160 
 57.04500  0.39041  0.39048 
 57.14500  0.38928  0.38935 
 57.24500  0.38815  0.38822 
 57.34500  0.38703  0.38711 
 57.44500  0.38591  0.38600 
 57.54500  0.38479  0.38489 
 57.64500  0.38371  0.38379 
 57.74500  0.38262  0.38270 
 57.84500  0.38153  0.38162 
 57.94500  0.38046  0.38055 
 58.04500  0.37939  0.37945 
 58.14500  0.37833  0.37841 
 58.24500  0.37727  0.37735 
 58.34500  0.37623  0.37634 
 58.44500  0.37519  0.37525 
 58.54500  0.37418  0.37425 
 58.64500  0.37317  0.37325 
 58.74500  0.37217  0.37225 
 58.84500  0.37120  0.37125 
 58.94500  0.37021  0.37026 
 59.04500  0.36925  0.36935 
 59.14500  0.36830  0.36836 
 59.24500  0.36736  0.36745 
 59.34500  0.36644  0.36652 
 59.44500  0.36553  0.36561 
 59.54500  0.36465  0.36472 
 59.64500  0.36377  0.36384 
 59.74500  0.36291  0.36299 
 59.84500  0.36205  0.36213 
 59.94500  0.36125  0.36131 
 60.04500  0.36044  0.36050 
 60.14500  0.35965  0.35971 
 60.24500  0.35887  0.35893 
 60.34500  0.35812  0.35817 
 60.44500  0.35738  0.35744 
 60.54500  0.35667  0.35672 
 60.64500  0.35598  0.35602 
 60.74500  0.35529  0.35533 
 60.84500  0.35464  0.35469 
 60.94500  0.35400  0.35405 
 61.04500  0.35338  0.35343 
 61.14500  0.35280  0.35283 
 61.24500  0.35223  0.35226 
 61.34500  0.35167  0.35171 
 61.44500  0.35114  0.35118 
 61.54500  0.35064  0.35066 
 61.64500  0.35015  0.35020 
 61.74500  0.34971  0.34972 
 61.84500  0.34925  0.34929 
 61.94500  0.34886  0.34888 
 62.04500  0.34846  0.34849 
 62.14500  0.34810  0.34812 
 62.24500  0.34776  0.34778 
 62.34500  0.34744  0.34746 
 62.44500  0.34715  0.34717 
 62.54500  0.34689  0.34690 
 62.64500  0.34664  0.34667 
 62.74500  0.34643  0.34645 
 62.84500  0.34624  0.34625 
 62.94500  0.34610  0.34609 
 63.04500  0.34593  0.34595 
 63.14500  0.34581  0.34583 
 63.24500  0.34572  0.34574 
 63.34500  0.34567  0.34570 
 63.44500  0.34562  0.34562 
