  0.04500  0.61307  0.61290 
  0.14500  0.61307  0.61290 
  0.24500  0.61308  0.61290 
  0.34500  0.61309  0.61290 
  0.44500  0.61307  0.61290 
  0.54500  0.61302  0.61289 
  0.64500  0.61299  0.61280 
  0.74500  0.61294  0.61280 
  0.84500  0.61290  0.61276 
  0.94500  0.61284  0.61270 
  1.04500  0.61283  0.61267 
  1.14500  0.61276  0.61260 
  1.24500  0.61271  0.61254 
  1.34500  0.61263  0.61249 
  1.44500  0.61256  0.61240 
  1.54500  0.61249  0.61233 
  1.64500  0.61239  0.61225 
  1.74500  0.61230  0.61217 
  1.84500  0.61224  0.61208 
  1.94500  0.61212  0.61198 
  2.04500  0.61202  0.61188 
  2.14500  0.61191  0.61177 
  2.24500  0.61180  0.61166 
  2.34500  0.61169  0.61155 
  2.44500  0.61158  0.61143 
  2.54500  0.61144  0.61130 
  2.64500  0.61133  0.61117 
  2.74500  0.61116  0.61104 
  2.84500  0.61106  0.61089 
  2.94500  0.61089  0.61075 
  3.04500  0.61075  0.61061 
  3.14500  0.61058  0.61045 
  3.24500  0.61044  0.61030 
  3.34500  0.61026  0.61014 
  3.44500  0.61010  0.60996 
  3.54500  0.60993  0.60979 
  3.64500  0.60974  0.60962 
  3.74500  0.60957  0.60944 
  3.84500  0.60940  0.60925 
  3.94500  0.60918  0.60905 
  4.04500  0.60901  0.60887 
  4.14500  0.60880  0.60867 
  4.24500  0.60858  0.60846 
  4.34500  0.60839  0.60825 
  4.44500  0.60819  0.60803 
  4.54500  0.60795  0.60782 
  4.64500  0.60773  0.60760 
  4.74500  0.60750  0.60738 
  4.84500  0.60726  0.60714 
  4.94500  0.60704  0.60691 
  5.04500  0.60681  0.60668 
  5.14500  0.60656  0.60642 
  5.24500  0.60632  0.60618 
  5.34500  0.60606  0.60592 
  5.44500  0.60582  0.60568 
  5.54500  0.60555  0.60542 
  5.64500  0.60529  0.60516 
  5.74500  0.60503  0.60490 
  5.84500  0.60474  0.60462 
  5.94500  0.60446  0.60435 
  6.04500  0.60420  0.60407 
  6.14500  0.60392  0.60379 
  6.24500  0.60362  0.60350 
  6.34500  0.60334  0.60321 
  6.44500  0.60306  0.60293 
  6.54500  0.60276  0.60263 
  6.64500  0.60246  0.60233 
  6.74500  0.60215  0.60203 
  6.84500  0.60186  0.60172 
  6.94500  0.60154  0.60142 
  7.04500  0.60123  0.60110 
  7.14500  0.60089  0.60078 
  7.24500  0.60059  0.60045 
  7.34500  0.60026  0.60015 
  7.44500  0.59996  0.59982 
  7.54500  0.59961  0.59948 
  7.64500  0.59928  0.59915 
  7.74500  0.59894  0.59882 
  7.84500  0.59859  0.59848 
  7.94500  0.59827  0.59815 
  8.04500  0.59792  0.59778 
  8.14500  0.59756  0.59745 
  8.24500  0.59722  0.59709 
  8.34500  0.59687  0.59675 
  8.44500  0.59650  0.59638 
  8.54500  0.59616  0.59603 
  8.64500  0.59578  0.59567 
  8.74500  0.59544  0.59531 
  8.84500  0.59505  0.59494 
  8.94500  0.59470  0.59457 
  9.04500  0.59432  0.59420 
  9.14500  0.59393  0.59383 
  9.24500  0.59357  0.59345 
  9.34500  0.59319  0.59307 
  9.44500  0.59278  0.59270 
  9.54500  0.59242  0.59231 
  9.64500  0.59204  0.59193 
  9.74500  0.59165  0.59154 
  9.84500  0.59126  0.59116 
  9.94500  0.59088  0.59076 
 10.04500  0.59048  0.59037 
 10.14500  0.59009  0.58998 
 10.24500  0.58969  0.58958 
 10.34500  0.58930  0.58918 
 10.44500  0.58890  0.58878 
 10.54500  0.58848  0.58838 
 10.64500  0.58810  0.58798 
 10.74500  0.58769  0.58758 
 10.84500  0.58728  0.58718 
 10.94500  0.58686  0.58676 
 11.04500  0.58647  0.58636 
 11.14500  0.58607  0.58594 
 11.24500  0.58564  0.58553 
 11.34500  0.58522  0.58512 
 11.44500  0.58481  0.58471 
 11.54500  0.58440  0.58429 
 11.64500  0.58399  0.58388 
 11.74500  0.58358  0.58346 
 11.84500  0.58316  0.58304 
 11.94500  0.58275  0.58262 
 12.04500  0.58232  0.58220 
 12.14500  0.58191  0.58178 
 12.24500  0.58146  0.58135 
 12.34500  0.58105  0.58093 
 12.44500  0.58062  0.58051 
 12.54500  0.58020  0.58008 
 12.64500  0.57977  0.57966 
 12.74500  0.57935  0.57923 
 12.84500  0.57892  0.57881 
 12.94500  0.57851  0.57838 
 13.04500  0.57807  0.57795 
 13.14500  0.57765  0.57752 
 13.24500  0.57722  0.57709 
 13.34500  0.57680  0.57667 
 13.44500  0.57636  0.57623 
 13.54500  0.57593  0.57581 
 13.64500  0.57551  0.57538 
 13.74500  0.57507  0.57495 
 13.84500  0.57465  0.57452 
 13.94500  0.57421  0.57409 
 14.04500  0.57379  0.57366 
 14.14500  0.57335  0.57322 
 14.24500  0.57294  0.57279 
 14.34500  0.57250  0.57237 
 14.44500  0.57207  0.57193 
 14.54500  0.57165  0.57151 
 14.64500  0.57122  0.57108 
 14.74500  0.57078  0.57065 
 14.84500  0.57034  0.57022 
 14.94500  0.56993  0.56979 
 15.04500  0.56950  0.56937 
 15.14500  0.56907  0.56893 
 15.24500  0.56865  0.56851 
 15.34500  0.56820  0.56808 
 15.44500  0.56780  0.56765 
 15.54500  0.56736  0.56722 
 15.64500  0.56693  0.56679 
 15.74500  0.56651  0.56637 
 15.84500  0.56608  0.56595 
 15.94500  0.56565  0.56552 
 16.04500  0.56522  0.56509 
 16.14500  0.56480  0.56468 
 16.24500  0.56438  0.56425 
 16.34500  0.56395  0.56382 
 16.44500  0.56354  0.56341 
 16.54500  0.56312  0.56299 
 16.64500  0.56271  0.56257 
 16.74500  0.56228  0.56215 
 16.84500  0.56186  0.56173 
 16.94500  0.56145  0.56132 
 17.04500  0.56101  0.56090 
 17.14500  0.56061  0.56048 
 17.24500  0.56020  0.56008 
 17.34500  0.55977  0.55966 
 17.44500  0.55935  0.55925 
 17.54500  0.55894  0.55884 
 17.64500  0.55854  0.55842 
 17.74500  0.55812  0.55802 
 17.84500  0.55773  0.55762 
 17.94500  0.55731  0.55720 
 18.04500  0.55690  0.55680 
 18.14500  0.55649  0.55640 
 18.24500  0.55610  0.55600 
 18.34500  0.55568  0.55560 
 18.44500  0.55528  0.55520 
 18.54500  0.55489  0.55480 
 18.64500  0.55448  0.55440 
 18.74500  0.55408  0.55400 
 18.84500  0.55368  0.55361 
 18.94500  0.55329  0.55322 
 19.04500  0.55291  0.55282 
 19.14500  0.55252  0.55244 
 19.24500  0.55213  0.55204 
 19.34500  0.55173  0.55166 
 19.44500  0.55133  0.55127 
 19.54500  0.55095  0.55089 
 19.64500  0.55057  0.55050 
 19.74500  0.55020  0.55013 
 19.84500  0.54980  0.54974 
 19.94500  0.54942  0.54936 
 20.04500  0.54904  0.54899 
 20.14500  0.54867  0.54861 
 20.24500  0.54829  0.54824 
 20.34500  0.54793  0.54786 
 20.44500  0.54754  0.54749 
 20.54500  0.54718  0.54713 
 20.64500  0.54681  0.54675 
 20.74500  0.54644  0.54639 
 20.84500  0.54608  0.54603 
 20.94500  0.54572  0.54566 
 21.04500  0.54536  0.54530 
 21.14500  0.54499  0.54495 
 21.24500  0.54464  0.54458 
 21.34500  0.54428  0.54422 
 21.44500  0.54393  0.54387 
 21.54500  0.54357  0.54352 
 21.64500  0.54323  0.54316 
 21.74500  0.54287  0.54282 
 21.84500  0.54253  0.54246 
 21.94500  0.54217  0.54212 
 22.04500  0.54183  0.54178 
 22.14500  0.54148  0.54142 
 22.24500  0.54115  0.54108 
 22.34500  0.54080  0.54075 
 22.44500  0.54047  0.54042 
 22.54500  0.54014  0.54007 
 22.64500  0.53981  0.53972 
 22.74500  0.53946  0.53938 
 22.84500  0.53914  0.53905 
 22.94500  0.53881  0.53873 
 23.04500  0.53848  0.53842 
 23.14500  0.53815  0.53808 
 23.24500  0.53782  0.53775 
 23.34500  0.53749  0.53742 
 23.44500  0.53718  0.53710 
 23.54500  0.53684  0.53678 
 23.64500  0.53653  0.53645 
 23.74500  0.53620  0.53614 
 23.84500  0.53591  0.53582 
 23.94500  0.53558  0.53551 
 24.04500  0.53525  0.53518 
 24.14500  0.53496  0.53488 
 24.24500  0.53465  0.53457 
 24.34500  0.53433  0.53425 
 24.44500  0.53402  0.53395 
 24.54500  0.53372  0.53364 
 24.64500  0.53341  0.53334 
 24.74500  0.53310  0.53303 
 24.84500  0.53280  0.53273 
 24.94500  0.53250  0.53243 
 25.04500  0.53220  0.53213 
 25.14500  0.53189  0.53183 
 25.24500  0.53160  0.53153 
 25.34500  0.53130  0.53124 
 25.44500  0.53101  0.53094 
 25.54500  0.53072  0.53065 
 25.64500  0.53042  0.53036 
 25.74500  0.53011  0.53007 
 25.84500  0.52983  0.52977 
 25.94500  0.52954  0.52949 
 26.04500  0.52925  0.52920 
 26.14500  0.52898  0.52891 
 26.24500  0.52868  0.52863 
 26.34500  0.52839  0.52834 
 26.44500  0.52812  0.52807 
 26.54500  0.52782  0.52779 
 26.64500  0.52755  0.52750 
 26.74500  0.52727  0.52723 
 26.84500  0.52697  0.52695 
 26.94500  0.52671  0.52667 
 27.04500  0.52644  0.52640 
 27.14500  0.52614  0.52612 
 27.24500  0.52587  0.52585 
 27.34500  0.52559  0.52558 
 27.44500  0.52533  0.52530 
 27.54500  0.52505  0.52503 
 27.64500  0.52478  0.52476 
 27.74500  0.52451  0.52450 
 27.84500  0.52423  0.52422 
 27.94500  0.52398  0.52396 
 28.04500  0.52370  0.52370 
 28.14500  0.52341  0.52342 
 28.24500  0.52317  0.52316 
 28.34500  0.52289  0.52290 
 28.44500  0.52263  0.52263 
 28.54500  0.52236  0.52238 
 28.64500  0.52209  0.52210 
 28.74500  0.52184  0.52185 
 28.84500  0.52158  0.52159 
 28.94500  0.52131  0.52132 
 29.04500  0.52108  0.52107 
 29.14500  0.52077  0.52080 
 29.24500  0.52055  0.52055 
 29.34500  0.52027  0.52030 
 29.44500  0.52001  0.52002 
 29.54500  0.51976  0.51978 
 29.64500  0.51951  0.51952 
 29.74500  0.51922  0.51927 
 29.84500  0.51899  0.51900 
 29.94500  0.51875  0.51875 
 30.04500  0.51846  0.51850 
 30.14500  0.51821  0.51825 
 30.24500  0.51797  0.51800 
 30.34500  0.51771  0.51772 
 30.44500  0.51745  0.51748 
 30.54500  0.51720  0.51722 
 30.64500  0.51695  0.51698 
 30.74500  0.51669  0.51672 
 30.84500  0.51646  0.51648 
 30.94500  0.51619  0.51622 
 31.04500  0.51591  0.51595 
 31.14500  0.51568  0.51570 
 31.24500  0.51544  0.51545 
 31.34500  0.51518  0.51520 
 31.44500  0.51492  0.51495 
 31.54500  0.51467  0.51470 
 31.64500  0.51441  0.51445 
 31.74500  0.51416  0.51420 
 31.84500  0.51389  0.51392 
 31.94500  0.51366  0.51368 
 32.04500  0.51340  0.51342 
 32.14500  0.51315  0.51318 
 32.24500  0.51291  0.51292 
 32.34500  0.51265  0.51268 
 32.44500  0.51237  0.51240 
 32.54500  0.51214  0.51215 
 32.64500  0.51188  0.51190 
 32.74500  0.51163  0.51165 
 32.84500  0.51137  0.51139 
 32.94500  0.51112  0.51112 
 33.04500  0.51084  0.51088 
 33.14500  0.51058  0.51062 
 33.24500  0.51033  0.51035 
 33.34500  0.51006  0.51010 
 33.44500  0.50981  0.50984 
 33.54500  0.50954  0.50958 
 33.64500  0.50929  0.50932 
 33.74500  0.50904  0.50906 
 33.84500  0.50876  0.50880 
 33.94500  0.50850  0.50853 
 34.04500  0.50824  0.50828 
 34.14500  0.50799  0.50800 
 34.24500  0.50769  0.50775 
 34.34500  0.50742  0.50748 
 34.44500  0.50716  0.50721 
 34.54500  0.50690  0.50695 
 34.64500  0.50664  0.50668 
 34.74500  0.50636  0.50640 
 34.84500  0.50610  0.50614 
 34.94500  0.50582  0.50587 
 35.04500  0.50556  0.50560 
 35.14500  0.50527  0.50532 
 35.24500  0.50499  0.50505 
 35.34500  0.50470  0.50478 
 35.44500  0.50443  0.50450 
 35.54500  0.50416  0.50423 
 35.64500  0.50388  0.50395 
 35.74500  0.50360  0.50367 
 35.84500  0.50332  0.50339 
 35.94500  0.50303  0.50311 
 36.04500  0.50275  0.50283 
 36.14500  0.50247  0.50254 
 36.24500  0.50218  0.50226 
 36.34500  0.50189  0.50197 
 36.44500  0.50160  0.50169 
 36.54500  0.50131  0.50140 
 36.64500  0.50103  0.50111 
 36.74500  0.50072  0.50082 
 36.84500  0.50042  0.50053 
 36.94500  0.50014  0.50024 
 37.04500  0.49984  0.49994 
 37.14500  0.49956  0.49964 
 37.24500  0.49924  0.49935 
 37.34500  0.49893  0.49905 
 37.44500  0.49865  0.49875 
 37.54500  0.49834  0.49845 
 37.64500  0.49802  0.49815 
 37.74500  0.49772  0.49784 
 37.84500  0.49743  0.49753 
 37.94500  0.49711  0.49722 
 38.04500  0.49680  0.49692 
 38.14500  0.49649  0.49661 
 38.24500  0.49618  0.49629 
 38.34500  0.49587  0.49598 
 38.44500  0.49556  0.49567 
 38.54500  0.49524  0.49535 
 38.64500  0.49492  0.49503 
 38.74500  0.49460  0.49472 
 38.84500  0.49426  0.49438 
 38.94500  0.49394  0.49407 
 39.04500  0.49360  0.49375 
 39.14500  0.49329  0.49342 
 39.24500  0.49296  0.49308 
 39.34500  0.49264  0.49275 
 39.44500  0.49231  0.49242 
 39.54500  0.49198  0.49208 
 39.64500  0.49164  0.49175 
 39.74500  0.49131  0.49142 
 39.84500  0.49097  0.49108 
 39.94500  0.49063  0.49075 
 40.04500  0.49029  0.49042 
 40.14500  0.48995  0.49006 
 40.24500  0.48960  0.48972 
 40.34500  0.48926  0.48938 
 40.44500  0.48890  0.48902 
 40.54500  0.48856  0.48868 
 40.64500  0.48820  0.48832 
 40.74500  0.48786  0.48797 
 40.84500  0.48752  0.48762 
 40.94500  0.48713  0.48725 
 41.04500  0.48678  0.48690 
 41.14500  0.48642  0.48655 
 41.24500  0.48608  0.48618 
 41.34500  0.48571  0.48582 
 41.44500  0.48534  0.48545 
 41.54500  0.48498  0.48508 
 41.64500  0.48461  0.48471 
 41.74500  0.48423  0.48435 
 41.84500  0.48386  0.48397 
 41.94500  0.48350  0.48360 
 42.04500  0.48312  0.48323 
 42.14500  0.48274  0.48284 
 42.24500  0.48236  0.48246 
 42.34500  0.48198  0.48209 
 42.44500  0.48160  0.48170 
 42.54500  0.48122  0.48132 
 42.64500  0.48082  0.48094 
 42.74500  0.48044  0.48054 
 42.84500  0.48004  0.48016 
 42.94500  0.47966  0.47976 
 43.04500  0.47926  0.47937 
 43.14500  0.47888  0.47898 
 43.24500  0.47847  0.47858 
 43.34500  0.47807  0.47818 
 43.44500  0.47767  0.47778 
 43.54500  0.47728  0.47738 
 43.64500  0.47687  0.47698 
 43.74500  0.47647  0.47658 
 43.84500  0.47605  0.47618 
 43.94500  0.47565  0.47577 
 44.04500  0.47524  0.47536 
 44.14500  0.47482  0.47495 
 44.24500  0.47441  0.47454 
 44.34500  0.47399  0.47412 
 44.44500  0.47359  0.47371 
 44.54500  0.47317  0.47330 
 44.64500  0.47275  0.47288 
 44.74500  0.47234  0.47246 
 44.84500  0.47190  0.47204 
 44.94500  0.47148  0.47162 
 45.04500  0.47107  0.47119 
 45.14500  0.47064  0.47078 
 45.24500  0.47020  0.47035 
 45.34500  0.46976  0.46992 
 45.44500  0.46933  0.46949 
 45.54500  0.46890  0.46907 
 45.64500  0.46848  0.46863 
 45.74500  0.46805  0.46821 
 45.84500  0.46761  0.46778 
 45.94500  0.46717  0.46733 
 46.04500  0.46674  0.46691 
 46.14500  0.46630  0.46647 
 46.24500  0.46585  0.46603 
 46.34500  0.46542  0.46559 
 46.44500  0.46498  0.46516 
 46.54500  0.46453  0.46471 
 46.64500  0.46410  0.46428 
 46.74500  0.46365  0.46383 
 46.84500  0.46321  0.46339 
 46.94500  0.46277  0.46294 
 47.04500  0.46232  0.46250 
 47.14500  0.46187  0.46206 
 47.24500  0.46143  0.46161 
 47.34500  0.46098  0.46117 
 47.44500  0.46054  0.46072 
 47.54500  0.46009  0.46027 
 47.64500  0.45962  0.45982 
 47.74500  0.45918  0.45938 
 47.84500  0.45874  0.45892 
 47.94500  0.45828  0.45848 
 48.04500  0.45784  0.45802 
 48.14500  0.45739  0.45758 
 48.24500  0.45694  0.45712 
 48.34500  0.45648  0.45667 
 48.44500  0.45602  0.45621 
 48.54500  0.45559  0.45577 
 48.64500  0.45513  0.45531 
 48.74500  0.45466  0.45486 
 48.84500  0.45422  0.45440 
 48.94500  0.45376  0.45396 
 49.04500  0.45331  0.45350 
 49.14500  0.45285  0.45305 
 49.24500  0.45240  0.45260 
 49.34500  0.45196  0.45214 
 49.44500  0.45151  0.45169 
 49.54500  0.45104  0.45123 
 49.64500  0.45060  0.45078 
 49.74500  0.45014  0.45033 
 49.84500  0.44971  0.44988 
 49.94500  0.44924  0.44942 
 50.04500  0.44880  0.44898 
 50.14500  0.44833  0.44852 
 50.24500  0.44788  0.44807 
 50.34500  0.44744  0.44762 
 50.44500  0.44701  0.44717 
 50.54500  0.44654  0.44672 
 50.64500  0.44610  0.44627 
 50.74500  0.44565  0.44582 
 50.84500  0.44521  0.44538 
 50.94500  0.44476  0.44493 
 51.04500  0.44431  0.44448 
 51.14500  0.44386  0.44403 
 51.24500  0.44343  0.44359 
 51.34500  0.44299  0.44315 
 51.44500  0.44255  0.44271 
 51.54500  0.44209  0.44227 
 51.64500  0.44164  0.44182 
 51.74500  0.44122  0.44139 
 51.84500  0.44079  0.44095 
 51.94500  0.44035  0.44051 
 52.04500  0.43991  0.44008 
 52.14500  0.43946  0.43963 
 52.24500  0.43904  0.43921 
 52.34500  0.43861  0.43878 
 52.44500  0.43818  0.43835 
 52.54500  0.43776  0.43792 
 52.64500  0.43734  0.43749 
 52.74500  0.43689  0.43707 
 52.84500  0.43648  0.43664 
 52.94500  0.43605  0.43622 
 53.04500  0.43564  0.43580 
 53.14500  0.43523  0.43538 
 53.24500  0.43481  0.43497 
 53.34500  0.43439  0.43455 
 53.44500  0.43398  0.43414 
 53.54500  0.43357  0.43372 
 53.64500  0.43316  0.43332 
 53.74500  0.43276  0.43292 
 53.84500  0.43235  0.43250 
 53.94500  0.43193  0.43210 
 54.04500  0.43155  0.43170 
 54.14500  0.43114  0.43130 
 54.24500  0.43076  0.43092 
 54.34500  0.43036  0.43052 
 54.44500  0.42996  0.43014 
 54.54500  0.42956  0.42974 
 54.64500  0.42919  0.42936 
 54.74500  0.42881  0.42897 
 54.84500  0.42842  0.42860 
 54.94500  0.42806  0.42822 
 55.04500  0.42767  0.42785 
 55.14500  0.42730  0.42747 
 55.24500  0.42693  0.42710 
 55.34500  0.42657  0.42674 
 55.44500  0.42621  0.42637 
 55.54500  0.42583  0.42602 
 55.64500  0.42550  0.42565 
 55.74500  0.42512  0.42531 
 55.84500  0.42479  0.42495 
 55.94500  0.42443  0.42462 
 56.04500  0.42409  0.42425 
 56.14500  0.42374  0.42392 
 56.24500  0.42341  0.42358 
 56.34500  0.42308  0.42325 
 56.44500  0.42275  0.42292 
 56.54500  0.42240  0.42258 
 56.64500  0.42209  0.42227 
 56.74500  0.42178  0.42195 
 56.84500  0.42146  0.42163 
 56.94500  0.42115  0.42132 
 57.04500  0.42085  0.42101 
 57.14500  0.42054  0.42070 
 57.24500  0.42023  0.42040 
 57.34500  0.41993  0.42010 
 57.44500  0.41963  0.41981 
 57.54500  0.41934  0.41951 
 57.64500  0.41906  0.41923 
 57.74500  0.41877  0.41895 
 57.84500  0.41851  0.41867 
 57.94500  0.41821  0.41840 
 58.04500  0.41795  0.41812 
 58.14500  0.41769  0.41786 
 58.24500  0.41742  0.41760 
 58.34500  0.41716  0.41735 
 58.44500  0.41691  0.41710 
 58.54500  0.41668  0.41685 
 58.64500  0.41642  0.41660 
 58.74500  0.41617  0.41635 
 58.84500  0.41593  0.41612 
 58.94500  0.41569  0.41589 
 59.04500  0.41549  0.41566 
 59.14500  0.41525  0.41543 
 59.24500  0.41505  0.41522 
 59.34500  0.41482  0.41501 
 59.44500  0.41461  0.41479 
 59.54500  0.41442  0.41459 
 59.64500  0.41420  0.41439 
 59.74500  0.41400  0.41420 
 59.84500  0.41383  0.41401 
 59.94500  0.41364  0.41383 
 60.04500  0.41347  0.41365 
 60.14500  0.41328  0.41346 
 60.24500  0.41309  0.41330 
 60.34500  0.41294  0.41314 
 60.44500  0.41277  0.41296 
 60.54500  0.41261  0.41281 
 60.64500  0.41246  0.41266 
 60.74500  0.41232  0.41251 
 60.84500  0.41218  0.41236 
 60.94500  0.41206  0.41224 
 61.04500  0.41189  0.41210 
 61.14500  0.41180  0.41197 
 61.24500  0.41165  0.41185 
 61.34500  0.41155  0.41174 
 61.44500  0.41142  0.41163 
 61.54500  0.41131  0.41152 
 61.64500  0.41121  0.41142 
 61.74500  0.41112  0.41132 
 61.84500  0.41101  0.41123 
 61.94500  0.41095  0.41114 
 62.04500  0.41087  0.41107 
 62.14500  0.41077  0.41100 
 62.24500  0.41071  0.41090 
 62.34500  0.41062  0.41085 
 62.44500  0.41060  0.41080 
 62.54500  0.41055  0.41072 
 62.64500  0.41049  0.41070 
 62.74500  0.41041  0.41063 
 62.84500  0.41039  0.41060 
 62.94500  0.41041  0.41060 
 63.04500  0.41033  0.41051 
 63.14500  0.41026  0.41050 
 63.24500  0.41025  0.41050 
 63.34500  0.41028  0.41050 
 63.44500  0.41027  0.41050 
