  0.04500  0.51981  0.52230 
  0.14500  0.51981  0.52230 
  0.24500  0.51981  0.52230 
  0.34500  0.51981  0.52230 
  0.44500  0.51981  0.52230 
  0.54500  0.51981  0.52230 
  0.64500  0.51980  0.52230 
  0.74500  0.51980  0.52230 
  0.84500  0.51980  0.52230 
  0.94500  0.51980  0.52230 
  1.04500  0.51980  0.52230 
  1.14500  0.51981  0.52230 
  1.24500  0.51981  0.52230 
  1.34500  0.51981  0.52230 
  1.44500  0.51979  0.52230 
  1.54500  0.51979  0.52230 
  1.64500  0.51979  0.52230 
  1.74500  0.51980  0.52230 
  1.84500  0.51980  0.52230 
  1.94500  0.51978  0.52227 
  2.04500  0.51978  0.52220 
  2.14500  0.51978  0.52220 
  2.24500  0.51977  0.52220 
  2.34500  0.51975  0.52220 
  2.44500  0.51975  0.52220 
  2.54500  0.51976  0.52220 
  2.64500  0.51976  0.52220 
  2.74500  0.51976  0.52220 
  2.84500  0.51976  0.52220 
  2.94500  0.51976  0.52220 
  3.04500  0.51974  0.52220 
  3.14500  0.51974  0.52220 
  3.24500  0.51972  0.52220 
  3.34500  0.51972  0.52220 
  3.44500  0.51972  0.52220 
  3.54500  0.51972  0.52215 
  3.64500  0.51970  0.52210 
  3.74500  0.51970  0.52210 
  3.84500  0.51971  0.52210 
  3.94500  0.51971  0.52210 
  4.04500  0.51970  0.52210 
  4.14500  0.51968  0.52210 
  4.24500  0.51967  0.52210 
  4.34500  0.51967  0.52210 
  4.44500  0.51967  0.52210 
  4.54500  0.51966  0.52210 
  4.64500  0.51966  0.52201 
  4.74500  0.51965  0.52200 
  4.84500  0.51963  0.52200 
  4.94500  0.51962  0.52200 
  5.04500  0.51962  0.52200 
  5.14500  0.51961  0.52200 
  5.24500  0.51961  0.52200 
  5.34500  0.51961  0.52200 
  5.44500  0.51961  0.52198 
  5.54500  0.51956  0.52190 
  5.64500  0.51957  0.52190 
  5.74500  0.51957  0.52190 
  5.84500  0.51955  0.52190 
  5.94500  0.51955  0.52190 
  6.04500  0.51954  0.52190 
  6.14500  0.51952  0.52190 
  6.24500  0.51951  0.52183 
  6.34500  0.51951  0.52180 
  6.44500  0.51950  0.52180 
  6.54500  0.51949  0.52180 
  6.64500  0.51946  0.52180 
  6.74500  0.51945  0.52180 
  6.84500  0.51945  0.52180 
  6.94500  0.51943  0.52170 
  7.04500  0.51943  0.52170 
  7.14500  0.51941  0.52170 
  7.24500  0.51938  0.52170 
  7.34500  0.51938  0.52170 
  7.44500  0.51938  0.52170 
  7.54500  0.51935  0.52162 
  7.64500  0.51933  0.52160 
  7.74500  0.51932  0.52160 
  7.84500  0.51932  0.52160 
  7.94500  0.51931  0.52160 
  8.04500  0.51928  0.52159 
  8.14500  0.51927  0.52150 
  8.24500  0.51927  0.52150 
  8.34500  0.51925  0.52150 
  8.44500  0.51923  0.52150 
  8.54500  0.51921  0.52150 
  8.64500  0.51920  0.52142 
  8.74500  0.51920  0.52140 
  8.84500  0.51917  0.52140 
  8.94500  0.51916  0.52140 
  9.04500  0.51914  0.52140 
  9.14500  0.51913  0.52132 
  9.24500  0.51910  0.52130 
  9.34500  0.51909  0.52130 
  9.44500  0.51909  0.52130 
  9.54500  0.51906  0.52130 
  9.64500  0.51905  0.52120 
  9.74500  0.51903  0.52120 
  9.84500  0.51902  0.52120 
  9.94500  0.51899  0.52120 
 10.04500  0.51898  0.52116 
 10.14500  0.51896  0.52110 
 10.24500  0.51894  0.52110 
 10.34500  0.51892  0.52110 
 10.44500  0.51890  0.52110 
 10.54500  0.51890  0.52100 
 10.64500  0.51886  0.52100 
 10.74500  0.51886  0.52100 
 10.84500  0.51884  0.52100 
 10.94500  0.51881  0.52093 
 11.04500  0.51880  0.52090 
 11.14500  0.51879  0.52090 
 11.24500  0.51876  0.52090 
 11.34500  0.51875  0.52083 
 11.44500  0.51873  0.52080 
 11.54500  0.51871  0.52080 
 11.64500  0.51868  0.52080 
 11.74500  0.51869  0.52073 
 11.84500  0.51865  0.52070 
 11.94500  0.51864  0.52070 
 12.04500  0.51863  0.52070 
 12.14500  0.51860  0.52062 
 12.24500  0.51858  0.52060 
 12.34500  0.51857  0.52060 
 12.44500  0.51854  0.52059 
 12.54500  0.51852  0.52050 
 12.64500  0.51851  0.52050 
 12.74500  0.51848  0.52050 
 12.84500  0.51846  0.52046 
 12.94500  0.51844  0.52040 
 13.04500  0.51842  0.52040 
 13.14500  0.51840  0.52040 
 13.24500  0.51838  0.52031 
 13.34500  0.51836  0.52030 
 13.44500  0.51834  0.52030 
 13.54500  0.51832  0.52026 
 13.64500  0.51830  0.52020 
 13.74500  0.51828  0.52020 
 13.84500  0.51826  0.52020 
 13.94500  0.51824  0.52010 
 14.04500  0.51822  0.52010 
 14.14500  0.51819  0.52010 
 14.24500  0.51818  0.52004 
 14.34500  0.51815  0.52000 
 14.44500  0.51813  0.52000 
 14.54500  0.51810  0.51996 
 14.64500  0.51808  0.51990 
 14.74500  0.51807  0.51990 
 14.84500  0.51804  0.51989 
 14.94500  0.51803  0.51980 
 15.04500  0.51799  0.51980 
 15.14500  0.51797  0.51980 
 15.24500  0.51795  0.51970 
 15.34500  0.51792  0.51970 
 15.44500  0.51791  0.51970 
 15.54500  0.51787  0.51961 
 15.64500  0.51785  0.51960 
 15.74500  0.51783  0.51960 
 15.84500  0.51781  0.51952 
 15.94500  0.51778  0.51950 
 16.04500  0.51775  0.51950 
 16.14500  0.51773  0.51942 
 16.24500  0.51770  0.51940 
 16.34500  0.51769  0.51940 
 16.44500  0.51766  0.51932 
 16.54500  0.51763  0.51930 
 16.64500  0.51761  0.51930 
 16.74500  0.51758  0.51921 
 16.84500  0.51755  0.51920 
 16.94500  0.51752  0.51920 
 17.04500  0.51751  0.51910 
 17.14500  0.51748  0.51910 
 17.24500  0.51745  0.51908 
 17.34500  0.51742  0.51900 
 17.44500  0.51740  0.51900 
 17.54500  0.51737  0.51897 
 17.64500  0.51734  0.51890 
 17.74500  0.51732  0.51890 
 17.84500  0.51730  0.51885 
 17.94500  0.51726  0.51880 
 18.04500  0.51723  0.51880 
 18.14500  0.51721  0.51872 
 18.24500  0.51718  0.51870 
 18.34500  0.51715  0.51869 
 18.44500  0.51712  0.51860 
 18.54500  0.51710  0.51860 
 18.64500  0.51707  0.51856 
 18.74500  0.51705  0.51850 
 18.84500  0.51701  0.51850 
 18.94500  0.51700  0.51843 
 19.04500  0.51696  0.51840 
 19.14500  0.51693  0.51840 
 19.24500  0.51689  0.51830 
 19.34500  0.51687  0.51830 
 19.44500  0.51684  0.51826 
 19.54500  0.51682  0.51820 
 19.64500  0.51678  0.51820 
 19.74500  0.51676  0.51812 
 19.84500  0.51673  0.51810 
 19.94500  0.51671  0.51807 
 20.04500  0.51668  0.51800 
 20.14500  0.51665  0.51800 
 20.24500  0.51661  0.51793 
 20.34500  0.51659  0.51790 
 20.44500  0.51656  0.51788 
 20.54500  0.51653  0.51780 
 20.64500  0.51650  0.51780 
 20.74500  0.51648  0.51773 
 20.84500  0.51644  0.51770 
 20.94500  0.51641  0.51768 
 21.04500  0.51638  0.51760 
 21.14500  0.51635  0.51760 
 21.24500  0.51632  0.51753 
 21.34500  0.51628  0.51750 
 21.44500  0.51626  0.51748 
 21.54500  0.51622  0.51740 
 21.64500  0.51620  0.51740 
 21.74500  0.51617  0.51732 
 21.84500  0.51614  0.51730 
 21.94500  0.51610  0.51726 
 22.04500  0.51608  0.51720 
 22.14500  0.51605  0.51720 
 22.24500  0.51602  0.51711 
 22.34500  0.51599  0.51710 
 22.44500  0.51596  0.51705 
 22.54500  0.51592  0.51700 
 22.64500  0.51588  0.51698 
 22.74500  0.51586  0.51690 
 22.84500  0.51582  0.51690 
 22.94500  0.51580  0.51682 
 23.04500  0.51577  0.51680 
 23.14500  0.51574  0.51676 
 23.24500  0.51571  0.51670 
 23.34500  0.51567  0.51669 
 23.44500  0.51564  0.51660 
 23.54500  0.51561  0.51660 
 23.64500  0.51559  0.51652 
 23.74500  0.51555  0.51650 
 23.84500  0.51552  0.51646 
 23.94500  0.51549  0.51640 
 24.04500  0.51546  0.51639 
 24.14500  0.51543  0.51630 
 24.24500  0.51539  0.51630 
 24.34500  0.51536  0.51622 
 24.44500  0.51532  0.51620 
 24.54500  0.51530  0.51615 
 24.64500  0.51526  0.51610 
 24.74500  0.51523  0.51607 
 24.84500  0.51520  0.51600 
 24.94500  0.51517  0.51600 
 25.04500  0.51514  0.51590 
 25.14500  0.51510  0.51590 
 25.24500  0.51507  0.51583 
 25.34500  0.51503  0.51580 
 25.44500  0.51501  0.51575 
 25.54500  0.51498  0.51570 
 25.64500  0.51494  0.51568 
 25.74500  0.51491  0.51560 
 25.84500  0.51487  0.51560 
 25.94500  0.51484  0.51550 
 26.04500  0.51481  0.51550 
 26.14500  0.51477  0.51542 
 26.24500  0.51474  0.51540 
 26.34500  0.51470  0.51535 
 26.44500  0.51467  0.51530 
 26.54500  0.51463  0.51527 
 26.64500  0.51460  0.51520 
 26.74500  0.51458  0.51519 
 26.84500  0.51453  0.51510 
 26.94500  0.51450  0.51510 
 27.04500  0.51447  0.51501 
 27.14500  0.51443  0.51500 
 27.24500  0.51439  0.51493 
 27.34500  0.51435  0.51490 
 27.44500  0.51433  0.51485 
 27.54500  0.51429  0.51480 
 27.64500  0.51426  0.51477 
 27.74500  0.51423  0.51470 
 27.84500  0.51419  0.51468 
 27.94500  0.51416  0.51460 
 28.04500  0.51412  0.51460 
 28.14500  0.51409  0.51450 
 28.24500  0.51406  0.51450 
 28.34500  0.51402  0.51442 
 28.44500  0.51399  0.51440 
 28.54500  0.51395  0.51434 
 28.64500  0.51392  0.51430 
 28.74500  0.51389  0.51425 
 28.84500  0.51384  0.51420 
 28.94500  0.51381  0.51417 
 29.04500  0.51377  0.51410 
 29.14500  0.51374  0.51409 
 29.24500  0.51371  0.51400 
 29.34500  0.51367  0.51400 
 29.44500  0.51364  0.51390 
 29.54500  0.51361  0.51390 
 29.64500  0.51358  0.51382 
 29.74500  0.51355  0.51380 
 29.84500  0.51350  0.51373 
 29.94500  0.51347  0.51370 
 30.04500  0.51344  0.51365 
 30.14500  0.51340  0.51360 
 30.24500  0.51337  0.51356 
 30.34500  0.51333  0.51350 
 30.44500  0.51330  0.51348 
 30.54500  0.51327  0.51340 
 30.64500  0.51323  0.51339 
 30.74500  0.51320  0.51330 
 30.84500  0.51316  0.51330 
 30.94500  0.51313  0.51320 
 31.04500  0.51310  0.51320 
 31.14500  0.51305  0.51312 
 31.24500  0.51302  0.51310 
 31.34500  0.51299  0.51303 
 31.44500  0.51296  0.51300 
 31.54500  0.51293  0.51295 
 31.64500  0.51288  0.51290 
 31.74500  0.51284  0.51286 
 31.84500  0.51281  0.51280 
 31.94500  0.51278  0.51277 
 32.04500  0.51275  0.51270 
 32.14500  0.51271  0.51269 
 32.24500  0.51268  0.51260 
 32.34500  0.51265  0.51260 
 32.44500  0.51261  0.51250 
 32.54500  0.51258  0.51250 
 32.64500  0.51254  0.51242 
 32.74500  0.51251  0.51240 
 32.84500  0.51248  0.51233 
 32.94500  0.51244  0.51230 
 33.04500  0.51241  0.51225 
 33.14500  0.51238  0.51220 
 33.24500  0.51234  0.51216 
 33.34500  0.51231  0.51210 
 33.44500  0.51227  0.51207 
 33.54500  0.51224  0.51200 
 33.64500  0.51220  0.51199 
 33.74500  0.51217  0.51190 
 33.84500  0.51214  0.51190 
 33.94500  0.51210  0.51180 
 34.04500  0.51208  0.51180 
 34.14500  0.51204  0.51172 
 34.24500  0.51200  0.51170 
 34.34500  0.51197  0.51164 
 34.44500  0.51193  0.51160 
 34.54500  0.51190  0.51155 
 34.64500  0.51186  0.51150 
 34.74500  0.51182  0.51147 
 34.84500  0.51179  0.51140 
 34.94500  0.51176  0.51138 
 35.04500  0.51172  0.51130 
 35.14500  0.51170  0.51130 
 35.24500  0.51166  0.51120 
 35.34500  0.51163  0.51120 
 35.44500  0.51158  0.51112 
 35.54500  0.51155  0.51110 
 35.64500  0.51152  0.51104 
 35.74500  0.51149  0.51100 
 35.84500  0.51146  0.51095 
 35.94500  0.51142  0.51090 
 36.04500  0.51139  0.51087 
 36.14500  0.51135  0.51080 
 36.24500  0.51131  0.51079 
 36.34500  0.51128  0.51070 
 36.44500  0.51124  0.51070 
 36.54500  0.51121  0.51061 
 36.64500  0.51118  0.51060 
 36.74500  0.51113  0.51053 
 36.84500  0.51111  0.51050 
 36.94500  0.51107  0.51045 
 37.04500  0.51104  0.51040 
 37.14500  0.51101  0.51037 
 37.24500  0.51097  0.51030 
 37.34500  0.51094  0.51030 
 37.44500  0.51090  0.51020 
 37.54500  0.51088  0.51020 
 37.64500  0.51084  0.51012 
 37.74500  0.51080  0.51010 
 37.84500  0.51078  0.51004 
 37.94500  0.51073  0.51000 
 38.04500  0.51071  0.50997 
 38.14500  0.51067  0.50990 
 38.24500  0.51064  0.50989 
 38.34500  0.51061  0.50980 
 38.44500  0.51057  0.50980 
 38.54500  0.51055  0.50972 
 38.64500  0.51051  0.50970 
 38.74500  0.51049  0.50965 
 38.84500  0.51045  0.50960 
 38.94500  0.51042  0.50957 
 39.04500  0.51039  0.50950 
 39.14500  0.51035  0.50950 
 39.24500  0.51032  0.50940 
 39.34500  0.51028  0.50940 
 39.44500  0.51026  0.50933 
 39.54500  0.51022  0.50930 
 39.64500  0.51019  0.50926 
 39.74500  0.51016  0.50920 
 39.84500  0.51013  0.50919 
 39.94500  0.51010  0.50910 
 40.04500  0.51007  0.50910 
 40.14500  0.51004  0.50903 
 40.24500  0.51000  0.50900 
 40.34500  0.50998  0.50896 
 40.44500  0.50994  0.50890 
 40.54500  0.50991  0.50890 
 40.64500  0.50988  0.50880 
 40.74500  0.50985  0.50880 
 40.84500  0.50982  0.50873 
 40.94500  0.50978  0.50870 
 41.04500  0.50976  0.50867 
 41.14500  0.50972  0.50860 
 41.24500  0.50969  0.50860 
 41.34500  0.50966  0.50851 
 41.44500  0.50963  0.50850 
 41.54500  0.50960  0.50845 
 41.64500  0.50957  0.50840 
 41.74500  0.50954  0.50839 
 41.84500  0.50952  0.50830 
 41.94500  0.50949  0.50830 
 42.04500  0.50945  0.50824 
 42.14500  0.50943  0.50820 
 42.24500  0.50939  0.50818 
 42.34500  0.50937  0.50810 
 42.44500  0.50933  0.50810 
 42.54500  0.50930  0.50803 
 42.64500  0.50927  0.50800 
 42.74500  0.50924  0.50798 
 42.84500  0.50921  0.50790 
 42.94500  0.50919  0.50790 
 43.04500  0.50916  0.50783 
 43.14500  0.50913  0.50780 
 43.24500  0.50910  0.50779 
 43.34500  0.50907  0.50770 
 43.44500  0.50904  0.50770 
 43.54500  0.50901  0.50764 
 43.64500  0.50899  0.50760 
 43.74500  0.50895  0.50760 
 43.84500  0.50893  0.50750 
 43.94500  0.50890  0.50750 
 44.04500  0.50888  0.50746 
 44.14500  0.50885  0.50740 
 44.24500  0.50881  0.50740 
 44.34500  0.50878  0.50732 
 44.44500  0.50875  0.50730 
 44.54500  0.50872  0.50728 
 44.64500  0.50870  0.50720 
 44.74500  0.50867  0.50720 
 44.84500  0.50864  0.50715 
 44.94500  0.50862  0.50710 
 45.04500  0.50859  0.50710 
 45.14500  0.50856  0.50702 
 45.24500  0.50853  0.50700 
 45.34500  0.50851  0.50699 
 45.44500  0.50848  0.50690 
 45.54500  0.50845  0.50690 
 45.64500  0.50842  0.50687 
 45.74500  0.50840  0.50680 
 45.84500  0.50837  0.50680 
 45.94500  0.50835  0.50674 
 46.04500  0.50831  0.50670 
 46.14500  0.50829  0.50670 
 46.24500  0.50826  0.50663 
 46.34500  0.50824  0.50660 
 46.44500  0.50821  0.50660 
 46.54500  0.50819  0.50651 
 46.64500  0.50816  0.50650 
 46.74500  0.50812  0.50650 
 46.84500  0.50810  0.50640 
 46.94500  0.50807  0.50640 
 47.04500  0.50806  0.50639 
 47.14500  0.50802  0.50630 
 47.24500  0.50801  0.50630 
 47.34500  0.50798  0.50629 
 47.44500  0.50796  0.50620 
 47.54500  0.50793  0.50620 
 47.64500  0.50791  0.50619 
 47.74500  0.50789  0.50610 
 47.84500  0.50786  0.50610 
 47.94500  0.50784  0.50609 
 48.04500  0.50781  0.50600 
 48.14500  0.50779  0.50600 
 48.24500  0.50776  0.50600 
 48.34500  0.50774  0.50590 
 48.44500  0.50772  0.50590 
 48.54500  0.50769  0.50590 
 48.64500  0.50768  0.50582 
 48.74500  0.50765  0.50580 
 48.84500  0.50762  0.50580 
 48.94500  0.50761  0.50574 
 49.04500  0.50758  0.50570 
 49.14500  0.50757  0.50570 
 49.24500  0.50754  0.50567 
 49.34500  0.50751  0.50560 
 49.44500  0.50750  0.50560 
 49.54500  0.50747  0.50560 
 49.64500  0.50745  0.50550 
 49.74500  0.50743  0.50550 
 49.84500  0.50741  0.50550 
 49.94500  0.50740  0.50544 
 50.04500  0.50737  0.50540 
 50.14500  0.50735  0.50540 
 50.24500  0.50734  0.50539 
 50.34500  0.50731  0.50530 
 50.44500  0.50729  0.50530 
 50.54500  0.50727  0.50530 
 50.64500  0.50725  0.50524 
 50.74500  0.50724  0.50520 
 50.84500  0.50720  0.50520 
 50.94500  0.50719  0.50520 
 51.04500  0.50717  0.50511 
 51.14500  0.50714  0.50510 
 51.24500  0.50713  0.50510 
 51.34500  0.50711  0.50508 
 51.44500  0.50709  0.50500 
 51.54500  0.50708  0.50500 
 51.64500  0.50706  0.50500 
 51.74500  0.50703  0.50496 
 51.84500  0.50703  0.50490 
 51.94500  0.50700  0.50490 
 52.04500  0.50699  0.50490 
 52.14500  0.50696  0.50486 
 52.24500  0.50696  0.50480 
 52.34500  0.50692  0.50480 
 52.44500  0.50691  0.50480 
 52.54500  0.50689  0.50477 
 52.64500  0.50687  0.50470 
 52.74500  0.50685  0.50470 
 52.84500  0.50685  0.50470 
 52.94500  0.50680  0.50469 
 53.04500  0.50680  0.50460 
 53.14500  0.50678  0.50460 
 53.24500  0.50675  0.50460 
 53.34500  0.50673  0.50460 
 53.44500  0.50672  0.50452 
 53.54500  0.50671  0.50450 
 53.64500  0.50668  0.50450 
 53.74500  0.50667  0.50450 
 53.84500  0.50665  0.50448 
 53.94500  0.50664  0.50440 
 54.04500  0.50662  0.50440 
 54.14500  0.50662  0.50440 
 54.24500  0.50660  0.50440 
 54.34500  0.50656  0.50436 
 54.44500  0.50655  0.50430 
 54.54500  0.50653  0.50430 
 54.64500  0.50653  0.50430 
 54.74500  0.50649  0.50430 
 54.84500  0.50648  0.50426 
 54.94500  0.50648  0.50420 
 55.04500  0.50646  0.50420 
 55.14500  0.50644  0.50420 
 55.24500  0.50642  0.50420 
 55.34500  0.50643  0.50418 
 55.44500  0.50641  0.50410 
 55.54500  0.50638  0.50410 
 55.64500  0.50638  0.50410 
 55.74500  0.50637  0.50410 
 55.84500  0.50636  0.50410 
 55.94500  0.50634  0.50405 
 56.04500  0.50632  0.50400 
 56.14500  0.50631  0.50400 
 56.24500  0.50632  0.50400 
 56.34500  0.50629  0.50400 
 56.44500  0.50627  0.50400 
 56.54500  0.50627  0.50395 
 56.64500  0.50624  0.50390 
 56.74500  0.50624  0.50390 
 56.84500  0.50623  0.50390 
 56.94500  0.50620  0.50390 
 57.04500  0.50620  0.50390 
 57.14500  0.50619  0.50390 
 57.24500  0.50619  0.50382 
 57.34500  0.50618  0.50380 
 57.44500  0.50615  0.50380 
 57.54500  0.50616  0.50380 
 57.64500  0.50614  0.50380 
 57.74500  0.50613  0.50380 
 57.84500  0.50614  0.50380 
 57.94500  0.50613  0.50375 
 58.04500  0.50609  0.50370 
 58.14500  0.50610  0.50370 
 58.24500  0.50610  0.50370 
 58.34500  0.50609  0.50370 
 58.44500  0.50607  0.50370 
 58.54500  0.50608  0.50370 
 58.64500  0.50606  0.50370 
 58.74500  0.50605  0.50370 
 58.84500  0.50604  0.50360 
 58.94500  0.50604  0.50360 
 59.04500  0.50604  0.50360 
 59.14500  0.50603  0.50360 
 59.24500  0.50603  0.50360 
 59.34500  0.50601  0.50360 
 59.44500  0.50600  0.50360 
 59.54500  0.50600  0.50360 
 59.64500  0.50600  0.50360 
 59.74500  0.50600  0.50360 
 59.84500  0.50599  0.50353 
 59.94500  0.50598  0.50350 
 60.04500  0.50598  0.50350 
 60.14500  0.50598  0.50350 
 60.24500  0.50596  0.50350 
 60.34500  0.50596  0.50350 
 60.44500  0.50594  0.50350 
 60.54500  0.50593  0.50350 
 60.64500  0.50593  0.50350 
 60.74500  0.50593  0.50350 
 60.84500  0.50594  0.50350 
 60.94500  0.50594  0.50350 
 61.04500  0.50594  0.50350 
 61.14500  0.50593  0.50350 
 61.24500  0.50592  0.50348 
 61.34500  0.50593  0.50340 
 61.44500  0.50590  0.50340 
 61.54500  0.50590  0.50340 
 61.64500  0.50590  0.50340 
 61.74500  0.50590  0.50340 
 61.84500  0.50590  0.50340 
 61.94500  0.50590  0.50340 
 62.04500  0.50590  0.50340 
 62.14500  0.50590  0.50340 
 62.24500  0.50590  0.50340 
 62.34500  0.50590  0.50340 
 62.44500  0.50589  0.50340 
 62.54500  0.50588  0.50340 
 62.64500  0.50588  0.50340 
 62.74500  0.50589  0.50340 
 62.84500  0.50589  0.50340 
 62.94500  0.50589  0.50340 
 63.04500  0.50588  0.50340 
 63.14500  0.50589  0.50340 
 63.24500  0.50589  0.50340 
 63.34500  0.50589  0.50340 
 63.44500  0.50589  0.50340 
