  0.04500  0.64159  0.64170 
  0.14500  0.64154  0.64170 
  0.24500  0.64155  0.64166 
  0.34500  0.64154  0.64160 
  0.44500  0.64146  0.64160 
  0.54500  0.64144  0.64150 
  0.64500  0.64136  0.64145 
  0.74500  0.64127  0.64138 
  0.84500  0.64119  0.64128 
  0.94500  0.64110  0.64118 
  1.04500  0.64098  0.64107 
  1.14500  0.64085  0.64095 
  1.24500  0.64072  0.64081 
  1.34500  0.64058  0.64066 
  1.44500  0.64042  0.64051 
  1.54500  0.64026  0.64034 
  1.64500  0.64009  0.64016 
  1.74500  0.63989  0.63997 
  1.84500  0.63970  0.63977 
  1.94500  0.63948  0.63956 
  2.04500  0.63927  0.63933 
  2.14500  0.63904  0.63910 
  2.24500  0.63880  0.63885 
  2.34500  0.63855  0.63860 
  2.44500  0.63828  0.63834 
  2.54500  0.63801  0.63807 
  2.64500  0.63774  0.63779 
  2.74500  0.63744  0.63749 
  2.84500  0.63713  0.63718 
  2.94500  0.63682  0.63687 
  3.04500  0.63649  0.63655 
  3.14500  0.63616  0.63622 
  3.24500  0.63582  0.63585 
  3.34500  0.63547  0.63551 
  3.44500  0.63510  0.63514 
  3.54500  0.63473  0.63476 
  3.64500  0.63435  0.63438 
  3.74500  0.63396  0.63400 
  3.84500  0.63355  0.63359 
  3.94500  0.63315  0.63318 
  4.04500  0.63272  0.63276 
  4.14500  0.63229  0.63233 
  4.24500  0.63186  0.63189 
  4.34500  0.63141  0.63144 
  4.44500  0.63096  0.63100 
  4.54500  0.63050  0.63053 
  4.64500  0.63003  0.63005 
  4.74500  0.62954  0.62959 
  4.84500  0.62906  0.62910 
  4.94500  0.62857  0.62860 
  5.04500  0.62806  0.62810 
  5.14500  0.62755  0.62759 
  5.24500  0.62703  0.62705 
  5.34500  0.62650  0.62655 
  5.44500  0.62596  0.62600 
  5.54500  0.62542  0.62546 
  5.64500  0.62488  0.62492 
  5.74500  0.62432  0.62436 
  5.84500  0.62375  0.62381 
  5.94500  0.62319  0.62324 
  6.04500  0.62262  0.62267 
  6.14500  0.62202  0.62208 
  6.24500  0.62144  0.62150 
  6.34500  0.62085  0.62091 
  6.44500  0.62026  0.62031 
  6.54500  0.61965  0.61971 
  6.64500  0.61904  0.61910 
  6.74500  0.61843  0.61849 
  6.84500  0.61780  0.61787 
  6.94500  0.61717  0.61725 
  7.04500  0.61655  0.61661 
  7.14500  0.61590  0.61599 
  7.24500  0.61527  0.61534 
  7.34500  0.61462  0.61470 
  7.44500  0.61398  0.61406 
  7.54500  0.61333  0.61340 
  7.64500  0.61266  0.61274 
  7.74500  0.61200  0.61210 
  7.84500  0.61134  0.61143 
  7.94500  0.61067  0.61077 
  8.04500  0.61000  0.61010 
  8.14500  0.60932  0.60942 
  8.24500  0.60864  0.60873 
  8.34500  0.60796  0.60807 
  8.44500  0.60727  0.60738 
  8.54500  0.60659  0.60670 
  8.64500  0.60590  0.60600 
  8.74500  0.60521  0.60532 
  8.84500  0.60452  0.60463 
  8.94500  0.60383  0.60393 
  9.04500  0.60313  0.60323 
  9.14500  0.60243  0.60254 
  9.24500  0.60172  0.60184 
  9.34500  0.60103  0.60114 
  9.44500  0.60032  0.60044 
  9.54500  0.59963  0.59973 
  9.64500  0.59892  0.59903 
  9.74500  0.59821  0.59832 
  9.84500  0.59750  0.59762 
  9.94500  0.59680  0.59691 
 10.04500  0.59609  0.59620 
 10.14500  0.59538  0.59549 
 10.24500  0.59467  0.59478 
 10.34500  0.59397  0.59408 
 10.44500  0.59325  0.59336 
 10.54500  0.59254  0.59265 
 10.64500  0.59184  0.59195 
 10.74500  0.59114  0.59124 
 10.84500  0.59042  0.59053 
 10.94500  0.58972  0.58982 
 11.04500  0.58903  0.58912 
 11.14500  0.58832  0.58841 
 11.24500  0.58761  0.58771 
 11.34500  0.58691  0.58700 
 11.44500  0.58621  0.58630 
 11.54500  0.58550  0.58560 
 11.64500  0.58481  0.58490 
 11.74500  0.58411  0.58420 
 11.84500  0.58342  0.58350 
 11.94500  0.58272  0.58280 
 12.04500  0.58203  0.58211 
 12.14500  0.58134  0.58142 
 12.24500  0.58065  0.58073 
 12.34500  0.57997  0.58004 
 12.44500  0.57929  0.57936 
 12.54500  0.57860  0.57867 
 12.64500  0.57792  0.57800 
 12.74500  0.57725  0.57730 
 12.84500  0.57657  0.57663 
 12.94500  0.57591  0.57597 
 13.04500  0.57523  0.57530 
 13.14500  0.57457  0.57463 
 13.24500  0.57390  0.57397 
 13.34500  0.57324  0.57330 
 13.44500  0.57259  0.57263 
 13.54500  0.57194  0.57198 
 13.64500  0.57128  0.57133 
 13.74500  0.57064  0.57067 
 13.84500  0.56999  0.57003 
 13.94500  0.56934  0.56939 
 14.04500  0.56871  0.56875 
 14.14500  0.56808  0.56811 
 14.24500  0.56744  0.56748 
 14.34500  0.56682  0.56685 
 14.44500  0.56619  0.56622 
 14.54500  0.56557  0.56560 
 14.64500  0.56496  0.56499 
 14.74500  0.56434  0.56437 
 14.84500  0.56373  0.56376 
 14.94500  0.56312  0.56315 
 15.04500  0.56253  0.56255 
 15.14500  0.56193  0.56195 
 15.24500  0.56133  0.56136 
 15.34500  0.56075  0.56077 
 15.44500  0.56017  0.56018 
 15.54500  0.55958  0.55960 
 15.64500  0.55900  0.55903 
 15.74500  0.55843  0.55845 
 15.84500  0.55786  0.55788 
 15.94500  0.55730  0.55732 
 16.04500  0.55673  0.55676 
 16.14500  0.55618  0.55620 
 16.24500  0.55563  0.55565 
 16.34500  0.55508  0.55510 
 16.44500  0.55454  0.55455 
 16.54500  0.55400  0.55402 
 16.64500  0.55347  0.55349 
 16.74500  0.55294  0.55295 
 16.84500  0.55242  0.55245 
 16.94500  0.55190  0.55190 
 17.04500  0.55139  0.55140 
 17.14500  0.55087  0.55090 
 17.24500  0.55037  0.55040 
 17.34500  0.54985  0.54990 
 17.44500  0.54936  0.54940 
 17.54500  0.54887  0.54890 
 17.64500  0.54839  0.54840 
 17.74500  0.54789  0.54790 
 17.84500  0.54743  0.54745 
 17.94500  0.54694  0.54696 
 18.04500  0.54648  0.54650 
 18.14500  0.54602  0.54603 
 18.24500  0.54555  0.54557 
 18.34500  0.54510  0.54511 
 18.44500  0.54464  0.54467 
 18.54500  0.54420  0.54421 
 18.64500  0.54376  0.54378 
 18.74500  0.54332  0.54333 
 18.84500  0.54289  0.54291 
 18.94500  0.54246  0.54248 
 19.04500  0.54203  0.54205 
 19.14500  0.54161  0.54163 
 19.24500  0.54121  0.54122 
 19.34500  0.54079  0.54081 
 19.44500  0.54038  0.54040 
 19.54500  0.53998  0.54000 
 19.64500  0.53959  0.53960 
 19.74500  0.53920  0.53922 
 19.84500  0.53881  0.53883 
 19.94500  0.53842  0.53844 
 20.04500  0.53805  0.53806 
 20.14500  0.53767  0.53769 
 20.24500  0.53730  0.53732 
 20.34500  0.53694  0.53695 
 20.44500  0.53658  0.53659 
 20.54500  0.53622  0.53624 
 20.64500  0.53587  0.53588 
 20.74500  0.53553  0.53554 
 20.84500  0.53518  0.53518 
 20.94500  0.53483  0.53485 
 21.04500  0.53450  0.53452 
 21.14500  0.53417  0.53418 
 21.24500  0.53385  0.53385 
 21.34500  0.53352  0.53352 
 21.44500  0.53320  0.53322 
 21.54500  0.53289  0.53289 
 21.64500  0.53257  0.53258 
 21.74500  0.53226  0.53228 
 21.84500  0.53196  0.53197 
 21.94500  0.53167  0.53167 
 22.04500  0.53138  0.53137 
 22.14500  0.53107  0.53109 
 22.24500  0.53079  0.53080 
 22.34500  0.53051  0.53051 
 22.44500  0.53022  0.53023 
 22.54500  0.52995  0.52995 
 22.64500  0.52968  0.52968 
 22.74500  0.52941  0.52940 
 22.84500  0.52914  0.52914 
 22.94500  0.52887  0.52888 
 23.04500  0.52861  0.52862 
 23.14500  0.52836  0.52835 
 23.24500  0.52811  0.52810 
 23.34500  0.52785  0.52785 
 23.44500  0.52762  0.52761 
 23.54500  0.52738  0.52738 
 23.64500  0.52714  0.52712 
 23.74500  0.52691  0.52690 
 23.84500  0.52666  0.52666 
 23.94500  0.52645  0.52643 
 24.04500  0.52621  0.52620 
 24.14500  0.52599  0.52598 
 24.24500  0.52577  0.52576 
 24.34500  0.52556  0.52554 
 24.44500  0.52534  0.52533 
 24.54500  0.52513  0.52511 
 24.64500  0.52492  0.52491 
 24.74500  0.52471  0.52470 
 24.84500  0.52451  0.52449 
 24.94500  0.52432  0.52429 
 25.04500  0.52411  0.52409 
 25.14500  0.52392  0.52391 
 25.24500  0.52373  0.52371 
 25.34500  0.52354  0.52352 
 25.44500  0.52335  0.52333 
 25.54500  0.52317  0.52315 
 25.64500  0.52299  0.52296 
 25.74500  0.52281  0.52278 
 25.84500  0.52263  0.52261 
 25.94500  0.52246  0.52244 
 26.04500  0.52228  0.52226 
 26.14500  0.52212  0.52208 
 26.24500  0.52194  0.52192 
 26.34500  0.52178  0.52175 
 26.44500  0.52161  0.52159 
 26.54500  0.52145  0.52144 
 26.64500  0.52130  0.52126 
 26.74500  0.52114  0.52112 
 26.84500  0.52099  0.52095 
 26.94500  0.52083  0.52080 
 27.04500  0.52068  0.52065 
 27.14500  0.52052  0.52050 
 27.24500  0.52038  0.52035 
 27.34500  0.52023  0.52021 
 27.44500  0.52009  0.52006 
 27.54500  0.51994  0.51993 
 27.64500  0.51980  0.51977 
 27.74500  0.51966  0.51964 
 27.84500  0.51952  0.51949 
 27.94500  0.51938  0.51936 
 28.04500  0.51925  0.51923 
 28.14500  0.51911  0.51908 
 28.24500  0.51899  0.51895 
 28.34500  0.51885  0.51883 
 28.44500  0.51873  0.51869 
 28.54500  0.51859  0.51856 
 28.64500  0.51847  0.51844 
 28.74500  0.51834  0.51832 
 28.84500  0.51822  0.51818 
 28.94500  0.51809  0.51806 
 29.04500  0.51796  0.51794 
 29.14500  0.51784  0.51782 
 29.24500  0.51773  0.51769 
 29.34500  0.51760  0.51757 
 29.44500  0.51749  0.51745 
 29.54500  0.51736  0.51734 
 29.64500  0.51725  0.51722 
 29.74500  0.51713  0.51710 
 29.84500  0.51701  0.51698 
 29.94500  0.51690  0.51686 
 30.04500  0.51678  0.51675 
 30.14500  0.51667  0.51664 
 30.24500  0.51655  0.51653 
 30.34500  0.51644  0.51641 
 30.44500  0.51633  0.51629 
 30.54500  0.51621  0.51618 
 30.64500  0.51611  0.51607 
 30.74500  0.51598  0.51596 
 30.84500  0.51588  0.51585 
 30.94500  0.51577  0.51574 
 31.04500  0.51565  0.51562 
 31.14500  0.51555  0.51551 
 31.24500  0.51544  0.51539 
 31.34500  0.51532  0.51528 
 31.44500  0.51521  0.51517 
 31.54500  0.51509  0.51506 
 31.64500  0.51498  0.51495 
 31.74500  0.51489  0.51484 
 31.84500  0.51476  0.51473 
 31.94500  0.51464  0.51462 
 32.04500  0.51454  0.51451 
 32.14500  0.51442  0.51439 
 32.24500  0.51432  0.51428 
 32.34500  0.51421  0.51416 
 32.44500  0.51409  0.51405 
 32.54500  0.51398  0.51394 
 32.64500  0.51387  0.51383 
 32.74500  0.51375  0.51371 
 32.84500  0.51364  0.51358 
 32.94500  0.51352  0.51347 
 33.04500  0.51340  0.51336 
 33.14500  0.51328  0.51324 
 33.24500  0.51315  0.51312 
 33.34500  0.51302  0.51300 
 33.44500  0.51292  0.51287 
 33.54500  0.51278  0.51276 
 33.64500  0.51267  0.51264 
 33.74500  0.51255  0.51252 
 33.84500  0.51243  0.51238 
 33.94500  0.51230  0.51226 
 34.04500  0.51218  0.51214 
 34.14500  0.51205  0.51200 
 34.24500  0.51192  0.51187 
 34.34500  0.51178  0.51175 
 34.44500  0.51166  0.51162 
 34.54500  0.51152  0.51147 
 34.64500  0.51138  0.51134 
 34.74500  0.51125  0.51121 
 34.84500  0.51111  0.51106 
 34.94500  0.51097  0.51094 
 35.04500  0.51084  0.51079 
 35.14500  0.51070  0.51065 
 35.24500  0.51055  0.51051 
 35.34500  0.51040  0.51035 
 35.44500  0.51025  0.51021 
 35.54500  0.51010  0.51006 
 35.64500  0.50994  0.50991 
 35.74500  0.50980  0.50975 
 35.84500  0.50964  0.50960 
 35.94500  0.50949  0.50944 
 36.04500  0.50933  0.50928 
 36.14500  0.50917  0.50912 
 36.24500  0.50900  0.50895 
 36.34500  0.50883  0.50878 
 36.44500  0.50867  0.50862 
 36.54500  0.50850  0.50845 
 36.64500  0.50833  0.50828 
 36.74500  0.50815  0.50810 
 36.84500  0.50798  0.50793 
 36.94500  0.50779  0.50775 
 37.04500  0.50762  0.50756 
 37.14500  0.50743  0.50738 
 37.24500  0.50724  0.50719 
 37.34500  0.50705  0.50701 
 37.44500  0.50687  0.50681 
 37.54500  0.50667  0.50661 
 37.64500  0.50646  0.50641 
 37.74500  0.50628  0.50621 
 37.84500  0.50606  0.50601 
 37.94500  0.50585  0.50581 
 38.04500  0.50566  0.50560 
 38.14500  0.50544  0.50539 
 38.24500  0.50523  0.50517 
 38.34500  0.50501  0.50496 
 38.44500  0.50478  0.50473 
 38.54500  0.50457  0.50451 
 38.64500  0.50435  0.50428 
 38.74500  0.50411  0.50405 
 38.84500  0.50388  0.50382 
 38.94500  0.50365  0.50358 
 39.04500  0.50340  0.50334 
 39.14500  0.50317  0.50310 
 39.24500  0.50291  0.50285 
 39.34500  0.50266  0.50260 
 39.44500  0.50242  0.50235 
 39.54500  0.50215  0.50210 
 39.64500  0.50191  0.50182 
 39.74500  0.50163  0.50157 
 39.84500  0.50137  0.50130 
 39.94500  0.50109  0.50102 
 40.04500  0.50083  0.50075 
 40.14500  0.50055  0.50047 
 40.24500  0.50027  0.50019 
 40.34500  0.49999  0.49990 
 40.44500  0.49970  0.49961 
 40.54500  0.49940  0.49932 
 40.64500  0.49910  0.49902 
 40.74500  0.49880  0.49872 
 40.84500  0.49849  0.49842 
 40.94500  0.49820  0.49811 
 41.04500  0.49787  0.49779 
 41.14500  0.49756  0.49748 
 41.24500  0.49724  0.49715 
 41.34500  0.49690  0.49682 
 41.44500  0.49659  0.49651 
 41.54500  0.49625  0.49617 
 41.64500  0.49592  0.49582 
 41.74500  0.49558  0.49548 
 41.84500  0.49524  0.49515 
 41.94500  0.49489  0.49479 
 42.04500  0.49453  0.49444 
 42.14500  0.49417  0.49408 
 42.24500  0.49381  0.49372 
 42.34500  0.49344  0.49335 
 42.44500  0.49308  0.49297 
 42.54500  0.49269  0.49260 
 42.64500  0.49231  0.49222 
 42.74500  0.49194  0.49184 
 42.84500  0.49154  0.49144 
 42.94500  0.49115  0.49106 
 43.04500  0.49075  0.49066 
 43.14500  0.49035  0.49026 
 43.24500  0.48994  0.48984 
 43.34500  0.48953  0.48943 
 43.44500  0.48912  0.48902 
 43.54500  0.48870  0.48860 
 43.64500  0.48827  0.48818 
 43.74500  0.48784  0.48774 
 43.84500  0.48741  0.48731 
 43.94500  0.48697  0.48687 
 44.04500  0.48652  0.48643 
 44.14500  0.48607  0.48598 
 44.24500  0.48562  0.48553 
 44.34500  0.48516  0.48507 
 44.44500  0.48470  0.48460 
 44.54500  0.48424  0.48415 
 44.64500  0.48377  0.48368 
 44.74500  0.48329  0.48320 
 44.84500  0.48282  0.48270 
 44.94500  0.48234  0.48225 
 45.04500  0.48183  0.48175 
 45.14500  0.48133  0.48125 
 45.24500  0.48083  0.48075 
 45.34500  0.48033  0.48025 
 45.44500  0.47982  0.47975 
 45.54500  0.47932  0.47925 
 45.64500  0.47880  0.47870 
 45.74500  0.47828  0.47820 
 45.84500  0.47775  0.47766 
 45.94500  0.47722  0.47715 
 46.04500  0.47669  0.47660 
 46.14500  0.47615  0.47606 
 46.24500  0.47561  0.47552 
 46.34500  0.47507  0.47497 
 46.44500  0.47450  0.47442 
 46.54500  0.47395  0.47386 
 46.64500  0.47339  0.47330 
 46.74500  0.47283  0.47274 
 46.84500  0.47225  0.47217 
 46.94500  0.47168  0.47159 
 47.04500  0.47110  0.47102 
 47.14500  0.47052  0.47043 
 47.24500  0.46993  0.46984 
 47.34500  0.46934  0.46925 
 47.44500  0.46874  0.46865 
 47.54500  0.46814  0.46805 
 47.64500  0.46754  0.46745 
 47.74500  0.46693  0.46685 
 47.84500  0.46632  0.46623 
 47.94500  0.46570  0.46561 
 48.04500  0.46509  0.46500 
 48.14500  0.46446  0.46438 
 48.24500  0.46384  0.46374 
 48.34500  0.46321  0.46311 
 48.44500  0.46257  0.46248 
 48.54500  0.46193  0.46183 
 48.64500  0.46130  0.46120 
 48.74500  0.46065  0.46055 
 48.84500  0.46000  0.45990 
 48.94500  0.45935  0.45924 
 49.04500  0.45869  0.45860 
 49.14500  0.45802  0.45793 
 49.24500  0.45738  0.45727 
 49.34500  0.45671  0.45660 
 49.44500  0.45605  0.45593 
 49.54500  0.45537  0.45527 
 49.64500  0.45469  0.45458 
 49.74500  0.45402  0.45390 
 49.84500  0.45334  0.45322 
 49.94500  0.45266  0.45253 
 50.04500  0.45197  0.45185 
 50.14500  0.45128  0.45116 
 50.24500  0.45059  0.45047 
 50.34500  0.44990  0.44977 
 50.44500  0.44921  0.44907 
 50.54500  0.44851  0.44837 
 50.64500  0.44781  0.44767 
 50.74500  0.44711  0.44696 
 50.84500  0.44640  0.44626 
 50.94500  0.44570  0.44555 
 51.04500  0.44499  0.44484 
 51.14500  0.44427  0.44412 
 51.24500  0.44357  0.44341 
 51.34500  0.44285  0.44269 
 51.44500  0.44214  0.44198 
 51.54500  0.44142  0.44126 
 51.64500  0.44070  0.44054 
 51.74500  0.43998  0.43982 
 51.84500  0.43927  0.43910 
 51.94500  0.43854  0.43837 
 52.04500  0.43783  0.43765 
 52.14500  0.43710  0.43693 
 52.24500  0.43637  0.43620 
 52.34500  0.43565  0.43547 
 52.44500  0.43491  0.43475 
 52.54500  0.43419  0.43402 
 52.64500  0.43347  0.43329 
 52.74500  0.43274  0.43256 
 52.84500  0.43202  0.43184 
 52.94500  0.43129  0.43111 
 53.04500  0.43057  0.43038 
 53.14500  0.42985  0.42965 
 53.24500  0.42912  0.42893 
 53.34500  0.42839  0.42820 
 53.44500  0.42766  0.42747 
 53.54500  0.42694  0.42675 
 53.64500  0.42622  0.42603 
 53.74500  0.42550  0.42531 
 53.84500  0.42477  0.42458 
 53.94500  0.42405  0.42386 
 54.04500  0.42334  0.42315 
 54.14500  0.42263  0.42243 
 54.24500  0.42189  0.42171 
 54.34500  0.42118  0.42101 
 54.44500  0.42049  0.42029 
 54.54500  0.41977  0.41958 
 54.64500  0.41906  0.41888 
 54.74500  0.41835  0.41817 
 54.84500  0.41765  0.41747 
 54.94500  0.41695  0.41677 
 55.04500  0.41625  0.41607 
 55.14500  0.41556  0.41538 
 55.24500  0.41486  0.41470 
 55.34500  0.41418  0.41400 
 55.44500  0.41349  0.41333 
 55.54500  0.41282  0.41263 
 55.64500  0.41213  0.41197 
 55.74500  0.41146  0.41130 
 55.84500  0.41079  0.41063 
 55.94500  0.41012  0.40997 
 56.04500  0.40946  0.40930 
 56.14500  0.40880  0.40865 
 56.24500  0.40815  0.40800 
 56.34500  0.40751  0.40736 
 56.44500  0.40686  0.40671 
 56.54500  0.40622  0.40608 
 56.64500  0.40559  0.40545 
 56.74500  0.40496  0.40482 
 56.84500  0.40435  0.40420 
 56.94500  0.40373  0.40359 
 57.04500  0.40312  0.40298 
 57.14500  0.40252  0.40237 
 57.24500  0.40191  0.40177 
 57.34500  0.40132  0.40119 
 57.44500  0.40073  0.40060 
 57.54500  0.40015  0.40003 
 57.64500  0.39958  0.39946 
 57.74500  0.39901  0.39888 
 57.84500  0.39845  0.39833 
 57.94500  0.39789  0.39777 
 58.04500  0.39735  0.39724 
 58.14500  0.39681  0.39670 
 58.24500  0.39628  0.39615 
 58.34500  0.39576  0.39565 
 58.44500  0.39524  0.39514 
 58.54500  0.39473  0.39460 
 58.64500  0.39423  0.39410 
 58.74500  0.39374  0.39364 
 58.84500  0.39326  0.39315 
 58.94500  0.39278  0.39267 
 59.04500  0.39231  0.39220 
 59.14500  0.39185  0.39175 
 59.24500  0.39140  0.39130 
 59.34500  0.39097  0.39086 
 59.44500  0.39054  0.39042 
 59.54500  0.39011  0.39000 
 59.64500  0.38970  0.38958 
 59.74500  0.38930  0.38918 
 59.84500  0.38891  0.38878 
 59.94500  0.38852  0.38840 
 60.04500  0.38814  0.38801 
 60.14500  0.38777  0.38765 
 60.24500  0.38741  0.38729 
 60.34500  0.38707  0.38695 
 60.44500  0.38673  0.38662 
 60.54500  0.38640  0.38628 
 60.64500  0.38608  0.38595 
 60.74500  0.38577  0.38565 
 60.84500  0.38548  0.38534 
 60.94500  0.38520  0.38506 
 61.04500  0.38491  0.38478 
 61.14500  0.38465  0.38450 
 61.24500  0.38440  0.38425 
 61.34500  0.38415  0.38400 
 61.44500  0.38391  0.38377 
 61.54500  0.38369  0.38354 
 61.64500  0.38348  0.38333 
 61.74500  0.38327  0.38311 
 61.84500  0.38308  0.38293 
 61.94500  0.38290  0.38274 
 62.04500  0.38273  0.38256 
 62.14500  0.38257  0.38241 
 62.24500  0.38242  0.38225 
 62.34500  0.38228  0.38213 
 62.44500  0.38215  0.38198 
 62.54500  0.38205  0.38187 
 62.64500  0.38193  0.38176 
 62.74500  0.38184  0.38167 
 62.84500  0.38176  0.38160 
 62.94500  0.38170  0.38150 
 63.04500  0.38163  0.38145 
 63.14500  0.38157  0.38140 
 63.24500  0.38153  0.38139 
 63.34500  0.38151  0.38130 
 63.44500  0.38150  0.38130 
