  0.04500  0.60324  0.60310 
  0.14500  0.60322  0.60310 
  0.24500  0.60319  0.60310 
  0.34500  0.60317  0.60310 
  0.44500  0.60314  0.60306 
  0.54500  0.60312  0.60300 
  0.64500  0.60309  0.60300 
  0.74500  0.60305  0.60294 
  0.84500  0.60299  0.60290 
  0.94500  0.60294  0.60284 
  1.04500  0.60290  0.60280 
  1.14500  0.60281  0.60271 
  1.24500  0.60275  0.60265 
  1.34500  0.60267  0.60258 
  1.44500  0.60258  0.60250 
  1.54500  0.60251  0.60240 
  1.64500  0.60241  0.60231 
  1.74500  0.60231  0.60221 
  1.84500  0.60220  0.60211 
  1.94500  0.60209  0.60198 
  2.04500  0.60197  0.60187 
  2.14500  0.60184  0.60175 
  2.24500  0.60172  0.60163 
  2.34500  0.60158  0.60148 
  2.44500  0.60144  0.60135 
  2.54500  0.60130  0.60120 
  2.64500  0.60115  0.60105 
  2.74500  0.60099  0.60088 
  2.84500  0.60083  0.60074 
  2.94500  0.60066  0.60055 
  3.04500  0.60049  0.60038 
  3.14500  0.60030  0.60021 
  3.24500  0.60011  0.60002 
  3.34500  0.59992  0.59983 
  3.44500  0.59972  0.59963 
  3.54500  0.59953  0.59943 
  3.64500  0.59932  0.59923 
  3.74500  0.59911  0.59901 
  3.84500  0.59889  0.59880 
  3.94500  0.59868  0.59858 
  4.04500  0.59844  0.59835 
  4.14500  0.59821  0.59812 
  4.24500  0.59798  0.59788 
  4.34500  0.59773  0.59764 
  4.44500  0.59749  0.59740 
  4.54500  0.59723  0.59714 
  4.64500  0.59698  0.59688 
  4.74500  0.59671  0.59662 
  4.84500  0.59645  0.59635 
  4.94500  0.59617  0.59609 
  5.04500  0.59590  0.59580 
  5.14500  0.59562  0.59553 
  5.24500  0.59534  0.59524 
  5.34500  0.59505  0.59495 
  5.44500  0.59476  0.59466 
  5.54500  0.59445  0.59436 
  5.64500  0.59416  0.59405 
  5.74500  0.59384  0.59375 
  5.84500  0.59353  0.59343 
  5.94500  0.59322  0.59312 
  6.04500  0.59290  0.59279 
  6.14500  0.59257  0.59248 
  6.24500  0.59224  0.59215 
  6.34500  0.59191  0.59182 
  6.44500  0.59157  0.59148 
  6.54500  0.59124  0.59114 
  6.64500  0.59089  0.59078 
  6.74500  0.59055  0.59045 
  6.84500  0.59019  0.59008 
  6.94500  0.58984  0.58974 
  7.04500  0.58948  0.58937 
  7.14500  0.58911  0.58901 
  7.24500  0.58876  0.58865 
  7.34500  0.58838  0.58827 
  7.44500  0.58802  0.58790 
  7.54500  0.58764  0.58753 
  7.64500  0.58725  0.58715 
  7.74500  0.58688  0.58676 
  7.84500  0.58649  0.58638 
  7.94500  0.58610  0.58599 
  8.04500  0.58572  0.58560 
  8.14500  0.58532  0.58520 
  8.24500  0.58492  0.58480 
  8.34500  0.58452  0.58440 
  8.44500  0.58412  0.58400 
  8.54500  0.58372  0.58359 
  8.64500  0.58331  0.58318 
  8.74500  0.58290  0.58278 
  8.84500  0.58248  0.58236 
  8.94500  0.58206  0.58194 
  9.04500  0.58164  0.58152 
  9.14500  0.58122  0.58110 
  9.24500  0.58081  0.58068 
  9.34500  0.58038  0.58025 
  9.44500  0.57995  0.57982 
  9.54500  0.57952  0.57939 
  9.64500  0.57909  0.57897 
  9.74500  0.57865  0.57853 
  9.84500  0.57821  0.57809 
  9.94500  0.57778  0.57766 
 10.04500  0.57734  0.57722 
 10.14500  0.57690  0.57678 
 10.24500  0.57647  0.57633 
 10.34500  0.57602  0.57589 
 10.44500  0.57558  0.57544 
 10.54500  0.57513  0.57500 
 10.64500  0.57469  0.57454 
 10.74500  0.57423  0.57410 
 10.84500  0.57377  0.57364 
 10.94500  0.57332  0.57320 
 11.04500  0.57288  0.57274 
 11.14500  0.57242  0.57229 
 11.24500  0.57196  0.57183 
 11.34500  0.57151  0.57138 
 11.44500  0.57107  0.57091 
 11.54500  0.57059  0.57046 
 11.64500  0.57013  0.57000 
 11.74500  0.56968  0.56954 
 11.84500  0.56922  0.56908 
 11.94500  0.56875  0.56862 
 12.04500  0.56829  0.56816 
 12.14500  0.56783  0.56770 
 12.24500  0.56736  0.56724 
 12.34500  0.56691  0.56677 
 12.44500  0.56644  0.56630 
 12.54500  0.56597  0.56585 
 12.64500  0.56551  0.56539 
 12.74500  0.56505  0.56492 
 12.84500  0.56458  0.56445 
 12.94500  0.56412  0.56400 
 13.04500  0.56366  0.56353 
 13.14500  0.56319  0.56307 
 13.24500  0.56272  0.56260 
 13.34500  0.56226  0.56214 
 13.44500  0.56180  0.56168 
 13.54500  0.56133  0.56121 
 13.64500  0.56086  0.56075 
 13.74500  0.56040  0.56030 
 13.84500  0.55994  0.55983 
 13.94500  0.55949  0.55937 
 14.04500  0.55903  0.55890 
 14.14500  0.55856  0.55845 
 14.24500  0.55811  0.55800 
 14.34500  0.55766  0.55753 
 14.44500  0.55719  0.55708 
 14.54500  0.55672  0.55662 
 14.64500  0.55628  0.55616 
 14.74500  0.55582  0.55570 
 14.84500  0.55536  0.55525 
 14.94500  0.55490  0.55480 
 15.04500  0.55444  0.55435 
 15.14500  0.55400  0.55390 
 15.24500  0.55355  0.55345 
 15.34500  0.55310  0.55300 
 15.44500  0.55265  0.55256 
 15.54500  0.55221  0.55210 
 15.64500  0.55176  0.55166 
 15.74500  0.55131  0.55122 
 15.84500  0.55088  0.55078 
 15.94500  0.55043  0.55033 
 16.04500  0.54999  0.54989 
 16.14500  0.54956  0.54946 
 16.24500  0.54912  0.54902 
 16.34500  0.54868  0.54858 
 16.44500  0.54825  0.54815 
 16.54500  0.54782  0.54772 
 16.64500  0.54739  0.54729 
 16.74500  0.54694  0.54687 
 16.84500  0.54653  0.54643 
 16.94500  0.54610  0.54601 
 17.04500  0.54568  0.54558 
 17.14500  0.54526  0.54517 
 17.24500  0.54484  0.54474 
 17.34500  0.54442  0.54432 
 17.44500  0.54401  0.54391 
 17.54500  0.54360  0.54349 
 17.64500  0.54318  0.54308 
 17.74500  0.54277  0.54267 
 17.84500  0.54236  0.54226 
 17.94500  0.54195  0.54186 
 18.04500  0.54155  0.54145 
 18.14500  0.54114  0.54104 
 18.24500  0.54076  0.54064 
 18.34500  0.54035  0.54024 
 18.44500  0.53995  0.53986 
 18.54500  0.53956  0.53946 
 18.64500  0.53916  0.53906 
 18.74500  0.53877  0.53868 
 18.84500  0.53839  0.53829 
 18.94500  0.53800  0.53790 
 19.04500  0.53762  0.53752 
 19.14500  0.53724  0.53714 
 19.24500  0.53686  0.53676 
 19.34500  0.53649  0.53639 
 19.44500  0.53610  0.53601 
 19.54500  0.53574  0.53564 
 19.64500  0.53537  0.53526 
 19.74500  0.53500  0.53490 
 19.84500  0.53463  0.53454 
 19.94500  0.53427  0.53417 
 20.04500  0.53391  0.53382 
 20.14500  0.53354  0.53345 
 20.24500  0.53320  0.53310 
 20.34500  0.53284  0.53275 
 20.44500  0.53249  0.53239 
 20.54500  0.53215  0.53205 
 20.64500  0.53179  0.53170 
 20.74500  0.53145  0.53135 
 20.84500  0.53111  0.53102 
 20.94500  0.53077  0.53068 
 21.04500  0.53043  0.53035 
 21.14500  0.53010  0.53002 
 21.24500  0.52976  0.52968 
 21.34500  0.52943  0.52935 
 21.44500  0.52910  0.52902 
 21.54500  0.52877  0.52868 
 21.64500  0.52846  0.52838 
 21.74500  0.52813  0.52805 
 21.84500  0.52781  0.52774 
 21.94500  0.52749  0.52742 
 22.04500  0.52718  0.52711 
 22.14500  0.52688  0.52680 
 22.24500  0.52656  0.52649 
 22.34500  0.52626  0.52619 
 22.44500  0.52595  0.52588 
 22.54500  0.52565  0.52559 
 22.64500  0.52535  0.52529 
 22.74500  0.52505  0.52499 
 22.84500  0.52476  0.52470 
 22.94500  0.52447  0.52441 
 23.04500  0.52418  0.52412 
 23.14500  0.52389  0.52383 
 23.24500  0.52361  0.52356 
 23.34500  0.52332  0.52327 
 23.44500  0.52304  0.52300 
 23.54500  0.52276  0.52271 
 23.64500  0.52249  0.52244 
 23.74500  0.52221  0.52218 
 23.84500  0.52194  0.52190 
 23.94500  0.52168  0.52164 
 24.04500  0.52141  0.52138 
 24.14500  0.52115  0.52110 
 24.24500  0.52088  0.52085 
 24.34500  0.52063  0.52060 
 24.44500  0.52036  0.52034 
 24.54500  0.52011  0.52008 
 24.64500  0.51986  0.51982 
 24.74500  0.51962  0.51958 
 24.84500  0.51936  0.51935 
 24.94500  0.51912  0.51910 
 25.04500  0.51887  0.51885 
 25.14500  0.51863  0.51862 
 25.24500  0.51841  0.51838 
 25.34500  0.51817  0.51814 
 25.44500  0.51793  0.51791 
 25.54500  0.51769  0.51768 
 25.64500  0.51746  0.51745 
 25.74500  0.51724  0.51722 
 25.84500  0.51701  0.51700 
 25.94500  0.51679  0.51678 
 26.04500  0.51657  0.51656 
 26.14500  0.51635  0.51633 
 26.24500  0.51613  0.51612 
 26.34500  0.51591  0.51591 
 26.44500  0.51570  0.51569 
 26.54500  0.51549  0.51549 
 26.64500  0.51528  0.51527 
 26.74500  0.51508  0.51507 
 26.84500  0.51487  0.51487 
 26.94500  0.51466  0.51465 
 27.04500  0.51446  0.51445 
 27.14500  0.51427  0.51425 
 27.24500  0.51407  0.51406 
 27.34500  0.51388  0.51387 
 27.44500  0.51367  0.51367 
 27.54500  0.51349  0.51347 
 27.64500  0.51330  0.51329 
 27.74500  0.51311  0.51310 
 27.84500  0.51292  0.51291 
 27.94500  0.51274  0.51273 
 28.04500  0.51255  0.51255 
 28.14500  0.51237  0.51236 
 28.24500  0.51220  0.51218 
 28.34500  0.51201  0.51200 
 28.44500  0.51184  0.51182 
 28.54500  0.51166  0.51165 
 28.64500  0.51149  0.51147 
 28.74500  0.51131  0.51130 
 28.84500  0.51114  0.51114 
 28.94500  0.51097  0.51095 
 29.04500  0.51080  0.51078 
 29.14500  0.51064  0.51062 
 29.24500  0.51046  0.51045 
 29.34500  0.51031  0.51028 
 29.44500  0.51015  0.51014 
 29.54500  0.50998  0.50996 
 29.64500  0.50982  0.50980 
 29.74500  0.50965  0.50965 
 29.84500  0.50950  0.50948 
 29.94500  0.50934  0.50934 
 30.04500  0.50918  0.50916 
 30.14500  0.50904  0.50902 
 30.24500  0.50888  0.50886 
 30.34500  0.50872  0.50871 
 30.44500  0.50857  0.50855 
 30.54500  0.50842  0.50841 
 30.64500  0.50826  0.50825 
 30.74500  0.50812  0.50811 
 30.84500  0.50797  0.50796 
 30.94500  0.50782  0.50781 
 31.04500  0.50766  0.50766 
 31.14500  0.50752  0.50753 
 31.24500  0.50738  0.50737 
 31.34500  0.50723  0.50724 
 31.44500  0.50709  0.50709 
 31.54500  0.50694  0.50695 
 31.64500  0.50680  0.50681 
 31.74500  0.50666  0.50666 
 31.84500  0.50651  0.50653 
 31.94500  0.50637  0.50637 
 32.04500  0.50624  0.50624 
 32.14500  0.50610  0.50611 
 32.24500  0.50596  0.50596 
 32.34500  0.50582  0.50583 
 32.44500  0.50568  0.50569 
 32.54500  0.50554  0.50555 
 32.64500  0.50539  0.50543 
 32.74500  0.50527  0.50527 
 32.84500  0.50513  0.50515 
 32.94500  0.50499  0.50501 
 33.04500  0.50485  0.50487 
 33.14500  0.50472  0.50474 
 33.24500  0.50459  0.50461 
 33.34500  0.50444  0.50447 
 33.44500  0.50430  0.50434 
 33.54500  0.50417  0.50420 
 33.64500  0.50404  0.50406 
 33.74500  0.50390  0.50394 
 33.84500  0.50377  0.50380 
 33.94500  0.50363  0.50366 
 34.04500  0.50350  0.50354 
 34.14500  0.50336  0.50340 
 34.24500  0.50323  0.50326 
 34.34500  0.50310  0.50314 
 34.44500  0.50295  0.50299 
 34.54500  0.50282  0.50286 
 34.64500  0.50269  0.50273 
 34.74500  0.50255  0.50259 
 34.84500  0.50242  0.50246 
 34.94500  0.50228  0.50233 
 35.04500  0.50214  0.50218 
 35.14500  0.50201  0.50205 
 35.24500  0.50188  0.50192 
 35.34500  0.50173  0.50177 
 35.44500  0.50159  0.50164 
 35.54500  0.50144  0.50150 
 35.64500  0.50132  0.50136 
 35.74500  0.50118  0.50123 
 35.84500  0.50104  0.50108 
 35.94500  0.50090  0.50095 
 36.04500  0.50076  0.50081 
 36.14500  0.50061  0.50066 
 36.24500  0.50048  0.50053 
 36.34500  0.50033  0.50037 
 36.44500  0.50018  0.50024 
 36.54500  0.50005  0.50009 
 36.64500  0.49990  0.49995 
 36.74500  0.49975  0.49981 
 36.84500  0.49961  0.49965 
 36.94500  0.49946  0.49951 
 37.04500  0.49932  0.49936 
 37.14500  0.49916  0.49921 
 37.24500  0.49901  0.49906 
 37.34500  0.49886  0.49891 
 37.44500  0.49871  0.49875 
 37.54500  0.49855  0.49861 
 37.64500  0.49840  0.49845 
 37.74500  0.49825  0.49829 
 37.84500  0.49810  0.49814 
 37.94500  0.49794  0.49798 
 38.04500  0.49777  0.49783 
 38.14500  0.49761  0.49766 
 38.24500  0.49745  0.49750 
 38.34500  0.49729  0.49734 
 38.44500  0.49712  0.49716 
 38.54500  0.49696  0.49702 
 38.64500  0.49680  0.49685 
 38.74500  0.49662  0.49668 
 38.84500  0.49646  0.49650 
 38.94500  0.49628  0.49634 
 39.04500  0.49611  0.49616 
 39.14500  0.49594  0.49599 
 39.24500  0.49577  0.49582 
 39.34500  0.49558  0.49564 
 39.44500  0.49541  0.49546 
 39.54500  0.49523  0.49528 
 39.64500  0.49505  0.49510 
 39.74500  0.49486  0.49492 
 39.84500  0.49468  0.49474 
 39.94500  0.49449  0.49455 
 40.04500  0.49430  0.49436 
 40.14500  0.49411  0.49417 
 40.24500  0.49392  0.49398 
 40.34500  0.49373  0.49379 
 40.44500  0.49353  0.49359 
 40.54500  0.49333  0.49339 
 40.64500  0.49313  0.49319 
 40.74500  0.49292  0.49299 
 40.84500  0.49273  0.49279 
 40.94500  0.49252  0.49259 
 41.04500  0.49231  0.49239 
 41.14500  0.49211  0.49219 
 41.24500  0.49189  0.49197 
 41.34500  0.49168  0.49177 
 41.44500  0.49147  0.49155 
 41.54500  0.49125  0.49133 
 41.64500  0.49103  0.49112 
 41.74500  0.49081  0.49090 
 41.84500  0.49058  0.49068 
 41.94500  0.49036  0.49046 
 42.04500  0.49014  0.49023 
 42.14500  0.48992  0.49000 
 42.24500  0.48967  0.48978 
 42.34500  0.48945  0.48955 
 42.44500  0.48921  0.48931 
 42.54500  0.48897  0.48908 
 42.64500  0.48874  0.48884 
 42.74500  0.48849  0.48860 
 42.84500  0.48826  0.48837 
 42.94500  0.48801  0.48812 
 43.04500  0.48775  0.48788 
 43.14500  0.48751  0.48762 
 43.24500  0.48726  0.48738 
 43.34500  0.48700  0.48712 
 43.44500  0.48675  0.48688 
 43.54500  0.48649  0.48662 
 43.64500  0.48623  0.48636 
 43.74500  0.48598  0.48610 
 43.84500  0.48571  0.48584 
 43.94500  0.48544  0.48558 
 44.04500  0.48517  0.48530 
 44.14500  0.48490  0.48504 
 44.24500  0.48464  0.48477 
 44.34500  0.48436  0.48450 
 44.44500  0.48408  0.48422 
 44.54500  0.48381  0.48394 
 44.64500  0.48353  0.48367 
 44.74500  0.48325  0.48339 
 44.84500  0.48296  0.48310 
 44.94500  0.48267  0.48281 
 45.04500  0.48238  0.48253 
 45.14500  0.48210  0.48224 
 45.24500  0.48180  0.48194 
 45.34500  0.48151  0.48165 
 45.44500  0.48122  0.48136 
 45.54500  0.48092  0.48106 
 45.64500  0.48062  0.48076 
 45.74500  0.48032  0.48045 
 45.84500  0.48001  0.48015 
 45.94500  0.47970  0.47985 
 46.04500  0.47940  0.47953 
 46.14500  0.47908  0.47922 
 46.24500  0.47878  0.47892 
 46.34500  0.47846  0.47859 
 46.44500  0.47814  0.47828 
 46.54500  0.47783  0.47795 
 46.64500  0.47750  0.47765 
 46.74500  0.47718  0.47732 
 46.84500  0.47686  0.47698 
 46.94500  0.47653  0.47668 
 47.04500  0.47621  0.47635 
 47.14500  0.47588  0.47602 
 47.24500  0.47554  0.47568 
 47.34500  0.47521  0.47535 
 47.44500  0.47487  0.47502 
 47.54500  0.47454  0.47468 
 47.64500  0.47420  0.47434 
 47.74500  0.47386  0.47398 
 47.84500  0.47351  0.47365 
 47.94500  0.47317  0.47332 
 48.04500  0.47282  0.47295 
 48.14500  0.47248  0.47262 
 48.24500  0.47214  0.47226 
 48.34500  0.47178  0.47192 
 48.44500  0.47142  0.47156 
 48.54500  0.47108  0.47122 
 48.64500  0.47072  0.47085 
 48.74500  0.47037  0.47050 
 48.84500  0.47000  0.47015 
 48.94500  0.46964  0.46978 
 49.04500  0.46928  0.46942 
 49.14500  0.46893  0.46906 
 49.24500  0.46857  0.46870 
 49.34500  0.46820  0.46834 
 49.44500  0.46783  0.46796 
 49.54500  0.46747  0.46760 
 49.64500  0.46710  0.46724 
 49.74500  0.46673  0.46686 
 49.84500  0.46636  0.46650 
 49.94500  0.46599  0.46613 
 50.04500  0.46561  0.46575 
 50.14500  0.46523  0.46537 
 50.24500  0.46486  0.46500 
 50.34500  0.46448  0.46463 
 50.44500  0.46411  0.46425 
 50.54500  0.46374  0.46387 
 50.64500  0.46336  0.46350 
 50.74500  0.46298  0.46313 
 50.84500  0.46261  0.46275 
 50.94500  0.46222  0.46236 
 51.04500  0.46184  0.46199 
 51.14500  0.46145  0.46161 
 51.24500  0.46108  0.46123 
 51.34500  0.46070  0.46085 
 51.44500  0.46031  0.46046 
 51.54500  0.45994  0.46009 
 51.64500  0.45955  0.45970 
 51.74500  0.45916  0.45932 
 51.84500  0.45878  0.45894 
 51.94500  0.45840  0.45856 
 52.04500  0.45802  0.45817 
 52.14500  0.45763  0.45780 
 52.24500  0.45726  0.45741 
 52.34500  0.45687  0.45703 
 52.44500  0.45648  0.45665 
 52.54500  0.45611  0.45626 
 52.64500  0.45573  0.45589 
 52.74500  0.45534  0.45550 
 52.84500  0.45496  0.45513 
 52.94500  0.45458  0.45474 
 53.04500  0.45420  0.45436 
 53.14500  0.45383  0.45399 
 53.24500  0.45345  0.45360 
 53.34500  0.45306  0.45323 
 53.44500  0.45268  0.45285 
 53.54500  0.45230  0.45247 
 53.64500  0.45194  0.45210 
 53.74500  0.45157  0.45173 
 53.84500  0.45118  0.45135 
 53.94500  0.45082  0.45097 
 54.04500  0.45044  0.45060 
 54.14500  0.45006  0.45024 
 54.24500  0.44970  0.44986 
 54.34500  0.44933  0.44949 
 54.44500  0.44895  0.44913 
 54.54500  0.44860  0.44876 
 54.64500  0.44823  0.44840 
 54.74500  0.44788  0.44804 
 54.84500  0.44751  0.44767 
 54.94500  0.44715  0.44732 
 55.04500  0.44680  0.44695 
 55.14500  0.44643  0.44660 
 55.24500  0.44609  0.44625 
 55.34500  0.44573  0.44588 
 55.44500  0.44538  0.44555 
 55.54500  0.44504  0.44518 
 55.64500  0.44469  0.44485 
 55.74500  0.44434  0.44449 
 55.84500  0.44400  0.44415 
 55.94500  0.44365  0.44382 
 56.04500  0.44332  0.44348 
 56.14500  0.44298  0.44315 
 56.24500  0.44265  0.44282 
 56.34500  0.44232  0.44248 
 56.44500  0.44199  0.44215 
 56.54500  0.44166  0.44182 
 56.64500  0.44134  0.44148 
 56.74500  0.44102  0.44117 
 56.84500  0.44070  0.44085 
 56.94500  0.44039  0.44053 
 57.04500  0.44008  0.44022 
 57.14500  0.43976  0.43991 
 57.24500  0.43945  0.43960 
 57.34500  0.43916  0.43930 
 57.44500  0.43885  0.43899 
 57.54500  0.43856  0.43870 
 57.64500  0.43826  0.43840 
 57.74500  0.43797  0.43811 
 57.84500  0.43768  0.43781 
 57.94500  0.43740  0.43753 
 58.04500  0.43711  0.43725 
 58.14500  0.43683  0.43697 
 58.24500  0.43656  0.43670 
 58.34500  0.43629  0.43642 
 58.44500  0.43602  0.43615 
 58.54500  0.43575  0.43589 
 58.64500  0.43549  0.43562 
 58.74500  0.43524  0.43538 
 58.84500  0.43498  0.43511 
 58.94500  0.43473  0.43486 
 59.04500  0.43448  0.43462 
 59.14500  0.43425  0.43438 
 59.24500  0.43400  0.43413 
 59.34500  0.43376  0.43390 
 59.44500  0.43355  0.43367 
 59.54500  0.43331  0.43344 
 59.64500  0.43309  0.43322 
 59.74500  0.43287  0.43300 
 59.84500  0.43266  0.43279 
 59.94500  0.43245  0.43257 
 60.04500  0.43225  0.43237 
 60.14500  0.43204  0.43217 
 60.24500  0.43184  0.43197 
 60.34500  0.43165  0.43177 
 60.44500  0.43146  0.43159 
 60.54500  0.43128  0.43140 
 60.64500  0.43110  0.43123 
 60.74500  0.43093  0.43105 
 60.84500  0.43075  0.43088 
 60.94500  0.43058  0.43072 
 61.04500  0.43043  0.43055 
 61.14500  0.43026  0.43039 
 61.24500  0.43012  0.43025 
 61.34500  0.42996  0.43009 
 61.44500  0.42983  0.42995 
 61.54500  0.42968  0.42982 
 61.64500  0.42955  0.42967 
 61.74500  0.42942  0.42955 
 61.84500  0.42929  0.42943 
 61.94500  0.42918  0.42932 
 62.04500  0.42906  0.42919 
 62.14500  0.42896  0.42909 
 62.24500  0.42885  0.42899 
 62.34500  0.42875  0.42889 
 62.44500  0.42865  0.42880 
 62.54500  0.42858  0.42870 
 62.64500  0.42848  0.42861 
 62.74500  0.42841  0.42854 
 62.84500  0.42833  0.42848 
 62.94500  0.42826  0.42840 
 63.04500  0.42821  0.42833 
 63.14500  0.42814  0.42830 
 63.24500  0.42808  0.42820 
 63.34500  0.42803  0.42820 
 63.44500  0.42800  0.42811 
 63.54500  0.42796  0.42810 
 63.64500  0.42791  0.42810 
 63.74500  0.42788  0.42800 
 63.84500  0.42787  0.42800 
 63.94500  0.42787  0.42800 
 64.04500  0.42786  0.42800 
 64.14500  0.42787  0.42800 
