  0.04500  0.53361  0.53300 
  0.14500  0.53361  0.53300 
  0.24500  0.53361  0.53300 
  0.34500  0.53361  0.53300 
  0.44500  0.53362  0.53300 
  0.54500  0.53362  0.53300 
  0.64500  0.53362  0.53290 
  0.74500  0.53361  0.53290 
  0.84500  0.53361  0.53290 
  0.94500  0.53363  0.53290 
  1.04500  0.53362  0.53290 
  1.14500  0.53360  0.53290 
  1.24500  0.53360  0.53290 
  1.34500  0.53359  0.53290 
  1.44500  0.53359  0.53290 
  1.54500  0.53359  0.53290 
  1.64500  0.53360  0.53290 
  1.74500  0.53359  0.53290 
  1.84500  0.53357  0.53290 
  1.94500  0.53356  0.53290 
  2.04500  0.53353  0.53284 
  2.14500  0.53353  0.53280 
  2.24500  0.53353  0.53280 
  2.34500  0.53352  0.53280 
  2.44500  0.53352  0.53280 
  2.54500  0.53346  0.53280 
  2.64500  0.53348  0.53280 
  2.74500  0.53349  0.53280 
  2.84500  0.53347  0.53272 
  2.94500  0.53347  0.53270 
  3.04500  0.53344  0.53270 
  3.14500  0.53340  0.53270 
  3.24500  0.53338  0.53270 
  3.34500  0.53338  0.53270 
  3.44500  0.53337  0.53263 
  3.54500  0.53337  0.53260 
  3.64500  0.53334  0.53260 
  3.74500  0.53332  0.53260 
  3.84500  0.53337  0.53260 
  3.94500  0.53337  0.53255 
  4.04500  0.53331  0.53250 
  4.14500  0.53331  0.53250 
  4.24500  0.53328  0.53250 
  4.34500  0.53326  0.53250 
  4.44500  0.53322  0.53241 
  4.54500  0.53323  0.53240 
  4.64500  0.53319  0.53240 
  4.74500  0.53316  0.53240 
  4.84500  0.53314  0.53232 
  4.94500  0.53313  0.53230 
  5.04500  0.53313  0.53230 
  5.14500  0.53307  0.53230 
  5.24500  0.53303  0.53220 
  5.34500  0.53302  0.53220 
  5.44500  0.53298  0.53220 
  5.54500  0.53298  0.53216 
  5.64500  0.53293  0.53210 
  5.74500  0.53290  0.53210 
  5.84500  0.53288  0.53209 
  5.94500  0.53287  0.53200 
  6.04500  0.53279  0.53200 
  6.14500  0.53277  0.53200 
  6.24500  0.53274  0.53191 
  6.34500  0.53271  0.53190 
  6.44500  0.53269  0.53190 
  6.54500  0.53266  0.53181 
  6.64500  0.53261  0.53180 
  6.74500  0.53256  0.53180 
  6.84500  0.53255  0.53170 
  6.94500  0.53254  0.53170 
  7.04500  0.53245  0.53168 
  7.14500  0.53245  0.53160 
  7.24500  0.53241  0.53160 
  7.34500  0.53235  0.53155 
  7.44500  0.53230  0.53150 
  7.54500  0.53226  0.53150 
  7.64500  0.53225  0.53141 
  7.74500  0.53217  0.53140 
  7.84500  0.53214  0.53136 
  7.94500  0.53208  0.53130 
  8.04500  0.53205  0.53130 
  8.14500  0.53199  0.53120 
  8.24500  0.53197  0.53120 
  8.34500  0.53191  0.53114 
  8.44500  0.53186  0.53110 
  8.54500  0.53179  0.53107 
  8.64500  0.53177  0.53100 
  8.74500  0.53172  0.53100 
  8.84500  0.53168  0.53090 
  8.94500  0.53163  0.53090 
  9.04500  0.53159  0.53082 
  9.14500  0.53153  0.53080 
  9.24500  0.53149  0.53073 
  9.34500  0.53144  0.53070 
  9.44500  0.53137  0.53064 
  9.54500  0.53134  0.53060 
  9.64500  0.53127  0.53055 
  9.74500  0.53123  0.53050 
  9.84500  0.53117  0.53045 
  9.94500  0.53112  0.53040 
 10.04500  0.53105  0.53035 
 10.14500  0.53101  0.53030 
 10.24500  0.53096  0.53024 
 10.34500  0.53086  0.53020 
 10.44500  0.53084  0.53013 
 10.54500  0.53078  0.53010 
 10.64500  0.53074  0.53002 
 10.74500  0.53068  0.53000 
 10.84500  0.53060  0.52991 
 10.94500  0.53056  0.52989 
 11.04500  0.53051  0.52980 
 11.14500  0.53043  0.52977 
 11.24500  0.53037  0.52970 
 11.34500  0.53030  0.52965 
 11.44500  0.53024  0.52960 
 11.54500  0.53018  0.52952 
 11.64500  0.53012  0.52949 
 11.74500  0.53007  0.52940 
 11.84500  0.53000  0.52937 
 11.94500  0.52995  0.52930 
 12.04500  0.52989  0.52923 
 12.14500  0.52983  0.52920 
 12.24500  0.52979  0.52910 
 12.34500  0.52970  0.52906 
 12.44500  0.52964  0.52900 
 12.54500  0.52957  0.52893 
 12.64500  0.52952  0.52889 
 12.74500  0.52944  0.52880 
 12.84500  0.52937  0.52874 
 12.94500  0.52932  0.52870 
 13.04500  0.52925  0.52860 
 13.14500  0.52918  0.52856 
 13.24500  0.52911  0.52850 
 13.34500  0.52906  0.52841 
 13.44500  0.52898  0.52836 
 13.54500  0.52892  0.52830 
 13.64500  0.52886  0.52821 
 13.74500  0.52878  0.52816 
 13.84500  0.52871  0.52810 
 13.94500  0.52865  0.52801 
 14.04500  0.52857  0.52796 
 14.14500  0.52850  0.52790 
 14.24500  0.52843  0.52780 
 14.34500  0.52836  0.52775 
 14.44500  0.52829  0.52769 
 14.54500  0.52822  0.52760 
 14.64500  0.52816  0.52753 
 14.74500  0.52807  0.52748 
 14.84500  0.52801  0.52740 
 14.94500  0.52794  0.52731 
 15.04500  0.52785  0.52725 
 15.14500  0.52778  0.52719 
 15.24500  0.52771  0.52710 
 15.34500  0.52763  0.52703 
 15.44500  0.52755  0.52696 
 15.54500  0.52748  0.52690 
 15.64500  0.52741  0.52680 
 15.74500  0.52734  0.52673 
 15.84500  0.52727  0.52667 
 15.94500  0.52718  0.52660 
 16.04500  0.52709  0.52650 
 16.14500  0.52702  0.52643 
 16.24500  0.52693  0.52636 
 16.34500  0.52685  0.52629 
 16.44500  0.52678  0.52620 
 16.54500  0.52671  0.52612 
 16.64500  0.52661  0.52605 
 16.74500  0.52656  0.52597 
 16.84500  0.52647  0.52590 
 16.94500  0.52639  0.52580 
 17.04500  0.52631  0.52573 
 17.14500  0.52621  0.52565 
 17.24500  0.52613  0.52558 
 17.34500  0.52604  0.52550 
 17.44500  0.52596  0.52540 
 17.54500  0.52586  0.52532 
 17.64500  0.52578  0.52524 
 17.74500  0.52569  0.52517 
 17.84500  0.52562  0.52509 
 17.94500  0.52552  0.52500 
 18.04500  0.52543  0.52491 
 18.14500  0.52536  0.52483 
 18.24500  0.52525  0.52475 
 18.34500  0.52517  0.52467 
 18.44500  0.52507  0.52459 
 18.54500  0.52498  0.52450 
 18.64500  0.52489  0.52440 
 18.74500  0.52481  0.52432 
 18.84500  0.52473  0.52424 
 18.94500  0.52463  0.52415 
 19.04500  0.52453  0.52407 
 19.14500  0.52444  0.52399 
 19.24500  0.52434  0.52390 
 19.34500  0.52425  0.52380 
 19.44500  0.52416  0.52372 
 19.54500  0.52406  0.52363 
 19.64500  0.52398  0.52354 
 19.74500  0.52388  0.52346 
 19.84500  0.52380  0.52337 
 19.94500  0.52371  0.52328 
 20.04500  0.52360  0.52319 
 20.14500  0.52351  0.52310 
 20.24500  0.52342  0.52301 
 20.34500  0.52332  0.52292 
 20.44500  0.52323  0.52283 
 20.54500  0.52312  0.52274 
 20.64500  0.52303  0.52265 
 20.74500  0.52294  0.52256 
 20.84500  0.52284  0.52247 
 20.94500  0.52275  0.52237 
 21.04500  0.52264  0.52228 
 21.14500  0.52255  0.52219 
 21.24500  0.52246  0.52210 
 21.34500  0.52235  0.52200 
 21.44500  0.52228  0.52191 
 21.54500  0.52218  0.52181 
 21.64500  0.52209  0.52172 
 21.74500  0.52198  0.52163 
 21.84500  0.52189  0.52153 
 21.94500  0.52179  0.52144 
 22.04500  0.52168  0.52135 
 22.14500  0.52160  0.52125 
 22.24500  0.52148  0.52116 
 22.34500  0.52140  0.52106 
 22.44500  0.52131  0.52097 
 22.54500  0.52121  0.52087 
 22.64500  0.52112  0.52077 
 22.74500  0.52101  0.52068 
 22.84500  0.52092  0.52058 
 22.94500  0.52080  0.52048 
 23.04500  0.52071  0.52039 
 23.14500  0.52062  0.52029 
 23.24500  0.52053  0.52019 
 23.34500  0.52043  0.52010 
 23.44500  0.52031  0.52000 
 23.54500  0.52023  0.51990 
 23.64500  0.52015  0.51980 
 23.74500  0.52006  0.51970 
 23.84500  0.51995  0.51960 
 23.94500  0.51985  0.51950 
 24.04500  0.51978  0.51940 
 24.14500  0.51966  0.51931 
 24.24500  0.51956  0.51921 
 24.34500  0.51944  0.51911 
 24.44500  0.51935  0.51901 
 24.54500  0.51923  0.51891 
 24.64500  0.51913  0.51881 
 24.74500  0.51902  0.51871 
 24.84500  0.51894  0.51861 
 24.94500  0.51884  0.51850 
 25.04500  0.51872  0.51840 
 25.14500  0.51862  0.51830 
 25.24500  0.51851  0.51820 
 25.34500  0.51842  0.51810 
 25.44500  0.51830  0.51800 
 25.54500  0.51819  0.51790 
 25.64500  0.51810  0.51779 
 25.74500  0.51799  0.51769 
 25.84500  0.51788  0.51759 
 25.94500  0.51778  0.51749 
 26.04500  0.51767  0.51738 
 26.14500  0.51754  0.51728 
 26.24500  0.51744  0.51718 
 26.34500  0.51733  0.51708 
 26.44500  0.51724  0.51697 
 26.54500  0.51713  0.51687 
 26.64500  0.51702  0.51677 
 26.74500  0.51692  0.51666 
 26.84500  0.51679  0.51656 
 26.94500  0.51669  0.51645 
 27.04500  0.51656  0.51635 
 27.14500  0.51646  0.51625 
 27.24500  0.51635  0.51614 
 27.34500  0.51625  0.51604 
 27.44500  0.51614  0.51593 
 27.54500  0.51601  0.51583 
 27.64500  0.51588  0.51573 
 27.74500  0.51577  0.51562 
 27.84500  0.51566  0.51552 
 27.94500  0.51555  0.51541 
 28.04500  0.51544  0.51531 
 28.14500  0.51534  0.51520 
 28.24500  0.51522  0.51509 
 28.34500  0.51510  0.51499 
 28.44500  0.51498  0.51488 
 28.54500  0.51487  0.51478 
 28.64500  0.51476  0.51467 
 28.74500  0.51465  0.51456 
 28.84500  0.51456  0.51446 
 28.94500  0.51443  0.51435 
 29.04500  0.51433  0.51425 
 29.14500  0.51421  0.51414 
 29.24500  0.51410  0.51404 
 29.34500  0.51397  0.51393 
 29.44500  0.51386  0.51382 
 29.54500  0.51376  0.51372 
 29.64500  0.51365  0.51361 
 29.74500  0.51354  0.51351 
 29.84500  0.51347  0.51339 
 29.94500  0.51334  0.51329 
 30.04500  0.51324  0.51318 
 30.14500  0.51312  0.51308 
 30.24500  0.51301  0.51297 
 30.34500  0.51292  0.51286 
 30.44500  0.51280  0.51276 
 30.54500  0.51269  0.51265 
 30.64500  0.51257  0.51254 
 30.74500  0.51246  0.51244 
 30.84500  0.51235  0.51233 
 30.94500  0.51222  0.51222 
 31.04500  0.51211  0.51212 
 31.14500  0.51202  0.51201 
 31.24500  0.51191  0.51190 
 31.34500  0.51180  0.51179 
 31.44500  0.51168  0.51168 
 31.54500  0.51158  0.51158 
 31.64500  0.51146  0.51147 
 31.74500  0.51135  0.51136 
 31.84500  0.51125  0.51126 
 31.94500  0.51114  0.51115 
 32.04500  0.51103  0.51104 
 32.14500  0.51093  0.51094 
 32.24500  0.51081  0.51083 
 32.34500  0.51070  0.51072 
 32.44500  0.51060  0.51062 
 32.54500  0.51049  0.51051 
 32.64500  0.51039  0.51040 
 32.74500  0.51027  0.51029 
 32.84500  0.51017  0.51018 
 32.94500  0.51005  0.51008 
 33.04500  0.50994  0.50997 
 33.14500  0.50982  0.50987 
 33.24500  0.50973  0.50976 
 33.34500  0.50962  0.50965 
 33.44500  0.50952  0.50955 
 33.54500  0.50941  0.50944 
 33.64500  0.50931  0.50933 
 33.74500  0.50919  0.50923 
 33.84500  0.50909  0.50912 
 33.94500  0.50897  0.50901 
 34.04500  0.50886  0.50891 
 34.14500  0.50875  0.50880 
 34.24500  0.50863  0.50869 
 34.34500  0.50853  0.50858 
 34.44500  0.50842  0.50848 
 34.54500  0.50832  0.50837 
 34.64500  0.50819  0.50827 
 34.74500  0.50808  0.50816 
 34.84500  0.50798  0.50805 
 34.94500  0.50789  0.50795 
 35.04500  0.50777  0.50784 
 35.14500  0.50766  0.50774 
 35.24500  0.50754  0.50763 
 35.34500  0.50744  0.50753 
 35.44500  0.50731  0.50742 
 35.54500  0.50721  0.50732 
 35.64500  0.50710  0.50721 
 35.74500  0.50703  0.50711 
 35.84500  0.50692  0.50700 
 35.94500  0.50682  0.50689 
 36.04500  0.50670  0.50679 
 36.14500  0.50659  0.50668 
 36.24500  0.50648  0.50658 
 36.34500  0.50637  0.50647 
 36.44500  0.50626  0.50637 
 36.54500  0.50615  0.50626 
 36.64500  0.50605  0.50616 
 36.74500  0.50593  0.50605 
 36.84500  0.50583  0.50595 
 36.94500  0.50570  0.50585 
 37.04500  0.50560  0.50574 
 37.14500  0.50548  0.50564 
 37.24500  0.50540  0.50554 
 37.34500  0.50527  0.50543 
 37.44500  0.50515  0.50533 
 37.54500  0.50504  0.50523 
 37.64500  0.50493  0.50512 
 37.74500  0.50482  0.50502 
 37.84500  0.50470  0.50492 
 37.94500  0.50460  0.50481 
 38.04500  0.50449  0.50471 
 38.14500  0.50440  0.50461 
 38.24500  0.50428  0.50451 
 38.34500  0.50418  0.50441 
 38.44500  0.50406  0.50430 
 38.54500  0.50396  0.50420 
 38.64500  0.50385  0.50410 
 38.74500  0.50374  0.50400 
 38.84500  0.50364  0.50390 
 38.94500  0.50353  0.50380 
 39.04500  0.50342  0.50369 
 39.14500  0.50331  0.50359 
 39.24500  0.50322  0.50349 
 39.34500  0.50310  0.50339 
 39.44500  0.50298  0.50329 
 39.54500  0.50288  0.50319 
 39.64500  0.50279  0.50309 
 39.74500  0.50269  0.50299 
 39.84500  0.50258  0.50289 
 39.94500  0.50248  0.50280 
 40.04500  0.50236  0.50270 
 40.14500  0.50226  0.50260 
 40.24500  0.50215  0.50250 
 40.34500  0.50205  0.50240 
 40.44500  0.50196  0.50230 
 40.54500  0.50186  0.50220 
 40.64500  0.50177  0.50211 
 40.74500  0.50166  0.50201 
 40.84500  0.50156  0.50191 
 40.94500  0.50144  0.50181 
 41.04500  0.50134  0.50172 
 41.14500  0.50124  0.50162 
 41.24500  0.50115  0.50152 
 41.34500  0.50105  0.50143 
 41.44500  0.50095  0.50133 
 41.54500  0.50086  0.50124 
 41.64500  0.50075  0.50114 
 41.74500  0.50066  0.50105 
 41.84500  0.50056  0.50095 
 41.94500  0.50045  0.50086 
 42.04500  0.50038  0.50076 
 42.14500  0.50032  0.50067 
 42.24500  0.50022  0.50057 
 42.34500  0.50011  0.50048 
 42.44500  0.50003  0.50039 
 42.54500  0.49993  0.50030 
 42.64500  0.49983  0.50020 
 42.74500  0.49973  0.50010 
 42.84500  0.49962  0.50001 
 42.94500  0.49955  0.49992 
 43.04500  0.49946  0.49983 
 43.14500  0.49936  0.49974 
 43.24500  0.49927  0.49965 
 43.34500  0.49917  0.49956 
 43.44500  0.49908  0.49947 
 43.54500  0.49899  0.49938 
 43.64500  0.49888  0.49929 
 43.74500  0.49880  0.49920 
 43.84500  0.49871  0.49910 
 43.94500  0.49863  0.49901 
 44.04500  0.49853  0.49892 
 44.14500  0.49843  0.49884 
 44.24500  0.49834  0.49875 
 44.34500  0.49825  0.49866 
 44.44500  0.49815  0.49857 
 44.54500  0.49805  0.49849 
 44.64500  0.49796  0.49840 
 44.74500  0.49787  0.49830 
 44.84500  0.49779  0.49822 
 44.94500  0.49769  0.49813 
 45.04500  0.49761  0.49805 
 45.14500  0.49751  0.49797 
 45.24500  0.49742  0.49788 
 45.34500  0.49733  0.49780 
 45.44500  0.49723  0.49770 
 45.54500  0.49714  0.49762 
 45.64500  0.49705  0.49754 
 45.74500  0.49698  0.49746 
 45.84500  0.49690  0.49738 
 45.94500  0.49679  0.49730 
 46.04500  0.49672  0.49720 
 46.14500  0.49662  0.49712 
 46.24500  0.49654  0.49704 
 46.34500  0.49645  0.49696 
 46.44500  0.49636  0.49688 
 46.54500  0.49628  0.49680 
 46.64500  0.49618  0.49671 
 46.74500  0.49611  0.49663 
 46.84500  0.49603  0.49655 
 46.94500  0.49594  0.49648 
 47.04500  0.49585  0.49640 
 47.14500  0.49577  0.49631 
 47.24500  0.49568  0.49623 
 47.34500  0.49560  0.49616 
 47.44500  0.49552  0.49609 
 47.54500  0.49542  0.49600 
 47.64500  0.49535  0.49592 
 47.74500  0.49528  0.49585 
 47.84500  0.49520  0.49578 
 47.94500  0.49513  0.49570 
 48.04500  0.49504  0.49561 
 48.14500  0.49495  0.49554 
 48.24500  0.49488  0.49547 
 48.34500  0.49481  0.49540 
 48.44500  0.49471  0.49531 
 48.54500  0.49465  0.49524 
 48.64500  0.49455  0.49518 
 48.74500  0.49448  0.49510 
 48.84500  0.49440  0.49501 
 48.94500  0.49434  0.49495 
 49.04500  0.49425  0.49489 
 49.14500  0.49418  0.49480 
 49.24500  0.49411  0.49473 
 49.34500  0.49403  0.49467 
 49.44500  0.49394  0.49460 
 49.54500  0.49390  0.49451 
 49.64500  0.49382  0.49445 
 49.74500  0.49377  0.49440 
 49.84500  0.49369  0.49430 
 49.94500  0.49363  0.49424 
 50.04500  0.49358  0.49419 
 50.14500  0.49351  0.49410 
 50.24500  0.49344  0.49404 
 50.34500  0.49335  0.49399 
 50.44500  0.49329  0.49390 
 50.54500  0.49323  0.49384 
 50.64500  0.49315  0.49379 
 50.74500  0.49308  0.49370 
 50.84500  0.49303  0.49364 
 50.94500  0.49296  0.49360 
 51.04500  0.49290  0.49350 
 51.14500  0.49282  0.49345 
 51.24500  0.49278  0.49340 
 51.34500  0.49271  0.49331 
 51.44500  0.49265  0.49327 
 51.54500  0.49259  0.49320 
 51.64500  0.49252  0.49313 
 51.74500  0.49246  0.49310 
 51.84500  0.49239  0.49300 
 51.94500  0.49235  0.49296 
 52.04500  0.49228  0.49290 
 52.14500  0.49221  0.49283 
 52.24500  0.49215  0.49280 
 52.34500  0.49209  0.49270 
 52.44500  0.49202  0.49267 
 52.54500  0.49196  0.49260 
 52.64500  0.49193  0.49254 
 52.74500  0.49188  0.49250 
 52.84500  0.49180  0.49242 
 52.94500  0.49176  0.49240 
 53.04500  0.49168  0.49230 
 53.14500  0.49164  0.49228 
 53.24500  0.49157  0.49220 
 53.34500  0.49151  0.49216 
 53.44500  0.49147  0.49210 
 53.54500  0.49142  0.49205 
 53.64500  0.49133  0.49200 
 53.74500  0.49130  0.49194 
 53.84500  0.49123  0.49190 
 53.94500  0.49118  0.49183 
 54.04500  0.49114  0.49180 
 54.14500  0.49107  0.49173 
 54.24500  0.49105  0.49170 
 54.34500  0.49098  0.49163 
 54.44500  0.49093  0.49160 
 54.54500  0.49086  0.49153 
 54.64500  0.49080  0.49150 
 54.74500  0.49075  0.49144 
 54.84500  0.49070  0.49140 
 54.94500  0.49065  0.49135 
 55.04500  0.49058  0.49130 
 55.14500  0.49055  0.49127 
 55.24500  0.49050  0.49120 
 55.34500  0.49044  0.49119 
 55.44500  0.49039  0.49110 
 55.54500  0.49036  0.49110 
 55.64500  0.49027  0.49102 
 55.74500  0.49027  0.49100 
 55.84500  0.49023  0.49095 
 55.94500  0.49019  0.49090 
 56.04500  0.49011  0.49089 
 56.14500  0.49007  0.49080 
 56.24500  0.49002  0.49080 
 56.34500  0.49000  0.49074 
 56.44500  0.48994  0.49070 
 56.54500  0.48990  0.49069 
 56.64500  0.48985  0.49060 
 56.74500  0.48981  0.49060 
 56.84500  0.48977  0.49055 
 56.94500  0.48974  0.49050 
 57.04500  0.48970  0.49050 
 57.14500  0.48962  0.49042 
 57.24500  0.48962  0.49040 
 57.34500  0.48958  0.49040 
 57.44500  0.48952  0.49030 
 57.54500  0.48951  0.49030 
 57.64500  0.48946  0.49029 
 57.74500  0.48943  0.49020 
 57.84500  0.48936  0.49020 
 57.94500  0.48934  0.49020 
 58.04500  0.48935  0.49010 
 58.14500  0.48930  0.49010 
 58.24500  0.48928  0.49010 
 58.34500  0.48925  0.49002 
 58.44500  0.48920  0.49000 
 58.54500  0.48916  0.49000 
 58.64500  0.48915  0.48996 
 58.74500  0.48911  0.48990 
 58.84500  0.48909  0.48990 
 58.94500  0.48906  0.48990 
 59.04500  0.48904  0.48982 
 59.14500  0.48900  0.48980 
 59.24500  0.48901  0.48980 
 59.34500  0.48894  0.48980 
 59.44500  0.48891  0.48971 
 59.54500  0.48891  0.48970 
 59.64500  0.48891  0.48970 
 59.74500  0.48886  0.48970 
 59.84500  0.48885  0.48963 
 59.94500  0.48882  0.48960 
 60.04500  0.48880  0.48960 
 60.14500  0.48879  0.48960 
 60.24500  0.48877  0.48959 
 60.34500  0.48875  0.48950 
 60.44500  0.48873  0.48950 
 60.54500  0.48871  0.48950 
 60.64500  0.48866  0.48950 
 60.74500  0.48869  0.48950 
 60.84500  0.48867  0.48942 
 60.94500  0.48867  0.48940 
 61.04500  0.48862  0.48940 
 61.14500  0.48862  0.48940 
 61.24500  0.48862  0.48940 
 61.34500  0.48861  0.48940 
 61.44500  0.48862  0.48934 
 61.54500  0.48857  0.48930 
 61.64500  0.48856  0.48930 
 61.74500  0.48857  0.48930 
 61.84500  0.48856  0.48930 
 61.94500  0.48853  0.48930 
 62.04500  0.48853  0.48930 
 62.14500  0.48854  0.48930 
 62.24500  0.48853  0.48924 
 62.34500  0.48852  0.48920 
 62.44500  0.48853  0.48920 
 62.54500  0.48851  0.48920 
 62.64500  0.48849  0.48920 
 62.74500  0.48848  0.48920 
 62.84500  0.48848  0.48920 
 62.94500  0.48849  0.48920 
 63.04500  0.48850  0.48920 
 63.14500  0.48849  0.48920 
 63.24500  0.48848  0.48920 
 63.34500  0.48849  0.48920 
 63.44500  0.48849  0.48920 
 63.54500  0.48846  0.48920 
 63.64500  0.48846  0.48920 
 63.74500  0.48846  0.48920 
 63.84500  0.48844  0.48917 
 63.94500  0.48843  0.48910 
 64.04500  0.48843  0.48910 
 64.14500  0.48842  0.48910 
