  0.04500  0.51166  0.51370 
  0.14500  0.51166  0.51370 
  0.24500  0.51166  0.51370 
  0.34500  0.51166  0.51370 
  0.44500  0.51166  0.51370 
  0.54500  0.51166  0.51370 
  0.64500  0.51168  0.51370 
  0.74500  0.51167  0.51370 
  0.84500  0.51167  0.51370 
  0.94500  0.51168  0.51370 
  1.04500  0.51168  0.51370 
  1.14500  0.51167  0.51370 
  1.24500  0.51167  0.51370 
  1.34500  0.51167  0.51370 
  1.44500  0.51167  0.51370 
  1.54500  0.51167  0.51370 
  1.64500  0.51168  0.51370 
  1.74500  0.51166  0.51370 
  1.84500  0.51165  0.51370 
  1.94500  0.51165  0.51370 
  2.04500  0.51165  0.51370 
  2.14500  0.51166  0.51370 
  2.24500  0.51167  0.51370 
  2.34500  0.51167  0.51370 
  2.44500  0.51167  0.51370 
  2.54500  0.51167  0.51370 
  2.64500  0.51166  0.51370 
  2.74500  0.51167  0.51370 
  2.84500  0.51168  0.51370 
  2.94500  0.51167  0.51370 
  3.04500  0.51166  0.51370 
  3.14500  0.51166  0.51370 
  3.24500  0.51166  0.51370 
  3.34500  0.51167  0.51370 
  3.44500  0.51167  0.51370 
  3.54500  0.51168  0.51370 
  3.64500  0.51166  0.51370 
  3.74500  0.51166  0.51370 
  3.84500  0.51166  0.51364 
  3.94500  0.51168  0.51360 
  4.04500  0.51169  0.51360 
  4.14500  0.51168  0.51360 
  4.24500  0.51166  0.51360 
  4.34500  0.51166  0.51360 
  4.44500  0.51167  0.51360 
  4.54500  0.51167  0.51360 
  4.64500  0.51169  0.51360 
  4.74500  0.51167  0.51360 
  4.84500  0.51167  0.51360 
  4.94500  0.51167  0.51360 
  5.04500  0.51167  0.51360 
  5.14500  0.51166  0.51360 
  5.24500  0.51168  0.51360 
  5.34500  0.51168  0.51360 
  5.44500  0.51167  0.51360 
  5.54500  0.51166  0.51360 
  5.64500  0.51166  0.51360 
  5.74500  0.51167  0.51360 
  5.84500  0.51167  0.51360 
  5.94500  0.51166  0.51360 
  6.04500  0.51164  0.51360 
  6.14500  0.51164  0.51360 
  6.24500  0.51166  0.51360 
  6.34500  0.51165  0.51360 
  6.44500  0.51164  0.51360 
  6.54500  0.51165  0.51360 
  6.64500  0.51165  0.51360 
  6.74500  0.51163  0.51360 
  6.84500  0.51164  0.51350 
  6.94500  0.51164  0.51350 
  7.04500  0.51165  0.51350 
  7.14500  0.51165  0.51350 
  7.24500  0.51163  0.51350 
  7.34500  0.51164  0.51350 
  7.44500  0.51165  0.51350 
  7.54500  0.51165  0.51350 
  7.64500  0.51164  0.51350 
  7.74500  0.51163  0.51350 
  7.84500  0.51165  0.51350 
  7.94500  0.51164  0.51350 
  8.04500  0.51162  0.51350 
  8.14500  0.51164  0.51350 
  8.24500  0.51164  0.51350 
  8.34500  0.51163  0.51350 
  8.44500  0.51164  0.51350 
  8.54500  0.51162  0.51350 
  8.64500  0.51163  0.51350 
  8.74500  0.51163  0.51350 
  8.84500  0.51163  0.51344 
  8.94500  0.51161  0.51340 
  9.04500  0.51162  0.51340 
  9.14500  0.51163  0.51340 
  9.24500  0.51162  0.51340 
  9.34500  0.51161  0.51340 
  9.44500  0.51162  0.51340 
  9.54500  0.51162  0.51340 
  9.64500  0.51160  0.51340 
  9.74500  0.51162  0.51340 
  9.84500  0.51161  0.51340 
  9.94500  0.51161  0.51340 
 10.04500  0.51161  0.51340 
 10.14500  0.51160  0.51340 
 10.24500  0.51162  0.51340 
 10.34500  0.51160  0.51340 
 10.44500  0.51161  0.51340 
 10.54500  0.51161  0.51332 
 10.64500  0.51161  0.51330 
 10.74500  0.51157  0.51330 
 10.84500  0.51159  0.51330 
 10.94500  0.51158  0.51330 
 11.04500  0.51158  0.51330 
 11.14500  0.51157  0.51330 
 11.24500  0.51157  0.51330 
 11.34500  0.51157  0.51330 
 11.44500  0.51157  0.51330 
 11.54500  0.51158  0.51330 
 11.64500  0.51156  0.51330 
 11.74500  0.51156  0.51330 
 11.84500  0.51157  0.51330 
 11.94500  0.51156  0.51327 
 12.04500  0.51156  0.51320 
 12.14500  0.51156  0.51320 
 12.24500  0.51156  0.51320 
 12.34500  0.51156  0.51320 
 12.44500  0.51156  0.51320 
 12.54500  0.51156  0.51320 
 12.64500  0.51156  0.51320 
 12.74500  0.51156  0.51320 
 12.84500  0.51156  0.51320 
 12.94500  0.51155  0.51320 
 13.04500  0.51156  0.51320 
 13.14500  0.51154  0.51320 
 13.24500  0.51156  0.51319 
 13.34500  0.51155  0.51310 
 13.44500  0.51155  0.51310 
 13.54500  0.51155  0.51310 
 13.64500  0.51155  0.51310 
 13.74500  0.51155  0.51310 
 13.84500  0.51155  0.51310 
 13.94500  0.51155  0.51310 
 14.04500  0.51152  0.51310 
 14.14500  0.51153  0.51310 
 14.24500  0.51152  0.51310 
 14.34500  0.51153  0.51310 
 14.44500  0.51152  0.51310 
 14.54500  0.51153  0.51300 
 14.64500  0.51153  0.51300 
 14.74500  0.51152  0.51300 
 14.84500  0.51152  0.51300 
 14.94500  0.51153  0.51300 
 15.04500  0.51152  0.51300 
 15.14500  0.51152  0.51300 
 15.24500  0.51151  0.51300 
 15.34500  0.51152  0.51300 
 15.44500  0.51151  0.51300 
 15.54500  0.51151  0.51300 
 15.64500  0.51151  0.51293 
 15.74500  0.51151  0.51290 
 15.84500  0.51151  0.51290 
 15.94500  0.51150  0.51290 
 16.04500  0.51151  0.51290 
 16.14500  0.51150  0.51290 
 16.24500  0.51151  0.51290 
 16.34500  0.51150  0.51290 
 16.44500  0.51150  0.51290 
 16.54500  0.51150  0.51290 
 16.64500  0.51150  0.51290 
 16.74500  0.51149  0.51280 
 16.84500  0.51147  0.51280 
 16.94500  0.51147  0.51280 
 17.04500  0.51146  0.51280 
 17.14500  0.51147  0.51280 
 17.24500  0.51146  0.51280 
 17.34500  0.51146  0.51280 
 17.44500  0.51146  0.51280 
 17.54500  0.51146  0.51280 
 17.64500  0.51145  0.51280 
 17.74500  0.51146  0.51272 
 17.84500  0.51145  0.51270 
 17.94500  0.51145  0.51270 
 18.04500  0.51146  0.51270 
 18.14500  0.51144  0.51270 
 18.24500  0.51145  0.51270 
 18.34500  0.51143  0.51270 
 18.44500  0.51144  0.51270 
 18.54500  0.51143  0.51270 
 18.64500  0.51143  0.51270 
 18.74500  0.51143  0.51260 
 18.84500  0.51143  0.51260 
 18.94500  0.51142  0.51260 
 19.04500  0.51142  0.51260 
 19.14500  0.51142  0.51260 
 19.24500  0.51141  0.51260 
 19.34500  0.51140  0.51260 
 19.44500  0.51140  0.51260 
 19.54500  0.51140  0.51260 
 19.64500  0.51139  0.51255 
 19.74500  0.51139  0.51250 
 19.84500  0.51139  0.51250 
 19.94500  0.51139  0.51250 
 20.04500  0.51138  0.51250 
 20.14500  0.51138  0.51250 
 20.24500  0.51138  0.51250 
 20.34500  0.51138  0.51250 
 20.44500  0.51137  0.51250 
 20.54500  0.51138  0.51246 
 20.64500  0.51137  0.51240 
 20.74500  0.51137  0.51240 
 20.84500  0.51137  0.51240 
 20.94500  0.51136  0.51240 
 21.04500  0.51136  0.51240 
 21.14500  0.51136  0.51240 
 21.24500  0.51136  0.51240 
 21.34500  0.51135  0.51240 
 21.44500  0.51135  0.51235 
 21.54500  0.51133  0.51230 
 21.64500  0.51134  0.51230 
 21.74500  0.51133  0.51230 
 21.84500  0.51132  0.51230 
 21.94500  0.51131  0.51230 
 22.04500  0.51130  0.51230 
 22.14500  0.51130  0.51230 
 22.24500  0.51131  0.51230 
 22.34500  0.51130  0.51222 
 22.44500  0.51129  0.51220 
 22.54500  0.51130  0.51220 
 22.64500  0.51130  0.51220 
 22.74500  0.51129  0.51220 
 22.84500  0.51129  0.51220 
 22.94500  0.51129  0.51220 
 23.04500  0.51128  0.51220 
 23.14500  0.51129  0.51217 
 23.24500  0.51129  0.51210 
 23.34500  0.51129  0.51210 
 23.44500  0.51128  0.51210 
 23.54500  0.51129  0.51210 
 23.64500  0.51127  0.51210 
 23.74500  0.51127  0.51210 
 23.84500  0.51127  0.51210 
 23.94500  0.51126  0.51210 
 24.04500  0.51126  0.51200 
 24.14500  0.51126  0.51200 
 24.24500  0.51125  0.51200 
 24.34500  0.51125  0.51200 
 24.44500  0.51125  0.51200 
 24.54500  0.51125  0.51200 
 24.64500  0.51124  0.51200 
 24.74500  0.51125  0.51200 
 24.84500  0.51124  0.51192 
 24.94500  0.51124  0.51190 
 25.04500  0.51124  0.51190 
 25.14500  0.51125  0.51190 
 25.24500  0.51124  0.51190 
 25.34500  0.51123  0.51190 
 25.44500  0.51124  0.51190 
 25.54500  0.51123  0.51190 
 25.64500  0.51121  0.51182 
 25.74500  0.51121  0.51180 
 25.84500  0.51121  0.51180 
 25.94500  0.51121  0.51180 
 26.04500  0.51120  0.51180 
 26.14500  0.51121  0.51180 
 26.24500  0.51120  0.51180 
 26.34500  0.51119  0.51180 
 26.44500  0.51119  0.51172 
 26.54500  0.51119  0.51170 
 26.64500  0.51119  0.51170 
 26.74500  0.51118  0.51170 
 26.84500  0.51118  0.51170 
 26.94500  0.51118  0.51170 
 27.04500  0.51118  0.51170 
 27.14500  0.51117  0.51170 
 27.24500  0.51117  0.51161 
 27.34500  0.51118  0.51160 
 27.44500  0.51117  0.51160 
 27.54500  0.51116  0.51160 
 27.64500  0.51114  0.51160 
 27.74500  0.51113  0.51160 
 27.84500  0.51113  0.51160 
 27.94500  0.51113  0.51159 
 28.04500  0.51113  0.51150 
 28.14500  0.51112  0.51150 
 28.24500  0.51112  0.51150 
 28.34500  0.51113  0.51150 
 28.44500  0.51112  0.51150 
 28.54500  0.51111  0.51150 
 28.64500  0.51111  0.51150 
 28.74500  0.51111  0.51146 
 28.84500  0.51111  0.51140 
 28.94500  0.51110  0.51140 
 29.04500  0.51110  0.51140 
 29.14500  0.51110  0.51140 
 29.24500  0.51109  0.51140 
 29.34500  0.51109  0.51140 
 29.44500  0.51109  0.51140 
 29.54500  0.51107  0.51133 
 29.64500  0.51107  0.51130 
 29.74500  0.51106  0.51130 
 29.84500  0.51107  0.51130 
 29.94500  0.51106  0.51130 
 30.04500  0.51106  0.51130 
 30.14500  0.51106  0.51130 
 30.24500  0.51105  0.51130 
 30.34500  0.51106  0.51120 
 30.44500  0.51105  0.51120 
 30.54500  0.51105  0.51120 
 30.64500  0.51105  0.51120 
 30.74500  0.51105  0.51120 
 30.84500  0.51104  0.51120 
 30.94500  0.51103  0.51120 
 31.04500  0.51103  0.51116 
 31.14500  0.51104  0.51110 
 31.24500  0.51103  0.51110 
 31.34500  0.51102  0.51110 
 31.44500  0.51101  0.51110 
 31.54500  0.51101  0.51110 
 31.64500  0.51101  0.51110 
 31.74500  0.51100  0.51110 
 31.84500  0.51100  0.51102 
 31.94500  0.51100  0.51100 
 32.04500  0.51100  0.51100 
 32.14500  0.51100  0.51100 
 32.24500  0.51099  0.51100 
 32.34500  0.51100  0.51100 
 32.44500  0.51099  0.51100 
 32.54500  0.51099  0.51098 
 32.64500  0.51099  0.51090 
 32.74500  0.51099  0.51090 
 32.84500  0.51099  0.51090 
 32.94500  0.51099  0.51090 
 33.04500  0.51099  0.51090 
 33.14500  0.51099  0.51090 
 33.24500  0.51097  0.51090 
 33.34500  0.51096  0.51085 
 33.44500  0.51096  0.51080 
 33.54500  0.51096  0.51080 
 33.64500  0.51096  0.51080 
 33.74500  0.51095  0.51080 
 33.84500  0.51095  0.51080 
 33.94500  0.51095  0.51080 
 34.04500  0.51095  0.51080 
 34.14500  0.51095  0.51071 
 34.24500  0.51094  0.51070 
 34.34500  0.51095  0.51070 
 34.44500  0.51094  0.51070 
 34.54500  0.51093  0.51070 
 34.64500  0.51094  0.51070 
 34.74500  0.51093  0.51070 
 34.84500  0.51093  0.51067 
 34.94500  0.51093  0.51060 
 35.04500  0.51093  0.51060 
 35.14500  0.51092  0.51060 
 35.24500  0.51091  0.51060 
 35.34500  0.51090  0.51060 
 35.44500  0.51090  0.51060 
 35.54500  0.51090  0.51060 
 35.64500  0.51090  0.51055 
 35.74500  0.51089  0.51050 
 35.84500  0.51090  0.51050 
 35.94500  0.51089  0.51050 
 36.04500  0.51089  0.51050 
 36.14500  0.51089  0.51050 
 36.24500  0.51088  0.51050 
 36.34500  0.51088  0.51050 
 36.44500  0.51088  0.51042 
 36.54500  0.51088  0.51040 
 36.64500  0.51088  0.51040 
 36.74500  0.51087  0.51040 
 36.84500  0.51087  0.51040 
 36.94500  0.51087  0.51040 
 37.04500  0.51086  0.51040 
 37.14500  0.51084  0.51040 
 37.24500  0.51083  0.51030 
 37.34500  0.51084  0.51030 
 37.44500  0.51082  0.51030 
 37.54500  0.51082  0.51030 
 37.64500  0.51083  0.51030 
 37.74500  0.51083  0.51030 
 37.84500  0.51082  0.51030 
 37.94500  0.51081  0.51029 
 38.04500  0.51081  0.51020 
 38.14500  0.51081  0.51020 
 38.24500  0.51080  0.51020 
 38.34500  0.51081  0.51020 
 38.44500  0.51080  0.51020 
 38.54500  0.51080  0.51020 
 38.64500  0.51079  0.51020 
 38.74500  0.51080  0.51019 
 38.84500  0.51079  0.51010 
 38.94500  0.51079  0.51010 
 39.04500  0.51079  0.51010 
 39.14500  0.51077  0.51010 
 39.24500  0.51077  0.51010 
 39.34500  0.51076  0.51010 
 39.44500  0.51076  0.51010 
 39.54500  0.51076  0.51010 
 39.64500  0.51075  0.51000 
 39.74500  0.51075  0.51000 
 39.84500  0.51075  0.51000 
 39.94500  0.51075  0.51000 
 40.04500  0.51075  0.51000 
 40.14500  0.51075  0.51000 
 40.24500  0.51074  0.51000 
 40.34500  0.51074  0.51000 
 40.44500  0.51074  0.50992 
 40.54500  0.51074  0.50990 
 40.64500  0.51074  0.50990 
 40.74500  0.51073  0.50990 
 40.84500  0.51073  0.50990 
 40.94500  0.51072  0.50990 
 41.04500  0.51073  0.50990 
 41.14500  0.51071  0.50990 
 41.24500  0.51070  0.50986 
 41.34500  0.51071  0.50980 
 41.44500  0.51070  0.50980 
 41.54500  0.51070  0.50980 
 41.64500  0.51070  0.50980 
 41.74500  0.51070  0.50980 
 41.84500  0.51069  0.50980 
 41.94500  0.51070  0.50980 
 42.04500  0.51069  0.50980 
 42.14500  0.51070  0.50971 
 42.24500  0.51070  0.50970 
 42.34500  0.51070  0.50970 
 42.44500  0.51069  0.50970 
 42.54500  0.51069  0.50970 
 42.64500  0.51069  0.50970 
 42.74500  0.51069  0.50970 
 42.84500  0.51069  0.50970 
 42.94500  0.51069  0.50968 
 43.04500  0.51069  0.50960 
 43.14500  0.51069  0.50960 
 43.24500  0.51066  0.50960 
 43.34500  0.51066  0.50960 
 43.44500  0.51066  0.50960 
 43.54500  0.51066  0.50960 
 43.64500  0.51066  0.50960 
 43.74500  0.51065  0.50960 
 43.84500  0.51065  0.50958 
 43.94500  0.51066  0.50950 
 44.04500  0.51065  0.50950 
 44.14500  0.51065  0.50950 
 44.24500  0.51065  0.50950 
 44.34500  0.51064  0.50950 
 44.44500  0.51065  0.50950 
 44.54500  0.51064  0.50950 
 44.64500  0.51064  0.50950 
 44.74500  0.51064  0.50950 
 44.84500  0.51063  0.50940 
 44.94500  0.51063  0.50940 
 45.04500  0.51063  0.50940 
 45.14500  0.51062  0.50940 
 45.24500  0.51062  0.50940 
 45.34500  0.51062  0.50940 
 45.44500  0.51063  0.50940 
 45.54500  0.51060  0.50940 
 45.64500  0.51060  0.50940 
 45.74500  0.51060  0.50935 
 45.84500  0.51059  0.50930 
 45.94500  0.51059  0.50930 
 46.04500  0.51059  0.50930 
 46.14500  0.51059  0.50930 
 46.24500  0.51059  0.50930 
 46.34500  0.51058  0.50930 
 46.44500  0.51058  0.50930 
 46.54500  0.51057  0.50930 
 46.64500  0.51058  0.50930 
 46.74500  0.51057  0.50923 
 46.84500  0.51057  0.50920 
 46.94500  0.51057  0.50920 
 47.04500  0.51057  0.50920 
 47.14500  0.51057  0.50920 
 47.24500  0.51056  0.50920 
 47.34500  0.51057  0.50920 
 47.44500  0.51056  0.50920 
 47.54500  0.51056  0.50920 
 47.64500  0.51055  0.50920 
 47.74500  0.51055  0.50917 
 47.84500  0.51055  0.50910 
 47.94500  0.51055  0.50910 
 48.04500  0.51053  0.50910 
 48.14500  0.51053  0.50910 
 48.24500  0.51052  0.50910 
 48.34500  0.51052  0.50910 
 48.44500  0.51052  0.50910 
 48.54500  0.51052  0.50910 
 48.64500  0.51052  0.50910 
 48.74500  0.51051  0.50910 
 48.84500  0.51052  0.50905 
 48.94500  0.51050  0.50900 
 49.04500  0.51051  0.50900 
 49.14500  0.51050  0.50900 
 49.24500  0.51051  0.50900 
 49.34500  0.51050  0.50900 
 49.44500  0.51047  0.50900 
 49.54500  0.51048  0.50900 
 49.64500  0.51048  0.50900 
 49.74500  0.51047  0.50900 
 49.84500  0.51048  0.50900 
 49.94500  0.51047  0.50900 
 50.04500  0.51048  0.50890 
 50.14500  0.51047  0.50890 
 50.24500  0.51047  0.50890 
 50.34500  0.51047  0.50890 
 50.44500  0.51047  0.50890 
 50.54500  0.51047  0.50890 
 50.64500  0.51047  0.50890 
 50.74500  0.51047  0.50890 
 50.84500  0.51046  0.50890 
 50.94500  0.51045  0.50890 
 51.04500  0.51044  0.50890 
 51.14500  0.51046  0.50890 
 51.24500  0.51044  0.50883 
 51.34500  0.51045  0.50880 
 51.44500  0.51045  0.50880 
 51.54500  0.51044  0.50880 
 51.64500  0.51044  0.50880 
 51.74500  0.51044  0.50880 
 51.84500  0.51044  0.50880 
 51.94500  0.51044  0.50880 
 52.04500  0.51045  0.50880 
 52.14500  0.51043  0.50880 
 52.24500  0.51043  0.50880 
 52.34500  0.51046  0.50880 
 52.44500  0.51043  0.50880 
 52.54500  0.51045  0.50877 
 52.64500  0.51044  0.50870 
 52.74500  0.51043  0.50870 
 52.84500  0.51044  0.50870 
 52.94500  0.51043  0.50870 
 53.04500  0.51044  0.50870 
 53.14500  0.51044  0.50870 
 53.24500  0.51043  0.50870 
 53.34500  0.51044  0.50870 
 53.44500  0.51043  0.50870 
 53.54500  0.51044  0.50870 
 53.64500  0.51043  0.50870 
 53.74500  0.51042  0.50870 
 53.84500  0.51043  0.50870 
 53.94500  0.51043  0.50870 
 54.04500  0.51041  0.50867 
 54.14500  0.51042  0.50860 
 54.24500  0.51042  0.50860 
 54.34500  0.51041  0.50860 
 54.44500  0.51040  0.50860 
 54.54500  0.51039  0.50860 
 54.64500  0.51039  0.50860 
 54.74500  0.51040  0.50860 
 54.84500  0.51038  0.50860 
 54.94500  0.51039  0.50860 
 55.04500  0.51040  0.50860 
 55.14500  0.51038  0.50860 
 55.24500  0.51039  0.50860 
 55.34500  0.51039  0.50860 
 55.44500  0.51039  0.50860 
 55.54500  0.51037  0.50860 
 55.64500  0.51038  0.50860 
 55.74500  0.51038  0.50860 
 55.84500  0.51038  0.50850 
 55.94500  0.51037  0.50850 
 56.04500  0.51037  0.50850 
 56.14500  0.51038  0.50850 
 56.24500  0.51037  0.50850 
 56.34500  0.51038  0.50850 
 56.44500  0.51036  0.50850 
 56.54500  0.51035  0.50850 
 56.64500  0.51038  0.50850 
 56.74500  0.51037  0.50850 
 56.84500  0.51036  0.50850 
 56.94500  0.51036  0.50850 
 57.04500  0.51037  0.50850 
 57.14500  0.51036  0.50850 
 57.24500  0.51036  0.50850 
 57.34500  0.51034  0.50850 
 57.44500  0.51036  0.50850 
 57.54500  0.51036  0.50850 
 57.64500  0.51036  0.50850 
 57.74500  0.51036  0.50850 
 57.84500  0.51035  0.50850 
 57.94500  0.51035  0.50846 
 58.04500  0.51037  0.50840 
 58.14500  0.51035  0.50840 
 58.24500  0.51035  0.50840 
 58.34500  0.51037  0.50840 
 58.44500  0.51036  0.50840 
 58.54500  0.51034  0.50840 
 58.64500  0.51035  0.50840 
 58.74500  0.51036  0.50840 
 58.84500  0.51037  0.50840 
 58.94500  0.51034  0.50840 
 59.04500  0.51035  0.50840 
 59.14500  0.51034  0.50840 
 59.24500  0.51035  0.50840 
 59.34500  0.51035  0.50840 
 59.44500  0.51035  0.50840 
 59.54500  0.51036  0.50840 
 59.64500  0.51035  0.50840 
 59.74500  0.51033  0.50840 
 59.84500  0.51034  0.50840 
 59.94500  0.51035  0.50840 
 60.04500  0.51034  0.50840 
 60.14500  0.51033  0.50840 
 60.24500  0.51033  0.50840 
 60.34500  0.51034  0.50840 
 60.44500  0.51032  0.50840 
 60.54500  0.51032  0.50840 
 60.64500  0.51033  0.50840 
 60.74500  0.51033  0.50840 
 60.84500  0.51034  0.50840 
 60.94500  0.51035  0.50840 
 61.04500  0.51033  0.50840 
 61.14500  0.51032  0.50840 
 61.24500  0.51033  0.50840 
 61.34500  0.51032  0.50840 
 61.44500  0.51034  0.50832 
 61.54500  0.51034  0.50830 
 61.64500  0.51034  0.50830 
 61.74500  0.51034  0.50830 
 61.84500  0.51033  0.50830 
 61.94500  0.51032  0.50830 
 62.04500  0.51032  0.50830 
 62.14500  0.51032  0.50830 
 62.24500  0.51033  0.50830 
 62.34500  0.51034  0.50830 
 62.44500  0.51034  0.50830 
 62.54500  0.51032  0.50830 
 62.64500  0.51033  0.50830 
 62.74500  0.51035  0.50830 
 62.84500  0.51035  0.50830 
 62.94500  0.51035  0.50830 
 63.04500  0.51035  0.50830 
 63.14500  0.51035  0.50830 
 63.24500  0.51032  0.50830 
 63.34500  0.51032  0.50830 
 63.44500  0.51032  0.50830 
 63.54500  0.51031  0.50830 
 63.64500  0.51032  0.50830 
 63.74500  0.51032  0.50830 
 63.84500  0.51033  0.50830 
 63.94500  0.51034  0.50830 
 64.04500  0.51033  0.50830 
 64.14500  0.51033  0.50830 
