  0.04500  0.99031  0.99027 
  0.14500  0.99011  0.99010 
  0.24500  0.98976  0.98970 
  0.34500  0.98916  0.98915 
  0.44500  0.98842  0.98839 
  0.54500  0.98740  0.98741 
  0.64500  0.98624  0.98620 
  0.74500  0.98481  0.98479 
  0.84500  0.98314  0.98312 
  0.94500  0.98125  0.98120 
  1.04500  0.97904  0.97901 
  1.14500  0.97658  0.97656 
  1.24500  0.97380  0.97378 
  1.34500  0.97072  0.97068 
  1.44500  0.96731  0.96727 
  1.54500  0.96345  0.96349 
  1.64500  0.95927  0.95929 
  1.74500  0.95469  0.95470 
  1.84500  0.94971  0.94970 
  1.94500  0.94425  0.94426 
  2.04500  0.93834  0.93834 
  2.14500  0.93190  0.93192 
  2.24500  0.92497  0.92500 
  2.34500  0.91751  0.91755 
  2.44500  0.90950  0.90956 
  2.54500  0.90099  0.90102 
  2.64500  0.89186  0.89188 
  2.74500  0.88209  0.88216 
  2.84500  0.87180  0.87183 
  2.94500  0.86085  0.86091 
  3.04500  0.84933  0.84938 
  3.14500  0.83720  0.83726 
  3.24500  0.82445  0.82454 
  3.34500  0.81112  0.81120 
  3.44500  0.79721  0.79727 
  3.54500  0.78276  0.78280 
  3.64500  0.76771  0.76778 
  3.74500  0.75215  0.75222 
  3.84500  0.73613  0.73617 
  3.94500  0.71961  0.71967 
  4.04500  0.70272  0.70273 
  4.14500  0.68535  0.68543 
  4.24500  0.66769  0.66777 
  4.34500  0.64978  0.64986 
  4.44500  0.63165  0.63169 
  4.54500  0.61340  0.61336 
  4.64500  0.59493  0.59490 
  4.74500  0.57642  0.57641 
  4.84500  0.55791  0.55796 
  4.94500  0.53938  0.53959 
  5.04500  0.52126  0.52136 
  5.14500  0.50364  0.50338 
  5.24500  0.48579  0.48571 
  5.34500  0.46840  0.46845 
  5.44500  0.45152  0.45159 
  5.54500  0.43525  0.43530 
  5.64500  0.41957  0.41959 
  5.74500  0.40461  0.40455 
  5.84500  0.39034  0.39028 
  5.94500  0.37687  0.37679 
  6.04500  0.36421  0.36419 
  6.14500  0.35259  0.35251 
  6.24500  0.34189  0.34184 
  6.34500  0.33223  0.33217 
  6.44500  0.32363  0.32359 
  6.54500  0.31620  0.31613 
  6.64500  0.30996  0.30987 
  6.74500  0.30482  0.30474 
  6.84500  0.30094  0.30085 
  6.94500  0.29827  0.29818 
  7.04500  0.29686  0.29679 
  7.14500  0.29667  0.29661 
  7.24500  0.29771  0.29767 
  7.34500  0.30010  0.29998 
  7.44500  0.30361  0.30353 
  7.54500  0.30836  0.30824 
  7.64500  0.31429  0.31417 
  7.74500  0.32132  0.32121 
  7.84500  0.32945  0.32935 
  7.94500  0.33867  0.33856 
  8.04500  0.34885  0.34875 
  8.14500  0.35999  0.35990 
  8.24500  0.37201  0.37193 
  8.34500  0.38485  0.38479 
  8.44500  0.39841  0.39834 
  8.54500  0.41266  0.41260 
  8.64500  0.42742  0.42746 
  8.74500  0.44278  0.44278 
  8.84500  0.45855  0.45856 
  8.94500  0.47474  0.47467 
  9.04500  0.49128  0.49102 
  9.14500  0.50755  0.50754 
  9.24500  0.52395  0.52413 
  9.34500  0.54066  0.54070 
  9.44500  0.55727  0.55717 
  9.54500  0.57349  0.57343 
  9.64500  0.58944  0.58941 
  9.74500  0.60500  0.60502 
  9.84500  0.62015  0.62014 
  9.94500  0.63475  0.63477 
 10.04500  0.64871  0.64877 
 10.14500  0.66206  0.66210 
 10.24500  0.67460  0.67466 
 10.34500  0.68637  0.68638 
 10.44500  0.69717  0.69724 
 10.54500  0.70712  0.70714 
 10.64500  0.71602  0.71606 
 10.74500  0.72386  0.72394 
 10.84500  0.73068  0.73073 
 10.94500  0.73631  0.73639 
 11.04500  0.74088  0.74092 
 11.14500  0.74420  0.74426 
 11.24500  0.74631  0.74639 
 11.34500  0.74728  0.74735 
 11.44500  0.74702  0.74710 
 11.54500  0.74556  0.74564 
 11.64500  0.74286  0.74296 
 11.74500  0.73899  0.73908 
 11.84500  0.73396  0.73403 
 11.94500  0.72777  0.72784 
 12.04500  0.72046  0.72053 
 12.14500  0.71205  0.71212 
 12.24500  0.70261  0.70267 
 12.34500  0.69212  0.69221 
 12.44500  0.68073  0.68078 
 12.54500  0.66842  0.66849 
 12.64500  0.65528  0.65535 
 12.74500  0.64132  0.64143 
 12.84500  0.62672  0.62682 
 12.94500  0.61152  0.61154 
 13.04500  0.59573  0.59573 
 13.14500  0.57947  0.57943 
 13.24500  0.56278  0.56273 
 13.34500  0.54571  0.54571 
 13.44500  0.52830  0.52844 
 13.54500  0.51072  0.51103 
 13.64500  0.49372  0.49355 
 13.74500  0.47623  0.47607 
 13.84500  0.45867  0.45871 
 13.94500  0.44144  0.44155 
 14.04500  0.42452  0.42462 
 14.14500  0.40803  0.40805 
 14.24500  0.39194  0.39193 
 14.34500  0.37635  0.37633 
 14.44500  0.36137  0.36131 
 14.54500  0.34698  0.34693 
 14.64500  0.33332  0.33331 
 14.74500  0.32049  0.32045 
 14.84500  0.30854  0.30848 
 14.94500  0.29750  0.29742 
 15.04500  0.28738  0.28733 
 15.14500  0.27829  0.27826 
 15.24500  0.27027  0.27024 
 15.34500  0.26338  0.26331 
 15.44500  0.25759  0.25754 
 15.54500  0.25293  0.25293 
 15.64500  0.24950  0.24949 
 15.74500  0.24729  0.24725 
 15.84500  0.24627  0.24623 
 15.94500  0.24648  0.24642 
 16.04500  0.24791  0.24784 
 16.14500  0.25054  0.25049 
 16.24500  0.25436  0.25431 
 16.34500  0.25937  0.25932 
 16.44500  0.26555  0.26551 
 16.54500  0.27285  0.27282 
 16.64500  0.28125  0.28122 
 16.74500  0.29079  0.29072 
 16.84500  0.30127  0.30119 
 16.94500  0.31269  0.31266 
 17.04500  0.32508  0.32507 
 17.14500  0.33840  0.33830 
 17.24500  0.35242  0.35238 
 17.34500  0.36723  0.36718 
 17.44500  0.38271  0.38265 
 17.54500  0.39873  0.39873 
 17.64500  0.41531  0.41537 
 17.74500  0.43233  0.43242 
 17.84500  0.44981  0.44987 
 17.94500  0.46766  0.46762 
 18.04500  0.48582  0.48560 
 18.14500  0.50369  0.50367 
 18.24500  0.52159  0.52185 
 18.34500  0.53995  0.53998 
 18.44500  0.55807  0.55800 
 18.54500  0.57599  0.57590 
 18.64500  0.59355  0.59349 
 18.74500  0.61075  0.61074 
 18.84500  0.62758  0.62762 
 18.94500  0.64392  0.64398 
 19.04500  0.65974  0.65979 
 19.14500  0.67492  0.67500 
 19.24500  0.68947  0.68948 
 19.34500  0.70321  0.70326 
 19.44500  0.71621  0.71622 
 19.54500  0.72830  0.72831 
 19.64500  0.73946  0.73949 
 19.74500  0.74969  0.74974 
 19.84500  0.75890  0.75897 
 19.94500  0.76712  0.76718 
 20.04500  0.77425  0.77431 
 20.14500  0.78032  0.78034 
 20.24500  0.78521  0.78525 
 20.34500  0.78901  0.78901 
 20.44500  0.79164  0.79166 
 20.54500  0.79308  0.79310 
 20.64500  0.79334  0.79338 
 20.74500  0.79246  0.79248 
 20.84500  0.79036  0.79042 
 20.94500  0.78715  0.78716 
 21.04500  0.78276  0.78281 
 21.14500  0.77726  0.77728 
 21.24500  0.77063  0.77066 
 21.34500  0.76290  0.76294 
 21.44500  0.75414  0.75417 
 21.54500  0.74435  0.74437 
 21.64500  0.73357  0.73359 
 21.74500  0.72186  0.72186 
 21.84500  0.70927  0.70925 
 21.94500  0.69578  0.69581 
 22.04500  0.68156  0.68157 
 22.14500  0.66656  0.66660 
 22.24500  0.65093  0.65097 
 22.34500  0.63469  0.63473 
 22.44500  0.61794  0.61795 
 22.54500  0.60070  0.60069 
 22.64500  0.58311  0.58306 
 22.74500  0.56516  0.56509 
 22.84500  0.54694  0.54688 
 22.94500  0.52837  0.52851 
 23.04500  0.50974  0.51005 
 23.14500  0.49189  0.49156 
 23.24500  0.47329  0.47315 
 23.34500  0.45488  0.45487 
 23.44500  0.43674  0.43682 
 23.54500  0.41901  0.41907 
 23.64500  0.40169  0.40169 
 23.74500  0.38480  0.38477 
 23.84500  0.36841  0.36835 
 23.94500  0.35258  0.35255 
 24.04500  0.33743  0.33739 
 24.14500  0.32299  0.32295 
 24.24500  0.30938  0.30931 
 24.34500  0.29653  0.29649 
 24.44500  0.28461  0.28458 
 24.54500  0.27365  0.27362 
 24.64500  0.26369  0.26364 
 24.74500  0.25473  0.25470 
 24.84500  0.24687  0.24682 
 24.94500  0.24010  0.24006 
 25.04500  0.23448  0.23441 
 25.14500  0.23003  0.22995 
 25.24500  0.22667  0.22664 
 25.34500  0.22454  0.22453 
 25.44500  0.22366  0.22359 
 25.54500  0.22392  0.22390 
 25.64500  0.22546  0.22537 
 25.74500  0.22811  0.22805 
 25.84500  0.23197  0.23193 
 25.94500  0.23697  0.23694 
 26.04500  0.24321  0.24312 
 26.14500  0.25047  0.25043 
 26.24500  0.25884  0.25880 
 26.34500  0.26827  0.26823 
 26.44500  0.27873  0.27868 
 26.54500  0.29014  0.29012 
 26.64500  0.30250  0.30246 
 26.74500  0.31572  0.31569 
 26.84500  0.32974  0.32971 
 26.94500  0.34449  0.34448 
 27.04500  0.36002  0.35995 
 27.14500  0.37608  0.37607 
 27.24500  0.39271  0.39275 
 27.34500  0.40983  0.40988 
 27.44500  0.42738  0.42744 
 27.54500  0.44527  0.44533 
 27.64500  0.46352  0.46350 
 27.74500  0.48204  0.48185 
 27.84500  0.50036  0.50030 
 27.94500  0.51855  0.51880 
 28.04500  0.53716  0.53723 
 28.14500  0.55554  0.55554 
 28.24500  0.57370  0.57360 
 28.34500  0.59151  0.59146 
 28.44500  0.60888  0.60892 
 28.54500  0.62592  0.62596 
 28.64500  0.64243  0.64249 
 28.74500  0.65841  0.65846 
 28.84500  0.67376  0.67377 
 28.94500  0.68837  0.68841 
 29.04500  0.70225  0.70228 
 29.14500  0.71533  0.71534 
 29.24500  0.72747  0.72754 
 29.34500  0.73874  0.73881 
 29.44500  0.74909  0.74913 
 29.54500  0.75838  0.75841 
 29.64500  0.76665  0.76671 
 29.74500  0.77384  0.77388 
 29.84500  0.77993  0.77999 
 29.94500  0.78494  0.78497 
 30.04500  0.78872  0.78879 
 30.14500  0.79140  0.79147 
 30.24500  0.79290  0.79297 
 30.34500  0.79324  0.79329 
 30.44500  0.79239  0.79242 
 30.54500  0.79038  0.79040 
 30.64500  0.78714  0.78721 
 30.74500  0.78276  0.78283 
 30.84500  0.77729  0.77735 
 30.94500  0.77070  0.77073 
 31.04500  0.76297  0.76304 
 31.14500  0.75422  0.75428 
 31.24500  0.74439  0.74450 
 31.34500  0.73364  0.73369 
 31.44500  0.72190  0.72196 
 31.54500  0.70930  0.70933 
 31.64500  0.69583  0.69587 
 31.74500  0.68150  0.68156 
 31.84500  0.66649  0.66654 
 31.94500  0.65080  0.65083 
 32.04500  0.63445  0.63452 
 32.14500  0.61761  0.61762 
 32.24500  0.60027  0.60027 
 32.34500  0.58251  0.58249 
 32.44500  0.56443  0.56437 
 32.54500  0.54598  0.54597 
 32.64500  0.52723  0.52740 
 32.74500  0.50839  0.50867 
 32.84500  0.49024  0.48993 
 32.94500  0.47135  0.47123 
 33.04500  0.45263  0.45261 
 33.14500  0.43413  0.43420 
 33.24500  0.41597  0.41603 
 33.34500  0.39818  0.39823 
 33.44500  0.38082  0.38080 
 33.54500  0.36388  0.36385 
 33.64500  0.34750  0.34744 
 33.74500  0.33171  0.33168 
 33.84500  0.31659  0.31655 
 33.94500  0.30221  0.30216 
 34.04500  0.28862  0.28858 
 34.14500  0.27586  0.27580 
 34.24500  0.26400  0.26394 
 34.34500  0.25308  0.25301 
 34.44500  0.24310  0.24306 
 34.54500  0.23416  0.23412 
 34.64500  0.22626  0.22624 
 34.74500  0.21950  0.21943 
 34.84500  0.21377  0.21371 
 34.94500  0.20919  0.20914 
 35.04500  0.20579  0.20572 
 35.14500  0.20353  0.20347 
 35.24500  0.20239  0.20236 
 35.34500  0.20246  0.20242 
 35.44500  0.20374  0.20364 
 35.54500  0.20606  0.20603 
 35.64500  0.20960  0.20957 
 35.74500  0.21431  0.21426 
 35.84500  0.22010  0.22007 
 35.94500  0.22703  0.22696 
 36.04500  0.23501  0.23493 
 36.14500  0.24398  0.24393 
 36.24500  0.25395  0.25393 
 36.34500  0.26495  0.26488 
 36.44500  0.27681  0.27676 
 36.54500  0.28954  0.28949 
 36.64500  0.30309  0.30304 
 36.74500  0.31741  0.31735 
 36.84500  0.33245  0.33235 
 36.94500  0.34809  0.34801 
 37.04500  0.36426  0.36422 
 37.14500  0.38098  0.38095 
 37.24500  0.39804  0.39805 
 37.34500  0.41551  0.41555 
 37.44500  0.43328  0.43332 
 37.54500  0.45130  0.45130 
 37.64500  0.46954  0.46935 
 37.74500  0.48774  0.48747 
 37.84500  0.50526  0.50556 
 37.94500  0.52343  0.52350 
 38.04500  0.54131  0.54126 
 38.14500  0.55882  0.55873 
 38.24500  0.57592  0.57583 
 38.34500  0.59252  0.59249 
 38.44500  0.60862  0.60865 
 38.54500  0.62421  0.62420 
 38.64500  0.63907  0.63910 
 38.74500  0.65320  0.65326 
 38.84500  0.66660  0.66663 
 38.94500  0.67913  0.67916 
 39.04500  0.69073  0.69073 
 39.14500  0.70132  0.70138 
 39.24500  0.71095  0.71100 
 39.34500  0.71953  0.71956 
 39.44500  0.72699  0.72702 
 39.54500  0.73330  0.73334 
 39.64500  0.73845  0.73852 
 39.74500  0.74242  0.74251 
 39.84500  0.74522  0.74528 
 39.94500  0.74682  0.74687 
 40.04500  0.74715  0.74723 
 40.14500  0.74629  0.74636 
 40.24500  0.74426  0.74429 
 40.34500  0.74097  0.74105 
 40.44500  0.73651  0.73661 
 40.54500  0.73095  0.73102 
 40.64500  0.72427  0.72429 
 40.74500  0.71646  0.71651 
 40.84500  0.70765  0.70766 
 40.94500  0.69778  0.69781 
 41.04500  0.68698  0.68701 
 41.14500  0.67527  0.67534 
 41.24500  0.66279  0.66283 
 41.34500  0.64945  0.64955 
 41.44500  0.63554  0.63559 
 41.54500  0.62093  0.62102 
 41.64500  0.60589  0.60588 
 41.74500  0.59034  0.59031 
 41.84500  0.57442  0.57436 
 41.94500  0.55815  0.55811 
 42.04500  0.54158  0.54165 
 42.14500  0.52488  0.52509 
 42.24500  0.50846  0.50850 
 42.34500  0.49223  0.49197 
 42.44500  0.47567  0.47560 
 42.54500  0.45945  0.45950 
 42.64500  0.44361  0.44367 
 42.74500  0.42826  0.42829 
 42.84500  0.41342  0.41342 
 42.94500  0.39917  0.39913 
 43.04500  0.38557  0.38551 
 43.14500  0.37268  0.37262 
 43.24500  0.36057  0.36053 
 43.34500  0.34937  0.34933 
 43.44500  0.33909  0.33906 
 43.54500  0.32984  0.32981 
 43.64500  0.32163  0.32157 
 43.74500  0.31449  0.31446 
 43.84500  0.30852  0.30846 
 43.94500  0.30366  0.30362 
 44.04500  0.30004  0.29998 
 44.14500  0.29765  0.29757 
 44.24500  0.29645  0.29638 
 44.34500  0.29647  0.29642 
 44.44500  0.29776  0.29770 
 44.54500  0.30027  0.30020 
 44.64500  0.30398  0.30396 
 44.74500  0.30894  0.30887 
 44.84500  0.31503  0.31496 
 44.94500  0.32227  0.32221 
 45.04500  0.33057  0.33055 
 45.14500  0.33999  0.33994 
 45.24500  0.35041  0.35034 
 45.34500  0.36170  0.36168 
 45.44500  0.37400  0.37394 
 45.54500  0.38706  0.38698 
 45.64500  0.40085  0.40082 
 45.74500  0.41529  0.41530 
 45.84500  0.43035  0.43041 
 45.94500  0.44595  0.44603 
 46.04500  0.46205  0.46209 
 46.14500  0.47859  0.47852 
 46.24500  0.49549  0.49522 
 46.34500  0.51202  0.51210 
 46.44500  0.52888  0.52905 
 46.54500  0.54601  0.54605 
 46.64500  0.56304  0.56300 
 46.74500  0.57982  0.57975 
 46.84500  0.59631  0.59627 
 46.94500  0.61242  0.61243 
 47.04500  0.62817  0.62820 
 47.14500  0.64341  0.64345 
 47.24500  0.65812  0.65818 
 47.34500  0.67219  0.67224 
 47.44500  0.68555  0.68562 
 47.54500  0.69814  0.69818 
 47.64500  0.70992  0.70995 
 47.74500  0.72077  0.72080 
 47.84500  0.73066  0.73072 
 47.94500  0.73960  0.73964 
 48.04500  0.74745  0.74752 
 48.14500  0.75428  0.75433 
 48.24500  0.75998  0.76002 
 48.34500  0.76455  0.76458 
 48.44500  0.76795  0.76801 
 48.54500  0.77021  0.77023 
 48.64500  0.77123  0.77129 
 48.74500  0.77112  0.77117 
 48.84500  0.76982  0.76984 
 48.94500  0.76727  0.76730 
 49.04500  0.76360  0.76362 
 49.14500  0.75875  0.75874 
 49.24500  0.75273  0.75274 
 49.34500  0.74560  0.74563 
 49.44500  0.73738  0.73746 
 49.54500  0.72817  0.72822 
 49.64500  0.71792  0.71796 
 49.74500  0.70674  0.70673 
 49.84500  0.69457  0.69461 
 49.94500  0.68157  0.68162 
 50.04500  0.66781  0.66785 
 50.14500  0.65329  0.65332 
 50.24500  0.63810  0.63813 
 50.34500  0.62232  0.62235 
 50.44500  0.60604  0.60601 
 50.54500  0.58933  0.58925 
 50.64500  0.57217  0.57209 
 50.74500  0.55469  0.55463 
 50.84500  0.53694  0.53696 
 50.94500  0.51894  0.51915 
 51.04500  0.50136  0.50129 
 51.14500  0.48373  0.48346 
 51.24500  0.46583  0.46573 
 51.34500  0.44820  0.44822 
 51.44500  0.43095  0.43097 
 51.54500  0.41406  0.41407 
 51.64500  0.39766  0.39763 
 51.74500  0.38173  0.38169 
 51.84500  0.36640  0.36633 
 51.94500  0.35172  0.35163 
 52.04500  0.33775  0.33766 
 52.14500  0.32458  0.32449 
 52.24500  0.31222  0.31216 
 52.34500  0.30084  0.30076 
 52.44500  0.29040  0.29032 
 52.54500  0.28097  0.28088 
 52.64500  0.27260  0.27251 
 52.74500  0.26529  0.26522 
 52.84500  0.25915  0.25906 
 52.94500  0.25417  0.25407 
 53.04500  0.25033  0.25024 
 53.14500  0.24768  0.24763 
 53.24500  0.24630  0.24620 
 53.34500  0.24606  0.24601 
 53.44500  0.24709  0.24701 
 53.54500  0.24929  0.24922 
 53.64500  0.25271  0.25263 
 53.74500  0.25728  0.25720 
 53.84500  0.26302  0.26296 
 53.94500  0.26985  0.26979 
 54.04500  0.27781  0.27774 
 54.14500  0.28680  0.28674 
 54.24500  0.29681  0.29674 
 54.34500  0.30776  0.30770 
 54.44500  0.31958  0.31956 
 54.54500  0.33228  0.33227 
 54.64500  0.34578  0.34574 
 54.74500  0.35999  0.35992 
 54.84500  0.37476  0.37476 
 54.94500  0.39014  0.39013 
 55.04500  0.40592  0.40601 
 55.14500  0.42219  0.42226 
 55.24500  0.43880  0.43885 
 55.34500  0.45565  0.45568 
 55.44500  0.47283  0.47265 
 55.54500  0.48994  0.48971 
 55.64500  0.50638  0.50675 
 55.74500  0.52348  0.52362 
 55.84500  0.54030  0.54032 
 55.94500  0.55677  0.55673 
 56.04500  0.57279  0.57277 
 56.14500  0.58833  0.58836 
 56.24500  0.60333  0.60340 
 56.34500  0.61776  0.61787 
 56.44500  0.63148  0.63160 
 56.54500  0.64448  0.64458 
 56.64500  0.65663  0.65672 
 56.74500  0.66787  0.66798 
 56.84500  0.67819  0.67826 
 56.94500  0.68746  0.68756 
 57.04500  0.69569  0.69579 
 57.14500  0.70284  0.70292 
 57.24500  0.70880  0.70891 
 57.34500  0.71364  0.71371 
 57.44500  0.71723  0.71731 
 57.54500  0.71960  0.71971 
 57.64500  0.72080  0.72085 
 57.74500  0.72071  0.72078 
 57.84500  0.71940  0.71945 
 57.94500  0.71680  0.71688 
 58.04500  0.71302  0.71309 
 58.14500  0.70800  0.70808 
 58.24500  0.70183  0.70189 
 58.34500  0.69445  0.69453 
 58.44500  0.68598  0.68603 
 58.54500  0.67644  0.67647 
 58.64500  0.66581  0.66583 
 58.74500  0.65417  0.65425 
 58.84500  0.64165  0.64170 
 58.94500  0.62818  0.62826 
 59.04500  0.61395  0.61400 
 59.14500  0.59896  0.59897 
 59.24500  0.58330  0.58327 
 59.34500  0.56699  0.56693 
 59.44500  0.55014  0.55003 
 59.54500  0.53272  0.53267 
 59.64500  0.51482  0.51489 
 59.74500  0.49649  0.49677 
 59.84500  0.47866  0.47839 
 59.94500  0.45999  0.45980 
 60.04500  0.44115  0.44112 
 60.14500  0.42232  0.42237 
 60.24500  0.40360  0.40364 
 60.34500  0.38498  0.38498 
 60.44500  0.36653  0.36647 
 60.54500  0.34822  0.34817 
 60.64500  0.33023  0.33013 
 60.74500  0.31248  0.31241 
 60.84500  0.29514  0.29503 
 60.94500  0.27813  0.27807 
 61.04500  0.26161  0.26155 
 61.14500  0.24556  0.24551 
 61.24500  0.23004  0.23000 
 61.34500  0.21510  0.21501 
 61.44500  0.20064  0.20058 
 61.54500  0.18683  0.18675 
 61.64500  0.17357  0.17349 
 61.74500  0.16091  0.16088 
 61.84500  0.14894  0.14886 
 61.94500  0.13749  0.13747 
 62.04500  0.12673  0.12668 
 62.14500  0.11658  0.11653 
 62.24500  0.10699  0.10699 
 62.34500  0.09805  0.09804 
 62.44500  0.08972  0.08969 
 62.54500  0.08193  0.08191 
 62.64500  0.07473  0.07468 
 62.74500  0.06807  0.06803 
 62.84500  0.06195  0.06193 
 62.94500  0.05633  0.05633 
 63.04500  0.05125  0.05121 
 63.14500  0.04664  0.04662 
 63.24500  0.04250  0.04248 
 63.34500  0.03877  0.03879 
 63.44500  0.03552  0.03555 
 63.54500  0.03272  0.03272 
 63.64500  0.03030  0.03029 
 63.74500  0.02827  0.02828 
 63.84500  0.02667  0.02666 
 63.94500  0.02537  0.02540 
 64.04500  0.02452  0.02455 
 64.14500  0.02403  0.02404 
