  0.04500  1.00001  1.00000 
  0.14500  1.00001  1.00000 
  0.24500  1.00001  1.00000 
  0.34500  1.00001  1.00000 
  0.44500  1.00001  1.00000 
  0.54500  1.00001  1.00000 
  0.64500  1.00000  1.00000 
  0.74500  1.00000  1.00000 
  0.84500  1.00001  1.00000 
  0.94500  1.00001  1.00000 
  1.04500  1.00001  1.00000 
  1.14500  1.00002  1.00000 
  1.24500  1.00001  1.00000 
  1.34500  1.00002  1.00000 
  1.44500  1.00001  1.00000 
  1.54500  0.99997  1.00000 
  1.64500  0.99998  0.99999 
  1.74500  0.99995  0.99990 
  1.84500  0.99992  0.99990 
  1.94500  0.99983  0.99983 
  2.04500  0.99976  0.99975 
  2.14500  0.99962  0.99962 
  2.24500  0.99942  0.99942 
  2.34500  0.99913  0.99912 
  2.44500  0.99872  0.99870 
  2.54500  0.99814  0.99813 
  2.64500  0.99733  0.99733 
  2.74500  0.99619  0.99620 
  2.84500  0.99467  0.99468 
  2.94500  0.99263  0.99263 
  3.04500  0.98991  0.98993 
  3.14500  0.98638  0.98638 
  3.24500  0.98181  0.98182 
  3.34500  0.97598  0.97603 
  3.44500  0.96870  0.96874 
  3.54500  0.95968  0.95972 
  3.64500  0.94864  0.94869 
  3.74500  0.93532  0.93533 
  3.84500  0.91944  0.91947 
  3.94500  0.90074  0.90082 
  4.04500  0.87905  0.87919 
  4.14500  0.85428  0.85446 
  4.24500  0.82635  0.82651 
  4.34500  0.79528  0.79539 
  4.44500  0.76122  0.76114 
  4.54500  0.72428  0.72398 
  4.64500  0.68460  0.68419 
  4.74500  0.64240  0.64213 
  4.84500  0.59799  0.59827 
  4.94500  0.55187  0.55316 
  5.04500  0.50666  0.50730 
  5.14500  0.46306  0.46139 
  5.24500  0.41654  0.41598 
  5.34500  0.37153  0.37169 
  5.44500  0.32860  0.32899 
  5.54500  0.28808  0.28846 
  5.64500  0.25028  0.25041 
  5.74500  0.21529  0.21524 
  5.84500  0.18331  0.18313 
  5.94500  0.15439  0.15419 
  6.04500  0.12868  0.12851 
  6.14500  0.10612  0.10599 
  6.24500  0.08662  0.08657 
  6.34500  0.07009  0.07004 
  6.44500  0.05628  0.05624 
  6.54500  0.04498  0.04494 
  6.64500  0.03596  0.03591 
  6.74500  0.02903  0.02897 
  6.84500  0.02395  0.02389 
  6.94500  0.02062  0.02057 
  7.04500  0.01893  0.01889 
  7.14500  0.01882  0.01877 
  7.24500  0.02030  0.02023 
  7.34500  0.02336  0.02333 
  7.44500  0.02819  0.02813 
  7.54500  0.03483  0.03481 
  7.64500  0.04356  0.04349 
  7.74500  0.05450  0.05448 
  7.84500  0.06792  0.06788 
  7.94500  0.08405  0.08401 
  8.04500  0.10310  0.10300 
  8.14500  0.12522  0.12506 
  8.24500  0.15048  0.15029 
  8.34500  0.17892  0.17874 
  8.44500  0.21048  0.21039 
  8.54500  0.24505  0.24515 
  8.64500  0.28246  0.28279 
  8.74500  0.32258  0.32298 
  8.84500  0.36519  0.36539 
  8.94500  0.40992  0.40949 
  9.04500  0.45627  0.45480 
  9.14500  0.50062  0.50070 
  9.24500  0.54511  0.54656 
  9.34500  0.59141  0.59181 
  9.44500  0.63612  0.63588 
  9.54500  0.67865  0.67824 
  9.64500  0.71870  0.71836 
  9.74500  0.75605  0.75592 
  9.84500  0.79054  0.79060 
  9.94500  0.82204  0.82218 
 10.04500  0.85041  0.85061 
 10.14500  0.87566  0.87578 
 10.24500  0.89775  0.89784 
 10.34500  0.91683  0.91688 
 10.44500  0.93306  0.93306 
 10.54500  0.94667  0.94669 
 10.64500  0.95793  0.95792 
 10.74500  0.96705  0.96708 
 10.84500  0.97434  0.97439 
 10.94500  0.97999  0.98002 
 11.04500  0.98423  0.98427 
 11.14500  0.98723  0.98726 
 11.24500  0.98909  0.98914 
 11.34500  0.98994  0.98994 
 11.44500  0.98978  0.98978 
 11.54500  0.98859  0.98863 
 11.64500  0.98636  0.98640 
 11.74500  0.98299  0.98302 
 11.84500  0.97829  0.97834 
 11.94500  0.97212  0.97216 
 12.04500  0.96426  0.96428 
 12.14500  0.95444  0.95447 
 12.24500  0.94245  0.94247 
 12.34500  0.92801  0.92805 
 12.44500  0.91085  0.91092 
 12.54500  0.89080  0.89091 
 12.64500  0.86768  0.86782 
 12.74500  0.84140  0.84160 
 12.84500  0.81197  0.81213 
 12.94500  0.77949  0.77950 
 13.04500  0.74404  0.74386 
 13.14500  0.70577  0.70540 
 13.24500  0.66489  0.66450 
 13.34500  0.62160  0.62152 
 13.44500  0.57628  0.57699 
 13.54500  0.52962  0.53146 
 13.64500  0.48684  0.48550 
 13.74500  0.44086  0.43975 
 13.84500  0.39496  0.39479 
 13.94500  0.35087  0.35119 
 14.04500  0.30905  0.30946 
 14.14500  0.26979  0.27005 
 14.24500  0.23329  0.23331 
 14.34500  0.19970  0.19955 
 14.44500  0.16913  0.16892 
 14.54500  0.14167  0.14149 
 14.64500  0.11739  0.11725 
 14.74500  0.09620  0.09612 
 14.84500  0.07800  0.07794 
 14.94500  0.06256  0.06251 
 15.04500  0.04968  0.04963 
 15.14500  0.03907  0.03901 
 15.24500  0.03047  0.03042 
 15.34500  0.02364  0.02358 
 15.44500  0.01834  0.01828 
 15.54500  0.01437  0.01434 
 15.64500  0.01159  0.01156 
 15.74500  0.00984  0.00981 
 15.84500  0.00902  0.00900 
 15.94500  0.00915  0.00913 
 16.04500  0.01023  0.01018 
 16.14500  0.01223  0.01219 
 16.24500  0.01534  0.01529 
 16.34500  0.01963  0.01959 
 16.44500  0.02535  0.02530 
 16.54500  0.03264  0.03259 
 16.64500  0.04175  0.04171 
 16.74500  0.05296  0.05291 
 16.84500  0.06652  0.06646 
 16.94500  0.08268  0.08262 
 17.04500  0.10168  0.10159 
 17.14500  0.12369  0.12354 
 17.24500  0.14885  0.14867 
 17.34500  0.17714  0.17697 
 17.44500  0.20856  0.20847 
 17.54500  0.24295  0.24308 
 17.64500  0.28023  0.28054 
 17.74500  0.32022  0.32063 
 17.84500  0.36269  0.36293 
 17.94500  0.40733  0.40695 
 18.04500  0.45360  0.45219 
 18.14500  0.49824  0.49810 
 18.24500  0.54245  0.54395 
 18.34500  0.58881  0.58928 
 18.44500  0.63363  0.63343 
 18.54500  0.67632  0.67587 
 18.64500  0.71650  0.71616 
 18.74500  0.75401  0.75388 
 18.84500  0.78868  0.78871 
 18.94500  0.82033  0.82050 
 19.04500  0.84890  0.84910 
 19.14500  0.87434  0.87448 
 19.24500  0.89662  0.89672 
 19.34500  0.91588  0.91595 
 19.44500  0.93234  0.93235 
 19.54500  0.94615  0.94614 
 19.64500  0.95760  0.95761 
 19.74500  0.96700  0.96700 
 19.84500  0.97458  0.97459 
 19.94500  0.98060  0.98062 
 20.04500  0.98531  0.98535 
 20.14500  0.98893  0.98893 
 20.24500  0.99162  0.99163 
 20.34500  0.99352  0.99354 
 20.44500  0.99476  0.99479 
 20.54500  0.99544  0.99546 
 20.64500  0.99557  0.99558 
 20.74500  0.99516  0.99517 
 20.84500  0.99422  0.99423 
 20.94500  0.99265  0.99267 
 21.04500  0.99036  0.99037 
 21.14500  0.98723  0.98726 
 21.24500  0.98309  0.98309 
 21.34500  0.97771  0.97776 
 21.44500  0.97094  0.97099 
 21.54500  0.96247  0.96253 
 21.64500  0.95206  0.95210 
 21.74500  0.93947  0.93948 
 21.84500  0.92436  0.92438 
 21.94500  0.90650  0.90657 
 22.04500  0.88572  0.88585 
 22.14500  0.86186  0.86202 
 22.24500  0.83484  0.83502 
 22.34500  0.80468  0.80480 
 22.44500  0.77149  0.77146 
 22.54500  0.73538  0.73512 
 22.64500  0.69646  0.69607 
 22.74500  0.65497  0.65463 
 22.84500  0.61119  0.61126 
 22.94500  0.56550  0.56644 
 23.04500  0.51888  0.52077 
 23.14500  0.47683  0.47481 
 23.24500  0.43001  0.42917 
 23.34500  0.38451  0.38446 
 23.44500  0.34089  0.34127 
 23.54500  0.29965  0.30003 
 23.64500  0.26103  0.26123 
 23.74500  0.22519  0.22517 
 23.84500  0.19228  0.19213 
 23.94500  0.16242  0.16224 
 24.04500  0.13570  0.13554 
 24.14500  0.11213  0.11202 
 24.24500  0.09165  0.09158 
 24.34500  0.07410  0.07408 
 24.44500  0.05925  0.05922 
 24.54500  0.04686  0.04684 
 24.64500  0.03669  0.03664 
 24.74500  0.02844  0.02840 
 24.84500  0.02185  0.02181 
 24.94500  0.01669  0.01666 
 25.04500  0.01275  0.01274 
 25.14500  0.00986  0.00983 
 25.24500  0.00785  0.00783 
 25.34500  0.00662  0.00659 
 25.44500  0.00610  0.00607 
 25.54500  0.00626  0.00624 
 25.64500  0.00710  0.00709 
 25.74500  0.00870  0.00867 
 25.84500  0.01111  0.01109 
 25.94500  0.01448  0.01445 
 26.04500  0.01898  0.01892 
 26.14500  0.02479  0.02476 
 26.24500  0.03212  0.03209 
 26.34500  0.04126  0.04122 
 26.44500  0.05246  0.05242 
 26.54500  0.06597  0.06592 
 26.64500  0.08208  0.08200 
 26.74500  0.10100  0.10091 
 26.84500  0.12291  0.12277 
 26.94500  0.14798  0.14778 
 27.04500  0.17618  0.17600 
 27.14500  0.20750  0.20739 
 27.24500  0.24181  0.24192 
 27.34500  0.27898  0.27930 
 27.44500  0.31888  0.31930 
 27.54500  0.36127  0.36152 
 27.64500  0.40586  0.40552 
 27.74500  0.45209  0.45070 
 27.84500  0.49685  0.49660 
 27.94500  0.54094  0.54248 
 28.04500  0.58734  0.58781 
 28.14500  0.63221  0.63203 
 28.24500  0.67495  0.67453 
 28.34500  0.71523  0.71488 
 28.44500  0.75283  0.75268 
 28.54500  0.78758  0.78764 
 28.64500  0.81936  0.81954 
 28.74500  0.84803  0.84821 
 28.84500  0.87354  0.87371 
 28.94500  0.89594  0.89605 
 29.04500  0.91533  0.91538 
 29.14500  0.93186  0.93186 
 29.24500  0.94573  0.94574 
 29.34500  0.95727  0.95729 
 29.44500  0.96671  0.96674 
 29.54500  0.97434  0.97438 
 29.64500  0.98043  0.98045 
 29.74500  0.98518  0.98521 
 29.84500  0.98883  0.98883 
 29.94500  0.99153  0.99154 
 30.04500  0.99348  0.99348 
 30.14500  0.99474  0.99475 
 30.24500  0.99544  0.99543 
 30.34500  0.99557  0.99558 
 30.44500  0.99521  0.99521 
 30.54500  0.99427  0.99428 
 30.64500  0.99270  0.99272 
 30.74500  0.99045  0.99046 
 30.84500  0.98734  0.98737 
 30.94500  0.98321  0.98326 
 31.04500  0.97791  0.97796 
 31.14500  0.97118  0.97121 
 31.24500  0.96278  0.96282 
 31.34500  0.95245  0.95245 
 31.44500  0.93989  0.93993 
 31.54500  0.92487  0.92490 
 31.64500  0.90714  0.90719 
 31.74500  0.88645  0.88656 
 31.84500  0.86267  0.86283 
 31.94500  0.83577  0.83594 
 32.04500  0.80571  0.80584 
 32.14500  0.77262  0.77260 
 32.24500  0.73657  0.73635 
 32.34500  0.69780  0.69737 
 32.44500  0.65637  0.65600 
 32.54500  0.61263  0.61269 
 32.64500  0.56700  0.56792 
 32.74500  0.52028  0.52226 
 32.84500  0.47832  0.47630 
 32.94500  0.43150  0.43064 
 33.04500  0.38593  0.38590 
 33.14500  0.34227  0.34262 
 33.24500  0.30095  0.30134 
 33.34500  0.26223  0.26245 
 33.44500  0.22629  0.22629 
 33.54500  0.19329  0.19315 
 33.64500  0.16332  0.16315 
 33.74500  0.13653  0.13635 
 33.84500  0.11287  0.11272 
 33.94500  0.09226  0.09218 
 34.04500  0.07461  0.07455 
 34.14500  0.05967  0.05963 
 34.24500  0.04720  0.04716 
 34.34500  0.03691  0.03689 
 34.44500  0.02857  0.02853 
 34.54500  0.02187  0.02183 
 34.64500  0.01659  0.01655 
 34.74500  0.01252  0.01246 
 34.84500  0.00941  0.00937 
 34.94500  0.00712  0.00712 
 35.04500  0.00554  0.00552 
 35.14500  0.00457  0.00455 
 35.24500  0.00409  0.00408 
 35.34500  0.00413  0.00411 
 35.44500  0.00466  0.00464 
 35.54500  0.00574  0.00572 
 35.64500  0.00740  0.00740 
 35.74500  0.00978  0.00978 
 35.84500  0.01301  0.01299 
 35.94500  0.01727  0.01722 
 36.04500  0.02274  0.02271 
 36.14500  0.02966  0.02962 
 36.24500  0.03827  0.03822 
 36.34500  0.04884  0.04881 
 36.44500  0.06166  0.06162 
 36.54500  0.07695  0.07691 
 36.64500  0.09504  0.09496 
 36.74500  0.11605  0.11593 
 36.84500  0.14016  0.13997 
 36.94500  0.16745  0.16725 
 37.04500  0.19784  0.19772 
 37.14500  0.23125  0.23131 
 37.24500  0.26759  0.26786 
 37.34500  0.30673  0.30712 
 37.44500  0.34838  0.34873 
 37.54500  0.39236  0.39224 
 37.64500  0.43818  0.43715 
 37.74500  0.48440  0.48290 
 37.84500  0.52690  0.52882 
 37.94500  0.57364  0.57440 
 38.04500  0.61903  0.61899 
 38.14500  0.66247  0.66206 
 38.24500  0.70350  0.70311 
 38.34500  0.74192  0.74172 
 38.44500  0.77753  0.77755 
 38.54500  0.81020  0.81033 
 38.64500  0.83979  0.83998 
 38.74500  0.86625  0.86641 
 38.84500  0.88956  0.88966 
 38.94500  0.90979  0.90984 
 39.04500  0.92709  0.92711 
 39.14500  0.94168  0.94172 
 39.24500  0.95382  0.95386 
 39.34500  0.96375  0.96377 
 39.44500  0.97171  0.97175 
 39.54500  0.97798  0.97802 
 39.64500  0.98275  0.98277 
 39.74500  0.98620  0.98623 
 39.84500  0.98851  0.98853 
 39.94500  0.98973  0.98976 
 40.04500  0.98996  0.98997 
 40.14500  0.98918  0.98919 
 40.24500  0.98736  0.98740 
 40.34500  0.98444  0.98447 
 40.44500  0.98026  0.98030 
 40.54500  0.97469  0.97473 
 40.64500  0.96752  0.96754 
 40.74500  0.95848  0.95852 
 40.84500  0.94737  0.94740 
 40.94500  0.93391  0.93393 
 41.04500  0.91784  0.91790 
 41.14500  0.89893  0.89903 
 41.24500  0.87701  0.87714 
 41.34500  0.85196  0.85213 
 41.44500  0.82375  0.82391 
 41.54500  0.79243  0.79253 
 41.64500  0.75810  0.75799 
 41.74500  0.72093  0.72061 
 41.84500  0.68102  0.68060 
 41.94500  0.63862  0.63837 
 42.04500  0.59403  0.59438 
 42.14500  0.54780  0.54918 
 42.24500  0.50305  0.50330 
 42.34500  0.45895  0.45741 
 42.44500  0.41255  0.41208 
 42.54500  0.36769  0.36787 
 42.64500  0.32496  0.32537 
 42.74500  0.28469  0.28504 
 42.84500  0.24710  0.24723 
 42.94500  0.21238  0.21231 
 43.04500  0.18066  0.18048 
 43.14500  0.15202  0.15185 
 43.24500  0.12657  0.12642 
 43.34500  0.10429  0.10419 
 43.44500  0.08509  0.08503 
 43.54500  0.06879  0.06874 
 43.64500  0.05519  0.05516 
 43.74500  0.04410  0.04407 
 43.84500  0.03527  0.03525 
 43.94500  0.02851  0.02846 
 44.04500  0.02359  0.02355 
 44.14500  0.02041  0.02037 
 44.24500  0.01887  0.01881 
 44.34500  0.01889  0.01883 
 44.44500  0.02047  0.02041 
 44.54500  0.02372  0.02366 
 44.64500  0.02867  0.02862 
 44.74500  0.03552  0.03547 
 44.84500  0.04439  0.04436 
 44.94500  0.05556  0.05552 
 45.04500  0.06923  0.06918 
 45.14500  0.08560  0.08554 
 45.24500  0.10489  0.10479 
 45.34500  0.12728  0.12713 
 45.44500  0.15283  0.15264 
 45.54500  0.18154  0.18137 
 45.64500  0.21338  0.21331 
 45.74500  0.24818  0.24832 
 45.84500  0.28583  0.28619 
 45.94500  0.32619  0.32660 
 46.04500  0.36902  0.36916 
 46.14500  0.41390  0.41340 
 46.24500  0.46036  0.45877 
 46.34500  0.50424  0.50470 
 46.44500  0.54919  0.55052 
 46.54500  0.59538  0.59570 
 46.64500  0.63991  0.63966 
 46.74500  0.68225  0.68184 
 46.84500  0.72205  0.72175 
 46.94500  0.75917  0.75907 
 47.04500  0.79341  0.79348 
 47.14500  0.82463  0.82480 
 47.24500  0.85275  0.85294 
 47.34500  0.87773  0.87787 
 47.44500  0.89957  0.89966 
 47.54500  0.91841  0.91844 
 47.64500  0.93442  0.93445 
 47.74500  0.94787  0.94791 
 47.84500  0.95900  0.95903 
 47.94500  0.96804  0.96809 
 48.04500  0.97535  0.97539 
 48.14500  0.98106  0.98111 
 48.24500  0.98549  0.98553 
 48.34500  0.98878  0.98880 
 48.44500  0.99109  0.99111 
 48.54500  0.99256  0.99254 
 48.64500  0.99324  0.99324 
 48.74500  0.99318  0.99318 
 48.84500  0.99238  0.99240 
 48.94500  0.99079  0.99083 
 49.04500  0.98835  0.98838 
 49.14500  0.98493  0.98495 
 49.24500  0.98030  0.98036 
 49.34500  0.97436  0.97438 
 49.44500  0.96683  0.96688 
 49.54500  0.95747  0.95749 
 49.64500  0.94603  0.94604 
 49.74500  0.93221  0.93225 
 49.84500  0.91578  0.91585 
 49.94500  0.89651  0.89661 
 50.04500  0.87420  0.87435 
 50.14500  0.84880  0.84893 
 50.24500  0.82019  0.82035 
 50.34500  0.78850  0.78855 
 50.44500  0.75382  0.75369 
 50.54500  0.71631  0.71596 
 50.64500  0.67610  0.67567 
 50.74500  0.63340  0.63321 
 50.84500  0.58859  0.58904 
 50.94500  0.54222  0.54373 
 51.04500  0.49802  0.49780 
 51.14500  0.45338  0.45196 
 51.24500  0.40710  0.40672 
 51.34500  0.36247  0.36271 
 51.44500  0.32002  0.32042 
 51.54500  0.28005  0.28035 
 51.64500  0.24277  0.24289 
 51.74500  0.20838  0.20830 
 51.84500  0.17700  0.17683 
 51.94500  0.14870  0.14851 
 52.04500  0.12357  0.12343 
 52.14500  0.10158  0.10148 
 52.24500  0.08260  0.08253 
 52.34500  0.06644  0.06640 
 52.44500  0.05288  0.05285 
 52.54500  0.04169  0.04166 
 52.64500  0.03259  0.03255 
 52.74500  0.02530  0.02526 
 52.84500  0.01962  0.01958 
 52.94500  0.01533  0.01527 
 53.04500  0.01223  0.01218 
 53.14500  0.01021  0.01017 
 53.24500  0.00914  0.00912 
 53.34500  0.00903  0.00900 
 53.44500  0.00984  0.00981 
 53.54500  0.01159  0.01156 
 53.64500  0.01439  0.01434 
 53.74500  0.01838  0.01833 
 53.84500  0.02366  0.02363 
 53.94500  0.03050  0.03047 
 54.04500  0.03909  0.03908 
 54.14500  0.04972  0.04969 
 54.24500  0.06264  0.06259 
 54.34500  0.07806  0.07802 
 54.44500  0.09630  0.09622 
 54.54500  0.11749  0.11738 
 54.64500  0.14179  0.14160 
 54.74500  0.16924  0.16907 
 54.84500  0.19984  0.19973 
 54.94500  0.23346  0.23351 
 55.04500  0.26999  0.27022 
 55.14500  0.30924  0.30966 
 55.24500  0.35107  0.35142 
 55.34500  0.39519  0.39501 
 55.44500  0.44110  0.43998 
 55.54500  0.48703  0.48572 
 55.64500  0.52986  0.53168 
 55.74500  0.57652  0.57722 
 55.84500  0.62182  0.62174 
 55.94500  0.66510  0.66471 
 56.04500  0.70599  0.70560 
 56.14500  0.74421  0.74403 
 56.24500  0.77965  0.77966 
 56.34500  0.81210  0.81225 
 56.44500  0.84151  0.84170 
 56.54500  0.86775  0.86791 
 56.64500  0.89082  0.89093 
 56.74500  0.91080  0.91088 
 56.84500  0.92788  0.92789 
 56.94500  0.94221  0.94225 
 57.04500  0.95405  0.95407 
 57.14500  0.96363  0.96367 
 57.24500  0.97123  0.97125 
 57.34500  0.97701  0.97703 
 57.44500  0.98117  0.98120 
 57.54500  0.98385  0.98387 
 57.64500  0.98515  0.98518 
 57.74500  0.98511  0.98516 
 57.84500  0.98376  0.98380 
 57.94500  0.98104  0.98106 
 58.04500  0.97684  0.97687 
 58.14500  0.97099  0.97102 
 58.24500  0.96334  0.96335 
 58.34500  0.95367  0.95370 
 58.44500  0.94175  0.94176 
 58.54500  0.92733  0.92737 
 58.64500  0.91018  0.91023 
 58.74500  0.89006  0.89018 
 58.84500  0.86687  0.86702 
 58.94500  0.84053  0.84070 
 59.04500  0.81102  0.81117 
 59.14500  0.77845  0.77847 
 59.24500  0.74293  0.74273 
 59.34500  0.70458  0.70420 
 59.44500  0.66362  0.66322 
 59.54500  0.62024  0.62020 
 59.64500  0.57490  0.57561 
 59.74500  0.52820  0.53007 
 59.84500  0.48557  0.48411 
 59.94500  0.43945  0.43838 
 60.04500  0.39359  0.39346 
 60.14500  0.34957  0.34990 
 60.24500  0.30782  0.30824 
 60.34500  0.26864  0.26890 
 60.44500  0.23222  0.23226 
 60.54500  0.19871  0.19859 
 60.64500  0.16823  0.16805 
 60.74500  0.14087  0.14070 
 60.84500  0.11667  0.11655 
 60.94500  0.09558  0.09549 
 61.04500  0.07743  0.07737 
 61.14500  0.06204  0.06199 
 61.24500  0.04915  0.04912 
 61.34500  0.03849  0.03846 
 61.44500  0.02982  0.02978 
 61.54500  0.02283  0.02278 
 61.64500  0.01727  0.01722 
 61.74500  0.01292  0.01287 
 61.84500  0.00954  0.00950 
 61.94500  0.00696  0.00695 
 62.04500  0.00503  0.00500 
 62.14500  0.00359  0.00356 
 62.24500  0.00251  0.00250 
 62.34500  0.00177  0.00174 
 62.44500  0.00121  0.00120 
 62.54500  0.00082  0.00082 
 62.64500  0.00055  0.00054 
 62.74500  0.00036  0.00035 
 62.84500  0.00023  0.00023 
 62.94500  0.00018  0.00015 
 63.04500  0.00007  0.00010 
 63.14500  0.00005  0.00009 
 63.24500  0.00003  0.00000 
 63.34500  0.00003  0.00000 
 63.44500 -0.00001  0.00000 
 63.54500 -0.00001  0.00000 
 63.64500 -0.00001  0.00000 
 63.74500 -0.00001  0.00000 
 63.84500  0.00000  0.00000 
 63.94500 -0.00000  0.00000 
 64.04500  0.00000  0.00000 
 64.14500 -0.00001  0.00000 
