  0.04500  1.00006  1.00000 
  0.14500  1.00006  1.00000 
  0.24500  1.00006  1.00000 
  0.34500  1.00006  1.00000 
  0.44500  1.00006  1.00000 
  0.54500  1.00006  1.00000 
  0.64500  1.00006  1.00000 
  0.74500  1.00006  1.00000 
  0.84500  1.00006  1.00000 
  0.94500  1.00006  1.00000 
  1.04500  1.00006  1.00000 
  1.14500  1.00006  1.00000 
  1.24500  1.00006  1.00000 
  1.34500  1.00007  1.00000 
  1.44500  1.00006  1.00000 
  1.54500  1.00006  1.00000 
  1.64500  1.00006  1.00000 
  1.74500  1.00006  1.00000 
  1.84500  1.00006  1.00000 
  1.94500  1.00005  1.00000 
  2.04500  1.00006  1.00000 
  2.14500  1.00006  1.00000 
  2.24500  1.00006  1.00000 
  2.34500  1.00006  1.00000 
  2.44500  1.00006  1.00000 
  2.54500  1.00006  1.00000 
  2.64500  1.00007  1.00000 
  2.74500  1.00006  1.00000 
  2.84500  1.00006  1.00000 
  2.94500  1.00006  1.00000 
  3.04500  1.00006  1.00000 
  3.14500  1.00006  1.00000 
  3.24500  1.00006  1.00000 
  3.34500  1.00008  1.00000 
  3.44500  1.00006  1.00000 
  3.54500  1.00002  1.00000 
  3.64500  1.00002  1.00000 
  3.74500  1.00002  1.00000 
  3.84500  1.00004  1.00000 
  3.94500  1.00011  0.99995 
  4.04500  1.00016  0.99979 
  4.14500  0.99984  0.99923 
  4.24500  0.99826  0.99766 
  4.34500  0.99355  0.99343 
  4.44500  0.98244  0.98358 
  4.54500  0.96009  0.96305 
  4.64500  0.92087  0.92517 
  4.74500  0.85962  0.86310 
  4.84500  0.77404  0.77276 
  4.94500  0.66669  0.65597 
  5.04500  0.52787  0.52199 
  5.14500  0.37102  0.38543 
  5.24500  0.25807  0.26185 
  5.34500  0.16506  0.16253 
  5.44500  0.09610  0.09168 
  5.54500  0.05034  0.04679 
  5.64500  0.02328  0.02153 
  5.74500  0.00917  0.00890 
  5.84500  0.00283  0.00329 
  5.94500  0.00050  0.00110 
  6.04500 -0.00010  0.00033 
  6.14500 -0.00008  0.00008 
  6.24500 -0.00001  0.00000 
  6.34500  0.00003  0.00000 
  6.44500  0.00004  0.00000 
  6.54500  0.00005  0.00000 
  6.64500  0.00002  0.00000 
  6.74500 -0.00000  0.00000 
  6.84500 -0.00001  0.00000 
  6.94500  0.00000  0.00000 
  7.04500 -0.00000  0.00000 
  7.14500 -0.00001  0.00000 
  7.24500  0.00000  0.00000 
  7.34500 -0.00001  0.00000 
  7.44500 -0.00000  0.00000 
  7.54500  0.00002  0.00000 
  7.64500  0.00005  0.00000 
  7.74500  0.00005  0.00000 
  7.84500  0.00004  0.00000 
  7.94500  0.00002  0.00000 
  8.04500 -0.00009  0.00007 
  8.14500 -0.00009  0.00028 
  8.24500  0.00035  0.00092 
  8.34500  0.00234  0.00285 
  8.44500  0.00787  0.00776 
  8.54500  0.02057  0.01906 
  8.64500  0.04540  0.04209 
  8.74500  0.08814  0.08370 
  8.84500  0.15357  0.15054 
  8.94500  0.24327  0.24581 
  9.04500  0.35382  0.36645 
  9.14500  0.50269  0.50204 
  9.24500  0.64978  0.63737 
  9.34500  0.75976  0.75739 
  9.44500  0.84874  0.85182 
  9.54500  0.91349  0.91785 
  9.64500  0.95561  0.95881 
  9.74500  0.97999  0.98139 
  9.84500  0.99242  0.99244 
  9.94500  0.99783  0.99726 
 10.04500  0.99974  0.99911 
 10.14500  1.00016  0.99974 
 10.24500  1.00016  0.99993 
 10.34500  1.00004  1.00000 
 10.44500  1.00001  1.00000 
 10.54500  1.00001  1.00000 
 10.64500  1.00001  1.00000 
 10.74500  1.00004  1.00000 
 10.84500  1.00006  1.00000 
 10.94500  1.00006  1.00000 
 11.04500  1.00006  1.00000 
 11.14500  1.00006  1.00000 
 11.24500  1.00005  1.00000 
 11.34500  1.00006  1.00000 
 11.44500  1.00006  1.00000 
 11.54500  1.00006  1.00000 
 11.64500  1.00005  1.00000 
 11.74500  1.00005  1.00000 
 11.84500  1.00007  1.00000 
 11.94500  1.00005  1.00000 
 12.04500  1.00003  1.00000 
 12.14500  1.00001  1.00000 
 12.24500  1.00001  1.00000 
 12.34500  1.00002  1.00000 
 12.44500  1.00007  1.00000 
 12.54500  1.00017  0.99988 
 12.64500  1.00011  0.99959 
 12.74500  0.99934  0.99868 
 12.84500  0.99656  0.99612 
 12.94500  0.98930  0.98970 
 13.04500  0.97356  0.97555 
 13.14500  0.94394  0.94770 
 13.24500  0.89477  0.89909 
 13.34500  0.82204  0.82380 
 13.44500  0.72549  0.72026 
 13.54500  0.61003  0.59376 
 13.64500  0.44480  0.45652 
 13.74500  0.31543  0.32434 
 13.84500  0.21107  0.21128 
 13.94500  0.12929  0.12542 
 14.04500  0.07174  0.06748 
 14.14500  0.03553  0.03279 
 14.24500  0.01531  0.01435 
 14.34500  0.00546  0.00564 
 14.44500  0.00139  0.00198 
 14.54500  0.00008  0.00062 
 14.64500 -0.00012  0.00018 
 14.74500 -0.00006  0.00004 
 14.84500  0.00001  0.00000 
 14.94500  0.00004  0.00000 
 15.04500  0.00005  0.00000 
 15.14500  0.00003  0.00000 
 15.24500 -0.00000  0.00000 
 15.34500 -0.00003  0.00000 
 15.44500  0.00000  0.00000 
 15.54500 -0.00000  0.00000 
 15.64500 -0.00000  0.00000 
 15.74500 -0.00000  0.00000 
 15.84500 -0.00000  0.00000 
 15.94500 -0.00001  0.00000 
 16.04500 -0.00000  0.00000 
 16.14500 -0.00001  0.00000 
 16.24500  0.00000  0.00000 
 16.34500 -0.00000  0.00000 
 16.44500 -0.00001  0.00000 
 16.54500  0.00002  0.00000 
 16.64500  0.00005  0.00000 
 16.74500  0.00004  0.00000 
 16.84500  0.00004  0.00000 
 16.94500  0.00001  0.00000 
 17.04500 -0.00007  0.00006 
 17.14500 -0.00011  0.00025 
 17.24500  0.00030  0.00087 
 17.34500  0.00212  0.00266 
 17.44500  0.00739  0.00736 
 17.54500  0.01959  0.01818 
 17.64500  0.04358  0.04033 
 17.74500  0.08515  0.08071 
 17.84500  0.14920  0.14598 
 17.94500  0.23751  0.23965 
 18.04500  0.34703  0.35906 
 18.14500  0.49263  0.49417 
 18.24500  0.64295  0.62996 
 18.34500  0.75403  0.75116 
 18.44500  0.84434  0.84722 
 18.54500  0.91044  0.91480 
 18.64500  0.95376  0.95705 
 18.74500  0.97900  0.98049 
 18.84500  0.99197  0.99202 
 18.94500  0.99765  0.99708 
 19.04500  0.99970  0.99903 
 19.14500  1.00014  0.99972 
 19.24500  1.00015  0.99993 
 19.34500  1.00005  1.00000 
 19.44500  1.00002  1.00000 
 19.54500  1.00003  1.00000 
 19.64500  1.00002  1.00000 
 19.74500  1.00006  1.00000 
 19.84500  1.00008  1.00000 
 19.94500  1.00007  1.00000 
 20.04500  1.00006  1.00000 
 20.14500  1.00007  1.00000 
 20.24500  1.00007  1.00000 
 20.34500  1.00006  1.00000 
 20.44500  1.00007  1.00000 
 20.54500  1.00007  1.00000 
 20.64500  1.00007  1.00000 
 20.74500  1.00006  1.00000 
 20.84500  1.00006  1.00000 
 20.94500  1.00007  1.00000 
 21.04500  1.00007  1.00000 
 21.14500  1.00007  1.00000 
 21.24500  1.00006  1.00000 
 21.34500  1.00008  1.00000 
 21.44500  1.00007  1.00000 
 21.54500  1.00003  1.00000 
 21.64500  1.00002  1.00000 
 21.74500  1.00003  1.00000 
 21.84500  1.00003  1.00000 
 21.94500  1.00011  0.99998 
 22.04500  1.00017  0.99986 
 22.14500  1.00003  0.99946 
 22.24500  0.99898  0.99829 
 22.34500  0.99543  0.99507 
 22.44500  0.98661  0.98731 
 22.54500  0.96811  0.97051 
 22.64500  0.93441  0.93847 
 22.74500  0.88002  0.88408 
 22.84500  0.80156  0.80212 
 22.94500  0.69997  0.69244 
 23.04500  0.57909  0.56215 
 23.14500  0.40660  0.42465 
 23.24500  0.28936  0.29585 
 23.34500  0.18984  0.18868 
 23.44500  0.11377  0.10952 
 23.54500  0.06156  0.05757 
 23.64500  0.02961  0.02731 
 23.74500  0.01230  0.01167 
 23.84500  0.00412  0.00446 
 23.94500  0.00092  0.00153 
 24.04500 -0.00000  0.00048 
 24.14500 -0.00011  0.00013 
 24.24500 -0.00003  0.00001 
 24.34500  0.00005  0.00000 
 24.44500  0.00004  0.00000 
 24.54500  0.00005  0.00000 
 24.64500  0.00004  0.00000 
 24.74500  0.00001  0.00000 
 24.84500 -0.00002  0.00000 
 24.94500  0.00001  0.00000 
 25.04500  0.00000  0.00000 
 25.14500  0.00000  0.00000 
 25.24500  0.00001  0.00000 
 25.34500  0.00001  0.00000 
 25.44500  0.00000  0.00000 
 25.54500  0.00000  0.00000 
 25.64500  0.00000  0.00000 
 25.74500  0.00001  0.00000 
 25.84500  0.00000  0.00000 
 25.94500  0.00000  0.00000 
 26.04500  0.00001  0.00000 
 26.14500 -0.00000  0.00000 
 26.24500  0.00002  0.00000 
 26.34500  0.00005  0.00000 
 26.44500  0.00006  0.00000 
 26.54500  0.00004  0.00000 
 26.64500  0.00001  0.00000 
 26.74500 -0.00008  0.00006 
 26.84500 -0.00011  0.00024 
 26.94500  0.00027  0.00083 
 27.04500  0.00204  0.00258 
 27.14500  0.00715  0.00713 
 27.24500  0.01902  0.01768 
 27.34500  0.04256  0.03938 
 27.44500  0.08347  0.07905 
 27.54500  0.14673  0.14342 
 27.64500  0.23429  0.23617 
 27.74500  0.34322  0.35485 
 27.84500  0.48718  0.48968 
 27.94500  0.63915  0.62572 
 28.04500  0.75071  0.74760 
 28.14500  0.84180  0.84455 
 28.24500  0.90868  0.91304 
 28.34500  0.95263  0.95603 
 28.44500  0.97840  0.97994 
 28.54500  0.99167  0.99178 
 28.64500  0.99754  0.99697 
 28.74500  0.99964  0.99901 
 28.84500  1.00017  0.99970 
 28.94500  1.00013  0.99992 
 29.04500  1.00005  1.00000 
 29.14500  1.00003  1.00000 
 29.24500  1.00001  1.00000 
 29.34500  1.00002  1.00000 
 29.44500  1.00005  1.00000 
 29.54500  1.00006  1.00000 
 29.64500  1.00007  1.00000 
 29.74500  1.00006  1.00000 
 29.84500  1.00007  1.00000 
 29.94500  1.00006  1.00000 
 30.04500  1.00006  1.00000 
 30.14500  1.00007  1.00000 
 30.24500  1.00006  1.00000 
 30.34500  1.00007  1.00000 
 30.44500  1.00006  1.00000 
 30.54500  1.00007  1.00000 
 30.64500  1.00007  1.00000 
 30.74500  1.00007  1.00000 
 30.84500  1.00006  1.00000 
 30.94500  1.00006  1.00000 
 31.04500  1.00008  1.00000 
 31.14500  1.00007  1.00000 
 31.24500  1.00003  1.00000 
 31.34500  1.00001  1.00000 
 31.44500  1.00002  1.00000 
 31.54500  1.00005  1.00000 
 31.64500  1.00010  0.99998 
 31.74500  1.00019  0.99986 
 31.84500  1.00004  0.99948 
 31.94500  0.99902  0.99834 
 32.04500  0.99560  0.99524 
 32.14500  0.98701  0.98765 
 32.24500  0.96890  0.97127 
 32.34500  0.93581  0.93983 
 32.44500  0.88216  0.88627 
 32.54500  0.80447  0.80524 
 32.64500  0.70358  0.69640 
 32.74500  0.58431  0.56656 
 32.84500  0.41091  0.42907 
 32.94500  0.29295  0.29975 
 33.04500  0.19275  0.19173 
 33.14500  0.11585  0.11162 
 33.24500  0.06291  0.05887 
 33.34500  0.03039  0.02803 
 33.44500  0.01268  0.01201 
 33.54500  0.00431  0.00461 
 33.64500  0.00099  0.00158 
 33.74500  0.00002  0.00049 
 33.84500 -0.00010  0.00014 
 33.94500 -0.00002  0.00002 
 34.04500  0.00003  0.00000 
 34.14500  0.00007  0.00000 
 34.24500  0.00007  0.00000 
 34.34500  0.00004  0.00000 
 34.44500  0.00001  0.00000 
 34.54500 -0.00001  0.00000 
 34.64500  0.00001  0.00000 
 34.74500  0.00001  0.00000 
 34.84500  0.00002  0.00000 
 34.94500  0.00002  0.00000 
 35.04500  0.00001  0.00000 
 35.14500  0.00001  0.00000 
 35.24500  0.00002  0.00000 
 35.34500  0.00001  0.00000 
 35.44500  0.00001  0.00000 
 35.54500  0.00001  0.00000 
 35.64500  0.00001  0.00000 
 35.74500  0.00002  0.00000 
 35.84500  0.00001  0.00000 
 35.94500  0.00002  0.00000 
 36.04500 -0.00001  0.00000 
 36.14500  0.00002  0.00000 
 36.24500  0.00005  0.00000 
 36.34500  0.00006  0.00000 
 36.44500  0.00005  0.00000 
 36.54500  0.00003  0.00000 
 36.64500 -0.00004  0.00003 
 36.74500 -0.00010  0.00016 
 36.84500  0.00005  0.00058 
 36.94500  0.00127  0.00186 
 37.04500  0.00510  0.00533 
 37.14500  0.01453  0.01364 
 37.24500  0.03399  0.03136 
 37.34500  0.06911  0.06493 
 37.44500  0.12534  0.12133 
 37.54500  0.20574  0.20557 
 37.64500  0.30895  0.31722 
 37.74500  0.43505  0.44864 
 37.84500  0.60304  0.58602 
 37.94500  0.71929  0.71352 
 38.04500  0.81712  0.81862 
 38.14500  0.89128  0.89554 
 38.24500  0.94171  0.94553 
 38.34500  0.97229  0.97437 
 38.44500  0.98871  0.98915 
 38.54500  0.99633  0.99588 
 38.64500  0.99925  0.99859 
 38.74500  1.00011  0.99958 
 38.84500  1.00016  0.99987 
 38.94500  1.00007  1.00000 
 39.04500  1.00003  1.00000 
 39.14500  1.00001  1.00000 
 39.24500  1.00002  1.00000 
 39.34500  1.00004  1.00000 
 39.44500  1.00006  1.00000 
 39.54500  1.00008  1.00000 
 39.64500  1.00006  1.00000 
 39.74500  1.00007  1.00000 
 39.84500  1.00007  1.00000 
 39.94500  1.00007  1.00000 
 40.04500  1.00008  1.00000 
 40.14500  1.00007  1.00000 
 40.24500  1.00007  1.00000 
 40.34500  1.00006  1.00000 
 40.44500  1.00006  1.00000 
 40.54500  1.00007  1.00000 
 40.64500  1.00006  1.00000 
 40.74500  1.00002  1.00000 
 40.84500  1.00002  1.00000 
 40.94500  1.00003  1.00000 
 41.04500  1.00006  1.00000 
 41.14500  1.00015  0.99994 
 41.24500  1.00017  0.99976 
 41.34500  0.99982  0.99917 
 41.44500  0.99803  0.99742 
 41.54500  0.99291  0.99285 
 41.64500  0.98099  0.98228 
 41.74500  0.95743  0.96054 
 41.84500  0.91648  0.92082 
 41.94500  0.85316  0.85638 
 42.04500  0.76553  0.76357 
 42.14500  0.65657  0.64482 
 42.24500  0.51242  0.50998 
 42.34500  0.36061  0.37395 
 42.44500  0.24910  0.25214 
 42.54500  0.15811  0.15524 
 42.64500  0.09129  0.08682 
 42.74500  0.04736  0.04391 
 42.84500  0.02163  0.02002 
 42.94500  0.00837  0.00819 
 43.04500  0.00251  0.00302 
 43.14500  0.00042  0.00099 
 43.24500 -0.00009  0.00030 
 43.34500 -0.00006  0.00007 
 43.44500  0.00003  0.00000 
 43.54500  0.00005  0.00000 
 43.64500  0.00006  0.00000 
 43.74500  0.00006  0.00000 
 43.84500  0.00003  0.00000 
 43.94500  0.00001  0.00000 
 44.04500  0.00000  0.00000 
 44.14500  0.00001  0.00000 
 44.24500  0.00001  0.00000 
 44.34500  0.00001  0.00000 
 44.44500  0.00001  0.00000 
 44.54500  0.00001  0.00000 
 44.64500  0.00001  0.00000 
 44.74500  0.00004  0.00000 
 44.84500  0.00006  0.00000 
 44.94500  0.00007  0.00000 
 45.04500  0.00006  0.00000 
 45.14500  0.00001  0.00000 
 45.24500 -0.00009  0.00008 
 45.34500 -0.00009  0.00030 
 45.44500  0.00045  0.00102 
 45.54500  0.00266  0.00310 
 45.64500  0.00864  0.00844 
 45.74500  0.02219  0.02052 
 45.84500  0.04834  0.04486 
 45.94500  0.09290  0.08845 
 46.04500  0.16041  0.15770 
 46.14500  0.25215  0.25541 
 46.24500  0.36412  0.37783 
 46.34500  0.51792  0.51406 
 46.44500  0.66000  0.64864 
 46.54500  0.76847  0.76670 
 46.64500  0.85538  0.85869 
 46.74500  0.91801  0.92231 
 46.84500  0.95835  0.96141 
 46.94500  0.98150  0.98272 
 47.04500  0.99314  0.99306 
 47.14500  0.99813  0.99750 
 47.24500  0.99983  0.99920 
 47.34500  1.00018  0.99977 
 47.44500  1.00013  0.99994 
 47.54500  1.00006  1.00000 
 47.64500  1.00003  1.00000 
 47.74500  1.00002  1.00000 
 47.84500  1.00003  1.00000 
 47.94500  1.00006  1.00000 
 48.04500  1.00008  1.00000 
 48.14500  1.00006  1.00000 
 48.24500  1.00007  1.00000 
 48.34500  1.00007  1.00000 
 48.44500  1.00007  1.00000 
 48.54500  1.00007  1.00000 
 48.64500  1.00007  1.00000 
 48.74500  1.00007  1.00000 
 48.84500  1.00007  1.00000 
 48.94500  1.00007  1.00000 
 49.04500  1.00007  1.00000 
 49.14500  1.00007  1.00000 
 49.24500  1.00007  1.00000 
 49.34500  1.00008  1.00000 
 49.44500  1.00006  1.00000 
 49.54500  1.00002  1.00000 
 49.64500  1.00003  1.00000 
 49.74500  1.00002  1.00000 
 49.84500  1.00005  1.00000 
 49.94500  1.00014  0.99993 
 50.04500  1.00016  0.99972 
 50.14500  0.99967  0.99903 
 50.24500  0.99764  0.99706 
 50.34500  0.99195  0.99199 
 50.44500  0.97890  0.98040 
 50.54500  0.95357  0.95689 
 50.64500  0.91015  0.91454 
 50.74500  0.84396  0.84682 
 50.84500  0.75349  0.75062 
 50.94500  0.64236  0.62931 
 51.04500  0.49181  0.49348 
 51.14500  0.34642  0.35838 
 51.24500  0.23702  0.23912 
 51.34500  0.14881  0.14559 
 51.44500  0.08490  0.08045 
 51.54500  0.04342  0.04020 
 51.64500  0.01947  0.01811 
 51.74500  0.00739  0.00731 
 51.84500  0.00210  0.00265 
 51.94500  0.00028  0.00087 
 52.04500 -0.00010  0.00025 
 52.14500 -0.00007  0.00006 
 52.24500  0.00002  0.00000 
 52.34500  0.00004  0.00000 
 52.44500  0.00004  0.00000 
 52.54500  0.00004  0.00000 
 52.64500  0.00001  0.00000 
 52.74500 -0.00001  0.00000 
 52.84500  0.00000  0.00000 
 52.94500  0.00000  0.00000 
 53.04500  0.00000  0.00000 
 53.14500  0.00000  0.00000 
 53.24500 -0.00000  0.00000 
 53.34500  0.00000  0.00000 
 53.44500  0.00000  0.00000 
 53.54500  0.00000  0.00000 
 53.64500  0.00000  0.00000 
 53.74500  0.00001  0.00000 
 53.84500 -0.00002  0.00000 
 53.94500  0.00001  0.00000 
 54.04500  0.00004  0.00000 
 54.14500  0.00005  0.00000 
 54.24500  0.00005  0.00000 
 54.34500  0.00002  0.00000 
 54.44500 -0.00004  0.00004 
 54.54500 -0.00014  0.00018 
 54.64500  0.00011  0.00062 
 54.74500  0.00141  0.00199 
 54.84500  0.00548  0.00566 
 54.94500  0.01535  0.01442 
 55.04500  0.03564  0.03293 
 55.14500  0.07200  0.06771 
 55.24500  0.12963  0.12577 
 55.34500  0.21154  0.21178 
 55.44500  0.31599  0.32495 
 55.54500  0.44573  0.45721 
 55.64500  0.61064  0.59441 
 55.74500  0.72602  0.72085 
 55.84500  0.82247  0.82427 
 55.94500  0.89510  0.89939 
 56.04500  0.94415  0.94787 
 56.14500  0.97367  0.97565 
 56.24500  0.98939  0.98976 
 56.34500  0.99662  0.99613 
 56.44500  0.99934  0.99870 
 56.54500  1.00012  0.99962 
 56.64500  1.00017  0.99988 
 56.74500  1.00007  1.00000 
 56.84500  1.00002  1.00000 
 56.94500  1.00001  1.00000 
 57.04500  1.00001  1.00000 
 57.14500  1.00003  1.00000 
 57.24500  1.00006  1.00000 
 57.34500  1.00007  1.00000 
 57.44500  1.00006  1.00000 
 57.54500  1.00006  1.00000 
 57.64500  1.00006  1.00000 
 57.74500  1.00006  1.00000 
 57.84500  1.00006  1.00000 
 57.94500  1.00006  1.00000 
 58.04500  1.00007  1.00000 
 58.14500  1.00007  1.00000 
 58.24500  1.00003  1.00000 
 58.34500  1.00001  1.00000 
 58.44500  1.00002  1.00000 
 58.54500  1.00002  1.00000 
 58.64500  1.00007  1.00000 
 58.74500  1.00016  0.99988 
 58.84500  1.00009  0.99959 
 58.94500  0.99932  0.99864 
 59.04500  0.99644  0.99597 
 59.14500  0.98899  0.98942 
 59.24500  0.97292  0.97493 
 59.34500  0.94275  0.94656 
 59.44500  0.89295  0.89723 
 59.54500  0.81945  0.82109 
 59.64500  0.72223  0.71675 
 59.74500  0.60643  0.58969 
 59.84500  0.43952  0.45239 
 59.94500  0.31201  0.32060 
 60.04500  0.20827  0.20827 
 60.14500  0.12723  0.12324 
 60.24500  0.07037  0.06613 
 60.34500  0.03472  0.03204 
 60.44500  0.01486  0.01397 
 60.54500  0.00527  0.00546 
 60.64500  0.00133  0.00192 
 60.74500  0.00007  0.00061 
 60.84500 -0.00012  0.00017 
 60.94500 -0.00004  0.00003 
 61.04500  0.00001  0.00000 
 61.14500  0.00005  0.00000 
 61.24500  0.00005  0.00000 
 61.34500  0.00004  0.00000 
 61.44500  0.00001  0.00000 
 61.54500 -0.00002  0.00000 
 61.64500  0.00001  0.00000 
 61.74500  0.00000  0.00000 
 61.84500  0.00000  0.00000 
 61.94500 -0.00000  0.00000 
 62.04500  0.00000  0.00000 
 62.14500  0.00000  0.00000 
 62.24500 -0.00000  0.00000 
 62.34500  0.00000  0.00000 
 62.44500  0.00000  0.00000 
 62.54500 -0.00000  0.00000 
 62.64500  0.00000  0.00000 
 62.74500 -0.00000  0.00000 
 62.84500  0.00001  0.00000 
 62.94500  0.00001  0.00000 
 63.04500 -0.00000  0.00000 
 63.14500  0.00000  0.00000 
 63.24500  0.00000  0.00000 
 63.34500  0.00000  0.00000 
 63.44500 -0.00000  0.00000 
 63.54500 -0.00000  0.00000 
 63.64500  0.00000  0.00000 
 63.74500  0.00000  0.00000 
 63.84500  0.00000  0.00000 
 63.94500  0.00000  0.00000 
 64.04500  0.00000  0.00000 
 64.14500  0.00000  0.00000 
