  0.04500  0.86108  0.86064 
  0.14500  0.86080  0.86037 
  0.24500  0.86026  0.85983 
  0.34500  0.85943  0.85903 
  0.44500  0.85835  0.85794 
  0.54500  0.85699  0.85657 
  0.64500  0.85537  0.85494 
  0.74500  0.85347  0.85304 
  0.84500  0.85131  0.85088 
  0.94500  0.84887  0.84845 
  1.04500  0.84621  0.84578 
  1.14500  0.84327  0.84284 
  1.24500  0.84007  0.83966 
  1.34500  0.83665  0.83623 
  1.44500  0.83298  0.83255 
  1.54500  0.82907  0.82867 
  1.64500  0.82494  0.82452 
  1.74500  0.82060  0.82018 
  1.84500  0.81603  0.81561 
  1.94500  0.81125  0.81083 
  2.04500  0.80627  0.80585 
  2.14500  0.80109  0.80070 
  2.24500  0.79574  0.79535 
  2.34500  0.79023  0.78983 
  2.44500  0.78454  0.78414 
  2.54500  0.77869  0.77830 
  2.64500  0.77270  0.77230 
  2.74500  0.76656  0.76619 
  2.84500  0.76030  0.75994 
  2.94500  0.75393  0.75356 
  3.04500  0.74747  0.74710 
  3.14500  0.74090  0.74052 
  3.24500  0.73426  0.73388 
  3.34500  0.72753  0.72715 
  3.44500  0.72075  0.72038 
  3.54500  0.71393  0.71356 
  3.64500  0.70706  0.70670 
  3.74500  0.70017  0.69981 
  3.84500  0.69326  0.69291 
  3.94500  0.68638  0.68602 
  4.04500  0.67949  0.67913 
  4.14500  0.67262  0.67228 
  4.24500  0.66580  0.66546 
  4.34500  0.65902  0.65868 
  4.44500  0.65230  0.65197 
  4.54500  0.64566  0.64533 
  4.64500  0.63909  0.63880 
  4.74500  0.63264  0.63232 
  4.84500  0.62629  0.62597 
  4.94500  0.62007  0.61974 
  5.04500  0.61395  0.61361 
  5.14500  0.60797  0.60765 
  5.24500  0.60214  0.60184 
  5.34500  0.59650  0.59617 
  5.44500  0.59095  0.59067 
  5.54500  0.58566  0.58535 
  5.64500  0.58049  0.58018 
  5.74500  0.57554  0.57524 
  5.84500  0.57077  0.57047 
  5.94500  0.56622  0.56591 
  6.04500  0.56186  0.56157 
  6.14500  0.55771  0.55740 
  6.24500  0.55380  0.55349 
  6.34500  0.55006  0.54977 
  6.44500  0.54656  0.54628 
  6.54500  0.54329  0.54300 
  6.64500  0.54025  0.53996 
  6.74500  0.53743  0.53715 
  6.84500  0.53484  0.53456 
  6.94500  0.53245  0.53218 
  7.04500  0.53032  0.53002 
  7.14500  0.52838  0.52810 
  7.24500  0.52667  0.52639 
  7.34500  0.52517  0.52488 
  7.44500  0.52385  0.52359 
  7.54500  0.52276  0.52247 
  7.64500  0.52188  0.52159 
  7.74500  0.52116  0.52088 
  7.84500  0.52064  0.52036 
  7.94500  0.52030  0.52000 
  8.04500  0.52009  0.51982 
  8.14500  0.52006  0.51980 
  8.24500  0.52018  0.51992 
  8.34500  0.52045  0.52018 
  8.44500  0.52083  0.52056 
  8.54500  0.52134  0.52106 
  8.64500  0.52195  0.52167 
  8.74500  0.52266  0.52237 
  8.84500  0.52343  0.52318 
  8.94500  0.52432  0.52404 
  9.04500  0.52524  0.52495 
  9.14500  0.52623  0.52595 
  9.24500  0.52725  0.52695 
  9.34500  0.52826  0.52798 
  9.44500  0.52932  0.52905 
  9.54500  0.53035  0.53011 
  9.64500  0.53142  0.53115 
  9.74500  0.53246  0.53215 
  9.84500  0.53345  0.53315 
  9.94500  0.53442  0.53415 
 10.04500  0.53533  0.53506 
 10.14500  0.53618  0.53591 
 10.24500  0.53697  0.53669 
 10.34500  0.53767  0.53740 
 10.44500  0.53828  0.53801 
 10.54500  0.53881  0.53854 
 10.64500  0.53922  0.53896 
 10.74500  0.53956  0.53928 
 10.84500  0.53976  0.53948 
 10.94500  0.53984  0.53960 
 11.04500  0.53982  0.53955 
 11.14500  0.53968  0.53939 
 11.24500  0.53937  0.53911 
 11.34500  0.53894  0.53870 
 11.44500  0.53840  0.53815 
 11.54500  0.53772  0.53747 
 11.64500  0.53693  0.53666 
 11.74500  0.53599  0.53575 
 11.84500  0.53493  0.53467 
 11.94500  0.53375  0.53347 
 12.04500  0.53244  0.53216 
 12.14500  0.53101  0.53075 
 12.24500  0.52947  0.52920 
 12.34500  0.52781  0.52756 
 12.44500  0.52607  0.52581 
 12.54500  0.52423  0.52397 
 12.64500  0.52230  0.52200 
 12.74500  0.52029  0.52000 
 12.84500  0.51820  0.51795 
 12.94500  0.51606  0.51582 
 13.04500  0.51388  0.51362 
 13.14500  0.51164  0.51138 
 13.24500  0.50935  0.50911 
 13.34500  0.50706  0.50682 
 13.44500  0.50475  0.50452 
 13.54500  0.50246  0.50221 
 13.64500  0.50013  0.49991 
 13.74500  0.49787  0.49763 
 13.84500  0.49562  0.49538 
 13.94500  0.49342  0.49317 
 14.04500  0.49126  0.49102 
 14.14500  0.48916  0.48891 
 14.24500  0.48714  0.48690 
 14.34500  0.48520  0.48497 
 14.44500  0.48335  0.48313 
 14.54500  0.48161  0.48138 
 14.64500  0.47997  0.47976 
 14.74500  0.47846  0.47824 
 14.84500  0.47708  0.47686 
 14.94500  0.47583  0.47560 
 15.04500  0.47472  0.47449 
 15.14500  0.47376  0.47355 
 15.24500  0.47295  0.47274 
 15.34500  0.47230  0.47211 
 15.44500  0.47184  0.47163 
 15.54500  0.47151  0.47130 
 15.64500  0.47137  0.47120 
 15.74500  0.47139  0.47121 
 15.84500  0.47160  0.47140 
 15.94500  0.47198  0.47180 
 16.04500  0.47253  0.47234 
 16.14500  0.47328  0.47307 
 16.24500  0.47417  0.47395 
 16.34500  0.47523  0.47505 
 16.44500  0.47646  0.47627 
 16.54500  0.47787  0.47768 
 16.64500  0.47941  0.47923 
 16.74500  0.48114  0.48095 
 16.84500  0.48299  0.48280 
 16.94500  0.48498  0.48480 
 17.04500  0.48709  0.48691 
 17.14500  0.48935  0.48916 
 17.24500  0.49167  0.49152 
 17.34500  0.49414  0.49400 
 17.44500  0.49671  0.49654 
 17.54500  0.49933  0.49918 
 17.64500  0.50206  0.50190 
 17.74500  0.50482  0.50468 
 17.84500  0.50766  0.50750 
 17.94500  0.51051  0.51038 
 18.04500  0.51339  0.51327 
 18.14500  0.51634  0.51617 
 18.24500  0.51924  0.51909 
 18.34500  0.52215  0.52200 
 18.44500  0.52501  0.52488 
 18.54500  0.52785  0.52771 
 18.64500  0.53064  0.53053 
 18.74500  0.53339  0.53326 
 18.84500  0.53608  0.53593 
 18.94500  0.53865  0.53853 
 19.04500  0.54114  0.54102 
 19.14500  0.54355  0.54342 
 19.24500  0.54582  0.54569 
 19.34500  0.54795  0.54785 
 19.44500  0.54999  0.54987 
 19.54500  0.55184  0.55173 
 19.64500  0.55356  0.55345 
 19.74500  0.55512  0.55500 
 19.84500  0.55650  0.55640 
 19.94500  0.55773  0.55762 
 20.04500  0.55876  0.55865 
 20.14500  0.55963  0.55953 
 20.24500  0.56028  0.56018 
 20.34500  0.56076  0.56067 
 20.44500  0.56102  0.56094 
 20.54500  0.56110  0.56100 
 20.64500  0.56100  0.56091 
 20.74500  0.56068  0.56059 
 20.84500  0.56017  0.56008 
 20.94500  0.55946  0.55938 
 21.04500  0.55857  0.55845 
 21.14500  0.55746  0.55739 
 21.24500  0.55618  0.55611 
 21.34500  0.55473  0.55464 
 21.44500  0.55310  0.55301 
 21.54500  0.55129  0.55119 
 21.64500  0.54930  0.54920 
 21.74500  0.54718  0.54711 
 21.84500  0.54490  0.54483 
 21.94500  0.54250  0.54241 
 22.04500  0.53996  0.53988 
 22.14500  0.53731  0.53722 
 22.24500  0.53452  0.53445 
 22.34500  0.53165  0.53159 
 22.44500  0.52870  0.52865 
 22.54500  0.52568  0.52562 
 22.64500  0.52260  0.52252 
 22.74500  0.51947  0.51940 
 22.84500  0.51630  0.51622 
 22.94500  0.51311  0.51302 
 23.04500  0.50992  0.50982 
 23.14500  0.50669  0.50662 
 23.24500  0.50351  0.50344 
 23.34500  0.50036  0.50029 
 23.44500  0.49725  0.49717 
 23.54500  0.49418  0.49415 
 23.64500  0.49120  0.49115 
 23.74500  0.48829  0.48820 
 23.84500  0.48547  0.48538 
 23.94500  0.48272  0.48267 
 24.04500  0.48015  0.48006 
 24.14500  0.47767  0.47758 
 24.24500  0.47534  0.47523 
 24.34500  0.47314  0.47304 
 24.44500  0.47107  0.47100 
 24.54500  0.46918  0.46911 
 24.64500  0.46748  0.46739 
 24.74500  0.46593  0.46586 
 24.84500  0.46459  0.46452 
 24.94500  0.46343  0.46335 
 25.04500  0.46245  0.46237 
 25.14500  0.46168  0.46160 
 25.24500  0.46108  0.46101 
 25.34500  0.46072  0.46064 
 25.44500  0.46056  0.46050 
 25.54500  0.46058  0.46052 
 25.64500  0.46082  0.46075 
 25.74500  0.46126  0.46120 
 25.84500  0.46191  0.46183 
 25.94500  0.46275  0.46267 
 26.04500  0.46380  0.46370 
 26.14500  0.46501  0.46494 
 26.24500  0.46642  0.46635 
 26.34500  0.46802  0.46794 
 26.44500  0.46976  0.46970 
 26.54500  0.47169  0.47160 
 26.64500  0.47377  0.47371 
 26.74500  0.47600  0.47593 
 26.84500  0.47836  0.47831 
 26.94500  0.48084  0.48080 
 27.04500  0.48345  0.48340 
 27.14500  0.48618  0.48613 
 27.24500  0.48898  0.48892 
 27.34500  0.49188  0.49182 
 27.44500  0.49480  0.49475 
 27.54500  0.49783  0.49778 
 27.64500  0.50091  0.50085 
 27.74500  0.50398  0.50395 
 27.84500  0.50708  0.50706 
 27.94500  0.51021  0.51017 
 28.04500  0.51330  0.51327 
 28.14500  0.51638  0.51635 
 28.24500  0.51945  0.51941 
 28.34500  0.52243  0.52240 
 28.44500  0.52535  0.52533 
 28.54500  0.52819  0.52820 
 28.64500  0.53098  0.53096 
 28.74500  0.53365  0.53362 
 28.84500  0.53620  0.53620 
 28.94500  0.53863  0.53864 
 29.04500  0.54095  0.54094 
 29.14500  0.54312  0.54309 
 29.24500  0.54512  0.54510 
 29.34500  0.54694  0.54694 
 29.44500  0.54862  0.54863 
 29.54500  0.55011  0.55012 
 29.64500  0.55142  0.55144 
 29.74500  0.55255  0.55255 
 29.84500  0.55346  0.55348 
 29.94500  0.55417  0.55419 
 30.04500  0.55469  0.55470 
 30.14500  0.55500  0.55501 
 30.24500  0.55508  0.55510 
 30.34500  0.55496  0.55499 
 30.44500  0.55462  0.55464 
 30.54500  0.55408  0.55410 
 30.64500  0.55333  0.55334 
 30.74500  0.55235  0.55239 
 30.84500  0.55118  0.55122 
 30.94500  0.54982  0.54985 
 31.04500  0.54823  0.54828 
 31.14500  0.54648  0.54651 
 31.24500  0.54450  0.54457 
 31.34500  0.54241  0.54242 
 31.44500  0.54008  0.54012 
 31.54500  0.53763  0.53765 
 31.64500  0.53500  0.53503 
 31.74500  0.53224  0.53228 
 31.84500  0.52935  0.52935 
 31.94500  0.52633  0.52635 
 32.04500  0.52316  0.52321 
 32.14500  0.51994  0.51997 
 32.24500  0.51660  0.51665 
 32.34500  0.51321  0.51324 
 32.44500  0.50974  0.50979 
 32.54500  0.50622  0.50625 
 32.64500  0.50266  0.50271 
 32.74500  0.49909  0.49912 
 32.84500  0.49547  0.49552 
 32.94500  0.49190  0.49194 
 33.04500  0.48831  0.48837 
 33.14500  0.48479  0.48481 
 33.24500  0.48125  0.48131 
 33.34500  0.47782  0.47787 
 33.44500  0.47443  0.47450 
 33.54500  0.47112  0.47120 
 33.64500  0.46793  0.46799 
 33.74500  0.46481  0.46487 
 33.84500  0.46183  0.46189 
 33.94500  0.45897  0.45903 
 34.04500  0.45623  0.45630 
 34.14500  0.45365  0.45375 
 34.24500  0.45122  0.45132 
 34.34500  0.44897  0.44905 
 34.44500  0.44688  0.44700 
 34.54500  0.44496  0.44506 
 34.64500  0.44323  0.44333 
 34.74500  0.44172  0.44181 
 34.84500  0.44036  0.44046 
 34.94500  0.43924  0.43935 
 35.04500  0.43831  0.43839 
 35.14500  0.43756  0.43768 
 35.24500  0.43702  0.43715 
 35.34500  0.43671  0.43684 
 35.44500  0.43662  0.43670 
 35.54500  0.43669  0.43683 
 35.64500  0.43702  0.43713 
 35.74500  0.43749  0.43764 
 35.84500  0.43820  0.43834 
 35.94500  0.43912  0.43925 
 36.04500  0.44018  0.44032 
 36.14500  0.44144  0.44160 
 36.24500  0.44289  0.44306 
 36.34500  0.44452  0.44468 
 36.44500  0.44630  0.44645 
 36.54500  0.44824  0.44840 
 36.64500  0.45031  0.45048 
 36.74500  0.45252  0.45270 
 36.84500  0.45488  0.45506 
 36.94500  0.45734  0.45751 
 37.04500  0.45990  0.46009 
 37.14500  0.46257  0.46275 
 37.24500  0.46532  0.46550 
 37.34500  0.46811  0.46831 
 37.44500  0.47101  0.47119 
 37.54500  0.47394  0.47413 
 37.64500  0.47687  0.47705 
 37.74500  0.47984  0.48005 
 37.84500  0.48286  0.48305 
 37.94500  0.48584  0.48605 
 38.04500  0.48883  0.48905 
 38.14500  0.49178  0.49199 
 38.24500  0.49470  0.49492 
 38.34500  0.49758  0.49780 
 38.44500  0.50039  0.50062 
 38.54500  0.50315  0.50336 
 38.64500  0.50583  0.50604 
 38.74500  0.50841  0.50864 
 38.84500  0.51089  0.51112 
 38.94500  0.51328  0.51351 
 39.04500  0.51556  0.51579 
 39.14500  0.51770  0.51794 
 39.24500  0.51974  0.51998 
 39.34500  0.52164  0.52186 
 39.44500  0.52338  0.52361 
 39.54500  0.52499  0.52523 
 39.64500  0.52646  0.52671 
 39.74500  0.52779  0.52803 
 39.84500  0.52896  0.52920 
 39.94500  0.52997  0.53022 
 40.04500  0.53083  0.53107 
 40.14500  0.53154  0.53179 
 40.24500  0.53210  0.53234 
 40.34500  0.53251  0.53275 
 40.44500  0.53276  0.53300 
 40.54500  0.53287  0.53310 
 40.64500  0.53285  0.53307 
 40.74500  0.53269  0.53290 
 40.84500  0.53239  0.53260 
 40.94500  0.53197  0.53215 
 41.04500  0.53140  0.53162 
 41.14500  0.53073  0.53095 
 41.24500  0.52998  0.53018 
 41.34500  0.52909  0.52932 
 41.44500  0.52815  0.52835 
 41.54500  0.52711  0.52731 
 41.64500  0.52599  0.52620 
 41.74500  0.52482  0.52502 
 41.84500  0.52357  0.52377 
 41.94500  0.52232  0.52250 
 42.04500  0.52101  0.52120 
 42.14500  0.51968  0.51986 
 42.24500  0.51832  0.51850 
 42.34500  0.51695  0.51715 
 42.44500  0.51561  0.51580 
 42.54500  0.51430  0.51447 
 42.64500  0.51297  0.51316 
 42.74500  0.51172  0.51190 
 42.84500  0.51049  0.51066 
 42.94500  0.50931  0.50950 
 43.04500  0.50821  0.50838 
 43.14500  0.50717  0.50735 
 43.24500  0.50623  0.50638 
 43.34500  0.50535  0.50551 
 43.44500  0.50455  0.50473 
 43.54500  0.50388  0.50405 
 43.64500  0.50328  0.50346 
 43.74500  0.50282  0.50300 
 43.84500  0.50248  0.50264 
 43.94500  0.50223  0.50240 
 44.04500  0.50211  0.50230 
 44.14500  0.50213  0.50230 
 44.24500  0.50225  0.50242 
 44.34500  0.50251  0.50268 
 44.44500  0.50288  0.50306 
 44.54500  0.50339  0.50356 
 44.64500  0.50400  0.50420 
 44.74500  0.50476  0.50494 
 44.84500  0.50563  0.50581 
 44.94500  0.50661  0.50678 
 45.04500  0.50773  0.50789 
 45.14500  0.50890  0.50910 
 45.24500  0.51022  0.51040 
 45.34500  0.51159  0.51181 
 45.44500  0.51310  0.51330 
 45.54500  0.51466  0.51486 
 45.64500  0.51632  0.51652 
 45.74500  0.51801  0.51822 
 45.84500  0.51980  0.51999 
 45.94500  0.52159  0.52180 
 46.04500  0.52344  0.52366 
 46.14500  0.52533  0.52554 
 46.24500  0.52721  0.52745 
 46.34500  0.52915  0.52937 
 46.44500  0.53106  0.53129 
 46.54500  0.53296  0.53319 
 46.64500  0.53484  0.53507 
 46.74500  0.53669  0.53694 
 46.84500  0.53849  0.53875 
 46.94500  0.54025  0.54051 
 47.04500  0.54196  0.54222 
 47.14500  0.54360  0.54385 
 47.24500  0.54514  0.54540 
 47.34500  0.54660  0.54687 
 47.44500  0.54797  0.54823 
 47.54500  0.54921  0.54949 
 47.64500  0.55036  0.55064 
 47.74500  0.55138  0.55165 
 47.84500  0.55230  0.55258 
 47.94500  0.55305  0.55333 
 48.04500  0.55365  0.55397 
 48.14500  0.55413  0.55444 
 48.24500  0.55446  0.55478 
 48.34500  0.55464  0.55496 
 48.44500  0.55466  0.55499 
 48.54500  0.55454  0.55484 
 48.64500  0.55423  0.55455 
 48.74500  0.55377  0.55409 
 48.84500  0.55314  0.55347 
 48.94500  0.55236  0.55270 
 49.04500  0.55143  0.55175 
 49.14500  0.55033  0.55068 
 49.24500  0.54909  0.54943 
 49.34500  0.54768  0.54804 
 49.44500  0.54613  0.54649 
 49.54500  0.54445  0.54480 
 49.64500  0.54262  0.54298 
 49.74500  0.54070  0.54100 
 49.84500  0.53862  0.53897 
 49.94500  0.53643  0.53680 
 50.04500  0.53414  0.53450 
 50.14500  0.53175  0.53212 
 50.24500  0.52928  0.52965 
 50.34500  0.52671  0.52708 
 50.44500  0.52408  0.52446 
 50.54500  0.52140  0.52176 
 50.64500  0.51865  0.51903 
 50.74500  0.51587  0.51626 
 50.84500  0.51308  0.51345 
 50.94500  0.51025  0.51063 
 51.04500  0.50741  0.50780 
 51.14500  0.50459  0.50497 
 51.24500  0.50177  0.50216 
 51.34500  0.49899  0.49937 
 51.44500  0.49624  0.49663 
 51.54500  0.49354  0.49393 
 51.64500  0.49090  0.49128 
 51.74500  0.48832  0.48871 
 51.84500  0.48582  0.48620 
 51.94500  0.48341  0.48379 
 52.04500  0.48110  0.48148 
 52.14500  0.47887  0.47925 
 52.24500  0.47677  0.47714 
 52.34500  0.47477  0.47516 
 52.44500  0.47291  0.47329 
 52.54500  0.47118  0.47155 
 52.64500  0.46958  0.46996 
 52.74500  0.46813  0.46851 
 52.84500  0.46681  0.46720 
 52.94500  0.46564  0.46604 
 53.04500  0.46463  0.46501 
 53.14500  0.46376  0.46415 
 53.24500  0.46306  0.46344 
 53.34500  0.46250  0.46287 
 53.44500  0.46209  0.46247 
 53.54500  0.46185  0.46222 
 53.64500  0.46173  0.46210 
 53.74500  0.46177  0.46213 
 53.84500  0.46193  0.46231 
 53.94500  0.46226  0.46263 
 54.04500  0.46273  0.46305 
 54.14500  0.46328  0.46364 
 54.24500  0.46397  0.46433 
 54.34500  0.46476  0.46511 
 54.44500  0.46566  0.46605 
 54.54500  0.46666  0.46705 
 54.64500  0.46775  0.46810 
 54.74500  0.46892  0.46926 
 54.84500  0.47012  0.47047 
 54.94500  0.47140  0.47176 
 55.04500  0.47271  0.47307 
 55.14500  0.47409  0.47443 
 55.24500  0.47547  0.47580 
 55.34500  0.47682  0.47719 
 55.44500  0.47820  0.47856 
 55.54500  0.47957  0.47993 
 55.64500  0.48092  0.48127 
 55.74500  0.48220  0.48256 
 55.84500  0.48346  0.48380 
 55.94500  0.48463  0.48499 
 56.04500  0.48573  0.48608 
 56.14500  0.48675  0.48711 
 56.24500  0.48766  0.48801 
 56.34500  0.48846  0.48881 
 56.44500  0.48913  0.48949 
 56.54500  0.48968  0.49003 
 56.64500  0.49005  0.49042 
 56.74500  0.49029  0.49066 
 56.84500  0.49037  0.49070 
 56.94500  0.49028  0.49064 
 57.04500  0.49000  0.49037 
 57.14500  0.48953  0.48989 
 57.24500  0.48887  0.48924 
 57.34500  0.48800  0.48835 
 57.44500  0.48691  0.48729 
 57.54500  0.48562  0.48598 
 57.64500  0.48412  0.48447 
 57.74500  0.48238  0.48275 
 57.84500  0.48041  0.48079 
 57.94500  0.47822  0.47861 
 58.04500  0.47581  0.47619 
 58.14500  0.47316  0.47354 
 58.24500  0.47026  0.47065 
 58.34500  0.46717  0.46756 
 58.44500  0.46383  0.46423 
 58.54500  0.46028  0.46067 
 58.64500  0.45650  0.45688 
 58.74500  0.45251  0.45289 
 58.84500  0.44827  0.44869 
 58.94500  0.44388  0.44429 
 59.04500  0.43925  0.43966 
 59.14500  0.43444  0.43485 
 59.24500  0.42945  0.42985 
 59.34500  0.42427  0.42468 
 59.44500  0.41893  0.41934 
 59.54500  0.41342  0.41384 
 59.64500  0.40778  0.40820 
 59.74500  0.40200  0.40239 
 59.84500  0.39603  0.39650 
 59.94500  0.39001  0.39044 
 60.04500  0.38384  0.38429 
 60.14500  0.37760  0.37804 
 60.24500  0.37128  0.37173 
 60.34500  0.36488  0.36533 
 60.44500  0.35841  0.35889 
 60.54500  0.35193  0.35240 
 60.64500  0.34538  0.34585 
 60.74500  0.33885  0.33932 
 60.84500  0.33230  0.33277 
 60.94500  0.32575  0.32625 
 61.04500  0.31923  0.31970 
 61.14500  0.31276  0.31325 
 61.24500  0.30633  0.30682 
 61.34500  0.29997  0.30045 
 61.44500  0.29366  0.29416 
 61.54500  0.28747  0.28796 
 61.64500  0.28136  0.28190 
 61.74500  0.27538  0.27590 
 61.84500  0.26954  0.27003 
 61.94500  0.26380  0.26432 
 62.04500  0.25825  0.25875 
 62.14500  0.25284  0.25336 
 62.24500  0.24761  0.24812 
 62.34500  0.24259  0.24307 
 62.44500  0.23773  0.23824 
 62.54500  0.23308  0.23361 
 62.64500  0.22865  0.22917 
 62.74500  0.22445  0.22497 
 62.84500  0.22048  0.22102 
 62.94500  0.21674  0.21727 
 63.04500  0.21326  0.21380 
 63.14500  0.21004  0.21057 
 63.24500  0.20708  0.20760 
 63.34500  0.20437  0.20491 
 63.44500  0.20196  0.20249 
 63.54500  0.19982  0.20034 
 63.64500  0.19795  0.19849 
 63.74500  0.19638  0.19692 
 63.84500  0.19509  0.19562 
 63.94500  0.19411  0.19463 
 64.04500  0.19340  0.19394 
 64.14500  0.19300  0.19354 
