  0.04500  0.59796  0.59780 
  0.14500  0.59794  0.59780 
  0.24500  0.59793  0.59774 
  0.34500  0.59791  0.59770 
  0.44500  0.59788  0.59770 
  0.54500  0.59783  0.59770 
  0.64500  0.59782  0.59768 
  0.74500  0.59780  0.59760 
  0.84500  0.59775  0.59760 
  0.94500  0.59770  0.59753 
  1.04500  0.59767  0.59750 
  1.14500  0.59759  0.59742 
  1.24500  0.59754  0.59739 
  1.34500  0.59748  0.59730 
  1.44500  0.59742  0.59724 
  1.54500  0.59732  0.59717 
  1.64500  0.59726  0.59709 
  1.74500  0.59717  0.59700 
  1.84500  0.59709  0.59691 
  1.94500  0.59699  0.59681 
  2.04500  0.59688  0.59672 
  2.14500  0.59678  0.59661 
  2.24500  0.59667  0.59651 
  2.34500  0.59657  0.59638 
  2.44500  0.59645  0.59627 
  2.54500  0.59632  0.59615 
  2.64500  0.59620  0.59603 
  2.74500  0.59605  0.59588 
  2.84500  0.59593  0.59575 
  2.94500  0.59577  0.59561 
  3.04500  0.59564  0.59546 
  3.14500  0.59548  0.59531 
  3.24500  0.59533  0.59515 
  3.34500  0.59517  0.59498 
  3.44500  0.59499  0.59482 
  3.54500  0.59483  0.59465 
  3.64500  0.59465  0.59448 
  3.74500  0.59447  0.59430 
  3.84500  0.59429  0.59411 
  3.94500  0.59411  0.59393 
  4.04500  0.59391  0.59373 
  4.14500  0.59372  0.59353 
  4.24500  0.59352  0.59333 
  4.34500  0.59331  0.59313 
  4.44500  0.59310  0.59292 
  4.54500  0.59288  0.59270 
  4.64500  0.59266  0.59249 
  4.74500  0.59244  0.59227 
  4.84500  0.59222  0.59203 
  4.94500  0.59198  0.59180 
  5.04500  0.59175  0.59158 
  5.14500  0.59153  0.59132 
  5.24500  0.59127  0.59109 
  5.34500  0.59101  0.59085 
  5.44500  0.59077  0.59060 
  5.54500  0.59052  0.59032 
  5.64500  0.59025  0.59008 
  5.74500  0.59000  0.58981 
  5.84500  0.58973  0.58955 
  5.94500  0.58945  0.58928 
  6.04500  0.58918  0.58900 
  6.14500  0.58891  0.58872 
  6.24500  0.58863  0.58844 
  6.34500  0.58834  0.58816 
  6.44500  0.58805  0.58787 
  6.54500  0.58776  0.58758 
  6.64500  0.58746  0.58728 
  6.74500  0.58717  0.58698 
  6.84500  0.58686  0.58668 
  6.94500  0.58656  0.58638 
  7.04500  0.58625  0.58607 
  7.14500  0.58594  0.58575 
  7.24500  0.58563  0.58545 
  7.34500  0.58530  0.58512 
  7.44500  0.58498  0.58481 
  7.54500  0.58467  0.58448 
  7.64500  0.58434  0.58415 
  7.74500  0.58400  0.58382 
  7.84500  0.58367  0.58348 
  7.94500  0.58334  0.58315 
  8.04500  0.58300  0.58282 
  8.14500  0.58266  0.58248 
  8.24500  0.58232  0.58212 
  8.34500  0.58196  0.58178 
  8.44500  0.58162  0.58144 
  8.54500  0.58126  0.58108 
  8.64500  0.58090  0.58073 
  8.74500  0.58056  0.58037 
  8.84500  0.58019  0.58001 
  8.94500  0.57984  0.57965 
  9.04500  0.57947  0.57928 
  9.14500  0.57910  0.57892 
  9.24500  0.57874  0.57855 
  9.34500  0.57837  0.57818 
  9.44500  0.57799  0.57781 
  9.54500  0.57762  0.57744 
  9.64500  0.57724  0.57706 
  9.74500  0.57686  0.57667 
  9.84500  0.57647  0.57630 
  9.94500  0.57610  0.57591 
 10.04500  0.57571  0.57554 
 10.14500  0.57533  0.57514 
 10.24500  0.57494  0.57476 
 10.34500  0.57455  0.57436 
 10.44500  0.57416  0.57398 
 10.54500  0.57377  0.57358 
 10.64500  0.57338  0.57320 
 10.74500  0.57299  0.57280 
 10.84500  0.57258  0.57240 
 10.94500  0.57219  0.57200 
 11.04500  0.57179  0.57160 
 11.14500  0.57139  0.57120 
 11.24500  0.57098  0.57080 
 11.34500  0.57058  0.57040 
 11.44500  0.57017  0.57000 
 11.54500  0.56976  0.56958 
 11.64500  0.56936  0.56918 
 11.74500  0.56895  0.56878 
 11.84500  0.56855  0.56837 
 11.94500  0.56813  0.56796 
 12.04500  0.56773  0.56755 
 12.14500  0.56732  0.56714 
 12.24500  0.56690  0.56672 
 12.34500  0.56650  0.56632 
 12.44500  0.56607  0.56590 
 12.54500  0.56566  0.56549 
 12.64500  0.56525  0.56508 
 12.74500  0.56484  0.56466 
 12.84500  0.56441  0.56425 
 12.94500  0.56400  0.56383 
 13.04500  0.56359  0.56342 
 13.14500  0.56316  0.56300 
 13.24500  0.56275  0.56259 
 13.34500  0.56234  0.56218 
 13.44500  0.56193  0.56176 
 13.54500  0.56150  0.56134 
 13.64500  0.56108  0.56092 
 13.74500  0.56067  0.56051 
 13.84500  0.56025  0.56009 
 13.94500  0.55984  0.55968 
 14.04500  0.55942  0.55926 
 14.14500  0.55900  0.55884 
 14.24500  0.55858  0.55843 
 14.34500  0.55817  0.55802 
 14.44500  0.55775  0.55760 
 14.54500  0.55733  0.55718 
 14.64500  0.55691  0.55677 
 14.74500  0.55650  0.55636 
 14.84500  0.55608  0.55594 
 14.94500  0.55567  0.55552 
 15.04500  0.55525  0.55512 
 15.14500  0.55485  0.55470 
 15.24500  0.55443  0.55429 
 15.34500  0.55402  0.55388 
 15.44500  0.55360  0.55348 
 15.54500  0.55319  0.55306 
 15.64500  0.55279  0.55266 
 15.74500  0.55238  0.55224 
 15.84500  0.55197  0.55184 
 15.94500  0.55156  0.55143 
 16.04500  0.55115  0.55102 
 16.14500  0.55075  0.55062 
 16.24500  0.55034  0.55022 
 16.34500  0.54994  0.54982 
 16.44500  0.54954  0.54942 
 16.54500  0.54914  0.54902 
 16.64500  0.54874  0.54862 
 16.74500  0.54834  0.54822 
 16.84500  0.54794  0.54782 
 16.94500  0.54755  0.54742 
 17.04500  0.54714  0.54702 
 17.14500  0.54676  0.54664 
 17.24500  0.54636  0.54624 
 17.34500  0.54597  0.54584 
 17.44500  0.54558  0.54546 
 17.54500  0.54520  0.54506 
 17.64500  0.54480  0.54468 
 17.74500  0.54442  0.54430 
 17.84500  0.54404  0.54391 
 17.94500  0.54365  0.54353 
 18.04500  0.54327  0.54314 
 18.14500  0.54289  0.54276 
 18.24500  0.54251  0.54239 
 18.34500  0.54213  0.54200 
 18.44500  0.54176  0.54163 
 18.54500  0.54138  0.54125 
 18.64500  0.54100  0.54089 
 18.74500  0.54064  0.54051 
 18.84500  0.54027  0.54014 
 18.94500  0.53990  0.53977 
 19.04500  0.53953  0.53941 
 19.14500  0.53917  0.53905 
 19.24500  0.53882  0.53868 
 19.34500  0.53844  0.53832 
 19.44500  0.53808  0.53795 
 19.54500  0.53773  0.53760 
 19.64500  0.53737  0.53725 
 19.74500  0.53701  0.53688 
 19.84500  0.53667  0.53654 
 19.94500  0.53631  0.53618 
 20.04500  0.53597  0.53585 
 20.14500  0.53561  0.53548 
 20.24500  0.53527  0.53515 
 20.34500  0.53493  0.53480 
 20.44500  0.53458  0.53445 
 20.54500  0.53424  0.53412 
 20.64500  0.53390  0.53378 
 20.74500  0.53356  0.53345 
 20.84500  0.53323  0.53312 
 20.94500  0.53290  0.53278 
 21.04500  0.53257  0.53245 
 21.14500  0.53223  0.53212 
 21.24500  0.53191  0.53178 
 21.34500  0.53158  0.53147 
 21.44500  0.53125  0.53115 
 21.54500  0.53092  0.53082 
 21.64500  0.53061  0.53051 
 21.74500  0.53029  0.53018 
 21.84500  0.52997  0.52988 
 21.94500  0.52966  0.52955 
 22.04500  0.52935  0.52925 
 22.14500  0.52903  0.52894 
 22.24500  0.52872  0.52863 
 22.34500  0.52842  0.52832 
 22.44500  0.52812  0.52802 
 22.54500  0.52781  0.52772 
 22.64500  0.52751  0.52742 
 22.74500  0.52721  0.52712 
 22.84500  0.52691  0.52683 
 22.94500  0.52661  0.52653 
 23.04500  0.52632  0.52624 
 23.14500  0.52603  0.52596 
 23.24500  0.52574  0.52567 
 23.34500  0.52546  0.52539 
 23.44500  0.52517  0.52510 
 23.54500  0.52488  0.52481 
 23.64500  0.52460  0.52453 
 23.74500  0.52432  0.52426 
 23.84500  0.52404  0.52398 
 23.94500  0.52376  0.52370 
 24.04500  0.52350  0.52343 
 24.14500  0.52322  0.52316 
 24.24500  0.52295  0.52290 
 24.34500  0.52268  0.52262 
 24.44500  0.52241  0.52236 
 24.54500  0.52214  0.52210 
 24.64500  0.52188  0.52184 
 24.74500  0.52162  0.52158 
 24.84500  0.52137  0.52132 
 24.94500  0.52111  0.52108 
 25.04500  0.52085  0.52082 
 25.14500  0.52060  0.52057 
 25.24500  0.52035  0.52032 
 25.34500  0.52010  0.52008 
 25.44500  0.51985  0.51982 
 25.54500  0.51961  0.51958 
 25.64500  0.51936  0.51932 
 25.74500  0.51912  0.51910 
 25.84500  0.51888  0.51885 
 25.94500  0.51864  0.51861 
 26.04500  0.51841  0.51838 
 26.14500  0.51817  0.51814 
 26.24500  0.51793  0.51791 
 26.34500  0.51770  0.51768 
 26.44500  0.51746  0.51746 
 26.54500  0.51725  0.51722 
 26.64500  0.51702  0.51700 
 26.74500  0.51680  0.51678 
 26.84500  0.51657  0.51656 
 26.94500  0.51635  0.51633 
 27.04500  0.51612  0.51611 
 27.14500  0.51591  0.51590 
 27.24500  0.51570  0.51568 
 27.34500  0.51548  0.51547 
 27.44500  0.51527  0.51525 
 27.54500  0.51505  0.51504 
 27.64500  0.51485  0.51483 
 27.74500  0.51464  0.51462 
 27.84500  0.51443  0.51441 
 27.94500  0.51422  0.51421 
 28.04500  0.51402  0.51401 
 28.14500  0.51382  0.51381 
 28.24500  0.51362  0.51361 
 28.34500  0.51341  0.51341 
 28.44500  0.51322  0.51321 
 28.54500  0.51301  0.51301 
 28.64500  0.51282  0.51281 
 28.74500  0.51263  0.51261 
 28.84500  0.51243  0.51242 
 28.94500  0.51224  0.51223 
 29.04500  0.51204  0.51203 
 29.14500  0.51186  0.51185 
 29.24500  0.51167  0.51165 
 29.34500  0.51148  0.51147 
 29.44500  0.51130  0.51128 
 29.54500  0.51110  0.51109 
 29.64500  0.51092  0.51091 
 29.74500  0.51075  0.51073 
 29.84500  0.51055  0.51055 
 29.94500  0.51038  0.51036 
 30.04500  0.51019  0.51018 
 30.14500  0.51002  0.51000 
 30.24500  0.50983  0.50983 
 30.34500  0.50966  0.50965 
 30.44500  0.50948  0.50946 
 30.54500  0.50931  0.50929 
 30.64500  0.50912  0.50912 
 30.74500  0.50895  0.50895 
 30.84500  0.50877  0.50876 
 30.94500  0.50861  0.50860 
 31.04500  0.50842  0.50843 
 31.14500  0.50826  0.50825 
 31.24500  0.50808  0.50808 
 31.34500  0.50792  0.50792 
 31.44500  0.50774  0.50775 
 31.54500  0.50758  0.50758 
 31.64500  0.50740  0.50741 
 31.74500  0.50723  0.50724 
 31.84500  0.50707  0.50706 
 31.94500  0.50689  0.50690 
 32.04500  0.50673  0.50675 
 32.14500  0.50657  0.50658 
 32.24500  0.50640  0.50642 
 32.34500  0.50624  0.50625 
 32.44500  0.50607  0.50608 
 32.54500  0.50590  0.50592 
 32.64500  0.50574  0.50575 
 32.74500  0.50556  0.50560 
 32.84500  0.50541  0.50544 
 32.94500  0.50525  0.50526 
 33.04500  0.50507  0.50510 
 33.14500  0.50491  0.50495 
 33.24500  0.50476  0.50478 
 33.34500  0.50458  0.50462 
 33.44500  0.50443  0.50446 
 33.54500  0.50426  0.50430 
 33.64500  0.50410  0.50414 
 33.74500  0.50394  0.50397 
 33.84500  0.50377  0.50382 
 33.94500  0.50362  0.50365 
 34.04500  0.50345  0.50349 
 34.14500  0.50329  0.50334 
 34.24500  0.50312  0.50316 
 34.34500  0.50297  0.50301 
 34.44500  0.50281  0.50285 
 34.54500  0.50264  0.50268 
 34.64500  0.50248  0.50253 
 34.74500  0.50232  0.50236 
 34.84500  0.50216  0.50220 
 34.94500  0.50200  0.50204 
 35.04500  0.50183  0.50187 
 35.14500  0.50167  0.50172 
 35.24500  0.50150  0.50155 
 35.34500  0.50133  0.50138 
 35.44500  0.50118  0.50122 
 35.54500  0.50101  0.50105 
 35.64500  0.50085  0.50090 
 35.74500  0.50068  0.50074 
 35.84500  0.50051  0.50056 
 35.94500  0.50035  0.50040 
 36.04500  0.50018  0.50024 
 36.14500  0.50001  0.50006 
 36.24500  0.49984  0.49990 
 36.34500  0.49967  0.49974 
 36.44500  0.49950  0.49955 
 36.54500  0.49934  0.49938 
 36.64500  0.49917  0.49922 
 36.74500  0.49900  0.49905 
 36.84500  0.49883  0.49887 
 36.94500  0.49865  0.49870 
 37.04500  0.49848  0.49854 
 37.14500  0.49830  0.49835 
 37.24500  0.49812  0.49818 
 37.34500  0.49795  0.49801 
 37.44500  0.49778  0.49784 
 37.54500  0.49760  0.49765 
 37.64500  0.49743  0.49747 
 37.74500  0.49725  0.49730 
 37.84500  0.49707  0.49712 
 37.94500  0.49688  0.49694 
 38.04500  0.49671  0.49675 
 38.14500  0.49652  0.49657 
 38.24500  0.49634  0.49639 
 38.34500  0.49615  0.49621 
 38.44500  0.49596  0.49602 
 38.54500  0.49578  0.49583 
 38.64500  0.49559  0.49565 
 38.74500  0.49540  0.49545 
 38.84500  0.49521  0.49527 
 38.94500  0.49502  0.49507 
 39.04500  0.49482  0.49488 
 39.14500  0.49463  0.49469 
 39.24500  0.49444  0.49449 
 39.34500  0.49423  0.49429 
 39.44500  0.49403  0.49411 
 39.54500  0.49384  0.49391 
 39.64500  0.49364  0.49371 
 39.74500  0.49344  0.49351 
 39.84500  0.49323  0.49331 
 39.94500  0.49303  0.49309 
 40.04500  0.49282  0.49289 
 40.14500  0.49260  0.49269 
 40.24500  0.49240  0.49248 
 40.34500  0.49219  0.49227 
 40.44500  0.49198  0.49207 
 40.54500  0.49176  0.49185 
 40.64500  0.49155  0.49163 
 40.74500  0.49133  0.49142 
 40.84500  0.49112  0.49121 
 40.94500  0.49090  0.49099 
 41.04500  0.49067  0.49077 
 41.14500  0.49046  0.49055 
 41.24500  0.49023  0.49033 
 41.34500  0.49001  0.49011 
 41.44500  0.48978  0.48988 
 41.54500  0.48955  0.48966 
 41.64500  0.48932  0.48942 
 41.74500  0.48909  0.48920 
 41.84500  0.48885  0.48897 
 41.94500  0.48862  0.48873 
 42.04500  0.48838  0.48850 
 42.14500  0.48814  0.48828 
 42.24500  0.48791  0.48802 
 42.34500  0.48767  0.48780 
 42.44500  0.48743  0.48755 
 42.54500  0.48718  0.48731 
 42.64500  0.48693  0.48708 
 42.74500  0.48669  0.48682 
 42.84500  0.48644  0.48658 
 42.94500  0.48619  0.48632 
 43.04500  0.48593  0.48608 
 43.14500  0.48569  0.48582 
 43.24500  0.48543  0.48558 
 43.34500  0.48517  0.48532 
 43.44500  0.48491  0.48508 
 43.54500  0.48466  0.48480 
 43.64500  0.48439  0.48455 
 43.74500  0.48413  0.48430 
 43.84500  0.48387  0.48402 
 43.94500  0.48361  0.48377 
 44.04500  0.48334  0.48350 
 44.14500  0.48308  0.48323 
 44.24500  0.48280  0.48297 
 44.34500  0.48253  0.48270 
 44.44500  0.48226  0.48242 
 44.54500  0.48199  0.48215 
 44.64500  0.48172  0.48188 
 44.74500  0.48143  0.48160 
 44.84500  0.48115  0.48132 
 44.94500  0.48087  0.48104 
 45.04500  0.48060  0.48076 
 45.14500  0.48031  0.48049 
 45.24500  0.48003  0.48020 
 45.34500  0.47974  0.47991 
 45.44500  0.47946  0.47963 
 45.54500  0.47917  0.47934 
 45.64500  0.47888  0.47904 
 45.74500  0.47858  0.47876 
 45.84500  0.47829  0.47846 
 45.94500  0.47800  0.47817 
 46.04500  0.47770  0.47787 
 46.14500  0.47740  0.47758 
 46.24500  0.47711  0.47728 
 46.34500  0.47681  0.47698 
 46.44500  0.47651  0.47668 
 46.54500  0.47620  0.47638 
 46.64500  0.47591  0.47607 
 46.74500  0.47560  0.47577 
 46.84500  0.47529  0.47546 
 46.94500  0.47499  0.47515 
 47.04500  0.47468  0.47485 
 47.14500  0.47437  0.47453 
 47.24500  0.47406  0.47422 
 47.34500  0.47374  0.47391 
 47.44500  0.47343  0.47359 
 47.54500  0.47312  0.47328 
 47.64500  0.47280  0.47296 
 47.74500  0.47248  0.47265 
 47.84500  0.47217  0.47232 
 47.94500  0.47185  0.47202 
 48.04500  0.47152  0.47168 
 48.14500  0.47120  0.47137 
 48.24500  0.47088  0.47105 
 48.34500  0.47056  0.47072 
 48.44500  0.47023  0.47039 
 48.54500  0.46991  0.47008 
 48.64500  0.46958  0.46975 
 48.74500  0.46925  0.46942 
 48.84500  0.46893  0.46908 
 48.94500  0.46859  0.46875 
 49.04500  0.46826  0.46843 
 49.14500  0.46794  0.46812 
 49.24500  0.46761  0.46778 
 49.34500  0.46727  0.46745 
 49.44500  0.46694  0.46712 
 49.54500  0.46661  0.46678 
 49.64500  0.46627  0.46645 
 49.74500  0.46594  0.46612 
 49.84500  0.46561  0.46578 
 49.94500  0.46527  0.46545 
 50.04500  0.46492  0.46512 
 50.14500  0.46459  0.46476 
 50.24500  0.46426  0.46442 
 50.34500  0.46392  0.46408 
 50.44500  0.46358  0.46375 
 50.54500  0.46324  0.46342 
 50.64500  0.46290  0.46308 
 50.74500  0.46256  0.46275 
 50.84500  0.46222  0.46242 
 50.94500  0.46188  0.46207 
 51.04500  0.46154  0.46172 
 51.14500  0.46121  0.46138 
 51.24500  0.46087  0.46105 
 51.34500  0.46052  0.46072 
 51.44500  0.46018  0.46038 
 51.54500  0.45984  0.46005 
 51.64500  0.45951  0.45971 
 51.74500  0.45917  0.45935 
 51.84500  0.45883  0.45902 
 51.94500  0.45850  0.45868 
 52.04500  0.45815  0.45835 
 52.14500  0.45781  0.45802 
 52.24500  0.45748  0.45768 
 52.34500  0.45714  0.45735 
 52.44500  0.45680  0.45702 
 52.54500  0.45647  0.45668 
 52.64500  0.45614  0.45635 
 52.74500  0.45579  0.45602 
 52.84500  0.45545  0.45568 
 52.94500  0.45512  0.45535 
 53.04500  0.45479  0.45502 
 53.14500  0.45446  0.45468 
 53.24500  0.45413  0.45435 
 53.34500  0.45380  0.45402 
 53.44500  0.45347  0.45368 
 53.54500  0.45315  0.45335 
 53.64500  0.45282  0.45304 
 53.74500  0.45250  0.45272 
 53.84500  0.45217  0.45238 
 53.94500  0.45184  0.45205 
 54.04500  0.45153  0.45175 
 54.14500  0.45120  0.45142 
 54.24500  0.45088  0.45110 
 54.34500  0.45056  0.45078 
 54.44500  0.45024  0.45046 
 54.54500  0.44993  0.45015 
 54.64500  0.44962  0.44984 
 54.74500  0.44931  0.44952 
 54.84500  0.44899  0.44922 
 54.94500  0.44868  0.44890 
 55.04500  0.44837  0.44859 
 55.14500  0.44806  0.44829 
 55.24500  0.44777  0.44798 
 55.34500  0.44746  0.44768 
 55.44500  0.44716  0.44738 
 55.54500  0.44686  0.44708 
 55.64500  0.44657  0.44679 
 55.74500  0.44626  0.44649 
 55.84500  0.44598  0.44620 
 55.94500  0.44568  0.44590 
 56.04500  0.44540  0.44561 
 56.14500  0.44511  0.44533 
 56.24500  0.44483  0.44504 
 56.34500  0.44455  0.44476 
 56.44500  0.44426  0.44448 
 56.54500  0.44399  0.44420 
 56.64500  0.44371  0.44392 
 56.74500  0.44344  0.44365 
 56.84500  0.44316  0.44338 
 56.94500  0.44289  0.44311 
 57.04500  0.44263  0.44285 
 57.14500  0.44237  0.44258 
 57.24500  0.44210  0.44232 
 57.34500  0.44186  0.44207 
 57.44500  0.44159  0.44180 
 57.54500  0.44134  0.44155 
 57.64500  0.44109  0.44130 
 57.74500  0.44085  0.44105 
 57.84500  0.44059  0.44082 
 57.94500  0.44036  0.44058 
 58.04500  0.44012  0.44033 
 58.14500  0.43988  0.44010 
 58.24500  0.43965  0.43987 
 58.34500  0.43943  0.43963 
 58.44500  0.43920  0.43941 
 58.54500  0.43898  0.43919 
 58.64500  0.43875  0.43897 
 58.74500  0.43855  0.43875 
 58.84500  0.43832  0.43853 
 58.94500  0.43812  0.43833 
 59.04500  0.43791  0.43811 
 59.14500  0.43771  0.43791 
 59.24500  0.43750  0.43771 
 59.34500  0.43731  0.43751 
 59.44500  0.43712  0.43733 
 59.54500  0.43692  0.43713 
 59.64500  0.43673  0.43695 
 59.74500  0.43656  0.43676 
 59.84500  0.43637  0.43658 
 59.94500  0.43620  0.43641 
 60.04500  0.43602  0.43624 
 60.14500  0.43586  0.43606 
 60.24500  0.43570  0.43590 
 60.34500  0.43553  0.43574 
 60.44500  0.43537  0.43558 
 60.54500  0.43522  0.43543 
 60.64500  0.43508  0.43527 
 60.74500  0.43493  0.43514 
 60.84500  0.43479  0.43499 
 60.94500  0.43465  0.43485 
 61.04500  0.43451  0.43472 
 61.14500  0.43438  0.43458 
 61.24500  0.43425  0.43446 
 61.34500  0.43412  0.43434 
 61.44500  0.43401  0.43422 
 61.54500  0.43389  0.43411 
 61.64500  0.43379  0.43399 
 61.74500  0.43368  0.43388 
 61.84500  0.43357  0.43378 
 61.94500  0.43348  0.43368 
 62.04500  0.43338  0.43359 
 62.14500  0.43329  0.43350 
 62.24500  0.43321  0.43340 
 62.34500  0.43312  0.43332 
 62.44500  0.43304  0.43325 
 62.54500  0.43298  0.43319 
 62.64500  0.43291  0.43310 
 62.74500  0.43284  0.43304 
 62.84500  0.43279  0.43300 
 62.94500  0.43272  0.43290 
 63.04500  0.43267  0.43289 
 63.14500  0.43263  0.43280 
 63.24500  0.43256  0.43280 
 63.34500  0.43254  0.43272 
 63.44500  0.43250  0.43270 
 63.54500  0.43246  0.43270 
 63.64500  0.43245  0.43262 
 63.74500  0.43240  0.43260 
 63.84500  0.43240  0.43260 
 63.94500  0.43240  0.43260 
 64.04500  0.43240  0.43260 
 64.14500  0.43240  0.43260 
