  0.04500  0.59460  0.59450 
  0.14500  0.59460  0.59450 
  0.24500  0.59457  0.59450 
  0.34500  0.59456  0.59450 
  0.44500  0.59455  0.59445 
  0.54500  0.59451  0.59440 
  0.64500  0.59446  0.59440 
  0.74500  0.59442  0.59430 
  0.84500  0.59435  0.59428 
  0.94500  0.59430  0.59420 
  1.04500  0.59422  0.59414 
  1.14500  0.59415  0.59407 
  1.24500  0.59408  0.59399 
  1.34500  0.59398  0.59389 
  1.44500  0.59387  0.59379 
  1.54500  0.59377  0.59369 
  1.64500  0.59367  0.59358 
  1.74500  0.59356  0.59346 
  1.84500  0.59343  0.59334 
  1.94500  0.59331  0.59322 
  2.04500  0.59316  0.59307 
  2.14500  0.59302  0.59294 
  2.24500  0.59287  0.59278 
  2.34500  0.59271  0.59264 
  2.44500  0.59254  0.59246 
  2.54500  0.59238  0.59230 
  2.64500  0.59221  0.59212 
  2.74500  0.59202  0.59194 
  2.84500  0.59184  0.59175 
  2.94500  0.59164  0.59155 
  3.04500  0.59144  0.59135 
  3.14500  0.59124  0.59115 
  3.24500  0.59101  0.59093 
  3.34500  0.59080  0.59072 
  3.44500  0.59058  0.59050 
  3.54500  0.59034  0.59027 
  3.64500  0.59010  0.59002 
  3.74500  0.58986  0.58978 
  3.84500  0.58962  0.58952 
  3.94500  0.58936  0.58928 
  4.04500  0.58909  0.58902 
  4.14500  0.58883  0.58875 
  4.24500  0.58856  0.58849 
  4.34500  0.58829  0.58821 
  4.44500  0.58801  0.58793 
  4.54500  0.58772  0.58764 
  4.64500  0.58742  0.58735 
  4.74500  0.58712  0.58705 
  4.84500  0.58682  0.58675 
  4.94500  0.58651  0.58644 
  5.04500  0.58620  0.58612 
  5.14500  0.58588  0.58582 
  5.24500  0.58556  0.58548 
  5.34500  0.58523  0.58515 
  5.44500  0.58490  0.58482 
  5.54500  0.58457  0.58448 
  5.64500  0.58422  0.58415 
  5.74500  0.58388  0.58381 
  5.84500  0.58352  0.58345 
  5.94500  0.58317  0.58310 
  6.04500  0.58281  0.58275 
  6.14500  0.58245  0.58238 
  6.24500  0.58208  0.58201 
  6.34500  0.58171  0.58164 
  6.44500  0.58133  0.58126 
  6.54500  0.58096  0.58089 
  6.64500  0.58058  0.58050 
  6.74500  0.58019  0.58012 
  6.84500  0.57980  0.57973 
  6.94500  0.57940  0.57934 
  7.04500  0.57902  0.57894 
  7.14500  0.57860  0.57854 
  7.24500  0.57821  0.57814 
  7.34500  0.57779  0.57773 
  7.44500  0.57740  0.57732 
  7.54500  0.57697  0.57692 
  7.64500  0.57657  0.57650 
  7.74500  0.57614  0.57608 
  7.84500  0.57572  0.57566 
  7.94500  0.57530  0.57523 
  8.04500  0.57488  0.57481 
  8.14500  0.57444  0.57438 
  8.24500  0.57402  0.57395 
  8.34500  0.57359  0.57352 
  8.44500  0.57314  0.57309 
  8.54500  0.57270  0.57265 
  8.64500  0.57227  0.57221 
  8.74500  0.57183  0.57177 
  8.84500  0.57140  0.57133 
  8.94500  0.57095  0.57089 
  9.04500  0.57051  0.57043 
  9.14500  0.57005  0.56999 
  9.24500  0.56960  0.56954 
  9.34500  0.56916  0.56909 
  9.44500  0.56870  0.56864 
  9.54500  0.56825  0.56819 
  9.64500  0.56779  0.56773 
  9.74500  0.56734  0.56728 
  9.84500  0.56689  0.56682 
  9.94500  0.56642  0.56637 
 10.04500  0.56597  0.56590 
 10.14500  0.56550  0.56545 
 10.24500  0.56504  0.56500 
 10.34500  0.56459  0.56453 
 10.44500  0.56413  0.56407 
 10.54500  0.56366  0.56361 
 10.64500  0.56321  0.56315 
 10.74500  0.56273  0.56270 
 10.84500  0.56228  0.56223 
 10.94500  0.56182  0.56177 
 11.04500  0.56135  0.56130 
 11.14500  0.56089  0.56085 
 11.24500  0.56043  0.56039 
 11.34500  0.55998  0.55992 
 11.44500  0.55951  0.55947 
 11.54500  0.55904  0.55900 
 11.64500  0.55858  0.55855 
 11.74500  0.55813  0.55809 
 11.84500  0.55767  0.55763 
 11.94500  0.55721  0.55717 
 12.04500  0.55674  0.55671 
 12.14500  0.55628  0.55626 
 12.24500  0.55583  0.55580 
 12.34500  0.55538  0.55535 
 12.44500  0.55492  0.55490 
 12.54500  0.55447  0.55444 
 12.64500  0.55402  0.55400 
 12.74500  0.55357  0.55354 
 12.84500  0.55312  0.55310 
 12.94500  0.55268  0.55264 
 13.04500  0.55223  0.55220 
 13.14500  0.55179  0.55176 
 13.24500  0.55134  0.55131 
 13.34500  0.55089  0.55088 
 13.44500  0.55045  0.55043 
 13.54500  0.55001  0.54999 
 13.64500  0.54957  0.54957 
 13.74500  0.54915  0.54912 
 13.84500  0.54871  0.54869 
 13.94500  0.54828  0.54827 
 14.04500  0.54785  0.54783 
 14.14500  0.54742  0.54741 
 14.24500  0.54699  0.54698 
 14.34500  0.54657  0.54656 
 14.44500  0.54616  0.54613 
 14.54500  0.54573  0.54572 
 14.64500  0.54532  0.54530 
 14.74500  0.54489  0.54489 
 14.84500  0.54448  0.54448 
 14.94500  0.54408  0.54407 
 15.04500  0.54367  0.54366 
 15.14500  0.54327  0.54326 
 15.24500  0.54286  0.54286 
 15.34500  0.54246  0.54246 
 15.44500  0.54206  0.54206 
 15.54500  0.54167  0.54166 
 15.64500  0.54128  0.54127 
 15.74500  0.54089  0.54088 
 15.84500  0.54050  0.54050 
 15.94500  0.54012  0.54011 
 16.04500  0.53974  0.53973 
 16.14500  0.53936  0.53935 
 16.24500  0.53899  0.53897 
 16.34500  0.53861  0.53860 
 16.44500  0.53824  0.53823 
 16.54500  0.53787  0.53786 
 16.64500  0.53751  0.53750 
 16.74500  0.53714  0.53714 
 16.84500  0.53678  0.53678 
 16.94500  0.53643  0.53642 
 17.04500  0.53608  0.53606 
 17.14500  0.53573  0.53572 
 17.24500  0.53537  0.53537 
 17.34500  0.53503  0.53502 
 17.44500  0.53470  0.53468 
 17.54500  0.53435  0.53435 
 17.64500  0.53402  0.53402 
 17.74500  0.53369  0.53368 
 17.84500  0.53336  0.53335 
 17.94500  0.53304  0.53302 
 18.04500  0.53271  0.53270 
 18.14500  0.53239  0.53238 
 18.24500  0.53207  0.53206 
 18.34500  0.53177  0.53175 
 18.44500  0.53145  0.53144 
 18.54500  0.53115  0.53113 
 18.64500  0.53084  0.53082 
 18.74500  0.53054  0.53052 
 18.84500  0.53024  0.53022 
 18.94500  0.52995  0.52993 
 19.04500  0.52964  0.52963 
 19.14500  0.52936  0.52934 
 19.24500  0.52907  0.52906 
 19.34500  0.52879  0.52877 
 19.44500  0.52851  0.52850 
 19.54500  0.52823  0.52821 
 19.64500  0.52795  0.52794 
 19.74500  0.52768  0.52767 
 19.84500  0.52742  0.52740 
 19.94500  0.52715  0.52713 
 20.04500  0.52689  0.52688 
 20.14500  0.52663  0.52661 
 20.24500  0.52637  0.52635 
 20.34500  0.52611  0.52610 
 20.44500  0.52586  0.52585 
 20.54500  0.52561  0.52560 
 20.64500  0.52537  0.52535 
 20.74500  0.52513  0.52512 
 20.84500  0.52489  0.52488 
 20.94500  0.52464  0.52464 
 21.04500  0.52441  0.52440 
 21.14500  0.52418  0.52418 
 21.24500  0.52395  0.52395 
 21.34500  0.52373  0.52372 
 21.44500  0.52350  0.52350 
 21.54500  0.52328  0.52328 
 21.64500  0.52307  0.52307 
 21.74500  0.52284  0.52285 
 21.84500  0.52262  0.52263 
 21.94500  0.52243  0.52243 
 22.04500  0.52222  0.52223 
 22.14500  0.52202  0.52201 
 22.24500  0.52181  0.52181 
 22.34500  0.52161  0.52161 
 22.44500  0.52141  0.52143 
 22.54500  0.52122  0.52123 
 22.64500  0.52103  0.52104 
 22.74500  0.52084  0.52085 
 22.84500  0.52065  0.52066 
 22.94500  0.52047  0.52048 
 23.04500  0.52028  0.52030 
 23.14500  0.52011  0.52012 
 23.24500  0.51992  0.51994 
 23.34500  0.51975  0.51976 
 23.44500  0.51958  0.51959 
 23.54500  0.51941  0.51942 
 23.64500  0.51924  0.51925 
 23.74500  0.51908  0.51908 
 23.84500  0.51890  0.51893 
 23.94500  0.51874  0.51876 
 24.04500  0.51859  0.51860 
 24.14500  0.51842  0.51845 
 24.24500  0.51826  0.51828 
 24.34500  0.51812  0.51814 
 24.44500  0.51798  0.51798 
 24.54500  0.51781  0.51784 
 24.64500  0.51767  0.51767 
 24.74500  0.51752  0.51754 
 24.84500  0.51737  0.51739 
 24.94500  0.51723  0.51725 
 25.04500  0.51709  0.51711 
 25.14500  0.51695  0.51696 
 25.24500  0.51681  0.51684 
 25.34500  0.51668  0.51669 
 25.44500  0.51654  0.51656 
 25.54500  0.51640  0.51643 
 25.64500  0.51628  0.51629 
 25.74500  0.51615  0.51616 
 25.84500  0.51602  0.51604 
 25.94500  0.51590  0.51590 
 26.04500  0.51577  0.51577 
 26.14500  0.51564  0.51565 
 26.24500  0.51552  0.51553 
 26.34500  0.51540  0.51541 
 26.44500  0.51528  0.51528 
 26.54500  0.51515  0.51516 
 26.64500  0.51503  0.51505 
 26.74500  0.51492  0.51493 
 26.84500  0.51481  0.51482 
 26.94500  0.51468  0.51469 
 27.04500  0.51458  0.51457 
 27.14500  0.51446  0.51446 
 27.24500  0.51434  0.51435 
 27.34500  0.51424  0.51424 
 27.44500  0.51412  0.51413 
 27.54500  0.51402  0.51402 
 27.64500  0.51391  0.51391 
 27.74500  0.51380  0.51379 
 27.84500  0.51369  0.51368 
 27.94500  0.51358  0.51358 
 28.04500  0.51347  0.51347 
 28.14500  0.51337  0.51336 
 28.24500  0.51327  0.51326 
 28.34500  0.51314  0.51315 
 28.44500  0.51304  0.51304 
 28.54500  0.51294  0.51294 
 28.64500  0.51283  0.51283 
 28.74500  0.51273  0.51273 
 28.84500  0.51263  0.51262 
 28.94500  0.51252  0.51252 
 29.04500  0.51242  0.51242 
 29.14500  0.51232  0.51231 
 29.24500  0.51221  0.51221 
 29.34500  0.51211  0.51211 
 29.44500  0.51199  0.51200 
 29.54500  0.51191  0.51189 
 29.64500  0.51180  0.51179 
 29.74500  0.51170  0.51169 
 29.84500  0.51158  0.51158 
 29.94500  0.51148  0.51148 
 30.04500  0.51138  0.51138 
 30.14500  0.51128  0.51127 
 30.24500  0.51118  0.51117 
 30.34500  0.51106  0.51106 
 30.44500  0.51096  0.51096 
 30.54500  0.51085  0.51085 
 30.64500  0.51075  0.51075 
 30.74500  0.51064  0.51064 
 30.84500  0.51053  0.51054 
 30.94500  0.51042  0.51043 
 31.04500  0.51032  0.51032 
 31.14500  0.51021  0.51022 
 31.24500  0.51010  0.51011 
 31.34500  0.50999  0.50999 
 31.44500  0.50988  0.50988 
 31.54500  0.50977  0.50977 
 31.64500  0.50966  0.50966 
 31.74500  0.50954  0.50955 
 31.84500  0.50943  0.50944 
 31.94500  0.50932  0.50933 
 32.04500  0.50920  0.50922 
 32.14500  0.50909  0.50909 
 32.24500  0.50898  0.50898 
 32.34500  0.50886  0.50886 
 32.44500  0.50874  0.50875 
 32.54500  0.50862  0.50863 
 32.64500  0.50850  0.50852 
 32.74500  0.50838  0.50838 
 32.84500  0.50825  0.50826 
 32.94500  0.50813  0.50815 
 33.04500  0.50801  0.50803 
 33.14500  0.50788  0.50790 
 33.24500  0.50775  0.50777 
 33.34500  0.50763  0.50764 
 33.44500  0.50749  0.50752 
 33.54500  0.50737  0.50738 
 33.64500  0.50724  0.50725 
 33.74500  0.50711  0.50713 
 33.84500  0.50698  0.50698 
 33.94500  0.50684  0.50685 
 34.04500  0.50670  0.50673 
 34.14500  0.50656  0.50657 
 34.24500  0.50643  0.50644 
 34.34500  0.50629  0.50631 
 34.44500  0.50614  0.50616 
 34.54500  0.50601  0.50603 
 34.64500  0.50586  0.50586 
 34.74500  0.50571  0.50573 
 34.84500  0.50556  0.50557 
 34.94500  0.50542  0.50544 
 35.04500  0.50528  0.50527 
 35.14500  0.50513  0.50513 
 35.24500  0.50496  0.50496 
 35.34500  0.50480  0.50482 
 35.44500  0.50465  0.50466 
 35.54500  0.50449  0.50450 
 35.64500  0.50434  0.50434 
 35.74500  0.50417  0.50418 
 35.84500  0.50402  0.50402 
 35.94500  0.50384  0.50385 
 36.04500  0.50368  0.50368 
 36.14500  0.50351  0.50352 
 36.24500  0.50334  0.50335 
 36.34500  0.50318  0.50316 
 36.44500  0.50299  0.50300 
 36.54500  0.50282  0.50282 
 36.64500  0.50264  0.50264 
 36.74500  0.50246  0.50246 
 36.84500  0.50228  0.50228 
 36.94500  0.50210  0.50209 
 37.04500  0.50191  0.50191 
 37.14500  0.50172  0.50173 
 37.24500  0.50154  0.50153 
 37.34500  0.50135  0.50135 
 37.44500  0.50116  0.50115 
 37.54500  0.50095  0.50095 
 37.64500  0.50076  0.50075 
 37.74500  0.50057  0.50055 
 37.84500  0.50036  0.50035 
 37.94500  0.50015  0.50015 
 38.04500  0.49995  0.49995 
 38.14500  0.49975  0.49974 
 38.24500  0.49954  0.49953 
 38.34500  0.49932  0.49932 
 38.44500  0.49911  0.49911 
 38.54500  0.49890  0.49889 
 38.64500  0.49868  0.49868 
 38.74500  0.49847  0.49846 
 38.84500  0.49823  0.49823 
 38.94500  0.49802  0.49801 
 39.04500  0.49779  0.49779 
 39.14500  0.49756  0.49757 
 39.24500  0.49733  0.49733 
 39.34500  0.49709  0.49710 
 39.44500  0.49686  0.49687 
 39.54500  0.49663  0.49662 
 39.64500  0.49639  0.49640 
 39.74500  0.49615  0.49615 
 39.84500  0.49591  0.49591 
 39.94500  0.49566  0.49568 
 40.04500  0.49542  0.49542 
 40.14500  0.49516  0.49518 
 40.24500  0.49491  0.49492 
 40.34500  0.49465  0.49468 
 40.44500  0.49442  0.49442 
 40.54500  0.49415  0.49416 
 40.64500  0.49389  0.49390 
 40.74500  0.49363  0.49364 
 40.84500  0.49336  0.49338 
 40.94500  0.49309  0.49311 
 41.04500  0.49283  0.49285 
 41.14500  0.49255  0.49258 
 41.24500  0.49229  0.49230 
 41.34500  0.49201  0.49203 
 41.44500  0.49174  0.49176 
 41.54500  0.49146  0.49148 
 41.64500  0.49118  0.49120 
 41.74500  0.49089  0.49091 
 41.84500  0.49061  0.49063 
 41.94500  0.49032  0.49035 
 42.04500  0.49004  0.49006 
 42.14500  0.48975  0.48977 
 42.24500  0.48945  0.48948 
 42.34500  0.48915  0.48919 
 42.44500  0.48886  0.48889 
 42.54500  0.48856  0.48859 
 42.64500  0.48826  0.48829 
 42.74500  0.48796  0.48799 
 42.84500  0.48766  0.48768 
 42.94500  0.48735  0.48738 
 43.04500  0.48704  0.48708 
 43.14500  0.48673  0.48676 
 43.24500  0.48642  0.48645 
 43.34500  0.48610  0.48614 
 43.44500  0.48579  0.48582 
 43.54500  0.48548  0.48551 
 43.64500  0.48516  0.48518 
 43.74500  0.48483  0.48486 
 43.84500  0.48450  0.48455 
 43.94500  0.48419  0.48422 
 44.04500  0.48386  0.48388 
 44.14500  0.48353  0.48355 
 44.24500  0.48320  0.48322 
 44.34500  0.48287  0.48288 
 44.44500  0.48253  0.48255 
 44.54500  0.48220  0.48222 
 44.64500  0.48186  0.48188 
 44.74500  0.48152  0.48155 
 44.84500  0.48117  0.48122 
 44.94500  0.48083  0.48087 
 45.04500  0.48049  0.48052 
 45.14500  0.48014  0.48018 
 45.24500  0.47981  0.47983 
 45.34500  0.47947  0.47948 
 45.44500  0.47909  0.47913 
 45.54500  0.47874  0.47878 
 45.64500  0.47839  0.47842 
 45.74500  0.47804  0.47806 
 45.84500  0.47768  0.47771 
 45.94500  0.47733  0.47735 
 46.04500  0.47696  0.47699 
 46.14500  0.47660  0.47663 
 46.24500  0.47624  0.47626 
 46.34500  0.47588  0.47590 
 46.44500  0.47551  0.47554 
 46.54500  0.47514  0.47517 
 46.64500  0.47477  0.47480 
 46.74500  0.47441  0.47443 
 46.84500  0.47403  0.47406 
 46.94500  0.47366  0.47369 
 47.04500  0.47329  0.47331 
 47.14500  0.47291  0.47294 
 47.24500  0.47253  0.47256 
 47.34500  0.47216  0.47219 
 47.44500  0.47179  0.47181 
 47.54500  0.47141  0.47144 
 47.64500  0.47102  0.47105 
 47.74500  0.47065  0.47067 
 47.84500  0.47026  0.47029 
 47.94500  0.46987  0.46990 
 48.04500  0.46950  0.46952 
 48.14500  0.46910  0.46914 
 48.24500  0.46872  0.46875 
 48.34500  0.46834  0.46836 
 48.44500  0.46794  0.46798 
 48.54500  0.46756  0.46760 
 48.64500  0.46717  0.46720 
 48.74500  0.46678  0.46682 
 48.84500  0.46639  0.46643 
 48.94500  0.46600  0.46604 
 49.04500  0.46561  0.46564 
 49.14500  0.46521  0.46526 
 49.24500  0.46482  0.46486 
 49.34500  0.46443  0.46447 
 49.44500  0.46403  0.46408 
 49.54500  0.46363  0.46369 
 49.64500  0.46325  0.46330 
 49.74500  0.46286  0.46290 
 49.84500  0.46247  0.46251 
 49.94500  0.46207  0.46212 
 50.04500  0.46168  0.46172 
 50.14500  0.46127  0.46134 
 50.24500  0.46088  0.46094 
 50.34500  0.46049  0.46054 
 50.44500  0.46010  0.46015 
 50.54500  0.45971  0.45976 
 50.64500  0.45931  0.45936 
 50.74500  0.45892  0.45897 
 50.84500  0.45852  0.45858 
 50.94500  0.45813  0.45819 
 51.04500  0.45774  0.45780 
 51.14500  0.45734  0.45740 
 51.24500  0.45696  0.45702 
 51.34500  0.45656  0.45663 
 51.44500  0.45617  0.45624 
 51.54500  0.45579  0.45585 
 51.64500  0.45539  0.45546 
 51.74500  0.45501  0.45507 
 51.84500  0.45461  0.45469 
 51.94500  0.45424  0.45430 
 52.04500  0.45384  0.45391 
 52.14500  0.45346  0.45354 
 52.24500  0.45308  0.45315 
 52.34500  0.45270  0.45276 
 52.44500  0.45232  0.45239 
 52.54500  0.45193  0.45200 
 52.64500  0.45155  0.45163 
 52.74500  0.45117  0.45125 
 52.84500  0.45080  0.45087 
 52.94500  0.45044  0.45050 
 53.04500  0.45006  0.45013 
 53.14500  0.44969  0.44975 
 53.24500  0.44932  0.44939 
 53.34500  0.44895  0.44902 
 53.44500  0.44857  0.44865 
 53.54500  0.44821  0.44829 
 53.64500  0.44785  0.44793 
 53.74500  0.44749  0.44756 
 53.84500  0.44713  0.44721 
 53.94500  0.44678  0.44685 
 54.04500  0.44643  0.44649 
 54.14500  0.44607  0.44615 
 54.24500  0.44570  0.44578 
 54.34500  0.44536  0.44545 
 54.44500  0.44502  0.44508 
 54.54500  0.44467  0.44475 
 54.64500  0.44433  0.44442 
 54.74500  0.44399  0.44407 
 54.84500  0.44365  0.44372 
 54.94500  0.44332  0.44338 
 55.04500  0.44299  0.44305 
 55.14500  0.44266  0.44275 
 55.24500  0.44234  0.44242 
 55.34500  0.44201  0.44208 
 55.44500  0.44169  0.44176 
 55.54500  0.44137  0.44145 
 55.64500  0.44106  0.44113 
 55.74500  0.44075  0.44082 
 55.84500  0.44043  0.44051 
 55.94500  0.44013  0.44021 
 56.04500  0.43983  0.43990 
 56.14500  0.43952  0.43960 
 56.24500  0.43923  0.43931 
 56.34500  0.43894  0.43901 
 56.44500  0.43864  0.43873 
 56.54500  0.43837  0.43844 
 56.64500  0.43808  0.43816 
 56.74500  0.43779  0.43788 
 56.84500  0.43753  0.43760 
 56.94500  0.43725  0.43733 
 57.04500  0.43698  0.43706 
 57.14500  0.43672  0.43680 
 57.24500  0.43646  0.43653 
 57.34500  0.43620  0.43628 
 57.44500  0.43595  0.43602 
 57.54500  0.43570  0.43578 
 57.64500  0.43545  0.43552 
 57.74500  0.43520  0.43530 
 57.84500  0.43498  0.43505 
 57.94500  0.43475  0.43482 
 58.04500  0.43452  0.43460 
 58.14500  0.43429  0.43437 
 58.24500  0.43407  0.43415 
 58.34500  0.43385  0.43393 
 58.44500  0.43364  0.43373 
 58.54500  0.43342  0.43351 
 58.64500  0.43323  0.43331 
 58.74500  0.43304  0.43311 
 58.84500  0.43283  0.43293 
 58.94500  0.43265  0.43274 
 59.04500  0.43247  0.43255 
 59.14500  0.43228  0.43237 
 59.24500  0.43211  0.43220 
 59.34500  0.43193  0.43204 
 59.44500  0.43177  0.43186 
 59.54500  0.43161  0.43170 
 59.64500  0.43145  0.43155 
 59.74500  0.43131  0.43139 
 59.84500  0.43116  0.43125 
 59.94500  0.43101  0.43111 
 60.04500  0.43088  0.43096 
 60.14500  0.43075  0.43084 
 60.24500  0.43062  0.43072 
 60.34500  0.43049  0.43058 
 60.44500  0.43039  0.43047 
 60.54500  0.43027  0.43036 
 60.64500  0.43016  0.43026 
 60.74500  0.43007  0.43016 
 60.84500  0.42997  0.43006 
 60.94500  0.42987  0.42997 
 61.04500  0.42979  0.42989 
 61.14500  0.42971  0.42980 
 61.24500  0.42964  0.42972 
 61.34500  0.42956  0.42966 
 61.44500  0.42951  0.42960 
 61.54500  0.42943  0.42953 
 61.64500  0.42939  0.42950 
 61.74500  0.42935  0.42942 
 61.84500  0.42929  0.42940 
 61.94500  0.42926  0.42936 
 62.04500  0.42924  0.42930 
 62.14500  0.42918  0.42930 
 62.24500  0.42916  0.42930 
 62.34500  0.42915  0.42927 
 62.44500  0.42917  0.42920 
 62.54500  0.42916  0.42920 
