  0.04500  0.65218  0.65240 
  0.14500  0.65218  0.65238 
  0.24500  0.65210  0.65230 
  0.34500  0.65203  0.65219 
  0.44500  0.65185  0.65205 
  0.54500  0.65169  0.65188 
  0.64500  0.65149  0.65168 
  0.74500  0.65124  0.65142 
  0.84500  0.65097  0.65115 
  0.94500  0.65066  0.65085 
  1.04500  0.65031  0.65049 
  1.14500  0.64992  0.65011 
  1.24500  0.64952  0.64969 
  1.34500  0.64907  0.64925 
  1.44500  0.64860  0.64875 
  1.54500  0.64807  0.64825 
  1.64500  0.64752  0.64772 
  1.74500  0.64696  0.64714 
  1.84500  0.64635  0.64652 
  1.94500  0.64570  0.64590 
  2.04500  0.64504  0.64523 
  2.14500  0.64435  0.64453 
  2.24500  0.64362  0.64380 
  2.34500  0.64286  0.64305 
  2.44500  0.64206  0.64226 
  2.54500  0.64129  0.64145 
  2.64500  0.64043  0.64061 
  2.74500  0.63956  0.63975 
  2.84500  0.63867  0.63886 
  2.94500  0.63775  0.63795 
  3.04500  0.63680  0.63701 
  3.14500  0.63587  0.63605 
  3.24500  0.63487  0.63505 
  3.34500  0.63386  0.63405 
  3.44500  0.63282  0.63304 
  3.54500  0.63178  0.63195 
  3.64500  0.63072  0.63090 
  3.74500  0.62961  0.62981 
  3.84500  0.62850  0.62870 
  3.94500  0.62737  0.62758 
  4.04500  0.62623  0.62642 
  4.14500  0.62505  0.62527 
  4.24500  0.62389  0.62410 
  4.34500  0.62271  0.62290 
  4.44500  0.62151  0.62170 
  4.54500  0.62028  0.62048 
  4.64500  0.61905  0.61925 
  4.74500  0.61780  0.61800 
  4.84500  0.61656  0.61675 
  4.94500  0.61529  0.61549 
  5.04500  0.61402  0.61422 
  5.14500  0.61274  0.61294 
  5.24500  0.61147  0.61165 
  5.34500  0.61016  0.61036 
  5.44500  0.60886  0.60906 
  5.54500  0.60755  0.60775 
  5.64500  0.60625  0.60643 
  5.74500  0.60492  0.60513 
  5.84500  0.60361  0.60380 
  5.94500  0.60229  0.60247 
  6.04500  0.60097  0.60117 
  6.14500  0.59964  0.59983 
  6.24500  0.59831  0.59850 
  6.34500  0.59699  0.59717 
  6.44500  0.59567  0.59587 
  6.54500  0.59434  0.59453 
  6.64500  0.59302  0.59321 
  6.74500  0.59170  0.59190 
  6.84500  0.59040  0.59058 
  6.94500  0.58908  0.58927 
  7.04500  0.58778  0.58796 
  7.14500  0.58648  0.58666 
  7.24500  0.58518  0.58536 
  7.34500  0.58389  0.58408 
  7.44500  0.58262  0.58279 
  7.54500  0.58134  0.58152 
  7.64500  0.58008  0.58025 
  7.74500  0.57883  0.57900 
  7.84500  0.57758  0.57775 
  7.94500  0.57634  0.57650 
  8.04500  0.57511  0.57527 
  8.14500  0.57389  0.57405 
  8.24500  0.57268  0.57284 
  8.34500  0.57148  0.57164 
  8.44500  0.57030  0.57044 
  8.54500  0.56912  0.56927 
  8.64500  0.56795  0.56810 
  8.74500  0.56679  0.56694 
  8.84500  0.56566  0.56580 
  8.94500  0.56453  0.56468 
  9.04500  0.56341  0.56356 
  9.14500  0.56232  0.56246 
  9.24500  0.56124  0.56136 
  9.34500  0.56015  0.56029 
  9.44500  0.55908  0.55925 
  9.54500  0.55804  0.55816 
  9.64500  0.55700  0.55715 
  9.74500  0.55600  0.55615 
  9.84500  0.55497  0.55515 
  9.94500  0.55399  0.55415 
 10.04500  0.55303  0.55315 
 10.14500  0.55207  0.55220 
 10.24500  0.55113  0.55125 
 10.34500  0.55019  0.55033 
 10.44500  0.54928  0.54941 
 10.54500  0.54838  0.54851 
 10.64500  0.54750  0.54762 
 10.74500  0.54663  0.54676 
 10.84500  0.54577  0.54590 
 10.94500  0.54494  0.54505 
 11.04500  0.54412  0.54423 
 11.14500  0.54330  0.54342 
 11.24500  0.54251  0.54263 
 11.34500  0.54173  0.54185 
 11.44500  0.54096  0.54107 
 11.54500  0.54022  0.54033 
 11.64500  0.53947  0.53960 
 11.74500  0.53876  0.53888 
 11.84500  0.53805  0.53817 
 11.94500  0.53736  0.53748 
 12.04500  0.53668  0.53680 
 12.14500  0.53602  0.53613 
 12.24500  0.53536  0.53550 
 12.34500  0.53474  0.53486 
 12.44500  0.53411  0.53424 
 12.54500  0.53349  0.53363 
 12.64500  0.53291  0.53304 
 12.74500  0.53233  0.53246 
 12.84500  0.53177  0.53189 
 12.94500  0.53120  0.53134 
 13.04500  0.53064  0.53080 
 13.14500  0.53013  0.53026 
 13.24500  0.52961  0.52975 
 13.34500  0.52910  0.52925 
 13.44500  0.52861  0.52875 
 13.54500  0.52813  0.52828 
 13.64500  0.52764  0.52780 
 13.74500  0.52721  0.52735 
 13.84500  0.52675  0.52690 
 13.94500  0.52631  0.52647 
 14.04500  0.52589  0.52604 
 14.14500  0.52546  0.52562 
 14.24500  0.52505  0.52522 
 14.34500  0.52465  0.52483 
 14.44500  0.52427  0.52445 
 14.54500  0.52391  0.52407 
 14.64500  0.52355  0.52371 
 14.74500  0.52318  0.52335 
 14.84500  0.52285  0.52302 
 14.94500  0.52249  0.52265 
 15.04500  0.52218  0.52235 
 15.14500  0.52186  0.52202 
 15.24500  0.52154  0.52170 
 15.34500  0.52123  0.52140 
 15.44500  0.52094  0.52110 
 15.54500  0.52065  0.52081 
 15.64500  0.52037  0.52053 
 15.74500  0.52009  0.52025 
 15.84500  0.51983  0.51998 
 15.94500  0.51956  0.51971 
 16.04500  0.51930  0.51945 
 16.14500  0.51906  0.51920 
 16.24500  0.51880  0.51896 
 16.34500  0.51857  0.51872 
 16.44500  0.51834  0.51849 
 16.54500  0.51811  0.51826 
 16.64500  0.51788  0.51803 
 16.74500  0.51769  0.51782 
 16.84500  0.51747  0.51761 
 16.94500  0.51727  0.51739 
 17.04500  0.51705  0.51719 
 17.14500  0.51685  0.51699 
 17.24500  0.51668  0.51679 
 17.34500  0.51648  0.51660 
 17.44500  0.51630  0.51641 
 17.54500  0.51611  0.51623 
 17.64500  0.51593  0.51605 
 17.74500  0.51574  0.51586 
 17.84500  0.51558  0.51570 
 17.94500  0.51541  0.51552 
 18.04500  0.51524  0.51535 
 18.14500  0.51508  0.51518 
 18.24500  0.51492  0.51503 
 18.34500  0.51477  0.51486 
 18.44500  0.51461  0.51471 
 18.54500  0.51445  0.51455 
 18.64500  0.51430  0.51440 
 18.74500  0.51415  0.51425 
 18.84500  0.51400  0.51409 
 18.94500  0.51387  0.51395 
 19.04500  0.51372  0.51381 
 19.14500  0.51359  0.51366 
 19.24500  0.51343  0.51353 
 19.34500  0.51331  0.51337 
 19.44500  0.51316  0.51325 
 19.54500  0.51304  0.51312 
 19.64500  0.51290  0.51297 
 19.74500  0.51276  0.51285 
 19.84500  0.51264  0.51272 
 19.94500  0.51252  0.51258 
 20.04500  0.51239  0.51246 
 20.14500  0.51226  0.51234 
 20.24500  0.51213  0.51222 
 20.34500  0.51201  0.51209 
 20.44500  0.51190  0.51197 
 20.54500  0.51178  0.51185 
 20.64500  0.51166  0.51174 
 20.74500  0.51155  0.51163 
 20.84500  0.51144  0.51152 
 20.94500  0.51132  0.51140 
 21.04500  0.51121  0.51129 
 21.14500  0.51110  0.51118 
 21.24500  0.51100  0.51108 
 21.34500  0.51090  0.51097 
 21.44500  0.51079  0.51087 
 21.54500  0.51069  0.51077 
 21.64500  0.51059  0.51067 
 21.74500  0.51049  0.51058 
 21.84500  0.51040  0.51049 
 21.94500  0.51030  0.51040 
 22.04500  0.51021  0.51030 
 22.14500  0.51013  0.51021 
 22.24500  0.51005  0.51013 
 22.34500  0.50995  0.51005 
 22.44500  0.50987  0.50997 
 22.54500  0.50980  0.50990 
 22.64500  0.50971  0.50980 
 22.74500  0.50964  0.50974 
 22.84500  0.50958  0.50969 
 22.94500  0.50950  0.50960 
 23.04500  0.50945  0.50954 
 23.14500  0.50938  0.50950 
 23.24500  0.50933  0.50941 
 23.34500  0.50927  0.50939 
 23.44500  0.50922  0.50930 
 23.54500  0.50918  0.50929 
 23.64500  0.50912  0.50920 
 23.74500  0.50909  0.50920 
 23.84500  0.50905  0.50913 
 23.94500  0.50900  0.50910 
 24.04500  0.50896  0.50910 
 24.14500  0.50896  0.50903 
 24.24500  0.50893  0.50900 
 24.34500  0.50891  0.50900 
 24.44500  0.50887  0.50900 
 24.54500  0.50885  0.50900 
 24.64500  0.50886  0.50898 
 24.74500  0.50884  0.50890 
 24.84500  0.50886  0.50890 
 24.94500  0.50887  0.50890 
 25.04500  0.50887  0.50890 
 25.14500  0.50890  0.50899 
 25.24500  0.50892  0.50900 
 25.34500  0.50893  0.50900 
 25.44500  0.50894  0.50900 
 25.54500  0.50892  0.50900 
 25.64500  0.50899  0.50905 
 25.74500  0.50903  0.50910 
 25.84500  0.50907  0.50910 
 25.94500  0.50907  0.50916 
 26.04500  0.50916  0.50920 
 26.14500  0.50919  0.50924 
 26.24500  0.50928  0.50930 
 26.34500  0.50929  0.50935 
 26.44500  0.50936  0.50940 
 26.54500  0.50943  0.50948 
 26.64500  0.50949  0.50953 
 26.74500  0.50958  0.50960 
 26.84500  0.50964  0.50969 
 26.94500  0.50971  0.50975 
 27.04500  0.50983  0.50983 
 27.14500  0.50989  0.50991 
 27.24500  0.50999  0.51000 
 27.34500  0.51009  0.51010 
 27.44500  0.51016  0.51019 
 27.54500  0.51028  0.51029 
 27.64500  0.51039  0.51039 
 27.74500  0.51049  0.51049 
 27.84500  0.51058  0.51060 
 27.94500  0.51073  0.51071 
 28.04500  0.51083  0.51083 
 28.14500  0.51093  0.51094 
 28.24500  0.51107  0.51105 
 28.34500  0.51119  0.51117 
 28.44500  0.51131  0.51130 
 28.54500  0.51142  0.51143 
 28.64500  0.51159  0.51155 
 28.74500  0.51170  0.51168 
 28.84500  0.51183  0.51183 
 28.94500  0.51197  0.51195 
 29.04500  0.51211  0.51209 
 29.14500  0.51224  0.51223 
 29.24500  0.51238  0.51236 
 29.34500  0.51254  0.51251 
 29.44500  0.51267  0.51265 
 29.54500  0.51280  0.51279 
 29.64500  0.51296  0.51294 
 29.74500  0.51311  0.51307 
 29.84500  0.51323  0.51324 
 29.94500  0.51340  0.51337 
 30.04500  0.51353  0.51353 
 30.14500  0.51367  0.51366 
 30.24500  0.51383  0.51383 
 30.34500  0.51399  0.51396 
 30.44500  0.51411  0.51412 
 30.54500  0.51428  0.51426 
 30.64500  0.51440  0.51441 
 30.74500  0.51455  0.51455 
 30.84500  0.51471  0.51469 
 30.94500  0.51485  0.51485 
 31.04500  0.51499  0.51498 
 31.14500  0.51513  0.51513 
 31.24500  0.51528  0.51526 
 31.34500  0.51540  0.51541 
 31.44500  0.51552  0.51554 
 31.54500  0.51567  0.51567 
 31.64500  0.51579  0.51580 
 31.74500  0.51593  0.51594 
 31.84500  0.51604  0.51606 
 31.94500  0.51617  0.51618 
 32.04500  0.51628  0.51630 
 32.14500  0.51640  0.51642 
 32.24500  0.51651  0.51653 
 32.34500  0.51662  0.51664 
 32.44500  0.51672  0.51675 
 32.54500  0.51683  0.51685 
 32.64500  0.51691  0.51695 
 32.74500  0.51701  0.51704 
 32.84500  0.51712  0.51713 
 32.94500  0.51719  0.51720 
 33.04500  0.51729  0.51730 
 33.14500  0.51737  0.51737 
 33.24500  0.51741  0.51743 
 33.34500  0.51747  0.51750 
 33.44500  0.51755  0.51756 
 33.54500  0.51760  0.51760 
 33.64500  0.51764  0.51766 
 33.74500  0.51769  0.51770 
 33.84500  0.51771  0.51770 
 33.94500  0.51775  0.51777 
 34.04500  0.51778  0.51780 
 34.14500  0.51780  0.51780 
 34.24500  0.51778  0.51780 
 34.34500  0.51780  0.51780 
 34.44500  0.51780  0.51780 
 34.54500  0.51777  0.51780 
 34.64500  0.51775  0.51776 
 34.74500  0.51772  0.51770 
 34.84500  0.51770  0.51770 
 34.94500  0.51767  0.51764 
 35.04500  0.51762  0.51760 
 35.14500  0.51755  0.51752 
 35.24500  0.51749  0.51747 
 35.34500  0.51742  0.51740 
 35.44500  0.51733  0.51730 
 35.54500  0.51724  0.51721 
 35.64500  0.51715  0.51711 
 35.74500  0.51704  0.51701 
 35.84500  0.51693  0.51688 
 35.94500  0.51681  0.51676 
 36.04500  0.51667  0.51663 
 36.14500  0.51654  0.51647 
 36.24500  0.51640  0.51634 
 36.34500  0.51624  0.51617 
 36.44500  0.51608  0.51601 
 36.54500  0.51590  0.51584 
 36.64500  0.51572  0.51565 
 36.74500  0.51552  0.51545 
 36.84500  0.51532  0.51525 
 36.94500  0.51512  0.51505 
 37.04500  0.51491  0.51483 
 37.14500  0.51468  0.51460 
 37.24500  0.51445  0.51438 
 37.34500  0.51422  0.51412 
 37.44500  0.51397  0.51388 
 37.54500  0.51372  0.51362 
 37.64500  0.51345  0.51336 
 37.74500  0.51318  0.51309 
 37.84500  0.51289  0.51281 
 37.94500  0.51262  0.51252 
 38.04500  0.51232  0.51223 
 38.14500  0.51201  0.51193 
 38.24500  0.51172  0.51162 
 38.34500  0.51140  0.51131 
 38.44500  0.51108  0.51098 
 38.54500  0.51076  0.51065 
 38.64500  0.51042  0.51032 
 38.74500  0.51009  0.50998 
 38.84500  0.50973  0.50964 
 38.94500  0.50938  0.50928 
 39.04500  0.50903  0.50893 
 39.14500  0.50866  0.50856 
 39.24500  0.50829  0.50820 
 39.34500  0.50793  0.50783 
 39.44500  0.50755  0.50745 
 39.54500  0.50717  0.50706 
 39.64500  0.50678  0.50668 
 39.74500  0.50640  0.50630 
 39.84500  0.50599  0.50590 
 39.94500  0.50559  0.50550 
 40.04500  0.50521  0.50510 
 40.14500  0.50480  0.50470 
 40.24500  0.50439  0.50430 
 40.34500  0.50398  0.50389 
 40.44500  0.50357  0.50348 
 40.54500  0.50316  0.50307 
 40.64500  0.50274  0.50265 
 40.74500  0.50233  0.50224 
 40.84500  0.50190  0.50182 
 40.94500  0.50149  0.50140 
 41.04500  0.50106  0.50098 
 41.14500  0.50064  0.50057 
 41.24500  0.50024  0.50015 
 41.34500  0.49981  0.49972 
 41.44500  0.49939  0.49931 
 41.54500  0.49898  0.49889 
 41.64500  0.49854  0.49847 
 41.74500  0.49814  0.49805 
 41.84500  0.49771  0.49763 
 41.94500  0.49730  0.49722 
 42.04500  0.49688  0.49680 
 42.14500  0.49647  0.49639 
 42.24500  0.49607  0.49598 
 42.34500  0.49566  0.49558 
 42.44500  0.49525  0.49516 
 42.54500  0.49485  0.49476 
 42.64500  0.49445  0.49436 
 42.74500  0.49404  0.49396 
 42.84500  0.49366  0.49356 
 42.94500  0.49327  0.49317 
 43.04500  0.49287  0.49278 
 43.14500  0.49249  0.49240 
 43.24500  0.49211  0.49201 
 43.34500  0.49172  0.49164 
 43.44500  0.49135  0.49125 
 43.54500  0.49097  0.49088 
 43.64500  0.49060  0.49051 
 43.74500  0.49024  0.49015 
 43.84500  0.48989  0.48978 
 43.94500  0.48954  0.48943 
 44.04500  0.48919  0.48908 
 44.14500  0.48884  0.48872 
 44.24500  0.48849  0.48838 
 44.34500  0.48816  0.48805 
 44.44500  0.48782  0.48772 
 44.54500  0.48749  0.48738 
 44.64500  0.48715  0.48705 
 44.74500  0.48684  0.48672 
 44.84500  0.48652  0.48639 
 44.94500  0.48622  0.48608 
 45.04500  0.48590  0.48577 
 45.14500  0.48559  0.48546 
 45.24500  0.48528  0.48515 
 45.34500  0.48499  0.48485 
 45.44500  0.48470  0.48456 
 45.54500  0.48440  0.48426 
 45.64500  0.48411  0.48397 
 45.74500  0.48384  0.48369 
 45.84500  0.48354  0.48340 
 45.94500  0.48327  0.48311 
 46.04500  0.48300  0.48284 
 46.14500  0.48272  0.48256 
 46.24500  0.48245  0.48229 
 46.34500  0.48217  0.48202 
 46.44500  0.48191  0.48175 
 46.54500  0.48164  0.48149 
 46.64500  0.48138  0.48122 
 46.74500  0.48112  0.48095 
 46.84500  0.48086  0.48070 
 46.94500  0.48060  0.48043 
 47.04500  0.48034  0.48018 
 47.14500  0.48009  0.47992 
 47.24500  0.47984  0.47966 
 47.34500  0.47957  0.47940 
 47.44500  0.47932  0.47915 
 47.54500  0.47906  0.47890 
 47.64500  0.47880  0.47862 
 47.74500  0.47854  0.47838 
 47.84500  0.47828  0.47812 
 47.94500  0.47803  0.47785 
 48.04500  0.47776  0.47760 
 48.14500  0.47750  0.47732 
 48.24500  0.47724  0.47706 
 48.34500  0.47697  0.47680 
 48.44500  0.47670  0.47652 
 48.54500  0.47642  0.47625 
 48.64500  0.47612  0.47597 
 48.74500  0.47586  0.47569 
 48.84500  0.47556  0.47540 
 48.94500  0.47528  0.47511 
 49.04500  0.47498  0.47482 
 49.14500  0.47469  0.47453 
 49.24500  0.47437  0.47422 
 49.34500  0.47406  0.47392 
 49.44500  0.47375  0.47360 
 49.54500  0.47343  0.47328 
 49.64500  0.47310  0.47295 
 49.74500  0.47278  0.47262 
 49.84500  0.47243  0.47228 
 49.94500  0.47208  0.47194 
 50.04500  0.47172  0.47158 
 50.14500  0.47136  0.47122 
 50.24500  0.47099  0.47085 
 50.34500  0.47060  0.47047 
 50.44500  0.47023  0.47008 
 50.54500  0.46984  0.46970 
 50.64500  0.46943  0.46928 
 50.74500  0.46901  0.46888 
 50.84500  0.46858  0.46845 
 50.94500  0.46815  0.46802 
 51.04500  0.46771  0.46758 
 51.14500  0.46726  0.46712 
 51.24500  0.46680  0.46665 
 51.34500  0.46631  0.46620 
 51.44500  0.46582  0.46570 
 51.54500  0.46533  0.46520 
 51.64500  0.46483  0.46470 
 51.74500  0.46431  0.46418 
 51.84500  0.46380  0.46365 
 51.94500  0.46327  0.46311 
 52.04500  0.46269  0.46255 
 52.14500  0.46211  0.46198 
 52.24500  0.46154  0.46141 
 52.34500  0.46094  0.46083 
 52.44500  0.46035  0.46021 
 52.54500  0.45973  0.45960 
 52.64500  0.45911  0.45898 
 52.74500  0.45848  0.45833 
 52.84500  0.45782  0.45769 
 52.94500  0.45716  0.45703 
 53.04500  0.45650  0.45634 
 53.14500  0.45579  0.45565 
 53.24500  0.45510  0.45495 
 53.34500  0.45439  0.45424 
 53.44500  0.45367  0.45351 
 53.54500  0.45291  0.45277 
 53.64500  0.45216  0.45203 
 53.74500  0.45140  0.45125 
 53.84500  0.45064  0.45048 
 53.94500  0.44986  0.44969 
 54.04500  0.44905  0.44889 
 54.14500  0.44823  0.44808 
 54.24500  0.44742  0.44725 
 54.34500  0.44658  0.44641 
 54.44500  0.44573  0.44558 
 54.54500  0.44488  0.44471 
 54.64500  0.44403  0.44385 
 54.74500  0.44314  0.44298 
 54.84500  0.44228  0.44209 
 54.94500  0.44138  0.44119 
 55.04500  0.44045  0.44028 
 55.14500  0.43952  0.43936 
 55.24500  0.43862  0.43845 
 55.34500  0.43771  0.43752 
 55.44500  0.43675  0.43655 
 55.54500  0.43581  0.43565 
 55.64500  0.43485  0.43465 
 55.74500  0.43391  0.43372 
 55.84500  0.43293  0.43275 
 55.94500  0.43196  0.43175 
 56.04500  0.43099  0.43075 
 56.14500  0.42998  0.42982 
 56.24500  0.42901  0.42885 
 56.34500  0.42802  0.42785 
 56.44500  0.42702  0.42685 
 56.54500  0.42603  0.42585 
 56.64500  0.42502  0.42485 
 56.74500  0.42403  0.42385 
 56.84500  0.42302  0.42285 
 56.94500  0.42203  0.42185 
 57.04500  0.42102  0.42085 
 57.14500  0.42004  0.41985 
 57.24500  0.41902  0.41885 
 57.34500  0.41803  0.41785 
 57.44500  0.41703  0.41685 
 57.54500  0.41604  0.41585 
 57.64500  0.41507  0.41485 
 57.74500  0.41407  0.41385 
 57.84500  0.41311  0.41290 
 57.94500  0.41213  0.41195 
 58.04500  0.41118  0.41095 
 58.14500  0.41022  0.41003 
 58.24500  0.40927  0.40905 
 58.34500  0.40833  0.40814 
 58.44500  0.40740  0.40720 
 58.54500  0.40649  0.40628 
 58.64500  0.40559  0.40538 
 58.74500  0.40469  0.40449 
 58.84500  0.40381  0.40360 
 58.94500  0.40294  0.40273 
 59.04500  0.40208  0.40189 
 59.14500  0.40123  0.40104 
 59.24500  0.40041  0.40022 
 59.34500  0.39959  0.39940 
 59.44500  0.39880  0.39862 
 59.54500  0.39804  0.39784 
 59.64500  0.39728  0.39707 
 59.74500  0.39654  0.39635 
 59.84500  0.39583  0.39562 
 59.94500  0.39511  0.39493 
 60.04500  0.39443  0.39424 
 60.14500  0.39379  0.39360 
 60.24500  0.39314  0.39295 
 60.34500  0.39254  0.39233 
 60.44500  0.39194  0.39174 
 60.54500  0.39137  0.39117 
 60.64500  0.39083  0.39063 
 60.74500  0.39030  0.39010 
 60.84500  0.38979  0.38960 
 60.94500  0.38933  0.38914 
 61.04500  0.38888  0.38869 
 61.14500  0.38847  0.38827 
 61.24500  0.38804  0.38787 
 61.34500  0.38769  0.38751 
 61.44500  0.38735  0.38715 
 61.54500  0.38703  0.38685 
 61.64500  0.38676  0.38656 
 61.74500  0.38649  0.38630 
 61.84500  0.38625  0.38607 
 61.94500  0.38603  0.38587 
 62.04500  0.38588  0.38568 
 62.14500  0.38572  0.38554 
 62.24500  0.38560  0.38542 
 62.34500  0.38553  0.38532 
 62.44500  0.38543  0.38529 
 62.54500  0.38539  0.38520 
