  0.04500  0.53821  0.53770 
  0.14500  0.53822  0.53770 
  0.24500  0.53821  0.53770 
  0.34500  0.53821  0.53770 
  0.44500  0.53821  0.53770 
  0.54500  0.53820  0.53770 
  0.64500  0.53820  0.53770 
  0.74500  0.53818  0.53768 
  0.84500  0.53818  0.53760 
  0.94500  0.53814  0.53760 
  1.04500  0.53813  0.53760 
  1.14500  0.53810  0.53760 
  1.24500  0.53808  0.53760 
  1.34500  0.53809  0.53760 
  1.44500  0.53809  0.53760 
  1.54500  0.53808  0.53757 
  1.64500  0.53806  0.53750 
  1.74500  0.53805  0.53750 
  1.84500  0.53802  0.53750 
  1.94500  0.53800  0.53750 
  2.04500  0.53796  0.53747 
  2.14500  0.53795  0.53740 
  2.24500  0.53793  0.53740 
  2.34500  0.53791  0.53740 
  2.44500  0.53786  0.53738 
  2.54500  0.53784  0.53730 
  2.64500  0.53785  0.53730 
  2.74500  0.53778  0.53730 
  2.84500  0.53778  0.53722 
  2.94500  0.53774  0.53720 
  3.04500  0.53769  0.53720 
  3.14500  0.53769  0.53713 
  3.24500  0.53764  0.53710 
  3.34500  0.53761  0.53710 
  3.44500  0.53757  0.53702 
  3.54500  0.53753  0.53700 
  3.64500  0.53748  0.53698 
  3.74500  0.53745  0.53690 
  3.84500  0.53743  0.53690 
  3.94500  0.53735  0.53682 
  4.04500  0.53733  0.53680 
  4.14500  0.53731  0.53675 
  4.24500  0.53723  0.53670 
  4.34500  0.53719  0.53667 
  4.44500  0.53715  0.53660 
  4.54500  0.53709  0.53658 
  4.64500  0.53706  0.53650 
  4.74500  0.53699  0.53648 
  4.84500  0.53696  0.53640 
  4.94500  0.53690  0.53637 
  5.04500  0.53685  0.53630 
  5.14500  0.53680  0.53625 
  5.24500  0.53673  0.53620 
  5.34500  0.53668  0.53613 
  5.44500  0.53662  0.53610 
  5.54500  0.53655  0.53600 
  5.64500  0.53650  0.53597 
  5.74500  0.53645  0.53590 
  5.84500  0.53637  0.53583 
  5.94500  0.53632  0.53579 
  6.04500  0.53625  0.53570 
  6.14500  0.53620  0.53565 
  6.24500  0.53611  0.53560 
  6.34500  0.53606  0.53550 
  6.44500  0.53597  0.53545 
  6.54500  0.53591  0.53539 
  6.64500  0.53584  0.53530 
  6.74500  0.53576  0.53523 
  6.84500  0.53570  0.53517 
  6.94500  0.53563  0.53510 
  7.04500  0.53556  0.53501 
  7.14500  0.53547  0.53494 
  7.24500  0.53541  0.53488 
  7.34500  0.53532  0.53480 
  7.44500  0.53524  0.53471 
  7.54500  0.53517  0.53463 
  7.64500  0.53508  0.53456 
  7.74500  0.53500  0.53448 
  7.84500  0.53492  0.53440 
  7.94500  0.53482  0.53430 
  8.04500  0.53474  0.53423 
  8.14500  0.53465  0.53414 
  8.24500  0.53457  0.53406 
  8.34500  0.53448  0.53398 
  8.44500  0.53439  0.53389 
  8.54500  0.53429  0.53380 
  8.64500  0.53421  0.53370 
  8.74500  0.53413  0.53362 
  8.84500  0.53404  0.53353 
  8.94500  0.53393  0.53344 
  9.04500  0.53383  0.53334 
  9.14500  0.53374  0.53325 
  9.24500  0.53365  0.53316 
  9.34500  0.53355  0.53306 
  9.44500  0.53345  0.53296 
  9.54500  0.53335  0.53287 
  9.64500  0.53326  0.53277 
  9.74500  0.53315  0.53267 
  9.84500  0.53304  0.53257 
  9.94500  0.53295  0.53247 
 10.04500  0.53285  0.53237 
 10.14500  0.53274  0.53226 
 10.24500  0.53264  0.53216 
 10.34500  0.53253  0.53206 
 10.44500  0.53243  0.53195 
 10.54500  0.53231  0.53185 
 10.64500  0.53220  0.53174 
 10.74500  0.53210  0.53163 
 10.84500  0.53198  0.53152 
 10.94500  0.53188  0.53142 
 11.04500  0.53175  0.53131 
 11.14500  0.53164  0.53119 
 11.24500  0.53154  0.53108 
 11.34500  0.53142  0.53097 
 11.44500  0.53131  0.53085 
 11.54500  0.53119  0.53074 
 11.64500  0.53107  0.53063 
 11.74500  0.53096  0.53051 
 11.84500  0.53084  0.53039 
 11.94500  0.53073  0.53027 
 12.04500  0.53061  0.53016 
 12.14500  0.53048  0.53004 
 12.24500  0.53036  0.52992 
 12.34500  0.53024  0.52980 
 12.44500  0.53013  0.52967 
 12.54500  0.53000  0.52955 
 12.64500  0.52989  0.52943 
 12.74500  0.52975  0.52931 
 12.84500  0.52963  0.52918 
 12.94500  0.52950  0.52905 
 13.04500  0.52938  0.52893 
 13.14500  0.52925  0.52880 
 13.24500  0.52912  0.52867 
 13.34500  0.52898  0.52855 
 13.44500  0.52885  0.52843 
 13.54500  0.52873  0.52828 
 13.64500  0.52860  0.52816 
 13.74500  0.52847  0.52803 
 13.84500  0.52833  0.52789 
 13.94500  0.52819  0.52776 
 14.04500  0.52806  0.52764 
 14.14500  0.52792  0.52749 
 14.24500  0.52780  0.52736 
 14.34500  0.52766  0.52723 
 14.44500  0.52752  0.52709 
 14.54500  0.52738  0.52695 
 14.64500  0.52724  0.52683 
 14.74500  0.52711  0.52667 
 14.84500  0.52696  0.52654 
 14.94500  0.52682  0.52640 
 15.04500  0.52668  0.52626 
 15.14500  0.52654  0.52613 
 15.24500  0.52639  0.52597 
 15.34500  0.52625  0.52584 
 15.44500  0.52611  0.52569 
 15.54500  0.52595  0.52555 
 15.64500  0.52581  0.52541 
 15.74500  0.52567  0.52526 
 15.84500  0.52551  0.52513 
 15.94500  0.52537  0.52496 
 16.04500  0.52522  0.52483 
 16.14500  0.52508  0.52467 
 16.24500  0.52492  0.52454 
 16.34500  0.52477  0.52437 
 16.44500  0.52462  0.52424 
 16.54500  0.52448  0.52408 
 16.64500  0.52432  0.52394 
 16.74500  0.52416  0.52378 
 16.84500  0.52401  0.52364 
 16.94500  0.52385  0.52348 
 17.04500  0.52370  0.52334 
 17.14500  0.52355  0.52317 
 17.24500  0.52339  0.52303 
 17.34500  0.52323  0.52286 
 17.44500  0.52307  0.52272 
 17.54500  0.52292  0.52256 
 17.64500  0.52276  0.52241 
 17.74500  0.52259  0.52225 
 17.84500  0.52244  0.52209 
 17.94500  0.52228  0.52194 
 18.04500  0.52211  0.52178 
 18.14500  0.52196  0.52163 
 18.24500  0.52180  0.52146 
 18.34500  0.52163  0.52130 
 18.44500  0.52146  0.52115 
 18.54500  0.52131  0.52098 
 18.64500  0.52114  0.52083 
 18.74500  0.52099  0.52066 
 18.84500  0.52082  0.52050 
 18.94500  0.52065  0.52034 
 19.04500  0.52049  0.52018 
 19.14500  0.52032  0.52002 
 19.24500  0.52014  0.51985 
 19.34500  0.51999  0.51968 
 19.44500  0.51982  0.51953 
 19.54500  0.51966  0.51936 
 19.64500  0.51948  0.51920 
 19.74500  0.51932  0.51904 
 19.84500  0.51915  0.51886 
 19.94500  0.51899  0.51870 
 20.04500  0.51881  0.51854 
 20.14500  0.51864  0.51836 
 20.24500  0.51847  0.51820 
 20.34500  0.51831  0.51804 
 20.44500  0.51812  0.51786 
 20.54500  0.51797  0.51769 
 20.64500  0.51779  0.51752 
 20.74500  0.51762  0.51735 
 20.84500  0.51745  0.51718 
 20.94500  0.51727  0.51702 
 21.04500  0.51711  0.51685 
 21.14500  0.51693  0.51666 
 21.24500  0.51675  0.51650 
 21.34500  0.51659  0.51634 
 21.44500  0.51642  0.51615 
 21.54500  0.51623  0.51598 
 21.64500  0.51607  0.51581 
 21.74500  0.51590  0.51564 
 21.84500  0.51573  0.51546 
 21.94500  0.51554  0.51529 
 22.04500  0.51538  0.51512 
 22.14500  0.51520  0.51495 
 22.24500  0.51501  0.51476 
 22.34500  0.51485  0.51459 
 22.44500  0.51465  0.51442 
 22.54500  0.51449  0.51424 
 22.64500  0.51430  0.51406 
 22.74500  0.51413  0.51389 
 22.84500  0.51395  0.51372 
 22.94500  0.51378  0.51354 
 23.04500  0.51359  0.51335 
 23.14500  0.51342  0.51318 
 23.24500  0.51323  0.51300 
 23.34500  0.51305  0.51283 
 23.44500  0.51287  0.51265 
 23.54500  0.51270  0.51246 
 23.64500  0.51251  0.51229 
 23.74500  0.51233  0.51211 
 23.84500  0.51216  0.51194 
 23.94500  0.51197  0.51175 
 24.04500  0.51178  0.51157 
 24.14500  0.51160  0.51139 
 24.24500  0.51142  0.51121 
 24.34500  0.51124  0.51104 
 24.44500  0.51106  0.51085 
 24.54500  0.51087  0.51067 
 24.64500  0.51069  0.51049 
 24.74500  0.51051  0.51031 
 24.84500  0.51032  0.51013 
 24.94500  0.51015  0.50995 
 25.04500  0.50996  0.50976 
 25.14500  0.50977  0.50958 
 25.24500  0.50958  0.50940 
 25.34500  0.50940  0.50922 
 25.44500  0.50921  0.50904 
 25.54500  0.50902  0.50885 
 25.64500  0.50884  0.50866 
 25.74500  0.50865  0.50848 
 25.84500  0.50846  0.50830 
 25.94500  0.50827  0.50812 
 26.04500  0.50809  0.50794 
 26.14500  0.50790  0.50775 
 26.24500  0.50772  0.50756 
 26.34500  0.50754  0.50738 
 26.44500  0.50734  0.50720 
 26.54500  0.50716  0.50701 
 26.64500  0.50697  0.50683 
 26.74500  0.50679  0.50665 
 26.84500  0.50658  0.50645 
 26.94500  0.50640  0.50627 
 27.04500  0.50622  0.50609 
 27.14500  0.50602  0.50590 
 27.24500  0.50583  0.50572 
 27.34500  0.50565  0.50553 
 27.44500  0.50545  0.50535 
 27.54500  0.50527  0.50516 
 27.64500  0.50508  0.50497 
 27.74500  0.50490  0.50479 
 27.84500  0.50470  0.50461 
 27.94500  0.50450  0.50442 
 28.04500  0.50432  0.50423 
 28.14500  0.50413  0.50405 
 28.24500  0.50394  0.50386 
 28.34500  0.50376  0.50367 
 28.44500  0.50355  0.50349 
 28.54500  0.50337  0.50330 
 28.64500  0.50319  0.50311 
 28.74500  0.50299  0.50293 
 28.84500  0.50280  0.50275 
 28.94500  0.50261  0.50255 
 29.04500  0.50244  0.50237 
 29.14500  0.50224  0.50218 
 29.24500  0.50205  0.50199 
 29.34500  0.50185  0.50181 
 29.44500  0.50168  0.50162 
 29.54500  0.50148  0.50144 
 29.64500  0.50129  0.50125 
 29.74500  0.50109  0.50106 
 29.84500  0.50091  0.50087 
 29.94500  0.50072  0.50069 
 30.04500  0.50053  0.50050 
 30.14500  0.50034  0.50031 
 30.24500  0.50015  0.50013 
 30.34500  0.49997  0.49994 
 30.44500  0.49977  0.49975 
 30.54500  0.49958  0.49956 
 30.64500  0.49940  0.49938 
 30.74500  0.49921  0.49919 
 30.84500  0.49901  0.49901 
 30.94500  0.49884  0.49882 
 31.04500  0.49864  0.49863 
 31.14500  0.49845  0.49845 
 31.24500  0.49826  0.49825 
 31.34500  0.49808  0.49807 
 31.44500  0.49788  0.49788 
 31.54500  0.49770  0.49770 
 31.64500  0.49751  0.49751 
 31.74500  0.49732  0.49733 
 31.84500  0.49713  0.49714 
 31.94500  0.49694  0.49695 
 32.04500  0.49677  0.49676 
 32.14500  0.49658  0.49658 
 32.24500  0.49638  0.49639 
 32.34500  0.49620  0.49621 
 32.44500  0.49600  0.49602 
 32.54500  0.49582  0.49584 
 32.64500  0.49563  0.49565 
 32.74500  0.49543  0.49546 
 32.84500  0.49526  0.49527 
 32.94500  0.49506  0.49509 
 33.04500  0.49487  0.49491 
 33.14500  0.49469  0.49472 
 33.24500  0.49451  0.49454 
 33.34500  0.49431  0.49435 
 33.44500  0.49413  0.49416 
 33.54500  0.49394  0.49398 
 33.64500  0.49376  0.49379 
 33.74500  0.49356  0.49361 
 33.84500  0.49338  0.49343 
 33.94500  0.49320  0.49325 
 34.04500  0.49299  0.49305 
 34.14500  0.49281  0.49287 
 34.24500  0.49262  0.49269 
 34.34500  0.49243  0.49251 
 34.44500  0.49226  0.49232 
 34.54500  0.49206  0.49214 
 34.64500  0.49189  0.49195 
 34.74500  0.49169  0.49177 
 34.84500  0.49150  0.49159 
 34.94500  0.49132  0.49140 
 35.04500  0.49113  0.49122 
 35.14500  0.49095  0.49104 
 35.24500  0.49076  0.49085 
 35.34500  0.49058  0.49067 
 35.44500  0.49039  0.49049 
 35.54500  0.49019  0.49031 
 35.64500  0.49002  0.49013 
 35.74500  0.48983  0.48995 
 35.84500  0.48964  0.48976 
 35.94500  0.48946  0.48958 
 36.04500  0.48927  0.48940 
 36.14500  0.48910  0.48922 
 36.24500  0.48891  0.48904 
 36.34500  0.48873  0.48886 
 36.44500  0.48854  0.48868 
 36.54500  0.48835  0.48850 
 36.64500  0.48817  0.48832 
 36.74500  0.48797  0.48814 
 36.84500  0.48781  0.48796 
 36.94500  0.48762  0.48778 
 37.04500  0.48744  0.48760 
 37.14500  0.48725  0.48743 
 37.24500  0.48708  0.48725 
 37.34500  0.48689  0.48706 
 37.44500  0.48670  0.48689 
 37.54500  0.48653  0.48671 
 37.64500  0.48635  0.48654 
 37.74500  0.48617  0.48635 
 37.84500  0.48598  0.48618 
 37.94500  0.48581  0.48600 
 38.04500  0.48562  0.48583 
 38.14500  0.48544  0.48565 
 38.24500  0.48527  0.48547 
 38.34500  0.48509  0.48530 
 38.44500  0.48491  0.48513 
 38.54500  0.48473  0.48495 
 38.64500  0.48455  0.48477 
 38.74500  0.48438  0.48460 
 38.84500  0.48419  0.48443 
 38.94500  0.48403  0.48425 
 39.04500  0.48386  0.48408 
 39.14500  0.48367  0.48390 
 39.24500  0.48349  0.48374 
 39.34500  0.48333  0.48356 
 39.44500  0.48315  0.48338 
 39.54500  0.48298  0.48322 
 39.64500  0.48280  0.48305 
 39.74500  0.48263  0.48287 
 39.84500  0.48246  0.48270 
 39.94500  0.48228  0.48254 
 40.04500  0.48211  0.48236 
 40.14500  0.48195  0.48220 
 40.24500  0.48176  0.48202 
 40.34500  0.48161  0.48185 
 40.44500  0.48143  0.48168 
 40.54500  0.48126  0.48152 
 40.64500  0.48109  0.48135 
 40.74500  0.48092  0.48118 
 40.84500  0.48076  0.48102 
 40.94500  0.48059  0.48085 
 41.04500  0.48043  0.48068 
 41.14500  0.48025  0.48052 
 41.24500  0.48009  0.48035 
 41.34500  0.47991  0.48018 
 41.44500  0.47975  0.48002 
 41.54500  0.47959  0.47985 
 41.64500  0.47942  0.47968 
 41.74500  0.47925  0.47953 
 41.84500  0.47909  0.47936 
 41.94500  0.47893  0.47920 
 42.04500  0.47876  0.47904 
 42.14500  0.47860  0.47886 
 42.24500  0.47844  0.47872 
 42.34500  0.47827  0.47855 
 42.44500  0.47811  0.47838 
 42.54500  0.47795  0.47824 
 42.64500  0.47779  0.47806 
 42.74500  0.47764  0.47791 
 42.84500  0.47745  0.47775 
 42.94500  0.47730  0.47759 
 43.04500  0.47715  0.47744 
 43.14500  0.47698  0.47727 
 43.24500  0.47682  0.47712 
 43.34500  0.47666  0.47696 
 43.44500  0.47650  0.47680 
 43.54500  0.47634  0.47665 
 43.64500  0.47619  0.47649 
 43.74500  0.47602  0.47634 
 43.84500  0.47587  0.47618 
 43.94500  0.47572  0.47604 
 44.04500  0.47556  0.47587 
 44.14500  0.47541  0.47573 
 44.24500  0.47526  0.47556 
 44.34500  0.47510  0.47542 
 44.44500  0.47494  0.47526 
 44.54500  0.47479  0.47512 
 44.64500  0.47463  0.47496 
 44.74500  0.47448  0.47482 
 44.84500  0.47433  0.47466 
 44.94500  0.47417  0.47452 
 45.04500  0.47403  0.47436 
 45.14500  0.47388  0.47423 
 45.24500  0.47372  0.47406 
 45.34500  0.47357  0.47393 
 45.44500  0.47343  0.47377 
 45.54500  0.47327  0.47364 
 45.64500  0.47313  0.47349 
 45.74500  0.47299  0.47334 
 45.84500  0.47283  0.47319 
 45.94500  0.47268  0.47305 
 46.04500  0.47255  0.47291 
 46.14500  0.47240  0.47276 
 46.24500  0.47225  0.47263 
 46.34500  0.47210  0.47248 
 46.44500  0.47196  0.47235 
 46.54500  0.47182  0.47221 
 46.64500  0.47167  0.47206 
 46.74500  0.47154  0.47193 
 46.84500  0.47139  0.47179 
 46.94500  0.47125  0.47165 
 47.04500  0.47111  0.47152 
 47.14500  0.47098  0.47137 
 47.24500  0.47084  0.47124 
 47.34500  0.47071  0.47111 
 47.44500  0.47057  0.47097 
 47.54500  0.47042  0.47084 
 47.64500  0.47029  0.47070 
 47.74500  0.47015  0.47057 
 47.84500  0.47003  0.47044 
 47.94500  0.46989  0.47031 
 48.04500  0.46976  0.47017 
 48.14500  0.46962  0.47005 
 48.24500  0.46949  0.46992 
 48.34500  0.46936  0.46978 
 48.44500  0.46922  0.46966 
 48.54500  0.46909  0.46954 
 48.64500  0.46897  0.46940 
 48.74500  0.46884  0.46927 
 48.84500  0.46872  0.46915 
 48.94500  0.46859  0.46903 
 49.04500  0.46847  0.46890 
 49.14500  0.46834  0.46877 
 49.24500  0.46822  0.46866 
 49.34500  0.46810  0.46854 
 49.44500  0.46797  0.46842 
 49.54500  0.46784  0.46829 
 49.64500  0.46773  0.46817 
 49.74500  0.46761  0.46805 
 49.84500  0.46749  0.46794 
 49.94500  0.46737  0.46782 
 50.04500  0.46726  0.46770 
 50.14500  0.46714  0.46758 
 50.24500  0.46702  0.46746 
 50.34500  0.46691  0.46735 
 50.44500  0.46678  0.46724 
 50.54500  0.46667  0.46713 
 50.64500  0.46656  0.46702 
 50.74500  0.46644  0.46689 
 50.84500  0.46634  0.46678 
 50.94500  0.46623  0.46667 
 51.04500  0.46611  0.46657 
 51.14500  0.46600  0.46646 
 51.24500  0.46589  0.46635 
 51.34500  0.46578  0.46624 
 51.44500  0.46567  0.46614 
 51.54500  0.46558  0.46603 
 51.64500  0.46545  0.46592 
 51.74500  0.46536  0.46582 
 51.84500  0.46525  0.46572 
 51.94500  0.46515  0.46561 
 52.04500  0.46505  0.46551 
 52.14500  0.46494  0.46541 
 52.24500  0.46484  0.46531 
 52.34500  0.46474  0.46521 
 52.44500  0.46464  0.46511 
 52.54500  0.46454  0.46501 
 52.64500  0.46444  0.46491 
 52.74500  0.46434  0.46482 
 52.84500  0.46426  0.46472 
 52.94500  0.46415  0.46463 
 53.04500  0.46404  0.46453 
 53.14500  0.46394  0.46444 
 53.24500  0.46385  0.46435 
 53.34500  0.46377  0.46426 
 53.44500  0.46368  0.46417 
 53.54500  0.46358  0.46408 
 53.64500  0.46349  0.46399 
 53.74500  0.46340  0.46390 
 53.84500  0.46331  0.46380 
 53.94500  0.46323  0.46372 
 54.04500  0.46313  0.46364 
 54.14500  0.46305  0.46355 
 54.24500  0.46295  0.46347 
 54.34500  0.46288  0.46339 
 54.44500  0.46279  0.46330 
 54.54500  0.46270  0.46321 
 54.64500  0.46262  0.46314 
 54.74500  0.46256  0.46306 
 54.84500  0.46246  0.46299 
 54.94500  0.46239  0.46290 
 55.04500  0.46231  0.46282 
 55.14500  0.46222  0.46275 
 55.24500  0.46216  0.46268 
 55.34500  0.46206  0.46260 
 55.44500  0.46200  0.46252 
 55.54500  0.46192  0.46246 
 55.64500  0.46186  0.46240 
 55.74500  0.46178  0.46230 
 55.84500  0.46170  0.46224 
 55.94500  0.46165  0.46218 
 56.04500  0.46156  0.46210 
 56.14500  0.46150  0.46203 
 56.24500  0.46142  0.46198 
 56.34500  0.46136  0.46190 
 56.44500  0.46131  0.46184 
 56.54500  0.46122  0.46180 
 56.64500  0.46118  0.46170 
 56.74500  0.46110  0.46166 
 56.84500  0.46106  0.46160 
 56.94500  0.46098  0.46152 
 57.04500  0.46093  0.46149 
 57.14500  0.46085  0.46140 
 57.24500  0.46080  0.46137 
 57.34500  0.46075  0.46130 
 57.44500  0.46068  0.46125 
 57.54500  0.46065  0.46120 
 57.64500  0.46059  0.46113 
 57.74500  0.46054  0.46110 
 57.84500  0.46049  0.46102 
 57.94500  0.46043  0.46100 
 58.04500  0.46037  0.46092 
 58.14500  0.46033  0.46090 
 58.24500  0.46031  0.46083 
 58.34500  0.46021  0.46080 
 58.44500  0.46020  0.46075 
 58.54500  0.46015  0.46070 
 58.64500  0.46010  0.46067 
 58.74500  0.46008  0.46060 
 58.84500  0.46002  0.46060 
 58.94500  0.45999  0.46051 
 59.04500  0.45997  0.46050 
 59.14500  0.45989  0.46046 
 59.24500  0.45987  0.46040 
 59.34500  0.45984  0.46040 
 59.44500  0.45980  0.46033 
 59.54500  0.45976  0.46030 
 59.64500  0.45975  0.46030 
 59.74500  0.45970  0.46022 
 59.84500  0.45967  0.46020 
 59.94500  0.45963  0.46020 
 60.04500  0.45962  0.46014 
 60.14500  0.45959  0.46010 
 60.24500  0.45953  0.46010 
 60.34500  0.45953  0.46010 
 60.44500  0.45950  0.46000 
 60.54500  0.45947  0.46000 
 60.64500  0.45947  0.46000 
 60.74500  0.45944  0.46000 
 60.84500  0.45940  0.45991 
 60.94500  0.45936  0.45990 
 61.04500  0.45935  0.45990 
 61.14500  0.45938  0.45990 
 61.24500  0.45937  0.45990 
 61.34500  0.45931  0.45982 
 61.44500  0.45931  0.45980 
 61.54500  0.45928  0.45980 
 61.64500  0.45927  0.45980 
 61.74500  0.45926  0.45980 
 61.84500  0.45925  0.45980 
 61.94500  0.45923  0.45980 
 62.04500  0.45923  0.45975 
 62.14500  0.45923  0.45970 
 62.24500  0.45923  0.45970 
 62.34500  0.45923  0.45970 
 62.44500  0.45920  0.45970 
 62.54500  0.45920  0.45970 
 62.64500  0.45919  0.45970 
 62.74500  0.45916  0.45970 
 62.84500  0.45916  0.45970 
 62.94500  0.45916  0.45970 
