  0.04500  0.49848  0.49840 
  0.14500  0.49848  0.49840 
  0.24500  0.49847  0.49840 
  0.34500  0.49847  0.49840 
  0.44500  0.49848  0.49840 
  0.54500  0.49848  0.49840 
  0.64500  0.49848  0.49840 
  0.74500  0.49848  0.49840 
  0.84500  0.49848  0.49840 
  0.94500  0.49848  0.49840 
  1.04500  0.49848  0.49840 
  1.14500  0.49848  0.49840 
  1.24500  0.49848  0.49840 
  1.34500  0.49848  0.49840 
  1.44500  0.49849  0.49840 
  1.54500  0.49849  0.49840 
  1.64500  0.49850  0.49840 
  1.74500  0.49849  0.49840 
  1.84500  0.49849  0.49840 
  1.94500  0.49849  0.49840 
  2.04500  0.49850  0.49840 
  2.14500  0.49850  0.49840 
  2.24500  0.49850  0.49840 
  2.34500  0.49850  0.49840 
  2.44500  0.49850  0.49840 
  2.54500  0.49851  0.49840 
  2.64500  0.49851  0.49840 
  2.74500  0.49851  0.49840 
  2.84500  0.49851  0.49840 
  2.94500  0.49852  0.49840 
  3.04500  0.49852  0.49840 
  3.14500  0.49852  0.49840 
  3.24500  0.49852  0.49840 
  3.34500  0.49852  0.49840 
  3.44500  0.49852  0.49840 
  3.54500  0.49853  0.49840 
  3.64500  0.49852  0.49840 
  3.74500  0.49853  0.49840 
  3.84500  0.49854  0.49840 
  3.94500  0.49854  0.49840 
  4.04500  0.49854  0.49840 
  4.14500  0.49854  0.49840 
  4.24500  0.49855  0.49840 
  4.34500  0.49855  0.49840 
  4.44500  0.49854  0.49840 
  4.54500  0.49854  0.49840 
  4.64500  0.49856  0.49840 
  4.74500  0.49856  0.49840 
  4.84500  0.49855  0.49840 
  4.94500  0.49855  0.49840 
  5.04500  0.49855  0.49840 
  5.14500  0.49854  0.49840 
  5.24500  0.49855  0.49840 
  5.34500  0.49855  0.49840 
  5.44500  0.49855  0.49840 
  5.54500  0.49855  0.49840 
  5.64500  0.49855  0.49840 
  5.74500  0.49855  0.49840 
  5.84500  0.49855  0.49840 
  5.94500  0.49855  0.49840 
  6.04500  0.49855  0.49840 
  6.14500  0.49855  0.49840 
  6.24500  0.49855  0.49840 
  6.34500  0.49855  0.49840 
  6.44500  0.49856  0.49840 
  6.54500  0.49855  0.49840 
  6.64500  0.49856  0.49840 
  6.74500  0.49856  0.49840 
  6.84500  0.49856  0.49840 
  6.94500  0.49856  0.49840 
  7.04500  0.49856  0.49836 
  7.14500  0.49854  0.49830 
  7.24500  0.49854  0.49830 
  7.34500  0.49854  0.49830 
  7.44500  0.49854  0.49830 
  7.54500  0.49854  0.49830 
  7.64500  0.49853  0.49830 
  7.74500  0.49853  0.49830 
  7.84500  0.49854  0.49830 
  7.94500  0.49854  0.49830 
  8.04500  0.49853  0.49830 
  8.14500  0.49853  0.49830 
  8.24500  0.49853  0.49830 
  8.34500  0.49853  0.49830 
  8.44500  0.49853  0.49830 
  8.54500  0.49853  0.49830 
  8.64500  0.49853  0.49830 
  8.74500  0.49851  0.49830 
  8.84500  0.49851  0.49830 
  8.94500  0.49852  0.49830 
  9.04500  0.49852  0.49830 
  9.14500  0.49852  0.49830 
  9.24500  0.49852  0.49830 
  9.34500  0.49852  0.49830 
  9.44500  0.49852  0.49830 
  9.54500  0.49851  0.49830 
  9.64500  0.49851  0.49830 
  9.74500  0.49852  0.49830 
  9.84500  0.49851  0.49830 
  9.94500  0.49851  0.49830 
 10.04500  0.49851  0.49830 
 10.14500  0.49850  0.49830 
 10.24500  0.49850  0.49830 
 10.34500  0.49850  0.49830 
 10.44500  0.49850  0.49830 
 10.54500  0.49850  0.49830 
 10.64500  0.49850  0.49830 
 10.74500  0.49850  0.49830 
 10.84500  0.49850  0.49830 
 10.94500  0.49850  0.49830 
 11.04500  0.49851  0.49830 
 11.14500  0.49851  0.49830 
 11.24500  0.49850  0.49830 
 11.34500  0.49850  0.49830 
 11.44500  0.49850  0.49830 
 11.54500  0.49850  0.49830 
 11.64500  0.49850  0.49830 
 11.74500  0.49849  0.49830 
 11.84500  0.49849  0.49830 
 11.94500  0.49848  0.49830 
 12.04500  0.49848  0.49830 
 12.14500  0.49847  0.49830 
 12.24500  0.49847  0.49830 
 12.34500  0.49848  0.49830 
 12.44500  0.49847  0.49830 
 12.54500  0.49847  0.49830 
 12.64500  0.49847  0.49830 
 12.74500  0.49847  0.49830 
 12.84500  0.49846  0.49830 
 12.94500  0.49848  0.49830 
 13.04500  0.49848  0.49830 
 13.14500  0.49847  0.49830 
 13.24500  0.49847  0.49830 
 13.34500  0.49848  0.49830 
 13.44500  0.49847  0.49830 
 13.54500  0.49846  0.49830 
 13.64500  0.49847  0.49830 
 13.74500  0.49847  0.49830 
 13.84500  0.49847  0.49830 
 13.94500  0.49848  0.49830 
 14.04500  0.49848  0.49830 
 14.14500  0.49848  0.49830 
 14.24500  0.49848  0.49830 
 14.34500  0.49848  0.49830 
 14.44500  0.49847  0.49830 
 14.54500  0.49848  0.49830 
 14.64500  0.49848  0.49830 
 14.74500  0.49848  0.49830 
 14.84500  0.49847  0.49830 
 14.94500  0.49848  0.49830 
 15.04500  0.49847  0.49830 
 15.14500  0.49848  0.49830 
 15.24500  0.49848  0.49830 
 15.34500  0.49847  0.49830 
 15.44500  0.49847  0.49830 
 15.54500  0.49847  0.49830 
 15.64500  0.49847  0.49830 
 15.74500  0.49846  0.49830 
 15.84500  0.49846  0.49830 
 15.94500  0.49846  0.49830 
 16.04500  0.49847  0.49830 
 16.14500  0.49846  0.49830 
 16.24500  0.49845  0.49830 
 16.34500  0.49845  0.49830 
 16.44500  0.49845  0.49830 
 16.54500  0.49845  0.49830 
 16.64500  0.49845  0.49830 
 16.74500  0.49845  0.49830 
 16.84500  0.49845  0.49830 
 16.94500  0.49845  0.49830 
 17.04500  0.49844  0.49830 
 17.14500  0.49844  0.49830 
 17.24500  0.49844  0.49830 
 17.34500  0.49844  0.49830 
 17.44500  0.49843  0.49830 
 17.54500  0.49843  0.49830 
 17.64500  0.49843  0.49830 
 17.74500  0.49841  0.49830 
 17.84500  0.49842  0.49830 
 17.94500  0.49841  0.49830 
 18.04500  0.49842  0.49830 
 18.14500  0.49842  0.49830 
 18.24500  0.49841  0.49830 
 18.34500  0.49841  0.49830 
 18.44500  0.49841  0.49830 
 18.54500  0.49841  0.49830 
 18.64500  0.49839  0.49830 
 18.74500  0.49838  0.49830 
 18.84500  0.49839  0.49830 
 18.94500  0.49839  0.49830 
 19.04500  0.49839  0.49830 
 19.14500  0.49839  0.49830 
 19.24500  0.49839  0.49830 
 19.34500  0.49839  0.49830 
 19.44500  0.49838  0.49830 
 19.54500  0.49838  0.49830 
 19.64500  0.49838  0.49830 
 19.74500  0.49838  0.49830 
 19.84500  0.49838  0.49830 
 19.94500  0.49838  0.49830 
 20.04500  0.49838  0.49830 
 20.14500  0.49838  0.49830 
 20.24500  0.49837  0.49830 
 20.34500  0.49838  0.49830 
 20.44500  0.49838  0.49830 
 20.54500  0.49837  0.49830 
 20.64500  0.49837  0.49830 
 20.74500  0.49837  0.49830 
 20.84500  0.49837  0.49830 
 20.94500  0.49836  0.49830 
 21.04500  0.49836  0.49830 
 21.14500  0.49837  0.49830 
 21.24500  0.49837  0.49830 
 21.34500  0.49836  0.49830 
 21.44500  0.49836  0.49830 
 21.54500  0.49837  0.49830 
 21.64500  0.49835  0.49830 
 21.74500  0.49835  0.49830 
 21.84500  0.49835  0.49830 
 21.94500  0.49835  0.49830 
 22.04500  0.49835  0.49830 
 22.14500  0.49835  0.49830 
 22.24500  0.49835  0.49830 
 22.34500  0.49834  0.49830 
 22.44500  0.49834  0.49830 
 22.54500  0.49834  0.49830 
 22.64500  0.49834  0.49830 
 22.74500  0.49834  0.49830 
 22.84500  0.49835  0.49830 
 22.94500  0.49835  0.49830 
 23.04500  0.49834  0.49830 
 23.14500  0.49834  0.49830 
 23.24500  0.49834  0.49830 
 23.34500  0.49834  0.49830 
 23.44500  0.49835  0.49830 
 23.54500  0.49835  0.49830 
 23.64500  0.49835  0.49830 
 23.74500  0.49834  0.49830 
 23.84500  0.49833  0.49830 
 23.94500  0.49833  0.49830 
 24.04500  0.49834  0.49830 
 24.14500  0.49834  0.49830 
 24.24500  0.49834  0.49830 
 24.34500  0.49833  0.49830 
 24.44500  0.49833  0.49830 
 24.54500  0.49833  0.49830 
 24.64500  0.49834  0.49830 
 24.74500  0.49833  0.49830 
 24.84500  0.49833  0.49830 
 24.94500  0.49833  0.49830 
 25.04500  0.49832  0.49830 
 25.14500  0.49832  0.49830 
 25.24500  0.49833  0.49830 
 25.34500  0.49833  0.49830 
 25.44500  0.49833  0.49830 
 25.54500  0.49833  0.49830 
 25.64500  0.49832  0.49830 
 25.74500  0.49832  0.49830 
 25.84500  0.49831  0.49830 
 25.94500  0.49832  0.49830 
 26.04500  0.49832  0.49830 
 26.14500  0.49832  0.49830 
 26.24500  0.49830  0.49830 
 26.34500  0.49828  0.49830 
 26.44500  0.49828  0.49830 
 26.54500  0.49828  0.49829 
 26.64500  0.49828  0.49820 
 26.74500  0.49828  0.49820 
 26.84500  0.49829  0.49820 
 26.94500  0.49827  0.49820 
 27.04500  0.49827  0.49820 
 27.14500  0.49827  0.49820 
 27.24500  0.49827  0.49820 
 27.34500  0.49827  0.49820 
 27.44500  0.49827  0.49820 
 27.54500  0.49827  0.49820 
 27.64500  0.49825  0.49820 
 27.74500  0.49826  0.49820 
 27.84500  0.49826  0.49820 
 27.94500  0.49826  0.49820 
 28.04500  0.49825  0.49820 
 28.14500  0.49826  0.49820 
 28.24500  0.49825  0.49820 
 28.34500  0.49825  0.49820 
 28.44500  0.49825  0.49820 
 28.54500  0.49824  0.49820 
 28.64500  0.49824  0.49820 
 28.74500  0.49824  0.49820 
 28.84500  0.49823  0.49820 
 28.94500  0.49823  0.49820 
 29.04500  0.49823  0.49820 
 29.14500  0.49822  0.49820 
 29.24500  0.49822  0.49820 
 29.34500  0.49822  0.49820 
 29.44500  0.49822  0.49820 
 29.54500  0.49822  0.49820 
 29.64500  0.49821  0.49820 
 29.74500  0.49822  0.49820 
 29.84500  0.49822  0.49820 
 29.94500  0.49822  0.49820 
 30.04500  0.49822  0.49820 
 30.14500  0.49821  0.49820 
 30.24500  0.49820  0.49820 
 30.34500  0.49820  0.49820 
 30.44500  0.49820  0.49820 
 30.54500  0.49821  0.49820 
 30.64500  0.49821  0.49820 
 30.74500  0.49820  0.49820 
 30.84500  0.49820  0.49820 
 30.94500  0.49820  0.49820 
 31.04500  0.49820  0.49820 
 31.14500  0.49821  0.49820 
 31.24500  0.49820  0.49820 
 31.34500  0.49819  0.49820 
 31.44500  0.49821  0.49820 
 31.54500  0.49820  0.49820 
 31.64500  0.49820  0.49820 
 31.74500  0.49820  0.49820 
 31.84500  0.49821  0.49820 
 31.94500  0.49820  0.49820 
 32.04500  0.49820  0.49820 
 32.14500  0.49820  0.49820 
 32.24500  0.49821  0.49820 
 32.34500  0.49821  0.49820 
 32.44500  0.49821  0.49820 
 32.54500  0.49821  0.49820 
 32.64500  0.49821  0.49820 
 32.74500  0.49821  0.49820 
 32.84500  0.49821  0.49820 
 32.94500  0.49821  0.49820 
 33.04500  0.49820  0.49820 
 33.14500  0.49820  0.49820 
 33.24500  0.49819  0.49820 
 33.34500  0.49819  0.49820 
 33.44500  0.49820  0.49820 
 33.54500  0.49820  0.49820 
 33.64500  0.49820  0.49820 
 33.74500  0.49820  0.49820 
 33.84500  0.49819  0.49820 
 33.94500  0.49819  0.49820 
 34.04500  0.49818  0.49820 
 34.14500  0.49818  0.49820 
 34.24500  0.49818  0.49820 
 34.34500  0.49818  0.49820 
 34.44500  0.49817  0.49820 
 34.54500  0.49817  0.49820 
 34.64500  0.49817  0.49820 
 34.74500  0.49817  0.49820 
 34.84500  0.49817  0.49820 
 34.94500  0.49817  0.49820 
 35.04500  0.49817  0.49820 
 35.14500  0.49816  0.49820 
 35.24500  0.49816  0.49820 
 35.34500  0.49815  0.49820 
 35.44500  0.49815  0.49820 
 35.54500  0.49815  0.49820 
 35.64500  0.49814  0.49820 
 35.74500  0.49814  0.49820 
 35.84500  0.49813  0.49820 
 35.94500  0.49813  0.49820 
 36.04500  0.49814  0.49820 
 36.14500  0.49813  0.49820 
 36.24500  0.49812  0.49820 
 36.34500  0.49811  0.49820 
 36.44500  0.49812  0.49820 
 36.54500  0.49812  0.49820 
 36.64500  0.49811  0.49820 
 36.74500  0.49811  0.49820 
 36.84500  0.49811  0.49820 
 36.94500  0.49810  0.49820 
 37.04500  0.49810  0.49820 
 37.14500  0.49809  0.49820 
 37.24500  0.49810  0.49820 
 37.34500  0.49810  0.49820 
 37.44500  0.49810  0.49820 
 37.54500  0.49809  0.49820 
 37.64500  0.49808  0.49820 
 37.74500  0.49807  0.49820 
 37.84500  0.49807  0.49820 
 37.94500  0.49807  0.49820 
 38.04500  0.49806  0.49820 
 38.14500  0.49806  0.49820 
 38.24500  0.49806  0.49820 
 38.34500  0.49805  0.49820 
 38.44500  0.49805  0.49820 
 38.54500  0.49806  0.49820 
 38.64500  0.49805  0.49820 
 38.74500  0.49805  0.49820 
 38.84500  0.49805  0.49820 
 38.94500  0.49805  0.49820 
 39.04500  0.49805  0.49820 
 39.14500  0.49805  0.49820 
 39.24500  0.49805  0.49820 
 39.34500  0.49805  0.49820 
 39.44500  0.49805  0.49820 
 39.54500  0.49806  0.49820 
 39.64500  0.49805  0.49820 
 39.74500  0.49805  0.49820 
 39.84500  0.49805  0.49820 
 39.94500  0.49805  0.49820 
 40.04500  0.49805  0.49820 
 40.14500  0.49804  0.49820 
 40.24500  0.49805  0.49820 
 40.34500  0.49804  0.49820 
 40.44500  0.49804  0.49820 
 40.54500  0.49805  0.49820 
 40.64500  0.49805  0.49820 
 40.74500  0.49805  0.49820 
 40.84500  0.49805  0.49820 
 40.94500  0.49805  0.49814 
 41.04500  0.49805  0.49810 
 41.14500  0.49805  0.49810 
 41.24500  0.49804  0.49810 
 41.34500  0.49806  0.49810 
 41.44500  0.49806  0.49810 
 41.54500  0.49806  0.49810 
 41.64500  0.49805  0.49810 
 41.74500  0.49805  0.49810 
 41.84500  0.49805  0.49810 
 41.94500  0.49805  0.49810 
 42.04500  0.49806  0.49810 
 42.14500  0.49806  0.49810 
 42.24500  0.49806  0.49810 
 42.34500  0.49805  0.49810 
 42.44500  0.49805  0.49810 
 42.54500  0.49804  0.49810 
 42.64500  0.49804  0.49810 
 42.74500  0.49803  0.49810 
 42.84500  0.49804  0.49810 
 42.94500  0.49804  0.49810 
 43.04500  0.49804  0.49810 
 43.14500  0.49803  0.49810 
 43.24500  0.49804  0.49810 
 43.34500  0.49804  0.49810 
 43.44500  0.49804  0.49810 
 43.54500  0.49804  0.49810 
 43.64500  0.49804  0.49810 
 43.74500  0.49804  0.49810 
 43.84500  0.49803  0.49810 
 43.94500  0.49802  0.49810 
 44.04500  0.49802  0.49810 
 44.14500  0.49802  0.49810 
 44.24500  0.49802  0.49810 
 44.34500  0.49802  0.49810 
 44.44500  0.49802  0.49810 
 44.54500  0.49802  0.49810 
 44.64500  0.49801  0.49810 
 44.74500  0.49801  0.49810 
 44.84500  0.49801  0.49810 
 44.94500  0.49801  0.49810 
 45.04500  0.49801  0.49810 
 45.14500  0.49801  0.49810 
 45.24500  0.49800  0.49810 
 45.34500  0.49800  0.49810 
 45.44500  0.49799  0.49810 
 45.54500  0.49798  0.49810 
 45.64500  0.49799  0.49810 
 45.74500  0.49799  0.49810 
 45.84500  0.49799  0.49810 
 45.94500  0.49798  0.49810 
 46.04500  0.49799  0.49810 
 46.14500  0.49799  0.49810 
 46.24500  0.49798  0.49810 
 46.34500  0.49798  0.49810 
 46.44500  0.49798  0.49810 
 46.54500  0.49797  0.49810 
 46.64500  0.49797  0.49810 
 46.74500  0.49797  0.49810 
 46.84500  0.49797  0.49810 
 46.94500  0.49798  0.49810 
 47.04500  0.49797  0.49810 
 47.14500  0.49796  0.49810 
 47.24500  0.49795  0.49810 
 47.34500  0.49795  0.49810 
 47.44500  0.49795  0.49810 
 47.54500  0.49795  0.49810 
 47.64500  0.49795  0.49810 
 47.74500  0.49795  0.49810 
 47.84500  0.49795  0.49810 
 47.94500  0.49795  0.49810 
 48.04500  0.49795  0.49810 
 48.14500  0.49794  0.49810 
 48.24500  0.49795  0.49810 
 48.34500  0.49795  0.49810 
 48.44500  0.49794  0.49810 
 48.54500  0.49794  0.49810 
 48.64500  0.49794  0.49810 
 48.74500  0.49794  0.49810 
 48.84500  0.49794  0.49810 
 48.94500  0.49793  0.49810 
 49.04500  0.49793  0.49810 
 49.14500  0.49793  0.49810 
 49.24500  0.49793  0.49810 
 49.34500  0.49794  0.49810 
 49.44500  0.49794  0.49810 
 49.54500  0.49794  0.49810 
 49.64500  0.49794  0.49810 
 49.74500  0.49795  0.49810 
 49.84500  0.49795  0.49810 
 49.94500  0.49793  0.49810 
 50.04500  0.49793  0.49810 
 50.14500  0.49794  0.49810 
 50.24500  0.49794  0.49810 
 50.34500  0.49794  0.49810 
 50.44500  0.49794  0.49810 
 50.54500  0.49794  0.49810 
 50.64500  0.49794  0.49810 
 50.74500  0.49794  0.49810 
 50.84500  0.49795  0.49810 
 50.94500  0.49794  0.49810 
 51.04500  0.49794  0.49810 
 51.14500  0.49794  0.49810 
 51.24500  0.49794  0.49810 
 51.34500  0.49795  0.49810 
 51.44500  0.49794  0.49810 
 51.54500  0.49795  0.49810 
 51.64500  0.49795  0.49810 
 51.74500  0.49795  0.49810 
 51.84500  0.49794  0.49810 
 51.94500  0.49795  0.49810 
 52.04500  0.49795  0.49810 
 52.14500  0.49794  0.49810 
 52.24500  0.49793  0.49810 
 52.34500  0.49793  0.49810 
 52.44500  0.49793  0.49810 
 52.54500  0.49793  0.49810 
 52.64500  0.49793  0.49810 
 52.74500  0.49793  0.49810 
 52.84500  0.49793  0.49810 
 52.94500  0.49793  0.49810 
 53.04500  0.49793  0.49810 
 53.14500  0.49793  0.49810 
 53.24500  0.49793  0.49810 
 53.34500  0.49793  0.49810 
 53.44500  0.49792  0.49810 
 53.54500  0.49792  0.49810 
 53.64500  0.49792  0.49810 
 53.74500  0.49790  0.49810 
 53.84500  0.49791  0.49810 
 53.94500  0.49790  0.49810 
 54.04500  0.49790  0.49810 
 54.14500  0.49790  0.49810 
 54.24500  0.49790  0.49810 
 54.34500  0.49790  0.49810 
 54.44500  0.49790  0.49810 
 54.54500  0.49791  0.49810 
 54.64500  0.49790  0.49810 
 54.74500  0.49789  0.49810 
 54.84500  0.49789  0.49810 
 54.94500  0.49789  0.49810 
 55.04500  0.49789  0.49810 
 55.14500  0.49789  0.49810 
 55.24500  0.49788  0.49810 
 55.34500  0.49788  0.49810 
 55.44500  0.49788  0.49810 
 55.54500  0.49788  0.49810 
 55.64500  0.49788  0.49810 
 55.74500  0.49786  0.49810 
 55.84500  0.49786  0.49810 
 55.94500  0.49786  0.49810 
 56.04500  0.49787  0.49810 
 56.14500  0.49787  0.49810 
 56.24500  0.49787  0.49810 
 56.34500  0.49786  0.49810 
 56.44500  0.49786  0.49810 
 56.54500  0.49786  0.49810 
 56.64500  0.49785  0.49810 
 56.74500  0.49786  0.49810 
 56.84500  0.49785  0.49810 
 56.94500  0.49785  0.49810 
 57.04500  0.49786  0.49810 
 57.14500  0.49786  0.49810 
 57.24500  0.49785  0.49810 
 57.34500  0.49787  0.49810 
 57.44500  0.49786  0.49810 
 57.54500  0.49786  0.49810 
 57.64500  0.49786  0.49810 
 57.74500  0.49786  0.49810 
 57.84500  0.49786  0.49810 
 57.94500  0.49786  0.49810 
 58.04500  0.49787  0.49810 
 58.14500  0.49786  0.49810 
 58.24500  0.49785  0.49810 
 58.34500  0.49785  0.49810 
 58.44500  0.49786  0.49810 
 58.54500  0.49786  0.49810 
 58.64500  0.49785  0.49810 
 58.74500  0.49786  0.49810 
 58.84500  0.49786  0.49810 
 58.94500  0.49786  0.49810 
 59.04500  0.49785  0.49810 
 59.14500  0.49785  0.49810 
 59.24500  0.49785  0.49810 
 59.34500  0.49785  0.49810 
 59.44500  0.49785  0.49810 
 59.54500  0.49786  0.49810 
 59.64500  0.49787  0.49810 
 59.74500  0.49786  0.49810 
 59.84500  0.49786  0.49810 
 59.94500  0.49787  0.49810 
 60.04500  0.49788  0.49810 
 60.14500  0.49788  0.49810 
 60.24500  0.49788  0.49810 
 60.34500  0.49788  0.49810 
 60.44500  0.49788  0.49810 
 60.54500  0.49788  0.49810 
 60.64500  0.49788  0.49810 
 60.74500  0.49789  0.49810 
 60.84500  0.49790  0.49810 
 60.94500  0.49789  0.49810 
 61.04500  0.49789  0.49810 
 61.14500  0.49789  0.49810 
 61.24500  0.49789  0.49810 
 61.34500  0.49790  0.49810 
 61.44500  0.49790  0.49810 
 61.54500  0.49790  0.49810 
 61.64500  0.49790  0.49810 
 61.74500  0.49791  0.49810 
 61.84500  0.49791  0.49810 
 61.94500  0.49791  0.49810 
 62.04500  0.49791  0.49810 
 62.14500  0.49791  0.49810 
 62.24500  0.49792  0.49810 
 62.34500  0.49791  0.49810 
 62.44500  0.49791  0.49810 
 62.54500  0.49791  0.49810 
 62.64500  0.49791  0.49810 
 62.74500  0.49791  0.49810 
 62.84500  0.49791  0.49810 
 62.94500  0.49791  0.49810 
