  0.04500  0.68225  0.68230 
  0.14500  0.68218  0.68224 
  0.24500  0.68207  0.68213 
  0.34500  0.68188  0.68195 
  0.44500  0.68167  0.68171 
  0.54500  0.68137  0.68142 
  0.64500  0.68102  0.68107 
  0.74500  0.68062  0.68067 
  0.84500  0.68014  0.68020 
  0.94500  0.67962  0.67967 
  1.04500  0.67904  0.67909 
  1.14500  0.67840  0.67845 
  1.24500  0.67772  0.67776 
  1.34500  0.67697  0.67702 
  1.44500  0.67615  0.67621 
  1.54500  0.67532  0.67535 
  1.64500  0.67440  0.67445 
  1.74500  0.67345  0.67345 
  1.84500  0.67241  0.67245 
  1.94500  0.67137  0.67141 
  2.04500  0.67028  0.67030 
  2.14500  0.66912  0.66913 
  2.24500  0.66791  0.66793 
  2.34500  0.66665  0.66667 
  2.44500  0.66535  0.66537 
  2.54500  0.66403  0.66402 
  2.64500  0.66264  0.66264 
  2.74500  0.66120  0.66122 
  2.84500  0.65975  0.65975 
  2.94500  0.65825  0.65825 
  3.04500  0.65667  0.65669 
  3.14500  0.65512  0.65512 
  3.24500  0.65351  0.65350 
  3.34500  0.65186  0.65185 
  3.44500  0.65018  0.65016 
  3.54500  0.64848  0.64845 
  3.64500  0.64674  0.64670 
  3.74500  0.64495  0.64493 
  3.84500  0.64315  0.64313 
  3.94500  0.64132  0.64130 
  4.04500  0.63946  0.63945 
  4.14500  0.63759  0.63758 
  4.24500  0.63570  0.63569 
  4.34500  0.63379  0.63378 
  4.44500  0.63188  0.63183 
  4.54500  0.62994  0.62990 
  4.64500  0.62791  0.62790 
  4.74500  0.62596  0.62590 
  4.84500  0.62398  0.62390 
  4.94500  0.62199  0.62190 
  5.04500  0.61998  0.61990 
  5.14500  0.61794  0.61790 
  5.24500  0.61590  0.61588 
  5.34500  0.61385  0.61380 
  5.44500  0.61179  0.61180 
  5.54500  0.60977  0.60970 
  5.64500  0.60769  0.60769 
  5.74500  0.60563  0.60560 
  5.84500  0.60359  0.60358 
  5.94500  0.60154  0.60150 
  6.04500  0.59948  0.59947 
  6.14500  0.59743  0.59740 
  6.24500  0.59540  0.59538 
  6.34500  0.59335  0.59330 
  6.44500  0.59131  0.59130 
  6.54500  0.58927  0.58930 
  6.64500  0.58726  0.58721 
  6.74500  0.58525  0.58520 
  6.84500  0.58324  0.58320 
  6.94500  0.58127  0.58122 
  7.04500  0.57927  0.57930 
  7.14500  0.57732  0.57730 
  7.24500  0.57535  0.57535 
  7.34500  0.57341  0.57340 
  7.44500  0.57149  0.57150 
  7.54500  0.56958  0.56959 
  7.64500  0.56766  0.56770 
  7.74500  0.56581  0.56583 
  7.84500  0.56396  0.56396 
  7.94500  0.56213  0.56214 
  8.04500  0.56031  0.56031 
  8.14500  0.55850  0.55851 
  8.24500  0.55675  0.55672 
  8.34500  0.55497  0.55498 
  8.44500  0.55321  0.55322 
  8.54500  0.55147  0.55150 
  8.64500  0.54976  0.54982 
  8.74500  0.54815  0.54812 
  8.84500  0.54644  0.54648 
  8.94500  0.54481  0.54484 
  9.04500  0.54321  0.54324 
  9.14500  0.54159  0.54165 
  9.24500  0.54004  0.54009 
  9.34500  0.53851  0.53855 
  9.44500  0.53701  0.53705 
  9.54500  0.53551  0.53555 
  9.64500  0.53404  0.53406 
  9.74500  0.53258  0.53262 
  9.84500  0.53117  0.53119 
  9.94500  0.52976  0.52980 
 10.04500  0.52839  0.52842 
 10.14500  0.52704  0.52707 
 10.24500  0.52571  0.52575 
 10.34500  0.52443  0.52445 
 10.44500  0.52315  0.52317 
 10.54500  0.52188  0.52193 
 10.64500  0.52067  0.52069 
 10.74500  0.51945  0.51950 
 10.84500  0.51828  0.51831 
 10.94500  0.51715  0.51716 
 11.04500  0.51601  0.51602 
 11.14500  0.51491  0.51492 
 11.24500  0.51380  0.51385 
 11.34500  0.51275  0.51276 
 11.44500  0.51173  0.51175 
 11.54500  0.51070  0.51075 
 11.64500  0.50973  0.50975 
 11.74500  0.50875  0.50875 
 11.84500  0.50783  0.50785 
 11.94500  0.50691  0.50692 
 12.04500  0.50602  0.50602 
 12.14500  0.50514  0.50514 
 12.24500  0.50428  0.50430 
 12.34500  0.50345  0.50347 
 12.44500  0.50264  0.50266 
 12.54500  0.50185  0.50187 
 12.64500  0.50110  0.50111 
 12.74500  0.50039  0.50037 
 12.84500  0.49970  0.49965 
 12.94500  0.49892  0.49895 
 13.04500  0.49826  0.49827 
 13.14500  0.49763  0.49760 
 13.24500  0.49700  0.49698 
 13.34500  0.49638  0.49635 
 13.44500  0.49578  0.49575 
 13.54500  0.49520  0.49517 
 13.64500  0.49462  0.49462 
 13.74500  0.49408  0.49407 
 13.84500  0.49357  0.49355 
 13.94500  0.49305  0.49305 
 14.04500  0.49257  0.49255 
 14.14500  0.49210  0.49210 
 14.24500  0.49167  0.49164 
 14.34500  0.49123  0.49121 
 14.44500  0.49081  0.49079 
 14.54500  0.49041  0.49039 
 14.64500  0.49002  0.49000 
 14.74500  0.48966  0.48964 
 14.84500  0.48931  0.48928 
 14.94500  0.48896  0.48895 
 15.04500  0.48865  0.48862 
 15.14500  0.48833  0.48832 
 15.24500  0.48803  0.48801 
 15.34500  0.48774  0.48774 
 15.44500  0.48747  0.48748 
 15.54500  0.48724  0.48722 
 15.64500  0.48700  0.48698 
 15.74500  0.48677  0.48674 
 15.84500  0.48653  0.48653 
 15.94500  0.48635  0.48633 
 16.04500  0.48614  0.48613 
 16.14500  0.48596  0.48595 
 16.24500  0.48579  0.48578 
 16.34500  0.48562  0.48562 
 16.44500  0.48546  0.48546 
 16.54500  0.48531  0.48533 
 16.64500  0.48518  0.48518 
 16.74500  0.48504  0.48506 
 16.84500  0.48494  0.48495 
 16.94500  0.48484  0.48484 
 17.04500  0.48472  0.48474 
 17.14500  0.48464  0.48464 
 17.24500  0.48457  0.48456 
 17.34500  0.48449  0.48449 
 17.44500  0.48439  0.48440 
 17.54500  0.48430  0.48433 
 17.64500  0.48424  0.48430 
 17.74500  0.48424  0.48420 
 17.84500  0.48416  0.48420 
 17.94500  0.48408  0.48410 
 18.04500  0.48405  0.48410 
 18.14500  0.48400  0.48405 
 18.24500  0.48398  0.48400 
 18.34500  0.48395  0.48400 
 18.44500  0.48394  0.48400 
 18.54500  0.48391  0.48391 
 18.64500  0.48389  0.48390 
 18.74500  0.48386  0.48390 
 18.84500  0.48385  0.48390 
 18.94500  0.48383  0.48390 
 19.04500  0.48381  0.48390 
 19.14500  0.48382  0.48390 
 19.24500  0.48381  0.48390 
 19.34500  0.48379  0.48380 
 19.44500  0.48380  0.48380 
 19.54500  0.48381  0.48380 
 19.64500  0.48378  0.48380 
 19.74500  0.48379  0.48380 
 19.84500  0.48380  0.48380 
 19.94500  0.48379  0.48380 
 20.04500  0.48377  0.48380 
 20.14500  0.48379  0.48380 
 20.24500  0.48380  0.48380 
 20.34500  0.48380  0.48380 
 20.44500  0.48382  0.48385 
 20.54500  0.48381  0.48390 
 20.64500  0.48381  0.48390 
 20.74500  0.48383  0.48390 
 20.84500  0.48385  0.48390 
 20.94500  0.48385  0.48390 
 21.04500  0.48386  0.48390 
 21.14500  0.48386  0.48390 
 21.24500  0.48386  0.48390 
 21.34500  0.48387  0.48390 
 21.44500  0.48387  0.48390 
 21.54500  0.48387  0.48390 
 21.64500  0.48385  0.48390 
 21.74500  0.48385  0.48390 
 21.84500  0.48386  0.48390 
 21.94500  0.48390  0.48390 
 22.04500  0.48393  0.48390 
 22.14500  0.48393  0.48390 
 22.24500  0.48390  0.48390 
 22.34500  0.48394  0.48390 
 22.44500  0.48396  0.48400 
 22.54500  0.48397  0.48400 
 22.64500  0.48399  0.48400 
 22.74500  0.48399  0.48400 
 22.84500  0.48401  0.48400 
 22.94500  0.48401  0.48400 
 23.04500  0.48404  0.48400 
 23.14500  0.48404  0.48408 
 23.24500  0.48406  0.48410 
 23.34500  0.48411  0.48410 
 23.44500  0.48413  0.48410 
 23.54500  0.48413  0.48414 
 23.64500  0.48419  0.48420 
 23.74500  0.48420  0.48420 
 23.84500  0.48424  0.48420 
 23.94500  0.48431  0.48430 
 24.04500  0.48432  0.48430 
 24.14500  0.48436  0.48433 
 24.24500  0.48440  0.48440 
 24.34500  0.48446  0.48440 
 24.44500  0.48448  0.48450 
 24.54500  0.48454  0.48450 
 24.64500  0.48460  0.48459 
 24.74500  0.48464  0.48461 
 24.84500  0.48471  0.48470 
 24.94500  0.48475  0.48474 
 25.04500  0.48483  0.48480 
 25.14500  0.48489  0.48488 
 25.24500  0.48496  0.48493 
 25.34500  0.48505  0.48500 
 25.44500  0.48511  0.48509 
 25.54500  0.48519  0.48516 
 25.64500  0.48526  0.48524 
 25.74500  0.48535  0.48532 
 25.84500  0.48543  0.48540 
 25.94500  0.48551  0.48550 
 26.04500  0.48560  0.48559 
 26.14500  0.48569  0.48569 
 26.24500  0.48580  0.48578 
 26.34500  0.48590  0.48589 
 26.44500  0.48601  0.48599 
 26.54500  0.48612  0.48609 
 26.64500  0.48623  0.48621 
 26.74500  0.48630  0.48633 
 26.84500  0.48639  0.48644 
 26.94500  0.48660  0.48656 
 27.04500  0.48670  0.48668 
 27.14500  0.48680  0.48682 
 27.24500  0.48692  0.48694 
 27.34500  0.48704  0.48706 
 27.44500  0.48719  0.48721 
 27.54500  0.48732  0.48734 
 27.64500  0.48747  0.48747 
 27.74500  0.48761  0.48763 
 27.84500  0.48778  0.48777 
 27.94500  0.48791  0.48793 
 28.04500  0.48806  0.48807 
 28.14500  0.48821  0.48824 
 28.24500  0.48837  0.48839 
 28.34500  0.48853  0.48855 
 28.44500  0.48870  0.48872 
 28.54500  0.48885  0.48888 
 28.64500  0.48904  0.48905 
 28.74500  0.48921  0.48924 
 28.84500  0.48938  0.48941 
 28.94500  0.48956  0.48959 
 29.04500  0.48975  0.48977 
 29.14500  0.48994  0.48996 
 29.24500  0.49013  0.49015 
 29.34500  0.49032  0.49035 
 29.44500  0.49050  0.49055 
 29.54500  0.49072  0.49075 
 29.64500  0.49092  0.49095 
 29.74500  0.49114  0.49115 
 29.84500  0.49134  0.49137 
 29.94500  0.49155  0.49158 
 30.04500  0.49177  0.49180 
 30.14500  0.49200  0.49202 
 30.24500  0.49225  0.49224 
 30.34500  0.49247  0.49248 
 30.44500  0.49270  0.49270 
 30.54500  0.49295  0.49295 
 30.64500  0.49317  0.49318 
 30.74500  0.49342  0.49342 
 30.84500  0.49365  0.49368 
 30.94500  0.49390  0.49392 
 31.04500  0.49416  0.49419 
 31.14500  0.49444  0.49445 
 31.24500  0.49474  0.49471 
 31.34500  0.49501  0.49499 
 31.44500  0.49523  0.49526 
 31.54500  0.49553  0.49553 
 31.64500  0.49584  0.49581 
 31.74500  0.49612  0.49610 
 31.84500  0.49642  0.49639 
 31.94500  0.49672  0.49669 
 32.04500  0.49699  0.49698 
 32.14500  0.49731  0.49729 
 32.24500  0.49760  0.49759 
 32.34500  0.49791  0.49790 
 32.44500  0.49823  0.49822 
 32.54500  0.49856  0.49853 
 32.64500  0.49889  0.49885 
 32.74500  0.49921  0.49918 
 32.84500  0.49954  0.49952 
 32.94500  0.49988  0.49985 
 33.04500  0.50021  0.50018 
 33.14500  0.50055  0.50052 
 33.24500  0.50089  0.50085 
 33.34500  0.50123  0.50119 
 33.44500  0.50157  0.50155 
 33.54500  0.50193  0.50188 
 33.64500  0.50229  0.50225 
 33.74500  0.50262  0.50259 
 33.84500  0.50299  0.50295 
 33.94500  0.50335  0.50330 
 34.04500  0.50370  0.50365 
 34.14500  0.50405  0.50402 
 34.24500  0.50442  0.50437 
 34.34500  0.50477  0.50473 
 34.44500  0.50512  0.50508 
 34.54500  0.50550  0.50545 
 34.64500  0.50584  0.50580 
 34.74500  0.50620  0.50615 
 34.84500  0.50655  0.50652 
 34.94500  0.50690  0.50687 
 35.04500  0.50725  0.50722 
 35.14500  0.50759  0.50757 
 35.24500  0.50793  0.50792 
 35.34500  0.50829  0.50825 
 35.44500  0.50863  0.50861 
 35.54500  0.50898  0.50895 
 35.64500  0.50931  0.50928 
 35.74500  0.50964  0.50961 
 35.84500  0.50996  0.50992 
 35.94500  0.51025  0.51025 
 36.04500  0.51055  0.51055 
 36.14500  0.51090  0.51087 
 36.24500  0.51121  0.51117 
 36.34500  0.51147  0.51146 
 36.44500  0.51175  0.51174 
 36.54500  0.51202  0.51203 
 36.64500  0.51229  0.51230 
 36.74500  0.51256  0.51257 
 36.84500  0.51281  0.51282 
 36.94500  0.51307  0.51308 
 37.04500  0.51333  0.51331 
 37.14500  0.51354  0.51353 
 37.24500  0.51374  0.51376 
 37.34500  0.51396  0.51397 
 37.44500  0.51416  0.51417 
 37.54500  0.51432  0.51435 
 37.64500  0.51452  0.51454 
 37.74500  0.51467  0.51470 
 37.84500  0.51484  0.51485 
 37.94500  0.51498  0.51500 
 38.04500  0.51513  0.51514 
 38.14500  0.51525  0.51525 
 38.24500  0.51535  0.51536 
 38.34500  0.51543  0.51546 
 38.44500  0.51554  0.51554 
 38.54500  0.51559  0.51560 
 38.64500  0.51566  0.51569 
 38.74500  0.51568  0.51570 
 38.84500  0.51575  0.51576 
 38.94500  0.51575  0.51580 
 39.04500  0.51577  0.51580 
 39.14500  0.51575  0.51580 
 39.24500  0.51573  0.51580 
 39.34500  0.51571  0.51570 
 39.44500  0.51569  0.51570 
 39.54500  0.51560  0.51562 
 39.64500  0.51557  0.51557 
 39.74500  0.51548  0.51549 
 39.84500  0.51538  0.51539 
 39.94500  0.51529  0.51528 
 40.04500  0.51517  0.51517 
 40.14500  0.51505  0.51504 
 40.24500  0.51491  0.51489 
 40.34500  0.51476  0.51475 
 40.44500  0.51459  0.51458 
 40.54500  0.51442  0.51440 
 40.64500  0.51422  0.51421 
 40.74500  0.51401  0.51401 
 40.84500  0.51382  0.51381 
 40.94500  0.51359  0.51359 
 41.04500  0.51338  0.51336 
 41.14500  0.51316  0.51312 
 41.24500  0.51294  0.51288 
 41.34500  0.51261  0.51261 
 41.44500  0.51236  0.51234 
 41.54500  0.51211  0.51207 
 41.64500  0.51184  0.51179 
 41.74500  0.51155  0.51149 
 41.84500  0.51125  0.51119 
 41.94500  0.51093  0.51088 
 42.04500  0.51061  0.51057 
 42.14500  0.51029  0.51025 
 42.24500  0.50994  0.50992 
 42.34500  0.50962  0.50958 
 42.44500  0.50929  0.50925 
 42.54500  0.50894  0.50889 
 42.64500  0.50859  0.50855 
 42.74500  0.50823  0.50818 
 42.84500  0.50789  0.50783 
 42.94500  0.50751  0.50746 
 43.04500  0.50715  0.50709 
 43.14500  0.50678  0.50671 
 43.24500  0.50640  0.50634 
 43.34500  0.50601  0.50596 
 43.44500  0.50564  0.50557 
 43.54500  0.50525  0.50519 
 43.64500  0.50487  0.50480 
 43.74500  0.50446  0.50442 
 43.84500  0.50408  0.50402 
 43.94500  0.50369  0.50363 
 44.04500  0.50329  0.50324 
 44.14500  0.50289  0.50284 
 44.24500  0.50250  0.50244 
 44.34500  0.50209  0.50204 
 44.44500  0.50171  0.50164 
 44.54500  0.50129  0.50124 
 44.64500  0.50090  0.50084 
 44.74500  0.50050  0.50044 
 44.84500  0.50009  0.50004 
 44.94500  0.49969  0.49964 
 45.04500  0.49928  0.49924 
 45.14500  0.49889  0.49884 
 45.24500  0.49849  0.49844 
 45.34500  0.49810  0.49806 
 45.44500  0.49771  0.49766 
 45.54500  0.49731  0.49726 
 45.64500  0.49688  0.49686 
 45.74500  0.49647  0.49646 
 45.84500  0.49609  0.49606 
 45.94500  0.49573  0.49568 
 46.04500  0.49530  0.49528 
 46.14500  0.49488  0.49488 
 46.24500  0.49449  0.49450 
 46.34500  0.49411  0.49410 
 46.44500  0.49371  0.49370 
 46.54500  0.49333  0.49332 
 46.64500  0.49294  0.49292 
 46.74500  0.49256  0.49254 
 46.84500  0.49215  0.49214 
 46.94500  0.49176  0.49175 
 47.04500  0.49135  0.49136 
 47.14500  0.49097  0.49096 
 47.24500  0.49057  0.49057 
 47.34500  0.49017  0.49018 
 47.44500  0.48978  0.48978 
 47.54500  0.48938  0.48940 
 47.64500  0.48900  0.48900 
 47.74500  0.48859  0.48860 
 47.84500  0.48820  0.48820 
 47.94500  0.48778  0.48780 
 48.04500  0.48738  0.48740 
 48.14500  0.48698  0.48699 
 48.24500  0.48658  0.48658 
 48.34500  0.48616  0.48618 
 48.44500  0.48576  0.48576 
 48.54500  0.48533  0.48535 
 48.64500  0.48491  0.48492 
 48.74500  0.48449  0.48451 
 48.84500  0.48407  0.48408 
 48.94500  0.48364  0.48365 
 49.04500  0.48321  0.48321 
 49.14500  0.48279  0.48278 
 49.24500  0.48234  0.48233 
 49.34500  0.48189  0.48188 
 49.44500  0.48141  0.48142 
 49.54500  0.48095  0.48096 
 49.64500  0.48047  0.48050 
 49.74500  0.48001  0.48001 
 49.84500  0.47954  0.47955 
 49.94500  0.47906  0.47905 
 50.04500  0.47859  0.47855 
 50.14500  0.47802  0.47805 
 50.24500  0.47753  0.47755 
 50.34500  0.47704  0.47701 
 50.44500  0.47652  0.47649 
 50.54500  0.47597  0.47595 
 50.64500  0.47543  0.47541 
 50.74500  0.47487  0.47484 
 50.84500  0.47429  0.47427 
 50.94500  0.47372  0.47370 
 51.04500  0.47313  0.47311 
 51.14500  0.47254  0.47251 
 51.24500  0.47192  0.47190 
 51.34500  0.47130  0.47128 
 51.44500  0.47068  0.47063 
 51.54500  0.47003  0.47000 
 51.64500  0.46936  0.46933 
 51.74500  0.46868  0.46865 
 51.84500  0.46801  0.46796 
 51.94500  0.46730  0.46726 
 52.04500  0.46659  0.46655 
 52.14500  0.46586  0.46582 
 52.24500  0.46511  0.46507 
 52.34500  0.46435  0.46431 
 52.44500  0.46357  0.46353 
 52.54500  0.46278  0.46274 
 52.64500  0.46198  0.46193 
 52.74500  0.46115  0.46110 
 52.84500  0.46031  0.46027 
 52.94500  0.45945  0.45941 
 53.04500  0.45859  0.45853 
 53.14500  0.45768  0.45764 
 53.24500  0.45678  0.45674 
 53.34500  0.45585  0.45581 
 53.44500  0.45492  0.45485 
 53.54500  0.45396  0.45390 
 53.64500  0.45296  0.45295 
 53.74500  0.45197  0.45195 
 53.84500  0.45096  0.45092 
 53.94500  0.44992  0.44985 
 54.04500  0.44888  0.44883 
 54.14500  0.44780  0.44775 
 54.24500  0.44671  0.44665 
 54.34500  0.44560  0.44554 
 54.44500  0.44445  0.44441 
 54.54500  0.44327  0.44328 
 54.64500  0.44217  0.44210 
 54.74500  0.44097  0.44092 
 54.84500  0.43976  0.43972 
 54.94500  0.43853  0.43851 
 55.04500  0.43729  0.43727 
 55.14500  0.43602  0.43602 
 55.24500  0.43476  0.43475 
 55.34500  0.43348  0.43346 
 55.44500  0.43217  0.43216 
 55.54500  0.43086  0.43083 
 55.64500  0.42950  0.42950 
 55.74500  0.42817  0.42814 
 55.84500  0.42679  0.42678 
 55.94500  0.42540  0.42539 
 56.04500  0.42399  0.42399 
 56.14500  0.42258  0.42258 
 56.24500  0.42117  0.42116 
 56.34500  0.41972  0.41973 
 56.44500  0.41827  0.41828 
 56.54500  0.41681  0.41682 
 56.64500  0.41535  0.41535 
 56.74500  0.41387  0.41386 
 56.84500  0.41237  0.41240 
 56.94500  0.41088  0.41090 
 57.04500  0.40937  0.40940 
 57.14500  0.40786  0.40786 
 57.24500  0.40633  0.40635 
 57.34500  0.40481  0.40484 
 57.44500  0.40330  0.40330 
 57.54500  0.40175  0.40178 
 57.64500  0.40023  0.40025 
 57.74500  0.39872  0.39871 
 57.84500  0.39718  0.39719 
 57.94500  0.39565  0.39565 
 58.04500  0.39412  0.39413 
 58.14500  0.39257  0.39260 
 58.24500  0.39106  0.39110 
 58.34500  0.38954  0.38955 
 58.44500  0.38803  0.38805 
 58.54500  0.38653  0.38655 
 58.64500  0.38505  0.38506 
 58.74500  0.38360  0.38360 
 58.84500  0.38210  0.38212 
 58.94500  0.38062  0.38066 
 59.04500  0.37921  0.37923 
 59.14500  0.37781  0.37780 
 59.24500  0.37640  0.37639 
 59.34500  0.37501  0.37499 
 59.44500  0.37362  0.37362 
 59.54500  0.37229  0.37227 
 59.64500  0.37093  0.37093 
 59.74500  0.36962  0.36963 
 59.84500  0.36834  0.36835 
 59.94500  0.36710  0.36707 
 60.04500  0.36587  0.36585 
 60.14500  0.36467  0.36464 
 60.24500  0.36349  0.36347 
 60.34500  0.36233  0.36231 
 60.44500  0.36122  0.36120 
 60.54500  0.36013  0.36012 
 60.64500  0.35908  0.35905 
 60.74500  0.35808  0.35805 
 60.84500  0.35710  0.35705 
 60.94500  0.35614  0.35612 
 61.04500  0.35524  0.35520 
 61.14500  0.35436  0.35433 
 61.24500  0.35353  0.35350 
 61.34500  0.35274  0.35271 
 61.44500  0.35200  0.35195 
 61.54500  0.35129  0.35124 
 61.64500  0.35063  0.35058 
 61.74500  0.35000  0.34995 
 61.84500  0.34943  0.34937 
 61.94500  0.34888  0.34885 
 62.04500  0.34841  0.34835 
 62.14500  0.34795  0.34789 
 62.24500  0.34756  0.34749 
 62.34500  0.34721  0.34715 
 62.44500  0.34690  0.34683 
 62.54500  0.34663  0.34658 
 62.64500  0.34642  0.34635 
 62.74500  0.34625  0.34619 
 62.84500  0.34613  0.34607 
 62.94500  0.34605  0.34600 
