  0.04500  1.00003  1.00000 
  0.14500  1.00003  1.00000 
  0.24500  1.00002  1.00000 
  0.34500  1.00002  1.00000 
  0.44500  1.00002  1.00000 
  0.54500  1.00002  1.00000 
  0.64500  1.00002  1.00000 
  0.74500  1.00002  1.00000 
  0.84500  1.00002  1.00000 
  0.94500  1.00002  1.00000 
  1.04500  1.00002  1.00000 
  1.14500  1.00002  1.00000 
  1.24500  1.00002  1.00000 
  1.34500  1.00003  1.00000 
  1.44500  1.00002  1.00000 
  1.54500  1.00002  1.00000 
  1.64500  1.00002  1.00000 
  1.74500  1.00003  1.00000 
  1.84500  1.00003  1.00000 
  1.94500  1.00003  1.00000 
  2.04500  1.00003  1.00000 
  2.14500  1.00003  1.00000 
  2.24500  1.00003  1.00000 
  2.34500  1.00002  1.00000 
  2.44500  1.00003  1.00000 
  2.54500  0.99999  0.99992 
  2.64500  0.99992  0.99986 
  2.74500  0.99976  0.99971 
  2.84500  0.99946  0.99945 
  2.94500  0.99892  0.99895 
  3.04500  0.99797  0.99803 
  3.14500  0.99641  0.99653 
  3.24500  0.99384  0.99400 
  3.34500  0.98983  0.98998 
  3.44500  0.98368  0.98378 
  3.54500  0.97458  0.97454 
  3.64500  0.96146  0.96126 
  3.74500  0.94307  0.94279 
  3.84500  0.91821  0.91800 
  3.94500  0.88576  0.88587 
  4.04500  0.84496  0.84568 
  4.14500  0.79571  0.79707 
  4.24500  0.73874  0.74037 
  4.34500  0.67539  0.67637 
  4.44500  0.60750  0.60672 
  4.54500  0.53645  0.53343 
  4.64500  0.45588  0.45903 
  4.74500  0.38549  0.38602 
  4.84500  0.31796  0.31685 
  4.94500  0.25519  0.25354 
  5.04500  0.19893  0.19762 
  5.14500  0.15055  0.14988 
  5.24500  0.11061  0.11048 
  5.34500  0.07896  0.07918 
  5.44500  0.05482  0.05508 
  5.54500  0.03704  0.03719 
  5.64500  0.02437  0.02436 
  5.74500  0.01561  0.01547 
  5.84500  0.00971  0.00952 
  5.94500  0.00587  0.00569 
  6.04500  0.00342  0.00328 
  6.14500  0.00194  0.00186 
  6.24500  0.00104  0.00099 
  6.34500  0.00051  0.00052 
  6.44500  0.00024  0.00028 
  6.54500  0.00013  0.00017 
  6.64500  0.00010  0.00010 
  6.74500  0.00014  0.00020 
  6.84500  0.00031  0.00033 
  6.94500  0.00063  0.00063 
  7.04500  0.00124  0.00118 
  7.14500  0.00227  0.00216 
  7.24500  0.00399  0.00382 
  7.34500  0.00675  0.00656 
  7.44500  0.01109  0.01091 
  7.54500  0.01768  0.01758 
  7.64500  0.02742  0.02746 
  7.74500  0.04137  0.04157 
  7.84500  0.06078  0.06105 
  7.94500  0.08689  0.08704 
  8.04500  0.12076  0.12053 
  8.14500  0.16302  0.16216 
  8.24500  0.21370  0.21221 
  8.34500  0.27187  0.27030 
  8.44500  0.33616  0.33539 
  8.54500  0.40465  0.40583 
  8.64500  0.47776  0.47947 
  8.74500  0.55647  0.55384 
  8.84500  0.62652  0.62634 
  8.94500  0.69338  0.69463 
  9.04500  0.75513  0.75673 
  9.14500  0.81009  0.81131 
  9.24500  0.85704  0.85756 
  9.34500  0.89551  0.89550 
  9.44500  0.92577  0.92552 
  9.54500  0.94874  0.94845 
  9.64500  0.96553  0.96539 
  9.74500  0.97745  0.97746 
  9.84500  0.98563  0.98574 
  9.94500  0.99111  0.99128 
 10.04500  0.99467  0.99482 
 10.14500  0.99692  0.99702 
 10.24500  0.99830  0.99835 
 10.34500  0.99909  0.99910 
 10.44500  0.99957  0.99954 
 10.54500  0.99982  0.99976 
 10.64500  0.99995  0.99988 
 10.74500  1.00000  0.99990 
 10.84500  1.00000  0.99990 
 10.94500  0.99994  0.99987 
 11.04500  0.99980  0.99975 
 11.14500  0.99954  0.99950 
 11.24500  0.99903  0.99904 
 11.34500  0.99817  0.99824 
 11.44500  0.99674  0.99685 
 11.54500  0.99437  0.99452 
 11.64500  0.99064  0.99083 
 11.74500  0.98492  0.98503 
 11.84500  0.97638  0.97636 
 11.94500  0.96401  0.96385 
 12.04500  0.94664  0.94634 
 12.14500  0.92298  0.92272 
 12.24500  0.89186  0.89192 
 12.34500  0.85252  0.85311 
 12.44500  0.80470  0.80597 
 12.54500  0.74896  0.75057 
 12.64500  0.68657  0.68775 
 12.74500  0.61930  0.61890 
 12.84500  0.54905  0.54610 
 12.94500  0.46924  0.47170 
 13.04500  0.39736  0.39826 
 13.14500  0.32922  0.32828 
 13.24500  0.26549  0.26386 
 13.34500  0.20801  0.20658 
 13.44500  0.15820  0.15741 
 13.54500  0.11682  0.11663 
 13.64500  0.08380  0.08398 
 13.74500  0.05845  0.05873 
 13.84500  0.03967  0.03984 
 13.94500  0.02621  0.02623 
 14.04500  0.01686  0.01674 
 14.14500  0.01054  0.01036 
 14.24500  0.00640  0.00622 
 14.34500  0.00376  0.00362 
 14.44500  0.00212  0.00202 
 14.54500  0.00115  0.00111 
 14.64500  0.00060  0.00059 
 14.74500  0.00029  0.00029 
 14.84500  0.00012  0.00014 
 14.94500  0.00004  0.00009 
 15.04500  0.00001  0.00000 
 15.14500  0.00001  0.00000 
 15.24500  0.00001  0.00000 
 15.34500  0.00001  0.00000 
 15.44500  0.00000  0.00000 
 15.54500  0.00002  0.00001 
 15.64500  0.00005  0.00010 
 15.74500  0.00014  0.00016 
 15.84500  0.00031  0.00033 
 15.94500  0.00065  0.00063 
 16.04500  0.00127  0.00122 
 16.14500  0.00231  0.00221 
 16.24500  0.00406  0.00389 
 16.34500  0.00687  0.00667 
 16.44500  0.01127  0.01108 
 16.54500  0.01794  0.01784 
 16.64500  0.02780  0.02784 
 16.74500  0.04191  0.04209 
 16.84500  0.06152  0.06179 
 16.94500  0.08786  0.08800 
 17.04500  0.12200  0.12173 
 17.14500  0.16456  0.16365 
 17.24500  0.21546  0.21399 
 17.34500  0.27390  0.27229 
 17.44500  0.33834  0.33760 
 17.54500  0.40694  0.40818 
 17.64500  0.48030  0.48189 
 17.74500  0.55880  0.55623 
 17.84500  0.62874  0.62865 
 17.94500  0.69547  0.69675 
 18.04500  0.75703  0.75864 
 18.14500  0.81175  0.81292 
 18.24500  0.85842  0.85894 
 18.34500  0.89661  0.89660 
 18.44500  0.92663  0.92635 
 18.54500  0.94936  0.94907 
 18.64500  0.96598  0.96584 
 18.74500  0.97776  0.97776 
 18.84500  0.98585  0.98597 
 18.94500  0.99125  0.99142 
 19.04500  0.99477  0.99490 
 19.14500  0.99698  0.99709 
 19.24500  0.99832  0.99836 
 19.34500  0.99913  0.99914 
 19.44500  0.99957  0.99954 
 19.54500  0.99982  0.99976 
 19.64500  0.99994  0.99989 
 19.74500  0.99999  0.99993 
 19.84500  1.00003  1.00000 
 19.94500  1.00003  1.00000 
 20.04500  1.00001  0.99995 
 20.14500  0.99996  0.99990 
 20.24500  0.99985  0.99979 
 20.34500  0.99963  0.99960 
 20.44500  0.99922  0.99923 
 20.54500  0.99850  0.99853 
 20.64500  0.99728  0.99738 
 20.74500  0.99527  0.99541 
 20.84500  0.99203  0.99221 
 20.94500  0.98703  0.98718 
 21.04500  0.97951  0.97954 
 21.14500  0.96850  0.96836 
 21.24500  0.95287  0.95261 
 21.34500  0.93136  0.93108 
 21.44500  0.90278  0.90269 
 21.54500  0.86615  0.86656 
 21.64500  0.82102  0.82209 
 21.74500  0.76774  0.76931 
 21.84500  0.70733  0.70875 
 21.94500  0.64144  0.64166 
 22.04500  0.57194  0.56988 
 22.14500  0.49538  0.49572 
 22.24500  0.41997  0.42169 
 22.34500  0.35080  0.35035 
 22.44500  0.28544  0.28391 
 22.54500  0.22576  0.22421 
 22.64500  0.17337  0.17236 
 22.74500  0.12923  0.12888 
 22.84500  0.09357  0.09366 
 22.94500  0.06584  0.06610 
 23.04500  0.04509  0.04531 
 23.14500  0.03005  0.03014 
 23.24500  0.01949  0.01942 
 23.34500  0.01231  0.01211 
 23.44500  0.00755  0.00736 
 23.54500  0.00447  0.00431 
 23.64500  0.00258  0.00246 
 23.74500  0.00141  0.00135 
 23.84500  0.00074  0.00071 
 23.94500  0.00036  0.00038 
 24.04500  0.00017  0.00018 
 24.14500  0.00005  0.00010 
 24.24500  0.00002  0.00002 
 24.34500  0.00000  0.00000 
 24.44500  0.00001  0.00000 
 24.54500  0.00001  0.00000 
 24.64500  0.00001  0.00000 
 24.74500 -0.00000  0.00000 
 24.84500  0.00004  0.00007 
 24.94500  0.00009  0.00013 
 25.04500  0.00024  0.00026 
 25.14500  0.00052  0.00052 
 25.24500  0.00102  0.00098 
 25.34500  0.00191  0.00181 
 25.44500  0.00340  0.00325 
 25.54500  0.00582  0.00563 
 25.64500  0.00963  0.00943 
 25.74500  0.01550  0.01535 
 25.84500  0.02420  0.02421 
 25.94500  0.03681  0.03697 
 26.04500  0.05451  0.05478 
 26.14500  0.07854  0.07875 
 26.24500  0.11007  0.10999 
 26.34500  0.14988  0.14924 
 26.44500  0.19815  0.19684 
 26.54500  0.25430  0.25267 
 26.64500  0.31700  0.31586 
 26.74500  0.38447  0.38497 
 26.84500  0.45485  0.45795 
 26.94500  0.53527  0.53234 
 27.04500  0.60646  0.60567 
 27.14500  0.67442  0.67538 
 27.24500  0.73784  0.73945 
 27.34500  0.79494  0.79630 
 27.44500  0.84429  0.84501 
 27.54500  0.88521  0.88535 
 27.64500  0.91778  0.91759 
 27.74500  0.94275  0.94246 
 27.84500  0.96122  0.96100 
 27.94500  0.97441  0.97437 
 28.04500  0.98357  0.98368 
 28.14500  0.98977  0.98990 
 28.24500  0.99380  0.99396 
 28.34500  0.99636  0.99649 
 28.44500  0.99796  0.99803 
 28.54500  0.99890  0.99893 
 28.64500  0.99945  0.99944 
 28.74500  0.99976  0.99971 
 28.84500  0.99992  0.99986 
 28.94500  0.99999  0.99990 
 29.04500  1.00002  1.00000 
 29.14500  1.00003  1.00000 
 29.24500  1.00001  0.99999 
 29.34500  0.99999  0.99990 
 29.44500  0.99989  0.99984 
 29.54500  0.99972  0.99968 
 29.64500  0.99939  0.99937 
 29.74500  0.99878  0.99881 
 29.84500  0.99774  0.99784 
 29.94500  0.99602  0.99615 
 30.04500  0.99323  0.99341 
 30.14500  0.98889  0.98904 
 30.24500  0.98227  0.98233 
 30.34500  0.97250  0.97242 
 30.44500  0.95849  0.95827 
 30.54500  0.93902  0.93871 
 30.64500  0.91284  0.91265 
 30.74500  0.87888  0.87910 
 30.84500  0.83650  0.83735 
 30.94500  0.78577  0.78723 
 31.04500  0.72749  0.72907 
 31.14500  0.66316  0.66390 
 31.24500  0.59465  0.59341 
 31.34500  0.52145  0.51974 
 31.44500  0.44280  0.44538 
 31.54500  0.37278  0.37292 
 31.64500  0.30598  0.30469 
 31.74500  0.24428  0.24266 
 31.84500  0.18939  0.18819 
 31.94500  0.14254  0.14197 
 32.04500  0.10415  0.10413 
 32.14500  0.07397  0.07420 
 32.24500  0.05110  0.05135 
 32.34500  0.03435  0.03450 
 32.44500  0.02250  0.02244 
 32.54500  0.01433  0.01418 
 32.64500  0.00886  0.00868 
 32.74500  0.00532  0.00514 
 32.84500  0.00310  0.00296 
 32.94500  0.00173  0.00165 
 33.04500  0.00093  0.00089 
 33.14500  0.00046  0.00046 
 33.24500  0.00020  0.00024 
 33.34500  0.00008  0.00011 
 33.44500  0.00003  0.00006 
 33.54500  0.00000  0.00000 
 33.64500  0.00001  0.00000 
 33.74500  0.00001  0.00000 
 33.84500  0.00001  0.00000 
 33.94500  0.00001  0.00000 
 34.04500  0.00002  0.00004 
 34.14500  0.00008  0.00010 
 34.24500  0.00019  0.00021 
 34.34500  0.00042  0.00042 
 34.44500  0.00084  0.00081 
 34.54500  0.00156  0.00148 
 34.64500  0.00282  0.00272 
 34.74500  0.00492  0.00476 
 34.84500  0.00821  0.00803 
 34.94500  0.01334  0.01318 
 35.04500  0.02103  0.02098 
 35.14500  0.03226  0.03234 
 35.24500  0.04815  0.04840 
 35.34500  0.07002  0.07028 
 35.44500  0.09903  0.09907 
 35.54500  0.13611  0.13566 
 35.64500  0.18169  0.18057 
 35.74500  0.23539  0.23380 
 35.84500  0.29616  0.29474 
 35.94500  0.36232  0.36215 
 36.04500  0.43194  0.43411 
 36.14500  0.50912  0.50834 
 36.24500  0.58389  0.58229 
 36.34500  0.65290  0.65342 
 36.44500  0.71799  0.71950 
 36.54500  0.77731  0.77882 
 36.64500  0.82928  0.83023 
 36.74500  0.87294  0.87324 
 36.84500  0.90816  0.90803 
 36.94500  0.93547  0.93516 
 37.04500  0.95589  0.95564 
 37.14500  0.97066  0.97056 
 37.24500  0.98099  0.98105 
 37.34500  0.98803  0.98817 
 37.44500  0.99268  0.99284 
 37.54500  0.99567  0.99581 
 37.64500  0.99752  0.99763 
 37.74500  0.99867  0.99870 
 37.84500  0.99932  0.99930 
 37.94500  0.99968  0.99964 
 38.04500  0.99987  0.99983 
 38.14500  0.99998  0.99990 
 38.24500  1.00000  0.99998 
 38.34500  1.00003  1.00000 
 38.44500  1.00001  1.00000 
 38.54500  1.00002  1.00000 
 38.64500  1.00002  1.00000 
 38.74500  1.00004  1.00000 
 38.84500  1.00002  1.00000 
 38.94500  1.00003  1.00000 
 39.04500  1.00001  1.00000 
 39.14500  1.00002  1.00000 
 39.24500  0.99999  0.99994 
 39.34500  0.99994  0.99988 
 39.44500  0.99981  0.99975 
 39.54500  0.99953  0.99951 
 39.64500  0.99906  0.99908 
 39.74500  0.99821  0.99825 
 39.84500  0.99679  0.99691 
 39.94500  0.99448  0.99461 
 40.04500  0.99079  0.99095 
 40.14500  0.98513  0.98526 
 40.24500  0.97672  0.97672 
 40.34500  0.96450  0.96433 
 40.44500  0.94729  0.94700 
 40.54500  0.92384  0.92359 
 40.64500  0.89301  0.89302 
 40.74500  0.85394  0.85452 
 40.84500  0.80638  0.80761 
 40.94500  0.75088  0.75249 
 41.04500  0.68870  0.68988 
 41.14500  0.62155  0.62123 
 41.24500  0.55137  0.54851 
 41.34500  0.47183  0.47411 
 41.44500  0.39963  0.40062 
 41.54500  0.33136  0.33048 
 41.64500  0.26746  0.26584 
 41.74500  0.20976  0.20830 
 41.84500  0.15969  0.15887 
 41.94500  0.11803  0.11783 
 42.04500  0.08474  0.08491 
 42.14500  0.05916  0.05944 
 42.24500  0.04018  0.04038 
 42.34500  0.02659  0.02661 
 42.44500  0.01711  0.01699 
 42.54500  0.01072  0.01053 
 42.64500  0.00651  0.00632 
 42.74500  0.00383  0.00368 
 42.84500  0.00218  0.00209 
 42.94500  0.00119  0.00113 
 43.04500  0.00061  0.00059 
 43.14500  0.00028  0.00031 
 43.24500  0.00013  0.00015 
 43.34500  0.00004  0.00010 
 43.44500  0.00001  0.00000 
 43.54500  0.00001  0.00000 
 43.64500  0.00001  0.00000 
 43.74500  0.00002  0.00003 
 43.84500  0.00006  0.00010 
 43.94500  0.00016  0.00019 
 44.04500  0.00038  0.00038 
 44.14500  0.00076  0.00075 
 44.24500  0.00145  0.00138 
 44.34500  0.00265  0.00252 
 44.44500  0.00461  0.00443 
 44.54500  0.00772  0.00755 
 44.64500  0.01259  0.01243 
 44.74500  0.01991  0.01987 
 44.84500  0.03065  0.03074 
 44.94500  0.04595  0.04616 
 45.04500  0.06700  0.06726 
 45.14500  0.09509  0.09518 
 45.24500  0.13115  0.13076 
 45.34500  0.17569  0.17465 
 45.44500  0.22846  0.22689 
 45.54500  0.28845  0.28696 
 45.64500  0.35403  0.35365 
 45.74500  0.42334  0.42518 
 45.84500  0.49922  0.49927 
 45.94500  0.57530  0.57340 
 46.04500  0.64468  0.64499 
 46.14500  0.71035  0.71180 
 46.24500  0.77046  0.77200 
 46.34500  0.82338  0.82440 
 46.44500  0.86809  0.86845 
 46.54500  0.90432  0.90421 
 46.64500  0.93254  0.93224 
 46.74500  0.95373  0.95348 
 46.84500  0.96913  0.96901 
 46.94500  0.97993  0.97998 
 47.04500  0.98731  0.98746 
 47.14500  0.99222  0.99239 
 47.24500  0.99537  0.99552 
 47.34500  0.99736  0.99745 
 47.44500  0.99855  0.99860 
 47.54500  0.99924  0.99924 
 47.64500  0.99964  0.99961 
 47.74500  0.99985  0.99980 
 47.84500  0.99996  0.99990 
 47.94500  1.00000  0.99990 
 48.04500  0.99998  0.99990 
 48.14500  0.99990  0.99984 
 48.24500  0.99974  0.99969 
 48.34500  0.99942  0.99941 
 48.44500  0.99884  0.99888 
 48.54500  0.99786  0.99792 
 48.64500  0.99621  0.99635 
 48.74500  0.99353  0.99369 
 48.84500  0.98934  0.98949 
 48.94500  0.98296  0.98304 
 49.04500  0.97350  0.97349 
 49.14500  0.95995  0.95974 
 49.24500  0.94101  0.94072 
 49.34500  0.91547  0.91528 
 49.44500  0.88224  0.88241 
 49.54500  0.84065  0.84142 
 49.64500  0.79063  0.79201 
 49.74500  0.73296  0.73458 
 49.84500  0.66910  0.66999 
 49.94500  0.60087  0.59987 
 50.04500  0.52871  0.52638 
 50.14500  0.44912  0.45199 
 50.24500  0.37893  0.37923 
 50.34500  0.31176  0.31056 
 50.44500  0.24953  0.24790 
 50.54500  0.19397  0.19270 
 50.64500  0.14639  0.14577 
 50.74500  0.10725  0.10720 
 50.84500  0.07635  0.07657 
 50.94500  0.05286  0.05313 
 51.04500  0.03564  0.03577 
 51.14500  0.02337  0.02334 
 51.24500  0.01493  0.01478 
 51.34500  0.00927  0.00907 
 51.44500  0.00557  0.00540 
 51.54500  0.00325  0.00311 
 51.64500  0.00182  0.00175 
 51.74500  0.00098  0.00093 
 51.84500  0.00050  0.00049 
 51.94500  0.00022  0.00025 
 52.04500  0.00009  0.00012 
 52.14500  0.00003  0.00007 
 52.24500  0.00000  0.00000 
 52.34500  0.00001  0.00000 
 52.44500  0.00000  0.00000 
 52.54500  0.00002  0.00006 
 52.64500  0.00008  0.00011 
 52.74500  0.00021  0.00024 
 52.84500  0.00046  0.00046 
 52.94500  0.00093  0.00091 
 53.04500  0.00174  0.00165 
 53.14500  0.00314  0.00299 
 53.24500  0.00540  0.00521 
 53.34500  0.00897  0.00880 
 53.44500  0.01448  0.01434 
 53.54500  0.02271  0.02268 
 53.64500  0.03467  0.03480 
 53.74500  0.05156  0.05183 
 53.84500  0.07458  0.07484 
 53.94500  0.10495  0.10493 
 54.04500  0.14354  0.14296 
 54.14500  0.19057  0.18935 
 54.24500  0.24566  0.24402 
 54.34500  0.30748  0.30622 
 54.44500  0.37439  0.37455 
 54.54500  0.44446  0.44712 
 54.64500  0.52332  0.52147 
 54.74500  0.59627  0.59511 
 54.84500  0.66472  0.66550 
 54.94500  0.72892  0.73052 
 55.04500  0.78705  0.78847 
 55.14500  0.83758  0.83841 
 55.24500  0.87976  0.87997 
 55.34500  0.91353  0.91335 
 55.44500  0.93955  0.93925 
 55.54500  0.95888  0.95865 
 55.64500  0.97276  0.97271 
 55.74500  0.98244  0.98253 
 55.84500  0.98900  0.98914 
 55.94500  0.99330  0.99346 
 56.04500  0.99606  0.99618 
 56.14500  0.99778  0.99786 
 56.24500  0.99880  0.99883 
 56.34500  0.99938  0.99937 
 56.44500  0.99971  0.99969 
 56.54500  0.99989  0.99984 
 56.64500  0.99998  0.99990 
 56.74500  1.00000  0.99990 
 56.84500  0.99996  0.99990 
 56.94500  0.99986  0.99980 
 57.04500  0.99966  0.99962 
 57.14500  0.99928  0.99929 
 57.24500  0.99860  0.99864 
 57.34500  0.99744  0.99754 
 57.44500  0.99554  0.99568 
 57.54500  0.99247  0.99263 
 57.64500  0.98770  0.98785 
 57.74500  0.98051  0.98056 
 57.84500  0.96996  0.96986 
 57.94500  0.95492  0.95467 
 58.04500  0.93414  0.93383 
 58.14500  0.90642  0.90630 
 58.24500  0.87073  0.87108 
 58.34500  0.82659  0.82757 
 58.44500  0.77418  0.77571 
 58.54500  0.71450  0.71599 
 58.64500  0.64915  0.64955 
 58.74500  0.57997  0.57823 
 58.84500  0.50455  0.50418 
 58.94500  0.42800  0.43002 
 59.04500  0.35851  0.35825 
 59.14500  0.29261  0.29117 
 59.24500  0.23221  0.23064 
 59.34500  0.17892  0.17784 
 59.44500  0.13383  0.13341 
 59.54500  0.09720  0.09729 
 59.64500  0.06863  0.06891 
 59.74500  0.04714  0.04736 
 59.84500  0.03151  0.03160 
 59.94500  0.02050  0.02044 
 60.04500  0.01299  0.01282 
 60.14500  0.00799  0.00778 
 60.24500  0.00476  0.00459 
 60.34500  0.00273  0.00262 
 60.44500  0.00152  0.00147 
 60.54500  0.00080  0.00077 
 60.64500  0.00038  0.00040 
 60.74500  0.00017  0.00021 
 60.84500  0.00006  0.00010 
 60.94500  0.00002  0.00004 
 61.04500 -0.00001  0.00000 
 61.14500  0.00001  0.00000 
 61.24500 -0.00001  0.00000 
 61.34500 -0.00001  0.00000 
 61.44500 -0.00000  0.00000 
 61.54500 -0.00001  0.00000 
 61.64500  0.00000  0.00000 
 61.74500 -0.00001  0.00000 
 61.84500  0.00001  0.00000 
 61.94500  0.00001  0.00000 
 62.04500 -0.00000  0.00000 
 62.14500 -0.00001  0.00000 
 62.24500  0.00001  0.00000 
 62.34500  0.00000  0.00000 
 62.44500 -0.00000  0.00000 
 62.54500 -0.00000  0.00000 
 62.64500 -0.00000  0.00000 
 62.74500 -0.00000  0.00000 
 62.84500 -0.00000  0.00000 
 62.94500 -0.00000  0.00000 
