  0.04500  0.87118  0.87106 
  0.14500  0.87085  0.87070 
  0.24500  0.87015  0.87000 
  0.34500  0.86903  0.86888 
  0.44500  0.86756  0.86742 
  0.54500  0.86574  0.86560 
  0.64500  0.86352  0.86340 
  0.74500  0.86099  0.86085 
  0.84500  0.85807  0.85793 
  0.94500  0.85480  0.85468 
  1.04500  0.85120  0.85105 
  1.14500  0.84726  0.84709 
  1.24500  0.84297  0.84283 
  1.34500  0.83835  0.83820 
  1.44500  0.83341  0.83325 
  1.54500  0.82817  0.82802 
  1.64500  0.82262  0.82248 
  1.74500  0.81677  0.81660 
  1.84500  0.81065  0.81050 
  1.94500  0.80424  0.80409 
  2.04500  0.79757  0.79744 
  2.14500  0.79065  0.79054 
  2.24500  0.78352  0.78337 
  2.34500  0.77614  0.77599 
  2.44500  0.76856  0.76841 
  2.54500  0.76076  0.76063 
  2.64500  0.75280  0.75267 
  2.74500  0.74468  0.74453 
  2.84500  0.73640  0.73625 
  2.94500  0.72799  0.72784 
  3.04500  0.71946  0.71931 
  3.14500  0.71082  0.71067 
  3.24500  0.70210  0.70197 
  3.34500  0.69334  0.69319 
  3.44500  0.68452  0.68438 
  3.54500  0.67568  0.67553 
  3.64500  0.66684  0.66669 
  3.74500  0.65801  0.65785 
  3.84500  0.64922  0.64904 
  3.94500  0.64047  0.64029 
  4.04500  0.63177  0.63160 
  4.14500  0.62316  0.62302 
  4.24500  0.61465  0.61454 
  4.34500  0.60630  0.60619 
  4.44500  0.59811  0.59796 
  4.54500  0.59009  0.58992 
  4.64500  0.58220  0.58208 
  4.74500  0.57459  0.57441 
  4.84500  0.56715  0.56697 
  4.94500  0.55993  0.55976 
  5.04500  0.55297  0.55280 
  5.14500  0.54625  0.54611 
  5.24500  0.53982  0.53969 
  5.34500  0.53370  0.53360 
  5.44500  0.52789  0.52774 
  5.54500  0.52236  0.52223 
  5.64500  0.51721  0.51705 
  5.74500  0.51235  0.51219 
  5.84500  0.50784  0.50767 
  5.94500  0.50366  0.50350 
  6.04500  0.49984  0.49968 
  6.14500  0.49636  0.49622 
  6.24500  0.49327  0.49309 
  6.34500  0.49052  0.49036 
  6.44500  0.48813  0.48797 
  6.54500  0.48608  0.48593 
  6.64500  0.48441  0.48426 
  6.74500  0.48307  0.48291 
  6.84500  0.48208  0.48192 
  6.94500  0.48141  0.48127 
  7.04500  0.48110  0.48094 
  7.14500  0.48109  0.48093 
  7.24500  0.48140  0.48122 
  7.34500  0.48198  0.48182 
  7.44500  0.48286  0.48267 
  7.54500  0.48397  0.48382 
  7.64500  0.48537  0.48520 
  7.74500  0.48697  0.48682 
  7.84500  0.48878  0.48864 
  7.94500  0.49080  0.49067 
  8.04500  0.49303  0.49289 
  8.14500  0.49540  0.49526 
  8.24500  0.49793  0.49775 
  8.34500  0.50055  0.50037 
  8.44500  0.50325  0.50307 
  8.54500  0.50602  0.50586 
  8.64500  0.50884  0.50869 
  8.74500  0.51173  0.51157 
  8.84500  0.51457  0.51442 
  8.94500  0.51742  0.51729 
  9.04500  0.52025  0.52012 
  9.14500  0.52303  0.52287 
  9.24500  0.52575  0.52557 
  9.34500  0.52834  0.52815 
  9.44500  0.53080  0.53063 
  9.54500  0.53313  0.53297 
  9.64500  0.53531  0.53516 
  9.74500  0.53730  0.53717 
  9.84500  0.53912  0.53900 
  9.94500  0.54077  0.54060 
 10.04500  0.54216  0.54202 
 10.14500  0.54334  0.54321 
 10.24500  0.54428  0.54413 
 10.34500  0.54496  0.54483 
 10.44500  0.54541  0.54526 
 10.54500  0.54557  0.54540 
 10.64500  0.54545  0.54532 
 10.74500  0.54508  0.54493 
 10.84500  0.54442  0.54427 
 10.94500  0.54345  0.54333 
 11.04500  0.54226  0.54212 
 11.14500  0.54077  0.54061 
 11.24500  0.53896  0.53886 
 11.34500  0.53693  0.53681 
 11.44500  0.53466  0.53452 
 11.54500  0.53206  0.53195 
 11.64500  0.52928  0.52915 
 11.74500  0.52622  0.52612 
 11.84500  0.52299  0.52286 
 11.94500  0.51951  0.51940 
 12.04500  0.51587  0.51574 
 12.14500  0.51204  0.51190 
 12.24500  0.50802  0.50790 
 12.34500  0.50387  0.50374 
 12.44500  0.49957  0.49948 
 12.54500  0.49517  0.49509 
 12.64500  0.49067  0.49060 
 12.74500  0.48615  0.48607 
 12.84500  0.48160  0.48149 
 12.94500  0.47696  0.47686 
 13.04500  0.47235  0.47225 
 13.14500  0.46776  0.46763 
 13.24500  0.46320  0.46307 
 13.34500  0.45867  0.45856 
 13.44500  0.45422  0.45413 
 13.54500  0.44990  0.44980 
 13.64500  0.44567  0.44560 
 13.74500  0.44164  0.44150 
 13.84500  0.43773  0.43764 
 13.94500  0.43401  0.43391 
 14.04500  0.43049  0.43038 
 14.14500  0.42718  0.42708 
 14.24500  0.42410  0.42398 
 14.34500  0.42126  0.42117 
 14.44500  0.41869  0.41861 
 14.54500  0.41640  0.41632 
 14.64500  0.41438  0.41432 
 14.74500  0.41268  0.41257 
 14.84500  0.41126  0.41118 
 14.94500  0.41017  0.41007 
 15.04500  0.40941  0.40930 
 15.14500  0.40895  0.40885 
 15.24500  0.40883  0.40871 
 15.34500  0.40902  0.40893 
 15.44500  0.40955  0.40945 
 15.54500  0.41039  0.41028 
 15.64500  0.41156  0.41148 
 15.74500  0.41307  0.41297 
 15.84500  0.41486  0.41480 
 15.94500  0.41700  0.41689 
 16.04500  0.41941  0.41931 
 16.14500  0.42211  0.42200 
 16.24500  0.42508  0.42498 
 16.34500  0.42831  0.42820 
 16.44500  0.43181  0.43169 
 16.54500  0.43550  0.43540 
 16.64500  0.43942  0.43931 
 16.74500  0.44356  0.44346 
 16.84500  0.44785  0.44776 
 16.94500  0.45232  0.45223 
 17.04500  0.45691  0.45683 
 17.14500  0.46164  0.46156 
 17.24500  0.46651  0.46639 
 17.34500  0.47141  0.47128 
 17.44500  0.47638  0.47625 
 17.54500  0.48134  0.48125 
 17.64500  0.48630  0.48625 
 17.74500  0.49132  0.49119 
 17.84500  0.49621  0.49614 
 17.94500  0.50110  0.50101 
 18.04500  0.50590  0.50583 
 18.14500  0.51063  0.51052 
 18.24500  0.51522  0.51510 
 18.34500  0.51965  0.51952 
 18.44500  0.52390  0.52377 
 18.54500  0.52795  0.52788 
 18.64500  0.53182  0.53172 
 18.74500  0.53547  0.53538 
 18.84500  0.53887  0.53878 
 18.94500  0.54203  0.54195 
 19.04500  0.54491  0.54482 
 19.14500  0.54753  0.54743 
 19.24500  0.54983  0.54974 
 19.34500  0.55185  0.55175 
 19.44500  0.55353  0.55344 
 19.54500  0.55491  0.55480 
 19.64500  0.55595  0.55583 
 19.74500  0.55665  0.55655 
 19.84500  0.55704  0.55692 
 19.94500  0.55707  0.55696 
 20.04500  0.55676  0.55664 
 20.14500  0.55613  0.55601 
 20.24500  0.55514  0.55503 
 20.34500  0.55386  0.55375 
 20.44500  0.55221  0.55212 
 20.54500  0.55027  0.55018 
 20.64500  0.54800  0.54793 
 20.74500  0.54548  0.54540 
 20.84500  0.54267  0.54255 
 20.94500  0.53959  0.53948 
 21.04500  0.53621  0.53614 
 21.14500  0.53264  0.53254 
 21.24500  0.52882  0.52870 
 21.34500  0.52482  0.52469 
 21.44500  0.52061  0.52050 
 21.54500  0.51622  0.51612 
 21.64500  0.51168  0.51159 
 21.74500  0.50702  0.50694 
 21.84500  0.50222  0.50218 
 21.94500  0.49739  0.49733 
 22.04500  0.49252  0.49245 
 22.14500  0.48757  0.48749 
 22.24500  0.48263  0.48255 
 22.34500  0.47770  0.47759 
 22.44500  0.47280  0.47267 
 22.54500  0.46790  0.46780 
 22.64500  0.46309  0.46303 
 22.74500  0.45839  0.45834 
 22.84500  0.45379  0.45375 
 22.94500  0.44937  0.44933 
 23.04500  0.44513  0.44506 
 23.14500  0.44105  0.44100 
 23.24500  0.43716  0.43708 
 23.34500  0.43350  0.43341 
 23.44500  0.43004  0.42997 
 23.54500  0.42689  0.42678 
 23.64500  0.42395  0.42387 
 23.74500  0.42130  0.42124 
 23.84500  0.41894  0.41888 
 23.94500  0.41690  0.41683 
 24.04500  0.41518  0.41511 
 24.14500  0.41377  0.41369 
 24.24500  0.41266  0.41259 
 24.34500  0.41190  0.41184 
 24.44500  0.41150  0.41143 
 24.54500  0.41143  0.41133 
 24.64500  0.41164  0.41158 
 24.74500  0.41222  0.41218 
 24.84500  0.41315  0.41309 
 24.94500  0.41440  0.41434 
 25.04500  0.41596  0.41593 
 25.14500  0.41786  0.41780 
 25.24500  0.42004  0.42000 
 25.34500  0.42255  0.42250 
 25.44500  0.42533  0.42527 
 25.54500  0.42838  0.42832 
 25.64500  0.43170  0.43163 
 25.74500  0.43525  0.43520 
 25.84500  0.43903  0.43896 
 25.94500  0.44301  0.44295 
 26.04500  0.44716  0.44713 
 26.14500  0.45151  0.45148 
 26.24500  0.45601  0.45599 
 26.34500  0.46066  0.46063 
 26.44500  0.46541  0.46536 
 26.54500  0.47026  0.47020 
 26.64500  0.47516  0.47509 
 26.74500  0.48008  0.48005 
 26.84500  0.48501  0.48496 
 26.94500  0.49000  0.48995 
 27.04500  0.49489  0.49486 
 27.14500  0.49974  0.49973 
 27.24500  0.50455  0.50455 
 27.34500  0.50929  0.50925 
 27.44500  0.51389  0.51385 
 27.54500  0.51835  0.51830 
 27.64500  0.52267  0.52260 
 27.74500  0.52678  0.52670 
 27.84500  0.53069  0.53065 
 27.94500  0.53441  0.53436 
 28.04500  0.53787  0.53783 
 28.14500  0.54108  0.54105 
 28.24500  0.54407  0.54402 
 28.34500  0.54676  0.54672 
 28.44500  0.54916  0.54912 
 28.54500  0.55126  0.55120 
 28.64500  0.55307  0.55301 
 28.74500  0.55452  0.55448 
 28.84500  0.55566  0.55564 
 28.94500  0.55649  0.55644 
 29.04500  0.55697  0.55692 
 29.14500  0.55711  0.55709 
 29.24500  0.55690  0.55687 
 29.34500  0.55641  0.55635 
 29.44500  0.55553  0.55550 
 29.54500  0.55435  0.55431 
 29.64500  0.55283  0.55280 
 29.74500  0.55101  0.55099 
 29.84500  0.54888  0.54883 
 29.94500  0.54645  0.54640 
 30.04500  0.54372  0.54370 
 30.14500  0.54073  0.54071 
 30.24500  0.53747  0.53746 
 30.34500  0.53399  0.53397 
 30.44500  0.53028  0.53025 
 30.54500  0.52635  0.52630 
 30.64500  0.52224  0.52220 
 30.74500  0.51795  0.51791 
 30.84500  0.51350  0.51345 
 30.94500  0.50890  0.50890 
 31.04500  0.50422  0.50422 
 31.14500  0.49945  0.49946 
 31.24500  0.49464  0.49462 
 31.34500  0.48980  0.48977 
 31.44500  0.48490  0.48489 
 31.54500  0.48005  0.48001 
 31.64500  0.47523  0.47517 
 31.74500  0.47042  0.47037 
 31.84500  0.46570  0.46567 
 31.94500  0.46104  0.46105 
 32.04500  0.45655  0.45657 
 32.14500  0.45220  0.45220 
 32.24500  0.44803  0.44803 
 32.34500  0.44405  0.44403 
 32.44500  0.44027  0.44025 
 32.54500  0.43669  0.43671 
 32.64500  0.43339  0.43338 
 32.74500  0.43033  0.43035 
 32.84500  0.42756  0.42755 
 32.94500  0.42506  0.42506 
 33.04500  0.42289  0.42290 
 33.14500  0.42104  0.42102 
 33.24500  0.41949  0.41950 
 33.34500  0.41831  0.41830 
 33.44500  0.41747  0.41746 
 33.54500  0.41697  0.41697 
 33.64500  0.41684  0.41682 
 33.74500  0.41708  0.41707 
 33.84500  0.41767  0.41766 
 33.94500  0.41864  0.41862 
 34.04500  0.41995  0.41995 
 34.14500  0.42165  0.42163 
 34.24500  0.42366  0.42368 
 34.34500  0.42606  0.42606 
 34.44500  0.42880  0.42880 
 34.54500  0.43189  0.43189 
 34.64500  0.43527  0.43527 
 34.74500  0.43899  0.43901 
 34.84500  0.44302  0.44302 
 34.94500  0.44731  0.44731 
 35.04500  0.45187  0.45188 
 35.14500  0.45671  0.45669 
 35.24500  0.46176  0.46178 
 35.34500  0.46702  0.46705 
 35.44500  0.47249  0.47252 
 35.54500  0.47815  0.47818 
 35.64500  0.48399  0.48401 
 35.74500  0.48996  0.48993 
 35.84500  0.49602  0.49601 
 35.94500  0.50217  0.50215 
 36.04500  0.50835  0.50838 
 36.14500  0.51461  0.51463 
 36.24500  0.52088  0.52090 
 36.34500  0.52713  0.52718 
 36.44500  0.53335  0.53341 
 36.54500  0.53957  0.53959 
 36.64500  0.54568  0.54570 
 36.74500  0.55171  0.55170 
 36.84500  0.55758  0.55758 
 36.94500  0.56332  0.56331 
 37.04500  0.56885  0.56888 
 37.14500  0.57422  0.57425 
 37.24500  0.57937  0.57941 
 37.34500  0.58429  0.58432 
 37.44500  0.58896  0.58899 
 37.54500  0.59339  0.59341 
 37.64500  0.59751  0.59750 
 37.74500  0.60132  0.60135 
 37.84500  0.60483  0.60485 
 37.94500  0.60800  0.60805 
 38.04500  0.61081  0.61085 
 38.14500  0.61330  0.61334 
 38.24500  0.61543  0.61548 
 38.34500  0.61720  0.61723 
 38.44500  0.61857  0.61860 
 38.54500  0.61959  0.61961 
 38.64500  0.62020  0.62023 
 38.74500  0.62045  0.62048 
 38.84500  0.62028  0.62032 
 38.94500  0.61975  0.61978 
 39.04500  0.61886  0.61890 
 39.14500  0.61758  0.61759 
 39.24500  0.61591  0.61596 
 39.34500  0.61390  0.61394 
 39.44500  0.61152  0.61158 
 39.54500  0.60883  0.60884 
 39.64500  0.60577  0.60582 
 39.74500  0.60243  0.60247 
 39.84500  0.59876  0.59881 
 39.94500  0.59482  0.59487 
 40.04500  0.59059  0.59065 
 40.14500  0.58611  0.58618 
 40.24500  0.58140  0.58146 
 40.34500  0.57650  0.57655 
 40.44500  0.57139  0.57142 
 40.54500  0.56610  0.56612 
 40.64500  0.56065  0.56070 
 40.74500  0.55508  0.55511 
 40.84500  0.54937  0.54944 
 40.94500  0.54357  0.54367 
 41.04500  0.53776  0.53785 
 41.14500  0.53191  0.53198 
 41.24500  0.52607  0.52611 
 41.34500  0.52018  0.52024 
 41.44500  0.51437  0.51441 
 41.54500  0.50862  0.50863 
 41.64500  0.50292  0.50293 
 41.74500  0.49730  0.49735 
 41.84500  0.49182  0.49187 
 41.94500  0.48646  0.48655 
 42.04500  0.48131  0.48137 
 42.14500  0.47633  0.47640 
 42.24500  0.47156  0.47164 
 42.34500  0.46703  0.46708 
 42.44500  0.46272  0.46277 
 42.54500  0.45865  0.45872 
 42.64500  0.45486  0.45493 
 42.74500  0.45135  0.45143 
 42.84500  0.44814  0.44820 
 42.94500  0.44523  0.44530 
 43.04500  0.44263  0.44271 
 43.14500  0.44036  0.44043 
 43.24500  0.43841  0.43848 
 43.34500  0.43678  0.43686 
 43.44500  0.43550  0.43557 
 43.54500  0.43454  0.43462 
 43.64500  0.43393  0.43401 
 43.74500  0.43363  0.43372 
 43.84500  0.43370  0.43376 
 43.94500  0.43407  0.43415 
 44.04500  0.43477  0.43483 
 44.14500  0.43575  0.43584 
 44.24500  0.43707  0.43715 
 44.34500  0.43867  0.43874 
 44.44500  0.44056  0.44061 
 44.54500  0.44273  0.44278 
 44.64500  0.44511  0.44517 
 44.74500  0.44775  0.44782 
 44.84500  0.45059  0.45066 
 44.94500  0.45366  0.45373 
 45.04500  0.45690  0.45698 
 45.14500  0.46030  0.46040 
 45.24500  0.46387  0.46395 
 45.34500  0.46755  0.46764 
 45.44500  0.47137  0.47144 
 45.54500  0.47526  0.47530 
 45.64500  0.47920  0.47922 
 45.74500  0.48314  0.48320 
 45.84500  0.48713  0.48720 
 45.94500  0.49112  0.49120 
 46.04500  0.49506  0.49516 
 46.14500  0.49897  0.49907 
 46.24500  0.50283  0.50291 
 46.34500  0.50660  0.50667 
 46.44500  0.51027  0.51030 
 46.54500  0.51378  0.51383 
 46.64500  0.51713  0.51718 
 46.74500  0.52031  0.52038 
 46.84500  0.52333  0.52340 
 46.94500  0.52611  0.52619 
 47.04500  0.52873  0.52880 
 47.14500  0.53108  0.53116 
 47.24500  0.53321  0.53330 
 47.34500  0.53508  0.53515 
 47.44500  0.53668  0.53675 
 47.54500  0.53803  0.53809 
 47.64500  0.53908  0.53914 
 47.74500  0.53985  0.53992 
 47.84500  0.54033  0.54038 
 47.94500  0.54050  0.54059 
 48.04500  0.54040  0.54046 
 48.14500  0.54000  0.54005 
 48.24500  0.53931  0.53937 
 48.34500  0.53832  0.53839 
 48.44500  0.53705  0.53712 
 48.54500  0.53551  0.53558 
 48.64500  0.53369  0.53377 
 48.74500  0.53162  0.53168 
 48.84500  0.52929  0.52935 
 48.94500  0.52673  0.52680 
 49.04500  0.52395  0.52402 
 49.14500  0.52096  0.52102 
 49.24500  0.51778  0.51783 
 49.34500  0.51441  0.51445 
 49.44500  0.51089  0.51093 
 49.54500  0.50719  0.50725 
 49.64500  0.50338  0.50345 
 49.74500  0.49943  0.49954 
 49.84500  0.49544  0.49555 
 49.94500  0.49140  0.49150 
 50.04500  0.48733  0.48738 
 50.14500  0.48318  0.48326 
 50.24500  0.47908  0.47914 
 50.34500  0.47499  0.47503 
 50.44500  0.47090  0.47097 
 50.54500  0.46688  0.46695 
 50.64500  0.46293  0.46303 
 50.74500  0.45909  0.45920 
 50.84500  0.45541  0.45549 
 50.94500  0.45183  0.45194 
 51.04500  0.44844  0.44853 
 51.14500  0.44521  0.44529 
 51.24500  0.44218  0.44225 
 51.34500  0.43934  0.43942 
 51.44500  0.43674  0.43680 
 51.54500  0.43434  0.43444 
 51.64500  0.43220  0.43230 
 51.74500  0.43033  0.43044 
 51.84500  0.42875  0.42884 
 51.94500  0.42741  0.42751 
 52.04500  0.42635  0.42647 
 52.14500  0.42559  0.42570 
 52.24500  0.42512  0.42524 
 52.34500  0.42495  0.42506 
 52.44500  0.42506  0.42518 
 52.54500  0.42548  0.42559 
 52.64500  0.42617  0.42629 
 52.74500  0.42715  0.42727 
 52.84500  0.42841  0.42854 
 52.94500  0.42997  0.43007 
 53.04500  0.43176  0.43190 
 53.14500  0.43382  0.43394 
 53.24500  0.43612  0.43624 
 53.34500  0.43867  0.43878 
 53.44500  0.44142  0.44152 
 53.54500  0.44434  0.44446 
 53.64500  0.44748  0.44761 
 53.74500  0.45078  0.45092 
 53.84500  0.45424  0.45437 
 53.94500  0.45782  0.45796 
 54.04500  0.46152  0.46167 
 54.14500  0.46534  0.46545 
 54.24500  0.46922  0.46932 
 54.34500  0.47312  0.47322 
 54.44500  0.47705  0.47716 
 54.54500  0.48094  0.48110 
 54.64500  0.48489  0.48501 
 54.74500  0.48876  0.48889 
 54.84500  0.49254  0.49270 
 54.94500  0.49627  0.49642 
 55.04500  0.49989  0.50004 
 55.14500  0.50340  0.50352 
 55.24500  0.50675  0.50685 
 55.34500  0.50989  0.51002 
 55.44500  0.51284  0.51297 
 55.54500  0.51558  0.51572 
 55.64500  0.51809  0.51823 
 55.74500  0.52035  0.52048 
 55.84500  0.52234  0.52247 
 55.94500  0.52404  0.52419 
 56.04500  0.52545  0.52558 
 56.14500  0.52654  0.52665 
 56.24500  0.52730  0.52743 
 56.34500  0.52772  0.52785 
 56.44500  0.52781  0.52795 
 56.54500  0.52753  0.52764 
 56.64500  0.52689  0.52700 
 56.74500  0.52585  0.52597 
 56.84500  0.52445  0.52457 
 56.94500  0.52269  0.52280 
 57.04500  0.52050  0.52065 
 57.14500  0.51797  0.51808 
 57.24500  0.51506  0.51516 
 57.34500  0.51173  0.51187 
 57.44500  0.50805  0.50818 
 57.54500  0.50402  0.50414 
 57.64500  0.49959  0.49973 
 57.74500  0.49484  0.49495 
 57.84500  0.48975  0.48986 
 57.94500  0.48430  0.48441 
 58.04500  0.47851  0.47860 
 58.14500  0.47243  0.47254 
 58.24500  0.46604  0.46615 
 58.34500  0.45936  0.45949 
 58.44500  0.45239  0.45254 
 58.54500  0.44519  0.44535 
 58.64500  0.43777  0.43793 
 58.74500  0.43015  0.43027 
 58.84500  0.42231  0.42240 
 58.94500  0.41429  0.41439 
 59.04500  0.40612  0.40620 
 59.14500  0.39778  0.39787 
 59.24500  0.38932  0.38941 
 59.34500  0.38075  0.38087 
 59.44500  0.37209  0.37223 
 59.54500  0.36340  0.36355 
 59.64500  0.35469  0.35482 
 59.74500  0.34595  0.34607 
 59.84500  0.33722  0.33733 
 59.94500  0.32849  0.32861 
 60.04500  0.31983  0.31994 
 60.14500  0.31124  0.31133 
 60.24500  0.30271  0.30281 
 60.34500  0.29429  0.29441 
 60.44500  0.28600  0.28611 
 60.54500  0.27787  0.27800 
 60.64500  0.26989  0.27001 
 60.74500  0.26208  0.26219 
 60.84500  0.25448  0.25460 
 60.94500  0.24710  0.24722 
 61.04500  0.23996  0.24005 
 61.14500  0.23303  0.23315 
 61.24500  0.22640  0.22651 
 61.34500  0.22004  0.22015 
 61.44500  0.21396  0.21410 
 61.54500  0.20818  0.20829 
 61.64500  0.20274  0.20284 
 61.74500  0.19759  0.19771 
 61.84500  0.19282  0.19292 
 61.94500  0.18836  0.18847 
 62.04500  0.18427  0.18440 
 62.14500  0.18057  0.18066 
 62.24500  0.17720  0.17729 
 62.34500  0.17421  0.17432 
 62.44500  0.17161  0.17173 
 62.54500  0.16942  0.16952 
 62.64500  0.16762  0.16773 
 62.74500  0.16621  0.16632 
 62.84500  0.16522  0.16531 
 62.94500  0.16461  0.16472 
