  0.04500  0.99998  1.00000 
  0.14500  0.99998  1.00000 
  0.24500  0.99998  1.00000 
  0.34500  0.99998  1.00000 
  0.44500  0.99998  1.00000 
  0.54500  0.99998  1.00000 
  0.64500  0.99998  1.00000 
  0.74500  0.99998  1.00000 
  0.84500  0.99998  1.00000 
  0.94500  0.99998  1.00000 
  1.04500  0.99998  1.00000 
  1.14500  0.99998  1.00000 
  1.24500  0.99998  1.00000 
  1.34500  0.99998  1.00000 
  1.44500  0.99998  1.00000 
  1.54500  0.99997  1.00000 
  1.64500  0.99998  1.00000 
  1.74500  0.99998  1.00000 
  1.84500  0.99998  1.00000 
  1.94500  0.99998  1.00000 
  2.04500  0.99998  1.00000 
  2.14500  0.99998  1.00000 
  2.24500  0.99998  1.00000 
  2.34500  0.99998  1.00000 
  2.44500  0.99997  1.00000 
  2.54500  0.99998  1.00000 
  2.64500  0.99999  1.00000 
  2.74500  1.00000  1.00000 
  2.84500  1.00000  1.00000 
  2.94500  0.99997  0.99995 
  3.04500  0.99990  0.99986 
  3.14500  0.99967  0.99967 
  3.24500  0.99918  0.99923 
  3.34500  0.99817  0.99831 
  3.44500  0.99630  0.99649 
  3.54500  0.99287  0.99308 
  3.64500  0.98691  0.98700 
  3.74500  0.97693  0.97672 
  3.84500  0.96094  0.96034 
  3.94500  0.93654  0.93563 
  4.04500  0.90127  0.90036 
  4.14500  0.85327  0.85268 
  4.24500  0.79171  0.79175 
  4.34500  0.71746  0.71801 
  4.44500  0.63298  0.63360 
  4.54500  0.54192  0.54215 
  4.64500  0.44864  0.44838 
  4.74500  0.35807  0.35745 
  4.84500  0.27446  0.27398 
  4.94500  0.20142  0.20147 
  5.04500  0.14125  0.14188 
  5.14500  0.09457  0.09553 
  5.24500  0.06051  0.06141 
  5.34500  0.03707  0.03767 
  5.44500  0.02180  0.02201 
  5.54500  0.01231  0.01222 
  5.64500  0.00667  0.00647 
  5.74500  0.00344  0.00327 
  5.84500  0.00169  0.00157 
  5.94500  0.00073  0.00071 
  6.04500  0.00028  0.00030 
  6.14500  0.00007  0.00013 
  6.24500  0.00001  0.00004 
  6.34500 -0.00001  0.00000 
  6.44500 -0.00001  0.00000 
  6.54500 -0.00000  0.00000 
  6.64500 -0.00000  0.00000 
  6.74500  0.00000  0.00000 
  6.84500 -0.00002  0.00000 
  6.94500 -0.00000  0.00000 
  7.04500  0.00003  0.00007 
  7.14500  0.00011  0.00015 
  7.24500  0.00038  0.00039 
  7.34500  0.00094  0.00088 
  7.44500  0.00206  0.00191 
  7.54500  0.00414  0.00395 
  7.64500  0.00792  0.00777 
  7.74500  0.01446  0.01445 
  7.84500  0.02532  0.02564 
  7.94500  0.04260  0.04329 
  8.04500  0.06873  0.06968 
  8.14500  0.10609  0.10700 
  8.24500  0.15647  0.15695 
  8.34500  0.22032  0.22020 
  8.44500  0.29655  0.29601 
  8.54500  0.38248  0.38193 
  8.64500  0.47427  0.47413 
  8.74500  0.56741  0.56775 
  8.84500  0.65707  0.65773 
  8.94500  0.73908  0.73948 
  9.04500  0.80999  0.80985 
  9.14500  0.86782  0.86711 
  9.24500  0.91220  0.91123 
  9.34500  0.94425  0.94340 
  9.44500  0.96609  0.96558 
  9.54500  0.98019  0.98004 
  9.64500  0.98889  0.98900 
  9.74500  0.99403  0.99422 
  9.84500  0.99693  0.99714 
  9.94500  0.99852  0.99864 
 10.04500  0.99935  0.99939 
 10.14500  0.99976  0.99974 
 10.24500  0.99992  0.99989 
 10.34500  0.99998  0.99997 
 10.44500  1.00000  1.00000 
 10.54500  0.99999  1.00000 
 10.64500  0.99998  1.00000 
 10.74500  0.99997  1.00000 
 10.84500  0.99998  1.00000 
 10.94500  0.99998  1.00000 
 11.04500  0.99999  1.00000 
 11.14500  1.00000  1.00000 
 11.24500  0.99998  0.99996 
 11.34500  0.99992  0.99988 
 11.44500  0.99972  0.99972 
 11.54500  0.99929  0.99934 
 11.64500  0.99840  0.99853 
 11.74500  0.99670  0.99690 
 11.84500  0.99362  0.99381 
 11.94500  0.98817  0.98828 
 12.04500  0.97902  0.97885 
 12.14500  0.96421  0.96365 
 12.24500  0.94140  0.94055 
 12.34500  0.90816  0.90720 
 12.44500  0.86240  0.86176 
 12.54500  0.80315  0.80308 
 12.64500  0.73096  0.73143 
 12.74500  0.64797  0.64861 
 12.84500  0.55774  0.55805 
 12.94500  0.46449  0.46434 
 13.04500  0.37315  0.37258 
 13.14500  0.28807  0.28752 
 13.24500  0.21301  0.21297 
 13.34500  0.15055  0.15111 
 13.44500  0.10158  0.10252 
 13.54500  0.06550  0.06645 
 13.64500  0.04041  0.04108 
 13.74500  0.02392  0.02419 
 13.84500  0.01360  0.01358 
 13.94500  0.00741  0.00725 
 14.04500  0.00386  0.00366 
 14.14500  0.00190  0.00176 
 14.24500  0.00085  0.00080 
 14.34500  0.00034  0.00036 
 14.44500  0.00009  0.00014 
 14.54500  0.00001  0.00006 
 14.64500 -0.00001  0.00000 
 14.74500 -0.00002  0.00000 
 14.84500 -0.00001  0.00000 
 14.94500 -0.00000  0.00000 
 15.04500  0.00001  0.00000 
 15.14500  0.00001  0.00000 
 15.24500  0.00000  0.00000 
 15.34500  0.00000  0.00000 
 15.44500  0.00001  0.00000 
 15.54500  0.00001  0.00000 
 15.64500 -0.00000  0.00000 
 15.74500 -0.00000  0.00000 
 15.84500 -0.00003  0.00000 
 15.94500 -0.00001  0.00000 
 16.04500  0.00002  0.00007 
 16.14500  0.00011  0.00016 
 16.24500  0.00038  0.00040 
 16.34500  0.00095  0.00091 
 16.44500  0.00211  0.00198 
 16.54500  0.00424  0.00404 
 16.64500  0.00808  0.00793 
 16.74500  0.01474  0.01475 
 16.84500  0.02577  0.02609 
 16.94500  0.04330  0.04400 
 17.04500  0.06974  0.07071 
 17.14500  0.10751  0.10841 
 17.24500  0.15832  0.15878 
 17.34500  0.22260  0.22247 
 17.44500  0.29921  0.29864 
 17.54500  0.38538  0.38483 
 17.64500  0.47728  0.47717 
 17.74500  0.57038  0.57078 
 17.84500  0.65986  0.66051 
 17.94500  0.74155  0.74195 
 18.04500  0.81207  0.81191 
 18.14500  0.86946  0.86874 
 18.24500  0.91342  0.91245 
 18.34500  0.94511  0.94427 
 18.44500  0.96666  0.96614 
 18.54500  0.98055  0.98043 
 18.64500  0.98910  0.98921 
 18.74500  0.99413  0.99435 
 18.84500  0.99699  0.99718 
 18.94500  0.99856  0.99866 
 19.04500  0.99937  0.99940 
 19.14500  0.99976  0.99974 
 19.24500  0.99993  0.99989 
 19.34500  0.99998  0.99998 
 19.44500  1.00000  1.00000 
 19.54500  0.99999  1.00000 
 19.64500  0.99998  1.00000 
 19.74500  0.99997  1.00000 
 19.84500  0.99996  1.00000 
 19.94500  0.99996  1.00000 
 20.04500  0.99997  1.00000 
 20.14500  0.99998  1.00000 
 20.24500  0.99999  1.00000 
 20.34500  1.00000  1.00000 
 20.44500  0.99998  1.00000 
 20.54500  0.99994  0.99990 
 20.64500  0.99981  0.99978 
 20.74500  0.99947  0.99949 
 20.84500  0.99876  0.99883 
 20.94500  0.99736  0.99754 
 21.04500  0.99481  0.99503 
 21.14500  0.99026  0.99038 
 21.24500  0.98246  0.98240 
 21.34500  0.96973  0.96932 
 21.44500  0.94978  0.94900 
 21.54500  0.92016  0.91919 
 21.64500  0.87862  0.87784 
 21.74500  0.82374  0.82345 
 21.84500  0.75554  0.75587 
 21.94500  0.67572  0.67635 
 22.04500  0.58738  0.58783 
 22.14500  0.49461  0.49460 
 22.24500  0.40213  0.40166 
 22.34500  0.31457  0.31397 
 22.44500  0.23594  0.23569 
 22.54500  0.16923  0.16959 
 22.64500  0.11592  0.11678 
 22.74500  0.07582  0.07683 
 22.84500  0.04744  0.04822 
 22.94500  0.02846  0.02884 
 23.04500  0.01639  0.01645 
 23.14500  0.00907  0.00894 
 23.24500  0.00480  0.00460 
 23.34500  0.00242  0.00227 
 23.44500  0.00112  0.00105 
 23.54500  0.00046  0.00047 
 23.64500  0.00014  0.00020 
 23.74500  0.00003  0.00009 
 23.84500 -0.00001  0.00000 
 23.94500 -0.00003  0.00000 
 24.04500 -0.00001  0.00000 
 24.14500 -0.00000  0.00000 
 24.24500  0.00001  0.00000 
 24.34500  0.00002  0.00000 
 24.44500  0.00001  0.00000 
 24.54500  0.00000  0.00000 
 24.64500  0.00000  0.00000 
 24.74500  0.00002  0.00000 
 24.84500 -0.00000  0.00000 
 24.94500 -0.00001  0.00000 
 25.04500 -0.00002  0.00000 
 25.14500 -0.00002  0.00000 
 25.24500  0.00000  0.00004 
 25.34500  0.00007  0.00012 
 25.44500  0.00027  0.00030 
 25.54500  0.00072  0.00071 
 25.64500  0.00166  0.00153 
 25.74500  0.00340  0.00323 
 25.84500  0.00660  0.00641 
 25.94500  0.01220  0.01211 
 26.04500  0.02161  0.02183 
 26.14500  0.03679  0.03737 
 26.24500  0.06008  0.06099 
 26.34500  0.09396  0.09495 
 26.44500  0.14045  0.14109 
 26.54500  0.20042  0.20050 
 26.64500  0.27330  0.27282 
 26.74500  0.35677  0.35616 
 26.84500  0.44727  0.44701 
 26.94500  0.54056  0.54077 
 27.04500  0.63167  0.63227 
 27.14500  0.71628  0.71683 
 27.24500  0.79070  0.79074 
 27.34500  0.85245  0.85188 
 27.44500  0.90068  0.89974 
 27.54500  0.93611  0.93521 
 27.64500  0.96066  0.96006 
 27.74500  0.97677  0.97652 
 27.84500  0.98681  0.98686 
 27.94500  0.99282  0.99302 
 28.04500  0.99626  0.99646 
 28.14500  0.99816  0.99829 
 28.24500  0.99917  0.99922 
 28.34500  0.99966  0.99967 
 28.44500  0.99990  0.99986 
 28.54500  0.99997  0.99995 
 28.64500  0.99999  1.00000 
 28.74500  1.00000  1.00000 
 28.84500  0.99999  1.00000 
 28.94500  0.99997  1.00000 
 29.04500  0.99997  1.00000 
 29.14500  0.99996  1.00000 
 29.24500  0.99997  1.00000 
 29.34500  0.99998  1.00000 
 29.44500  0.99998  1.00000 
 29.54500  1.00000  1.00000 
 29.64500  0.99999  1.00000 
 29.74500  0.99996  0.99993 
 29.84500  0.99988  0.99985 
 29.94500  0.99960  0.99960 
 30.04500  0.99904  0.99911 
 30.14500  0.99790  0.99807 
 30.24500  0.99581  0.99601 
 30.34500  0.99201  0.99221 
 30.44500  0.98543  0.98546 
 30.54500  0.97452  0.97423 
 30.64500  0.95715  0.95648 
 30.74500  0.93093  0.92998 
 30.84500  0.89343  0.89253 
 30.94500  0.84293  0.84245 
 31.04500  0.77892  0.77907 
 31.14500  0.70258  0.70317 
 31.24500  0.61658  0.61713 
 31.34500  0.52475  0.52487 
 31.44500  0.43163  0.43128 
 31.54500  0.34200  0.34138 
 31.64500  0.26011  0.25971 
 31.74500  0.18932  0.18950 
 31.84500  0.13162  0.13236 
 31.94500  0.08738  0.08838 
 32.04500  0.05546  0.05633 
 32.14500  0.03371  0.03422 
 32.24500  0.01966  0.01983 
 32.34500  0.01101  0.01092 
 32.44500  0.00591  0.00572 
 32.54500  0.00303  0.00285 
 32.64500  0.00145  0.00136 
 32.74500  0.00062  0.00061 
 32.84500  0.00022  0.00026 
 32.94500  0.00006  0.00011 
 33.04500 -0.00000  0.00002 
 33.14500 -0.00002  0.00000 
 33.24500 -0.00002  0.00000 
 33.34500 -0.00001  0.00000 
 33.44500  0.00000  0.00000 
 33.54500  0.00001  0.00000 
 33.64500  0.00000  0.00000 
 33.74500 -0.00000  0.00000 
 33.84500  0.00000  0.00000 
 33.94500  0.00001  0.00000 
 34.04500  0.00000  0.00000 
 34.14500 -0.00000  0.00000 
 34.24500 -0.00002  0.00000 
 34.34500 -0.00003  0.00000 
 34.44500  0.00000  0.00001 
 34.54500  0.00003  0.00010 
 34.64500  0.00017  0.00023 
 34.74500  0.00054  0.00054 
 34.84500  0.00128  0.00119 
 34.94500  0.00271  0.00255 
 35.04500  0.00537  0.00517 
 35.14500  0.01006  0.00992 
 35.24500  0.01804  0.01815 
 35.34500  0.03114  0.03159 
 35.44500  0.05154  0.05234 
 35.54500  0.08174  0.08275 
 35.64500  0.12401  0.12480 
 35.74500  0.17961  0.17989 
 35.84500  0.24849  0.24816 
 35.94500  0.32889  0.32827 
 36.04500  0.41756  0.41715 
 36.14500  0.51045  0.51053 
 36.24500  0.60278  0.60330 
 36.34500  0.68994  0.69058 
 36.44500  0.76799  0.76821 
 36.54500  0.83400  0.83362 
 36.64500  0.88657  0.88572 
 36.74500  0.92597  0.92499 
 36.84500  0.95377  0.95306 
 36.94500  0.97233  0.97198 
 37.04500  0.98410  0.98408 
 37.14500  0.99123  0.99139 
 37.24500  0.99536  0.99557 
 37.34500  0.99766  0.99783 
 37.44500  0.99890  0.99900 
 37.54500  0.99954  0.99956 
 37.64500  0.99985  0.99982 
 37.74500  0.99996  0.99991 
 37.84500  0.99999  1.00000 
 37.94500  1.00000  1.00000 
 38.04500  0.99999  1.00000 
 38.14500  0.99998  1.00000 
 38.24500  0.99998  1.00000 
 38.34500  0.99997  1.00000 
 38.44500  0.99998  1.00000 
 38.54500  0.99998  1.00000 
 38.64500  0.99997  1.00000 
 38.74500  0.99997  1.00000 
 38.84500  0.99997  1.00000 
 38.94500  0.99997  1.00000 
 39.04500  0.99998  1.00000 
 39.14500  0.99997  1.00000 
 39.24500  0.99998  1.00000 
 39.34500  0.99999  1.00000 
 39.44500  1.00000  1.00000 
 39.54500  1.00000  1.00000 
 39.64500  0.99998  0.99997 
 39.74500  0.99992  0.99988 
 39.84500  0.99973  0.99972 
 39.94500  0.99931  0.99935 
 40.04500  0.99842  0.99854 
 40.14500  0.99676  0.99696 
 40.24500  0.99372  0.99394 
 40.34500  0.98841  0.98852 
 40.44500  0.97938  0.97923 
 40.54500  0.96478  0.96427 
 40.64500  0.94231  0.94144 
 40.74500  0.90943  0.90847 
 40.84500  0.86410  0.86342 
 40.94500  0.80529  0.80519 
 41.04500  0.73348  0.73394 
 41.14500  0.65080  0.65144 
 41.24500  0.56074  0.56106 
 41.34500  0.46752  0.46736 
 41.44500  0.37604  0.37546 
 41.54500  0.29068  0.29014 
 41.64500  0.21527  0.21519 
 41.74500  0.15235  0.15290 
 41.84500  0.10296  0.10391 
 41.94500  0.06649  0.06744 
 42.04500  0.04108  0.04176 
 42.14500  0.02434  0.02464 
 42.24500  0.01386  0.01384 
 42.34500  0.00757  0.00739 
 42.44500  0.00395  0.00376 
 42.54500  0.00196  0.00182 
 42.64500  0.00087  0.00084 
 42.74500  0.00034  0.00036 
 42.84500  0.00009  0.00015 
 42.94500  0.00001  0.00006 
 43.04500 -0.00001  0.00000 
 43.14500 -0.00002  0.00000 
 43.24500 -0.00000  0.00000 
 43.34500 -0.00000  0.00000 
 43.44500  0.00002  0.00000 
 43.54500  0.00002  0.00000 
 43.64500  0.00002  0.00000 
 43.74500  0.00000  0.00000 
 43.84500 -0.00000  0.00000 
 43.94500 -0.00001  0.00000 
 44.04500 -0.00002  0.00000 
 44.14500 -0.00001  0.00000 
 44.24500  0.00003  0.00010 
 44.34500  0.00015  0.00020 
 44.44500  0.00048  0.00048 
 44.54500  0.00117  0.00108 
 44.64500  0.00249  0.00234 
 44.74500  0.00494  0.00474 
 44.84500  0.00933  0.00920 
 44.94500  0.01684  0.01691 
 45.04500  0.02919  0.02960 
 45.14500  0.04857  0.04936 
 45.24500  0.07747  0.07844 
 45.34500  0.11816  0.11900 
 45.44500  0.17212  0.17246 
 45.54500  0.23945  0.23916 
 45.64500  0.31858  0.31796 
 45.74500  0.40647  0.40600 
 45.84500  0.49908  0.49909 
 45.94500  0.59174  0.59222 
 46.04500  0.67975  0.68038 
 46.14500  0.75909  0.75940 
 46.24500  0.82667  0.82635 
 46.34500  0.88089  0.88010 
 46.44500  0.92184  0.92088 
 46.54500  0.95094  0.95016 
 46.64500  0.97048  0.97009 
 46.74500  0.98294  0.98290 
 46.84500  0.99052  0.99069 
 46.94500  0.99496  0.99518 
 47.04500  0.99745  0.99763 
 47.14500  0.99880  0.99890 
 47.24500  0.99949  0.99951 
 47.34500  0.99982  0.99979 
 47.44500  0.99995  0.99990 
 47.54500  0.99998  1.00000 
 47.64500  1.00000  1.00000 
 47.74500  0.99999  1.00000 
 47.84500  0.99998  1.00000 
 47.94500  0.99997  1.00000 
 48.04500  0.99998  1.00000 
 48.14500  0.99998  1.00000 
 48.24500  0.99999  1.00000 
 48.34500  0.99999  1.00000 
 48.44500  0.99996  0.99994 
 48.54500  0.99989  0.99985 
 48.64500  0.99964  0.99964 
 48.74500  0.99910  0.99916 
 48.84500  0.99803  0.99818 
 48.94500  0.99604  0.99625 
 49.04500  0.99243  0.99264 
 49.14500  0.98616  0.98621 
 49.24500  0.97571  0.97546 
 49.34500  0.95903  0.95840 
 49.44500  0.93369  0.93276 
 49.54500  0.89729  0.89638 
 49.64500  0.84801  0.84747 
 49.74500  0.78518  0.78525 
 49.84500  0.70984  0.71040 
 49.94500  0.62455  0.62513 
 50.04500  0.53308  0.53324 
 50.14500  0.43984  0.43957 
 50.24500  0.34976  0.34915 
 50.34500  0.26702  0.26658 
 50.44500  0.19513  0.19527 
 50.54500  0.13622  0.13694 
 50.64500  0.09081  0.09180 
 50.74500  0.05786  0.05875 
 50.84500  0.03530  0.03587 
 50.94500  0.02067  0.02084 
 51.04500  0.01164  0.01154 
 51.14500  0.00627  0.00608 
 51.24500  0.00322  0.00304 
 51.34500  0.00155  0.00146 
 51.44500  0.00066  0.00065 
 51.54500  0.00025  0.00028 
 51.64500  0.00006  0.00012 
 51.74500 -0.00000  0.00003 
 51.84500 -0.00002  0.00000 
 51.94500 -0.00002  0.00000 
 52.04500 -0.00000  0.00000 
 52.14500  0.00000  0.00000 
 52.24500  0.00002  0.00000 
 52.34500  0.00002  0.00000 
 52.44500  0.00002  0.00000 
 52.54500 -0.00000  0.00000 
 52.64500 -0.00001  0.00000 
 52.74500 -0.00002  0.00000 
 52.84500 -0.00002  0.00000 
 52.94500 -0.00001  0.00003 
 53.04500  0.00005  0.00011 
 53.14500  0.00022  0.00026 
 53.24500  0.00064  0.00062 
 53.34500  0.00147  0.00137 
 53.44500  0.00307  0.00291 
 53.54500  0.00601  0.00581 
 53.64500  0.01116  0.01108 
 53.74500  0.01993  0.02009 
 53.84500  0.03412  0.03464 
 53.94500  0.05607  0.05695 
 54.04500  0.08827  0.08926 
 54.14500  0.13282  0.13353 
 54.24500  0.19083  0.19098 
 54.34500  0.26190  0.26151 
 54.44500  0.34402  0.34339 
 54.54500  0.43377  0.43343 
 54.64500  0.52691  0.52707 
 54.74500  0.61865  0.61922 
 54.84500  0.70448  0.70506 
 54.94500  0.78057  0.78069 
 55.04500  0.84425  0.84378 
 55.14500  0.89445  0.89355 
 55.24500  0.93166  0.93073 
 55.34500  0.95765  0.95698 
 55.44500  0.97482  0.97454 
 55.54500  0.98563  0.98566 
 55.64500  0.99211  0.99232 
 55.74500  0.99586  0.99607 
 55.84500  0.99795  0.99811 
 55.94500  0.99906  0.99913 
 56.04500  0.99961  0.99961 
 56.14500  0.99988  0.99985 
 56.24500  0.99995  0.99993 
 56.34500  0.99999  1.00000 
 56.44500  0.99999  1.00000 
 56.54500  0.99998  1.00000 
 56.64500  0.99998  1.00000 
 56.74500  0.99997  1.00000 
 56.84500  0.99998  1.00000 
 56.94500  0.99998  1.00000 
 57.04500  1.00000  1.00000 
 57.14500  0.99998  1.00000 
 57.24500  0.99994  0.99991 
 57.34500  0.99984  0.99980 
 57.44500  0.99951  0.99953 
 57.54500  0.99886  0.99894 
 57.64500  0.99756  0.99773 
 57.74500  0.99517  0.99540 
 57.84500  0.99090  0.99106 
 57.94500  0.98357  0.98355 
 58.04500  0.97150  0.97113 
 58.14500  0.95249  0.95175 
 58.24500  0.92410  0.92314 
 58.34500  0.88401  0.88316 
 58.44500  0.83068  0.83032 
 58.54500  0.76394  0.76421 
 58.64500  0.68531  0.68593 
 58.74500  0.59774  0.59824 
 58.84500  0.50525  0.50530 
 58.94500  0.41248  0.41204 
 59.04500  0.32416  0.32354 
 59.14500  0.24433  0.24403 
 59.24500  0.17616  0.17647 
 59.34500  0.12131  0.12213 
 59.44500  0.07976  0.08074 
 59.54500  0.05015  0.05096 
 59.64500  0.03022  0.03067 
 59.74500  0.01749  0.01758 
 59.84500  0.00971  0.00961 
 59.94500  0.00516  0.00497 
 60.04500  0.00262  0.00246 
 60.14500  0.00122  0.00116 
 60.24500  0.00051  0.00051 
 60.34500  0.00017  0.00022 
 60.44500  0.00004  0.00010 
 60.54500 -0.00000  0.00000 
 60.64500 -0.00003  0.00000 
 60.74500 -0.00002  0.00000 
 60.84500 -0.00001  0.00000 
 60.94500 -0.00000  0.00000 
 61.04500  0.00001  0.00000 
 61.14500 -0.00000  0.00000 
 61.24500  0.00000  0.00000 
 61.34500  0.00000  0.00000 
 61.44500  0.00000  0.00000 
 61.54500 -0.00000  0.00000 
 61.64500  0.00000  0.00000 
 61.74500 -0.00000  0.00000 
 61.84500  0.00000  0.00000 
 61.94500  0.00000  0.00000 
 62.04500 -0.00000  0.00000 
 62.14500 -0.00000  0.00000 
 62.24500 -0.00000  0.00000 
 62.34500 -0.00000  0.00000 
 62.44500 -0.00000  0.00000 
 62.54500 -0.00000  0.00000 
 62.64500  0.00000  0.00000 
 62.74500  0.00000  0.00000 
 62.84500 -0.00000  0.00000 
 62.94500 -0.00000  0.00000 
