  0.04500  1.00002  1.00000 
  0.14500  1.00002  1.00000 
  0.24500  1.00002  1.00000 
  0.34500  1.00002  1.00000 
  0.44500  1.00002  1.00000 
  0.54500  1.00002  1.00000 
  0.64500  1.00002  1.00000 
  0.74500  1.00001  1.00000 
  0.84500  1.00001  1.00000 
  0.94500  1.00002  1.00000 
  1.04500  1.00002  1.00000 
  1.14500  1.00002  1.00000 
  1.24500  1.00002  1.00000 
  1.34500  1.00001  1.00000 
  1.44500  1.00001  1.00000 
  1.54500  1.00001  1.00000 
  1.64500  1.00001  1.00000 
  1.74500  1.00002  1.00000 
  1.84500  1.00002  1.00000 
  1.94500  1.00003  1.00000 
  2.04500  1.00003  1.00000 
  2.14500  1.00001  1.00000 
  2.24500  1.00002  1.00000 
  2.34500  1.00001  1.00000 
  2.44500  0.99999  1.00000 
  2.54500  0.99997  0.99992 
  2.64500  0.99989  0.99987 
  2.74500  0.99974  0.99973 
  2.84500  0.99947  0.99947 
  2.94500  0.99897  0.99899 
  3.04500  0.99809  0.99813 
  3.14500  0.99660  0.99665 
  3.24500  0.99415  0.99419 
  3.34500  0.99022  0.99024 
  3.44500  0.98409  0.98413 
  3.54500  0.97492  0.97502 
  3.64500  0.96165  0.96185 
  3.74500  0.94314  0.94353 
  3.84500  0.91829  0.91888 
  3.94500  0.88623  0.88685 
  4.04500  0.84626  0.84668 
  4.14500  0.79806  0.79804 
  4.24500  0.74162  0.74120 
  4.34500  0.67748  0.67706 
  4.44500  0.60695  0.60714 
  4.54500  0.53237  0.53358 
  4.64500  0.46016  0.45886 
  4.74500  0.38567  0.38557 
  4.84500  0.31570  0.31614 
  4.94500  0.25231  0.25266 
  5.04500  0.19669  0.19662 
  5.14500  0.14932  0.14887 
  5.24500  0.11018  0.10956 
  5.34500  0.07888  0.07832 
  5.44500  0.05473  0.05433 
  5.54500  0.03681  0.03658 
  5.64500  0.02399  0.02390 
  5.74500  0.01517  0.01513 
  5.84500  0.00932  0.00927 
  5.94500  0.00558  0.00551 
  6.04500  0.00323  0.00316 
  6.14500  0.00181  0.00176 
  6.24500  0.00099  0.00095 
  6.34500  0.00051  0.00050 
  6.44500  0.00025  0.00025 
  6.54500  0.00012  0.00012 
  6.64500  0.00005  0.00007 
  6.74500  0.00003  0.00000 
  6.84500  0.00002  0.00000 
  6.94500  0.00003  0.00000 
  7.04500  0.00005  0.00005 
  7.14500  0.00009  0.00010 
  7.24500  0.00022  0.00021 
  7.34500  0.00043  0.00042 
  7.44500  0.00084  0.00081 
  7.54500  0.00157  0.00150 
  7.64500  0.00279  0.00273 
  7.74500  0.00487  0.00478 
  7.84500  0.00818  0.00815 
  7.94500  0.01344  0.01339 
  8.04500  0.02141  0.02130 
  8.14500  0.03308  0.03290 
  8.24500  0.04961  0.04926 
  8.34500  0.07205  0.07152 
  8.44500  0.10145  0.10081 
  8.54500  0.13853  0.13799 
  8.64500  0.18377  0.18360 
  8.74500  0.23731  0.23756 
  8.84500  0.29878  0.29926 
  8.94500  0.36724  0.36734 
  9.04500  0.44081  0.43987 
  9.14500  0.51395  0.51447 
  9.24500  0.58812  0.58855 
  9.34500  0.65996  0.65964 
  9.44500  0.72590  0.72546 
  9.54500  0.78438  0.78427 
  9.64500  0.83472  0.83506 
  9.74500  0.87677  0.87736 
  9.84500  0.91080  0.91140 
  9.94500  0.93741  0.93787 
 10.04500  0.95747  0.95771 
 10.14500  0.97197  0.97208 
 10.24500  0.98208  0.98213 
 10.34500  0.98888  0.98892 
 10.44500  0.99330  0.99334 
 10.54500  0.99608  0.99613 
 10.64500  0.99778  0.99782 
 10.74500  0.99878  0.99881 
 10.84500  0.99936  0.99937 
 10.94500  0.99969  0.99969 
 11.04500  0.99986  0.99984 
 11.14500  0.99994  0.99990 
 11.24500  0.99998  1.00000 
 11.34500  1.00001  1.00000 
 11.44500  1.00001  1.00000 
 11.54500  1.00002  1.00000 
 11.64500  0.99999  1.00000 
 11.74500  0.99998  0.99996 
 11.84500  0.99992  0.99990 
 11.94500  0.99981  0.99979 
 12.04500  0.99961  0.99960 
 12.14500  0.99920  0.99922 
 12.24500  0.99850  0.99853 
 12.34500  0.99731  0.99735 
 12.44500  0.99528  0.99534 
 12.54500  0.99204  0.99208 
 12.64500  0.98693  0.98697 
 12.74500  0.97912  0.97921 
 12.84500  0.96767  0.96785 
 12.94500  0.95145  0.95178 
 13.04500  0.92935  0.92985 
 13.14500  0.90037  0.90098 
 13.24500  0.86373  0.86423 
 13.34500  0.81892  0.81909 
 13.44500  0.76584  0.76560 
 13.54500  0.70476  0.70428 
 13.64500  0.63665  0.63651 
 13.74500  0.56330  0.56417 
 13.84500  0.48999  0.48960 
 13.94500  0.41594  0.41541 
 14.04500  0.34383  0.34410 
 14.14500  0.27753  0.27798 
 14.24500  0.21861  0.21873 
 14.34500  0.16782  0.16751 
 14.44500  0.12532  0.12474 
 14.54500  0.09086  0.09024 
 14.64500  0.06387  0.06341 
 14.74500  0.04350  0.04322 
 14.84500  0.02871  0.02859 
 14.94500  0.01839  0.01832 
 15.04500  0.01143  0.01139 
 15.14500  0.00690  0.00684 
 15.24500  0.00406  0.00399 
 15.34500  0.00230  0.00225 
 15.44500  0.00128  0.00123 
 15.54500  0.00068  0.00066 
 15.64500  0.00034  0.00033 
 15.74500  0.00018  0.00016 
 15.84500  0.00008  0.00010 
 15.94500  0.00004  0.00010 
 16.04500  0.00004  0.00010 
 16.14500  0.00009  0.00010 
 16.24500  0.00019  0.00019 
 16.34500  0.00039  0.00038 
 16.44500  0.00075  0.00074 
 16.54500  0.00142  0.00138 
 16.64500  0.00257  0.00251 
 16.74500  0.00449  0.00443 
 16.84500  0.00759  0.00755 
 16.94500  0.01252  0.01247 
 17.04500  0.02001  0.01997 
 17.14500  0.03110  0.03094 
 17.24500  0.04683  0.04652 
 17.34500  0.06835  0.06784 
 17.44500  0.09667  0.09604 
 17.54500  0.13261  0.13205 
 17.64500  0.17665  0.17641 
 17.74500  0.22897  0.22917 
 17.84500  0.28933  0.28980 
 17.94500  0.35689  0.35704 
 18.04500  0.42983  0.42907 
 18.14500  0.50342  0.50353 
 18.24500  0.57722  0.57787 
 18.34500  0.64979  0.64952 
 18.44500  0.71671  0.71622 
 18.54500  0.77633  0.77615 
 18.64500  0.82787  0.82814 
 18.74500  0.87113  0.87171 
 18.84500  0.90632  0.90692 
 18.94500  0.93394  0.93444 
 19.04500  0.95489  0.95519 
 19.14500  0.97014  0.97028 
 19.24500  0.98084  0.98090 
 19.34500  0.98806  0.98810 
 19.44500  0.99277  0.99282 
 19.54500  0.99574  0.99581 
 19.64500  0.99759  0.99762 
 19.74500  0.99867  0.99870 
 19.84500  0.99930  0.99930 
 19.94500  0.99966  0.99964 
 20.04500  0.99983  0.99983 
 20.14500  0.99995  0.99990 
 20.24500  0.99998  0.99998 
 20.34500  1.00000  1.00000 
 20.44500  1.00001  1.00000 
 20.54500  1.00001  1.00000 
 20.64500  1.00001  1.00000 
 20.74500  1.00004  1.00000 
 20.84500  1.00001  1.00000 
 20.94500  1.00001  1.00000 
 21.04500  1.00001  1.00000 
 21.14500  1.00000  1.00000 
 21.24500  0.99997  0.99995 
 21.34500  0.99991  0.99990 
 21.44500  0.99978  0.99977 
 21.54500  0.99956  0.99955 
 21.64500  0.99912  0.99914 
 21.74500  0.99838  0.99841 
 21.84500  0.99708  0.99711 
 21.94500  0.99492  0.99498 
 22.04500  0.99145  0.99148 
 22.14500  0.98599  0.98603 
 22.24500  0.97774  0.97781 
 22.34500  0.96565  0.96584 
 22.44500  0.94867  0.94902 
 22.54500  0.92564  0.92615 
 22.64500  0.89558  0.89619 
 22.74500  0.85777  0.85826 
 22.84500  0.81179  0.81191 
 22.94500  0.75754  0.75722 
 23.04500  0.69536  0.69488 
 23.14500  0.62638  0.62634 
 23.24500  0.55248  0.55352 
 23.34500  0.47959  0.47884 
 23.44500  0.40529  0.40490 
 23.54500  0.33387  0.33423 
 23.64500  0.26858  0.26900 
 23.74500  0.21079  0.21084 
 23.84500  0.16120  0.16082 
 23.94500  0.11987  0.11926 
 24.04500  0.08654  0.08593 
 24.14500  0.06056  0.06012 
 24.24500  0.04107  0.04079 
 24.34500  0.02699  0.02686 
 24.44500  0.01721  0.01714 
 24.54500  0.01064  0.01062 
 24.64500  0.00641  0.00636 
 24.74500  0.00375  0.00368 
 24.84500  0.00213  0.00209 
 24.94500  0.00117  0.00112 
 25.04500  0.00062  0.00059 
 25.14500  0.00031  0.00030 
 25.24500  0.00015  0.00015 
 25.34500  0.00005  0.00009 
 25.44500  0.00003  0.00000 
 25.54500  0.00001  0.00000 
 25.64500  0.00000  0.00000 
 25.74500 -0.00000  0.00000 
 25.84500 -0.00000  0.00000 
 25.94500 -0.00000  0.00000 
 26.04500  0.00001  0.00000 
 26.14500  0.00003  0.00000 
 26.24500  0.00005  0.00006 
 26.34500  0.00012  0.00011 
 26.44500  0.00024  0.00024 
 26.54500  0.00049  0.00048 
 26.64500  0.00096  0.00092 
 26.74500  0.00175  0.00170 
 26.84500  0.00314  0.00306 
 26.94500  0.00541  0.00533 
 27.04500  0.00907  0.00903 
 27.14500  0.01479  0.01473 
 27.24500  0.02342  0.02331 
 27.34500  0.03597  0.03575 
 27.44500  0.05361  0.05320 
 27.54500  0.07737  0.07681 
 27.64500  0.10827  0.10762 
 27.74500  0.14695  0.14648 
 27.84500  0.19386  0.19379 
 27.94500  0.24902  0.24937 
 28.04500  0.31201  0.31245 
 28.14500  0.38165  0.38160 
 28.24500  0.45596  0.45474 
 28.34500  0.52842  0.52947 
 28.44500  0.60291  0.60316 
 28.54500  0.67374  0.67332 
 28.64500  0.73827  0.73784 
 28.74500  0.79516  0.79513 
 28.84500  0.84384  0.84420 
 28.94500  0.88424  0.88483 
 29.04500  0.91672  0.91730 
 29.14500  0.94195  0.94234 
 29.24500  0.96077  0.96100 
 29.34500  0.97431  0.97440 
 29.44500  0.98368  0.98374 
 29.54500  0.98993  0.98997 
 29.64500  0.99397  0.99401 
 29.74500  0.99649  0.99655 
 29.84500  0.99803  0.99806 
 29.94500  0.99893  0.99895 
 30.04500  0.99944  0.99945 
 30.14500  0.99974  0.99973 
 30.24500  0.99988  0.99987 
 30.34500  0.99996  0.99992 
 30.44500  0.99999  1.00000 
 30.54500  1.00001  1.00000 
 30.64500  1.00002  1.00000 
 30.74500  1.00002  1.00000 
 30.84500  1.00002  1.00000 
 30.94500  1.00001  1.00000 
 31.04500  1.00001  1.00000 
 31.14500  0.99998  0.99998 
 31.24500  0.99993  0.99990 
 31.34500  0.99984  0.99983 
 31.44500  0.99965  0.99963 
 31.54500  0.99928  0.99929 
 31.64500  0.99864  0.99867 
 31.74500  0.99754  0.99758 
 31.84500  0.99567  0.99572 
 31.94500  0.99266  0.99270 
 32.04500  0.98788  0.98791 
 32.14500  0.98055  0.98060 
 32.24500  0.96972  0.96987 
 32.34500  0.95433  0.95460 
 32.44500  0.93319  0.93367 
 32.54500  0.90532  0.90593 
 32.64500  0.86990  0.87044 
 32.74500  0.82636  0.82663 
 32.84500  0.77457  0.77435 
 32.94500  0.71468  0.71420 
 33.04500  0.64754  0.64731 
 33.14500  0.57487  0.57553 
 33.24500  0.50110  0.50115 
 33.34500  0.42745  0.42672 
 33.44500  0.35462  0.35482 
 33.54500  0.28729  0.28778 
 33.64500  0.22718  0.22735 
 33.74500  0.17511  0.17486 
 33.84500  0.13133  0.13075 
 33.94500  0.09567  0.09504 
 34.04500  0.06757  0.06706 
 34.14500  0.04625  0.04595 
 34.24500  0.03068  0.03052 
 34.34500  0.01975  0.01967 
 34.44500  0.01232  0.01227 
 34.54500  0.00748  0.00743 
 34.64500  0.00441  0.00434 
 34.74500  0.00253  0.00248 
 34.84500  0.00141  0.00137 
 34.94500  0.00075  0.00071 
 35.04500  0.00037  0.00038 
 35.14500  0.00019  0.00018 
 35.24500  0.00007  0.00010 
 35.34500  0.00004  0.00002 
 35.44500  0.00001  0.00000 
 35.54500  0.00001  0.00000 
 35.64500 -0.00000  0.00000 
 35.74500 -0.00000  0.00000 
 35.84500  0.00000  0.00000 
 35.94500  0.00001  0.00000 
 36.04500  0.00002  0.00000 
 36.14500  0.00004  0.00003 
 36.24500  0.00009  0.00010 
 36.34500  0.00020  0.00019 
 36.44500  0.00040  0.00039 
 36.54500  0.00079  0.00076 
 36.64500  0.00149  0.00141 
 36.74500  0.00264  0.00259 
 36.84500  0.00461  0.00454 
 36.94500  0.00780  0.00775 
 37.04500  0.01282  0.01278 
 37.14500  0.02049  0.02041 
 37.24500  0.03176  0.03159 
 37.34500  0.04774  0.04742 
 37.44500  0.06958  0.06906 
 37.54500  0.09824  0.09762 
 37.64500  0.13456  0.13403 
 37.74500  0.17900  0.17879 
 37.84500  0.23174  0.23197 
 37.94500  0.29249  0.29295 
 38.04500  0.36031  0.36050 
 38.14500  0.43350  0.43268 
 38.24500  0.50695  0.50719 
 38.34500  0.58089  0.58144 
 38.44500  0.65320  0.65293 
 38.54500  0.71980  0.71931 
 38.64500  0.77906  0.77888 
 38.74500  0.83019  0.83046 
 38.84500  0.87304  0.87361 
 38.94500  0.90785  0.90845 
 39.04500  0.93514  0.93560 
 39.14500  0.95575  0.95603 
 39.24500  0.97076  0.97089 
 39.34500  0.98127  0.98132 
 39.44500  0.98834  0.98838 
 39.54500  0.99296  0.99298 
 39.64500  0.99587  0.99592 
 39.74500  0.99765  0.99768 
 39.84500  0.99870  0.99874 
 39.94500  0.99932  0.99933 
 40.04500  0.99966  0.99966 
 40.14500  0.99984  0.99984 
 40.24500  0.99995  0.99990 
 40.34500  0.99998  0.99999 
 40.44500  1.00001  1.00000 
 40.54500  1.00001  1.00000 
 40.64500  1.00002  1.00000 
 40.74500  1.00002  1.00000 
 40.84500  1.00001  1.00000 
 40.94500  1.00001  1.00000 
 41.04500  0.99999  1.00000 
 41.14500  0.99995  0.99991 
 41.24500  0.99987  0.99986 
 41.34500  0.99972  0.99971 
 41.44500  0.99942  0.99941 
 41.54500  0.99887  0.99889 
 41.64500  0.99794  0.99798 
 41.74500  0.99633  0.99637 
 41.84500  0.99371  0.99375 
 41.94500  0.98954  0.98956 
 42.04500  0.98305  0.98310 
 42.14500  0.97339  0.97349 
 42.24500  0.95947  0.95970 
 42.34500  0.94015  0.94057 
 42.44500  0.91438  0.91497 
 42.54500  0.88128  0.88188 
 42.64500  0.84020  0.84058 
 42.74500  0.79086  0.79078 
 42.84500  0.73334  0.73290 
 42.94500  0.66824  0.66787 
 43.04500  0.59697  0.59731 
 43.14500  0.52260  0.52343 
 43.24500  0.44986  0.44876 
 43.34500  0.37585  0.37584 
 43.44500  0.30667  0.30713 
 43.54500  0.24427  0.24458 
 43.64500  0.18976  0.18964 
 43.74500  0.14352  0.14303 
 43.84500  0.10547  0.10484 
 43.94500  0.07519  0.07465 
 44.04500  0.05196  0.05159 
 44.14500  0.03479  0.03459 
 44.24500  0.02258  0.02250 
 44.34500  0.01423  0.01418 
 44.44500  0.00870  0.00866 
 44.54500  0.00518  0.00512 
 44.64500  0.00300  0.00293 
 44.74500  0.00168  0.00165 
 44.84500  0.00090  0.00086 
 44.94500  0.00046  0.00046 
 45.04500  0.00022  0.00023 
 45.14500  0.00011  0.00011 
 45.24500  0.00004  0.00006 
 45.34500  0.00003  0.00000 
 45.44500  0.00002  0.00000 
 45.54500  0.00003  0.00000 
 45.64500  0.00004  0.00006 
 45.74500  0.00012  0.00011 
 45.84500  0.00023  0.00024 
 45.94500  0.00047  0.00046 
 46.04500  0.00092  0.00088 
 46.14500  0.00171  0.00165 
 46.24500  0.00303  0.00296 
 46.34500  0.00523  0.00516 
 46.44500  0.00877  0.00871 
 46.54500  0.01433  0.01428 
 46.64500  0.02275  0.02263 
 46.74500  0.03502  0.03482 
 46.84500  0.05228  0.05191 
 46.94500  0.07562  0.07507 
 47.04500  0.10602  0.10540 
 47.14500  0.14420  0.14369 
 47.24500  0.19056  0.19045 
 47.34500  0.24523  0.24553 
 47.44500  0.30772  0.30817 
 47.54500  0.37698  0.37697 
 47.64500  0.45107  0.44993 
 47.74500  0.52372  0.52461 
 47.84500  0.59815  0.59847 
 47.94500  0.66932  0.66894 
 48.04500  0.73431  0.73387 
 48.14500  0.79172  0.79165 
 48.24500  0.84091  0.84128 
 48.34500  0.88186  0.88246 
 48.44500  0.91485  0.91544 
 48.54500  0.94050  0.94093 
 48.64500  0.95973  0.95996 
 48.74500  0.97357  0.97369 
 48.84500  0.98319  0.98322 
 48.94500  0.98962  0.98964 
 49.04500  0.99376  0.99379 
 49.14500  0.99635  0.99639 
 49.24500  0.99795  0.99800 
 49.34500  0.99889  0.99891 
 49.44500  0.99942  0.99943 
 49.54500  0.99972  0.99971 
 49.64500  0.99988  0.99986 
 49.74500  0.99995  0.99990 
 49.84500  0.99998  1.00000 
 49.94500  1.00000  1.00000 
 50.04500  0.99999  1.00000 
 50.14500  0.99996  0.99991 
 50.24500  0.99988  0.99986 
 50.34500  0.99973  0.99971 
 50.44500  0.99944  0.99945 
 50.54500  0.99891  0.99893 
 50.64500  0.99799  0.99802 
 50.74500  0.99645  0.99648 
 50.84500  0.99389  0.99393 
 50.94500  0.98983  0.98985 
 51.04500  0.98350  0.98355 
 51.14500  0.97404  0.97415 
 51.24500  0.96039  0.96062 
 51.34500  0.94141  0.94183 
 51.44500  0.91605  0.91662 
 51.54500  0.88336  0.88397 
 51.64500  0.84277  0.84314 
 51.74500  0.79389  0.79386 
 51.84500  0.73682  0.73639 
 51.94500  0.67213  0.67172 
 52.04500  0.60114  0.60142 
 52.14500  0.52673  0.52768 
 52.24500  0.45418  0.45298 
 52.34500  0.37995  0.37990 
 52.44500  0.31043  0.31087 
 52.54500  0.24762  0.24794 
 52.64500  0.19263  0.19254 
 52.74500  0.14594  0.14546 
 52.84500  0.10743  0.10678 
 52.94500  0.07673  0.07616 
 53.04500  0.05312  0.05273 
 53.14500  0.03561  0.03541 
 53.24500  0.02315  0.02307 
 53.34500  0.01461  0.01455 
 53.44500  0.00895  0.00892 
 53.54500  0.00535  0.00529 
 53.64500  0.00308  0.00304 
 53.74500  0.00174  0.00167 
 53.84500  0.00094  0.00091 
 53.94500  0.00049  0.00046 
 54.04500  0.00025  0.00024 
 54.14500  0.00011  0.00011 
 54.24500  0.00005  0.00006 
 54.34500  0.00003  0.00000 
 54.44500  0.00000  0.00000 
 54.54500  0.00002  0.00000 
 54.64500  0.00001  0.00000 
 54.74500  0.00002  0.00000 
 54.84500  0.00003  0.00002 
 54.94500  0.00008  0.00010 
 55.04500  0.00018  0.00018 
 55.14500  0.00038  0.00037 
 55.24500  0.00075  0.00071 
 55.34500  0.00140  0.00134 
 55.44500  0.00252  0.00246 
 55.54500  0.00439  0.00433 
 55.64500  0.00745  0.00739 
 55.74500  0.01228  0.01223 
 55.84500  0.01966  0.01958 
 55.94500  0.03056  0.03041 
 56.04500  0.04608  0.04578 
 56.14500  0.06738  0.06686 
 56.24500  0.09540  0.09478 
 56.34500  0.13101  0.13042 
 56.44500  0.17470  0.17443 
 56.54500  0.22669  0.22688 
 56.64500  0.28675  0.28720 
 56.74500  0.35402  0.35422 
 56.84500  0.42678  0.42610 
 56.94500  0.50049  0.50050 
 57.04500  0.57423  0.57488 
 57.14500  0.64696  0.64670 
 57.24500  0.71413  0.71365 
 57.34500  0.77407  0.77388 
 57.44500  0.82596  0.82621 
 57.54500  0.86955  0.87011 
 57.64500  0.90504  0.90566 
 57.74500  0.93298  0.93346 
 57.84500  0.95416  0.95445 
 57.94500  0.96962  0.96977 
 58.04500  0.98046  0.98054 
 58.14500  0.98782  0.98785 
 58.24500  0.99263  0.99265 
 58.34500  0.99565  0.99571 
 58.44500  0.99752  0.99757 
 58.54500  0.99863  0.99867 
 58.64500  0.99928  0.99929 
 58.74500  0.99965  0.99963 
 58.84500  0.99983  0.99983 
 58.94500  0.99993  0.99990 
 59.04500  0.99998  0.99998 
 59.14500  1.00000  1.00000 
 59.24500  1.00002  1.00000 
 59.34500  1.00002  1.00000 
 59.44500  1.00001  1.00000 
 59.54500  1.00004  1.00000 
 59.64500  1.00001  1.00000 
 59.74500  1.00002  1.00000 
 59.84500  1.00001  1.00000 
 59.94500  1.00000  1.00000 
 60.04500  0.99998  0.99995 
 60.14500  0.99992  0.99990 
 60.24500  0.99980  0.99977 
 60.34500  0.99957  0.99957 
 60.44500  0.99916  0.99917 
 60.54500  0.99841  0.99844 
 60.64500  0.99714  0.99719 
 60.74500  0.99502  0.99508 
 60.84500  0.99162  0.99164 
 60.94500  0.98626  0.98631 
 61.04500  0.97814  0.97821 
 61.14500  0.96623  0.96642 
 61.24500  0.94947  0.94981 
 61.34500  0.92670  0.92721 
 61.44500  0.89694  0.89756 
 61.54500  0.85946  0.85997 
 61.64500  0.81381  0.81396 
 61.74500  0.75987  0.75959 
 61.84500  0.69802  0.69754 
 61.94500  0.62927  0.62919 
 62.04500  0.55552  0.55650 
 62.14500  0.48253  0.48188 
 62.24500  0.40828  0.40785 
 62.34500  0.33663  0.33700 
 62.44500  0.27104  0.27150 
 62.54500  0.21297  0.21305 
 62.64500  0.16304  0.16269 
 62.74500  0.12138  0.12078 
 62.84500  0.08772  0.08713 
 62.94500  0.06146  0.06101 
 63.04500  0.04174  0.04148 
 63.14500  0.02746  0.02733 
 63.24500  0.01753  0.01747 
 63.34500  0.01086  0.01082 
 63.44500  0.00656  0.00648 
 63.54500  0.00384  0.00377 
 63.64500  0.00217  0.00212 
 63.74500  0.00119  0.00115 
 63.84500  0.00063  0.00061 
 63.94500  0.00032  0.00031 
 64.04500  0.00015  0.00015 
 64.14500  0.00006  0.00010 
 64.24500  0.00002  0.00000 
 64.34500  0.00001  0.00000 
 64.44500 -0.00000  0.00000 
 64.54500  0.00001  0.00000 
 64.64500 -0.00001  0.00000 
 64.74500 -0.00001  0.00000 
 64.84500 -0.00001  0.00000 
 64.94500  0.00000  0.00000 
 65.04500 -0.00000  0.00000 
 65.14500  0.00001  0.00000 
 65.24500  0.00000  0.00000 
 65.34500  0.00000  0.00000 
 65.44500 -0.00000  0.00000 
 65.54500 -0.00001  0.00000 
 65.64500 -0.00000  0.00000 
 65.74500 -0.00000  0.00000 
 65.84500 -0.00000  0.00000 
 65.94500  0.00000  0.00000 
 66.04500 -0.00000  0.00000 
 66.14500 -0.00000  0.00000 
 66.24500 -0.00000  0.00000 
 66.34500 -0.00000  0.00000 
 66.44500 -0.00000  0.00000 
