  0.04500  1.00000  1.00000 
  0.14500  1.00001  1.00000 
  0.24500  1.00000  1.00000 
  0.34500  1.00000  1.00000 
  0.44500  1.00001  1.00000 
  0.54500  1.00001  1.00000 
  0.64500  1.00001  1.00000 
  0.74500  1.00001  1.00000 
  0.84500  1.00001  1.00000 
  0.94500  1.00000  1.00000 
  1.04500  1.00000  1.00000 
  1.14500  1.00001  1.00000 
  1.24500  1.00000  1.00000 
  1.34500  1.00001  1.00000 
  1.44500  1.00001  1.00000 
  1.54500  1.00000  1.00000 
  1.64500  1.00001  1.00000 
  1.74500  1.00001  1.00000 
  1.84500  1.00000  1.00000 
  1.94500  1.00000  1.00000 
  2.04500  1.00000  1.00000 
  2.14500  1.00000  1.00000 
  2.24500  1.00000  1.00000 
  2.34500  1.00001  1.00000 
  2.44500  1.00001  1.00000 
  2.54500  1.00000  1.00000 
  2.64500  1.00000  1.00000 
  2.74500  0.99999  1.00000 
  2.84500  0.99997  0.99996 
  2.94500  0.99990  0.99988 
  3.04500  0.99973  0.99972 
  3.14500  0.99939  0.99938 
  3.24500  0.99867  0.99865 
  3.34500  0.99728  0.99726 
  3.44500  0.99474  0.99471 
  3.54500  0.99029  0.99015 
  3.64500  0.98278  0.98253 
  3.74500  0.97070  0.97037 
  3.84500  0.95222  0.95183 
  3.94500  0.92522  0.92501 
  4.04500  0.88792  0.88809 
  4.14500  0.83914  0.83969 
  4.24500  0.77870  0.77933 
  4.34500  0.70776  0.70772 
  4.44500  0.62859  0.62683 
  4.54500  0.54367  0.53994 
  4.64500  0.44707  0.45108 
  4.74500  0.36311  0.36462 
  4.84500  0.28463  0.28455 
  4.94500  0.21467  0.21401 
  5.04500  0.15538  0.15485 
  5.14500  0.10777  0.10766 
  5.24500  0.07160  0.07184 
  5.34500  0.04558  0.04595 
  5.44500  0.02781  0.02814 
  5.54500  0.01628  0.01650 
  5.64500  0.00916  0.00925 
  5.74500  0.00493  0.00495 
  5.84500  0.00254  0.00255 
  5.94500  0.00124  0.00126 
  6.04500  0.00057  0.00057 
  6.14500  0.00025  0.00026 
  6.24500  0.00010  0.00011 
  6.34500  0.00003  0.00003 
  6.44500  0.00001  0.00000 
  6.54500  0.00000  0.00000 
  6.64500 -0.00000  0.00000 
  6.74500 -0.00000  0.00000 
  6.84500 -0.00000  0.00000 
  6.94500 -0.00001  0.00000 
  7.04500 -0.00000  0.00000 
  7.14500 -0.00000  0.00000 
  7.24500  0.00001  0.00000 
  7.34500  0.00002  0.00001 
  7.44500  0.00007  0.00010 
  7.54500  0.00020  0.00022 
  7.64500  0.00047  0.00047 
  7.74500  0.00103  0.00102 
  7.84500  0.00212  0.00213 
  7.94500  0.00418  0.00421 
  8.04500  0.00784  0.00794 
  8.14500  0.01410  0.01429 
  8.24500  0.02436  0.02467 
  8.34500  0.04033  0.04071 
  8.44500  0.06403  0.06432 
  8.54500  0.09746  0.09744 
  8.64500  0.14207  0.14165 
  8.74500  0.19841  0.19774 
  8.84500  0.26580  0.26549 
  8.94500  0.34236  0.34338 
  9.04500  0.42524  0.42855 
  9.14500  0.51881  0.51721 
  9.24500  0.60734  0.60502 
  9.34500  0.68817  0.68778 
  9.44500  0.76147  0.76201 
  9.54500  0.82475  0.82537 
  9.64500  0.87658  0.87684 
  9.74500  0.91673  0.91657 
  9.84500  0.94618  0.94583 
  9.94500  0.96666  0.96629 
 10.04500  0.98020  0.97994 
 10.14500  0.98872  0.98857 
 10.24500  0.99383  0.99377 
 10.34500  0.99676  0.99676 
 10.44500  0.99839  0.99840 
 10.54500  0.99924  0.99923 
 10.64500  0.99966  0.99965 
 10.74500  0.99986  0.99985 
 10.84500  0.99996  0.99993 
 10.94500  0.99999  1.00000 
 11.04500  1.00000  1.00000 
 11.14500  1.00001  1.00000 
 11.24500  1.00001  1.00000 
 11.34500  1.00000  1.00000 
 11.44500  1.00000  1.00000 
 11.54500  1.00001  1.00000 
 11.64500  1.00001  1.00000 
 11.74500  1.00001  1.00000 
 11.84500  1.00001  1.00000 
 11.94500  1.00000  1.00000 
 12.04500  0.99998  1.00000 
 12.14500  0.99995  0.99990 
 12.24500  0.99981  0.99980 
 12.34500  0.99955  0.99955 
 12.44500  0.99902  0.99900 
 12.54500  0.99796  0.99794 
 12.64500  0.99597  0.99595 
 12.74500  0.99242  0.99233 
 12.84500  0.98634  0.98614 
 12.94500  0.97634  0.97603 
 13.04500  0.96073  0.96035 
 13.14500  0.93749  0.93718 
 13.24500  0.90464  0.90462 
 13.34500  0.86066  0.86105 
 13.44500  0.80496  0.80564 
 13.54500  0.73812  0.73848 
 13.64500  0.66201  0.66109 
 13.74500  0.57938  0.57621 
 13.84500  0.48647  0.48762 
 13.94500  0.39720  0.39967 
 14.04500  0.31605  0.31653 
 14.14500  0.24229  0.24177 
 14.24500  0.17841  0.17777 
 14.34500  0.12596  0.12566 
 14.44500  0.08518  0.08530 
 14.54500  0.05517  0.05552 
 14.64500  0.03427  0.03463 
 14.74500  0.02041  0.02069 
 14.84500  0.01167  0.01181 
 14.94500  0.00639  0.00646 
 15.04500  0.00337  0.00337 
 15.14500  0.00168  0.00169 
 15.24500  0.00080  0.00080 
 15.34500  0.00035  0.00036 
 15.44500  0.00015  0.00015 
 15.54500  0.00005  0.00008 
 15.64500  0.00002  0.00000 
 15.74500  0.00001  0.00000 
 15.84500  0.00000  0.00000 
 15.94500  0.00001  0.00000 
 16.04500  0.00001  0.00000 
 16.14500  0.00000  0.00000 
 16.24500  0.00001  0.00000 
 16.34500  0.00003  0.00000 
 16.44500  0.00006  0.00009 
 16.54500  0.00018  0.00018 
 16.64500  0.00042  0.00042 
 16.74500  0.00092  0.00092 
 16.84500  0.00191  0.00193 
 16.94500  0.00381  0.00381 
 17.04500  0.00717  0.00724 
 17.14500  0.01299  0.01316 
 17.24500  0.02254  0.02284 
 17.34500  0.03756  0.03793 
 17.44500  0.06001  0.06033 
 17.54500  0.09191  0.09195 
 17.64500  0.13482  0.13445 
 17.74500  0.18946  0.18881 
 17.84500  0.25532  0.25490 
 17.94500  0.33070  0.33145 
 18.04500  0.41285  0.41578 
 18.14500  0.50459  0.50420 
 18.24500  0.59512  0.59240 
 18.34500  0.67676  0.67614 
 18.44500  0.75133  0.75180 
 18.54500  0.81621  0.81686 
 18.64500  0.86973  0.87006 
 18.74500  0.91156  0.91146 
 18.84500  0.94249  0.94215 
 18.94500  0.96416  0.96376 
 19.04500  0.97858  0.97829 
 19.14500  0.98771  0.98755 
 19.24500  0.99325  0.99316 
 19.34500  0.99644  0.99642 
 19.44500  0.99822  0.99819 
 19.54500  0.99916  0.99915 
 19.64500  0.99963  0.99961 
 19.74500  0.99985  0.99984 
 19.84500  0.99995  0.99992 
 19.94500  0.99999  1.00000 
 20.04500  1.00000  1.00000 
 20.14500  1.00001  1.00000 
 20.24500  1.00001  1.00000 
 20.34500  1.00001  1.00000 
 20.44500  1.00001  1.00000 
 20.54500  1.00001  1.00000 
 20.64500  1.00001  1.00000 
 20.74500  1.00000  1.00000 
 20.84500  1.00001  1.00000 
 20.94500  1.00001  1.00000 
 21.04500  1.00001  1.00000 
 21.14500  1.00001  1.00000 
 21.24500  1.00001  1.00000 
 21.34500  1.00001  1.00000 
 21.44500  1.00000  1.00000 
 21.54500  0.99998  0.99998 
 21.64500  0.99993  0.99990 
 21.74500  0.99980  0.99978 
 21.84500  0.99950  0.99949 
 21.94500  0.99891  0.99890 
 22.04500  0.99775  0.99775 
 22.14500  0.99558  0.99555 
 22.24500  0.99172  0.99164 
 22.34500  0.98516  0.98494 
 22.44500  0.97449  0.97416 
 22.54500  0.95790  0.95751 
 22.64500  0.93339  0.93311 
 22.74500  0.89902  0.89904 
 22.84500  0.85336  0.85383 
 22.94500  0.79599  0.79667 
 23.04500  0.72769  0.72793 
 23.14500  0.65046  0.64925 
 23.24500  0.56712  0.56358 
 23.34500  0.47255  0.47483 
 23.44500  0.38518  0.38733 
 23.54500  0.30494  0.30519 
 23.64500  0.23243  0.23185 
 23.74500  0.17013  0.16952 
 23.84500  0.11938  0.11914 
 23.94500  0.08023  0.08039 
 24.04500  0.05165  0.05200 
 24.14500  0.03187  0.03224 
 24.24500  0.01887  0.01913 
 24.34500  0.01072  0.01084 
 24.44500  0.00584  0.00588 
 24.54500  0.00305  0.00306 
 24.64500  0.00151  0.00150 
 24.74500  0.00071  0.00071 
 24.84500  0.00032  0.00033 
 24.94500  0.00013  0.00014 
 25.04500  0.00004  0.00006 
 25.14500  0.00002  0.00000 
 25.24500  0.00001  0.00000 
 25.34500 -0.00000  0.00000 
 25.44500 -0.00001  0.00000 
 25.54500 -0.00000  0.00000 
 25.64500 -0.00000  0.00000 
 25.74500  0.00000  0.00000 
 25.84500  0.00000  0.00000 
 25.94500  0.00000  0.00000 
 26.04500 -0.00000  0.00000 
 26.14500 -0.00000  0.00000 
 26.24500 -0.00000  0.00000 
 26.34500 -0.00000  0.00000 
 26.44500  0.00001  0.00000 
 26.54500  0.00003  0.00003 
 26.64500  0.00009  0.00011 
 26.74500  0.00024  0.00025 
 26.84500  0.00056  0.00056 
 26.94500  0.00119  0.00118 
 27.04500  0.00245  0.00246 
 27.14500  0.00476  0.00479 
 27.24500  0.00886  0.00897 
 27.34500  0.01579  0.01600 
 27.44500  0.02704  0.02737 
 27.54500  0.04440  0.04477 
 27.64500  0.06991  0.07020 
 27.74500  0.10549  0.10542 
 27.84500  0.15246  0.15194 
 27.94500  0.21111  0.21042 
 28.04500  0.28052  0.28038 
 28.14500  0.35859  0.35998 
 28.24500  0.44239  0.44621 
 28.34500  0.53828  0.53506 
 28.44500  0.62403  0.62218 
 28.54500  0.70358  0.70347 
 28.64500  0.77504  0.77567 
 28.74500  0.83611  0.83667 
 28.84500  0.88554  0.88571 
 28.94500  0.92346  0.92326 
 29.04500  0.95095  0.95058 
 29.14500  0.96987  0.96950 
 29.24500  0.98225  0.98202 
 29.34500  0.98997  0.98985 
 29.44500  0.99457  0.99452 
 29.54500  0.99718  0.99717 
 29.64500  0.99861  0.99861 
 29.74500  0.99936  0.99935 
 29.84500  0.99972  0.99970 
 29.94500  0.99989  0.99987 
 30.04500  0.99997  0.99995 
 30.14500  0.99999  1.00000 
 30.24500  1.00001  1.00000 
 30.34500  1.00001  1.00000 
 30.44500  1.00001  1.00000 
 30.54500  1.00001  1.00000 
 30.64500  1.00001  1.00000 
 30.74500  1.00000  1.00000 
 30.84500  1.00000  1.00000 
 30.94500  1.00001  1.00000 
 31.04500  1.00001  1.00000 
 31.14500  1.00001  1.00000 
 31.24500  1.00001  1.00000 
 31.34500  1.00000  1.00000 
 31.44500  0.99999  1.00000 
 31.54500  0.99995  0.99991 
 31.64500  0.99984  0.99984 
 31.74500  0.99961  0.99960 
 31.84500  0.99912  0.99912 
 31.94500  0.99818  0.99817 
 32.04500  0.99636  0.99636 
 32.14500  0.99311  0.99302 
 32.24500  0.98748  0.98731 
 32.34500  0.97820  0.97790 
 32.44500  0.96358  0.96321 
 32.54500  0.94166  0.94132 
 32.64500  0.91040  0.91033 
 32.74500  0.86821  0.86854 
 32.84500  0.81430  0.81497 
 32.94500  0.74910  0.74955 
 33.04500  0.67425  0.67357 
 33.14500  0.59241  0.58965 
 33.24500  0.50152  0.50137 
 33.34500  0.41018  0.41300 
 33.44500  0.32817  0.32888 
 33.54500  0.25308  0.25264 
 33.64500  0.18753  0.18688 
 33.74500  0.13328  0.13292 
 33.84500  0.09072  0.09079 
 33.94500  0.05917  0.05949 
 34.04500  0.03697  0.03734 
 34.14500  0.02216  0.02244 
 34.24500  0.01275  0.01291 
 34.34500  0.00703  0.00711 
 34.44500  0.00372  0.00373 
 34.54500  0.00188  0.00187 
 34.64500  0.00090  0.00089 
 34.74500  0.00042  0.00042 
 34.84500  0.00017  0.00018 
 34.94500  0.00005  0.00009 
 35.04500  0.00002  0.00000 
 35.14500  0.00001  0.00000 
 35.24500  0.00000  0.00000 
 35.34500 -0.00001  0.00000 
 35.44500 -0.00000  0.00000 
 35.54500 -0.00000  0.00000 
 35.64500  0.00000  0.00000 
 35.74500  0.00000  0.00000 
 35.84500  0.00000  0.00000 
 35.94500 -0.00000  0.00000 
 36.04500 -0.00000  0.00000 
 36.14500 -0.00001  0.00000 
 36.24500 -0.00000  0.00000 
 36.34500  0.00000  0.00000 
 36.44500  0.00002  0.00000 
 36.54500  0.00006  0.00010 
 36.64500  0.00018  0.00020 
 36.74500  0.00044  0.00043 
 36.84500  0.00096  0.00095 
 36.94500  0.00199  0.00199 
 37.04500  0.00392  0.00395 
 37.14500  0.00739  0.00746 
 37.24500  0.01334  0.01354 
 37.34500  0.02314  0.02343 
 37.44500  0.03844  0.03882 
 37.54500  0.06133  0.06163 
 37.64500  0.09374  0.09376 
 37.74500  0.13723  0.13683 
 37.84500  0.19243  0.19176 
 37.94500  0.25880  0.25843 
 38.04500  0.33458  0.33543 
 38.14500  0.41699  0.42005 
 38.24500  0.50933  0.50853 
 38.34500  0.59921  0.59664 
 38.44500  0.68058  0.68006 
 38.54500  0.75474  0.75525 
 38.64500  0.81909  0.81973 
 38.74500  0.87205  0.87233 
 38.84500  0.91331  0.91320 
 38.94500  0.94374  0.94340 
 39.04500  0.96501  0.96462 
 39.14500  0.97912  0.97884 
 39.24500  0.98805  0.98790 
 39.34500  0.99345  0.99339 
 39.44500  0.99655  0.99653 
 39.54500  0.99827  0.99828 
 39.64500  0.99918  0.99917 
 39.74500  0.99963  0.99962 
 39.84500  0.99985  0.99984 
 39.94500  0.99996  0.99992 
 40.04500  0.99999  1.00000 
 40.14500  1.00000  1.00000 
 40.24500  1.00001  1.00000 
 40.34500  1.00001  1.00000 
 40.44500  1.00001  1.00000 
 40.54500  1.00001  1.00000 
 40.64500  1.00000  1.00000 
 40.74500  1.00000  1.00000 
 40.84500  1.00001  1.00000 
 40.94500  1.00001  1.00000 
 41.04500  1.00001  1.00000 
 41.14500  1.00001  1.00000 
 41.24500  1.00000  1.00000 
 41.34500  0.99999  1.00000 
 41.44500  0.99996  0.99994 
 41.54500  0.99988  0.99987 
 41.64500  0.99970  0.99970 
 41.74500  0.99931  0.99929 
 41.84500  0.99852  0.99853 
 41.94500  0.99703  0.99700 
 42.04500  0.99428  0.99421 
 42.14500  0.98947  0.98935 
 42.24500  0.98144  0.98120 
 42.34500  0.96861  0.96826 
 42.44500  0.94908  0.94871 
 42.54500  0.92081  0.92063 
 42.64500  0.88199  0.88220 
 42.74500  0.83158  0.83217 
 42.84500  0.76964  0.77023 
 42.94500  0.69742  0.69721 
 43.04500  0.61735  0.61532 
 43.14500  0.53047  0.52789 
 43.24500  0.43549  0.43910 
 43.34500  0.35204  0.35328 
 43.44500  0.27456  0.27435 
 43.54500  0.20594  0.20526 
 43.64500  0.14822  0.14775 
 43.74500  0.10221  0.10216 
 43.84500  0.06750  0.06777 
 43.94500  0.04272  0.04310 
 44.04500  0.02593  0.02624 
 44.14500  0.01509  0.01531 
 44.24500  0.00844  0.00854 
 44.34500  0.00452  0.00454 
 44.44500  0.00232  0.00231 
 44.54500  0.00112  0.00111 
 44.64500  0.00053  0.00053 
 44.74500  0.00023  0.00024 
 44.84500  0.00008  0.00010 
 44.94500  0.00003  0.00002 
 45.04500  0.00001  0.00000 
 45.14500  0.00000  0.00000 
 45.24500  0.00000  0.00000 
 45.34500 -0.00000  0.00000 
 45.44500 -0.00000  0.00000 
 45.54500 -0.00000  0.00000 
 45.64500 -0.00000  0.00000 
 45.74500 -0.00000  0.00000 
 45.84500  0.00001  0.00000 
 45.94500  0.00003  0.00002 
 46.04500  0.00008  0.00010 
 46.14500  0.00022  0.00024 
 46.24500  0.00052  0.00053 
 46.34500  0.00113  0.00114 
 46.44500  0.00233  0.00233 
 46.54500  0.00456  0.00460 
 46.64500  0.00850  0.00861 
 46.74500  0.01523  0.01542 
 46.84500  0.02613  0.02646 
 46.94500  0.04305  0.04342 
 47.04500  0.06797  0.06823 
 47.14500  0.10283  0.10278 
 47.24500  0.14904  0.14857 
 47.34500  0.20695  0.20627 
 47.44500  0.27573  0.27553 
 47.54500  0.35332  0.35459 
 47.64500  0.43683  0.44049 
 47.74500  0.53204  0.52929 
 47.84500  0.61869  0.61666 
 47.94500  0.69863  0.69844 
 48.04500  0.77070  0.77129 
 48.14500  0.83248  0.83307 
 48.24500  0.88269  0.88289 
 48.34500  0.92131  0.92115 
 48.44500  0.94945  0.94909 
 48.54500  0.96887  0.96851 
 48.64500  0.98160  0.98134 
 48.74500  0.98957  0.98943 
 48.84500  0.99433  0.99428 
 48.94500  0.99705  0.99706 
 49.04500  0.99855  0.99854 
 49.14500  0.99931  0.99930 
 49.24500  0.99970  0.99970 
 49.34500  0.99988  0.99987 
 49.44500  0.99996  0.99994 
 49.54500  0.99999  1.00000 
 49.64500  1.00000  1.00000 
 49.74500  1.00000  1.00000 
 49.84500  1.00001  1.00000 
 49.94500  1.00001  1.00000 
 50.04500  1.00001  1.00000 
 50.14500  1.00000  1.00000 
 50.24500  1.00000  1.00000 
 50.34500  0.99999  1.00000 
 50.44500  0.99997  0.99995 
 50.54500  0.99989  0.99987 
 50.64500  0.99971  0.99970 
 50.74500  0.99934  0.99933 
 50.84500  0.99859  0.99858 
 50.94500  0.99712  0.99712 
 51.04500  0.99448  0.99442 
 51.14500  0.98983  0.98969 
 51.24500  0.98201  0.98177 
 51.34500  0.96951  0.96914 
 51.44500  0.95040  0.95003 
 51.54500  0.92267  0.92247 
 51.64500  0.88452  0.88468 
 51.74500  0.83478  0.83534 
 51.84500  0.77344  0.77407 
 51.94500  0.70177  0.70162 
 52.04500  0.62207  0.62015 
 52.14500  0.53593  0.53293 
 52.24500  0.44034  0.44413 
 52.34500  0.35664  0.35800 
 52.44500  0.27875  0.27859 
 52.54500  0.20957  0.20889 
 52.64500  0.15119  0.15069 
 52.74500  0.10451  0.10443 
 52.84500  0.06918  0.06944 
 52.94500  0.04389  0.04427 
 53.04500  0.02670  0.02703 
 53.14500  0.01559  0.01581 
 53.24500  0.00873  0.00882 
 53.34500  0.00468  0.00471 
 53.44500  0.00240  0.00239 
 53.54500  0.00117  0.00118 
 53.64500  0.00055  0.00055 
 53.74500  0.00023  0.00024 
 53.84500  0.00009  0.00010 
 53.94500  0.00003  0.00003 
 54.04500  0.00001  0.00000 
 54.14500  0.00000  0.00000 
 54.24500 -0.00000  0.00000 
 54.34500 -0.00000  0.00000 
 54.44500 -0.00000  0.00000 
 54.54500 -0.00001  0.00000 
 54.64500 -0.00000  0.00000 
 54.74500 -0.00000  0.00000 
 54.84500 -0.00000  0.00000 
 54.94500 -0.00000  0.00000 
 55.04500  0.00001  0.00000 
 55.14500  0.00002  0.00000 
 55.24500  0.00005  0.00009 
 55.34500  0.00017  0.00018 
 55.44500  0.00041  0.00041 
 55.54500  0.00089  0.00089 
 55.64500  0.00187  0.00185 
 55.74500  0.00370  0.00371 
 55.84500  0.00698  0.00706 
 55.94500  0.01267  0.01284 
 56.04500  0.02206  0.02233 
 56.14500  0.03682  0.03720 
 56.24500  0.05894  0.05925 
 56.34500  0.09041  0.09049 
 56.44500  0.13285  0.13250 
 56.54500  0.18702  0.18636 
 56.64500  0.25246  0.25202 
 56.74500  0.32749  0.32819 
 56.84500  0.40947  0.41226 
 56.94500  0.50066  0.50060 
 57.04500  0.59167  0.58889 
 57.14500  0.67357  0.67290 
 57.24500  0.74850  0.74893 
 57.34500  0.81379  0.81444 
 57.44500  0.86779  0.86813 
 57.54500  0.91008  0.91003 
 57.64500  0.94143  0.94110 
 57.74500  0.96342  0.96304 
 57.84500  0.97810  0.97780 
 57.94500  0.98743  0.98725 
 58.04500  0.99307  0.99299 
 58.14500  0.99634  0.99630 
 58.24500  0.99816  0.99816 
 58.34500  0.99912  0.99912 
 58.44500  0.99961  0.99960 
 58.54500  0.99984  0.99982 
 58.64500  0.99995  0.99991 
 58.74500  0.99999  1.00000 
 58.84500  1.00000  1.00000 
 58.94500  1.00001  1.00000 
 59.04500  1.00001  1.00000 
 59.14500  1.00001  1.00000 
 59.24500  1.00001  1.00000 
 59.34500  1.00000  1.00000 
 59.44500  1.00001  1.00000 
 59.54500  1.00000  1.00000 
 59.64500  1.00001  1.00000 
 59.74500  1.00001  1.00000 
 59.84500  1.00001  1.00000 
 59.94500  1.00001  1.00000 
 60.04500  1.00001  1.00000 
 60.14500  1.00001  1.00000 
 60.24500  0.99999  1.00000 
 60.34500  0.99998  0.99999 
 60.44500  0.99993  0.99990 
 60.54500  0.99980  0.99978 
 60.64500  0.99952  0.99951 
 60.74500  0.99895  0.99892 
 60.84500  0.99781  0.99779 
 60.94500  0.99569  0.99566 
 61.04500  0.99193  0.99183 
 61.14500  0.98551  0.98530 
 61.24500  0.97503  0.97470 
 61.34500  0.95871  0.95833 
 61.44500  0.93457  0.93428 
 61.54500  0.90063  0.90063 
 61.64500  0.85545  0.85588 
 61.74500  0.79854  0.79921 
 61.84500  0.73064  0.73090 
 61.94500  0.65371  0.65259 
 62.04500  0.57058  0.56715 
 62.14500  0.47643  0.47843 
 62.24500  0.38856  0.39078 
 62.34500  0.30805  0.30834 
 62.44500  0.23519  0.23459 
 62.54500  0.17245  0.17183 
 62.64500  0.12121  0.12096 
 62.74500  0.08159  0.08175 
 62.84500  0.05262  0.05297 
 62.94500  0.03253  0.03288 
 63.04500  0.01931  0.01955 
 63.14500  0.01098  0.01112 
 63.24500  0.00600  0.00605 
 63.34500  0.00313  0.00315 
 63.44500  0.00155  0.00157 
 63.54500  0.00074  0.00073 
 63.64500  0.00033  0.00033 
 63.74500  0.00013  0.00014 
 63.84500  0.00005  0.00007 
 63.94500  0.00002  0.00000 
 64.04500  0.00001  0.00000 
 64.14500  0.00000  0.00000 
 64.24500 -0.00000  0.00000 
 64.34500  0.00000  0.00000 
 64.44500  0.00000  0.00000 
 64.54500  0.00000  0.00000 
 64.64500  0.00001  0.00000 
 64.74500  0.00001  0.00000 
 64.84500  0.00001  0.00000 
 64.94500  0.00000  0.00000 
 65.04500  0.00000  0.00000 
 65.14500  0.00000  0.00000 
 65.24500  0.00000  0.00000 
 65.34500  0.00000  0.00000 
 65.44500  0.00000  0.00000 
 65.54500  0.00000  0.00000 
 65.64500  0.00001  0.00000 
 65.74500  0.00001  0.00000 
 65.84500  0.00000  0.00000 
 65.94500  0.00000  0.00000 
 66.04500  0.00000  0.00000 
 66.14500  0.00000  0.00000 
 66.24500  0.00000  0.00000 
 66.34500  0.00000  0.00000 
 66.44500  0.00001  0.00000 
