  0.04500  0.51913  0.52070 
  0.14500  0.51913  0.52070 
  0.24500  0.51913  0.52070 
  0.34500  0.51913  0.52070 
  0.44500  0.51913  0.52070 
  0.54500  0.51913  0.52070 
  0.64500  0.51913  0.52070 
  0.74500  0.51913  0.52070 
  0.84500  0.51913  0.52070 
  0.94500  0.51913  0.52070 
  1.04500  0.51912  0.52070 
  1.14500  0.51911  0.52070 
  1.24500  0.51911  0.52070 
  1.34500  0.51911  0.52070 
  1.44500  0.51912  0.52070 
  1.54500  0.51911  0.52070 
  1.64500  0.51911  0.52070 
  1.74500  0.51911  0.52070 
  1.84500  0.51911  0.52070 
  1.94500  0.51911  0.52070 
  2.04500  0.51911  0.52070 
  2.14500  0.51910  0.52067 
  2.24500  0.51910  0.52060 
  2.34500  0.51908  0.52060 
  2.44500  0.51905  0.52060 
  2.54500  0.51905  0.52060 
  2.64500  0.51905  0.52060 
  2.74500  0.51903  0.52060 
  2.84500  0.51905  0.52060 
  2.94500  0.51903  0.52060 
  3.04500  0.51903  0.52060 
  3.14500  0.51903  0.52060 
  3.24500  0.51899  0.52060 
  3.34500  0.51898  0.52060 
  3.44500  0.51898  0.52060 
  3.54500  0.51901  0.52060 
  3.64500  0.51900  0.52054 
  3.74500  0.51901  0.52050 
  3.84500  0.51900  0.52050 
  3.94500  0.51899  0.52050 
  4.04500  0.51900  0.52050 
  4.14500  0.51901  0.52050 
  4.24500  0.51900  0.52050 
  4.34500  0.51898  0.52050 
  4.44500  0.51894  0.52050 
  4.54500  0.51893  0.52050 
  4.64500  0.51896  0.52047 
  4.74500  0.51895  0.52040 
  4.84500  0.51892  0.52040 
  4.94500  0.51889  0.52040 
  5.04500  0.51888  0.52040 
  5.14500  0.51887  0.52040 
  5.24500  0.51888  0.52040 
  5.34500  0.51887  0.52040 
  5.44500  0.51885  0.52040 
  5.54500  0.51885  0.52032 
  5.64500  0.51883  0.52030 
  5.74500  0.51881  0.52030 
  5.84500  0.51879  0.52030 
  5.94500  0.51881  0.52030 
  6.04500  0.51880  0.52030 
  6.14500  0.51876  0.52030 
  6.24500  0.51872  0.52025 
  6.34500  0.51872  0.52020 
  6.44500  0.51873  0.52020 
  6.54500  0.51868  0.52020 
  6.64500  0.51871  0.52020 
  6.74500  0.51870  0.52020 
  6.84500  0.51867  0.52020 
  6.94500  0.51867  0.52011 
  7.04500  0.51868  0.52010 
  7.14500  0.51866  0.52010 
  7.24500  0.51862  0.52010 
  7.34500  0.51858  0.52010 
  7.44500  0.51858  0.52010 
  7.54500  0.51855  0.52001 
  7.64500  0.51856  0.52000 
  7.74500  0.51855  0.52000 
  7.84500  0.51852  0.52000 
  7.94500  0.51853  0.52000 
  8.04500  0.51852  0.51998 
  8.14500  0.51847  0.51990 
  8.24500  0.51846  0.51990 
  8.34500  0.51843  0.51990 
  8.44500  0.51842  0.51990 
  8.54500  0.51841  0.51990 
  8.64500  0.51838  0.51980 
  8.74500  0.51840  0.51980 
  8.84500  0.51840  0.51980 
  8.94500  0.51835  0.51980 
  9.04500  0.51836  0.51980 
  9.14500  0.51835  0.51970 
  9.24500  0.51831  0.51970 
  9.34500  0.51829  0.51970 
  9.44500  0.51825  0.51970 
  9.54500  0.51825  0.51967 
  9.64500  0.51824  0.51960 
  9.74500  0.51820  0.51960 
  9.84500  0.51821  0.51960 
  9.94500  0.51818  0.51960 
 10.04500  0.51813  0.51952 
 10.14500  0.51811  0.51950 
 10.24500  0.51811  0.51950 
 10.34500  0.51812  0.51950 
 10.44500  0.51809  0.51946 
 10.54500  0.51809  0.51940 
 10.64500  0.51806  0.51940 
 10.74500  0.51801  0.51940 
 10.84500  0.51797  0.51938 
 10.94500  0.51796  0.51930 
 11.04500  0.51791  0.51930 
 11.14500  0.51790  0.51930 
 11.24500  0.51790  0.51928 
 11.34500  0.51788  0.51920 
 11.44500  0.51785  0.51920 
 11.54500  0.51783  0.51920 
 11.64500  0.51780  0.51917 
 11.74500  0.51778  0.51910 
 11.84500  0.51779  0.51910 
 11.94500  0.51777  0.51910 
 12.04500  0.51775  0.51905 
 12.14500  0.51772  0.51900 
 12.24500  0.51769  0.51900 
 12.34500  0.51767  0.51900 
 12.44500  0.51766  0.51892 
 12.54500  0.51762  0.51890 
 12.64500  0.51760  0.51890 
 12.74500  0.51759  0.51888 
 12.84500  0.51752  0.51880 
 12.94500  0.51752  0.51880 
 13.04500  0.51750  0.51880 
 13.14500  0.51749  0.51873 
 13.24500  0.51748  0.51870 
 13.34500  0.51748  0.51870 
 13.44500  0.51741  0.51868 
 13.54500  0.51739  0.51860 
 13.64500  0.51736  0.51860 
 13.74500  0.51734  0.51860 
 13.84500  0.51735  0.51852 
 13.94500  0.51729  0.51850 
 14.04500  0.51725  0.51850 
 14.14500  0.51720  0.51845 
 14.24500  0.51719  0.51840 
 14.34500  0.51718  0.51840 
 14.44500  0.51715  0.51837 
 14.54500  0.51713  0.51830 
 14.64500  0.51708  0.51830 
 14.74500  0.51708  0.51829 
 14.84500  0.51703  0.51820 
 14.94500  0.51699  0.51820 
 15.04500  0.51698  0.51820 
 15.14500  0.51692  0.51810 
 15.24500  0.51689  0.51810 
 15.34500  0.51688  0.51810 
 15.44500  0.51685  0.51801 
 15.54500  0.51688  0.51800 
 15.64500  0.51681  0.51800 
 15.74500  0.51678  0.51791 
 15.84500  0.51677  0.51790 
 15.94500  0.51672  0.51790 
 16.04500  0.51670  0.51781 
 16.14500  0.51666  0.51780 
 16.24500  0.51663  0.51780 
 16.34500  0.51660  0.51770 
 16.44500  0.51657  0.51770 
 16.54500  0.51656  0.51769 
 16.64500  0.51657  0.51760 
 16.74500  0.51651  0.51760 
 16.84500  0.51644  0.51758 
 16.94500  0.51646  0.51750 
 17.04500  0.51642  0.51750 
 17.14500  0.51638  0.51746 
 17.24500  0.51634  0.51740 
 17.34500  0.51631  0.51740 
 17.44500  0.51627  0.51734 
 17.54500  0.51625  0.51730 
 17.64500  0.51626  0.51730 
 17.74500  0.51620  0.51721 
 17.84500  0.51618  0.51720 
 17.94500  0.51614  0.51718 
 18.04500  0.51611  0.51710 
 18.14500  0.51607  0.51710 
 18.24500  0.51604  0.51705 
 18.34500  0.51600  0.51700 
 18.44500  0.51599  0.51700 
 18.54500  0.51596  0.51692 
 18.64500  0.51593  0.51690 
 18.74500  0.51589  0.51688 
 18.84500  0.51587  0.51680 
 18.94500  0.51584  0.51680 
 19.04500  0.51581  0.51675 
 19.14500  0.51575  0.51670 
 19.24500  0.51570  0.51670 
 19.34500  0.51567  0.51660 
 19.44500  0.51563  0.51660 
 19.54500  0.51562  0.51656 
 19.64500  0.51559  0.51650 
 19.74500  0.51556  0.51650 
 19.84500  0.51553  0.51642 
 19.94500  0.51548  0.51640 
 20.04500  0.51544  0.51637 
 20.14500  0.51542  0.51630 
 20.24500  0.51538  0.51630 
 20.34500  0.51535  0.51622 
 20.44500  0.51533  0.51620 
 20.54500  0.51529  0.51617 
 20.64500  0.51526  0.51610 
 20.74500  0.51523  0.51610 
 20.84500  0.51522  0.51601 
 20.94500  0.51516  0.51600 
 21.04500  0.51514  0.51596 
 21.14500  0.51509  0.51590 
 21.24500  0.51507  0.51590 
 21.34500  0.51503  0.51580 
 21.44500  0.51502  0.51580 
 21.54500  0.51494  0.51574 
 21.64500  0.51493  0.51570 
 21.74500  0.51487  0.51568 
 21.84500  0.51483  0.51560 
 21.94500  0.51479  0.51560 
 22.04500  0.51478  0.51552 
 22.14500  0.51473  0.51550 
 22.24500  0.51471  0.51545 
 22.34500  0.51468  0.51540 
 22.44500  0.51464  0.51539 
 22.54500  0.51460  0.51530 
 22.64500  0.51456  0.51530 
 22.74500  0.51453  0.51522 
 22.84500  0.51449  0.51520 
 22.94500  0.51447  0.51515 
 23.04500  0.51442  0.51510 
 23.14500  0.51439  0.51509 
 23.24500  0.51437  0.51500 
 23.34500  0.51433  0.51500 
 23.44500  0.51428  0.51492 
 23.54500  0.51424  0.51490 
 23.64500  0.51418  0.51484 
 23.74500  0.51414  0.51480 
 23.84500  0.51412  0.51477 
 23.94500  0.51409  0.51470 
 24.04500  0.51406  0.51470 
 24.14500  0.51402  0.51460 
 24.24500  0.51396  0.51460 
 24.34500  0.51398  0.51452 
 24.44500  0.51395  0.51450 
 24.54500  0.51392  0.51445 
 24.64500  0.51385  0.51440 
 24.74500  0.51385  0.51437 
 24.84500  0.51381  0.51430 
 24.94500  0.51378  0.51430 
 25.04500  0.51373  0.51420 
 25.14500  0.51368  0.51420 
 25.24500  0.51366  0.51412 
 25.34500  0.51361  0.51410 
 25.44500  0.51357  0.51404 
 25.54500  0.51356  0.51400 
 25.64500  0.51350  0.51396 
 25.74500  0.51344  0.51390 
 25.84500  0.51339  0.51388 
 25.94500  0.51338  0.51380 
 26.04500  0.51333  0.51380 
 26.14500  0.51330  0.51370 
 26.24500  0.51325  0.51370 
 26.34500  0.51322  0.51361 
 26.44500  0.51320  0.51360 
 26.54500  0.51314  0.51353 
 26.64500  0.51311  0.51350 
 26.74500  0.51307  0.51345 
 26.84500  0.51303  0.51340 
 26.94500  0.51297  0.51337 
 27.04500  0.51295  0.51330 
 27.14500  0.51293  0.51328 
 27.24500  0.51290  0.51320 
 27.34500  0.51284  0.51320 
 27.44500  0.51279  0.51310 
 27.54500  0.51275  0.51310 
 27.64500  0.51272  0.51301 
 27.74500  0.51265  0.51300 
 27.84500  0.51265  0.51292 
 27.94500  0.51261  0.51290 
 28.04500  0.51256  0.51284 
 28.14500  0.51253  0.51280 
 28.24500  0.51248  0.51275 
 28.34500  0.51245  0.51270 
 28.44500  0.51238  0.51266 
 28.54500  0.51232  0.51260 
 28.64500  0.51233  0.51258 
 28.74500  0.51229  0.51250 
 28.84500  0.51223  0.51249 
 28.94500  0.51218  0.51240 
 29.04500  0.51215  0.51240 
 29.14500  0.51212  0.51230 
 29.24500  0.51205  0.51230 
 29.34500  0.51203  0.51221 
 29.44500  0.51199  0.51220 
 29.54500  0.51194  0.51212 
 29.64500  0.51189  0.51210 
 29.74500  0.51185  0.51203 
 29.84500  0.51183  0.51200 
 29.94500  0.51176  0.51194 
 30.04500  0.51172  0.51190 
 30.14500  0.51171  0.51186 
 30.24500  0.51169  0.51180 
 30.34500  0.51163  0.51177 
 30.44500  0.51158  0.51170 
 30.54500  0.51154  0.51168 
 30.64500  0.51151  0.51160 
 30.74500  0.51145  0.51159 
 30.84500  0.51142  0.51150 
 30.94500  0.51142  0.51150 
 31.04500  0.51136  0.51140 
 31.14500  0.51133  0.51140 
 31.24500  0.51129  0.51130 
 31.34500  0.51125  0.51130 
 31.44500  0.51118  0.51121 
 31.54500  0.51113  0.51120 
 31.64500  0.51111  0.51112 
 31.74500  0.51109  0.51110 
 31.84500  0.51104  0.51103 
 31.94500  0.51100  0.51100 
 32.04500  0.51096  0.51094 
 32.14500  0.51091  0.51090 
 32.24500  0.51086  0.51085 
 32.34500  0.51084  0.51080 
 32.44500  0.51082  0.51076 
 32.54500  0.51076  0.51070 
 32.64500  0.51073  0.51067 
 32.74500  0.51068  0.51060 
 32.84500  0.51066  0.51058 
 32.94500  0.51060  0.51050 
 33.04500  0.51055  0.51049 
 33.14500  0.51053  0.51040 
 33.24500  0.51047  0.51040 
 33.34500  0.51043  0.51030 
 33.44500  0.51040  0.51030 
 33.54500  0.51035  0.51021 
 33.64500  0.51031  0.51020 
 33.74500  0.51025  0.51012 
 33.84500  0.51023  0.51010 
 33.94500  0.51022  0.51003 
 34.04500  0.51015  0.51000 
 34.14500  0.51012  0.50994 
 34.24500  0.51010  0.50990 
 34.34500  0.51006  0.50985 
 34.44500  0.51002  0.50980 
 34.54500  0.50997  0.50977 
 34.64500  0.50993  0.50970 
 34.74500  0.50991  0.50968 
 34.84500  0.50986  0.50960 
 34.94500  0.50984  0.50959 
 35.04500  0.50979  0.50950 
 35.14500  0.50971  0.50950 
 35.24500  0.50966  0.50940 
 35.34500  0.50963  0.50940 
 35.44500  0.50961  0.50931 
 35.54500  0.50957  0.50930 
 35.64500  0.50954  0.50923 
 35.74500  0.50949  0.50920 
 35.84500  0.50945  0.50914 
 35.94500  0.50941  0.50910 
 36.04500  0.50937  0.50905 
 36.14500  0.50934  0.50900 
 36.24500  0.50929  0.50897 
 36.34500  0.50925  0.50890 
 36.44500  0.50924  0.50888 
 36.54500  0.50919  0.50880 
 36.64500  0.50915  0.50880 
 36.74500  0.50910  0.50870 
 36.84500  0.50905  0.50870 
 36.94500  0.50902  0.50861 
 37.04500  0.50898  0.50860 
 37.14500  0.50894  0.50853 
 37.24500  0.50890  0.50850 
 37.34500  0.50887  0.50845 
 37.44500  0.50881  0.50840 
 37.54500  0.50879  0.50836 
 37.64500  0.50876  0.50830 
 37.74500  0.50871  0.50828 
 37.84500  0.50868  0.50820 
 37.94500  0.50864  0.50820 
 38.04500  0.50862  0.50810 
 38.14500  0.50859  0.50810 
 38.24500  0.50852  0.50802 
 38.34500  0.50850  0.50800 
 38.44500  0.50845  0.50794 
 38.54500  0.50841  0.50790 
 38.64500  0.50838  0.50786 
 38.74500  0.50836  0.50780 
 38.84500  0.50832  0.50778 
 38.94500  0.50828  0.50770 
 39.04500  0.50822  0.50770 
 39.14500  0.50815  0.50761 
 39.24500  0.50814  0.50760 
 39.34500  0.50810  0.50753 
 39.44500  0.50806  0.50750 
 39.54500  0.50804  0.50746 
 39.64500  0.50801  0.50740 
 39.74500  0.50797  0.50738 
 39.84500  0.50791  0.50730 
 39.94500  0.50789  0.50730 
 40.04500  0.50784  0.50721 
 40.14500  0.50781  0.50720 
 40.24500  0.50777  0.50714 
 40.34500  0.50775  0.50710 
 40.44500  0.50770  0.50707 
 40.54500  0.50765  0.50700 
 40.64500  0.50761  0.50700 
 40.74500  0.50757  0.50690 
 40.84500  0.50755  0.50690 
 40.94500  0.50751  0.50683 
 41.04500  0.50747  0.50680 
 41.14500  0.50744  0.50676 
 41.24500  0.50740  0.50670 
 41.34500  0.50737  0.50669 
 41.44500  0.50732  0.50660 
 41.54500  0.50729  0.50660 
 41.64500  0.50725  0.50653 
 41.74500  0.50724  0.50650 
 41.84500  0.50715  0.50647 
 41.94500  0.50715  0.50640 
 42.04500  0.50714  0.50640 
 42.14500  0.50710  0.50631 
 42.24500  0.50705  0.50630 
 42.34500  0.50702  0.50624 
 42.44500  0.50698  0.50620 
 42.54500  0.50694  0.50619 
 42.64500  0.50691  0.50610 
 42.74500  0.50686  0.50610 
 42.84500  0.50685  0.50603 
 42.94500  0.50683  0.50600 
 43.04500  0.50679  0.50597 
 43.14500  0.50673  0.50590 
 43.24500  0.50670  0.50590 
 43.34500  0.50666  0.50582 
 43.44500  0.50663  0.50580 
 43.54500  0.50657  0.50577 
 43.64500  0.50655  0.50570 
 43.74500  0.50653  0.50570 
 43.84500  0.50651  0.50562 
 43.94500  0.50648  0.50560 
 44.04500  0.50643  0.50557 
 44.14500  0.50639  0.50550 
 44.24500  0.50636  0.50550 
 44.34500  0.50633  0.50543 
 44.44500  0.50628  0.50540 
 44.54500  0.50626  0.50539 
 44.64500  0.50625  0.50530 
 44.74500  0.50623  0.50530 
 44.84500  0.50621  0.50524 
 44.94500  0.50615  0.50520 
 45.04500  0.50612  0.50520 
 45.14500  0.50610  0.50511 
 45.24500  0.50609  0.50510 
 45.34500  0.50603  0.50507 
 45.44500  0.50597  0.50500 
 45.54500  0.50594  0.50500 
 45.64500  0.50592  0.50494 
 45.74500  0.50590  0.50490 
 45.84500  0.50585  0.50490 
 45.94500  0.50584  0.50481 
 46.04500  0.50579  0.50480 
 46.14500  0.50577  0.50478 
 46.24500  0.50574  0.50470 
 46.34500  0.50569  0.50470 
 46.44500  0.50565  0.50466 
 46.54500  0.50564  0.50460 
 46.64500  0.50564  0.50460 
 46.74500  0.50561  0.50454 
 46.84500  0.50555  0.50450 
 46.94500  0.50552  0.50450 
 47.04500  0.50550  0.50442 
 47.14500  0.50547  0.50440 
 47.24500  0.50546  0.50440 
 47.34500  0.50539  0.50431 
 47.44500  0.50538  0.50430 
 47.54500  0.50534  0.50430 
 47.64500  0.50533  0.50420 
 47.74500  0.50533  0.50420 
 47.84500  0.50527  0.50419 
 47.94500  0.50527  0.50410 
 48.04500  0.50522  0.50410 
 48.14500  0.50517  0.50409 
 48.24500  0.50515  0.50400 
 48.34500  0.50511  0.50400 
 48.44500  0.50506  0.50400 
 48.54500  0.50504  0.50390 
 48.64500  0.50503  0.50390 
 48.74500  0.50501  0.50390 
 48.84500  0.50501  0.50381 
 48.94500  0.50495  0.50380 
 49.04500  0.50494  0.50380 
 49.14500  0.50494  0.50372 
 49.24500  0.50489  0.50370 
 49.34500  0.50488  0.50370 
 49.44500  0.50484  0.50364 
 49.54500  0.50481  0.50360 
 49.64500  0.50479  0.50360 
 49.74500  0.50476  0.50356 
 49.84500  0.50475  0.50350 
 49.94500  0.50475  0.50350 
 50.04500  0.50470  0.50350 
 50.14500  0.50466  0.50340 
 50.24500  0.50466  0.50340 
 50.34500  0.50464  0.50340 
 50.44500  0.50462  0.50334 
 50.54500  0.50458  0.50330 
 50.64500  0.50454  0.50330 
 50.74500  0.50454  0.50328 
 50.84500  0.50448  0.50320 
 50.94500  0.50448  0.50320 
 51.04500  0.50442  0.50320 
 51.14500  0.50442  0.50314 
 51.24500  0.50442  0.50310 
 51.34500  0.50438  0.50310 
 51.44500  0.50434  0.50310 
 51.54500  0.50434  0.50300 
 51.64500  0.50431  0.50300 
 51.74500  0.50429  0.50300 
 51.84500  0.50428  0.50297 
 51.94500  0.50422  0.50290 
 52.04500  0.50420  0.50290 
 52.14500  0.50421  0.50290 
 52.24500  0.50418  0.50286 
 52.34500  0.50414  0.50280 
 52.44500  0.50413  0.50280 
 52.54500  0.50413  0.50280 
 52.64500  0.50408  0.50275 
 52.74500  0.50408  0.50270 
 52.84500  0.50405  0.50270 
 52.94500  0.50402  0.50270 
 53.04500  0.50402  0.50266 
 53.14500  0.50403  0.50260 
 53.24500  0.50397  0.50260 
 53.34500  0.50397  0.50260 
 53.44500  0.50394  0.50259 
 53.54500  0.50393  0.50250 
 53.64500  0.50391  0.50250 
 53.74500  0.50390  0.50250 
 53.84500  0.50390  0.50250 
 53.94500  0.50385  0.50243 
 54.04500  0.50386  0.50240 
 54.14500  0.50385  0.50240 
 54.24500  0.50382  0.50240 
 54.34500  0.50381  0.50238 
 54.44500  0.50379  0.50230 
 54.54500  0.50381  0.50230 
 54.64500  0.50373  0.50230 
 54.74500  0.50371  0.50230 
 54.84500  0.50370  0.50226 
 54.94500  0.50367  0.50220 
 55.04500  0.50365  0.50220 
 55.14500  0.50363  0.50220 
 55.24500  0.50363  0.50220 
 55.34500  0.50363  0.50217 
 55.44500  0.50358  0.50210 
 55.54500  0.50358  0.50210 
 55.64500  0.50359  0.50210 
 55.74500  0.50356  0.50210 
 55.84500  0.50354  0.50210 
 55.94500  0.50353  0.50201 
 56.04500  0.50351  0.50200 
 56.14500  0.50351  0.50200 
 56.24500  0.50349  0.50200 
 56.34500  0.50346  0.50200 
 56.44500  0.50346  0.50198 
 56.54500  0.50347  0.50190 
 56.64500  0.50344  0.50190 
 56.74500  0.50344  0.50190 
 56.84500  0.50342  0.50190 
 56.94500  0.50338  0.50190 
 57.04500  0.50338  0.50190 
 57.14500  0.50338  0.50180 
 57.24500  0.50334  0.50180 
 57.34500  0.50332  0.50180 
 57.44500  0.50334  0.50180 
 57.54500  0.50333  0.50180 
 57.64500  0.50329  0.50180 
 57.74500  0.50329  0.50178 
 57.84500  0.50327  0.50170 
 57.94500  0.50326  0.50170 
 58.04500  0.50324  0.50170 
 58.14500  0.50324  0.50170 
 58.24500  0.50325  0.50170 
 58.34500  0.50324  0.50170 
 58.44500  0.50321  0.50170 
 58.54500  0.50322  0.50165 
 58.64500  0.50322  0.50160 
 58.74500  0.50321  0.50160 
 58.84500  0.50318  0.50160 
 58.94500  0.50320  0.50160 
 59.04500  0.50317  0.50160 
 59.14500  0.50317  0.50160 
 59.24500  0.50317  0.50160 
 59.34500  0.50314  0.50160 
 59.44500  0.50314  0.50155 
 59.54500  0.50314  0.50150 
 59.64500  0.50316  0.50150 
 59.74500  0.50313  0.50150 
 59.84500  0.50305  0.50150 
 59.94500  0.50305  0.50150 
 60.04500  0.50305  0.50150 
 60.14500  0.50304  0.50150 
 60.24500  0.50304  0.50150 
 60.34500  0.50304  0.50150 
 60.44500  0.50301  0.50150 
 60.54500  0.50301  0.50149 
 60.64500  0.50302  0.50140 
 60.74500  0.50300  0.50140 
 60.84500  0.50299  0.50140 
 60.94500  0.50300  0.50140 
 61.04500  0.50301  0.50140 
 61.14500  0.50301  0.50140 
 61.24500  0.50299  0.50140 
 61.34500  0.50298  0.50140 
 61.44500  0.50298  0.50140 
 61.54500  0.50297  0.50140 
 61.64500  0.50298  0.50140 
 61.74500  0.50297  0.50140 
 61.84500  0.50296  0.50140 
 61.94500  0.50296  0.50140 
 62.04500  0.50296  0.50140 
 62.14500  0.50295  0.50140 
 62.24500  0.50289  0.50140 
 62.34500  0.50289  0.50140 
 62.44500  0.50289  0.50140 
 62.54500  0.50291  0.50130 
 62.64500  0.50290  0.50130 
 62.74500  0.50288  0.50130 
 62.84500  0.50288  0.50130 
 62.94500  0.50288  0.50130 
 63.04500  0.50288  0.50130 
 63.14500  0.50288  0.50130 
 63.24500  0.50288  0.50130 
 63.34500  0.50288  0.50130 
 63.44500  0.50288  0.50130 
 63.54500  0.50288  0.50130 
 63.64500  0.50288  0.50130 
