  0.04500  0.95283  0.95284 
  0.14500  0.95242  0.95243 
  0.24500  0.95164  0.95165 
  0.34500  0.95040  0.95043 
  0.44500  0.94878  0.94881 
  0.54500  0.94675  0.94676 
  0.64500  0.94428  0.94431 
  0.74500  0.94140  0.94143 
  0.84500  0.93809  0.93812 
  0.94500  0.93435  0.93439 
  1.04500  0.93019  0.93021 
  1.14500  0.92559  0.92560 
  1.24500  0.92051  0.92054 
  1.34500  0.91501  0.91503 
  1.44500  0.90909  0.90908 
  1.54500  0.90266  0.90269 
  1.64500  0.89581  0.89583 
  1.74500  0.88850  0.88852 
  1.84500  0.88071  0.88074 
  1.94500  0.87248  0.87251 
  2.04500  0.86380  0.86382 
  2.14500  0.85465  0.85467 
  2.24500  0.84505  0.84507 
  2.34500  0.83501  0.83503 
  2.44500  0.82453  0.82454 
  2.54500  0.81361  0.81363 
  2.64500  0.80228  0.80230 
  2.74500  0.79055  0.79058 
  2.84500  0.77842  0.77844 
  2.94500  0.76595  0.76594 
  3.04500  0.75306  0.75306 
  3.14500  0.73988  0.73990 
  3.24500  0.72640  0.72641 
  3.34500  0.71263  0.71264 
  3.44500  0.69860  0.69860 
  3.54500  0.68438  0.68435 
  3.64500  0.66994  0.66990 
  3.74500  0.65535  0.65530 
  3.84500  0.64063  0.64059 
  3.94500  0.62579  0.62579 
  4.04500  0.61091  0.61094 
  4.14500  0.59601  0.59609 
  4.24500  0.58123  0.58128 
  4.34500  0.56661  0.56657 
  4.44500  0.55225  0.55200 
  4.54500  0.53805  0.53756 
  4.64500  0.52300  0.52340 
  4.74500  0.50936  0.50946 
  4.84500  0.49594  0.49586 
  4.94500  0.48280  0.48259 
  5.04500  0.46996  0.46976 
  5.14500  0.45751  0.45736 
  5.24500  0.44560  0.44548 
  5.34500  0.43418  0.43410 
  5.44500  0.42341  0.42332 
  5.54500  0.41325  0.41315 
  5.64500  0.40375  0.40364 
  5.74500  0.39494  0.39482 
  5.84500  0.38685  0.38670 
  5.94500  0.37949  0.37936 
  6.04500  0.37294  0.37278 
  6.14500  0.36717  0.36703 
  6.24500  0.36222  0.36208 
  6.34500  0.35811  0.35797 
  6.44500  0.35485  0.35470 
  6.54500  0.35247  0.35232 
  6.64500  0.35095  0.35079 
  6.74500  0.35030  0.35015 
  6.84500  0.35052  0.35038 
  6.94500  0.35163  0.35148 
  7.04500  0.35357  0.35343 
  7.14500  0.35637  0.35622 
  7.24500  0.36001  0.35985 
  7.34500  0.36443  0.36429 
  7.44500  0.36966  0.36952 
  7.54500  0.37564  0.37549 
  7.64500  0.38233  0.38219 
  7.74500  0.38970  0.38959 
  7.84500  0.39774  0.39763 
  7.94500  0.40638  0.40629 
  8.04500  0.41558  0.41552 
  8.14500  0.42537  0.42530 
  8.24500  0.43563  0.43551 
  8.34500  0.44631  0.44615 
  8.44500  0.45736  0.45717 
  8.54500  0.46868  0.46850 
  8.64500  0.48018  0.48009 
  8.74500  0.49177  0.49188 
  8.84500  0.50341  0.50380 
  8.94500  0.51634  0.51585 
  9.04500  0.52816  0.52790 
  9.14500  0.53995  0.53990 
  9.24500  0.55179  0.55187 
  9.34500  0.56356  0.56365 
  9.44500  0.57518  0.57524 
  9.54500  0.58654  0.58656 
  9.64500  0.59759  0.59756 
  9.74500  0.60825  0.60819 
  9.84500  0.61845  0.61840 
  9.94500  0.62819  0.62817 
 10.04500  0.63738  0.63741 
 10.14500  0.64605  0.64607 
 10.24500  0.65410  0.65413 
 10.34500  0.66152  0.66154 
 10.44500  0.66828  0.66832 
 10.54500  0.67431  0.67436 
 10.64500  0.67961  0.67964 
 10.74500  0.68416  0.68418 
 10.84500  0.68790  0.68796 
 10.94500  0.69088  0.69092 
 11.04500  0.69301  0.69304 
 11.14500  0.69430  0.69433 
 11.24500  0.69477  0.69483 
 11.34500  0.69444  0.69448 
 11.44500  0.69321  0.69327 
 11.54500  0.69121  0.69125 
 11.64500  0.68836  0.68840 
 11.74500  0.68471  0.68477 
 11.84500  0.68028  0.68031 
 11.94500  0.67509  0.67513 
 12.04500  0.66914  0.66919 
 12.14500  0.66247  0.66253 
 12.24500  0.65516  0.65520 
 12.34500  0.64718  0.64720 
 12.44500  0.63860  0.63862 
 12.54500  0.62945  0.62944 
 12.64500  0.61979  0.61978 
 12.74500  0.60961  0.60961 
 12.84500  0.59905  0.59900 
 12.94500  0.58805  0.58804 
 13.04500  0.57672  0.57678 
 13.14500  0.56511  0.56521 
 13.24500  0.55335  0.55345 
 13.34500  0.54152  0.54150 
 13.44500  0.52970  0.52950 
 13.54500  0.51791  0.51742 
 13.64500  0.50505  0.50540 
 13.74500  0.49326  0.49341 
 13.84500  0.48163  0.48158 
 13.94500  0.47012  0.46993 
 14.04500  0.45872  0.45853 
 14.14500  0.44760  0.44746 
 14.24500  0.43683  0.43671 
 14.34500  0.42645  0.42641 
 14.44500  0.41661  0.41653 
 14.54500  0.40725  0.40717 
 14.64500  0.39846  0.39837 
 14.74500  0.39026  0.39017 
 14.84500  0.38273  0.38261 
 14.94500  0.37583  0.37571 
 15.04500  0.36967  0.36954 
 15.14500  0.36422  0.36407 
 15.24500  0.35953  0.35940 
 15.34500  0.35565  0.35550 
 15.44500  0.35254  0.35242 
 15.54500  0.35026  0.35013 
 15.64500  0.34882  0.34868 
 15.74500  0.34821  0.34807 
 15.84500  0.34846  0.34831 
 15.94500  0.34950  0.34938 
 16.04500  0.35139  0.35126 
 16.14500  0.35410  0.35397 
 16.24500  0.35761  0.35748 
 16.34500  0.36191  0.36176 
 16.44500  0.36697  0.36682 
 16.54500  0.37273  0.37262 
 16.64500  0.37922  0.37910 
 16.74500  0.38637  0.38627 
 16.84500  0.39417  0.39408 
 16.94500  0.40253  0.40246 
 17.04500  0.41146  0.41140 
 17.14500  0.42090  0.42084 
 17.24500  0.43082  0.43073 
 17.34500  0.44116  0.44105 
 17.44500  0.45186  0.45169 
 17.54500  0.46281  0.46265 
 17.64500  0.47388  0.47381 
 17.74500  0.48507  0.48517 
 17.84500  0.49628  0.49665 
 17.94500  0.50851  0.50820 
 18.04500  0.51999  0.51975 
 18.14500  0.53127  0.53124 
 18.24500  0.54253  0.54262 
 18.34500  0.55370  0.55383 
 18.44500  0.56474  0.56481 
 18.54500  0.57545  0.57549 
 18.64500  0.58583  0.58584 
 18.74500  0.59580  0.59579 
 18.84500  0.60528  0.60529 
 18.94500  0.61428  0.61430 
 19.04500  0.62274  0.62277 
 19.14500  0.63062  0.63066 
 19.24500  0.63785  0.63793 
 19.34500  0.64445  0.64452 
 19.44500  0.65034  0.65042 
 19.54500  0.65550  0.65558 
 19.64500  0.65993  0.65999 
 19.74500  0.66356  0.66361 
 19.84500  0.66638  0.66647 
 19.94500  0.66842  0.66849 
 20.04500  0.66962  0.66969 
 20.14500  0.66999  0.67007 
 20.24500  0.66951  0.66960 
 20.34500  0.66821  0.66830 
 20.44500  0.66610  0.66617 
 20.54500  0.66315  0.66324 
 20.64500  0.65942  0.65948 
 20.74500  0.65487  0.65494 
 20.84500  0.64957  0.64965 
 20.94500  0.64353  0.64361 
 21.04500  0.63679  0.63684 
 21.14500  0.62936  0.62943 
 21.24500  0.62129  0.62135 
 21.34500  0.61263  0.61265 
 21.44500  0.60342  0.60342 
 21.54500  0.59365  0.59367 
 21.64500  0.58341  0.58343 
 21.74500  0.57272  0.57278 
 21.84500  0.56167  0.56176 
 21.94500  0.55028  0.55040 
 22.04500  0.53870  0.53881 
 22.14500  0.52701  0.52701 
 22.24500  0.51527  0.51510 
 22.34500  0.50339  0.50300 
 22.44500  0.49052  0.49095 
 22.54500  0.47877  0.47890 
 22.64500  0.46703  0.46695 
 22.74500  0.45532  0.45516 
 22.84500  0.44369  0.44355 
 22.94500  0.43232  0.43221 
 23.04500  0.42125  0.42118 
 23.14500  0.41055  0.41052 
 23.24500  0.40032  0.40030 
 23.34500  0.39056  0.39052 
 23.44500  0.38133  0.38126 
 23.54500  0.37265  0.37260 
 23.64500  0.36461  0.36454 
 23.74500  0.35722  0.35710 
 23.84500  0.35046  0.35038 
 23.94500  0.34446  0.34435 
 24.04500  0.33917  0.33908 
 24.14500  0.33470  0.33461 
 24.24500  0.33103  0.33091 
 24.34500  0.32815  0.32803 
 24.44500  0.32611  0.32600 
 24.54500  0.32490  0.32481 
 24.64500  0.32458  0.32447 
 24.74500  0.32510  0.32500 
 24.84500  0.32651  0.32638 
 24.94500  0.32872  0.32863 
 25.04500  0.33182  0.33172 
 25.14500  0.33573  0.33563 
 25.24500  0.34046  0.34037 
 25.34500  0.34600  0.34592 
 25.44500  0.35234  0.35223 
 25.54500  0.35939  0.35930 
 25.64500  0.36719  0.36712 
 25.74500  0.37565  0.37559 
 25.84500  0.38479  0.38472 
 25.94500  0.39451  0.39448 
 26.04500  0.40482  0.40480 
 26.14500  0.41570  0.41567 
 26.24500  0.42704  0.42701 
 26.34500  0.43887  0.43880 
 26.44500  0.45108  0.45095 
 26.54500  0.46356  0.46345 
 26.64500  0.47628  0.47625 
 26.74500  0.48913  0.48926 
 26.84500  0.50205  0.50243 
 26.94500  0.51596  0.51573 
 27.04500  0.52933  0.52910 
 27.14500  0.54246  0.54247 
 27.24500  0.55568  0.55579 
 27.34500  0.56887  0.56901 
 27.44500  0.58194  0.58205 
 27.54500  0.59487  0.59492 
 27.64500  0.60746  0.60749 
 27.74500  0.61975  0.61977 
 27.84500  0.63162  0.63166 
 27.94500  0.64309  0.64314 
 28.04500  0.65410  0.65417 
 28.14500  0.66456  0.66465 
 28.24500  0.67453  0.67462 
 28.34500  0.68390  0.68401 
 28.44500  0.69263  0.69274 
 28.54500  0.70072  0.70083 
 28.64500  0.70810  0.70822 
 28.74500  0.71478  0.71489 
 28.84500  0.72069  0.72080 
 28.94500  0.72585  0.72595 
 29.04500  0.73019  0.73029 
 29.14500  0.73375  0.73383 
 29.24500  0.73648  0.73658 
 29.34500  0.73836  0.73848 
 29.44500  0.73942  0.73954 
 29.54500  0.73965  0.73976 
 29.64500  0.73904  0.73914 
 29.74500  0.73758  0.73769 
 29.84500  0.73530  0.73545 
 29.94500  0.73223  0.73236 
 30.04500  0.72835  0.72845 
 30.14500  0.72368  0.72381 
 30.24500  0.71827  0.71836 
 30.34500  0.71211  0.71222 
 30.44500  0.70524  0.70537 
 30.54500  0.69770  0.69778 
 30.64500  0.68951  0.68963 
 30.74500  0.68072  0.68083 
 30.84500  0.67136  0.67147 
 30.94500  0.66151  0.66158 
 31.04500  0.65114  0.65123 
 31.14500  0.64039  0.64045 
 31.24500  0.62922  0.62925 
 31.34500  0.61771  0.61774 
 31.44500  0.60587  0.60595 
 31.54500  0.59380  0.59392 
 31.64500  0.58155  0.58172 
 31.74500  0.56927  0.56940 
 31.84500  0.55699  0.55702 
 31.94500  0.54480  0.54464 
 32.04500  0.53274  0.53231 
 32.14500  0.51962  0.52009 
 32.24500  0.50785  0.50802 
 32.34500  0.49621  0.49621 
 32.44500  0.48475  0.48464 
 32.54500  0.47354  0.47345 
 32.64500  0.46266  0.46258 
 32.74500  0.45221  0.45216 
 32.84500  0.44225  0.44224 
 32.94500  0.43286  0.43287 
 33.04500  0.42404  0.42403 
 33.14500  0.41584  0.41582 
 33.24500  0.40832  0.40829 
 33.34500  0.40146  0.40140 
 33.44500  0.39530  0.39525 
 33.54500  0.38990  0.38986 
 33.64500  0.38526  0.38522 
 33.74500  0.38143  0.38138 
 33.84500  0.37841  0.37834 
 33.94500  0.37619  0.37614 
 34.04500  0.37480  0.37476 
 34.14500  0.37426  0.37422 
 34.24500  0.37454  0.37451 
 34.34500  0.37566  0.37562 
 34.44500  0.37759  0.37754 
 34.54500  0.38032  0.38028 
 34.64500  0.38388  0.38382 
 34.74500  0.38817  0.38813 
 34.84500  0.39320  0.39316 
 34.94500  0.39895  0.39892 
 35.04500  0.40539  0.40533 
 35.14500  0.41242  0.41243 
 35.24500  0.42009  0.42011 
 35.34500  0.42833  0.42836 
 35.44500  0.43710  0.43713 
 35.54500  0.44638  0.44634 
 35.64500  0.45606  0.45599 
 35.74500  0.46610  0.46600 
 35.84500  0.47639  0.47631 
 35.94500  0.48684  0.48689 
 36.04500  0.49738  0.49765 
 36.14500  0.50819  0.50855 
 36.24500  0.51989  0.51955 
 36.34500  0.53060  0.53054 
 36.44500  0.54135  0.54145 
 36.54500  0.55210  0.55230 
 36.64500  0.56280  0.56298 
 36.74500  0.57333  0.57346 
 36.84500  0.58356  0.58367 
 36.94500  0.59345  0.59350 
 37.04500  0.60292  0.60299 
 37.14500  0.61196  0.61203 
 37.24500  0.62050  0.62060 
 37.34500  0.62852  0.62864 
 37.44500  0.63596  0.63610 
 37.54500  0.64283  0.64297 
 37.64500  0.64901  0.64917 
 37.74500  0.65453  0.65470 
 37.84500  0.65935  0.65951 
 37.94500  0.66344  0.66359 
 38.04500  0.66674  0.66690 
 38.14500  0.66928  0.66945 
 38.24500  0.67104  0.67117 
 38.34500  0.67199  0.67212 
 38.44500  0.67215  0.67228 
 38.54500  0.67147  0.67163 
 38.64500  0.67002  0.67017 
 38.74500  0.66777  0.66792 
 38.84500  0.66474  0.66488 
 38.94500  0.66093  0.66107 
 39.04500  0.65638  0.65653 
 39.14500  0.65111  0.65127 
 39.24500  0.64516  0.64531 
 39.34500  0.63854  0.63871 
 39.44500  0.63131  0.63144 
 39.54500  0.62350  0.62359 
 39.64500  0.61512  0.61523 
 39.74500  0.60628  0.60634 
 39.84500  0.59695  0.59703 
 39.94500  0.58719  0.58729 
 40.04500  0.57708  0.57721 
 40.14500  0.56664  0.56683 
 40.24500  0.55600  0.55620 
 40.34500  0.54523  0.54540 
 40.44500  0.53445  0.53445 
 40.54500  0.52372  0.52345 
 40.64500  0.51241  0.51245 
 40.74500  0.50112  0.50149 
 40.84500  0.49052  0.49065 
 40.94500  0.48000  0.47997 
 41.04500  0.46961  0.46952 
 41.14500  0.45941  0.45935 
 41.24500  0.44954  0.44953 
 41.34500  0.44005  0.44010 
 41.44500  0.43103  0.43109 
 41.54500  0.42252  0.42257 
 41.64500  0.41456  0.41460 
 41.74500  0.40718  0.40718 
 41.84500  0.40042  0.40042 
 41.94500  0.39430  0.39427 
 42.04500  0.38886  0.38886 
 42.14500  0.38412  0.38411 
 42.24500  0.38016  0.38012 
 42.34500  0.37693  0.37689 
 42.44500  0.37447  0.37444 
 42.54500  0.37278  0.37279 
 42.64500  0.37194  0.37193 
 42.74500  0.37188  0.37187 
 42.84500  0.37259  0.37258 
 42.94500  0.37414  0.37412 
 43.04500  0.37644  0.37643 
 43.14500  0.37952  0.37950 
 43.24500  0.38334  0.38334 
 43.34500  0.38791  0.38788 
 43.44500  0.39316  0.39314 
 43.54500  0.39906  0.39907 
 43.64500  0.40561  0.40562 
 43.74500  0.41274  0.41278 
 43.84500  0.42044  0.42050 
 43.94500  0.42865  0.42871 
 44.04500  0.43735  0.43738 
 44.14500  0.44650  0.44648 
 44.24500  0.45600  0.45593 
 44.34500  0.46574  0.46567 
 44.44500  0.47568  0.47568 
 44.54500  0.48572  0.48588 
 44.64500  0.49576  0.49619 
 44.74500  0.50664  0.50658 
 44.84500  0.51719  0.51700 
 44.94500  0.52730  0.52735 
 45.04500  0.53741  0.53759 
 45.14500  0.54744  0.54769 
 45.24500  0.55729  0.55752 
 45.34500  0.56693  0.56708 
 45.44500  0.57622  0.57633 
 45.54500  0.58505  0.58516 
 45.64500  0.59344  0.59355 
 45.74500  0.60132  0.60144 
 45.84500  0.60867  0.60881 
 45.94500  0.61542  0.61557 
 46.04500  0.62156  0.62173 
 46.14500  0.62703  0.62720 
 46.24500  0.63180  0.63197 
 46.34500  0.63586  0.63604 
 46.44500  0.63917  0.63934 
 46.54500  0.64171  0.64188 
 46.64500  0.64343  0.64362 
 46.74500  0.64437  0.64456 
 46.84500  0.64449  0.64469 
 46.94500  0.64379  0.64397 
 47.04500  0.64225  0.64245 
 47.14500  0.63990  0.64009 
 47.24500  0.63674  0.63693 
 47.34500  0.63278  0.63297 
 47.44500  0.62803  0.62823 
 47.54500  0.62254  0.62272 
 47.64500  0.61630  0.61646 
 47.74500  0.60933  0.60950 
 47.84500  0.60168  0.60187 
 47.94500  0.59342  0.59357 
 48.04500  0.58453  0.58467 
 48.14500  0.57507  0.57519 
 48.24500  0.56505  0.56519 
 48.34500  0.55456  0.55471 
 48.44500  0.54358  0.54381 
 48.54500  0.53225  0.53249 
 48.64500  0.52067  0.52090 
 48.74500  0.50890  0.50900 
 48.84500  0.49704  0.49689 
 48.94500  0.48469  0.48462 
 49.04500  0.47175  0.47223 
 49.14500  0.45960  0.45980 
 49.24500  0.44735  0.44738 
 49.34500  0.43505  0.43502 
 49.44500  0.42282  0.42278 
 49.54500  0.41071  0.41072 
 49.64500  0.39886  0.39892 
 49.74500  0.38729  0.38738 
 49.84500  0.37611  0.37619 
 49.94500  0.36534  0.36541 
 50.04500  0.35501  0.35504 
 50.14500  0.34516  0.34519 
 50.24500  0.33584  0.33586 
 50.34500  0.32711  0.32713 
 50.44500  0.31898  0.31898 
 50.54500  0.31150  0.31152 
 50.64500  0.30473  0.30474 
 50.74500  0.29869  0.29869 
 50.84500  0.29337  0.29337 
 50.94500  0.28884  0.28883 
 51.04500  0.28509  0.28509 
 51.14500  0.28217  0.28218 
 51.24500  0.28008  0.28009 
 51.34500  0.27883  0.27883 
 51.44500  0.27843  0.27843 
 51.54500  0.27887  0.27888 
 51.64500  0.28020  0.28019 
 51.74500  0.28236  0.28235 
 51.84500  0.28534  0.28535 
 51.94500  0.28916  0.28917 
 52.04500  0.29384  0.29385 
 52.14500  0.29927  0.29930 
 52.24500  0.30553  0.30554 
 52.34500  0.31253  0.31254 
 52.44500  0.32024  0.32025 
 52.54500  0.32867  0.32870 
 52.64500  0.33777  0.33779 
 52.74500  0.34750  0.34753 
 52.84500  0.35782  0.35787 
 52.94500  0.36867  0.36877 
 53.04500  0.38008  0.38015 
 53.14500  0.39193  0.39202 
 53.24500  0.40423  0.40432 
 53.34500  0.41695  0.41698 
 53.44500  0.42996  0.42997 
 53.54500  0.44327  0.44321 
 53.64500  0.45668  0.45668 
 53.74500  0.47016  0.47032 
 53.84500  0.48367  0.48406 
 53.94500  0.49765  0.49785 
 54.04500  0.51188  0.51164 
 54.14500  0.52535  0.52538 
 54.24500  0.53881  0.53900 
 54.34500  0.55224  0.55246 
 54.44500  0.56547  0.56571 
 54.54500  0.57849  0.57867 
 54.64500  0.59115  0.59130 
 54.74500  0.60344  0.60358 
 54.84500  0.61526  0.61541 
 54.94500  0.62664  0.62676 
 55.04500  0.63746  0.63761 
 55.14500  0.64771  0.64790 
 55.24500  0.65739  0.65756 
 55.34500  0.66641  0.66659 
 55.44500  0.67476  0.67496 
 55.54500  0.68241  0.68259 
 55.64500  0.68929  0.68948 
 55.74500  0.69541  0.69560 
 55.84500  0.70071  0.70093 
 55.94500  0.70521  0.70541 
 56.04500  0.70886  0.70908 
 56.14500  0.71165  0.71188 
 56.24500  0.71361  0.71381 
 56.34500  0.71466  0.71486 
 56.44500  0.71482  0.71504 
 56.54500  0.71410  0.71431 
 56.64500  0.71251  0.71269 
 56.74500  0.71003  0.71023 
 56.84500  0.70664  0.70686 
 56.94500  0.70245  0.70264 
 57.04500  0.69735  0.69756 
 57.14500  0.69146  0.69163 
 57.24500  0.68472  0.68492 
 57.34500  0.67719  0.67738 
 57.44500  0.66892  0.66911 
 57.54500  0.65988  0.66007 
 57.64500  0.65016  0.65034 
 57.74500  0.63973  0.63990 
 57.84500  0.62870  0.62885 
 57.94500  0.61703  0.61719 
 58.04500  0.60480  0.60493 
 58.14500  0.59204  0.59215 
 58.24500  0.57875  0.57889 
 58.34500  0.56498  0.56519 
 58.44500  0.55082  0.55108 
 58.54500  0.53633  0.53660 
 58.64500  0.52166  0.52181 
 58.74500  0.50680  0.50673 
 58.84500  0.49178  0.49144 
 58.94500  0.47539  0.47594 
 59.04500  0.46007  0.46034 
 59.14500  0.44453  0.44462 
 59.24500  0.42886  0.42885 
 59.34500  0.41310  0.41307 
 59.44500  0.39729  0.39731 
 59.54500  0.38154  0.38163 
 59.64500  0.36595  0.36605 
 59.74500  0.35051  0.35060 
 59.84500  0.33526  0.33533 
 59.94500  0.32019  0.32027 
 60.04500  0.30541  0.30547 
 60.14500  0.29087  0.29093 
 60.24500  0.27663  0.27666 
 60.34500  0.26270  0.26275 
 60.44500  0.24913  0.24916 
 60.54500  0.23589  0.23595 
 60.64500  0.22306  0.22308 
 60.74500  0.21060  0.21064 
 60.84500  0.19854  0.19859 
 60.94500  0.18695  0.18698 
 61.04500  0.17575  0.17579 
 61.14500  0.16502  0.16507 
 61.24500  0.15474  0.15476 
 61.34500  0.14490  0.14492 
 61.44500  0.13552  0.13551 
 61.54500  0.12657  0.12658 
 61.64500  0.11807  0.11809 
 61.74500  0.11001  0.11006 
 61.84500  0.10244  0.10248 
 61.94500  0.09528  0.09533 
 62.04500  0.08857  0.08861 
 62.14500  0.08231  0.08232 
 62.24500  0.07646  0.07649 
 62.34500  0.07101  0.07105 
 62.44500  0.06601  0.06603 
 62.54500  0.06139  0.06142 
 62.64500  0.05716  0.05720 
 62.74500  0.05334  0.05338 
 62.84500  0.04990  0.04992 
 62.94500  0.04681  0.04687 
 63.04500  0.04411  0.04415 
 63.14500  0.04177  0.04182 
 63.24500  0.03979  0.03983 
 63.34500  0.03813  0.03821 
 63.44500  0.03686  0.03690 
 63.54500  0.03595  0.03599 
 63.64500  0.03534  0.03539 
