  0.04500  0.53913  0.53970 
  0.14500  0.53912  0.53970 
  0.24500  0.53913  0.53970 
  0.34500  0.53913  0.53970 
  0.44500  0.53913  0.53970 
  0.54500  0.53913  0.53970 
  0.64500  0.53913  0.53970 
  0.74500  0.53914  0.53970 
  0.84500  0.53914  0.53970 
  0.94500  0.53914  0.53970 
  1.04500  0.53910  0.53970 
  1.14500  0.53907  0.53970 
  1.24500  0.53907  0.53970 
  1.34500  0.53907  0.53960 
  1.44500  0.53906  0.53960 
  1.54500  0.53903  0.53960 
  1.64500  0.53902  0.53960 
  1.74500  0.53902  0.53960 
  1.84500  0.53902  0.53960 
  1.94500  0.53901  0.53960 
  2.04500  0.53901  0.53960 
  2.14500  0.53897  0.53956 
  2.24500  0.53894  0.53950 
  2.34500  0.53895  0.53950 
  2.44500  0.53894  0.53950 
  2.54500  0.53892  0.53950 
  2.64500  0.53892  0.53950 
  2.74500  0.53889  0.53946 
  2.84500  0.53884  0.53940 
  2.94500  0.53883  0.53940 
  3.04500  0.53883  0.53940 
  3.14500  0.53884  0.53940 
  3.24500  0.53879  0.53935 
  3.34500  0.53874  0.53930 
  3.44500  0.53874  0.53930 
  3.54500  0.53872  0.53930 
  3.64500  0.53868  0.53927 
  3.74500  0.53868  0.53920 
  3.84500  0.53862  0.53920 
  3.94500  0.53859  0.53920 
  4.04500  0.53858  0.53916 
  4.14500  0.53858  0.53910 
  4.24500  0.53851  0.53910 
  4.34500  0.53847  0.53910 
  4.44500  0.53847  0.53901 
  4.54500  0.53845  0.53900 
  4.64500  0.53840  0.53900 
  4.74500  0.53838  0.53893 
  4.84500  0.53834  0.53890 
  4.94500  0.53831  0.53890 
  5.04500  0.53829  0.53883 
  5.14500  0.53823  0.53880 
  5.24500  0.53823  0.53880 
  5.34500  0.53816  0.53872 
  5.44500  0.53814  0.53870 
  5.54500  0.53812  0.53869 
  5.64500  0.53806  0.53860 
  5.74500  0.53805  0.53860 
  5.84500  0.53800  0.53855 
  5.94500  0.53794  0.53850 
  6.04500  0.53793  0.53850 
  6.14500  0.53785  0.53840 
  6.24500  0.53784  0.53840 
  6.34500  0.53780  0.53834 
  6.44500  0.53774  0.53830 
  6.54500  0.53770  0.53827 
  6.64500  0.53768  0.53820 
  6.74500  0.53759  0.53820 
  6.84500  0.53758  0.53810 
  6.94500  0.53752  0.53810 
  7.04500  0.53747  0.53801 
  7.14500  0.53743  0.53800 
  7.24500  0.53738  0.53792 
  7.34500  0.53736  0.53790 
  7.44500  0.53728  0.53783 
  7.54500  0.53725  0.53780 
  7.64500  0.53719  0.53773 
  7.74500  0.53716  0.53770 
  7.84500  0.53708  0.53762 
  7.94500  0.53703  0.53760 
  8.04500  0.53698  0.53751 
  8.14500  0.53694  0.53750 
  8.24500  0.53691  0.53740 
  8.34500  0.53681  0.53738 
  8.44500  0.53679  0.53730 
  8.54500  0.53671  0.53726 
  8.64500  0.53667  0.53720 
  8.74500  0.53661  0.53713 
  8.84500  0.53657  0.53710 
  8.94500  0.53647  0.53700 
  9.04500  0.53643  0.53697 
  9.14500  0.53637  0.53690 
  9.24500  0.53630  0.53684 
  9.34500  0.53627  0.53680 
  9.44500  0.53619  0.53670 
  9.54500  0.53614  0.53666 
  9.64500  0.53607  0.53660 
  9.74500  0.53603  0.53652 
  9.84500  0.53592  0.53647 
  9.94500  0.53589  0.53640 
 10.04500  0.53583  0.53633 
 10.14500  0.53576  0.53628 
 10.24500  0.53569  0.53620 
 10.34500  0.53561  0.53613 
 10.44500  0.53555  0.53608 
 10.54500  0.53549  0.53600 
 10.64500  0.53540  0.53592 
 10.74500  0.53536  0.53586 
 10.84500  0.53527  0.53580 
 10.94500  0.53522  0.53571 
 11.04500  0.53514  0.53565 
 11.14500  0.53506  0.53558 
 11.24500  0.53499  0.53550 
 11.34500  0.53492  0.53542 
 11.44500  0.53485  0.53536 
 11.54500  0.53478  0.53529 
 11.64500  0.53471  0.53520 
 11.74500  0.53464  0.53512 
 11.84500  0.53456  0.53505 
 11.94500  0.53447  0.53498 
 12.04500  0.53440  0.53490 
 12.14500  0.53434  0.53481 
 12.24500  0.53425  0.53474 
 12.34500  0.53417  0.53467 
 12.44500  0.53410  0.53459 
 12.54500  0.53403  0.53450 
 12.64500  0.53394  0.53442 
 12.74500  0.53386  0.53434 
 12.84500  0.53379  0.53426 
 12.94500  0.53371  0.53418 
 13.04500  0.53362  0.53410 
 13.14500  0.53355  0.53400 
 13.24500  0.53346  0.53392 
 13.34500  0.53337  0.53384 
 13.44500  0.53328  0.53376 
 13.54500  0.53320  0.53367 
 13.64500  0.53314  0.53359 
 13.74500  0.53305  0.53350 
 13.84500  0.53295  0.53340 
 13.94500  0.53286  0.53332 
 14.04500  0.53278  0.53323 
 14.14500  0.53270  0.53314 
 14.24500  0.53260  0.53306 
 14.34500  0.53251  0.53297 
 14.44500  0.53243  0.53288 
 14.54500  0.53234  0.53279 
 14.64500  0.53225  0.53269 
 14.74500  0.53215  0.53260 
 14.84500  0.53206  0.53250 
 14.94500  0.53198  0.53241 
 15.04500  0.53188  0.53232 
 15.14500  0.53180  0.53222 
 15.24500  0.53171  0.53213 
 15.34500  0.53161  0.53203 
 15.44500  0.53151  0.53194 
 15.54500  0.53140  0.53184 
 15.64500  0.53132  0.53175 
 15.74500  0.53123  0.53165 
 15.84500  0.53113  0.53155 
 15.94500  0.53103  0.53145 
 16.04500  0.53094  0.53135 
 16.14500  0.53084  0.53125 
 16.24500  0.53075  0.53115 
 16.34500  0.53065  0.53105 
 16.44500  0.53055  0.53095 
 16.54500  0.53045  0.53085 
 16.64500  0.53035  0.53075 
 16.74500  0.53026  0.53065 
 16.84500  0.53015  0.53055 
 16.94500  0.53004  0.53044 
 17.04500  0.52994  0.53034 
 17.14500  0.52984  0.53024 
 17.24500  0.52974  0.53013 
 17.34500  0.52964  0.53003 
 17.44500  0.52954  0.52992 
 17.54500  0.52943  0.52982 
 17.64500  0.52931  0.52971 
 17.74500  0.52923  0.52960 
 17.84500  0.52912  0.52949 
 17.94500  0.52900  0.52938 
 18.04500  0.52889  0.52927 
 18.14500  0.52880  0.52917 
 18.24500  0.52870  0.52906 
 18.34500  0.52859  0.52895 
 18.44500  0.52848  0.52884 
 18.54500  0.52837  0.52873 
 18.64500  0.52825  0.52862 
 18.74500  0.52815  0.52851 
 18.84500  0.52805  0.52839 
 18.94500  0.52792  0.52828 
 19.04500  0.52782  0.52817 
 19.14500  0.52771  0.52806 
 19.24500  0.52760  0.52794 
 19.34500  0.52749  0.52783 
 19.44500  0.52737  0.52772 
 19.54500  0.52726  0.52760 
 19.64500  0.52715  0.52748 
 19.74500  0.52703  0.52737 
 19.84500  0.52692  0.52725 
 19.94500  0.52680  0.52714 
 20.04500  0.52669  0.52703 
 20.14500  0.52658  0.52691 
 20.24500  0.52646  0.52678 
 20.34500  0.52634  0.52667 
 20.44500  0.52622  0.52655 
 20.54500  0.52612  0.52644 
 20.64500  0.52600  0.52632 
 20.74500  0.52588  0.52619 
 20.84500  0.52576  0.52607 
 20.94500  0.52565  0.52595 
 21.04500  0.52553  0.52584 
 21.14500  0.52542  0.52572 
 21.24500  0.52529  0.52558 
 21.34500  0.52518  0.52547 
 21.44500  0.52505  0.52535 
 21.54500  0.52493  0.52523 
 21.64500  0.52481  0.52510 
 21.74500  0.52470  0.52498 
 21.84500  0.52458  0.52486 
 21.94500  0.52446  0.52474 
 22.04500  0.52433  0.52462 
 22.14500  0.52421  0.52448 
 22.24500  0.52408  0.52436 
 22.34500  0.52395  0.52424 
 22.44500  0.52386  0.52412 
 22.54500  0.52372  0.52398 
 22.64500  0.52360  0.52386 
 22.74500  0.52347  0.52374 
 22.84500  0.52335  0.52361 
 22.94500  0.52322  0.52347 
 23.04500  0.52310  0.52335 
 23.14500  0.52298  0.52323 
 23.24500  0.52285  0.52310 
 23.34500  0.52273  0.52296 
 23.44500  0.52260  0.52284 
 23.54500  0.52248  0.52272 
 23.64500  0.52235  0.52257 
 23.74500  0.52222  0.52245 
 23.84500  0.52209  0.52233 
 23.94500  0.52196  0.52219 
 24.04500  0.52184  0.52206 
 24.14500  0.52171  0.52194 
 24.24500  0.52159  0.52180 
 24.34500  0.52146  0.52167 
 24.44500  0.52134  0.52154 
 24.54500  0.52121  0.52141 
 24.64500  0.52109  0.52127 
 24.74500  0.52094  0.52114 
 24.84500  0.52083  0.52102 
 24.94500  0.52069  0.52087 
 25.04500  0.52056  0.52075 
 25.14500  0.52043  0.52062 
 25.24500  0.52031  0.52047 
 25.34500  0.52018  0.52035 
 25.44500  0.52005  0.52022 
 25.54500  0.51990  0.52007 
 25.64500  0.51977  0.51994 
 25.74500  0.51965  0.51981 
 25.84500  0.51952  0.51967 
 25.94500  0.51938  0.51954 
 26.04500  0.51925  0.51941 
 26.14500  0.51911  0.51926 
 26.24500  0.51898  0.51914 
 26.34500  0.51885  0.51899 
 26.44500  0.51871  0.51886 
 26.54500  0.51858  0.51873 
 26.64500  0.51844  0.51858 
 26.74500  0.51832  0.51845 
 26.84500  0.51820  0.51832 
 26.94500  0.51804  0.51817 
 27.04500  0.51791  0.51804 
 27.14500  0.51776  0.51791 
 27.24500  0.51764  0.51776 
 27.34500  0.51751  0.51763 
 27.44500  0.51738  0.51749 
 27.54500  0.51723  0.51735 
 27.64500  0.51709  0.51722 
 27.74500  0.51698  0.51707 
 27.84500  0.51682  0.51694 
 27.94500  0.51669  0.51679 
 28.04500  0.51656  0.51666 
 28.14500  0.51641  0.51653 
 28.24500  0.51628  0.51637 
 28.34500  0.51615  0.51624 
 28.44500  0.51601  0.51611 
 28.54500  0.51588  0.51596 
 28.64500  0.51573  0.51583 
 28.74500  0.51559  0.51567 
 28.84500  0.51547  0.51554 
 28.94500  0.51532  0.51541 
 29.04500  0.51519  0.51526 
 29.14500  0.51505  0.51513 
 29.24500  0.51492  0.51497 
 29.34500  0.51478  0.51484 
 29.44500  0.51462  0.51469 
 29.54500  0.51449  0.51456 
 29.64500  0.51436  0.51443 
 29.74500  0.51422  0.51427 
 29.84500  0.51408  0.51414 
 29.94500  0.51394  0.51399 
 30.04500  0.51382  0.51385 
 30.14500  0.51367  0.51371 
 30.24500  0.51352  0.51356 
 30.34500  0.51338  0.51343 
 30.44500  0.51325  0.51329 
 30.54500  0.51312  0.51315 
 30.64500  0.51297  0.51301 
 30.74500  0.51284  0.51286 
 30.84500  0.51271  0.51273 
 30.94500  0.51256  0.51257 
 31.04500  0.51243  0.51244 
 31.14500  0.51228  0.51229 
 31.24500  0.51215  0.51215 
 31.34500  0.51200  0.51201 
 31.44500  0.51187  0.51186 
 31.54500  0.51173  0.51173 
 31.64500  0.51159  0.51157 
 31.74500  0.51145  0.51144 
 31.84500  0.51131  0.51129 
 31.94500  0.51116  0.51115 
 32.04500  0.51101  0.51101 
 32.14500  0.51091  0.51086 
 32.24500  0.51076  0.51073 
 32.34500  0.51061  0.51059 
 32.44500  0.51046  0.51045 
 32.54500  0.51033  0.51031 
 32.64500  0.51019  0.51016 
 32.74500  0.51006  0.51003 
 32.84500  0.50991  0.50987 
 32.94500  0.50978  0.50974 
 33.04500  0.50964  0.50959 
 33.14500  0.50949  0.50945 
 33.24500  0.50936  0.50931 
 33.34500  0.50922  0.50916 
 33.44500  0.50907  0.50903 
 33.54500  0.50894  0.50887 
 33.64500  0.50880  0.50874 
 33.74500  0.50867  0.50859 
 33.84500  0.50853  0.50845 
 33.94500  0.50837  0.50831 
 34.04500  0.50825  0.50816 
 34.14500  0.50810  0.50803 
 34.24500  0.50797  0.50787 
 34.34500  0.50783  0.50774 
 34.44500  0.50769  0.50760 
 34.54500  0.50755  0.50746 
 34.64500  0.50741  0.50733 
 34.74500  0.50727  0.50717 
 34.84500  0.50714  0.50704 
 34.94500  0.50699  0.50689 
 35.04500  0.50686  0.50675 
 35.14500  0.50672  0.50661 
 35.24500  0.50658  0.50646 
 35.34500  0.50644  0.50633 
 35.44500  0.50630  0.50618 
 35.54500  0.50616  0.50605 
 35.64500  0.50602  0.50591 
 35.74500  0.50588  0.50576 
 35.84500  0.50575  0.50563 
 35.94500  0.50561  0.50547 
 36.04500  0.50548  0.50535 
 36.14500  0.50534  0.50521 
 36.24500  0.50519  0.50506 
 36.34500  0.50506  0.50493 
 36.44500  0.50492  0.50477 
 36.54500  0.50479  0.50465 
 36.64500  0.50465  0.50451 
 36.74500  0.50452  0.50436 
 36.84500  0.50438  0.50423 
 36.94500  0.50424  0.50408 
 37.04500  0.50410  0.50395 
 37.14500  0.50396  0.50381 
 37.24500  0.50383  0.50366 
 37.34500  0.50369  0.50354 
 37.44500  0.50356  0.50339 
 37.54500  0.50342  0.50325 
 37.64500  0.50329  0.50313 
 37.74500  0.50316  0.50297 
 37.84500  0.50303  0.50284 
 37.94500  0.50288  0.50271 
 38.04500  0.50275  0.50256 
 38.14500  0.50261  0.50244 
 38.24500  0.50249  0.50229 
 38.34500  0.50236  0.50216 
 38.44500  0.50221  0.50203 
 38.54500  0.50209  0.50188 
 38.64500  0.50194  0.50175 
 38.74500  0.50182  0.50162 
 38.84500  0.50168  0.50147 
 38.94500  0.50155  0.50134 
 39.04500  0.50141  0.50121 
 39.14500  0.50129  0.50107 
 39.24500  0.50115  0.50094 
 39.34500  0.50102  0.50080 
 39.44500  0.50089  0.50066 
 39.54500  0.50075  0.50054 
 39.64500  0.50063  0.50040 
 39.74500  0.50048  0.50026 
 39.84500  0.50037  0.50014 
 39.94500  0.50023  0.50000 
 40.04500  0.50011  0.49986 
 40.14500  0.49998  0.49974 
 40.24500  0.49986  0.49961 
 40.34500  0.49972  0.49947 
 40.44500  0.49958  0.49934 
 40.54500  0.49945  0.49921 
 40.64500  0.49933  0.49907 
 40.74500  0.49923  0.49895 
 40.84500  0.49908  0.49882 
 40.94500  0.49895  0.49868 
 41.04500  0.49882  0.49855 
 41.14500  0.49869  0.49843 
 41.24500  0.49857  0.49830 
 41.34500  0.49845  0.49816 
 41.44500  0.49832  0.49804 
 41.54500  0.49819  0.49792 
 41.64500  0.49806  0.49778 
 41.74500  0.49794  0.49765 
 41.84500  0.49782  0.49753 
 41.94500  0.49769  0.49740 
 42.04500  0.49756  0.49727 
 42.14500  0.49744  0.49715 
 42.24500  0.49733  0.49703 
 42.34500  0.49720  0.49690 
 42.44500  0.49709  0.49676 
 42.54500  0.49696  0.49664 
 42.64500  0.49683  0.49652 
 42.74500  0.49672  0.49639 
 42.84500  0.49659  0.49627 
 42.94500  0.49646  0.49615 
 43.04500  0.49633  0.49603 
 43.14500  0.49624  0.49590 
 43.24500  0.49610  0.49577 
 43.34500  0.49598  0.49565 
 43.44500  0.49586  0.49553 
 43.54500  0.49574  0.49542 
 43.64500  0.49563  0.49528 
 43.74500  0.49551  0.49516 
 43.84500  0.49538  0.49505 
 43.94500  0.49526  0.49493 
 44.04500  0.49516  0.49481 
 44.14500  0.49504  0.49468 
 44.24500  0.49491  0.49457 
 44.34500  0.49480  0.49445 
 44.44500  0.49468  0.49433 
 44.54500  0.49458  0.49422 
 44.64500  0.49446  0.49409 
 44.74500  0.49434  0.49397 
 44.84500  0.49422  0.49386 
 44.94500  0.49412  0.49375 
 45.04500  0.49400  0.49363 
 45.14500  0.49388  0.49352 
 45.24500  0.49377  0.49340 
 45.34500  0.49366  0.49328 
 45.44500  0.49356  0.49317 
 45.54500  0.49344  0.49306 
 45.64500  0.49331  0.49294 
 45.74500  0.49321  0.49283 
 45.84500  0.49310  0.49272 
 45.94500  0.49299  0.49261 
 46.04500  0.49288  0.49249 
 46.14500  0.49277  0.49238 
 46.24500  0.49267  0.49227 
 46.34500  0.49255  0.49216 
 46.44500  0.49245  0.49205 
 46.54500  0.49234  0.49194 
 46.64500  0.49223  0.49184 
 46.74500  0.49213  0.49173 
 46.84500  0.49202  0.49162 
 46.94500  0.49192  0.49151 
 47.04500  0.49181  0.49141 
 47.14500  0.49171  0.49130 
 47.24500  0.49160  0.49119 
 47.34500  0.49151  0.49109 
 47.44500  0.49140  0.49098 
 47.54500  0.49130  0.49088 
 47.64500  0.49120  0.49077 
 47.74500  0.49109  0.49067 
 47.84500  0.49099  0.49057 
 47.94500  0.49088  0.49046 
 48.04500  0.49079  0.49036 
 48.14500  0.49068  0.49026 
 48.24500  0.49059  0.49016 
 48.34500  0.49050  0.49006 
 48.44500  0.49040  0.48996 
 48.54500  0.49030  0.48986 
 48.64500  0.49020  0.48976 
 48.74500  0.49009  0.48966 
 48.84500  0.49000  0.48956 
 48.94500  0.48991  0.48947 
 49.04500  0.48983  0.48937 
 49.14500  0.48973  0.48927 
 49.24500  0.48964  0.48918 
 49.34500  0.48953  0.48908 
 49.44500  0.48944  0.48899 
 49.54500  0.48935  0.48890 
 49.64500  0.48927  0.48880 
 49.74500  0.48917  0.48870 
 49.84500  0.48908  0.48861 
 49.94500  0.48899  0.48852 
 50.04500  0.48890  0.48843 
 50.14500  0.48882  0.48834 
 50.24500  0.48872  0.48825 
 50.34500  0.48863  0.48816 
 50.44500  0.48855  0.48807 
 50.54500  0.48847  0.48798 
 50.64500  0.48837  0.48790 
 50.74500  0.48829  0.48780 
 50.84500  0.48822  0.48771 
 50.94500  0.48813  0.48763 
 51.04500  0.48804  0.48754 
 51.14500  0.48795  0.48746 
 51.24500  0.48786  0.48738 
 51.34500  0.48779  0.48730 
 51.44500  0.48770  0.48720 
 51.54500  0.48762  0.48712 
 51.64500  0.48755  0.48704 
 51.74500  0.48746  0.48696 
 51.84500  0.48737  0.48688 
 51.94500  0.48731  0.48680 
 52.04500  0.48724  0.48671 
 52.14500  0.48714  0.48663 
 52.24500  0.48706  0.48656 
 52.34500  0.48700  0.48649 
 52.44500  0.48691  0.48640 
 52.54500  0.48684  0.48632 
 52.64500  0.48678  0.48625 
 52.74500  0.48669  0.48618 
 52.84500  0.48661  0.48610 
 52.94500  0.48656  0.48601 
 53.04500  0.48646  0.48595 
 53.14500  0.48639  0.48588 
 53.24500  0.48634  0.48580 
 53.34500  0.48624  0.48572 
 53.44500  0.48619  0.48566 
 53.54500  0.48612  0.48560 
 53.64500  0.48606  0.48550 
 53.74500  0.48600  0.48545 
 53.84500  0.48593  0.48539 
 53.94500  0.48587  0.48530 
 54.04500  0.48578  0.48524 
 54.14500  0.48571  0.48519 
 54.24500  0.48567  0.48510 
 54.34500  0.48558  0.48504 
 54.44500  0.48554  0.48499 
 54.54500  0.48545  0.48490 
 54.64500  0.48542  0.48485 
 54.74500  0.48532  0.48480 
 54.84500  0.48528  0.48471 
 54.94500  0.48521  0.48467 
 55.04500  0.48517  0.48460 
 55.14500  0.48510  0.48453 
 55.24500  0.48503  0.48450 
 55.34500  0.48499  0.48440 
 55.44500  0.48492  0.48437 
 55.54500  0.48488  0.48430 
 55.64500  0.48480  0.48424 
 55.74500  0.48475  0.48420 
 55.84500  0.48470  0.48412 
 55.94500  0.48465  0.48410 
 56.04500  0.48459  0.48400 
 56.14500  0.48454  0.48398 
 56.24500  0.48449  0.48390 
 56.34500  0.48443  0.48387 
 56.44500  0.48439  0.48380 
 56.54500  0.48433  0.48377 
 56.64500  0.48430  0.48370 
 56.74500  0.48421  0.48366 
 56.84500  0.48419  0.48360 
 56.94500  0.48413  0.48357 
 57.04500  0.48409  0.48350 
 57.14500  0.48405  0.48348 
 57.24500  0.48399  0.48340 
 57.34500  0.48398  0.48340 
 57.44500  0.48389  0.48330 
 57.54500  0.48387  0.48330 
 57.64500  0.48383  0.48322 
 57.74500  0.48377  0.48320 
 57.84500  0.48375  0.48315 
 57.94500  0.48371  0.48310 
 58.04500  0.48365  0.48309 
 58.14500  0.48362  0.48300 
 58.24500  0.48358  0.48300 
 58.34500  0.48354  0.48295 
 58.44500  0.48352  0.48290 
 58.54500  0.48345  0.48290 
 58.64500  0.48343  0.48281 
 58.74500  0.48338  0.48280 
 58.84500  0.48335  0.48279 
 58.94500  0.48332  0.48270 
 59.04500  0.48329  0.48270 
 59.14500  0.48329  0.48268 
 59.24500  0.48318  0.48260 
 59.34500  0.48318  0.48260 
 59.44500  0.48318  0.48260 
 59.54500  0.48314  0.48250 
 59.64500  0.48307  0.48250 
 59.74500  0.48308  0.48250 
 59.84500  0.48305  0.48244 
 59.94500  0.48303  0.48240 
 60.04500  0.48300  0.48240 
 60.14500  0.48295  0.48240 
 60.24500  0.48294  0.48231 
 60.34500  0.48294  0.48230 
 60.44500  0.48289  0.48230 
 60.54500  0.48285  0.48230 
 60.64500  0.48283  0.48222 
 60.74500  0.48284  0.48220 
 60.84500  0.48283  0.48220 
 60.94500  0.48278  0.48220 
 61.04500  0.48274  0.48220 
 61.14500  0.48275  0.48210 
 61.24500  0.48274  0.48210 
 61.34500  0.48268  0.48210 
 61.44500  0.48268  0.48210 
 61.54500  0.48268  0.48210 
 61.64500  0.48263  0.48208 
 61.74500  0.48262  0.48200 
 61.84500  0.48260  0.48200 
 61.94500  0.48258  0.48200 
 62.04500  0.48260  0.48200 
 62.14500  0.48260  0.48200 
 62.24500  0.48259  0.48200 
 62.34500  0.48258  0.48200 
 62.44500  0.48257  0.48200 
 62.54500  0.48253  0.48190 
 62.64500  0.48251  0.48190 
 62.74500  0.48250  0.48190 
 62.84500  0.48250  0.48190 
 62.94500  0.48250  0.48190 
 63.04500  0.48250  0.48190 
 63.14500  0.48250  0.48190 
 63.24500  0.48250  0.48190 
 63.34500  0.48250  0.48190 
 63.44500  0.48250  0.48190 
 63.54500  0.48250  0.48190 
 63.64500  0.48250  0.48190 
