  0.04500  0.99999  1.00000 
  0.14500  0.99999  1.00000 
  0.24500  0.99999  1.00000 
  0.34500  0.99998  1.00000 
  0.44500  0.99998  1.00000 
  0.54500  0.99998  1.00000 
  0.64500  0.99999  1.00000 
  0.74500  0.99999  1.00000 
  0.84500  0.99999  1.00000 
  0.94500  0.99999  1.00000 
  1.04500  0.99999  1.00000 
  1.14500  1.00000  1.00000 
  1.24500  0.99998  1.00000 
  1.34500  0.99999  1.00000 
  1.44500  0.99996  1.00000 
  1.54500  0.99995  1.00000 
  1.64500  0.99993  0.99991 
  1.74500  0.99990  0.99990 
  1.84500  0.99981  0.99982 
  1.94500  0.99971  0.99973 
  2.04500  0.99955  0.99954 
  2.14500  0.99925  0.99928 
  2.24500  0.99886  0.99890 
  2.34500  0.99827  0.99829 
  2.44500  0.99739  0.99744 
  2.54500  0.99615  0.99617 
  2.64500  0.99438  0.99439 
  2.74500  0.99191  0.99193 
  2.84500  0.98855  0.98855 
  2.94500  0.98401  0.98401 
  3.04500  0.97798  0.97803 
  3.14500  0.97019  0.97025 
  3.24500  0.96014  0.96026 
  3.34500  0.94761  0.94775 
  3.44500  0.93213  0.93228 
  3.54500  0.91336  0.91349 
  3.64500  0.89101  0.89106 
  3.74500  0.86479  0.86473 
  3.84500  0.83448  0.83434 
  3.94500  0.80003  0.79982 
  4.04500  0.76145  0.76134 
  4.14500  0.71906  0.71908 
  4.24500  0.67332  0.67357 
  4.34500  0.62488  0.62528 
  4.44500  0.57455  0.57495 
  4.54500  0.52314  0.52338 
  4.64500  0.47163  0.47139 
  4.74500  0.42024  0.41988 
  4.84500  0.37009  0.36972 
  4.94500  0.32189  0.32168 
  5.04500  0.27646  0.27644 
  5.14500  0.23442  0.23459 
  5.24500  0.19629  0.19649 
  5.34500  0.16224  0.16241 
  5.44500  0.13235  0.13243 
  5.54500  0.10655  0.10650 
  5.64500  0.08457  0.08446 
  5.74500  0.06616  0.06601 
  5.84500  0.05102  0.05090 
  5.94500  0.03878  0.03866 
  6.04500  0.02903  0.02898 
  6.14500  0.02150  0.02146 
  6.24500  0.01574  0.01571 
  6.34500  0.01149  0.01150 
  6.44500  0.00848  0.00847 
  6.54500  0.00647  0.00646 
  6.64500  0.00534  0.00532 
  6.74500  0.00495  0.00496 
  6.84500  0.00536  0.00532 
  6.94500  0.00649  0.00648 
  7.04500  0.00850  0.00849 
  7.14500  0.01152  0.01151 
  7.24500  0.01579  0.01578 
  7.34500  0.02155  0.02152 
  7.44500  0.02911  0.02907 
  7.54500  0.03888  0.03876 
  7.64500  0.05116  0.05103 
  7.74500  0.06633  0.06618 
  7.84500  0.08478  0.08466 
  7.94500  0.10678  0.10674 
  8.04500  0.13266  0.13269 
  8.14500  0.16256  0.16272 
  8.24500  0.19664  0.19685 
  8.34500  0.23482  0.23498 
  8.44500  0.27688  0.27687 
  8.54500  0.32236  0.32214 
  8.64500  0.37056  0.37020 
  8.74500  0.42075  0.42037 
  8.84500  0.47214  0.47191 
  8.94500  0.52363  0.52388 
  9.04500  0.57504  0.57543 
  9.14500  0.62538  0.62575 
  9.24500  0.67377  0.67403 
  9.34500  0.71950  0.71954 
  9.44500  0.76186  0.76174 
  9.54500  0.80040  0.80018 
  9.64500  0.83479  0.83464 
  9.74500  0.86506  0.86500 
  9.84500  0.89124  0.89130 
  9.94500  0.91355  0.91369 
 10.04500  0.93229  0.93243 
 10.14500  0.94773  0.94788 
 10.24500  0.96027  0.96036 
 10.34500  0.97024  0.97030 
 10.44500  0.97804  0.97807 
 10.54500  0.98404  0.98404 
 10.64500  0.98852  0.98855 
 10.74500  0.99184  0.99187 
 10.84500  0.99424  0.99426 
 10.94500  0.99590  0.99592 
 11.04500  0.99698  0.99701 
 11.14500  0.99761  0.99763 
 11.24500  0.99778  0.99785 
 11.34500  0.99765  0.99767 
 11.44500  0.99710  0.99710 
 11.54500  0.99607  0.99609 
 11.64500  0.99450  0.99452 
 11.74500  0.99222  0.99225 
 11.84500  0.98904  0.98904 
 11.94500  0.98472  0.98472 
 12.04500  0.97895  0.97898 
 12.14500  0.97145  0.97148 
 12.24500  0.96175  0.96187 
 12.34500  0.94959  0.94974 
 12.44500  0.93460  0.93474 
 12.54500  0.91633  0.91647 
 12.64500  0.89452  0.89457 
 12.74500  0.86886  0.86883 
 12.84500  0.83918  0.83902 
 12.94500  0.80534  0.80512 
 13.04500  0.76734  0.76720 
 13.14500  0.72548  0.72550 
 13.24500  0.68019  0.68042 
 13.34500  0.63211  0.63247 
 13.44500  0.58201  0.58241 
 13.54500  0.53068  0.53096 
 13.64500  0.47916  0.47900 
 13.74500  0.42771  0.42734 
 13.84500  0.37731  0.37692 
 13.94500  0.32877  0.32854 
 14.04500  0.28292  0.28286 
 14.14500  0.24035  0.24050 
 14.24500  0.20161  0.20181 
 14.34500  0.16698  0.16713 
 14.44500  0.13648  0.13655 
 14.54500  0.11008  0.11003 
 14.64500  0.08755  0.08744 
 14.74500  0.06866  0.06851 
 14.84500  0.05305  0.05292 
 14.94500  0.04040  0.04029 
 15.04500  0.03032  0.03025 
 15.14500  0.02247  0.02244 
 15.24500  0.01649  0.01646 
 15.34500  0.01201  0.01202 
 15.44500  0.00886  0.00884 
 15.54500  0.00670  0.00670 
 15.64500  0.00547  0.00545 
 15.74500  0.00497  0.00496 
 15.84500  0.00525  0.00524 
 15.94500  0.00628  0.00628 
 16.04500  0.00816  0.00814 
 16.14500  0.01102  0.01099 
 16.24500  0.01507  0.01505 
 16.34500  0.02061  0.02057 
 16.44500  0.02788  0.02784 
 16.54500  0.03730  0.03720 
 16.64500  0.04919  0.04906 
 16.74500  0.06391  0.06376 
 16.84500  0.08185  0.08174 
 16.94500  0.10332  0.10326 
 17.04500  0.12860  0.12865 
 17.14500  0.15792  0.15808 
 17.24500  0.19138  0.19159 
 17.34500  0.22899  0.22916 
 17.44500  0.27051  0.27052 
 17.54500  0.31552  0.31533 
 17.64500  0.36339  0.36302 
 17.74500  0.41333  0.41293 
 17.84500  0.46457  0.46430 
 17.94500  0.51612  0.51629 
 18.04500  0.56759  0.56796 
 18.14500  0.61811  0.61852 
 18.24500  0.66684  0.66713 
 18.34500  0.71302  0.71308 
 18.44500  0.75589  0.75577 
 18.54500  0.79501  0.79480 
 18.64500  0.83003  0.82984 
 18.74500  0.86088  0.86081 
 18.84500  0.88765  0.88770 
 18.94500  0.91052  0.91064 
 19.04500  0.92975  0.92991 
 19.14500  0.94565  0.94580 
 19.24500  0.95858  0.95869 
 19.34500  0.96889  0.96896 
 19.44500  0.97697  0.97700 
 19.54500  0.98316  0.98318 
 19.64500  0.98784  0.98785 
 19.74500  0.99122  0.99123 
 19.84500  0.99361  0.99365 
 19.94500  0.99520  0.99521 
 20.04500  0.99609  0.99613 
 20.14500  0.99643  0.99643 
 20.24500  0.99613  0.99618 
 20.34500  0.99530  0.99531 
 20.44500  0.99377  0.99378 
 20.54500  0.99144  0.99145 
 20.64500  0.98813  0.98813 
 20.74500  0.98355  0.98358 
 20.84500  0.97750  0.97752 
 20.94500  0.96955  0.96964 
 21.04500  0.95942  0.95953 
 21.14500  0.94670  0.94686 
 21.24500  0.93104  0.93120 
 21.34500  0.91206  0.91219 
 21.44500  0.88948  0.88953 
 21.54500  0.86302  0.86294 
 21.64500  0.83246  0.83229 
 21.74500  0.79774  0.79753 
 21.84500  0.75891  0.75881 
 21.94500  0.71629  0.71634 
 22.04500  0.67037  0.67062 
 22.14500  0.62179  0.62219 
 22.24500  0.57139  0.57175 
 22.34500  0.51991  0.52010 
 22.44500  0.46841  0.46813 
 22.54500  0.41709  0.41669 
 22.64500  0.36700  0.36664 
 22.74500  0.31897  0.31877 
 22.84500  0.27373  0.27373 
 22.94500  0.23195  0.23207 
 23.04500  0.19403  0.19424 
 23.14500  0.16026  0.16042 
 23.24500  0.13064  0.13069 
 23.34500  0.10508  0.10500 
 23.44500  0.08331  0.08318 
 23.54500  0.06512  0.06497 
 23.64500  0.05015  0.05000 
 23.74500  0.03804  0.03795 
 23.84500  0.02842  0.02840 
 23.94500  0.02095  0.02093 
 24.04500  0.01524  0.01521 
 24.14500  0.01097  0.01097 
 24.24500  0.00788  0.00785 
 24.34500  0.00568  0.00566 
 24.44500  0.00423  0.00422 
 24.54500  0.00341  0.00340 
 24.64500  0.00310  0.00310 
 24.74500  0.00334  0.00332 
 24.84500  0.00409  0.00407 
 24.94500  0.00544  0.00544 
 25.04500  0.00753  0.00752 
 25.14500  0.01050  0.01049 
 25.24500  0.01460  0.01460 
 25.34500  0.02010  0.02008 
 25.44500  0.02734  0.02729 
 25.54500  0.03664  0.03656 
 25.64500  0.04841  0.04828 
 25.74500  0.06299  0.06284 
 25.84500  0.08075  0.08060 
 25.94500  0.10199  0.10192 
 26.04500  0.12707  0.12710 
 26.14500  0.15613  0.15629 
 26.24500  0.18938  0.18959 
 26.34500  0.22674  0.22691 
 26.44500  0.26805  0.26808 
 26.54500  0.31288  0.31269 
 26.64500  0.36059  0.36023 
 26.74500  0.41043  0.41002 
 26.84500  0.46163  0.46135 
 26.94500  0.51319  0.51330 
 27.04500  0.56469  0.56505 
 27.14500  0.61527  0.61569 
 27.24500  0.66412  0.66443 
 27.34500  0.71045  0.71053 
 27.44500  0.75355  0.75344 
 27.54500  0.79288  0.79268 
 27.64500  0.82814  0.82797 
 27.74500  0.85924  0.85917 
 27.84500  0.88625  0.88627 
 27.94500  0.90933  0.90945 
 28.04500  0.92877  0.92892 
 28.14500  0.94486  0.94500 
 28.24500  0.95793  0.95806 
 28.34500  0.96841  0.96848 
 28.44500  0.97662  0.97666 
 28.54500  0.98297  0.98299 
 28.64500  0.98777  0.98777 
 28.74500  0.99133  0.99134 
 28.84500  0.99394  0.99396 
 28.94500  0.99584  0.99586 
 29.04500  0.99715  0.99718 
 29.14500  0.99806  0.99808 
 29.24500  0.99864  0.99869 
 29.34500  0.99903  0.99905 
 29.44500  0.99919  0.99924 
 29.54500  0.99922  0.99926 
 29.64500  0.99908  0.99912 
 29.74500  0.99878  0.99879 
 29.84500  0.99824  0.99825 
 29.94500  0.99742  0.99745 
 30.04500  0.99621  0.99624 
 30.14500  0.99448  0.99449 
 30.24500  0.99206  0.99210 
 30.34500  0.98879  0.98877 
 30.44500  0.98431  0.98431 
 30.54500  0.97838  0.97842 
 30.64500  0.97069  0.97074 
 30.74500  0.96081  0.96092 
 30.84500  0.94844  0.94857 
 30.94500  0.93311  0.93329 
 31.04500  0.91456  0.91471 
 31.14500  0.89242  0.89250 
 31.24500  0.86644  0.86641 
 31.34500  0.83640  0.83623 
 31.44500  0.80217  0.80198 
 31.54500  0.76385  0.76373 
 31.64500  0.72167  0.72170 
 31.74500  0.67612  0.67636 
 31.84500  0.62782  0.62822 
 31.94500  0.57758  0.57798 
 32.04500  0.52618  0.52643 
 32.14500  0.47469  0.47443 
 32.24500  0.42327  0.42288 
 32.34500  0.37302  0.37264 
 32.44500  0.32468  0.32444 
 32.54500  0.27908  0.27904 
 32.64500  0.23683  0.23697 
 32.74500  0.19842  0.19864 
 32.84500  0.16413  0.16431 
 32.94500  0.13404  0.13408 
 33.04500  0.10798  0.10794 
 33.14500  0.08582  0.08567 
 33.24500  0.06720  0.06707 
 33.34500  0.05191  0.05176 
 33.44500  0.03955  0.03945 
 33.54500  0.02975  0.02968 
 33.64500  0.02220  0.02216 
 33.74500  0.01651  0.01651 
 33.84500  0.01246  0.01244 
 33.94500  0.00975  0.00975 
 34.04500  0.00824  0.00820 
 34.14500  0.00777  0.00777 
 34.24500  0.00840  0.00839 
 34.34500  0.01010  0.01007 
 34.44500  0.01300  0.01301 
 34.54500  0.01730  0.01729 
 34.64500  0.02326  0.02322 
 34.74500  0.03113  0.03106 
 34.84500  0.04131  0.04119 
 34.94500  0.05411  0.05397 
 35.04500  0.06989  0.06976 
 35.14500  0.08904  0.08892 
 35.24500  0.11180  0.11178 
 35.34500  0.13849  0.13856 
 35.44500  0.16926  0.16943 
 35.54500  0.20418  0.20439 
 35.64500  0.24319  0.24332 
 35.74500  0.28602  0.28594 
 35.84500  0.33211  0.33186 
 35.94500  0.38079  0.38040 
 36.04500  0.43128  0.43092 
 36.14500  0.48277  0.48260 
 36.24500  0.53426  0.53457 
 36.34500  0.58556  0.58596 
 36.44500  0.63553  0.63591 
 36.54500  0.68345  0.68368 
 36.64500  0.72852  0.72853 
 36.74500  0.77013  0.76996 
 36.84500  0.80782  0.80762 
 36.94500  0.84139  0.84124 
 37.04500  0.87079  0.87076 
 37.14500  0.89616  0.89623 
 37.24500  0.91770  0.91784 
 37.34500  0.93571  0.93586 
 37.44500  0.95053  0.95069 
 37.54500  0.96249  0.96261 
 37.64500  0.97199  0.97205 
 37.74500  0.97936  0.97939 
 37.84500  0.98497  0.98500 
 37.94500  0.98914  0.98917 
 38.04500  0.99218  0.99220 
 38.14500  0.99427  0.99430 
 38.24500  0.99559  0.99563 
 38.34500  0.99627  0.99630 
 38.44500  0.99639  0.99642 
 38.54500  0.99591  0.99594 
 38.64500  0.99484  0.99486 
 38.74500  0.99303  0.99306 
 38.84500  0.99038  0.99041 
 38.94500  0.98665  0.98668 
 39.04500  0.98161  0.98163 
 39.14500  0.97489  0.97498 
 39.24500  0.96627  0.96635 
 39.34500  0.95525  0.95537 
 39.44500  0.94153  0.94169 
 39.54500  0.92474  0.92490 
 39.64500  0.90454  0.90465 
 39.74500  0.88060  0.88061 
 39.84500  0.85271  0.85260 
 39.94500  0.82070  0.82050 
 40.04500  0.78450  0.78433 
 40.14500  0.74429  0.74423 
 40.24500  0.70045  0.70059 
 40.34500  0.65350  0.65381 
 40.44500  0.60417  0.60459 
 40.54500  0.55330  0.55363 
 40.64500  0.50175  0.50180 
 40.74500  0.45021  0.44989 
 40.84500  0.39923  0.39883 
 40.94500  0.34978  0.34946 
 41.04500  0.30267  0.30253 
 41.14500  0.25858  0.25864 
 41.24500  0.21813  0.21828 
 41.34500  0.18166  0.18186 
 41.44500  0.14936  0.14947 
 41.54500  0.12116  0.12118 
 41.64500  0.09700  0.09690 
 41.74500  0.07655  0.07639 
 41.84500  0.05958  0.05942 
 41.94500  0.04570  0.04559 
 42.04500  0.03460  0.03452 
 42.14500  0.02591  0.02588 
 42.24500  0.01929  0.01927 
 42.34500  0.01441  0.01439 
 42.44500  0.01103  0.01102 
 42.54500  0.00889  0.00888 
 42.64500  0.00788  0.00787 
 42.74500  0.00794  0.00794 
 42.84500  0.00906  0.00907 
 42.94500  0.01134  0.01130 
 43.04500  0.01485  0.01485 
 43.14500  0.01991  0.01987 
 43.24500  0.02672  0.02668 
 43.34500  0.03563  0.03557 
 43.44500  0.04703  0.04690 
 43.54500  0.06121  0.06104 
 43.64500  0.07853  0.07839 
 43.74500  0.09937  0.09930 
 43.84500  0.12397  0.12399 
 43.94500  0.15254  0.15270 
 44.04500  0.18532  0.18552 
 44.14500  0.22222  0.22239 
 44.24500  0.26307  0.26311 
 44.34500  0.30750  0.30736 
 44.44500  0.35492  0.35458 
 44.54500  0.40456  0.40416 
 44.64500  0.45564  0.45536 
 44.74500  0.50720  0.50730 
 44.84500  0.55872  0.55908 
 44.94500  0.60947  0.60990 
 45.04500  0.65859  0.65889 
 45.14500  0.70523  0.70533 
 45.24500  0.74871  0.74864 
 45.34500  0.78852  0.78833 
 45.44500  0.82427  0.82409 
 45.54500  0.85585  0.85574 
 45.64500  0.88331  0.88334 
 45.74500  0.90682  0.90696 
 45.84500  0.92665  0.92682 
 45.94500  0.94310  0.94325 
 46.04500  0.95648  0.95661 
 46.14500  0.96719  0.96727 
 46.24500  0.97557  0.97562 
 46.34500  0.98199  0.98202 
 46.44500  0.98677  0.98677 
 46.54500  0.99017  0.99021 
 46.64500  0.99245  0.99246 
 46.74500  0.99376  0.99379 
 46.84500  0.99421  0.99424 
 46.94500  0.99381  0.99384 
 47.04500  0.99258  0.99260 
 47.14500  0.99034  0.99038 
 47.24500  0.98703  0.98704 
 47.34500  0.98236  0.98235 
 47.44500  0.97605  0.97609 
 47.54500  0.96779  0.96788 
 47.64500  0.95726  0.95738 
 47.74500  0.94406  0.94421 
 47.84500  0.92781  0.92798 
 47.94500  0.90824  0.90835 
 48.04500  0.88496  0.88498 
 48.14500  0.85774  0.85767 
 48.24500  0.82642  0.82628 
 48.34500  0.79096  0.79078 
 48.44500  0.75144  0.75131 
 48.54500  0.70815  0.70825 
 48.64500  0.66171  0.66198 
 48.74500  0.61274  0.61314 
 48.84500  0.56205  0.56242 
 48.94500  0.51055  0.51065 
 49.04500  0.45900  0.45870 
 49.14500  0.40784  0.40746 
 49.24500  0.35809  0.35774 
 49.34500  0.31051  0.31033 
 49.44500  0.26585  0.26588 
 49.54500  0.22475  0.22491 
 49.64500  0.18757  0.18779 
 49.74500  0.15456  0.15469 
 49.84500  0.12569  0.12570 
 49.94500  0.10082  0.10075 
 50.04500  0.07973  0.07959 
 50.14500  0.06215  0.06202 
 50.24500  0.04773  0.04760 
 50.34500  0.03612  0.03602 
 50.44500  0.02689  0.02685 
 50.54500  0.01972  0.01971 
 50.64500  0.01427  0.01425 
 50.74500  0.01017  0.01018 
 50.84500  0.00716  0.00715 
 50.94500  0.00496  0.00495 
 51.04500  0.00343  0.00342 
 51.14500  0.00237  0.00237 
 51.24500  0.00170  0.00168 
 51.34500  0.00130  0.00129 
 51.44500  0.00116  0.00113 
 51.54500  0.00123  0.00123 
 51.64500  0.00157  0.00154 
 51.74500  0.00213  0.00213 
 51.84500  0.00307  0.00307 
 51.94500  0.00445  0.00444 
 52.04500  0.00643  0.00640 
 52.14500  0.00919  0.00919 
 52.24500  0.01292  0.01291 
 52.34500  0.01794  0.01794 
 52.44500  0.02456  0.02452 
 52.54500  0.03311  0.03304 
 52.64500  0.04401  0.04389 
 52.74500  0.05756  0.05739 
 52.84500  0.07414  0.07401 
 52.94500  0.09414  0.09406 
 53.04500  0.11786  0.11786 
 53.14500  0.14550  0.14562 
 53.24500  0.17728  0.17749 
 53.34500  0.21322  0.21343 
 53.44500  0.25319  0.25329 
 53.54500  0.29685  0.29674 
 53.64500  0.34364  0.34334 
 53.74500  0.39283  0.39245 
 53.84500  0.44364  0.44331 
 53.94500  0.49518  0.49513 
 54.04500  0.54673  0.54705 
 54.14500  0.59775  0.59819 
 54.24500  0.64733  0.64767 
 54.34500  0.69461  0.69477 
 54.44500  0.73889  0.73885 
 54.54500  0.77959  0.77941 
 54.64500  0.81631  0.81611 
 54.74500  0.84886  0.84873 
 54.84500  0.87727  0.87727 
 54.94500  0.90170  0.90179 
 55.04500  0.92235  0.92252 
 55.14500  0.93960  0.93974 
 55.24500  0.95367  0.95382 
 55.34500  0.96500  0.96512 
 55.44500  0.97398  0.97403 
 55.54500  0.98094  0.98095 
 55.64500  0.98623  0.98624 
 55.74500  0.99020  0.99021 
 55.84500  0.99310  0.99312 
 55.94500  0.99521  0.99523 
 56.04500  0.99667  0.99670 
 56.14500  0.99767  0.99769 
 56.24500  0.99828  0.99832 
 56.34500  0.99861  0.99864 
 56.44500  0.99870  0.99870 
 56.54500  0.99850  0.99854 
 56.64500  0.99808  0.99811 
 56.74500  0.99732  0.99734 
 56.84500  0.99615  0.99617 
 56.94500  0.99443  0.99447 
 57.04500  0.99202  0.99207 
 57.14500  0.98874  0.98876 
 57.24500  0.98427  0.98430 
 57.34500  0.97834  0.97837 
 57.44500  0.97063  0.97070 
 57.54500  0.96075  0.96085 
 57.64500  0.94833  0.94848 
 57.74500  0.93301  0.93319 
 57.84500  0.91447  0.91458 
 57.94500  0.89230  0.89236 
 58.04500  0.86630  0.86623 
 58.14500  0.83622  0.83605 
 58.24500  0.80196  0.80176 
 58.34500  0.76363  0.76350 
 58.44500  0.72142  0.72145 
 58.54500  0.67584  0.67606 
 58.64500  0.62754  0.62793 
 58.74500  0.57728  0.57769 
 58.84500  0.52588  0.52615 
 58.94500  0.47440  0.47413 
 59.04500  0.42297  0.42261 
 59.14500  0.37272  0.37236 
 59.24500  0.32441  0.32417 
 59.34500  0.27881  0.27879 
 59.44500  0.23659  0.23675 
 59.54500  0.19823  0.19844 
 59.64500  0.16397  0.16412 
 59.74500  0.13386  0.13392 
 59.84500  0.10782  0.10777 
 59.94500  0.08563  0.08554 
 60.04500  0.06707  0.06690 
 60.14500  0.05171  0.05160 
 60.24500  0.03931  0.03920 
 60.34500  0.02940  0.02935 
 60.44500  0.02168  0.02163 
 60.54500  0.01574  0.01573 
 60.64500  0.01125  0.01125 
 60.74500  0.00794  0.00793 
 60.84500  0.00551  0.00551 
 60.94500  0.00376  0.00376 
 61.04500  0.00254  0.00255 
 61.14500  0.00169  0.00167 
 61.24500  0.00110  0.00110 
 61.34500  0.00072  0.00070 
 61.44500  0.00043  0.00044 
 61.54500  0.00027  0.00027 
 61.64500  0.00017  0.00017 
 61.74500  0.00010  0.00010 
 61.84500  0.00006  0.00008 
 61.94500  0.00004  0.00000 
 62.04500  0.00002  0.00000 
 62.14500  0.00000  0.00000 
 62.24500 -0.00000  0.00000 
 62.34500 -0.00001  0.00000 
 62.44500 -0.00001  0.00000 
 62.54500 -0.00001  0.00000 
 62.64500  0.00000  0.00000 
 62.74500  0.00000  0.00000 
 62.84500 -0.00000  0.00000 
 62.94500  0.00001  0.00000 
 63.04500  0.00001  0.00000 
 63.14500  0.00000  0.00000 
 63.24500  0.00000  0.00000 
 63.34500  0.00000  0.00000 
 63.44500 -0.00000  0.00000 
 63.54500 -0.00000  0.00000 
 63.64500 -0.00000  0.00000 
