  0.04500  0.68816  0.68816 
  0.14500  0.68807  0.68809 
  0.24500  0.68795  0.68796 
  0.34500  0.68775  0.68777 
  0.44500  0.68750  0.68751 
  0.54500  0.68718  0.68718 
  0.64500  0.68679  0.68681 
  0.74500  0.68635  0.68635 
  0.84500  0.68583  0.68585 
  0.94500  0.68526  0.68527 
  1.04500  0.68462  0.68463 
  1.14500  0.68393  0.68394 
  1.24500  0.68318  0.68318 
  1.34500  0.68235  0.68237 
  1.44500  0.68147  0.68149 
  1.54500  0.68055  0.68055 
  1.64500  0.67956  0.67955 
  1.74500  0.67852  0.67853 
  1.84500  0.67741  0.67742 
  1.94500  0.67628  0.67628 
  2.04500  0.67507  0.67507 
  2.14500  0.67384  0.67382 
  2.24500  0.67252  0.67253 
  2.34500  0.67118  0.67118 
  2.44500  0.66978  0.66978 
  2.54500  0.66835  0.66835 
  2.64500  0.66687  0.66685 
  2.74500  0.66536  0.66535 
  2.84500  0.66379  0.66379 
  2.94500  0.66221  0.66220 
  3.04500  0.66057  0.66057 
  3.14500  0.65891  0.65891 
  3.24500  0.65722  0.65721 
  3.34500  0.65549  0.65548 
  3.44500  0.65373  0.65372 
  3.54500  0.65195  0.65194 
  3.64500  0.65014  0.65014 
  3.74500  0.64832  0.64830 
  3.84500  0.64647  0.64645 
  3.94500  0.64460  0.64458 
  4.04500  0.64272  0.64269 
  4.14500  0.64082  0.64079 
  4.24500  0.63891  0.63888 
  4.34500  0.63696  0.63693 
  4.44500  0.63500  0.63500 
  4.54500  0.63301  0.63304 
  4.64500  0.63117  0.63110 
  4.74500  0.62917  0.62910 
  4.84500  0.62718  0.62717 
  4.94500  0.62520  0.62520 
  5.04500  0.62323  0.62320 
  5.14500  0.62126  0.62124 
  5.24500  0.61930  0.61930 
  5.34500  0.61736  0.61730 
  5.44500  0.61540  0.61537 
  5.54500  0.61344  0.61340 
  5.64500  0.61150  0.61147 
  5.74500  0.60957  0.60952 
  5.84500  0.60765  0.60760 
  5.94500  0.60573  0.60570 
  6.04500  0.60384  0.60381 
  6.14500  0.60194  0.60192 
  6.24500  0.60009  0.60005 
  6.34500  0.59822  0.59820 
  6.44500  0.59639  0.59636 
  6.54500  0.59459  0.59455 
  6.64500  0.59278  0.59275 
  6.74500  0.59100  0.59098 
  6.84500  0.58926  0.58922 
  6.94500  0.58753  0.58749 
  7.04500  0.58581  0.58577 
  7.14500  0.58412  0.58408 
  7.24500  0.58245  0.58242 
  7.34500  0.58081  0.58077 
  7.44500  0.57919  0.57916 
  7.54500  0.57761  0.57757 
  7.64500  0.57603  0.57599 
  7.74500  0.57448  0.57445 
  7.84500  0.57297  0.57295 
  7.94500  0.57149  0.57145 
  8.04500  0.57001  0.56997 
  8.14500  0.56858  0.56853 
  8.24500  0.56716  0.56713 
  8.34500  0.56576  0.56574 
  8.44500  0.56439  0.56437 
  8.54500  0.56306  0.56303 
  8.64500  0.56177  0.56174 
  8.74500  0.56051  0.56045 
  8.84500  0.55929  0.55920 
  8.94500  0.55794  0.55796 
  9.04500  0.55676  0.55676 
  9.14500  0.55560  0.55559 
  9.24500  0.55448  0.55442 
  9.34500  0.55335  0.55330 
  9.44500  0.55224  0.55220 
  9.54500  0.55115  0.55113 
  9.64500  0.55009  0.55005 
  9.74500  0.54906  0.54905 
  9.84500  0.54804  0.54805 
  9.94500  0.54707  0.54705 
 10.04500  0.54612  0.54605 
 10.14500  0.54517  0.54514 
 10.24500  0.54424  0.54421 
 10.34500  0.54335  0.54331 
 10.44500  0.54246  0.54243 
 10.54500  0.54161  0.54158 
 10.64500  0.54076  0.54073 
 10.74500  0.53994  0.53992 
 10.84500  0.53915  0.53912 
 10.94500  0.53837  0.53834 
 11.04500  0.53760  0.53757 
 11.14500  0.53686  0.53684 
 11.24500  0.53614  0.53611 
 11.34500  0.53542  0.53540 
 11.44500  0.53474  0.53470 
 11.54500  0.53405  0.53403 
 11.64500  0.53339  0.53337 
 11.74500  0.53274  0.53271 
 11.84500  0.53211  0.53209 
 11.94500  0.53150  0.53147 
 12.04500  0.53089  0.53087 
 12.14500  0.53030  0.53027 
 12.24500  0.52973  0.52970 
 12.34500  0.52916  0.52914 
 12.44500  0.52860  0.52858 
 12.54500  0.52808  0.52805 
 12.64500  0.52754  0.52751 
 12.74500  0.52703  0.52700 
 12.84500  0.52653  0.52650 
 12.94500  0.52604  0.52600 
 13.04500  0.52557  0.52553 
 13.14500  0.52509  0.52505 
 13.24500  0.52463  0.52460 
 13.34500  0.52416  0.52414 
 13.44500  0.52372  0.52371 
 13.54500  0.52323  0.52328 
 13.64500  0.52293  0.52286 
 13.74500  0.52250  0.52244 
 13.84500  0.52207  0.52204 
 13.94500  0.52166  0.52164 
 14.04500  0.52127  0.52126 
 14.14500  0.52090  0.52089 
 14.24500  0.52054  0.52052 
 14.34500  0.52019  0.52015 
 14.44500  0.51984  0.51981 
 14.54500  0.51949  0.51945 
 14.64500  0.51915  0.51912 
 14.74500  0.51883  0.51879 
 14.84500  0.51850  0.51848 
 14.94500  0.51819  0.51816 
 15.04500  0.51788  0.51786 
 15.14500  0.51759  0.51756 
 15.24500  0.51729  0.51727 
 15.34500  0.51701  0.51699 
 15.44500  0.51674  0.51671 
 15.54500  0.51646  0.51644 
 15.64500  0.51621  0.51618 
 15.74500  0.51595  0.51592 
 15.84500  0.51570  0.51568 
 15.94500  0.51545  0.51542 
 16.04500  0.51522  0.51520 
 16.14500  0.51499  0.51497 
 16.24500  0.51477  0.51474 
 16.34500  0.51454  0.51453 
 16.44500  0.51433  0.51431 
 16.54500  0.51413  0.51411 
 16.64500  0.51394  0.51391 
 16.74500  0.51374  0.51372 
 16.84500  0.51356  0.51354 
 16.94500  0.51338  0.51335 
 17.04500  0.51320  0.51318 
 17.14500  0.51304  0.51302 
 17.24500  0.51287  0.51285 
 17.34500  0.51271  0.51269 
 17.44500  0.51254  0.51254 
 17.54500  0.51240  0.51239 
 17.64500  0.51226  0.51225 
 17.74500  0.51216  0.51213 
 17.84500  0.51207  0.51198 
 17.94500  0.51185  0.51187 
 18.04500  0.51173  0.51175 
 18.14500  0.51165  0.51164 
 18.24500  0.51156  0.51153 
 18.34500  0.51146  0.51143 
 18.44500  0.51135  0.51133 
 18.54500  0.51126  0.51124 
 18.64500  0.51117  0.51116 
 18.74500  0.51110  0.51108 
 18.84500  0.51100  0.51100 
 18.94500  0.51093  0.51092 
 19.04500  0.51089  0.51088 
 19.14500  0.51081  0.51080 
 19.24500  0.51077  0.51076 
 19.34500  0.51073  0.51070 
 19.44500  0.51066  0.51069 
 19.54500  0.51063  0.51060 
 19.64500  0.51062  0.51060 
 19.74500  0.51060  0.51060 
 19.84500  0.51059  0.51059 
 19.94500  0.51057  0.51050 
 20.04500  0.51057  0.51050 
 20.14500  0.51055  0.51050 
 20.24500  0.51057  0.51050 
 20.34500  0.51055  0.51058 
 20.44500  0.51059  0.51060 
 20.54500  0.51059  0.51060 
 20.64500  0.51065  0.51060 
 20.74500  0.51069  0.51070 
 20.84500  0.51074  0.51070 
 20.94500  0.51078  0.51079 
 21.04500  0.51084  0.51082 
 21.14500  0.51090  0.51090 
 21.24500  0.51099  0.51098 
 21.34500  0.51107  0.51106 
 21.44500  0.51116  0.51115 
 21.54500  0.51127  0.51125 
 21.64500  0.51137  0.51135 
 21.74500  0.51149  0.51147 
 21.84500  0.51161  0.51159 
 21.94500  0.51176  0.51173 
 22.04500  0.51189  0.51186 
 22.14500  0.51204  0.51202 
 22.24500  0.51216  0.51216 
 22.34500  0.51231  0.51234 
 22.44500  0.51259  0.51252 
 22.54500  0.51275  0.51270 
 22.64500  0.51291  0.51289 
 22.74500  0.51311  0.51310 
 22.84500  0.51331  0.51331 
 22.94500  0.51354  0.51353 
 23.04500  0.51378  0.51377 
 23.14500  0.51402  0.51400 
 23.24500  0.51428  0.51425 
 23.34500  0.51453  0.51450 
 23.44500  0.51481  0.51478 
 23.54500  0.51508  0.51506 
 23.64500  0.51536  0.51534 
 23.74500  0.51565  0.51564 
 23.84500  0.51596  0.51594 
 23.94500  0.51627  0.51625 
 24.04500  0.51659  0.51658 
 24.14500  0.51692  0.51692 
 24.24500  0.51726  0.51725 
 24.34500  0.51760  0.51758 
 24.44500  0.51796  0.51795 
 24.54500  0.51832  0.51830 
 24.64500  0.51869  0.51867 
 24.74500  0.51907  0.51905 
 24.84500  0.51946  0.51944 
 24.94500  0.51984  0.51982 
 25.04500  0.52024  0.52022 
 25.14500  0.52064  0.52062 
 25.24500  0.52104  0.52103 
 25.34500  0.52146  0.52144 
 25.44500  0.52188  0.52187 
 25.54500  0.52230  0.52228 
 25.64500  0.52273  0.52271 
 25.74500  0.52315  0.52314 
 25.84500  0.52359  0.52358 
 25.94500  0.52403  0.52401 
 26.04500  0.52447  0.52446 
 26.14500  0.52491  0.52490 
 26.24500  0.52535  0.52533 
 26.34500  0.52579  0.52578 
 26.44500  0.52622  0.52622 
 26.54500  0.52667  0.52667 
 26.64500  0.52711  0.52711 
 26.74500  0.52758  0.52756 
 26.84500  0.52806  0.52800 
 26.94500  0.52841  0.52843 
 27.04500  0.52885  0.52888 
 27.14500  0.52931  0.52931 
 27.24500  0.52976  0.52973 
 27.34500  0.53019  0.53017 
 27.44500  0.53060  0.53059 
 27.54500  0.53101  0.53101 
 27.64500  0.53143  0.53142 
 27.74500  0.53183  0.53182 
 27.84500  0.53222  0.53222 
 27.94500  0.53262  0.53262 
 28.04500  0.53300  0.53300 
 28.14500  0.53338  0.53339 
 28.24500  0.53375  0.53375 
 28.34500  0.53411  0.53412 
 28.44500  0.53446  0.53446 
 28.54500  0.53480  0.53482 
 28.64500  0.53513  0.53515 
 28.74500  0.53546  0.53547 
 28.84500  0.53578  0.53578 
 28.94500  0.53608  0.53608 
 29.04500  0.53636  0.53637 
 29.14500  0.53665  0.53665 
 29.24500  0.53691  0.53692 
 29.34500  0.53717  0.53718 
 29.44500  0.53741  0.53742 
 29.54500  0.53765  0.53766 
 29.64500  0.53787  0.53788 
 29.74500  0.53808  0.53809 
 29.84500  0.53828  0.53828 
 29.94500  0.53845  0.53846 
 30.04500  0.53864  0.53864 
 30.14500  0.53877  0.53879 
 30.24500  0.53894  0.53894 
 30.34500  0.53906  0.53906 
 30.44500  0.53918  0.53918 
 30.54500  0.53928  0.53929 
 30.64500  0.53939  0.53939 
 30.74500  0.53947  0.53947 
 30.84500  0.53953  0.53952 
 30.94500  0.53957  0.53960 
 31.04500  0.53964  0.53960 
 31.14500  0.53966  0.53969 
 31.24500  0.53966  0.53970 
 31.34500  0.53968  0.53970 
 31.44500  0.53969  0.53970 
 31.54500  0.53967  0.53969 
 31.64500  0.53964  0.53960 
 31.74500  0.53960  0.53960 
 31.84500  0.53954  0.53953 
 31.94500  0.53945  0.53949 
 32.04500  0.53933  0.53940 
 32.14500  0.53941  0.53932 
 32.24500  0.53924  0.53923 
 32.34500  0.53913  0.53913 
 32.44500  0.53901  0.53902 
 32.54500  0.53888  0.53890 
 32.64500  0.53876  0.53876 
 32.74500  0.53863  0.53864 
 32.84500  0.53849  0.53848 
 32.94500  0.53834  0.53834 
 33.04500  0.53817  0.53816 
 33.14500  0.53800  0.53800 
 33.24500  0.53783  0.53783 
 33.34500  0.53765  0.53765 
 33.44500  0.53746  0.53745 
 33.54500  0.53727  0.53727 
 33.64500  0.53707  0.53707 
 33.74500  0.53686  0.53685 
 33.84500  0.53664  0.53664 
 33.94500  0.53643  0.53643 
 34.04500  0.53621  0.53621 
 34.14500  0.53598  0.53598 
 34.24500  0.53576  0.53575 
 34.34500  0.53552  0.53552 
 34.44500  0.53528  0.53528 
 34.54500  0.53504  0.53505 
 34.64500  0.53481  0.53480 
 34.74500  0.53455  0.53455 
 34.84500  0.53430  0.53430 
 34.94500  0.53405  0.53405 
 35.04500  0.53380  0.53380 
 35.14500  0.53354  0.53354 
 35.24500  0.53328  0.53328 
 35.34500  0.53302  0.53302 
 35.44500  0.53275  0.53275 
 35.54500  0.53248  0.53249 
 35.64500  0.53222  0.53222 
 35.74500  0.53194  0.53195 
 35.84500  0.53166  0.53168 
 35.94500  0.53141  0.53141 
 36.04500  0.53117  0.53113 
 36.14500  0.53090  0.53086 
 36.24500  0.53053  0.53059 
 36.34500  0.53028  0.53031 
 36.44500  0.53003  0.53003 
 36.54500  0.52976  0.52975 
 36.64500  0.52947  0.52947 
 36.74500  0.52919  0.52919 
 36.84500  0.52890  0.52890 
 36.94500  0.52861  0.52863 
 37.04500  0.52832  0.52834 
 37.14500  0.52803  0.52806 
 37.24500  0.52775  0.52776 
 37.34500  0.52746  0.52747 
 37.44500  0.52718  0.52719 
 37.54500  0.52689  0.52689 
 37.64500  0.52659  0.52660 
 37.74500  0.52630  0.52630 
 37.84500  0.52599  0.52601 
 37.94500  0.52570  0.52571 
 38.04500  0.52540  0.52541 
 38.14500  0.52511  0.52511 
 38.24500  0.52480  0.52481 
 38.34500  0.52449  0.52451 
 38.44500  0.52419  0.52420 
 38.54500  0.52388  0.52389 
 38.64500  0.52357  0.52358 
 38.74500  0.52326  0.52328 
 38.84500  0.52294  0.52296 
 38.94500  0.52263  0.52265 
 39.04500  0.52232  0.52232 
 39.14500  0.52200  0.52202 
 39.24500  0.52167  0.52168 
 39.34500  0.52135  0.52136 
 39.44500  0.52103  0.52105 
 39.54500  0.52069  0.52072 
 39.64500  0.52037  0.52038 
 39.74500  0.52003  0.52005 
 39.84500  0.51970  0.51972 
 39.94500  0.51937  0.51938 
 40.04500  0.51902  0.51903 
 40.14500  0.51869  0.51868 
 40.24500  0.51834  0.51835 
 40.34500  0.51800  0.51799 
 40.44500  0.51762  0.51765 
 40.54500  0.51724  0.51728 
 40.64500  0.51692  0.51694 
 40.74500  0.51661  0.51657 
 40.84500  0.51622  0.51621 
 40.94500  0.51583  0.51585 
 41.04500  0.51546  0.51548 
 41.14500  0.51509  0.51511 
 41.24500  0.51473  0.51474 
 41.34500  0.51436  0.51436 
 41.44500  0.51399  0.51399 
 41.54500  0.51361  0.51361 
 41.64500  0.51322  0.51323 
 41.74500  0.51284  0.51284 
 41.84500  0.51245  0.51246 
 41.94500  0.51206  0.51206 
 42.04500  0.51167  0.51166 
 42.14500  0.51126  0.51128 
 42.24500  0.51087  0.51088 
 42.34500  0.51048  0.51048 
 42.44500  0.51006  0.51008 
 42.54500  0.50966  0.50966 
 42.64500  0.50925  0.50926 
 42.74500  0.50885  0.50885 
 42.84500  0.50843  0.50843 
 42.94500  0.50801  0.50802 
 43.04500  0.50759  0.50760 
 43.14500  0.50717  0.50718 
 43.24500  0.50676  0.50677 
 43.34500  0.50633  0.50633 
 43.44500  0.50591  0.50591 
 43.54500  0.50547  0.50548 
 43.64500  0.50505  0.50505 
 43.74500  0.50462  0.50462 
 43.84500  0.50419  0.50419 
 43.94500  0.50375  0.50375 
 44.04500  0.50331  0.50332 
 44.14500  0.50287  0.50288 
 44.24500  0.50242  0.50243 
 44.34500  0.50197  0.50200 
 44.44500  0.50154  0.50156 
 44.54500  0.50112  0.50111 
 44.64500  0.50070  0.50067 
 44.74500  0.50019  0.50022 
 44.84500  0.49974  0.49978 
 44.94500  0.49931  0.49933 
 45.04500  0.49888  0.49888 
 45.14500  0.49844  0.49843 
 45.24500  0.49799  0.49799 
 45.34500  0.49753  0.49753 
 45.44500  0.49708  0.49709 
 45.54500  0.49663  0.49664 
 45.64500  0.49617  0.49619 
 45.74500  0.49573  0.49574 
 45.84500  0.49528  0.49530 
 45.94500  0.49483  0.49485 
 46.04500  0.49440  0.49440 
 46.14500  0.49394  0.49396 
 46.24500  0.49351  0.49351 
 46.34500  0.49307  0.49308 
 46.44500  0.49262  0.49263 
 46.54500  0.49218  0.49219 
 46.64500  0.49174  0.49176 
 46.74500  0.49131  0.49132 
 46.84500  0.49088  0.49089 
 46.94500  0.49044  0.49047 
 47.04500  0.49002  0.49003 
 47.14500  0.48959  0.48961 
 47.24500  0.48917  0.48919 
 47.34500  0.48876  0.48877 
 47.44500  0.48834  0.48835 
 47.54500  0.48794  0.48794 
 47.64500  0.48752  0.48753 
 47.74500  0.48711  0.48712 
 47.84500  0.48671  0.48672 
 47.94500  0.48631  0.48633 
 48.04500  0.48591  0.48594 
 48.14500  0.48553  0.48554 
 48.24500  0.48514  0.48516 
 48.34500  0.48476  0.48477 
 48.44500  0.48440  0.48440 
 48.54500  0.48402  0.48403 
 48.64500  0.48365  0.48365 
 48.74500  0.48328  0.48329 
 48.84500  0.48289  0.48294 
 48.94500  0.48253  0.48258 
 49.04500  0.48226  0.48222 
 49.14500  0.48187  0.48188 
 49.24500  0.48151  0.48152 
 49.34500  0.48116  0.48118 
 49.44500  0.48082  0.48085 
 49.54500  0.48049  0.48052 
 49.64500  0.48017  0.48018 
 49.74500  0.47984  0.47985 
 49.84500  0.47952  0.47952 
 49.94500  0.47919  0.47922 
 50.04500  0.47887  0.47888 
 50.14500  0.47855  0.47856 
 50.24500  0.47822  0.47825 
 50.34500  0.47791  0.47792 
 50.44500  0.47759  0.47761 
 50.54500  0.47727  0.47728 
 50.64500  0.47696  0.47697 
 50.74500  0.47662  0.47665 
 50.84500  0.47630  0.47632 
 50.94500  0.47598  0.47600 
 51.04500  0.47566  0.47568 
 51.14500  0.47532  0.47535 
 51.24500  0.47499  0.47502 
 51.34500  0.47464  0.47466 
 51.44500  0.47430  0.47432 
 51.54500  0.47394  0.47396 
 51.64500  0.47357  0.47361 
 51.74500  0.47321  0.47324 
 51.84500  0.47284  0.47286 
 51.94500  0.47245  0.47247 
 52.04500  0.47205  0.47208 
 52.14500  0.47165  0.47167 
 52.24500  0.47123  0.47123 
 52.34500  0.47078  0.47081 
 52.44500  0.47033  0.47036 
 52.54500  0.46987  0.46990 
 52.64500  0.46938  0.46940 
 52.74500  0.46889  0.46890 
 52.84500  0.46837  0.46840 
 52.94500  0.46784  0.46786 
 53.04500  0.46728  0.46730 
 53.14500  0.46671  0.46673 
 53.24500  0.46609  0.46613 
 53.34500  0.46548  0.46551 
 53.44500  0.46482  0.46487 
 53.54500  0.46414  0.46420 
 53.64500  0.46346  0.46349 
 53.74500  0.46275  0.46277 
 53.84500  0.46203  0.46203 
 53.94500  0.46122  0.46124 
 54.04500  0.46036  0.46043 
 54.14500  0.45953  0.45960 
 54.24500  0.45872  0.45873 
 54.34500  0.45783  0.45783 
 54.44500  0.45686  0.45689 
 54.54500  0.45590  0.45595 
 54.64500  0.45490  0.45495 
 54.74500  0.45385  0.45389 
 54.84500  0.45278  0.45283 
 54.94500  0.45168  0.45171 
 55.04500  0.45054  0.45059 
 55.14500  0.44936  0.44940 
 55.24500  0.44814  0.44818 
 55.34500  0.44690  0.44693 
 55.44500  0.44560  0.44564 
 55.54500  0.44429  0.44431 
 55.64500  0.44291  0.44295 
 55.74500  0.44151  0.44154 
 55.84500  0.44007  0.44010 
 55.94500  0.43859  0.43865 
 56.04500  0.43707  0.43710 
 56.14500  0.43552  0.43556 
 56.24500  0.43393  0.43397 
 56.34500  0.43230  0.43235 
 56.44500  0.43064  0.43068 
 56.54500  0.42893  0.42897 
 56.64500  0.42720  0.42724 
 56.74500  0.42542  0.42547 
 56.84500  0.42362  0.42366 
 56.94500  0.42179  0.42183 
 57.04500  0.41992  0.41996 
 57.14500  0.41801  0.41806 
 57.24500  0.41607  0.41610 
 57.34500  0.41412  0.41418 
 57.44500  0.41213  0.41220 
 57.54500  0.41011  0.41014 
 57.64500  0.40806  0.40810 
 57.74500  0.40600  0.40602 
 57.84500  0.40390  0.40394 
 57.94500  0.40178  0.40183 
 58.04500  0.39965  0.39967 
 58.14500  0.39749  0.39754 
 58.24500  0.39534  0.39535 
 58.34500  0.39315  0.39317 
 58.44500  0.39096  0.39097 
 58.54500  0.38874  0.38876 
 58.64500  0.38650  0.38653 
 58.74500  0.38426  0.38430 
 58.84500  0.38198  0.38207 
 58.94500  0.37986  0.37982 
 59.04500  0.37758  0.37758 
 59.14500  0.37532  0.37534 
 59.24500  0.37307  0.37310 
 59.34500  0.37083  0.37087 
 59.44500  0.36861  0.36863 
 59.54500  0.36639  0.36641 
 59.64500  0.36419  0.36421 
 59.74500  0.36201  0.36201 
 59.84500  0.35982  0.35984 
 59.94500  0.35765  0.35766 
 60.04500  0.35551  0.35553 
 60.14500  0.35340  0.35341 
 60.24500  0.35131  0.35130 
 60.34500  0.34923  0.34924 
 60.44500  0.34721  0.34720 
 60.54500  0.34519  0.34520 
 60.64500  0.34323  0.34320 
 60.74500  0.34129  0.34130 
 60.84500  0.33939  0.33940 
 60.94500  0.33753  0.33754 
 61.04500  0.33573  0.33572 
 61.14500  0.33396  0.33395 
 61.24500  0.33223  0.33223 
 61.34500  0.33057  0.33055 
 61.44500  0.32893  0.32894 
 61.54500  0.32736  0.32736 
 61.64500  0.32585  0.32585 
 61.74500  0.32441  0.32438 
 61.84500  0.32300  0.32299 
 61.94500  0.32166  0.32164 
 62.04500  0.32037  0.32037 
 62.14500  0.31915  0.31915 
 62.24500  0.31802  0.31800 
 62.34500  0.31694  0.31694 
 62.44500  0.31591  0.31589 
 62.54500  0.31497  0.31495 
 62.64500  0.31408  0.31408 
 62.74500  0.31327  0.31326 
 62.84500  0.31255  0.31254 
 62.94500  0.31189  0.31188 
 63.04500  0.31130  0.31127 
 63.14500  0.31078  0.31076 
 63.24500  0.31035  0.31033 
 63.34500  0.30998  0.30996 
 63.44500  0.30969  0.30968 
 63.54500  0.30949  0.30946 
 63.64500  0.30935  0.30933 
