  0.04500  0.57789  0.57770 
  0.14500  0.57789  0.57770 
  0.24500  0.57790  0.57770 
  0.34500  0.57789  0.57770 
  0.44500  0.57791  0.57770 
  0.54500  0.57790  0.57770 
  0.64500  0.57784  0.57765 
  0.74500  0.57782  0.57760 
  0.84500  0.57779  0.57760 
  0.94500  0.57779  0.57760 
  1.04500  0.57779  0.57759 
  1.14500  0.57772  0.57750 
  1.24500  0.57769  0.57750 
  1.34500  0.57768  0.57749 
  1.44500  0.57764  0.57740 
  1.54500  0.57757  0.57740 
  1.64500  0.57756  0.57734 
  1.74500  0.57751  0.57730 
  1.84500  0.57745  0.57726 
  1.94500  0.57742  0.57720 
  2.04500  0.57734  0.57715 
  2.14500  0.57730  0.57710 
  2.24500  0.57722  0.57703 
  2.34500  0.57719  0.57700 
  2.44500  0.57709  0.57690 
  2.54500  0.57705  0.57685 
  2.64500  0.57697  0.57680 
  2.74500  0.57691  0.57670 
  2.84500  0.57684  0.57664 
  2.94500  0.57675  0.57657 
  3.04500  0.57668  0.57649 
  3.14500  0.57660  0.57640 
  3.24500  0.57651  0.57632 
  3.34500  0.57643  0.57624 
  3.44500  0.57635  0.57615 
  3.54500  0.57624  0.57606 
  3.64500  0.57615  0.57597 
  3.74500  0.57607  0.57587 
  3.84500  0.57597  0.57577 
  3.94500  0.57587  0.57567 
  4.04500  0.57576  0.57557 
  4.14500  0.57566  0.57547 
  4.24500  0.57555  0.57536 
  4.34500  0.57544  0.57525 
  4.44500  0.57532  0.57514 
  4.54500  0.57521  0.57503 
  4.64500  0.57510  0.57491 
  4.74500  0.57498  0.57478 
  4.84500  0.57485  0.57467 
  4.94500  0.57473  0.57455 
  5.04500  0.57461  0.57443 
  5.14500  0.57448  0.57429 
  5.24500  0.57435  0.57416 
  5.34500  0.57421  0.57404 
  5.44500  0.57408  0.57390 
  5.54500  0.57395  0.57376 
  5.64500  0.57380  0.57363 
  5.74500  0.57368  0.57347 
  5.84500  0.57353  0.57334 
  5.94500  0.57337  0.57319 
  6.04500  0.57323  0.57305 
  6.14500  0.57308  0.57290 
  6.24500  0.57295  0.57275 
  6.34500  0.57277  0.57260 
  6.44500  0.57262  0.57245 
  6.54500  0.57248  0.57228 
  6.64500  0.57230  0.57214 
  6.74500  0.57216  0.57196 
  6.84500  0.57199  0.57180 
  6.94500  0.57181  0.57165 
  7.04500  0.57166  0.57148 
  7.14500  0.57148  0.57131 
  7.24500  0.57133  0.57114 
  7.34500  0.57114  0.57096 
  7.44500  0.57097  0.57080 
  7.54500  0.57080  0.57062 
  7.64500  0.57062  0.57045 
  7.74500  0.57044  0.57026 
  7.84500  0.57026  0.57008 
  7.94500  0.57008  0.56990 
  8.04500  0.56989  0.56972 
  8.14500  0.56970  0.56954 
  8.24500  0.56952  0.56935 
  8.34500  0.56934  0.56916 
  8.44500  0.56914  0.56897 
  8.54500  0.56896  0.56878 
  8.64500  0.56876  0.56859 
  8.74500  0.56856  0.56839 
  8.84500  0.56837  0.56820 
  8.94500  0.56816  0.56801 
  9.04500  0.56796  0.56781 
  9.14500  0.56776  0.56761 
  9.24500  0.56757  0.56741 
  9.34500  0.56736  0.56721 
  9.44500  0.56716  0.56699 
  9.54500  0.56696  0.56679 
  9.64500  0.56675  0.56659 
  9.74500  0.56654  0.56638 
  9.84500  0.56633  0.56617 
  9.94500  0.56612  0.56597 
 10.04500  0.56590  0.56575 
 10.14500  0.56569  0.56553 
 10.24500  0.56548  0.56533 
 10.34500  0.56528  0.56511 
 10.44500  0.56506  0.56489 
 10.54500  0.56483  0.56468 
 10.64500  0.56463  0.56447 
 10.74500  0.56439  0.56424 
 10.84500  0.56418  0.56402 
 10.94500  0.56396  0.56380 
 11.04500  0.56373  0.56358 
 11.14500  0.56352  0.56336 
 11.24500  0.56329  0.56313 
 11.34500  0.56307  0.56291 
 11.44500  0.56284  0.56269 
 11.54500  0.56261  0.56247 
 11.64500  0.56239  0.56223 
 11.74500  0.56216  0.56201 
 11.84500  0.56193  0.56178 
 11.94500  0.56170  0.56155 
 12.04500  0.56147  0.56132 
 12.14500  0.56125  0.56110 
 12.24500  0.56101  0.56087 
 12.34500  0.56078  0.56062 
 12.44500  0.56055  0.56040 
 12.54500  0.56032  0.56017 
 12.64500  0.56008  0.55993 
 12.74500  0.55985  0.55970 
 12.84500  0.55961  0.55947 
 12.94500  0.55938  0.55922 
 13.04500  0.55914  0.55900 
 13.14500  0.55891  0.55876 
 13.24500  0.55867  0.55852 
 13.34500  0.55843  0.55829 
 13.44500  0.55820  0.55805 
 13.54500  0.55796  0.55781 
 13.64500  0.55773  0.55758 
 13.74500  0.55749  0.55733 
 13.84500  0.55724  0.55710 
 13.94500  0.55700  0.55686 
 14.04500  0.55676  0.55662 
 14.14500  0.55653  0.55638 
 14.24500  0.55629  0.55615 
 14.34500  0.55605  0.55590 
 14.44500  0.55581  0.55567 
 14.54500  0.55557  0.55542 
 14.64500  0.55533  0.55518 
 14.74500  0.55509  0.55495 
 14.84500  0.55485  0.55470 
 14.94500  0.55460  0.55446 
 15.04500  0.55436  0.55422 
 15.14500  0.55412  0.55398 
 15.24500  0.55388  0.55374 
 15.34500  0.55364  0.55350 
 15.44500  0.55340  0.55325 
 15.54500  0.55315  0.55302 
 15.64500  0.55292  0.55278 
 15.74500  0.55267  0.55253 
 15.84500  0.55242  0.55230 
 15.94500  0.55219  0.55205 
 16.04500  0.55195  0.55181 
 16.14500  0.55171  0.55158 
 16.24500  0.55147  0.55132 
 16.34500  0.55122  0.55109 
 16.44500  0.55099  0.55085 
 16.54500  0.55074  0.55060 
 16.64500  0.55051  0.55038 
 16.74500  0.55026  0.55012 
 16.84500  0.55002  0.54989 
 16.94500  0.54978  0.54965 
 17.04500  0.54954  0.54941 
 17.14500  0.54930  0.54918 
 17.24500  0.54906  0.54892 
 17.34500  0.54883  0.54870 
 17.44500  0.54857  0.54845 
 17.54500  0.54833  0.54822 
 17.64500  0.54810  0.54798 
 17.74500  0.54787  0.54774 
 17.84500  0.54763  0.54750 
 17.94500  0.54738  0.54727 
 18.04500  0.54714  0.54702 
 18.14500  0.54691  0.54680 
 18.24500  0.54668  0.54655 
 18.34500  0.54644  0.54632 
 18.44500  0.54621  0.54608 
 18.54500  0.54597  0.54585 
 18.64500  0.54573  0.54561 
 18.74500  0.54550  0.54538 
 18.84500  0.54526  0.54515 
 18.94500  0.54502  0.54491 
 19.04500  0.54480  0.54468 
 19.14500  0.54455  0.54445 
 19.24500  0.54432  0.54421 
 19.34500  0.54409  0.54398 
 19.44500  0.54386  0.54375 
 19.54500  0.54362  0.54352 
 19.64500  0.54339  0.54329 
 19.74500  0.54316  0.54306 
 19.84500  0.54293  0.54282 
 19.94500  0.54270  0.54260 
 20.04500  0.54246  0.54237 
 20.14500  0.54224  0.54213 
 20.24500  0.54201  0.54191 
 20.34500  0.54178  0.54168 
 20.44500  0.54155  0.54146 
 20.54500  0.54132  0.54122 
 20.64500  0.54109  0.54100 
 20.74500  0.54087  0.54078 
 20.84500  0.54065  0.54054 
 20.94500  0.54042  0.54032 
 21.04500  0.54019  0.54010 
 21.14500  0.53997  0.53988 
 21.24500  0.53974  0.53964 
 21.34500  0.53951  0.53942 
 21.44500  0.53929  0.53920 
 21.54500  0.53906  0.53898 
 21.64500  0.53884  0.53876 
 21.74500  0.53862  0.53853 
 21.84500  0.53840  0.53831 
 21.94500  0.53818  0.53809 
 22.04500  0.53795  0.53787 
 22.14500  0.53773  0.53766 
 22.24500  0.53751  0.53743 
 22.34500  0.53730  0.53721 
 22.44500  0.53708  0.53699 
 22.54500  0.53686  0.53678 
 22.64500  0.53664  0.53656 
 22.74500  0.53642  0.53634 
 22.84500  0.53620  0.53612 
 22.94500  0.53598  0.53591 
 23.04500  0.53576  0.53569 
 23.14500  0.53555  0.53547 
 23.24500  0.53534  0.53526 
 23.34500  0.53512  0.53504 
 23.44500  0.53490  0.53483 
 23.54500  0.53469  0.53461 
 23.64500  0.53448  0.53440 
 23.74500  0.53426  0.53419 
 23.84500  0.53404  0.53397 
 23.94500  0.53383  0.53376 
 24.04500  0.53361  0.53354 
 24.14500  0.53340  0.53333 
 24.24500  0.53319  0.53312 
 24.34500  0.53298  0.53291 
 24.44500  0.53276  0.53270 
 24.54500  0.53255  0.53249 
 24.64500  0.53234  0.53227 
 24.74500  0.53214  0.53207 
 24.84500  0.53192  0.53185 
 24.94500  0.53171  0.53164 
 25.04500  0.53149  0.53143 
 25.14500  0.53129  0.53123 
 25.24500  0.53108  0.53101 
 25.34500  0.53086  0.53081 
 25.44500  0.53066  0.53059 
 25.54500  0.53045  0.53039 
 25.64500  0.53024  0.53018 
 25.74500  0.53004  0.52997 
 25.84500  0.52982  0.52977 
 25.94500  0.52960  0.52955 
 26.04500  0.52940  0.52935 
 26.14500  0.52919  0.52913 
 26.24500  0.52899  0.52893 
 26.34500  0.52877  0.52873 
 26.44500  0.52857  0.52851 
 26.54500  0.52835  0.52831 
 26.64500  0.52815  0.52810 
 26.74500  0.52794  0.52789 
 26.84500  0.52774  0.52769 
 26.94500  0.52752  0.52748 
 27.04500  0.52732  0.52727 
 27.14500  0.52711  0.52707 
 27.24500  0.52691  0.52686 
 27.34500  0.52670  0.52665 
 27.44500  0.52648  0.52644 
 27.54500  0.52628  0.52623 
 27.64500  0.52607  0.52603 
 27.74500  0.52585  0.52582 
 27.84500  0.52565  0.52561 
 27.94500  0.52544  0.52541 
 28.04500  0.52524  0.52520 
 28.14500  0.52503  0.52499 
 28.24500  0.52481  0.52479 
 28.34500  0.52461  0.52457 
 28.44500  0.52440  0.52437 
 28.54500  0.52419  0.52416 
 28.64500  0.52398  0.52395 
 28.74500  0.52377  0.52374 
 28.84500  0.52356  0.52353 
 28.94500  0.52335  0.52332 
 29.04500  0.52314  0.52311 
 29.14500  0.52293  0.52291 
 29.24500  0.52272  0.52269 
 29.34500  0.52251  0.52249 
 29.44500  0.52230  0.52227 
 29.54500  0.52208  0.52207 
 29.64500  0.52187  0.52185 
 29.74500  0.52166  0.52164 
 29.84500  0.52145  0.52143 
 29.94500  0.52123  0.52121 
 30.04500  0.52102  0.52101 
 30.14500  0.52081  0.52079 
 30.24500  0.52060  0.52058 
 30.34500  0.52037  0.52037 
 30.44500  0.52017  0.52015 
 30.54500  0.51993  0.51993 
 30.64500  0.51974  0.51972 
 30.74500  0.51951  0.51950 
 30.84500  0.51930  0.51929 
 30.94500  0.51908  0.51907 
 31.04500  0.51887  0.51886 
 31.14500  0.51865  0.51863 
 31.24500  0.51842  0.51842 
 31.34500  0.51821  0.51820 
 31.44500  0.51798  0.51798 
 31.54500  0.51777  0.51776 
 31.64500  0.51754  0.51753 
 31.74500  0.51732  0.51732 
 31.84500  0.51710  0.51710 
 31.94500  0.51687  0.51688 
 32.04500  0.51663  0.51665 
 32.14500  0.51643  0.51642 
 32.24500  0.51621  0.51620 
 32.34500  0.51598  0.51598 
 32.44500  0.51575  0.51575 
 32.54500  0.51552  0.51552 
 32.64500  0.51529  0.51530 
 32.74500  0.51507  0.51507 
 32.84500  0.51483  0.51484 
 32.94500  0.51460  0.51461 
 33.04500  0.51438  0.51438 
 33.14500  0.51415  0.51415 
 33.24500  0.51390  0.51392 
 33.34500  0.51368  0.51368 
 33.44500  0.51343  0.51345 
 33.54500  0.51321  0.51322 
 33.64500  0.51297  0.51298 
 33.74500  0.51274  0.51275 
 33.84500  0.51250  0.51250 
 33.94500  0.51226  0.51228 
 34.04500  0.51202  0.51202 
 34.14500  0.51178  0.51180 
 34.24500  0.51154  0.51155 
 34.34500  0.51130  0.51130 
 34.44500  0.51105  0.51108 
 34.54500  0.51080  0.51082 
 34.64500  0.51055  0.51058 
 34.74500  0.51032  0.51032 
 34.84500  0.51006  0.51009 
 34.94500  0.50982  0.50985 
 35.04500  0.50956  0.50960 
 35.14500  0.50932  0.50935 
 35.24500  0.50907  0.50910 
 35.34500  0.50881  0.50885 
 35.44500  0.50857  0.50860 
 35.54500  0.50830  0.50833 
 35.64500  0.50805  0.50808 
 35.74500  0.50779  0.50782 
 35.84500  0.50753  0.50758 
 35.94500  0.50727  0.50731 
 36.04500  0.50703  0.50705 
 36.14500  0.50676  0.50680 
 36.24500  0.50649  0.50653 
 36.34500  0.50624  0.50628 
 36.44500  0.50596  0.50600 
 36.54500  0.50571  0.50575 
 36.64500  0.50544  0.50548 
 36.74500  0.50517  0.50521 
 36.84500  0.50491  0.50495 
 36.94500  0.50463  0.50468 
 37.04500  0.50437  0.50440 
 37.14500  0.50409  0.50414 
 37.24500  0.50382  0.50387 
 37.34500  0.50355  0.50360 
 37.44500  0.50327  0.50332 
 37.54500  0.50298  0.50304 
 37.64500  0.50272  0.50277 
 37.74500  0.50243  0.50249 
 37.84500  0.50216  0.50221 
 37.94500  0.50188  0.50193 
 38.04500  0.50160  0.50166 
 38.14500  0.50132  0.50137 
 38.24500  0.50103  0.50109 
 38.34500  0.50074  0.50080 
 38.44500  0.50046  0.50051 
 38.54500  0.50017  0.50023 
 38.64500  0.49987  0.49994 
 38.74500  0.49959  0.49966 
 38.84500  0.49930  0.49936 
 38.94500  0.49901  0.49907 
 39.04500  0.49872  0.49878 
 39.14500  0.49842  0.49849 
 39.24500  0.49813  0.49819 
 39.34500  0.49783  0.49790 
 39.44500  0.49753  0.49760 
 39.54500  0.49723  0.49730 
 39.64500  0.49693  0.49700 
 39.74500  0.49663  0.49670 
 39.84500  0.49633  0.49640 
 39.94500  0.49602  0.49610 
 40.04500  0.49573  0.49579 
 40.14500  0.49542  0.49549 
 40.24500  0.49511  0.49518 
 40.34500  0.49480  0.49488 
 40.44500  0.49449  0.49457 
 40.54500  0.49418  0.49425 
 40.64500  0.49387  0.49395 
 40.74500  0.49356  0.49364 
 40.84500  0.49325  0.49332 
 40.94500  0.49294  0.49302 
 41.04500  0.49262  0.49269 
 41.14500  0.49230  0.49238 
 41.24500  0.49198  0.49206 
 41.34500  0.49167  0.49175 
 41.44500  0.49135  0.49142 
 41.54500  0.49102  0.49112 
 41.64500  0.49070  0.49078 
 41.74500  0.49038  0.49046 
 41.84500  0.49005  0.49015 
 41.94500  0.48974  0.48982 
 42.04500  0.48941  0.48948 
 42.14500  0.48908  0.48917 
 42.24500  0.48875  0.48885 
 42.34500  0.48842  0.48852 
 42.44500  0.48809  0.48818 
 42.54500  0.48777  0.48785 
 42.64500  0.48743  0.48752 
 42.74500  0.48711  0.48718 
 42.84500  0.48676  0.48685 
 42.94500  0.48644  0.48652 
 43.04500  0.48609  0.48618 
 43.14500  0.48577  0.48585 
 43.24500  0.48542  0.48552 
 43.34500  0.48509  0.48518 
 43.44500  0.48476  0.48485 
 43.54500  0.48441  0.48452 
 43.64500  0.48407  0.48418 
 43.74500  0.48372  0.48383 
 43.84500  0.48340  0.48348 
 43.94500  0.48304  0.48315 
 44.04500  0.48270  0.48282 
 44.14500  0.48236  0.48246 
 44.24500  0.48201  0.48212 
 44.34500  0.48167  0.48178 
 44.44500  0.48133  0.48144 
 44.54500  0.48097  0.48108 
 44.64500  0.48064  0.48075 
 44.74500  0.48028  0.48039 
 44.84500  0.47993  0.48005 
 44.94500  0.47958  0.47971 
 45.04500  0.47924  0.47935 
 45.14500  0.47889  0.47901 
 45.24500  0.47853  0.47865 
 45.34500  0.47818  0.47831 
 45.44500  0.47784  0.47795 
 45.54500  0.47749  0.47761 
 45.64500  0.47713  0.47725 
 45.74500  0.47679  0.47691 
 45.84500  0.47643  0.47655 
 45.94500  0.47607  0.47620 
 46.04500  0.47572  0.47585 
 46.14500  0.47538  0.47549 
 46.24500  0.47501  0.47515 
 46.34500  0.47466  0.47478 
 46.44500  0.47430  0.47444 
 46.54500  0.47396  0.47408 
 46.64500  0.47360  0.47373 
 46.74500  0.47324  0.47338 
 46.84500  0.47288  0.47302 
 46.94500  0.47254  0.47266 
 47.04500  0.47218  0.47232 
 47.14500  0.47182  0.47195 
 47.24500  0.47147  0.47160 
 47.34500  0.47112  0.47125 
 47.44500  0.47075  0.47089 
 47.54500  0.47039  0.47054 
 47.64500  0.47005  0.47018 
 47.74500  0.46969  0.46983 
 47.84500  0.46932  0.46948 
 47.94500  0.46899  0.46912 
 48.04500  0.46863  0.46876 
 48.14500  0.46827  0.46842 
 48.24500  0.46793  0.46805 
 48.34500  0.46756  0.46771 
 48.44500  0.46721  0.46735 
 48.54500  0.46686  0.46700 
 48.64500  0.46651  0.46665 
 48.74500  0.46616  0.46629 
 48.84500  0.46579  0.46595 
 48.94500  0.46545  0.46558 
 49.04500  0.46509  0.46525 
 49.14500  0.46474  0.46488 
 49.24500  0.46439  0.46454 
 49.34500  0.46405  0.46418 
 49.44500  0.46369  0.46385 
 49.54500  0.46334  0.46348 
 49.64500  0.46299  0.46315 
 49.74500  0.46264  0.46278 
 49.84500  0.46231  0.46245 
 49.94500  0.46195  0.46210 
 50.04500  0.46160  0.46175 
 50.14500  0.46126  0.46142 
 50.24500  0.46092  0.46106 
 50.34500  0.46058  0.46072 
 50.44500  0.46024  0.46038 
 50.54500  0.45988  0.46005 
 50.64500  0.45955  0.45968 
 50.74500  0.45921  0.45935 
 50.84500  0.45887  0.45902 
 50.94500  0.45852  0.45868 
 51.04500  0.45819  0.45835 
 51.14500  0.45785  0.45802 
 51.24500  0.45751  0.45768 
 51.34500  0.45719  0.45735 
 51.44500  0.45685  0.45702 
 51.54500  0.45652  0.45668 
 51.64500  0.45619  0.45635 
 51.74500  0.45586  0.45602 
 51.84500  0.45553  0.45568 
 51.94500  0.45519  0.45535 
 52.04500  0.45488  0.45503 
 52.14500  0.45455  0.45472 
 52.24500  0.45423  0.45438 
 52.34500  0.45390  0.45406 
 52.44500  0.45359  0.45375 
 52.54500  0.45326  0.45342 
 52.64500  0.45295  0.45311 
 52.74500  0.45263  0.45279 
 52.84500  0.45232  0.45248 
 52.94500  0.45201  0.45216 
 53.04500  0.45170  0.45185 
 53.14500  0.45139  0.45155 
 53.24500  0.45107  0.45124 
 53.34500  0.45077  0.45093 
 53.44500  0.45047  0.45063 
 53.54500  0.45017  0.45032 
 53.64500  0.44985  0.45002 
 53.74500  0.44957  0.44972 
 53.84500  0.44927  0.44943 
 53.94500  0.44897  0.44913 
 54.04500  0.44867  0.44884 
 54.14500  0.44837  0.44854 
 54.24500  0.44809  0.44826 
 54.34500  0.44780  0.44797 
 54.44500  0.44751  0.44769 
 54.54500  0.44723  0.44740 
 54.64500  0.44695  0.44711 
 54.74500  0.44667  0.44684 
 54.84500  0.44640  0.44656 
 54.94500  0.44611  0.44629 
 55.04500  0.44584  0.44601 
 55.14500  0.44557  0.44574 
 55.24500  0.44531  0.44548 
 55.34500  0.44503  0.44520 
 55.44500  0.44477  0.44495 
 55.54500  0.44451  0.44468 
 55.64500  0.44425  0.44442 
 55.74500  0.44400  0.44418 
 55.84500  0.44374  0.44390 
 55.94500  0.44348  0.44365 
 56.04500  0.44323  0.44340 
 56.14500  0.44299  0.44317 
 56.24500  0.44274  0.44292 
 56.34500  0.44249  0.44268 
 56.44500  0.44226  0.44243 
 56.54500  0.44203  0.44220 
 56.64500  0.44179  0.44197 
 56.74500  0.44154  0.44173 
 56.84500  0.44132  0.44150 
 56.94500  0.44109  0.44128 
 57.04500  0.44088  0.44106 
 57.14500  0.44065  0.44083 
 57.24500  0.44044  0.44061 
 57.34500  0.44021  0.44040 
 57.44500  0.44000  0.44019 
 57.54500  0.43979  0.43997 
 57.64500  0.43959  0.43977 
 57.74500  0.43938  0.43957 
 57.84500  0.43918  0.43937 
 57.94500  0.43899  0.43917 
 58.04500  0.43878  0.43897 
 58.14500  0.43859  0.43877 
 58.24500  0.43840  0.43859 
 58.34500  0.43821  0.43840 
 58.44500  0.43803  0.43822 
 58.54500  0.43785  0.43804 
 58.64500  0.43767  0.43786 
 58.74500  0.43750  0.43768 
 58.84500  0.43731  0.43752 
 58.94500  0.43716  0.43735 
 59.04500  0.43699  0.43718 
 59.14500  0.43682  0.43703 
 59.24500  0.43668  0.43686 
 59.34500  0.43651  0.43671 
 59.44500  0.43636  0.43655 
 59.54500  0.43621  0.43641 
 59.64500  0.43607  0.43626 
 59.74500  0.43592  0.43613 
 59.84500  0.43578  0.43597 
 59.94500  0.43564  0.43585 
 60.04500  0.43552  0.43572 
 60.14500  0.43539  0.43558 
 60.24500  0.43526  0.43546 
 60.34500  0.43514  0.43534 
 60.44500  0.43502  0.43522 
 60.54500  0.43490  0.43510 
 60.64500  0.43479  0.43498 
 60.74500  0.43468  0.43488 
 60.84500  0.43456  0.43477 
 60.94500  0.43446  0.43467 
 61.04500  0.43436  0.43457 
 61.14500  0.43428  0.43448 
 61.24500  0.43419  0.43439 
 61.34500  0.43408  0.43430 
 61.44500  0.43401  0.43420 
 61.54500  0.43393  0.43413 
 61.64500  0.43385  0.43405 
 61.74500  0.43377  0.43399 
 61.84500  0.43372  0.43390 
 61.94500  0.43361  0.43384 
 62.04500  0.43358  0.43380 
 62.14500  0.43350  0.43370 
 62.24500  0.43346  0.43367 
 62.34500  0.43339  0.43360 
 62.44500  0.43337  0.43357 
 62.54500  0.43328  0.43350 
 62.64500  0.43327  0.43350 
 62.74500  0.43324  0.43340 
 62.84500  0.43317  0.43340 
 62.94500  0.43315  0.43340 
 63.04500  0.43313  0.43330 
 63.14500  0.43312  0.43330 
 63.24500  0.43308  0.43330 
 63.34500  0.43305  0.43330 
 63.44500  0.43304  0.43330 
 63.54500  0.43301  0.43328 
 63.64500  0.43302  0.43320 
