  0.04500  1.00005  1.00000 
  0.14500  1.00005  1.00000 
  0.24500  1.00005  1.00000 
  0.34500  1.00005  1.00000 
  0.44500  1.00005  1.00000 
  0.54500  1.00005  1.00000 
  0.64500  1.00004  1.00000 
  0.74500  1.00004  1.00000 
  0.84500  1.00005  1.00000 
  0.94500  1.00005  1.00000 
  1.04500  1.00005  1.00000 
  1.14500  1.00005  1.00000 
  1.24500  1.00005  1.00000 
  1.34500  1.00005  1.00000 
  1.44500  1.00005  1.00000 
  1.54500  1.00004  1.00000 
  1.64500  1.00005  1.00000 
  1.74500  1.00004  1.00000 
  1.84500  1.00004  1.00000 
  1.94500  1.00004  1.00000 
  2.04500  1.00004  1.00000 
  2.14500  1.00004  1.00000 
  2.24500  1.00004  1.00000 
  2.34500  1.00004  1.00000 
  2.44500  1.00004  1.00000 
  2.54500  1.00004  1.00000 
  2.64500  1.00004  1.00000 
  2.74500  1.00003  0.99994 
  2.84500  0.99994  0.99983 
  2.94500  0.99964  0.99952 
  3.04500  0.99882  0.99871 
  3.14500  0.99691  0.99691 
  3.24500  0.99287  0.99299 
  3.34500  0.98492  0.98518 
  3.44500  0.97053  0.97088 
  3.54500  0.94631  0.94662 
  3.64500  0.90845  0.90853 
  3.74500  0.85354  0.85332 
  3.84500  0.77971  0.77928 
  3.94500  0.68793  0.68752 
  4.04500  0.58244  0.58231 
  4.14500  0.47081  0.47082 
  4.24500  0.36130  0.36157 
  4.34500  0.26221  0.26265 
  4.44500  0.17947  0.17974 
  4.54500  0.11560  0.11558 
  4.64500  0.06993  0.06966 
  4.74500  0.03965  0.03927 
  4.84500  0.02103  0.02064 
  4.94500  0.01036  0.01014 
  5.04500  0.00471  0.00463 
  5.14500  0.00194  0.00197 
  5.24500  0.00071  0.00078 
  5.34500  0.00022  0.00029 
  5.44500  0.00005  0.00011 
  5.54500  0.00000  0.00000 
  5.64500  0.00000  0.00000 
  5.74500  0.00000  0.00000 
  5.84500  0.00001  0.00000 
  5.94500  0.00000  0.00000 
  6.04500  0.00000  0.00000 
  6.14500  0.00000  0.00000 
  6.24500  0.00000  0.00000 
  6.34500 -0.00000  0.00000 
  6.44500  0.00000  0.00000 
  6.54500  0.00001  0.00000 
  6.64500  0.00000  0.00000 
  6.74500  0.00001  0.00000 
  6.84500  0.00001  0.00000 
  6.94500  0.00000  0.00000 
  7.04500  0.00001  0.00005 
  7.14500  0.00009  0.00015 
  7.24500  0.00036  0.00044 
  7.34500  0.00111  0.00117 
  7.44500  0.00288  0.00287 
  7.54500  0.00667  0.00653 
  7.64500  0.01418  0.01388 
  7.74500  0.02785  0.02744 
  7.84500  0.05101  0.05064 
  7.94500  0.08745  0.08730 
  8.04500  0.14069  0.14081 
  8.14500  0.21276  0.21314 
  8.24500  0.30302  0.30343 
  8.34500  0.40753  0.40766 
  8.44500  0.51897  0.51893 
  8.54500  0.62900  0.62872 
  8.64500  0.72936  0.72890 
  8.74500  0.81374  0.81338 
  8.84500  0.87939  0.87931 
  8.94500  0.92663  0.92681 
  9.04500  0.95816  0.95850 
  9.14500  0.97770  0.97803 
  9.24500  0.98895  0.98915 
  9.34500  0.99498  0.99500 
  9.44500  0.99794  0.99785 
  9.54500  0.99927  0.99916 
  9.64500  0.99981  0.99968 
  9.74500  0.99999  0.99988 
  9.84500  1.00005  0.99999 
  9.94500  1.00004  1.00000 
 10.04500  1.00004  1.00000 
 10.14500  1.00004  1.00000 
 10.24500  1.00005  1.00000 
 10.34500  1.00004  1.00000 
 10.44500  1.00004  1.00000 
 10.54500  1.00004  1.00000 
 10.64500  1.00004  1.00000 
 10.74500  1.00004  1.00000 
 10.84500  1.00005  1.00000 
 10.94500  1.00004  1.00000 
 11.04500  1.00004  1.00000 
 11.14500  1.00004  1.00000 
 11.24500  1.00004  1.00000 
 11.34500  1.00004  1.00000 
 11.44500  1.00004  1.00000 
 11.54500  1.00003  0.99992 
 11.64500  0.99990  0.99979 
 11.74500  0.99953  0.99941 
 11.84500  0.99854  0.99845 
 11.94500  0.99631  0.99630 
 12.04500  0.99160  0.99173 
 12.14500  0.98255  0.98283 
 12.24500  0.96641  0.96677 
 12.34500  0.93967  0.93992 
 12.44500  0.89848  0.89851 
 12.54500  0.83970  0.83943 
 12.64500  0.76195  0.76150 
 12.74500  0.66682  0.66646 
 12.84500  0.55933  0.55926 
 12.94500  0.44753  0.44752 
 13.04500  0.33949  0.33984 
 13.14500  0.24346  0.24386 
 13.24500  0.16455  0.16480 
 13.34500  0.10462  0.10457 
 13.44500  0.06245  0.06215 
 13.54500  0.03492  0.03453 
 13.64500  0.01824  0.01791 
 13.74500  0.00885  0.00866 
 13.84500  0.00394  0.00390 
 13.94500  0.00159  0.00164 
 14.04500  0.00056  0.00063 
 14.14500  0.00016  0.00024 
 14.24500  0.00003  0.00008 
 14.34500  0.00000  0.00000 
 14.44500  0.00000  0.00000 
 14.54500  0.00001  0.00000 
 14.64500  0.00001  0.00000 
 14.74500  0.00000  0.00000 
 14.84500  0.00000  0.00000 
 14.94500  0.00001  0.00000 
 15.04500  0.00001  0.00000 
 15.14500  0.00000  0.00000 
 15.24500  0.00001  0.00000 
 15.34500  0.00001  0.00000 
 15.44500  0.00000  0.00000 
 15.54500  0.00000  0.00000 
 15.64500  0.00003  0.00009 
 15.74500  0.00019  0.00027 
 15.84500  0.00064  0.00072 
 15.94500  0.00177  0.00181 
 16.04500  0.00435  0.00427 
 16.14500  0.00963  0.00941 
 16.24500  0.01968  0.01937 
 16.34500  0.03742  0.03703 
 16.44500  0.06640  0.06613 
 16.54500  0.11045  0.11042 
 16.64500  0.17251  0.17276 
 16.74500  0.25347  0.25390 
 16.84500  0.35120  0.35150 
 16.94500  0.46008  0.46007 
 17.04500  0.57184  0.57171 
 17.14500  0.67830  0.67788 
 17.24500  0.77164  0.77118 
 17.34500  0.84728  0.84704 
 17.44500  0.90396  0.90401 
 17.54500  0.94331  0.94362 
 17.64500  0.96870  0.96904 
 17.74500  0.98386  0.98414 
 17.84500  0.99230  0.99243 
 17.94500  0.99665  0.99665 
 18.04500  0.99872  0.99860 
 18.14500  0.99959  0.99947 
 18.24500  0.99993  0.99981 
 18.34500  1.00003  0.99993 
 18.44500  1.00004  1.00000 
 18.54500  1.00004  1.00000 
 18.64500  1.00004  1.00000 
 18.74500  1.00004  1.00000 
 18.84500  1.00005  1.00000 
 18.94500  1.00004  1.00000 
 19.04500  1.00005  1.00000 
 19.14500  1.00004  1.00000 
 19.24500  1.00004  1.00000 
 19.34500  1.00004  1.00000 
 19.44500  1.00005  1.00000 
 19.54500  1.00004  1.00000 
 19.64500  1.00005  1.00000 
 19.74500  1.00003  1.00000 
 19.84500  1.00005  1.00000 
 19.94500  1.00004  1.00000 
 20.04500  1.00004  0.99998 
 20.14500  0.99998  0.99987 
 20.24500  0.99977  0.99965 
 20.34500  0.99916  0.99903 
 20.44500  0.99771  0.99765 
 20.54500  0.99447  0.99454 
 20.64500  0.98800  0.98822 
 20.74500  0.97599  0.97630 
 20.84500  0.95528  0.95562 
 20.94500  0.92216  0.92232 
 21.04500  0.87294  0.87283 
 21.14500  0.80516  0.80481 
 21.24500  0.71876  0.71831 
 21.34500  0.61695  0.61670 
 21.44500  0.50633  0.50630 
 21.54500  0.39525  0.39542 
 21.64500  0.29207  0.29245 
 21.74500  0.20370  0.20403 
 21.84500  0.13377  0.13386 
 21.94500  0.08257  0.08239 
 22.04500  0.04779  0.04743 
 22.14500  0.02589  0.02553 
 22.24500  0.01308  0.01278 
 22.34500  0.00610  0.00598 
 22.44500  0.00260  0.00259 
 22.54500  0.00099  0.00106 
 22.64500  0.00031  0.00039 
 22.74500  0.00007  0.00014 
 22.84500  0.00001  0.00004 
 22.94500  0.00000  0.00000 
 23.04500  0.00000  0.00000 
 23.14500  0.00001  0.00000 
 23.24500 -0.00000  0.00000 
 23.34500  0.00000  0.00000 
 23.44500  0.00001  0.00000 
 23.54500  0.00001  0.00000 
 23.64500  0.00000  0.00000 
 23.74500 -0.00000  0.00000 
 23.84500  0.00001  0.00000 
 23.94500  0.00000  0.00000 
 24.04500  0.00000  0.00000 
 24.14500  0.00001  0.00004 
 24.24500  0.00008  0.00014 
 24.34500  0.00035  0.00042 
 24.44500  0.00105  0.00110 
 24.54500  0.00274  0.00274 
 24.64500  0.00641  0.00628 
 24.74500  0.01366  0.01338 
 24.84500  0.02694  0.02656 
 24.94500  0.04953  0.04915 
 25.04500  0.08521  0.08505 
 25.14500  0.13753  0.13765 
 25.24500  0.20862  0.20897 
 25.34500  0.29802  0.29842 
 25.44500  0.40193  0.40208 
 25.54500  0.51321  0.51319 
 25.64500  0.62355  0.62327 
 25.74500  0.72457  0.72410 
 25.84500  0.80987  0.80951 
 25.94500  0.87648  0.87637 
 26.04500  0.92461  0.92480 
 26.14500  0.95687  0.95722 
 26.24500  0.97693  0.97726 
 26.34500  0.98853  0.98872 
 26.44500  0.99474  0.99480 
 26.54500  0.99782  0.99777 
 26.64500  0.99923  0.99911 
 26.74500  0.99979  0.99967 
 26.84500  0.99999  0.99988 
 26.94500  1.00004  0.99998 
 27.04500  1.00004  1.00000 
 27.14500  1.00004  1.00000 
 27.24500  1.00003  1.00000 
 27.34500  1.00005  1.00000 
 27.44500  1.00004  1.00000 
 27.54500  1.00004  1.00000 
 27.64500  1.00004  1.00000 
 27.74500  1.00005  1.00000 
 27.84500  1.00004  1.00000 
 27.94500  1.00005  1.00000 
 28.04500  1.00005  1.00000 
 28.14500  1.00005  1.00000 
 28.24500  1.00005  1.00000 
 28.34500  1.00004  1.00000 
 28.44500  1.00004  1.00000 
 28.54500  1.00004  1.00000 
 28.64500  1.00004  1.00000 
 28.74500  1.00004  1.00000 
 28.84500  1.00004  1.00000 
 28.94500  1.00004  1.00000 
 29.04500  1.00004  1.00000 
 29.14500  1.00004  1.00000 
 29.24500  1.00004  1.00000 
 29.34500  1.00003  0.99993 
 29.44500  0.99993  0.99981 
 29.54500  0.99959  0.99947 
 29.64500  0.99871  0.99861 
 29.74500  0.99666  0.99665 
 29.84500  0.99232  0.99243 
 29.94500  0.98391  0.98418 
 30.04500  0.96876  0.96910 
 30.14500  0.94344  0.94372 
 30.24500  0.90413  0.90418 
 30.34500  0.84750  0.84727 
 30.44500  0.77192  0.77149 
 30.54500  0.67864  0.67824 
 30.64500  0.57221  0.57210 
 30.74500  0.46046  0.46045 
 30.84500  0.35156  0.35185 
 30.94500  0.25378  0.25421 
 31.04500  0.17274  0.17301 
 31.14500  0.11063  0.11060 
 31.24500  0.06652  0.06624 
 31.34500  0.03749  0.03712 
 31.44500  0.01975  0.01938 
 31.54500  0.00967  0.00945 
 31.64500  0.00436  0.00429 
 31.74500  0.00177  0.00181 
 31.84500  0.00065  0.00072 
 31.94500  0.00019  0.00027 
 32.04500  0.00004  0.00009 
 32.14500  0.00001  0.00000 
 32.24500  0.00000  0.00000 
 32.34500  0.00001  0.00000 
 32.44500  0.00001  0.00000 
 32.54500 -0.00000  0.00000 
 32.64500  0.00001  0.00000 
 32.74500  0.00000  0.00000 
 32.84500  0.00000  0.00000 
 32.94500  0.00000  0.00000 
 33.04500  0.00000  0.00000 
 33.14500 -0.00000  0.00000 
 33.24500 -0.00000  0.00000 
 33.34500  0.00000  0.00000 
 33.44500  0.00000  0.00000 
 33.54500  0.00000  0.00000 
 33.64500  0.00000  0.00000 
 33.74500  0.00001  0.00000 
 33.84500  0.00000  0.00000 
 33.94500  0.00001  0.00000 
 34.04500  0.00000  0.00000 
 34.14500  0.00000  0.00000 
 34.24500  0.00000  0.00000 
 34.34500  0.00002  0.00008 
 34.44500  0.00015  0.00021 
 34.54500  0.00051  0.00059 
 34.64500  0.00150  0.00154 
 34.74500  0.00373  0.00368 
 34.84500  0.00841  0.00822 
 34.94500  0.01744  0.01711 
 35.04500  0.03354  0.03314 
 35.14500  0.06022  0.05992 
 35.24500  0.10133  0.10124 
 35.34500  0.16002  0.16024 
 35.44500  0.23769  0.23808 
 35.54500  0.33273  0.33306 
 35.64500  0.44019  0.44021 
 35.74500  0.55199  0.55192 
 35.84500  0.66006  0.65966 
 35.94500  0.75617  0.75573 
 36.04500  0.83515  0.83486 
 36.14500  0.89518  0.89521 
 36.24500  0.93743  0.93768 
 36.34500  0.96502  0.96536 
 36.44500  0.98174  0.98203 
 36.54500  0.99115  0.99131 
 36.64500  0.99608  0.99608 
 36.74500  0.99845  0.99836 
 36.84500  0.99949  0.99936 
 36.94500  0.99988  0.99976 
 37.04500  1.00002  0.99992 
 37.14500  1.00005  1.00000 
 37.24500  1.00004  1.00000 
 37.34500  1.00004  1.00000 
 37.44500  1.00004  1.00000 
 37.54500  1.00004  1.00000 
 37.64500  1.00004  1.00000 
 37.74500  1.00005  1.00000 
 37.84500  1.00004  1.00000 
 37.94500  1.00004  1.00000 
 38.04500  1.00004  1.00000 
 38.14500  1.00004  1.00000 
 38.24500  1.00004  1.00000 
 38.34500  1.00005  1.00000 
 38.44500  1.00004  1.00000 
 38.54500  1.00004  1.00000 
 38.64500  1.00004  1.00000 
 38.74500  1.00004  1.00000 
 38.84500  1.00005  1.00000 
 38.94500  1.00005  1.00000 
 39.04500  1.00003  0.99993 
 39.14500  0.99991  0.99980 
 39.24500  0.99955  0.99944 
 39.34500  0.99864  0.99855 
 39.44500  0.99649  0.99648 
 39.54500  0.99197  0.99210 
 39.64500  0.98327  0.98352 
 39.74500  0.96762  0.96798 
 39.84500  0.94160  0.94188 
 39.94500  0.90139  0.90143 
 40.04500  0.84370  0.84346 
 40.14500  0.76707  0.76661 
 40.24500  0.67288  0.67248 
 40.34500  0.56592  0.56583 
 40.44500  0.45411  0.45413 
 40.54500  0.34563  0.34596 
 40.64500  0.24869  0.24912 
 40.74500  0.16870  0.16895 
 40.84500  0.10766  0.10762 
 40.94500  0.06451  0.06422 
 41.04500  0.03624  0.03582 
 41.14500  0.01900  0.01865 
 41.24500  0.00926  0.00904 
 41.34500  0.00416  0.00409 
 41.44500  0.00168  0.00172 
 41.54500  0.00060  0.00068 
 41.64500  0.00017  0.00024 
 41.74500  0.00003  0.00009 
 41.84500  0.00000  0.00000 
 41.94500  0.00001  0.00000 
 42.04500  0.00001  0.00000 
 42.14500  0.00001  0.00000 
 42.24500  0.00000  0.00000 
 42.34500  0.00000  0.00000 
 42.44500  0.00000  0.00000 
 42.54500  0.00000  0.00000 
 42.64500 -0.00000  0.00000 
 42.74500  0.00000  0.00000 
 42.84500  0.00000  0.00000 
 42.94500  0.00000  0.00000 
 43.04500  0.00001  0.00000 
 43.14500 -0.00000  0.00000 
 43.24500  0.00002  0.00000 
 43.34500  0.00000  0.00000 
 43.44500  0.00001  0.00000 
 43.54500  0.00001  0.00004 
 43.64500  0.00008  0.00014 
 43.74500  0.00032  0.00039 
 43.84500  0.00099  0.00106 
 43.94500  0.00260  0.00258 
 44.04500  0.00609  0.00598 
 44.14500  0.01304  0.01278 
 44.24500  0.02584  0.02545 
 44.34500  0.04770  0.04733 
 44.44500  0.08243  0.08222 
 44.54500  0.13357  0.13365 
 44.64500  0.20342  0.20379 
 44.74500  0.29172  0.29213 
 44.84500  0.39488  0.39506 
 44.94500  0.50595  0.50592 
 45.04500  0.61659  0.61633 
 45.14500  0.71844  0.71798 
 45.24500  0.80490  0.80452 
 45.34500  0.87273  0.87263 
 45.44500  0.92201  0.92218 
 45.54500  0.95519  0.95552 
 45.64500  0.97593  0.97626 
 45.74500  0.98797  0.98819 
 45.84500  0.99445  0.99453 
 45.94500  0.99769  0.99764 
 46.04500  0.99916  0.99903 
 46.14500  0.99977  0.99965 
 46.24500  0.99998  0.99987 
 46.34500  1.00004  0.99998 
 46.44500  1.00004  1.00000 
 46.54500  1.00005  1.00000 
 46.64500  1.00003  1.00000 
 46.74500  1.00005  1.00000 
 46.84500  1.00004  1.00000 
 46.94500  1.00005  1.00000 
 47.04500  1.00004  1.00000 
 47.14500  1.00004  1.00000 
 47.24500  1.00004  1.00000 
 47.34500  1.00005  1.00000 
 47.44500  1.00005  1.00000 
 47.54500  1.00005  1.00000 
 47.64500  1.00005  1.00000 
 47.74500  1.00005  1.00000 
 47.84500  1.00004  1.00000 
 47.94500  1.00004  1.00000 
 48.04500  1.00004  1.00000 
 48.14500  1.00004  1.00000 
 48.24500  1.00004  1.00000 
 48.34500  1.00005  1.00000 
 48.44500  1.00004  1.00000 
 48.54500  1.00004  1.00000 
 48.64500  1.00004  1.00000 
 48.74500  1.00004  0.99994 
 48.84500  0.99993  0.99983 
 48.94500  0.99962  0.99950 
 49.04500  0.99880  0.99870 
 49.14500  0.99685  0.99682 
 49.24500  0.99271  0.99282 
 49.34500  0.98463  0.98489 
 49.44500  0.97000  0.97037 
 49.54500  0.94547  0.94577 
 49.64500  0.90717  0.90726 
 49.74500  0.85174  0.85152 
 49.84500  0.77740  0.77696 
 49.94500  0.68515  0.68476 
 50.04500  0.57938  0.57924 
 50.14500  0.46771  0.46770 
 50.24500  0.35838  0.35865 
 50.34500  0.25967  0.26009 
 50.44500  0.17745  0.17771 
 50.54500  0.11409  0.11409 
 50.64500  0.06889  0.06863 
 50.74500  0.03899  0.03859 
 50.84500  0.02064  0.02027 
 50.94500  0.01015  0.00993 
 51.04500  0.00460  0.00453 
 51.14500  0.00189  0.00191 
 51.24500  0.00068  0.00075 
 51.34500  0.00021  0.00028 
 51.44500  0.00003  0.00010 
 51.54500  0.00000  0.00000 
 51.64500  0.00000  0.00000 
 51.74500  0.00001  0.00000 
 51.84500  0.00001  0.00000 
 51.94500  0.00000  0.00000 
 52.04500  0.00001  0.00000 
 52.14500  0.00000  0.00000 
 52.24500  0.00000  0.00000 
 52.34500 -0.00000  0.00000 
 52.44500  0.00000  0.00000 
 52.54500  0.00001  0.00000 
 52.64500 -0.00000  0.00000 
 52.74500  0.00001  0.00000 
 52.84500 -0.00000  0.00000 
 52.94500  0.00001  0.00000 
 53.04500  0.00000  0.00000 
 53.14500  0.00001  0.00000 
 53.24500  0.00000  0.00002 
 53.34500  0.00007  0.00013 
 53.44500  0.00027  0.00035 
 53.54500  0.00086  0.00093 
 53.64500  0.00232  0.00234 
 53.74500  0.00550  0.00543 
 53.84500  0.01194  0.01168 
 53.94500  0.02386  0.02348 
 54.04500  0.04444  0.04406 
 54.14500  0.07738  0.07716 
 54.24500  0.12636  0.12643 
 54.34500  0.19390  0.19423 
 54.44500  0.28008  0.28047 
 54.54500  0.38172  0.38193 
 54.64500  0.49228  0.49228 
 54.74500  0.60341  0.60319 
 54.84500  0.70677  0.70632 
 54.94500  0.79534  0.79494 
 55.04500  0.86551  0.86536 
 55.14500  0.91695  0.91708 
 55.24500  0.95189  0.95221 
 55.34500  0.97393  0.97428 
 55.44500  0.98685  0.98708 
 55.54500  0.99389  0.99397 
 55.64500  0.99741  0.99737 
 55.74500  0.99905  0.99893 
 55.84500  0.99973  0.99961 
 55.94500  0.99997  0.99986 
 56.04500  1.00003  0.99996 
 56.14500  1.00004  1.00000 
 56.24500  1.00004  1.00000 
 56.34500  1.00003  1.00000 
 56.44500  1.00005  1.00000 
 56.54500  1.00004  1.00000 
 56.64500  1.00004  1.00000 
 56.74500  1.00005  1.00000 
 56.84500  1.00005  1.00000 
 56.94500  1.00004  1.00000 
 57.04500  1.00005  1.00000 
 57.14500  1.00004  1.00000 
 57.24500  1.00004  1.00000 
 57.34500  1.00004  1.00000 
 57.44500  1.00004  1.00000 
 57.54500  1.00002  0.99991 
 57.64500  0.99987  0.99976 
 57.74500  0.99945  0.99933 
 57.84500  0.99837  0.99829 
 57.94500  0.99591  0.99592 
 58.04500  0.99081  0.99097 
 58.14500  0.98109  0.98139 
 58.24500  0.96391  0.96425 
 58.34500  0.93566  0.93590 
 58.44500  0.89258  0.89256 
 58.54500  0.83158  0.83129 
 58.64500  0.75165  0.75119 
 58.74500  0.65476  0.65440 
 58.84500  0.54630  0.54625 
 58.94500  0.43450  0.43455 
 59.04500  0.32751  0.32785 
 59.14500  0.23326  0.23367 
 59.24500  0.15656  0.15677 
 59.34500  0.09882  0.09873 
 59.44500  0.05855  0.05822 
 59.54500  0.03249  0.03211 
 59.64500  0.01684  0.01651 
 59.74500  0.00809  0.00791 
 59.84500  0.00357  0.00352 
 59.94500  0.00141  0.00146 
 60.04500  0.00050  0.00056 
 60.14500  0.00013  0.00020 
 60.24500  0.00002  0.00007 
 60.34500  0.00000  0.00000 
 60.44500  0.00000  0.00000 
 60.54500  0.00001  0.00000 
 60.64500  0.00001  0.00000 
 60.74500  0.00000  0.00000 
 60.84500  0.00000  0.00000 
 60.94500  0.00000  0.00000 
 61.04500  0.00000  0.00000 
 61.14500  0.00000  0.00000 
 61.24500  0.00000  0.00000 
 61.34500  0.00000  0.00000 
 61.44500  0.00001  0.00000 
 61.54500 -0.00000  0.00000 
 61.64500 -0.00000  0.00000 
 61.74500  0.00000  0.00000 
 61.84500  0.00000  0.00000 
 61.94500  0.00000  0.00000 
 62.04500  0.00000  0.00000 
 62.14500 -0.00000  0.00000 
 62.24500  0.00000  0.00000 
 62.34500  0.00000  0.00000 
 62.44500  0.00000  0.00000 
 62.54500  0.00000  0.00000 
 62.64500  0.00000  0.00000 
 62.74500  0.00000  0.00000 
