  0.04500  0.51590  0.51480 
  0.14500  0.51590  0.51480 
  0.24500  0.51589  0.51480 
  0.34500  0.51589  0.51480 
  0.44500  0.51589  0.51480 
  0.54500  0.51589  0.51480 
  0.64500  0.51589  0.51480 
  0.74500  0.51589  0.51480 
  0.84500  0.51589  0.51480 
  0.94500  0.51589  0.51480 
  1.04500  0.51589  0.51480 
  1.14500  0.51589  0.51480 
  1.24500  0.51589  0.51480 
  1.34500  0.51589  0.51480 
  1.44500  0.51589  0.51480 
  1.54500  0.51590  0.51480 
  1.64500  0.51590  0.51480 
  1.74500  0.51590  0.51480 
  1.84500  0.51590  0.51480 
  1.94500  0.51591  0.51480 
  2.04500  0.51590  0.51480 
  2.14500  0.51590  0.51480 
  2.24500  0.51590  0.51480 
  2.34500  0.51591  0.51480 
  2.44500  0.51591  0.51480 
  2.54500  0.51591  0.51480 
  2.64500  0.51590  0.51480 
  2.74500  0.51591  0.51480 
  2.84500  0.51591  0.51480 
  2.94500  0.51591  0.51480 
  3.04500  0.51591  0.51480 
  3.14500  0.51591  0.51480 
  3.24500  0.51591  0.51480 
  3.34500  0.51591  0.51480 
  3.44500  0.51592  0.51480 
  3.54500  0.51592  0.51480 
  3.64500  0.51592  0.51480 
  3.74500  0.51592  0.51480 
  3.84500  0.51592  0.51480 
  3.94500  0.51592  0.51480 
  4.04500  0.51592  0.51480 
  4.14500  0.51592  0.51480 
  4.24500  0.51592  0.51480 
  4.34500  0.51592  0.51480 
  4.44500  0.51593  0.51480 
  4.54500  0.51593  0.51480 
  4.64500  0.51592  0.51480 
  4.74500  0.51592  0.51480 
  4.84500  0.51592  0.51480 
  4.94500  0.51592  0.51480 
  5.04500  0.51592  0.51480 
  5.14500  0.51593  0.51480 
  5.24500  0.51593  0.51480 
  5.34500  0.51593  0.51480 
  5.44500  0.51593  0.51480 
  5.54500  0.51593  0.51480 
  5.64500  0.51593  0.51480 
  5.74500  0.51593  0.51480 
  5.84500  0.51593  0.51480 
  5.94500  0.51592  0.51480 
  6.04500  0.51592  0.51480 
  6.14500  0.51592  0.51480 
  6.24500  0.51592  0.51480 
  6.34500  0.51592  0.51480 
  6.44500  0.51592  0.51480 
  6.54500  0.51592  0.51480 
  6.64500  0.51591  0.51480 
  6.74500  0.51590  0.51480 
  6.84500  0.51590  0.51480 
  6.94500  0.51590  0.51480 
  7.04500  0.51590  0.51480 
  7.14500  0.51589  0.51480 
  7.24500  0.51589  0.51480 
  7.34500  0.51589  0.51480 
  7.44500  0.51589  0.51480 
  7.54500  0.51589  0.51480 
  7.64500  0.51589  0.51480 
  7.74500  0.51589  0.51480 
  7.84500  0.51588  0.51480 
  7.94500  0.51588  0.51480 
  8.04500  0.51587  0.51480 
  8.14500  0.51587  0.51480 
  8.24500  0.51586  0.51480 
  8.34500  0.51586  0.51480 
  8.44500  0.51585  0.51480 
  8.54500  0.51585  0.51480 
  8.64500  0.51585  0.51480 
  8.74500  0.51585  0.51480 
  8.84500  0.51584  0.51480 
  8.94500  0.51583  0.51480 
  9.04500  0.51583  0.51480 
  9.14500  0.51583  0.51480 
  9.24500  0.51582  0.51480 
  9.34500  0.51581  0.51480 
  9.44500  0.51581  0.51480 
  9.54500  0.51580  0.51480 
  9.64500  0.51580  0.51480 
  9.74500  0.51579  0.51480 
  9.84500  0.51579  0.51480 
  9.94500  0.51579  0.51480 
 10.04500  0.51578  0.51480 
 10.14500  0.51578  0.51480 
 10.24500  0.51578  0.51480 
 10.34500  0.51578  0.51480 
 10.44500  0.51577  0.51480 
 10.54500  0.51577  0.51480 
 10.64500  0.51577  0.51480 
 10.74500  0.51577  0.51480 
 10.84500  0.51577  0.51480 
 10.94500  0.51577  0.51480 
 11.04500  0.51576  0.51480 
 11.14500  0.51575  0.51480 
 11.24500  0.51574  0.51480 
 11.34500  0.51574  0.51480 
 11.44500  0.51573  0.51480 
 11.54500  0.51573  0.51480 
 11.64500  0.51573  0.51480 
 11.74500  0.51572  0.51480 
 11.84500  0.51572  0.51480 
 11.94500  0.51572  0.51480 
 12.04500  0.51572  0.51480 
 12.14500  0.51572  0.51480 
 12.24500  0.51572  0.51480 
 12.34500  0.51571  0.51480 
 12.44500  0.51571  0.51480 
 12.54500  0.51571  0.51480 
 12.64500  0.51570  0.51480 
 12.74500  0.51571  0.51480 
 12.84500  0.51571  0.51480 
 12.94500  0.51569  0.51480 
 13.04500  0.51569  0.51480 
 13.14500  0.51569  0.51480 
 13.24500  0.51569  0.51480 
 13.34500  0.51569  0.51480 
 13.44500  0.51569  0.51480 
 13.54500  0.51568  0.51480 
 13.64500  0.51567  0.51480 
 13.74500  0.51567  0.51480 
 13.84500  0.51566  0.51480 
 13.94500  0.51566  0.51480 
 14.04500  0.51565  0.51480 
 14.14500  0.51565  0.51480 
 14.24500  0.51565  0.51480 
 14.34500  0.51565  0.51480 
 14.44500  0.51565  0.51480 
 14.54500  0.51564  0.51480 
 14.64500  0.51562  0.51480 
 14.74500  0.51562  0.51480 
 14.84500  0.51562  0.51480 
 14.94500  0.51562  0.51480 
 15.04500  0.51562  0.51480 
 15.14500  0.51562  0.51480 
 15.24500  0.51561  0.51480 
 15.34500  0.51561  0.51480 
 15.44500  0.51561  0.51480 
 15.54500  0.51561  0.51480 
 15.64500  0.51560  0.51480 
 15.74500  0.51560  0.51480 
 15.84500  0.51559  0.51480 
 15.94500  0.51558  0.51480 
 16.04500  0.51557  0.51480 
 16.14500  0.51556  0.51480 
 16.24500  0.51556  0.51480 
 16.34500  0.51556  0.51480 
 16.44500  0.51556  0.51480 
 16.54500  0.51555  0.51480 
 16.64500  0.51555  0.51480 
 16.74500  0.51554  0.51480 
 16.84500  0.51554  0.51480 
 16.94500  0.51554  0.51480 
 17.04500  0.51554  0.51480 
 17.14500  0.51553  0.51480 
 17.24500  0.51552  0.51480 
 17.34500  0.51551  0.51480 
 17.44500  0.51550  0.51480 
 17.54500  0.51550  0.51480 
 17.64500  0.51550  0.51480 
 17.74500  0.51550  0.51480 
 17.84500  0.51549  0.51480 
 17.94500  0.51549  0.51480 
 18.04500  0.51548  0.51480 
 18.14500  0.51547  0.51480 
 18.24500  0.51547  0.51480 
 18.34500  0.51547  0.51480 
 18.44500  0.51546  0.51480 
 18.54500  0.51545  0.51480 
 18.64500  0.51545  0.51480 
 18.74500  0.51545  0.51480 
 18.84500  0.51545  0.51480 
 18.94500  0.51544  0.51480 
 19.04500  0.51544  0.51480 
 19.14500  0.51543  0.51480 
 19.24500  0.51543  0.51480 
 19.34500  0.51541  0.51480 
 19.44500  0.51541  0.51480 
 19.54500  0.51541  0.51480 
 19.64500  0.51541  0.51480 
 19.74500  0.51539  0.51480 
 19.84500  0.51538  0.51480 
 19.94500  0.51538  0.51480 
 20.04500  0.51538  0.51480 
 20.14500  0.51537  0.51480 
 20.24500  0.51537  0.51480 
 20.34500  0.51536  0.51480 
 20.44500  0.51536  0.51480 
 20.54500  0.51536  0.51480 
 20.64500  0.51534  0.51480 
 20.74500  0.51533  0.51480 
 20.84500  0.51533  0.51480 
 20.94500  0.51532  0.51480 
 21.04500  0.51532  0.51480 
 21.14500  0.51532  0.51480 
 21.24500  0.51531  0.51480 
 21.34500  0.51531  0.51480 
 21.44500  0.51529  0.51480 
 21.54500  0.51528  0.51480 
 21.64500  0.51528  0.51480 
 21.74500  0.51528  0.51480 
 21.84500  0.51527  0.51480 
 21.94500  0.51527  0.51480 
 22.04500  0.51526  0.51480 
 22.14500  0.51526  0.51480 
 22.24500  0.51525  0.51480 
 22.34500  0.51525  0.51480 
 22.44500  0.51524  0.51480 
 22.54500  0.51524  0.51480 
 22.64500  0.51524  0.51480 
 22.74500  0.51523  0.51480 
 22.84500  0.51524  0.51480 
 22.94500  0.51522  0.51480 
 23.04500  0.51521  0.51480 
 23.14500  0.51520  0.51480 
 23.24500  0.51519  0.51480 
 23.34500  0.51518  0.51480 
 23.44500  0.51518  0.51480 
 23.54500  0.51518  0.51480 
 23.64500  0.51517  0.51480 
 23.74500  0.51516  0.51480 
 23.84500  0.51516  0.51480 
 23.94500  0.51516  0.51480 
 24.04500  0.51515  0.51480 
 24.14500  0.51514  0.51480 
 24.24500  0.51514  0.51480 
 24.34500  0.51514  0.51480 
 24.44500  0.51513  0.51480 
 24.54500  0.51512  0.51480 
 24.64500  0.51512  0.51480 
 24.74500  0.51511  0.51480 
 24.84500  0.51510  0.51480 
 24.94500  0.51509  0.51480 
 25.04500  0.51509  0.51480 
 25.14500  0.51508  0.51480 
 25.24500  0.51507  0.51480 
 25.34500  0.51506  0.51480 
 25.44500  0.51507  0.51480 
 25.54500  0.51506  0.51480 
 25.64500  0.51505  0.51480 
 25.74500  0.51504  0.51480 
 25.84500  0.51503  0.51480 
 25.94500  0.51502  0.51480 
 26.04500  0.51502  0.51475 
 26.14500  0.51501  0.51470 
 26.24500  0.51501  0.51470 
 26.34500  0.51499  0.51470 
 26.44500  0.51498  0.51470 
 26.54500  0.51498  0.51470 
 26.64500  0.51498  0.51470 
 26.74500  0.51497  0.51470 
 26.84500  0.51497  0.51470 
 26.94500  0.51496  0.51470 
 27.04500  0.51496  0.51470 
 27.14500  0.51495  0.51470 
 27.24500  0.51494  0.51470 
 27.34500  0.51494  0.51470 
 27.44500  0.51493  0.51470 
 27.54500  0.51493  0.51470 
 27.64500  0.51493  0.51470 
 27.74500  0.51492  0.51470 
 27.84500  0.51491  0.51470 
 27.94500  0.51490  0.51470 
 28.04500  0.51490  0.51470 
 28.14500  0.51488  0.51470 
 28.24500  0.51488  0.51470 
 28.34500  0.51487  0.51470 
 28.44500  0.51487  0.51470 
 28.54500  0.51486  0.51470 
 28.64500  0.51486  0.51470 
 28.74500  0.51485  0.51470 
 28.84500  0.51485  0.51470 
 28.94500  0.51484  0.51470 
 29.04500  0.51484  0.51470 
 29.14500  0.51483  0.51470 
 29.24500  0.51482  0.51470 
 29.34500  0.51482  0.51470 
 29.44500  0.51481  0.51470 
 29.54500  0.51481  0.51470 
 29.64500  0.51480  0.51470 
 29.74500  0.51480  0.51470 
 29.84500  0.51480  0.51470 
 29.94500  0.51478  0.51470 
 30.04500  0.51478  0.51470 
 30.14500  0.51478  0.51470 
 30.24500  0.51477  0.51470 
 30.34500  0.51477  0.51470 
 30.44500  0.51477  0.51470 
 30.54500  0.51476  0.51470 
 30.64500  0.51475  0.51470 
 30.74500  0.51475  0.51470 
 30.84500  0.51475  0.51470 
 30.94500  0.51473  0.51470 
 31.04500  0.51473  0.51470 
 31.14500  0.51472  0.51470 
 31.24500  0.51472  0.51470 
 31.34500  0.51471  0.51470 
 31.44500  0.51471  0.51470 
 31.54500  0.51471  0.51470 
 31.64500  0.51471  0.51470 
 31.74500  0.51470  0.51470 
 31.84500  0.51470  0.51470 
 31.94500  0.51469  0.51470 
 32.04500  0.51468  0.51470 
 32.14500  0.51468  0.51470 
 32.24500  0.51468  0.51470 
 32.34500  0.51468  0.51470 
 32.44500  0.51466  0.51470 
 32.54500  0.51466  0.51470 
 32.64500  0.51465  0.51470 
 32.74500  0.51464  0.51470 
 32.84500  0.51464  0.51470 
 32.94500  0.51464  0.51470 
 33.04500  0.51463  0.51470 
 33.14500  0.51462  0.51470 
 33.24500  0.51461  0.51470 
 33.34500  0.51461  0.51470 
 33.44500  0.51460  0.51470 
 33.54500  0.51460  0.51470 
 33.64500  0.51460  0.51470 
 33.74500  0.51460  0.51470 
 33.84500  0.51458  0.51470 
 33.94500  0.51457  0.51470 
 34.04500  0.51456  0.51470 
 34.14500  0.51455  0.51470 
 34.24500  0.51454  0.51470 
 34.34500  0.51454  0.51470 
 34.44500  0.51454  0.51470 
 34.54500  0.51453  0.51470 
 34.64500  0.51452  0.51470 
 34.74500  0.51452  0.51470 
 34.84500  0.51451  0.51470 
 34.94500  0.51451  0.51470 
 35.04500  0.51450  0.51470 
 35.14500  0.51450  0.51470 
 35.24500  0.51448  0.51470 
 35.34500  0.51448  0.51470 
 35.44500  0.51447  0.51470 
 35.54500  0.51446  0.51470 
 35.64500  0.51445  0.51470 
 35.74500  0.51445  0.51470 
 35.84500  0.51445  0.51470 
 35.94500  0.51443  0.51470 
 36.04500  0.51442  0.51470 
 36.14500  0.51442  0.51470 
 36.24500  0.51441  0.51470 
 36.34500  0.51441  0.51470 
 36.44500  0.51440  0.51470 
 36.54500  0.51439  0.51470 
 36.64500  0.51438  0.51470 
 36.74500  0.51438  0.51470 
 36.84500  0.51438  0.51470 
 36.94500  0.51437  0.51470 
 37.04500  0.51435  0.51470 
 37.14500  0.51434  0.51470 
 37.24500  0.51434  0.51470 
 37.34500  0.51433  0.51470 
 37.44500  0.51433  0.51470 
 37.54500  0.51432  0.51470 
 37.64500  0.51432  0.51470 
 37.74500  0.51432  0.51470 
 37.84500  0.51431  0.51470 
 37.94500  0.51431  0.51470 
 38.04500  0.51429  0.51470 
 38.14500  0.51428  0.51470 
 38.24500  0.51428  0.51470 
 38.34500  0.51428  0.51470 
 38.44500  0.51427  0.51470 
 38.54500  0.51426  0.51470 
 38.64500  0.51425  0.51470 
 38.74500  0.51424  0.51470 
 38.84500  0.51424  0.51470 
 38.94500  0.51424  0.51470 
 39.04500  0.51423  0.51470 
 39.14500  0.51423  0.51470 
 39.24500  0.51422  0.51470 
 39.34500  0.51422  0.51470 
 39.44500  0.51421  0.51470 
 39.54500  0.51421  0.51470 
 39.64500  0.51420  0.51470 
 39.74500  0.51420  0.51470 
 39.84500  0.51420  0.51470 
 39.94500  0.51420  0.51470 
 40.04500  0.51420  0.51470 
 40.14500  0.51418  0.51470 
 40.24500  0.51417  0.51470 
 40.34500  0.51417  0.51470 
 40.44500  0.51416  0.51470 
 40.54500  0.51416  0.51470 
 40.64500  0.51415  0.51470 
 40.74500  0.51415  0.51470 
 40.84500  0.51414  0.51470 
 40.94500  0.51414  0.51470 
 41.04500  0.51414  0.51470 
 41.14500  0.51414  0.51470 
 41.24500  0.51412  0.51470 
 41.34500  0.51412  0.51470 
 41.44500  0.51412  0.51470 
 41.54500  0.51412  0.51467 
 41.64500  0.51411  0.51460 
 41.74500  0.51411  0.51460 
 41.84500  0.51410  0.51460 
 41.94500  0.51410  0.51460 
 42.04500  0.51409  0.51460 
 42.14500  0.51409  0.51460 
 42.24500  0.51409  0.51460 
 42.34500  0.51408  0.51460 
 42.44500  0.51407  0.51460 
 42.54500  0.51406  0.51460 
 42.64500  0.51406  0.51460 
 42.74500  0.51406  0.51460 
 42.84500  0.51405  0.51460 
 42.94500  0.51405  0.51460 
 43.04500  0.51405  0.51460 
 43.14500  0.51404  0.51460 
 43.24500  0.51403  0.51460 
 43.34500  0.51403  0.51460 
 43.44500  0.51401  0.51460 
 43.54500  0.51401  0.51460 
 43.64500  0.51400  0.51460 
 43.74500  0.51399  0.51460 
 43.84500  0.51399  0.51460 
 43.94500  0.51398  0.51460 
 44.04500  0.51398  0.51460 
 44.14500  0.51397  0.51460 
 44.24500  0.51396  0.51460 
 44.34500  0.51396  0.51460 
 44.44500  0.51396  0.51460 
 44.54500  0.51396  0.51460 
 44.64500  0.51395  0.51460 
 44.74500  0.51394  0.51460 
 44.84500  0.51394  0.51460 
 44.94500  0.51393  0.51460 
 45.04500  0.51392  0.51460 
 45.14500  0.51391  0.51460 
 45.24500  0.51391  0.51460 
 45.34500  0.51391  0.51460 
 45.44500  0.51390  0.51460 
 45.54500  0.51389  0.51460 
 45.64500  0.51389  0.51460 
 45.74500  0.51388  0.51460 
 45.84500  0.51388  0.51460 
 45.94500  0.51387  0.51460 
 46.04500  0.51386  0.51460 
 46.14500  0.51386  0.51460 
 46.24500  0.51385  0.51460 
 46.34500  0.51385  0.51460 
 46.44500  0.51384  0.51460 
 46.54500  0.51383  0.51460 
 46.64500  0.51383  0.51460 
 46.74500  0.51383  0.51460 
 46.84500  0.51383  0.51460 
 46.94500  0.51382  0.51460 
 47.04500  0.51382  0.51460 
 47.14500  0.51381  0.51460 
 47.24500  0.51381  0.51460 
 47.34500  0.51381  0.51460 
 47.44500  0.51380  0.51460 
 47.54500  0.51379  0.51460 
 47.64500  0.51378  0.51460 
 47.74500  0.51378  0.51460 
 47.84500  0.51378  0.51460 
 47.94500  0.51377  0.51460 
 48.04500  0.51377  0.51460 
 48.14500  0.51377  0.51460 
 48.24500  0.51377  0.51460 
 48.34500  0.51377  0.51460 
 48.44500  0.51376  0.51460 
 48.54500  0.51376  0.51460 
 48.64500  0.51375  0.51460 
 48.74500  0.51375  0.51460 
 48.84500  0.51374  0.51460 
 48.94500  0.51374  0.51460 
 49.04500  0.51373  0.51460 
 49.14500  0.51374  0.51460 
 49.24500  0.51373  0.51460 
 49.34500  0.51373  0.51460 
 49.44500  0.51374  0.51460 
 49.54500  0.51373  0.51460 
 49.64500  0.51372  0.51460 
 49.74500  0.51372  0.51460 
 49.84500  0.51372  0.51460 
 49.94500  0.51372  0.51460 
 50.04500  0.51371  0.51460 
 50.14500  0.51370  0.51460 
 50.24500  0.51370  0.51460 
 50.34500  0.51370  0.51460 
 50.44500  0.51369  0.51460 
 50.54500  0.51369  0.51460 
 50.64500  0.51369  0.51460 
 50.74500  0.51368  0.51460 
 50.84500  0.51368  0.51460 
 50.94500  0.51368  0.51460 
 51.04500  0.51368  0.51460 
 51.14500  0.51368  0.51460 
 51.24500  0.51368  0.51460 
 51.34500  0.51367  0.51460 
 51.44500  0.51367  0.51460 
 51.54500  0.51367  0.51460 
 51.64500  0.51367  0.51460 
 51.74500  0.51367  0.51460 
 51.84500  0.51367  0.51460 
 51.94500  0.51367  0.51460 
 52.04500  0.51366  0.51460 
 52.14500  0.51366  0.51460 
 52.24500  0.51365  0.51460 
 52.34500  0.51365  0.51460 
 52.44500  0.51365  0.51460 
 52.54500  0.51365  0.51460 
 52.64500  0.51364  0.51460 
 52.74500  0.51363  0.51460 
 52.84500  0.51363  0.51460 
 52.94500  0.51362  0.51460 
 53.04500  0.51362  0.51460 
 53.14500  0.51363  0.51460 
 53.24500  0.51362  0.51460 
 53.34500  0.51362  0.51460 
 53.44500  0.51361  0.51460 
 53.54500  0.51361  0.51460 
 53.64500  0.51360  0.51460 
 53.74500  0.51360  0.51460 
 53.84500  0.51360  0.51460 
 53.94500  0.51360  0.51460 
 54.04500  0.51360  0.51460 
 54.14500  0.51360  0.51460 
 54.24500  0.51359  0.51460 
 54.34500  0.51359  0.51460 
 54.44500  0.51358  0.51460 
 54.54500  0.51358  0.51460 
 54.64500  0.51358  0.51460 
 54.74500  0.51358  0.51460 
 54.84500  0.51357  0.51460 
 54.94500  0.51357  0.51460 
 55.04500  0.51356  0.51460 
 55.14500  0.51355  0.51460 
 55.24500  0.51355  0.51460 
 55.34500  0.51355  0.51460 
 55.44500  0.51354  0.51460 
 55.54500  0.51355  0.51460 
 55.64500  0.51355  0.51460 
 55.74500  0.51355  0.51460 
 55.84500  0.51354  0.51460 
 55.94500  0.51354  0.51460 
 56.04500  0.51354  0.51460 
 56.14500  0.51353  0.51460 
 56.24500  0.51353  0.51460 
 56.34500  0.51352  0.51460 
 56.44500  0.51352  0.51460 
 56.54500  0.51352  0.51460 
 56.64500  0.51352  0.51460 
 56.74500  0.51352  0.51460 
 56.84500  0.51352  0.51460 
 56.94500  0.51351  0.51460 
 57.04500  0.51351  0.51460 
 57.14500  0.51351  0.51460 
 57.24500  0.51350  0.51460 
 57.34500  0.51350  0.51460 
 57.44500  0.51350  0.51460 
 57.54500  0.51349  0.51460 
 57.64500  0.51349  0.51460 
 57.74500  0.51349  0.51460 
 57.84500  0.51349  0.51460 
 57.94500  0.51349  0.51460 
 58.04500  0.51349  0.51460 
 58.14500  0.51349  0.51460 
 58.24500  0.51349  0.51460 
 58.34500  0.51350  0.51460 
 58.44500  0.51349  0.51460 
 58.54500  0.51350  0.51460 
 58.64500  0.51350  0.51460 
 58.74500  0.51350  0.51460 
 58.84500  0.51349  0.51460 
 58.94500  0.51350  0.51460 
 59.04500  0.51350  0.51460 
 59.14500  0.51350  0.51460 
 59.24500  0.51350  0.51460 
 59.34500  0.51350  0.51460 
 59.44500  0.51350  0.51460 
 59.54500  0.51351  0.51460 
 59.64500  0.51351  0.51460 
 59.74500  0.51351  0.51460 
 59.84500  0.51351  0.51460 
 59.94500  0.51352  0.51460 
 60.04500  0.51351  0.51460 
 60.14500  0.51351  0.51460 
 60.24500  0.51351  0.51460 
 60.34500  0.51351  0.51460 
 60.44500  0.51351  0.51460 
 60.54500  0.51351  0.51460 
 60.64500  0.51352  0.51460 
 60.74500  0.51352  0.51460 
 60.84500  0.51352  0.51460 
 60.94500  0.51352  0.51460 
 61.04500  0.51352  0.51460 
 61.14500  0.51353  0.51460 
 61.24500  0.51353  0.51460 
 61.34500  0.51352  0.51460 
 61.44500  0.51352  0.51460 
 61.54500  0.51352  0.51460 
 61.64500  0.51353  0.51460 
 61.74500  0.51353  0.51460 
 61.84500  0.51353  0.51460 
 61.94500  0.51353  0.51460 
 62.04500  0.51353  0.51460 
 62.14500  0.51353  0.51460 
 62.24500  0.51353  0.51460 
 62.34500  0.51353  0.51460 
 62.44500  0.51353  0.51460 
 62.54500  0.51353  0.51460 
 62.64500  0.51353  0.51460 
 62.74500  0.51353  0.51460 
