  0.04500  0.99971  0.99970 
  0.14500  0.99967  0.99970 
  0.24500  0.99958  0.99961 
  0.34500  0.99949  0.99952 
  0.44500  0.99934  0.99936 
  0.54500  0.99913  0.99916 
  0.64500  0.99887  0.99888 
  0.74500  0.99851  0.99852 
  0.84500  0.99800  0.99804 
  0.94500  0.99741  0.99742 
  1.04500  0.99660  0.99662 
  1.14500  0.99559  0.99561 
  1.24500  0.99431  0.99432 
  1.34500  0.99270  0.99273 
  1.44500  0.99072  0.99075 
  1.54500  0.98832  0.98833 
  1.64500  0.98532  0.98535 
  1.74500  0.98176  0.98176 
  1.84500  0.97743  0.97743 
  1.94500  0.97224  0.97227 
  2.04500  0.96614  0.96615 
  2.14500  0.95894  0.95898 
  2.24500  0.95062  0.95061 
  2.34500  0.94093  0.94094 
  2.44500  0.92985  0.92985 
  2.54500  0.91723  0.91723 
  2.64500  0.90294  0.90294 
  2.74500  0.88696  0.88694 
  2.84500  0.86917  0.86912 
  2.94500  0.84951  0.84945 
  3.04500  0.82794  0.82795 
  3.14500  0.80450  0.80456 
  3.24500  0.77923  0.77933 
  3.34500  0.75221  0.75233 
  3.44500  0.72357  0.72364 
  3.54500  0.69350  0.69343 
  3.64500  0.66207  0.66186 
  3.74500  0.62939  0.62909 
  3.84500  0.59560  0.59537 
  3.94500  0.56087  0.56094 
  4.04500  0.52544  0.52603 
  4.14500  0.49131  0.49092 
  4.24500  0.45619  0.45589 
  4.34500  0.42112  0.42124 
  4.44500  0.38691  0.38719 
  4.54500  0.35375  0.35402 
  4.64500  0.32184  0.32196 
  4.74500  0.29127  0.29123 
  4.84500  0.26213  0.26201 
  4.94500  0.23460  0.23447 
  5.04500  0.20883  0.20874 
  5.14500  0.18498  0.18493 
  5.24500  0.16311  0.16312 
  5.34500  0.14332  0.14333 
  5.44500  0.12564  0.12566 
  5.54500  0.11003  0.11005 
  5.64500  0.09650  0.09652 
  5.74500  0.08504  0.08504 
  5.84500  0.07560  0.07561 
  5.94500  0.06820  0.06820 
  6.04500  0.06275  0.06277 
  6.14500  0.05931  0.05929 
  6.24500  0.05774  0.05776 
  6.34500  0.05818  0.05817 
  6.44500  0.06057  0.06055 
  6.54500  0.06488  0.06485 
  6.64500  0.07115  0.07113 
  6.74500  0.07943  0.07943 
  6.84500  0.08973  0.08972 
  6.94500  0.10206  0.10207 
  7.04500  0.11647  0.11649 
  7.14500  0.13299  0.13300 
  7.24500  0.15157  0.15160 
  7.34500  0.17226  0.17223 
  7.44500  0.19496  0.19492 
  7.54500  0.21965  0.21956 
  7.64500  0.24619  0.24606 
  7.74500  0.27443  0.27434 
  7.84500  0.30421  0.30424 
  7.94500  0.33538  0.33556 
  8.04500  0.36785  0.36812 
  8.14500  0.40145  0.40170 
  8.24500  0.43607  0.43605 
  8.34500  0.47142  0.47086 
  8.44500  0.50571  0.50596 
  8.54500  0.54064  0.54101 
  8.64500  0.57580  0.57572 
  8.74500  0.61014  0.60984 
  8.84500  0.64340  0.64311 
  8.94500  0.67544  0.67532 
  9.04500  0.70625  0.70626 
  9.14500  0.73560  0.73568 
  9.24500  0.76338  0.76349 
  9.34500  0.78942  0.78951 
  9.44500  0.81364  0.81366 
  9.54500  0.83586  0.83586 
  9.64500  0.85610  0.85606 
  9.74500  0.87430  0.87426 
  9.84500  0.89048  0.89046 
  9.94500  0.90467  0.90466 
 10.04500  0.91685  0.91687 
 10.14500  0.92719  0.92714 
 10.24500  0.93556  0.93555 
 10.34500  0.94211  0.94210 
 10.44500  0.94686  0.94685 
 10.54500  0.94981  0.94982 
 10.64500  0.95101  0.95101 
 10.74500  0.95044  0.95044 
 10.84500  0.94814  0.94813 
 10.94500  0.94403  0.94404 
 11.04500  0.93814  0.93816 
 11.14500  0.93040  0.93041 
 11.24500  0.92079  0.92081 
 11.34500  0.90930  0.90928 
 11.44500  0.89582  0.89580 
 11.54500  0.88039  0.88035 
 11.64500  0.86293  0.86288 
 11.74500  0.84341  0.84340 
 11.84500  0.82189  0.82191 
 11.94500  0.79839  0.79848 
 12.04500  0.77299  0.77312 
 12.14500  0.74584  0.74595 
 12.24500  0.71704  0.71709 
 12.34500  0.68675  0.68670 
 12.44500  0.65514  0.65492 
 12.54500  0.62230  0.62202 
 12.64500  0.58835  0.58816 
 12.74500  0.55349  0.55367 
 12.84500  0.51799  0.51874 
 12.94500  0.48437  0.48365 
 13.04500  0.44894  0.44873 
 13.14500  0.41406  0.41425 
 13.24500  0.38014  0.38044 
 13.34500  0.34732  0.34757 
 13.44500  0.31578  0.31588 
 13.54500  0.28565  0.28561 
 13.64500  0.25704  0.25690 
 13.74500  0.23009  0.22998 
 13.84500  0.20502  0.20495 
 13.94500  0.18196  0.18193 
 14.04500  0.16100  0.16100 
 14.14500  0.14218  0.14223 
 14.24500  0.12563  0.12567 
 14.34500  0.11127  0.11132 
 14.44500  0.09917  0.09922 
 14.54500  0.08935  0.08934 
 14.64500  0.08169  0.08172 
 14.74500  0.07630  0.07631 
 14.84500  0.07310  0.07311 
 14.94500  0.07213  0.07211 
 15.04500  0.07337  0.07335 
 15.14500  0.07682  0.07680 
 15.24500  0.08246  0.08246 
 15.34500  0.09033  0.09033 
 15.44500  0.10047  0.10047 
 15.54500  0.11281  0.11283 
 15.64500  0.12739  0.12742 
 15.74500  0.14422  0.14424 
 15.84500  0.16322  0.16326 
 15.94500  0.18444  0.18440 
 16.04500  0.20774  0.20767 
 16.14500  0.23303  0.23291 
 16.24500  0.26018  0.26005 
 16.34500  0.28896  0.28894 
 16.44500  0.31927  0.31939 
 16.54500  0.35097  0.35121 
 16.64500  0.38390  0.38419 
 16.74500  0.41797  0.41810 
 16.84500  0.45290  0.45266 
 16.94500  0.48814  0.48761 
 17.04500  0.52198  0.52265 
 17.14500  0.55746  0.55757 
 17.24500  0.59222  0.59203 
 17.34500  0.62606  0.62577 
 17.44500  0.65878  0.65856 
 17.54500  0.69025  0.69019 
 17.64500  0.72036  0.72043 
 17.74500  0.74897  0.74911 
 17.84500  0.77594  0.77606 
 17.94500  0.80114  0.80121 
 18.04500  0.82442  0.82443 
 18.14500  0.84572  0.84571 
 18.24500  0.86499  0.86493 
 18.34500  0.88223  0.88221 
 18.44500  0.89745  0.89743 
 18.54500  0.91070  0.91067 
 18.64500  0.92198  0.92198 
 18.74500  0.93137  0.93139 
 18.84500  0.93889  0.93890 
 18.94500  0.94458  0.94458 
 19.04500  0.94849  0.94847 
 19.14500  0.95063  0.95059 
 19.24500  0.95099  0.95096 
 19.34500  0.94960  0.94957 
 19.44500  0.94642  0.94642 
 19.54500  0.94147  0.94145 
 19.64500  0.93471  0.93470 
 19.74500  0.92610  0.92609 
 19.84500  0.91561  0.91558 
 19.94500  0.90316  0.90314 
 20.04500  0.88877  0.88873 
 20.14500  0.87234  0.87233 
 20.24500  0.85393  0.85390 
 20.34500  0.83346  0.83345 
 20.44500  0.81099  0.81103 
 20.54500  0.78659  0.78667 
 20.64500  0.76033  0.76044 
 20.74500  0.73237  0.73246 
 20.84500  0.70286  0.70286 
 20.94500  0.67195  0.67178 
 21.04500  0.63970  0.63943 
 21.14500  0.60634  0.60606 
 21.24500  0.57191  0.57187 
 21.34500  0.53673  0.53713 
 21.44500  0.50203  0.50209 
 21.54500  0.46753  0.46706 
 21.64500  0.43229  0.43231 
 21.74500  0.39784  0.39812 
 21.84500  0.36443  0.36470 
 21.94500  0.33220  0.33237 
 22.04500  0.30131  0.30132 
 22.14500  0.27189  0.27177 
 22.24500  0.24402  0.24391 
 22.34500  0.21798  0.21786 
 22.44500  0.19381  0.19376 
 22.54500  0.17176  0.17173 
 22.64500  0.15183  0.15183 
 22.74500  0.13406  0.13409 
 22.84500  0.11855  0.11860 
 22.94500  0.10528  0.10530 
 23.04500  0.09426  0.09427 
 23.14500  0.08546  0.08544 
 23.24500  0.07886  0.07887 
 23.34500  0.07452  0.07452 
 23.44500  0.07238  0.07237 
 23.54500  0.07244  0.07243 
 23.64500  0.07473  0.07471 
 23.74500  0.07921  0.07921 
 23.84500  0.08593  0.08591 
 23.94500  0.09487  0.09487 
 24.04500  0.10604  0.10606 
 24.14500  0.11945  0.11948 
 24.24500  0.13508  0.13512 
 24.34500  0.15295  0.15299 
 24.44500  0.17305  0.17304 
 24.54500  0.19525  0.19520 
 24.64500  0.21952  0.21942 
 24.74500  0.24569  0.24556 
 24.84500  0.27361  0.27354 
 24.94500  0.30317  0.30321 
 25.04500  0.33417  0.33434 
 25.14500  0.36644  0.36674 
 25.24500  0.39994  0.40021 
 25.34500  0.43444  0.43445 
 25.44500  0.46975  0.46925 
 25.54500  0.50413  0.50429 
 25.64500  0.53896  0.53933 
 25.74500  0.57414  0.57407 
 25.84500  0.60854  0.60826 
 25.94500  0.64190  0.64163 
 26.04500  0.67408  0.67395 
 26.14500  0.70501  0.70502 
 26.24500  0.73456  0.73466 
 26.34500  0.76257  0.76268 
 26.44500  0.78891  0.78900 
 26.54500  0.81346  0.81350 
 26.64500  0.83614  0.83614 
 26.74500  0.85692  0.85691 
 26.84500  0.87577  0.87574 
 26.94500  0.89275  0.89274 
 27.04500  0.90792  0.90792 
 27.14500  0.92135  0.92134 
 27.24500  0.93309  0.93309 
 27.34500  0.94324  0.94324 
 27.44500  0.95190  0.95192 
 27.54500  0.95917  0.95917 
 27.64500  0.96509  0.96511 
 27.74500  0.96980  0.96983 
 27.84500  0.97336  0.97333 
 27.94500  0.97576  0.97576 
 28.04500  0.97707  0.97710 
 28.14500  0.97738  0.97736 
 28.24500  0.97658  0.97658 
 28.34500  0.97476  0.97476 
 28.44500  0.97182  0.97182 
 28.54500  0.96775  0.96776 
 28.64500  0.96247  0.96247 
 28.74500  0.95592  0.95591 
 28.84500  0.94800  0.94801 
 28.94500  0.93865  0.93865 
 29.04500  0.92775  0.92775 
 29.14500  0.91525  0.91523 
 29.24500  0.90103  0.90099 
 29.34500  0.88500  0.88498 
 29.44500  0.86713  0.86709 
 29.54500  0.84737  0.84736 
 29.64500  0.82570  0.82573 
 29.74500  0.80212  0.80219 
 29.84500  0.77674  0.77682 
 29.94500  0.74956  0.74966 
 30.04500  0.72080  0.72089 
 30.14500  0.69060  0.69052 
 30.24500  0.65904  0.65883 
 30.34500  0.62627  0.62597 
 30.44500  0.59240  0.59216 
 30.54500  0.55756  0.55767 
 30.64500  0.52206  0.52272 
 30.74500  0.48811  0.48759 
 30.84500  0.45284  0.45257 
 30.94500  0.41777  0.41789 
 31.04500  0.38357  0.38386 
 31.14500  0.35044  0.35071 
 31.24500  0.31853  0.31866 
 31.34500  0.28794  0.28790 
 31.44500  0.25879  0.25864 
 31.54500  0.23114  0.23103 
 31.64500  0.20525  0.20513 
 31.74500  0.18115  0.18111 
 31.84500  0.15895  0.15894 
 31.94500  0.13868  0.13871 
 32.04500  0.12036  0.12037 
 32.14500  0.10389  0.10391 
 32.24500  0.08927  0.08928 
 32.34500  0.07640  0.07640 
 32.44500  0.06524  0.06524 
 32.54500  0.05571  0.05570 
 32.64500  0.04767  0.04767 
 32.74500  0.04113  0.04113 
 32.84500  0.03595  0.03595 
 32.94500  0.03210  0.03209 
 33.04500  0.02954  0.02953 
 33.14500  0.02821  0.02821 
 33.24500  0.02810  0.02809 
 33.34500  0.02919  0.02919 
 33.44500  0.03155  0.03154 
 33.54500  0.03517  0.03515 
 33.64500  0.04010  0.04008 
 33.74500  0.04639  0.04639 
 33.84500  0.05413  0.05411 
 33.94500  0.06340  0.06338 
 34.04500  0.07426  0.07426 
 34.14500  0.08680  0.08679 
 34.24500  0.10106  0.10112 
 34.34500  0.11719  0.11722 
 34.44500  0.13520  0.13522 
 34.54500  0.15513  0.15513 
 34.64500  0.17695  0.17693 
 34.74500  0.20070  0.20064 
 34.84500  0.22629  0.22620 
 34.94500  0.25362  0.25349 
 35.04500  0.28255  0.28247 
 35.14500  0.31290  0.31295 
 35.24500  0.34456  0.34478 
 35.34500  0.37743  0.37774 
 35.44500  0.41146  0.41165 
 35.54500  0.44636  0.44620 
 35.64500  0.48191  0.48118 
 35.74500  0.51563  0.51631 
 35.84500  0.55114  0.55131 
 35.94500  0.58607  0.58590 
 36.04500  0.62012  0.61985 
 36.14500  0.65310  0.65287 
 36.24500  0.68486  0.68477 
 36.34500  0.71528  0.71532 
 36.44500  0.74424  0.74435 
 36.54500  0.77165  0.77174 
 36.64500  0.79728  0.79733 
 36.74500  0.82104  0.82107 
 36.84500  0.84291  0.84289 
 36.94500  0.86279  0.86276 
 37.04500  0.88073  0.88068 
 37.14500  0.89672  0.89667 
 37.24500  0.91079  0.91076 
 37.34500  0.92303  0.92302 
 37.44500  0.93348  0.93349 
 37.54500  0.94220  0.94222 
 37.64500  0.94927  0.94926 
 37.74500  0.95470  0.95472 
 37.84500  0.95859  0.95860 
 37.94500  0.96096  0.96096 
 38.04500  0.96180  0.96179 
 38.14500  0.96114  0.96114 
 38.24500  0.95897  0.95899 
 38.34500  0.95526  0.95529 
 38.44500  0.95005  0.95004 
 38.54500  0.94317  0.94318 
 38.64500  0.93467  0.93465 
 38.74500  0.92442  0.92441 
 38.84500  0.91242  0.91240 
 38.94500  0.89856  0.89856 
 39.04500  0.88284  0.88279 
 39.14500  0.86516  0.86512 
 39.24500  0.84549  0.84549 
 39.34500  0.82388  0.82393 
 39.44500  0.80035  0.80040 
 39.54500  0.77494  0.77504 
 39.64500  0.74775  0.74788 
 39.74500  0.71901  0.71903 
 39.84500  0.68875  0.68868 
 39.94500  0.65715  0.65693 
 40.04500  0.62433  0.62403 
 40.14500  0.59042  0.59022 
 40.24500  0.55553  0.55568 
 40.34500  0.52004  0.52073 
 40.44500  0.48624  0.48560 
 40.54500  0.45086  0.45060 
 40.64500  0.41583  0.41600 
 40.74500  0.38177  0.38203 
 40.84500  0.34876  0.34897 
 40.94500  0.31694  0.31702 
 41.04500  0.28647  0.28645 
 41.14500  0.25747  0.25736 
 41.24500  0.23007  0.22995 
 41.34500  0.20442  0.20432 
 41.44500  0.18063  0.18059 
 41.54500  0.15880  0.15882 
 41.64500  0.13895  0.13898 
 41.74500  0.12112  0.12116 
 41.84500  0.10531  0.10534 
 41.94500  0.09147  0.09146 
 42.04500  0.07949  0.07952 
 42.14500  0.06947  0.06944 
 42.24500  0.06122  0.06122 
 42.34500  0.05479  0.05479 
 42.44500  0.05010  0.05006 
 42.54500  0.04708  0.04708 
 42.64500  0.04581  0.04580 
 42.74500  0.04620  0.04617 
 42.84500  0.04825  0.04825 
 42.94500  0.05205  0.05203 
 43.04500  0.05754  0.05752 
 43.14500  0.06480  0.06479 
 43.24500  0.07389  0.07388 
 43.34500  0.08480  0.08481 
 43.44500  0.09762  0.09767 
 43.54500  0.11239  0.11241 
 43.64500  0.12915  0.12917 
 43.74500  0.14790  0.14790 
 43.84500  0.16865  0.16863 
 43.94500  0.19140  0.19133 
 44.04500  0.21606  0.21595 
 44.14500  0.24257  0.24242 
 44.24500  0.27072  0.27062 
 44.34500  0.30041  0.30043 
 44.44500  0.33150  0.33166 
 44.54500  0.36390  0.36416 
 44.64500  0.39741  0.39765 
 44.74500  0.43194  0.43197 
 44.84500  0.46729  0.46678 
 44.94500  0.50180  0.50189 
 45.04500  0.53658  0.53695 
 45.14500  0.57181  0.57178 
 45.24500  0.60629  0.60600 
 45.34500  0.63973  0.63946 
 45.44500  0.67202  0.67186 
 45.54500  0.70306  0.70304 
 45.64500  0.73267  0.73277 
 45.74500  0.76079  0.76091 
 45.84500  0.78724  0.78733 
 45.94500  0.81193  0.81197 
 46.04500  0.83474  0.83473 
 46.14500  0.85565  0.85560 
 46.24500  0.87463  0.87459 
 46.34500  0.89172  0.89171 
 46.44500  0.90701  0.90699 
 46.54500  0.92054  0.92052 
 46.64500  0.93238  0.93237 
 46.74500  0.94264  0.94264 
 46.84500  0.95140  0.95139 
 46.94500  0.95874  0.95876 
 47.04500  0.96477  0.96476 
 47.14500  0.96955  0.96956 
 47.24500  0.97316  0.97314 
 47.34500  0.97563  0.97564 
 47.44500  0.97702  0.97703 
 47.54500  0.97738  0.97736 
 47.64500  0.97669  0.97669 
 47.74500  0.97493  0.97491 
 47.84500  0.97206  0.97204 
 47.94500  0.96805  0.96804 
 48.04500  0.96286  0.96286 
 48.14500  0.95641  0.95640 
 48.24500  0.94857  0.94857 
 48.34500  0.93932  0.93932 
 48.44500  0.92850  0.92850 
 48.54500  0.91612  0.91609 
 48.64500  0.90197  0.90197 
 48.74500  0.88610  0.88606 
 48.84500  0.86835  0.86832 
 48.94500  0.84871  0.84870 
 49.04500  0.82717  0.82719 
 49.14500  0.80372  0.80378 
 49.24500  0.77842  0.77852 
 49.34500  0.75138  0.75149 
 49.44500  0.72273  0.72279 
 49.54500  0.69260  0.69256 
 49.64500  0.66113  0.66094 
 49.74500  0.62846  0.62816 
 49.84500  0.59462  0.59438 
 49.94500  0.55985  0.55994 
 50.04500  0.52441  0.52502 
 50.14500  0.49031  0.48990 
 50.24500  0.45516  0.45487 
 50.34500  0.42007  0.42018 
 50.44500  0.38585  0.38613 
 50.54500  0.35271  0.35294 
 50.64500  0.32074  0.32086 
 50.74500  0.29012  0.29007 
 50.84500  0.26092  0.26081 
 50.94500  0.23331  0.23320 
 51.04500  0.20742  0.20734 
 51.14500  0.18340  0.18337 
 51.24500  0.16133  0.16133 
 51.34500  0.14126  0.14130 
 51.44500  0.12320  0.12322 
 51.54500  0.10714  0.10716 
 51.64500  0.09304  0.09305 
 51.74500  0.08086  0.08086 
 51.84500  0.07057  0.07057 
 51.94500  0.06213  0.06211 
 52.04500  0.05548  0.05547 
 52.14500  0.05058  0.05055 
 52.24500  0.04737  0.04737 
 52.34500  0.04586  0.04587 
 52.44500  0.04605  0.04603 
 52.54500  0.04793  0.04792 
 52.64500  0.05148  0.05150 
 52.74500  0.05679  0.05677 
 52.84500  0.06381  0.06383 
 52.94500  0.07270  0.07268 
 53.04500  0.08338  0.08339 
 53.14500  0.09595  0.09600 
 53.24500  0.11049  0.11052 
 53.34500  0.12700  0.12702 
 53.44500  0.14551  0.14552 
 53.54500  0.16601  0.16602 
 53.64500  0.18852  0.18846 
 53.74500  0.21295  0.21286 
 53.84500  0.23923  0.23910 
 53.94500  0.26720  0.26710 
 54.04500  0.29671  0.29671 
 54.14500  0.32767  0.32777 
 54.24500  0.35984  0.36011 
 54.34500  0.39323  0.39352 
 54.44500  0.42765  0.42771 
 54.54500  0.46287  0.46246 
 54.64500  0.49761  0.49751 
 54.74500  0.53213  0.53255 
 54.84500  0.56738  0.56738 
 54.94500  0.60191  0.60163 
 55.04500  0.63538  0.63511 
 55.14500  0.66768  0.66753 
 55.24500  0.69872  0.69868 
 55.34500  0.72828  0.72837 
 55.44500  0.75629  0.75640 
 55.54500  0.78258  0.78268 
 55.64500  0.80698  0.80703 
 55.74500  0.82938  0.82941 
 55.84500  0.84974  0.84969 
 55.94500  0.86795  0.86790 
 56.04500  0.88405  0.88399 
 56.14500  0.89797  0.89794 
 56.24500  0.90979  0.90978 
 56.34500  0.91951  0.91952 
 56.44500  0.92714  0.92715 
 56.54500  0.93273  0.93275 
 56.64500  0.93627  0.93628 
 56.74500  0.93780  0.93778 
 56.84500  0.93728  0.93727 
 56.94500  0.93472  0.93470 
 57.04500  0.93012  0.93010 
 57.14500  0.92348  0.92347 
 57.24500  0.91476  0.91473 
 57.34500  0.90393  0.90391 
 57.44500  0.89101  0.89098 
 57.54500  0.87596  0.87592 
 57.64500  0.85879  0.85873 
 57.74500  0.83947  0.83947 
 57.84500  0.81805  0.81808 
 57.94500  0.79459  0.79468 
 58.04500  0.76919  0.76932 
 58.14500  0.74201  0.74210 
 58.24500  0.71315  0.71320 
 58.34500  0.68280  0.68271 
 58.44500  0.65109  0.65087 
 58.54500  0.61819  0.61788 
 58.64500  0.58412  0.58398 
 58.74500  0.54917  0.54940 
 58.84500  0.51381  0.51442 
 58.94500  0.48001  0.47932 
 59.04500  0.44451  0.44437 
 59.14500  0.40964  0.40985 
 59.24500  0.37570  0.37598 
 59.34500  0.34288  0.34308 
 59.44500  0.31123  0.31130 
 59.54500  0.28093  0.28087 
 59.64500  0.25208  0.25195 
 59.74500  0.22480  0.22470 
 59.84500  0.19927  0.19917 
 59.94500  0.17553  0.17552 
 60.04500  0.15369  0.15370 
 60.14500  0.13374  0.13373 
 60.24500  0.11565  0.11567 
 60.34500  0.09937  0.09938 
 60.44500  0.08487  0.08487 
 60.54500  0.07198  0.07196 
 60.64500  0.06066  0.06066 
 60.74500  0.05080  0.05079 
 60.84500  0.04224  0.04223 
 60.94500  0.03488  0.03489 
 61.04500  0.02863  0.02861 
 61.14500  0.02332  0.02330 
 61.24500  0.01888  0.01885 
 61.34500  0.01519  0.01515 
 61.44500  0.01210  0.01210 
 61.54500  0.00963  0.00958 
 61.64500  0.00758  0.00754 
 61.74500  0.00593  0.00591 
 61.84500  0.00460  0.00458 
 61.94500  0.00356  0.00355 
 62.04500  0.00273  0.00271 
 62.14500  0.00210  0.00206 
 62.24500  0.00160  0.00157 
 62.34500  0.00121  0.00119 
 62.44500  0.00096  0.00092 
 62.54500  0.00076  0.00072 
 62.64500  0.00063  0.00058 
 62.74500  0.00052  0.00050 
