  0.04500  0.51962  0.52210 
  0.14500  0.51962  0.52210 
  0.24500  0.51962  0.52210 
  0.34500  0.51963  0.52210 
  0.44500  0.51963  0.52210 
  0.54500  0.51961  0.52210 
  0.64500  0.51962  0.52210 
  0.74500  0.51962  0.52210 
  0.84500  0.51962  0.52210 
  0.94500  0.51963  0.52210 
  1.04500  0.51962  0.52210 
  1.14500  0.51963  0.52210 
  1.24500  0.51962  0.52210 
  1.34500  0.51963  0.52210 
  1.44500  0.51963  0.52210 
  1.54500  0.51963  0.52210 
  1.64500  0.51963  0.52210 
  1.74500  0.51963  0.52210 
  1.84500  0.51964  0.52210 
  1.94500  0.51963  0.52210 
  2.04500  0.51964  0.52210 
  2.14500  0.51963  0.52210 
  2.24500  0.51962  0.52210 
  2.34500  0.51964  0.52210 
  2.44500  0.51964  0.52210 
  2.54500  0.51964  0.52210 
  2.64500  0.51965  0.52210 
  2.74500  0.51965  0.52210 
  2.84500  0.51965  0.52210 
  2.94500  0.51964  0.52210 
  3.04500  0.51963  0.52210 
  3.14500  0.51964  0.52210 
  3.24500  0.51964  0.52200 
  3.34500  0.51964  0.52200 
  3.44500  0.51965  0.52200 
  3.54500  0.51965  0.52200 
  3.64500  0.51963  0.52200 
  3.74500  0.51964  0.52200 
  3.84500  0.51965  0.52200 
  3.94500  0.51965  0.52200 
  4.04500  0.51964  0.52200 
  4.14500  0.51963  0.52200 
  4.24500  0.51962  0.52200 
  4.34500  0.51964  0.52200 
  4.44500  0.51964  0.52200 
  4.54500  0.51963  0.52199 
  4.64500  0.51963  0.52190 
  4.74500  0.51962  0.52190 
  4.84500  0.51962  0.52190 
  4.94500  0.51963  0.52190 
  5.04500  0.51962  0.52190 
  5.14500  0.51960  0.52190 
  5.24500  0.51961  0.52190 
  5.34500  0.51961  0.52190 
  5.44500  0.51961  0.52190 
  5.54500  0.51960  0.52190 
  5.64500  0.51959  0.52186 
  5.74500  0.51959  0.52180 
  5.84500  0.51958  0.52180 
  5.94500  0.51957  0.52180 
  6.04500  0.51957  0.52180 
  6.14500  0.51956  0.52180 
  6.24500  0.51955  0.52180 
  6.34500  0.51955  0.52180 
  6.44500  0.51955  0.52180 
  6.54500  0.51954  0.52176 
  6.64500  0.51952  0.52170 
  6.74500  0.51951  0.52170 
  6.84500  0.51950  0.52170 
  6.94500  0.51950  0.52170 
  7.04500  0.51950  0.52170 
  7.14500  0.51947  0.52170 
  7.24500  0.51946  0.52170 
  7.34500  0.51946  0.52165 
  7.44500  0.51944  0.52160 
  7.54500  0.51943  0.52160 
  7.64500  0.51943  0.52160 
  7.74500  0.51941  0.52160 
  7.84500  0.51941  0.52160 
  7.94500  0.51941  0.52160 
  8.04500  0.51939  0.52156 
  8.14500  0.51938  0.52150 
  8.24500  0.51937  0.52150 
  8.34500  0.51935  0.52150 
  8.44500  0.51934  0.52150 
  8.54500  0.51932  0.52150 
  8.64500  0.51932  0.52150 
  8.74500  0.51931  0.52143 
  8.84500  0.51929  0.52140 
  8.94500  0.51927  0.52140 
  9.04500  0.51925  0.52140 
  9.14500  0.51925  0.52140 
  9.24500  0.51923  0.52140 
  9.34500  0.51920  0.52134 
  9.44500  0.51920  0.52130 
  9.54500  0.51918  0.52130 
  9.64500  0.51917  0.52130 
  9.74500  0.51915  0.52130 
  9.84500  0.51914  0.52130 
  9.94500  0.51912  0.52123 
 10.04500  0.51911  0.52120 
 10.14500  0.51910  0.52120 
 10.24500  0.51909  0.52120 
 10.34500  0.51908  0.52120 
 10.44500  0.51906  0.52118 
 10.54500  0.51904  0.52110 
 10.64500  0.51904  0.52110 
 10.74500  0.51902  0.52110 
 10.84500  0.51901  0.52110 
 10.94500  0.51900  0.52110 
 11.04500  0.51898  0.52100 
 11.14500  0.51897  0.52100 
 11.24500  0.51895  0.52100 
 11.34500  0.51895  0.52100 
 11.44500  0.51892  0.52100 
 11.54500  0.51891  0.52091 
 11.64500  0.51890  0.52090 
 11.74500  0.51889  0.52090 
 11.84500  0.51888  0.52090 
 11.94500  0.51886  0.52090 
 12.04500  0.51885  0.52080 
 12.14500  0.51884  0.52080 
 12.24500  0.51883  0.52080 
 12.34500  0.51880  0.52080 
 12.44500  0.51879  0.52077 
 12.54500  0.51878  0.52070 
 12.64500  0.51876  0.52070 
 12.74500  0.51875  0.52070 
 12.84500  0.51874  0.52070 
 12.94500  0.51872  0.52062 
 13.04500  0.51871  0.52060 
 13.14500  0.51869  0.52060 
 13.24500  0.51867  0.52060 
 13.34500  0.51866  0.52056 
 13.44500  0.51865  0.52050 
 13.54500  0.51863  0.52050 
 13.64500  0.51862  0.52050 
 13.74500  0.51860  0.52049 
 13.84500  0.51859  0.52040 
 13.94500  0.51857  0.52040 
 14.04500  0.51855  0.52040 
 14.14500  0.51854  0.52040 
 14.24500  0.51853  0.52031 
 14.34500  0.51851  0.52030 
 14.44500  0.51850  0.52030 
 14.54500  0.51847  0.52030 
 14.64500  0.51845  0.52022 
 14.74500  0.51844  0.52020 
 14.84500  0.51842  0.52020 
 14.94500  0.51841  0.52020 
 15.04500  0.51839  0.52012 
 15.14500  0.51838  0.52010 
 15.24500  0.51836  0.52010 
 15.34500  0.51834  0.52010 
 15.44500  0.51832  0.52001 
 15.54500  0.51830  0.52000 
 15.64500  0.51829  0.52000 
 15.74500  0.51827  0.51999 
 15.84500  0.51825  0.51990 
 15.94500  0.51824  0.51990 
 16.04500  0.51820  0.51990 
 16.14500  0.51818  0.51987 
 16.24500  0.51816  0.51980 
 16.34500  0.51815  0.51980 
 16.44500  0.51813  0.51980 
 16.54500  0.51812  0.51974 
 16.64500  0.51810  0.51970 
 16.74500  0.51807  0.51970 
 16.84500  0.51805  0.51970 
 16.94500  0.51804  0.51960 
 17.04500  0.51802  0.51960 
 17.14500  0.51800  0.51960 
 17.24500  0.51798  0.51956 
 17.34500  0.51795  0.51950 
 17.44500  0.51793  0.51950 
 17.54500  0.51791  0.51950 
 17.64500  0.51789  0.51941 
 17.74500  0.51788  0.51940 
 17.84500  0.51785  0.51940 
 17.94500  0.51783  0.51936 
 18.04500  0.51782  0.51930 
 18.14500  0.51780  0.51930 
 18.24500  0.51778  0.51930 
 18.34500  0.51776  0.51920 
 18.44500  0.51774  0.51920 
 18.54500  0.51771  0.51920 
 18.64500  0.51769  0.51914 
 18.74500  0.51767  0.51910 
 18.84500  0.51766  0.51910 
 18.94500  0.51763  0.51907 
 19.04500  0.51762  0.51900 
 19.14500  0.51759  0.51900 
 19.24500  0.51757  0.51900 
 19.34500  0.51755  0.51890 
 19.44500  0.51753  0.51890 
 19.54500  0.51752  0.51890 
 19.64500  0.51749  0.51883 
 19.74500  0.51747  0.51880 
 19.84500  0.51745  0.51880 
 19.94500  0.51743  0.51875 
 20.04500  0.51742  0.51870 
 20.14500  0.51739  0.51870 
 20.24500  0.51737  0.51867 
 20.34500  0.51735  0.51860 
 20.44500  0.51733  0.51860 
 20.54500  0.51731  0.51858 
 20.64500  0.51728  0.51850 
 20.74500  0.51726  0.51850 
 20.84500  0.51723  0.51850 
 20.94500  0.51721  0.51840 
 21.04500  0.51719  0.51840 
 21.14500  0.51718  0.51840 
 21.24500  0.51715  0.51831 
 21.34500  0.51713  0.51830 
 21.44500  0.51710  0.51830 
 21.54500  0.51709  0.51821 
 21.64500  0.51707  0.51820 
 21.74500  0.51705  0.51820 
 21.84500  0.51703  0.51812 
 21.94500  0.51700  0.51810 
 22.04500  0.51698  0.51810 
 22.14500  0.51696  0.51802 
 22.24500  0.51694  0.51800 
 22.34500  0.51692  0.51800 
 22.44500  0.51689  0.51792 
 22.54500  0.51688  0.51790 
 22.64500  0.51685  0.51790 
 22.74500  0.51683  0.51782 
 22.84500  0.51682  0.51780 
 22.94500  0.51678  0.51780 
 23.04500  0.51676  0.51772 
 23.14500  0.51673  0.51770 
 23.24500  0.51672  0.51770 
 23.34500  0.51669  0.51761 
 23.44500  0.51667  0.51760 
 23.54500  0.51665  0.51760 
 23.64500  0.51662  0.51750 
 23.74500  0.51660  0.51750 
 23.84500  0.51657  0.51749 
 23.94500  0.51656  0.51740 
 24.04500  0.51653  0.51740 
 24.14500  0.51651  0.51738 
 24.24500  0.51648  0.51730 
 24.34500  0.51646  0.51730 
 24.44500  0.51643  0.51727 
 24.54500  0.51640  0.51720 
 24.64500  0.51638  0.51720 
 24.74500  0.51636  0.51715 
 24.84500  0.51634  0.51710 
 24.94500  0.51631  0.51710 
 25.04500  0.51629  0.51704 
 25.14500  0.51625  0.51700 
 25.24500  0.51623  0.51700 
 25.34500  0.51621  0.51692 
 25.44500  0.51618  0.51690 
 25.54500  0.51616  0.51690 
 25.64500  0.51613  0.51680 
 25.74500  0.51610  0.51680 
 25.84500  0.51607  0.51678 
 25.94500  0.51604  0.51670 
 26.04500  0.51601  0.51670 
 26.14500  0.51599  0.51666 
 26.24500  0.51596  0.51660 
 26.34500  0.51594  0.51660 
 26.44500  0.51591  0.51654 
 26.54500  0.51589  0.51650 
 26.64500  0.51586  0.51650 
 26.74500  0.51584  0.51642 
 26.84500  0.51582  0.51640 
 26.94500  0.51579  0.51640 
 27.04500  0.51577  0.51630 
 27.14500  0.51573  0.51630 
 27.24500  0.51571  0.51627 
 27.34500  0.51569  0.51620 
 27.44500  0.51566  0.51620 
 27.54500  0.51564  0.51615 
 27.64500  0.51561  0.51610 
 27.74500  0.51559  0.51610 
 27.84500  0.51557  0.51602 
 27.94500  0.51554  0.51600 
 28.04500  0.51552  0.51599 
 28.14500  0.51549  0.51590 
 28.24500  0.51546  0.51590 
 28.34500  0.51544  0.51587 
 28.44500  0.51541  0.51580 
 28.54500  0.51539  0.51580 
 28.64500  0.51537  0.51574 
 28.74500  0.51535  0.51570 
 28.84500  0.51531  0.51570 
 28.94500  0.51529  0.51561 
 29.04500  0.51527  0.51560 
 29.14500  0.51524  0.51558 
 29.24500  0.51522  0.51550 
 29.34500  0.51519  0.51550 
 29.44500  0.51518  0.51545 
 29.54500  0.51515  0.51540 
 29.64500  0.51513  0.51540 
 29.74500  0.51511  0.51532 
 29.84500  0.51509  0.51530 
 29.94500  0.51506  0.51529 
 30.04500  0.51503  0.51520 
 30.14500  0.51501  0.51520 
 30.24500  0.51499  0.51516 
 30.34500  0.51496  0.51510 
 30.44500  0.51494  0.51510 
 30.54500  0.51492  0.51503 
 30.64500  0.51490  0.51500 
 30.74500  0.51487  0.51500 
 30.84500  0.51485  0.51490 
 30.94500  0.51483  0.51490 
 31.04500  0.51481  0.51487 
 31.14500  0.51479  0.51480 
 31.24500  0.51476  0.51480 
 31.34500  0.51473  0.51474 
 31.44500  0.51471  0.51470 
 31.54500  0.51470  0.51470 
 31.64500  0.51468  0.51461 
 31.74500  0.51465  0.51460 
 31.84500  0.51463  0.51458 
 31.94500  0.51461  0.51450 
 32.04500  0.51458  0.51450 
 32.14500  0.51456  0.51445 
 32.24500  0.51453  0.51440 
 32.34500  0.51451  0.51440 
 32.44500  0.51449  0.51432 
 32.54500  0.51447  0.51430 
 32.64500  0.51445  0.51429 
 32.74500  0.51442  0.51420 
 32.84500  0.51439  0.51420 
 32.94500  0.51437  0.51416 
 33.04500  0.51435  0.51410 
 33.14500  0.51431  0.51410 
 33.24500  0.51429  0.51403 
 33.34500  0.51427  0.51400 
 33.44500  0.51424  0.51400 
 33.54500  0.51422  0.51390 
 33.64500  0.51420  0.51390 
 33.74500  0.51417  0.51387 
 33.84500  0.51414  0.51380 
 33.94500  0.51412  0.51380 
 34.04500  0.51409  0.51374 
 34.14500  0.51405  0.51370 
 34.24500  0.51403  0.51370 
 34.34500  0.51400  0.51361 
 34.44500  0.51398  0.51360 
 34.54500  0.51395  0.51358 
 34.64500  0.51392  0.51350 
 34.74500  0.51390  0.51350 
 34.84500  0.51387  0.51346 
 34.94500  0.51386  0.51340 
 35.04500  0.51382  0.51340 
 35.14500  0.51380  0.51333 
 35.24500  0.51376  0.51330 
 35.34500  0.51375  0.51330 
 35.44500  0.51371  0.51320 
 35.54500  0.51369  0.51320 
 35.64500  0.51366  0.51318 
 35.74500  0.51363  0.51310 
 35.84500  0.51362  0.51310 
 35.94500  0.51358  0.51306 
 36.04500  0.51355  0.51300 
 36.14500  0.51352  0.51300 
 36.24500  0.51350  0.51293 
 36.34500  0.51348  0.51290 
 36.44500  0.51344  0.51290 
 36.54500  0.51342  0.51281 
 36.64500  0.51339  0.51280 
 36.74500  0.51336  0.51279 
 36.84500  0.51334  0.51270 
 36.94500  0.51332  0.51270 
 37.04500  0.51329  0.51267 
 37.14500  0.51326  0.51260 
 37.24500  0.51324  0.51260 
 37.34500  0.51321  0.51255 
 37.44500  0.51319  0.51250 
 37.54500  0.51317  0.51250 
 37.64500  0.51314  0.51243 
 37.74500  0.51312  0.51240 
 37.84500  0.51310  0.51240 
 37.94500  0.51307  0.51231 
 38.04500  0.51304  0.51230 
 38.14500  0.51301  0.51230 
 38.24500  0.51299  0.51220 
 38.34500  0.51297  0.51220 
 38.44500  0.51294  0.51218 
 38.54500  0.51291  0.51210 
 38.64500  0.51289  0.51210 
 38.74500  0.51287  0.51207 
 38.84500  0.51285  0.51200 
 38.94500  0.51283  0.51200 
 39.04500  0.51281  0.51196 
 39.14500  0.51278  0.51190 
 39.24500  0.51276  0.51190 
 39.34500  0.51274  0.51185 
 39.44500  0.51272  0.51180 
 39.54500  0.51270  0.51180 
 39.64500  0.51267  0.51174 
 39.74500  0.51265  0.51170 
 39.84500  0.51264  0.51170 
 39.94500  0.51262  0.51164 
 40.04500  0.51260  0.51160 
 40.14500  0.51257  0.51160 
 40.24500  0.51255  0.51154 
 40.34500  0.51253  0.51150 
 40.44500  0.51251  0.51150 
 40.54500  0.51250  0.51143 
 40.64500  0.51246  0.51140 
 40.74500  0.51245  0.51140 
 40.84500  0.51243  0.51133 
 40.94500  0.51241  0.51130 
 41.04500  0.51239  0.51130 
 41.14500  0.51237  0.51124 
 41.24500  0.51235  0.51120 
 41.34500  0.51232  0.51120 
 41.44500  0.51231  0.51114 
 41.54500  0.51229  0.51110 
 41.64500  0.51227  0.51110 
 41.74500  0.51225  0.51105 
 41.84500  0.51222  0.51100 
 41.94500  0.51221  0.51100 
 42.04500  0.51219  0.51096 
 42.14500  0.51217  0.51090 
 42.24500  0.51215  0.51090 
 42.34500  0.51213  0.51088 
 42.44500  0.51210  0.51080 
 42.54500  0.51208  0.51080 
 42.64500  0.51206  0.51079 
 42.74500  0.51205  0.51070 
 42.84500  0.51202  0.51070 
 42.94500  0.51200  0.51070 
 43.04500  0.51197  0.51061 
 43.14500  0.51195  0.51060 
 43.24500  0.51193  0.51060 
 43.34500  0.51191  0.51054 
 43.44500  0.51188  0.51050 
 43.54500  0.51186  0.51050 
 43.64500  0.51183  0.51046 
 43.74500  0.51182  0.51040 
 43.84500  0.51179  0.51040 
 43.94500  0.51178  0.51039 
 44.04500  0.51175  0.51030 
 44.14500  0.51173  0.51030 
 44.24500  0.51171  0.51030 
 44.34500  0.51169  0.51023 
 44.44500  0.51168  0.51020 
 44.54500  0.51165  0.51020 
 44.64500  0.51162  0.51017 
 44.74500  0.51160  0.51010 
 44.84500  0.51158  0.51010 
 44.94500  0.51156  0.51010 
 45.04500  0.51153  0.51001 
 45.14500  0.51150  0.51000 
 45.24500  0.51148  0.51000 
 45.34500  0.51146  0.50996 
 45.44500  0.51144  0.50990 
 45.54500  0.51142  0.50990 
 45.64500  0.51141  0.50990 
 45.74500  0.51139  0.50981 
 45.84500  0.51136  0.50980 
 45.94500  0.51135  0.50980 
 46.04500  0.51132  0.50977 
 46.14500  0.51130  0.50970 
 46.24500  0.51128  0.50970 
 46.34500  0.51126  0.50970 
 46.44500  0.51124  0.50963 
 46.54500  0.51121  0.50960 
 46.64500  0.51120  0.50960 
 46.74500  0.51118  0.50960 
 46.84500  0.51116  0.50951 
 46.94500  0.51114  0.50950 
 47.04500  0.51113  0.50950 
 47.14500  0.51111  0.50948 
 47.24500  0.51108  0.50940 
 47.34500  0.51108  0.50940 
 47.44500  0.51105  0.50940 
 47.54500  0.51103  0.50937 
 47.64500  0.51102  0.50930 
 47.74500  0.51100  0.50930 
 47.84500  0.51098  0.50930 
 47.94500  0.51096  0.50926 
 48.04500  0.51095  0.50920 
 48.14500  0.51093  0.50920 
 48.24500  0.51092  0.50920 
 48.34500  0.51092  0.50916 
 48.44500  0.51089  0.50910 
 48.54500  0.51088  0.50910 
 48.64500  0.51085  0.50910 
 48.74500  0.51083  0.50907 
 48.84500  0.51082  0.50900 
 48.94500  0.51081  0.50900 
 49.04500  0.51079  0.50900 
 49.14500  0.51078  0.50899 
 49.24500  0.51076  0.50890 
 49.34500  0.51075  0.50890 
 49.44500  0.51074  0.50890 
 49.54500  0.51072  0.50890 
 49.64500  0.51071  0.50883 
 49.74500  0.51069  0.50880 
 49.84500  0.51068  0.50880 
 49.94500  0.51068  0.50880 
 50.04500  0.51065  0.50877 
 50.14500  0.51064  0.50870 
 50.24500  0.51062  0.50870 
 50.34500  0.51062  0.50870 
 50.44500  0.51060  0.50870 
 50.54500  0.51059  0.50863 
 50.64500  0.51058  0.50860 
 50.74500  0.51056  0.50860 
 50.84500  0.51055  0.50860 
 50.94500  0.51053  0.50860 
 51.04500  0.51053  0.50850 
 51.14500  0.51051  0.50850 
 51.24500  0.51050  0.50850 
 51.34500  0.51049  0.50850 
 51.44500  0.51048  0.50849 
 51.54500  0.51046  0.50840 
 51.64500  0.51046  0.50840 
 51.74500  0.51044  0.50840 
 51.84500  0.51044  0.50840 
 51.94500  0.51041  0.50840 
 52.04500  0.51040  0.50830 
 52.14500  0.51040  0.50830 
 52.24500  0.51037  0.50830 
 52.34500  0.51036  0.50830 
 52.44500  0.51035  0.50830 
 52.54500  0.51034  0.50824 
 52.64500  0.51032  0.50820 
 52.74500  0.51031  0.50820 
 52.84500  0.51030  0.50820 
 52.94500  0.51028  0.50820 
 53.04500  0.51028  0.50820 
 53.14500  0.51027  0.50810 
 53.24500  0.51026  0.50810 
 53.34500  0.51024  0.50810 
 53.44500  0.51023  0.50810 
 53.54500  0.51022  0.50810 
 53.64500  0.51020  0.50809 
 53.74500  0.51018  0.50800 
 53.84500  0.51017  0.50800 
 53.94500  0.51017  0.50800 
 54.04500  0.51015  0.50800 
 54.14500  0.51014  0.50800 
 54.24500  0.51013  0.50800 
 54.34500  0.51012  0.50792 
 54.44500  0.51010  0.50790 
 54.54500  0.51009  0.50790 
 54.64500  0.51009  0.50790 
 54.74500  0.51007  0.50790 
 54.84500  0.51005  0.50790 
 54.94500  0.51005  0.50789 
 55.04500  0.51003  0.50780 
 55.14500  0.51001  0.50780 
 55.24500  0.51001  0.50780 
 55.34500  0.50999  0.50780 
 55.44500  0.50999  0.50780 
 55.54500  0.50997  0.50780 
 55.64500  0.50997  0.50780 
 55.74500  0.50997  0.50772 
 55.84500  0.50995  0.50770 
 55.94500  0.50993  0.50770 
 56.04500  0.50994  0.50770 
 56.14500  0.50992  0.50770 
 56.24500  0.50991  0.50770 
 56.34500  0.50990  0.50770 
 56.44500  0.50989  0.50770 
 56.54500  0.50988  0.50764 
 56.64500  0.50989  0.50760 
 56.74500  0.50988  0.50760 
 56.84500  0.50986  0.50760 
 56.94500  0.50986  0.50760 
 57.04500  0.50986  0.50760 
 57.14500  0.50985  0.50760 
 57.24500  0.50983  0.50760 
 57.34500  0.50983  0.50760 
 57.44500  0.50984  0.50757 
 57.54500  0.50980  0.50750 
 57.64500  0.50981  0.50750 
 57.74500  0.50980  0.50750 
 57.84500  0.50980  0.50750 
 57.94500  0.50979  0.50750 
 58.04500  0.50979  0.50750 
 58.14500  0.50979  0.50750 
 58.24500  0.50978  0.50750 
 58.34500  0.50978  0.50750 
 58.44500  0.50977  0.50750 
 58.54500  0.50978  0.50750 
 58.64500  0.50978  0.50740 
 58.74500  0.50978  0.50740 
 58.84500  0.50977  0.50740 
 58.94500  0.50977  0.50740 
 59.04500  0.50976  0.50740 
 59.14500  0.50976  0.50740 
 59.24500  0.50977  0.50740 
 59.34500  0.50977  0.50740 
 59.44500  0.50976  0.50740 
 59.54500  0.50976  0.50740 
 59.64500  0.50977  0.50740 
 59.74500  0.50977  0.50740 
 59.84500  0.50978  0.50740 
 59.94500  0.50978  0.50740 
 60.04500  0.50976  0.50740 
 60.14500  0.50976  0.50736 
 60.24500  0.50976  0.50730 
 60.34500  0.50976  0.50730 
 60.44500  0.50976  0.50730 
 60.54500  0.50976  0.50730 
 60.64500  0.50977  0.50730 
 60.74500  0.50978  0.50730 
 60.84500  0.50978  0.50730 
 60.94500  0.50977  0.50730 
 61.04500  0.50977  0.50730 
 61.14500  0.50977  0.50730 
 61.24500  0.50977  0.50730 
 61.34500  0.50977  0.50730 
 61.44500  0.50978  0.50730 
 61.54500  0.50978  0.50730 
 61.64500  0.50978  0.50730 
 61.74500  0.50978  0.50730 
 61.84500  0.50978  0.50730 
 61.94500  0.50979  0.50730 
 62.04500  0.50979  0.50730 
 62.14500  0.50979  0.50730 
 62.24500  0.50979  0.50730 
 62.34500  0.50978  0.50730 
 62.44500  0.50979  0.50730 
 62.54500  0.50979  0.50730 
 62.64500  0.50979  0.50730 
 62.74500  0.50979  0.50730 
