  0.04500  1.00001  1.00000 
  0.14500  1.00002  1.00000 
  0.24500  1.00002  1.00000 
  0.34500  1.00002  1.00000 
  0.44500  1.00002  1.00000 
  0.54500  1.00002  1.00000 
  0.64500  1.00001  1.00000 
  0.74500  1.00001  1.00000 
  0.84500  1.00002  1.00000 
  0.94500  1.00001  1.00000 
  1.04500  1.00002  1.00000 
  1.14500  1.00002  1.00000 
  1.24500  1.00001  1.00000 
  1.34500  1.00002  1.00000 
  1.44500  1.00002  1.00000 
  1.54500  1.00002  1.00000 
  1.64500  1.00002  1.00000 
  1.74500  1.00000  1.00000 
  1.84500  0.99999  1.00000 
  1.94500  0.99996  0.99993 
  2.04500  0.99990  0.99988 
  2.14500  0.99977  0.99976 
  2.24500  0.99954  0.99954 
  2.34500  0.99913  0.99915 
  2.44500  0.99844  0.99844 
  2.54500  0.99731  0.99731 
  2.64500  0.99542  0.99542 
  2.74500  0.99246  0.99243 
  2.84500  0.98791  0.98787 
  2.94500  0.98112  0.98104 
  3.04500  0.97131  0.97124 
  3.14500  0.95752  0.95748 
  3.24500  0.93880  0.93888 
  3.34500  0.91421  0.91444 
  3.44500  0.88300  0.88331 
  3.54500  0.84461  0.84491 
  3.64500  0.79886  0.79901 
  3.74500  0.74591  0.74579 
  3.84500  0.68639  0.68595 
  3.94500  0.62144  0.62081 
  4.04500  0.55269  0.55202 
  4.14500  0.48131  0.48162 
  4.24500  0.41114  0.41181 
  4.34500  0.34414  0.34467 
  4.44500  0.28184  0.28212 
  4.54500  0.22564  0.22559 
  4.64500  0.17639  0.17613 
  4.74500  0.13448  0.13413 
  4.84500  0.09985  0.09957 
  4.94500  0.07220  0.07204 
  5.04500  0.05079  0.05076 
  5.14500  0.03477  0.03481 
  5.24500  0.02316  0.02324 
  5.34500  0.01502  0.01508 
  5.44500  0.00950  0.00952 
  5.54500  0.00584  0.00583 
  5.64500  0.00350  0.00348 
  5.74500  0.00204  0.00201 
  5.84500  0.00117  0.00115 
  5.94500  0.00064  0.00063 
  6.04500  0.00037  0.00034 
  6.14500  0.00020  0.00020 
  6.24500  0.00016  0.00011 
  6.34500  0.00017  0.00016 
  6.44500  0.00025  0.00024 
  6.54500  0.00047  0.00044 
  6.64500  0.00083  0.00080 
  6.74500  0.00150  0.00147 
  6.84500  0.00257  0.00256 
  6.94500  0.00438  0.00436 
  7.04500  0.00724  0.00722 
  7.14500  0.01160  0.01165 
  7.24500  0.01816  0.01820 
  7.34500  0.02766  0.02772 
  7.44500  0.04104  0.04105 
  7.54500  0.05926  0.05918 
  7.64500  0.08327  0.08303 
  7.74500  0.11386  0.11354 
  7.84500  0.15158  0.15123 
  7.94500  0.19666  0.19647 
  8.04500  0.24896  0.24906 
  8.14500  0.30792  0.30831 
  8.24500  0.37243  0.37305 
  8.34500  0.44092  0.44158 
  8.44500  0.51213  0.51191 
  8.54500  0.58256  0.58186 
  8.64500  0.64990  0.64934 
  8.74500  0.71270  0.71238 
  8.84500  0.76949  0.76950 
  8.94500  0.81940  0.81964 
  9.04500  0.86200  0.86234 
  9.14500  0.89727  0.89755 
  9.24500  0.92555  0.92571 
  9.34500  0.94750  0.94753 
  9.44500  0.96398  0.96394 
  9.54500  0.97595  0.97587 
  9.64500  0.98436  0.98430 
  9.74500  0.99009  0.99006 
  9.84500  0.99390  0.99389 
  9.94500  0.99634  0.99636 
 10.04500  0.99787  0.99789 
 10.14500  0.99878  0.99880 
 10.24500  0.99933  0.99933 
 10.34500  0.99964  0.99964 
 10.44500  0.99982  0.99982 
 10.54500  0.99992  0.99990 
 10.64500  0.99995  0.99990 
 10.74500  0.99994  0.99990 
 10.84500  0.99986  0.99985 
 10.94500  0.99972  0.99972 
 11.04500  0.99948  0.99948 
 11.14500  0.99902  0.99904 
 11.24500  0.99825  0.99825 
 11.34500  0.99698  0.99699 
 11.44500  0.99491  0.99492 
 11.54500  0.99166  0.99164 
 11.64500  0.98670  0.98664 
 11.74500  0.97935  0.97928 
 11.84500  0.96878  0.96873 
 11.94500  0.95404  0.95403 
 12.04500  0.93418  0.93431 
 12.14500  0.90828  0.90850 
 12.24500  0.87558  0.87591 
 12.34500  0.83567  0.83596 
 12.44500  0.78838  0.78849 
 12.54500  0.73399  0.73379 
 12.64500  0.67324  0.67274 
 12.74500  0.60733  0.60668 
 12.84500  0.53803  0.53739 
 12.94500  0.46634  0.46692 
 13.04500  0.39685  0.39750 
 13.14500  0.33069  0.33118 
 13.24500  0.26958  0.26977 
 13.34500  0.21477  0.21467 
 13.44500  0.16704  0.16672 
 13.54500  0.12666  0.12632 
 13.64500  0.09353  0.09328 
 13.74500  0.06723  0.06711 
 13.84500  0.04703  0.04701 
 13.94500  0.03200  0.03205 
 14.04500  0.02121  0.02127 
 14.14500  0.01369  0.01372 
 14.24500  0.00861  0.00861 
 14.34500  0.00527  0.00524 
 14.44500  0.00314  0.00311 
 14.54500  0.00183  0.00179 
 14.64500  0.00105  0.00102 
 14.74500  0.00060  0.00059 
 14.84500  0.00040  0.00036 
 14.94500  0.00031  0.00030 
 15.04500  0.00042  0.00038 
 15.14500  0.00063  0.00062 
 15.24500  0.00112  0.00108 
 15.34500  0.00195  0.00191 
 15.44500  0.00333  0.00331 
 15.54500  0.00557  0.00557 
 15.64500  0.00908  0.00909 
 15.74500  0.01439  0.01444 
 15.84500  0.02224  0.02230 
 15.94500  0.03347  0.03352 
 16.04500  0.04903  0.04900 
 16.14500  0.06987  0.06975 
 16.24500  0.09693  0.09665 
 16.34500  0.13083  0.13049 
 16.44500  0.17204  0.17175 
 16.54500  0.22059  0.22053 
 16.64500  0.27615  0.27638 
 16.74500  0.33792  0.33844 
 16.84500  0.40454  0.40518 
 16.94500  0.47441  0.47485 
 17.04500  0.54594  0.54526 
 17.14500  0.61496  0.61432 
 17.24500  0.68035  0.67989 
 17.34500  0.74045  0.74029 
 17.44500  0.79407  0.79421 
 17.54500  0.84053  0.84084 
 17.64500  0.87964  0.87996 
 17.74500  0.91153  0.91174 
 17.84500  0.93670  0.93679 
 17.94500  0.95595  0.95592 
 18.04500  0.97015  0.97006 
 18.14500  0.98034  0.98026 
 18.24500  0.98736  0.98731 
 18.34500  0.99210  0.99209 
 18.44500  0.99519  0.99519 
 18.54500  0.99715  0.99717 
 18.64500  0.99836  0.99836 
 18.74500  0.99908  0.99909 
 18.84500  0.99951  0.99951 
 18.94500  0.99975  0.99975 
 19.04500  0.99987  0.99986 
 19.14500  0.99994  0.99990 
 19.24500  0.99995  0.99990 
 19.34500  0.99990  0.99990 
 19.44500  0.99982  0.99979 
 19.54500  0.99961  0.99962 
 19.64500  0.99929  0.99929 
 19.74500  0.99870  0.99872 
 19.84500  0.99772  0.99774 
 19.94500  0.99612  0.99612 
 20.04500  0.99354  0.99352 
 20.14500  0.98956  0.98952 
 20.24500  0.98356  0.98350 
 20.34500  0.97479  0.97472 
 20.44500  0.96237  0.96232 
 20.54500  0.94533  0.94536 
 20.64500  0.92270  0.92286 
 20.74500  0.89365  0.89393 
 20.84500  0.85758  0.85790 
 20.94500  0.81414  0.81437 
 21.04500  0.76341  0.76339 
 21.14500  0.70592  0.70556 
 21.24500  0.64252  0.64192 
 21.34500  0.57475  0.57408 
 21.44500  0.50404  0.50397 
 21.54500  0.43308  0.43372 
 21.64500  0.36492  0.36551 
 21.74500  0.30097  0.30134 
 21.84500  0.24274  0.24278 
 21.94500  0.19122  0.19101 
 22.04500  0.14696  0.14662 
 22.14500  0.11004  0.10975 
 22.24500  0.08025  0.08006 
 22.34500  0.05694  0.05688 
 22.44500  0.03931  0.03934 
 22.54500  0.02642  0.02647 
 22.64500  0.01727  0.01733 
 22.74500  0.01103  0.01104 
 22.84500  0.00685  0.00683 
 22.94500  0.00414  0.00412 
 23.04500  0.00243  0.00242 
 23.14500  0.00142  0.00139 
 23.24500  0.00080  0.00077 
 23.34500  0.00049  0.00046 
 23.44500  0.00034  0.00031 
 23.54500  0.00035  0.00032 
 23.64500  0.00049  0.00048 
 23.74500  0.00082  0.00081 
 23.84500  0.00147  0.00143 
 23.94500  0.00252  0.00248 
 24.04500  0.00427  0.00424 
 24.14500  0.00706  0.00706 
 24.24500  0.01134  0.01136 
 24.34500  0.01776  0.01782 
 24.44500  0.02708  0.02718 
 24.54500  0.04025  0.04025 
 24.64500  0.05819  0.05812 
 24.74500  0.08188  0.08169 
 24.84500  0.11212  0.11179 
 24.94500  0.14947  0.14913 
 25.04500  0.19417  0.19395 
 25.14500  0.24612  0.24619 
 25.24500  0.30475  0.30514 
 25.34500  0.36903  0.36962 
 25.44500  0.43735  0.43800 
 25.54500  0.50845  0.50830 
 25.64500  0.57901  0.57834 
 25.74500  0.64655  0.64598 
 25.84500  0.70961  0.70930 
 25.94500  0.76673  0.76673 
 26.04500  0.81702  0.81725 
 26.14500  0.86000  0.86033 
 26.24500  0.89565  0.89592 
 26.34500  0.92427  0.92442 
 26.44500  0.94653  0.94655 
 26.54500  0.96325  0.96320 
 26.64500  0.97542  0.97533 
 26.74500  0.98401  0.98395 
 26.84500  0.98985  0.98983 
 26.94500  0.99374  0.99372 
 27.04500  0.99622  0.99625 
 27.14500  0.99780  0.99781 
 27.24500  0.99875  0.99876 
 27.34500  0.99932  0.99933 
 27.44500  0.99963  0.99964 
 27.54500  0.99982  0.99982 
 27.64500  0.99993  0.99990 
 27.74500  0.99997  0.99996 
 27.84500  1.00000  1.00000 
 27.94500  1.00000  1.00000 
 28.04500  1.00001  1.00000 
 28.14500  1.00003  1.00000 
 28.24500  0.99999  1.00000 
 28.34500  1.00000  1.00000 
 28.44500  0.99999  1.00000 
 28.54500  0.99996  0.99992 
 28.64500  0.99988  0.99987 
 28.74500  0.99975  0.99975 
 28.84500  0.99951  0.99951 
 28.94500  0.99908  0.99909 
 29.04500  0.99837  0.99838 
 29.14500  0.99716  0.99717 
 29.24500  0.99522  0.99519 
 29.34500  0.99211  0.99210 
 29.44500  0.98738  0.98733 
 29.54500  0.98035  0.98028 
 29.64500  0.97020  0.97014 
 29.74500  0.95600  0.95598 
 29.84500  0.93679  0.93688 
 29.94500  0.91163  0.91184 
 30.04500  0.87977  0.88007 
 30.14500  0.84069  0.84097 
 30.24500  0.79423  0.79436 
 30.34500  0.74064  0.74049 
 30.44500  0.68057  0.68013 
 30.54500  0.61520  0.61456 
 30.64500  0.54618  0.54552 
 30.74500  0.47464  0.47508 
 30.84500  0.40478  0.40544 
 30.94500  0.33814  0.33865 
 31.04500  0.27636  0.27658 
 31.14500  0.22078  0.22070 
 31.24500  0.17220  0.17191 
 31.34500  0.13096  0.13062 
 31.44500  0.09702  0.09675 
 31.54500  0.06996  0.06983 
 31.64500  0.04909  0.04908 
 31.74500  0.03352  0.03357 
 31.84500  0.02228  0.02234 
 31.94500  0.01442  0.01446 
 32.04500  0.00909  0.00911 
 32.14500  0.00557  0.00559 
 32.24500  0.00334  0.00332 
 32.34500  0.00194  0.00191 
 32.44500  0.00110  0.00108 
 32.54500  0.00061  0.00059 
 32.64500  0.00033  0.00031 
 32.74500  0.00017  0.00016 
 32.84500  0.00007  0.00010 
 32.94500  0.00004  0.00001 
 33.04500  0.00001  0.00000 
 33.14500  0.00002  0.00000 
 33.24500  0.00002  0.00000 
 33.34500  0.00001  0.00000 
 33.44500  0.00004  0.00000 
 33.54500  0.00006  0.00009 
 33.64500  0.00015  0.00014 
 33.74500  0.00029  0.00027 
 33.84500  0.00054  0.00052 
 33.94500  0.00100  0.00096 
 34.04500  0.00176  0.00175 
 34.14500  0.00303  0.00301 
 34.24500  0.00510  0.00508 
 34.34500  0.00833  0.00835 
 34.44500  0.01329  0.01332 
 34.54500  0.02061  0.02068 
 34.64500  0.03118  0.03124 
 34.74500  0.04589  0.04587 
 34.84500  0.06574  0.06559 
 34.94500  0.09161  0.09133 
 35.04500  0.12424  0.12391 
 35.14500  0.16414  0.16382 
 35.24500  0.21140  0.21126 
 35.34500  0.26577  0.26592 
 35.44500  0.32648  0.32695 
 35.54500  0.39236  0.39302 
 35.64500  0.46165  0.46228 
 35.74500  0.53334  0.53273 
 35.84500  0.60283  0.60217 
 35.94500  0.66904  0.66851 
 36.04500  0.73017  0.72995 
 36.14500  0.78500  0.78510 
 36.24500  0.83276  0.83307 
 36.34500  0.87319  0.87351 
 36.44500  0.90635  0.90658 
 36.54500  0.93267  0.93279 
 36.64500  0.95290  0.95291 
 36.74500  0.96795  0.96787 
 36.84500  0.97875  0.97870 
 36.94500  0.98629  0.98623 
 37.04500  0.99140  0.99136 
 37.14500  0.99474  0.99474 
 37.24500  0.99687  0.99689 
 37.34500  0.99820  0.99821 
 37.44500  0.99899  0.99898 
 37.54500  0.99945  0.99945 
 37.64500  0.99970  0.99971 
 37.74500  0.99987  0.99985 
 37.84500  0.99995  0.99990 
 37.94500  0.99998  0.99998 
 38.04500  0.99999  1.00000 
 38.14500  0.99998  1.00000 
 38.24500  0.99995  0.99990 
 38.34500  0.99987  0.99987 
 38.44500  0.99974  0.99973 
 38.54500  0.99950  0.99949 
 38.64500  0.99905  0.99908 
 38.74500  0.99830  0.99833 
 38.84500  0.99707  0.99707 
 38.94500  0.99505  0.99506 
 39.04500  0.99189  0.99186 
 39.14500  0.98706  0.98701 
 39.24500  0.97986  0.97979 
 39.34500  0.96952  0.96943 
 39.44500  0.95506  0.95505 
 39.54500  0.93552  0.93561 
 39.64500  0.91000  0.91022 
 39.74500  0.87773  0.87805 
 39.84500  0.83823  0.83854 
 39.94500  0.79137  0.79150 
 40.04500  0.73740  0.73724 
 40.14500  0.67698  0.67652 
 40.24500  0.61136  0.61070 
 40.34500  0.54218  0.54153 
 40.44500  0.47057  0.47109 
 40.54500  0.40089  0.40152 
 40.64500  0.33448  0.33498 
 40.74500  0.27303  0.27324 
 40.84500  0.21783  0.21772 
 40.94500  0.16966  0.16934 
 41.04500  0.12884  0.12848 
 41.14500  0.09530  0.09503 
 41.24500  0.06862  0.06848 
 41.34500  0.04805  0.04805 
 41.44500  0.03276  0.03281 
 41.54500  0.02175  0.02182 
 41.64500  0.01406  0.01411 
 41.74500  0.00885  0.00887 
 41.84500  0.00542  0.00542 
 41.94500  0.00325  0.00320 
 42.04500  0.00189  0.00186 
 42.14500  0.00107  0.00104 
 42.24500  0.00058  0.00056 
 42.34500  0.00032  0.00030 
 42.44500  0.00017  0.00016 
 42.54500  0.00007  0.00010 
 42.64500  0.00008  0.00010 
 42.74500  0.00007  0.00010 
 42.84500  0.00011  0.00010 
 42.94500  0.00021  0.00022 
 43.04500  0.00043  0.00040 
 43.14500  0.00077  0.00076 
 43.24500  0.00140  0.00136 
 43.34500  0.00242  0.00240 
 43.44500  0.00413  0.00412 
 43.54500  0.00682  0.00682 
 43.64500  0.01101  0.01103 
 43.74500  0.01727  0.01732 
 43.84500  0.02638  0.02644 
 43.94500  0.03926  0.03929 
 44.04500  0.05687  0.05682 
 44.14500  0.08015  0.07996 
 44.24500  0.10993  0.10963 
 44.34500  0.14683  0.14647 
 44.44500  0.19105  0.19081 
 44.54500  0.24254  0.24260 
 44.64500  0.30076  0.30113 
 44.74500  0.36471  0.36531 
 44.84500  0.43283  0.43350 
 44.94500  0.50380  0.50373 
 45.04500  0.57451  0.57384 
 45.14500  0.64229  0.64170 
 45.24500  0.70570  0.70534 
 45.34500  0.76324  0.76321 
 45.44500  0.81398  0.81420 
 45.54500  0.85743  0.85777 
 45.64500  0.89355  0.89382 
 45.74500  0.92261  0.92277 
 45.84500  0.94527  0.94528 
 45.94500  0.96232  0.96227 
 46.04500  0.97476  0.97468 
 46.14500  0.98354  0.98347 
 46.24500  0.98955  0.98949 
 46.34500  0.99354  0.99351 
 46.44500  0.99612  0.99611 
 46.54500  0.99772  0.99774 
 46.64500  0.99870  0.99871 
 46.74500  0.99929  0.99929 
 46.84500  0.99961  0.99962 
 46.94500  0.99982  0.99980 
 47.04500  0.99992  0.99990 
 47.14500  0.99998  0.99996 
 47.24500  0.99999  1.00000 
 47.34500  1.00000  1.00000 
 47.44500  1.00000  1.00000 
 47.54500  1.00003  1.00000 
 47.64500  0.99999  1.00000 
 47.74500  1.00000  1.00000 
 47.84500  0.99998  1.00000 
 47.94500  0.99996  0.99992 
 48.04500  0.99989  0.99988 
 48.14500  0.99977  0.99976 
 48.24500  0.99953  0.99954 
 48.34500  0.99911  0.99913 
 48.44500  0.99843  0.99843 
 48.54500  0.99725  0.99727 
 48.64500  0.99535  0.99536 
 48.74500  0.99236  0.99233 
 48.84500  0.98775  0.98769 
 48.94500  0.98090  0.98082 
 49.04500  0.97098  0.97090 
 49.14500  0.95707  0.95704 
 49.24500  0.93820  0.93827 
 49.34500  0.91345  0.91366 
 49.44500  0.88204  0.88234 
 49.54500  0.84343  0.84374 
 49.64500  0.79747  0.79761 
 49.74500  0.74433  0.74419 
 49.84500  0.68466  0.68421 
 49.94500  0.61958  0.61893 
 50.04500  0.55072  0.55006 
 50.14500  0.47931  0.47966 
 50.24500  0.40923  0.40989 
 50.34500  0.34232  0.34286 
 50.44500  0.28019  0.28044 
 50.54500  0.22418  0.22413 
 50.64500  0.17513  0.17486 
 50.74500  0.13342  0.13306 
 50.84500  0.09901  0.09872 
 50.94500  0.07150  0.07137 
 51.04500  0.05027  0.05022 
 51.14500  0.03438  0.03442 
 51.24500  0.02291  0.02295 
 51.34500  0.01486  0.01489 
 51.44500  0.00937  0.00940 
 51.54500  0.00578  0.00576 
 51.64500  0.00347  0.00344 
 51.74500  0.00202  0.00198 
 51.84500  0.00115  0.00112 
 51.94500  0.00063  0.00061 
 52.04500  0.00035  0.00033 
 52.14500  0.00018  0.00017 
 52.24500  0.00008  0.00010 
 52.34500  0.00008  0.00010 
 52.44500  0.00007  0.00010 
 52.54500  0.00010  0.00010 
 52.64500  0.00020  0.00020 
 52.74500  0.00040  0.00038 
 52.84500  0.00073  0.00071 
 52.94500  0.00130  0.00127 
 53.04500  0.00227  0.00223 
 53.14500  0.00388  0.00384 
 53.24500  0.00643  0.00642 
 53.34500  0.01040  0.01042 
 53.44500  0.01637  0.01641 
 53.54500  0.02508  0.02515 
 53.64500  0.03746  0.03749 
 53.74500  0.05445  0.05439 
 53.84500  0.07699  0.07681 
 53.94500  0.10594  0.10564 
 54.04500  0.14194  0.14159 
 54.14500  0.18528  0.18504 
 54.24500  0.23590  0.23591 
 54.34500  0.29334  0.29367 
 54.44500  0.35667  0.35724 
 54.54500  0.42437  0.42506 
 54.64500  0.49507  0.49513 
 54.74500  0.56606  0.56539 
 54.84500  0.63424  0.63362 
 54.94500  0.69826  0.69789 
 55.04500  0.75658  0.75651 
 55.14500  0.80819  0.80838 
 55.24500  0.85254  0.85287 
 55.34500  0.88954  0.88983 
 55.44500  0.91942  0.91963 
 55.54500  0.94283  0.94287 
 55.64500  0.96051  0.96046 
 55.74500  0.97346  0.97339 
 55.84500  0.98263  0.98257 
 55.94500  0.98894  0.98888 
 56.04500  0.99313  0.99313 
 56.14500  0.99585  0.99586 
 56.24500  0.99758  0.99757 
 56.34500  0.99859  0.99862 
 56.44500  0.99922  0.99923 
 56.54500  0.99957  0.99958 
 56.64500  0.99978  0.99975 
 56.74500  0.99982  0.99980 
 56.84500  0.99981  0.99980 
 56.94500  0.99968  0.99967 
 57.04500  0.99941  0.99942 
 57.14500  0.99895  0.99896 
 57.24500  0.99814  0.99814 
 57.34500  0.99677  0.99680 
 57.44500  0.99459  0.99459 
 57.54500  0.99118  0.99113 
 57.64500  0.98597  0.98591 
 57.74500  0.97831  0.97822 
 57.84500  0.96728  0.96721 
 57.94500  0.95200  0.95201 
 58.04500  0.93147  0.93159 
 58.14500  0.90483  0.90506 
 58.24500  0.87130  0.87164 
 58.34500  0.83051  0.83079 
 58.44500  0.78236  0.78243 
 58.54500  0.72718  0.72694 
 58.64500  0.66575  0.66524 
 58.74500  0.59936  0.59868 
 58.84500  0.52968  0.52915 
 58.94500  0.45805  0.45869 
 59.04500  0.38890  0.38952 
 59.14500  0.32323  0.32370 
 59.24500  0.26282  0.26296 
 59.34500  0.20880  0.20867 
 59.44500  0.16191  0.16161 
 59.54500  0.12240  0.12206 
 59.64500  0.09012  0.08988 
 59.74500  0.06456  0.06445 
 59.84500  0.04502  0.04505 
 59.94500  0.03056  0.03058 
 60.04500  0.02018  0.02024 
 60.14500  0.01298  0.01301 
 60.24500  0.00813  0.00814 
 60.34500  0.00497  0.00496 
 60.44500  0.00296  0.00293 
 60.54500  0.00172  0.00167 
 60.64500  0.00096  0.00093 
 60.74500  0.00052  0.00051 
 60.84500  0.00028  0.00027 
 60.94500  0.00014  0.00013 
 61.04500  0.00006  0.00009 
 61.14500  0.00003  0.00000 
 61.24500  0.00001  0.00000 
 61.34500  0.00001  0.00000 
 61.44500 -0.00001  0.00000 
 61.54500 -0.00000  0.00000 
 61.64500  0.00000  0.00000 
 61.74500  0.00000  0.00000 
 61.84500  0.00000  0.00000 
 61.94500 -0.00000  0.00000 
 62.04500  0.00000  0.00000 
 62.14500  0.00000  0.00000 
 62.24500  0.00001  0.00000 
 62.34500  0.00001  0.00000 
 62.44500 -0.00000  0.00000 
 62.54500 -0.00000  0.00000 
 62.64500  0.00000  0.00000 
 62.74500  0.00000  0.00000 
