  0.04500  1.00001  1.00000 
  0.14500  1.00001  1.00000 
  0.24500  1.00001  1.00000 
  0.34500  1.00001  1.00000 
  0.44500  1.00001  1.00000 
  0.54500  1.00001  1.00000 
  0.64500  1.00001  1.00000 
  0.74500  1.00001  1.00000 
  0.84500  1.00000  1.00000 
  0.94500  1.00000  1.00000 
  1.04500  1.00002  1.00000 
  1.14500  1.00001  1.00000 
  1.24500  1.00002  1.00000 
  1.34500  1.00001  1.00000 
  1.44500  1.00001  1.00000 
  1.54500  1.00002  1.00000 
  1.64500  1.00000  1.00000 
  1.74500  0.99997  1.00000 
  1.84500  0.99994  0.99990 
  1.94500  0.99986  0.99986 
  2.04500  0.99974  0.99973 
  2.14500  0.99951  0.99951 
  2.24500  0.99911  0.99912 
  2.34500  0.99844  0.99847 
  2.44500  0.99736  0.99738 
  2.54500  0.99565  0.99568 
  2.64500  0.99303  0.99305 
  2.74500  0.98910  0.98907 
  2.84500  0.98329  0.98325 
  2.94500  0.97497  0.97495 
  3.04500  0.96346  0.96344 
  3.14500  0.94784  0.94793 
  3.24500  0.92735  0.92761 
  3.34500  0.90132  0.90172 
  3.44500  0.86922  0.86961 
  3.54500  0.83073  0.83090 
  3.64500  0.78574  0.78549 
  3.74500  0.73433  0.73369 
  3.84500  0.67684  0.67619 
  3.94500  0.61409  0.61419 
  4.04500  0.54762  0.54909 
  4.14500  0.48362  0.48266 
  4.24500  0.41738  0.41668 
  4.34500  0.35264  0.35300 
  4.44500  0.29248  0.29319 
  4.54500  0.23809  0.23856 
  4.64500  0.19000  0.19001 
  4.74500  0.14840  0.14808 
  4.84500  0.11326  0.11284 
  4.94500  0.08439  0.08403 
  5.04500  0.06134  0.06113 
  5.14500  0.04349  0.04343 
  5.24500  0.03008  0.03011 
  5.34500  0.02033  0.02039 
  5.44500  0.01343  0.01347 
  5.54500  0.00866  0.00866 
  5.64500  0.00547  0.00545 
  5.74500  0.00337  0.00333 
  5.84500  0.00202  0.00198 
  5.94500  0.00119  0.00118 
  6.04500  0.00071  0.00069 
  6.14500  0.00043  0.00044 
  6.24500  0.00033  0.00031 
  6.34500  0.00035  0.00035 
  6.44500  0.00053  0.00052 
  6.54500  0.00089  0.00086 
  6.64500  0.00149  0.00148 
  6.74500  0.00252  0.00251 
  6.84500  0.00416  0.00413 
  6.94500  0.00668  0.00667 
  7.04500  0.01050  0.01050 
  7.14500  0.01611  0.01614 
  7.24500  0.02414  0.02418 
  7.34500  0.03535  0.03535 
  7.44500  0.05056  0.05044 
  7.54500  0.07054  0.07028 
  7.64500  0.09606  0.09566 
  7.74500  0.12759  0.12717 
  7.84500  0.16548  0.16526 
  7.94500  0.20986  0.21007 
  8.04500  0.26070  0.26131 
  8.14500  0.31767  0.31832 
  8.24500  0.37996  0.37997 
  8.34500  0.44620  0.44485 
  8.44500  0.51063  0.51124 
  8.54500  0.57652  0.57733 
  8.64500  0.64160  0.64128 
  8.74500  0.70225  0.70154 
  8.84500  0.75719  0.75668 
  8.94500  0.80587  0.80580 
  9.04500  0.84806  0.84835 
  9.14500  0.88379  0.88421 
  9.24500  0.91323  0.91358 
  9.34500  0.93679  0.93700 
  9.44500  0.95510  0.95513 
  9.54500  0.96886  0.96883 
  9.64500  0.97891  0.97886 
  9.74500  0.98605  0.98601 
  9.84500  0.99098  0.99096 
  9.94500  0.99429  0.99431 
 10.04500  0.99649  0.99652 
 10.14500  0.99790  0.99792 
 10.24500  0.99876  0.99878 
 10.34500  0.99929  0.99930 
 10.44500  0.99960  0.99960 
 10.54500  0.99977  0.99975 
 10.64500  0.99984  0.99980 
 10.74500  0.99980  0.99979 
 10.84500  0.99967  0.99966 
 10.94500  0.99943  0.99944 
 11.04500  0.99899  0.99899 
 11.14500  0.99827  0.99827 
 11.24500  0.99708  0.99709 
 11.34500  0.99521  0.99522 
 11.44500  0.99234  0.99234 
 11.54500  0.98804  0.98802 
 11.64500  0.98178  0.98173 
 11.74500  0.97286  0.97283 
 11.84500  0.96055  0.96055 
 11.94500  0.94398  0.94415 
 12.04500  0.92240  0.92269 
 12.14500  0.89514  0.89557 
 12.24500  0.86171  0.86208 
 12.34500  0.82188  0.82197 
 12.44500  0.77554  0.77518 
 12.54500  0.72282  0.72212 
 12.64500  0.66415  0.66359 
 12.74500  0.60048  0.60079 
 12.84500  0.53343  0.53528 
 12.94500  0.47058  0.46879 
 13.04500  0.40357  0.40316 
 13.14500  0.33964  0.34013 
 13.24500  0.28065  0.28131 
 13.34500  0.22752  0.22790 
 13.44500  0.18078  0.18071 
 13.54500  0.14056  0.14016 
 13.64500  0.10674  0.10630 
 13.74500  0.07911  0.07879 
 13.84500  0.05719  0.05703 
 13.94500  0.04035  0.04033 
 14.04500  0.02778  0.02781 
 14.14500  0.01869  0.01873 
 14.24500  0.01229  0.01230 
 14.34500  0.00789  0.00790 
 14.44500  0.00496  0.00493 
 14.54500  0.00304  0.00302 
 14.64500  0.00184  0.00183 
 14.74500  0.00113  0.00112 
 14.84500  0.00078  0.00076 
 14.94500  0.00066  0.00069 
 15.04500  0.00081  0.00078 
 15.14500  0.00120  0.00119 
 15.24500  0.00195  0.00195 
 15.34500  0.00323  0.00320 
 15.44500  0.00524  0.00521 
 15.54500  0.00831  0.00829 
 15.64500  0.01289  0.01291 
 15.74500  0.01956  0.01960 
 15.84500  0.02902  0.02905 
 15.94500  0.04202  0.04198 
 16.04500  0.05942  0.05922 
 16.14500  0.08194  0.08158 
 16.24500  0.11024  0.10981 
 16.34500  0.14476  0.14440 
 16.44500  0.18570  0.18571 
 16.54500  0.23318  0.23361 
 16.64500  0.28698  0.28769 
 16.74500  0.34663  0.34706 
 16.84500  0.41102  0.41045 
 16.94500  0.47761  0.47626 
 17.04500  0.54108  0.54274 
 17.14500  0.60785  0.60803 
 17.24500  0.67103  0.67043 
 17.34500  0.72905  0.72838 
 17.44500  0.78108  0.78079 
 17.54500  0.82670  0.82681 
 17.64500  0.86583  0.86622 
 17.74500  0.89852  0.89892 
 17.84500  0.92510  0.92538 
 17.94500  0.94608  0.94620 
 18.04500  0.96212  0.96213 
 18.14500  0.97405  0.97398 
 18.24500  0.98261  0.98256 
 18.34500  0.98862  0.98859 
 18.44500  0.99272  0.99273 
 18.54500  0.99545  0.99546 
 18.64500  0.99723  0.99727 
 18.74500  0.99835  0.99839 
 18.84500  0.99906  0.99905 
 18.94500  0.99946  0.99947 
 19.04500  0.99969  0.99967 
 19.14500  0.99981  0.99980 
 19.24500  0.99984  0.99980 
 19.34500  0.99975  0.99974 
 19.44500  0.99958  0.99957 
 19.54500  0.99925  0.99926 
 19.64500  0.99869  0.99870 
 19.74500  0.99777  0.99779 
 19.84500  0.99628  0.99632 
 19.94500  0.99399  0.99401 
 20.04500  0.99051  0.99052 
 20.14500  0.98537  0.98532 
 20.24500  0.97793  0.97788 
 20.34500  0.96750  0.96747 
 20.44500  0.95326  0.95331 
 20.54500  0.93441  0.93464 
 20.64500  0.91020  0.91058 
 20.74500  0.88007  0.88049 
 20.84500  0.84363  0.84390 
 20.94500  0.80070  0.80059 
 21.04500  0.75130  0.75076 
 21.14500  0.69568  0.69496 
 21.24500  0.63449  0.63425 
 21.34500  0.56897  0.56996 
 21.44500  0.50355  0.50375 
 21.54500  0.43863  0.43744 
 21.64500  0.37271  0.37283 
 21.74500  0.31094  0.31163 
 21.84500  0.25467  0.25524 
 21.94500  0.20454  0.20470 
 22.04500  0.16089  0.16063 
 22.14500  0.12370  0.12328 
 22.24500  0.09289  0.09249 
 22.34500  0.06804  0.06781 
 22.44500  0.04862  0.04853 
 22.54500  0.03391  0.03391 
 22.64500  0.02308  0.02314 
 22.74500  0.01538  0.01540 
 22.84500  0.00998  0.01000 
 22.94500  0.00636  0.00633 
 23.04500  0.00395  0.00392 
 23.14500  0.00242  0.00239 
 23.24500  0.00146  0.00144 
 23.34500  0.00093  0.00092 
 23.44500  0.00069  0.00069 
 23.54500  0.00070  0.00070 
 23.64500  0.00095  0.00093 
 23.74500  0.00150  0.00149 
 23.84500  0.00249  0.00245 
 23.94500  0.00407  0.00403 
 24.04500  0.00654  0.00651 
 24.14500  0.01027  0.01026 
 24.24500  0.01576  0.01578 
 24.34500  0.02366  0.02369 
 24.44500  0.03469  0.03470 
 24.54500  0.04966  0.04957 
 24.64500  0.06941  0.06914 
 24.74500  0.09460  0.09420 
 24.84500  0.12581  0.12539 
 24.94500  0.16338  0.16316 
 25.04500  0.20743  0.20762 
 25.14500  0.25794  0.25856 
 25.24500  0.31460  0.31526 
 25.34500  0.37666  0.37671 
 25.44500  0.44275  0.44146 
 25.54500  0.50737  0.50783 
 25.64500  0.57309  0.57397 
 25.74500  0.63838  0.63809 
 25.84500  0.69925  0.69855 
 25.94500  0.75450  0.75401 
 26.04500  0.80352  0.80343 
 26.14500  0.84605  0.84633 
 26.24500  0.88212  0.88252 
 26.34500  0.91186  0.91221 
 26.44500  0.93573  0.93593 
 26.54500  0.95426  0.95434 
 26.64500  0.96823  0.96822 
 26.74500  0.97847  0.97842 
 26.84500  0.98574  0.98570 
 26.94500  0.99077  0.99075 
 27.04500  0.99413  0.99418 
 27.14500  0.99639  0.99643 
 27.24500  0.99784  0.99784 
 27.34500  0.99873  0.99875 
 27.44500  0.99929  0.99929 
 27.54500  0.99961  0.99960 
 27.64500  0.99980  0.99978 
 27.74500  0.99990  0.99990 
 27.84500  0.99996  0.99993 
 27.94500  0.99996  1.00000 
 28.04500  0.99999  1.00000 
 28.14500  1.00001  1.00000 
 28.24500  0.99997  1.00000 
 28.34500  0.99998  0.99998 
 28.44500  0.99993  0.99990 
 28.54500  0.99986  0.99985 
 28.64500  0.99973  0.99972 
 28.74500  0.99948  0.99948 
 28.84500  0.99906  0.99907 
 28.94500  0.99836  0.99839 
 29.04500  0.99725  0.99727 
 29.14500  0.99546  0.99546 
 29.24500  0.99274  0.99274 
 29.34500  0.98864  0.98860 
 29.44500  0.98263  0.98257 
 29.54500  0.97406  0.97402 
 29.64500  0.96218  0.96219 
 29.74500  0.94614  0.94628 
 29.84500  0.92519  0.92548 
 29.94500  0.89861  0.89902 
 30.04500  0.86592  0.86632 
 30.14500  0.82685  0.82698 
 30.24500  0.78124  0.78094 
 30.34500  0.72924  0.72856 
 30.44500  0.67121  0.67063 
 30.54500  0.60808  0.60825 
 30.64500  0.54131  0.54296 
 30.74500  0.47784  0.47649 
 30.84500  0.41123  0.41066 
 30.94500  0.34684  0.34728 
 31.04500  0.28720  0.28789 
 31.14500  0.23336  0.23378 
 31.24500  0.18588  0.18584 
 31.34500  0.14488  0.14455 
 31.44500  0.11034  0.10991 
 31.54500  0.08202  0.08168 
 31.64500  0.05948  0.05930 
 31.74500  0.04207  0.04202 
 31.84500  0.02904  0.02908 
 31.94500  0.01958  0.01963 
 32.04500  0.01292  0.01293 
 32.14500  0.00831  0.00831 
 32.24500  0.00524  0.00520 
 32.34500  0.00321  0.00318 
 32.44500  0.00192  0.00189 
 32.54500  0.00112  0.00109 
 32.64500  0.00063  0.00063 
 32.74500  0.00035  0.00034 
 32.84500  0.00018  0.00018 
 32.94500  0.00011  0.00010 
 33.04500  0.00004  0.00006 
 33.14500  0.00004  0.00000 
 33.24500  0.00005  0.00000 
 33.34500  0.00003  0.00004 
 33.44500  0.00008  0.00010 
 33.54500  0.00016  0.00016 
 33.64500  0.00031  0.00031 
 33.74500  0.00057  0.00055 
 33.84500  0.00102  0.00100 
 33.94500  0.00174  0.00171 
 34.04500  0.00294  0.00290 
 34.14500  0.00480  0.00477 
 34.24500  0.00766  0.00764 
 34.34500  0.01193  0.01194 
 34.44500  0.01819  0.01823 
 34.54500  0.02707  0.02712 
 34.64500  0.03940  0.03937 
 34.74500  0.05593  0.05578 
 34.84500  0.07751  0.07719 
 34.94500  0.10473  0.10431 
 35.04500  0.13811  0.13773 
 35.14500  0.17793  0.17783 
 35.24500  0.22424  0.22458 
 35.34500  0.27694  0.27762 
 35.44500  0.33558  0.33612 
 35.54500  0.39923  0.39890 
 35.64500  0.46626  0.46439 
 35.74500  0.52914  0.53090 
 35.84500  0.59614  0.59654 
 35.94500  0.66008  0.65957 
 36.04500  0.71911  0.71840 
 36.14500  0.77225  0.77186 
 36.24500  0.81901  0.81908 
 36.34500  0.85929  0.85965 
 36.44500  0.89312  0.89355 
 36.54500  0.92077  0.92110 
 36.64500  0.94272  0.94288 
 36.74500  0.95960  0.95962 
 36.84500  0.97217  0.97211 
 36.94500  0.98128  0.98125 
 37.04500  0.98771  0.98768 
 37.14500  0.99211  0.99209 
 37.24500  0.99505  0.99507 
 37.34500  0.99697  0.99698 
 37.44500  0.99821  0.99823 
 37.54500  0.99896  0.99898 
 37.64500  0.99940  0.99942 
 37.74500  0.99968  0.99968 
 37.84500  0.99983  0.99982 
 37.94500  0.99991  0.99990 
 38.04500  0.99992  0.99990 
 38.14500  0.99991  0.99990 
 38.24500  0.99984  0.99983 
 38.34500  0.99971  0.99970 
 38.44500  0.99947  0.99945 
 38.54500  0.99903  0.99904 
 38.64500  0.99832  0.99833 
 38.74500  0.99716  0.99718 
 38.84500  0.99533  0.99536 
 38.94500  0.99253  0.99254 
 39.04500  0.98836  0.98833 
 39.14500  0.98224  0.98217 
 39.24500  0.97349  0.97345 
 39.34500  0.96138  0.96139 
 39.44500  0.94510  0.94523 
 39.54500  0.92384  0.92412 
 39.64500  0.89692  0.89734 
 39.74500  0.86390  0.86424 
 39.84500  0.82443  0.82453 
 39.94500  0.77846  0.77814 
 40.04500  0.72611  0.72541 
 40.14500  0.66777  0.66718 
 40.24500  0.60436  0.60460 
 40.34500  0.53747  0.53921 
 40.44500  0.47429  0.47273 
 40.54500  0.40747  0.40699 
 40.64500  0.34331  0.34379 
 40.74500  0.28397  0.28466 
 40.84500  0.23048  0.23088 
 40.94500  0.18336  0.18333 
 41.04500  0.14274  0.14239 
 41.14500  0.10856  0.10813 
 41.24500  0.08059  0.08026 
 41.34500  0.05833  0.05818 
 41.44500  0.04121  0.04119 
 41.54500  0.02841  0.02845 
 41.64500  0.01914  0.01919 
 41.74500  0.01259  0.01263 
 41.84500  0.00810  0.00809 
 41.94500  0.00510  0.00505 
 42.04500  0.00312  0.00308 
 42.14500  0.00187  0.00185 
 42.24500  0.00108  0.00107 
 42.34500  0.00062  0.00062 
 42.44500  0.00034  0.00035 
 42.54500  0.00020  0.00021 
 42.64500  0.00018  0.00020 
 42.74500  0.00017  0.00020 
 42.84500  0.00027  0.00025 
 42.94500  0.00045  0.00045 
 43.04500  0.00081  0.00078 
 43.14500  0.00140  0.00138 
 43.24500  0.00238  0.00233 
 43.34500  0.00393  0.00391 
 43.44500  0.00634  0.00631 
 43.54500  0.00996  0.01000 
 43.64500  0.01534  0.01538 
 43.74500  0.02305  0.02309 
 43.84500  0.03386  0.03387 
 43.94500  0.04857  0.04845 
 44.04500  0.06797  0.06772 
 44.14500  0.09279  0.09240 
 44.24500  0.12360  0.12318 
 44.34500  0.16075  0.16051 
 44.44500  0.20437  0.20451 
 44.54500  0.25449  0.25504 
 44.64500  0.31075  0.31143 
 44.74500  0.37249  0.37261 
 44.84500  0.43836  0.43719 
 44.94500  0.50333  0.50351 
 45.04500  0.56872  0.56970 
 45.14500  0.63428  0.63404 
 45.24500  0.69549  0.69476 
 45.34500  0.75113  0.75058 
 45.44500  0.80054  0.80042 
 45.54500  0.84350  0.84375 
 45.64500  0.87996  0.88039 
 45.74500  0.91013  0.91049 
 45.84500  0.93434  0.93455 
 45.94500  0.95321  0.95329 
 46.04500  0.96747  0.96743 
 46.14500  0.97791  0.97785 
 46.24500  0.98535  0.98531 
 46.34500  0.99050  0.99049 
 46.44500  0.99399  0.99400 
 46.54500  0.99627  0.99630 
 46.64500  0.99777  0.99779 
 46.74500  0.99868  0.99870 
 46.84500  0.99926  0.99926 
 46.94500  0.99960  0.99960 
 47.04500  0.99979  0.99977 
 47.14500  0.99991  0.99989 
 47.24500  0.99996  0.99992 
 47.34500  0.99997  1.00000 
 47.44500  0.99999  1.00000 
 47.54500  1.00001  1.00000 
 47.64500  0.99996  1.00000 
 47.74500  0.99997  0.99999 
 47.84500  0.99994  0.99990 
 47.94500  0.99987  0.99986 
 48.04500  0.99974  0.99973 
 48.14500  0.99951  0.99950 
 48.24500  0.99910  0.99910 
 48.34500  0.99842  0.99843 
 48.44500  0.99734  0.99735 
 48.54500  0.99560  0.99564 
 48.64500  0.99294  0.99296 
 48.74500  0.98897  0.98893 
 48.84500  0.98309  0.98304 
 48.94500  0.97472  0.97466 
 49.04500  0.96307  0.96308 
 49.14500  0.94734  0.94744 
 49.24500  0.92671  0.92700 
 49.34500  0.90051  0.90092 
 49.44500  0.86824  0.86863 
 49.54500  0.82956  0.82973 
 49.64500  0.78439  0.78412 
 49.74500  0.73281  0.73216 
 49.84500  0.67517  0.67453 
 49.94500  0.61230  0.61240 
 50.04500  0.54572  0.54725 
 50.14500  0.48189  0.48081 
 50.24500  0.41553  0.41487 
 50.34500  0.35087  0.35129 
 50.44500  0.29089  0.29157 
 50.54500  0.23667  0.23712 
 50.64500  0.18876  0.18876 
 50.74500  0.14734  0.14701 
 50.84500  0.11239  0.11194 
 50.94500  0.08366  0.08334 
 51.04500  0.06077  0.06058 
 51.14500  0.04306  0.04302 
 51.24500  0.02977  0.02980 
 51.34500  0.02013  0.02017 
 51.44500  0.01328  0.01331 
 51.54500  0.00857  0.00855 
 51.64500  0.00541  0.00538 
 51.74500  0.00333  0.00329 
 51.84500  0.00198  0.00196 
 51.94500  0.00116  0.00114 
 52.04500  0.00067  0.00065 
 52.14500  0.00038  0.00037 
 52.24500  0.00022  0.00022 
 52.34500  0.00018  0.00020 
 52.44500  0.00018  0.00020 
 52.54500  0.00024  0.00024 
 52.64500  0.00042  0.00041 
 52.74500  0.00076  0.00073 
 52.84500  0.00133  0.00128 
 52.94500  0.00223  0.00219 
 53.04500  0.00370  0.00365 
 53.14500  0.00599  0.00596 
 53.24500  0.00945  0.00945 
 53.34500  0.01455  0.01460 
 53.44500  0.02196  0.02200 
 53.54500  0.03234  0.03236 
 53.64500  0.04653  0.04647 
 53.74500  0.06533  0.06509 
 53.84500  0.08945  0.08907 
 53.94500  0.11951  0.11908 
 54.04500  0.15587  0.15560 
 54.14500  0.19873  0.19882 
 54.24500  0.24803  0.24857 
 54.34500  0.30358  0.30428 
 54.44500  0.36473  0.36495 
 54.54500  0.43018  0.42921 
 54.64500  0.49564  0.49542 
 54.74500  0.56055  0.56173 
 54.84500  0.62647  0.62637 
 54.94500  0.68829  0.68761 
 55.04500  0.74466  0.74409 
 55.14500  0.79488  0.79471 
 55.24500  0.83860  0.83884 
 55.34500  0.87586  0.87627 
 55.44500  0.90676  0.90715 
 55.54500  0.93170  0.93193 
 55.64500  0.95117  0.95127 
 55.74500  0.96594  0.96593 
 55.84500  0.97679  0.97675 
 55.94500  0.98457  0.98452 
 56.04500  0.98998  0.98996 
 56.14500  0.99362  0.99363 
 56.24500  0.99605  0.99607 
 56.34500  0.99761  0.99761 
 56.44500  0.99857  0.99858 
 56.54500  0.99916  0.99917 
 56.64500  0.99948  0.99946 
 56.74500  0.99959  0.99960 
 56.84500  0.99955  0.99955 
 56.94500  0.99934  0.99934 
 57.04500  0.99888  0.99890 
 57.14500  0.99814  0.99815 
 57.24500  0.99689  0.99692 
 57.34500  0.99491  0.99495 
 57.44500  0.99192  0.99192 
 57.54500  0.98744  0.98740 
 57.64500  0.98089  0.98085 
 57.74500  0.97163  0.97159 
 57.84500  0.95883  0.95886 
 57.94500  0.94173  0.94189 
 58.04500  0.91951  0.91983 
 58.14500  0.89156  0.89198 
 58.24500  0.85739  0.85773 
 58.34500  0.81678  0.81683 
 58.44500  0.76969  0.76927 
 58.54500  0.71623  0.71552 
 58.64500  0.65692  0.65642 
 58.74500  0.59277  0.59324 
 58.84500  0.52592  0.52751 
 58.94500  0.46277  0.46101 
 59.04500  0.39586  0.39562 
 59.14500  0.33245  0.33302 
 59.24500  0.27410  0.27475 
 59.34500  0.22170  0.22204 
 59.44500  0.17572  0.17561 
 59.54500  0.13624  0.13586 
 59.64500  0.10320  0.10276 
 59.74500  0.07625  0.07595 
 59.84500  0.05498  0.05485 
 59.94500  0.03868  0.03864 
 60.04500  0.02656  0.02659 
 60.14500  0.01780  0.01786 
 60.24500  0.01168  0.01169 
 60.34500  0.00747  0.00746 
 60.44500  0.00469  0.00466 
 60.54500  0.00286  0.00282 
 60.64500  0.00170  0.00167 
 60.74500  0.00097  0.00096 
 60.84500  0.00056  0.00054 
 60.94500  0.00031  0.00029 
 61.04500  0.00016  0.00016 
 61.14500  0.00008  0.00010 
 61.24500  0.00005  0.00002 
 61.34500  0.00002  0.00000 
 61.44500  0.00000  0.00000 
 61.54500  0.00000  0.00000 
 61.64500  0.00001  0.00000 
 61.74500 -0.00001  0.00000 
 61.84500 -0.00000  0.00000 
 61.94500 -0.00000  0.00000 
 62.04500  0.00001  0.00000 
 62.14500  0.00001  0.00000 
 62.24500  0.00000  0.00000 
 62.34500 -0.00000  0.00000 
 62.44500  0.00000  0.00000 
 62.54500  0.00001  0.00000 
 62.64500  0.00000  0.00000 
 62.74500  0.00000  0.00000 
