  0.04500  0.51580  0.51610 
  0.14500  0.51581  0.51610 
  0.24500  0.51580  0.51605 
  0.34500  0.51580  0.51600 
  0.44500  0.51580  0.51600 
  0.54500  0.51581  0.51600 
  0.64500  0.51581  0.51600 
  0.74500  0.51581  0.51600 
  0.84500  0.51581  0.51600 
  0.94500  0.51580  0.51600 
  1.04500  0.51580  0.51600 
  1.14500  0.51580  0.51600 
  1.24500  0.51580  0.51600 
  1.34500  0.51579  0.51600 
  1.44500  0.51578  0.51600 
  1.54500  0.51578  0.51600 
  1.64500  0.51577  0.51600 
  1.74500  0.51577  0.51600 
  1.84500  0.51576  0.51600 
  1.94500  0.51576  0.51600 
  2.04500  0.51575  0.51600 
  2.14500  0.51575  0.51600 
  2.24500  0.51574  0.51600 
  2.34500  0.51572  0.51600 
  2.44500  0.51572  0.51600 
  2.54500  0.51571  0.51600 
  2.64500  0.51570  0.51600 
  2.74500  0.51569  0.51600 
  2.84500  0.51568  0.51600 
  2.94500  0.51567  0.51600 
  3.04500  0.51567  0.51600 
  3.14500  0.51566  0.51600 
  3.24500  0.51566  0.51600 
  3.34500  0.51565  0.51600 
  3.44500  0.51564  0.51600 
  3.54500  0.51564  0.51600 
  3.64500  0.51566  0.51600 
  3.74500  0.51566  0.51600 
  3.84500  0.51565  0.51600 
  3.94500  0.51565  0.51600 
  4.04500  0.51563  0.51600 
  4.14500  0.51562  0.51600 
  4.24500  0.51562  0.51600 
  4.34500  0.51562  0.51600 
  4.44500  0.51561  0.51600 
  4.54500  0.51560  0.51600 
  4.64500  0.51559  0.51600 
  4.74500  0.51559  0.51600 
  4.84500  0.51558  0.51600 
  4.94500  0.51558  0.51600 
  5.04500  0.51558  0.51600 
  5.14500  0.51556  0.51600 
  5.24500  0.51557  0.51600 
  5.34500  0.51556  0.51600 
  5.44500  0.51556  0.51600 
  5.54500  0.51556  0.51600 
  5.64500  0.51557  0.51600 
  5.74500  0.51558  0.51600 
  5.84500  0.51558  0.51600 
  5.94500  0.51556  0.51600 
  6.04500  0.51556  0.51600 
  6.14500  0.51555  0.51600 
  6.24500  0.51556  0.51600 
  6.34500  0.51555  0.51600 
  6.44500  0.51555  0.51600 
  6.54500  0.51555  0.51600 
  6.64500  0.51553  0.51600 
  6.74500  0.51553  0.51600 
  6.84500  0.51553  0.51600 
  6.94500  0.51553  0.51600 
  7.04500  0.51551  0.51600 
  7.14500  0.51552  0.51600 
  7.24500  0.51553  0.51600 
  7.34500  0.51553  0.51600 
  7.44500  0.51554  0.51600 
  7.54500  0.51553  0.51600 
  7.64500  0.51554  0.51600 
  7.74500  0.51554  0.51600 
  7.84500  0.51553  0.51590 
  7.94500  0.51553  0.51590 
  8.04500  0.51553  0.51590 
  8.14500  0.51553  0.51590 
  8.24500  0.51552  0.51590 
  8.34500  0.51552  0.51590 
  8.44500  0.51553  0.51590 
  8.54500  0.51555  0.51590 
  8.64500  0.51554  0.51590 
  8.74500  0.51554  0.51590 
  8.84500  0.51553  0.51590 
  8.94500  0.51551  0.51590 
  9.04500  0.51552  0.51590 
  9.14500  0.51552  0.51590 
  9.24500  0.51550  0.51590 
  9.34500  0.51550  0.51590 
  9.44500  0.51550  0.51590 
  9.54500  0.51550  0.51590 
  9.64500  0.51550  0.51590 
  9.74500  0.51550  0.51590 
  9.84500  0.51549  0.51590 
  9.94500  0.51549  0.51590 
 10.04500  0.51549  0.51590 
 10.14500  0.51550  0.51590 
 10.24500  0.51548  0.51590 
 10.34500  0.51548  0.51590 
 10.44500  0.51547  0.51590 
 10.54500  0.51550  0.51590 
 10.64500  0.51550  0.51590 
 10.74500  0.51550  0.51590 
 10.84500  0.51550  0.51590 
 10.94500  0.51550  0.51590 
 11.04500  0.51549  0.51590 
 11.14500  0.51548  0.51580 
 11.24500  0.51546  0.51580 
 11.34500  0.51546  0.51580 
 11.44500  0.51547  0.51580 
 11.54500  0.51547  0.51580 
 11.64500  0.51548  0.51580 
 11.74500  0.51547  0.51580 
 11.84500  0.51546  0.51580 
 11.94500  0.51546  0.51580 
 12.04500  0.51546  0.51580 
 12.14500  0.51546  0.51580 
 12.24500  0.51545  0.51580 
 12.34500  0.51547  0.51580 
 12.44500  0.51546  0.51580 
 12.54500  0.51546  0.51580 
 12.64500  0.51545  0.51580 
 12.74500  0.51545  0.51580 
 12.84500  0.51545  0.51580 
 12.94500  0.51542  0.51580 
 13.04500  0.51542  0.51580 
 13.14500  0.51544  0.51580 
 13.24500  0.51544  0.51580 
 13.34500  0.51543  0.51580 
 13.44500  0.51543  0.51580 
 13.54500  0.51542  0.51580 
 13.64500  0.51541  0.51578 
 13.74500  0.51541  0.51570 
 13.84500  0.51542  0.51570 
 13.94500  0.51542  0.51570 
 14.04500  0.51542  0.51570 
 14.14500  0.51541  0.51570 
 14.24500  0.51541  0.51570 
 14.34500  0.51540  0.51570 
 14.44500  0.51539  0.51570 
 14.54500  0.51539  0.51570 
 14.64500  0.51538  0.51570 
 14.74500  0.51539  0.51570 
 14.84500  0.51539  0.51570 
 14.94500  0.51538  0.51570 
 15.04500  0.51538  0.51570 
 15.14500  0.51538  0.51570 
 15.24500  0.51537  0.51570 
 15.34500  0.51539  0.51570 
 15.44500  0.51539  0.51570 
 15.54500  0.51539  0.51570 
 15.64500  0.51537  0.51570 
 15.74500  0.51537  0.51570 
 15.84500  0.51536  0.51570 
 15.94500  0.51536  0.51561 
 16.04500  0.51536  0.51560 
 16.14500  0.51535  0.51560 
 16.24500  0.51535  0.51560 
 16.34500  0.51535  0.51560 
 16.44500  0.51534  0.51560 
 16.54500  0.51534  0.51560 
 16.64500  0.51535  0.51560 
 16.74500  0.51534  0.51560 
 16.84500  0.51535  0.51560 
 16.94500  0.51535  0.51560 
 17.04500  0.51534  0.51560 
 17.14500  0.51533  0.51560 
 17.24500  0.51533  0.51560 
 17.34500  0.51532  0.51560 
 17.44500  0.51532  0.51560 
 17.54500  0.51531  0.51560 
 17.64500  0.51530  0.51560 
 17.74500  0.51530  0.51560 
 17.84500  0.51531  0.51560 
 17.94500  0.51532  0.51551 
 18.04500  0.51531  0.51550 
 18.14500  0.51530  0.51550 
 18.24500  0.51530  0.51550 
 18.34500  0.51530  0.51550 
 18.44500  0.51528  0.51550 
 18.54500  0.51529  0.51550 
 18.64500  0.51528  0.51550 
 18.74500  0.51529  0.51550 
 18.84500  0.51528  0.51550 
 18.94500  0.51527  0.51550 
 19.04500  0.51527  0.51550 
 19.14500  0.51528  0.51550 
 19.24500  0.51528  0.51550 
 19.34500  0.51527  0.51550 
 19.44500  0.51526  0.51550 
 19.54500  0.51526  0.51550 
 19.64500  0.51527  0.51550 
 19.74500  0.51526  0.51547 
 19.84500  0.51525  0.51540 
 19.94500  0.51524  0.51540 
 20.04500  0.51524  0.51540 
 20.14500  0.51523  0.51540 
 20.24500  0.51524  0.51540 
 20.34500  0.51523  0.51540 
 20.44500  0.51522  0.51540 
 20.54500  0.51522  0.51540 
 20.64500  0.51521  0.51540 
 20.74500  0.51520  0.51540 
 20.84500  0.51521  0.51540 
 20.94500  0.51520  0.51540 
 21.04500  0.51518  0.51540 
 21.14500  0.51518  0.51540 
 21.24500  0.51517  0.51540 
 21.34500  0.51518  0.51540 
 21.44500  0.51517  0.51540 
 21.54500  0.51517  0.51531 
 21.64500  0.51516  0.51530 
 21.74500  0.51515  0.51530 
 21.84500  0.51515  0.51530 
 21.94500  0.51515  0.51530 
 22.04500  0.51515  0.51530 
 22.14500  0.51513  0.51530 
 22.24500  0.51512  0.51530 
 22.34500  0.51512  0.51530 
 22.44500  0.51514  0.51530 
 22.54500  0.51514  0.51530 
 22.64500  0.51511  0.51530 
 22.74500  0.51512  0.51530 
 22.84500  0.51511  0.51530 
 22.94500  0.51512  0.51530 
 23.04500  0.51510  0.51530 
 23.14500  0.51508  0.51528 
 23.24500  0.51508  0.51520 
 23.34500  0.51507  0.51520 
 23.44500  0.51508  0.51520 
 23.54500  0.51509  0.51520 
 23.64500  0.51508  0.51520 
 23.74500  0.51507  0.51520 
 23.84500  0.51506  0.51520 
 23.94500  0.51507  0.51520 
 24.04500  0.51508  0.51520 
 24.14500  0.51505  0.51520 
 24.24500  0.51505  0.51520 
 24.34500  0.51505  0.51520 
 24.44500  0.51505  0.51520 
 24.54500  0.51506  0.51520 
 24.64500  0.51505  0.51520 
 24.74500  0.51505  0.51519 
 24.84500  0.51505  0.51510 
 24.94500  0.51504  0.51510 
 25.04500  0.51506  0.51510 
 25.14500  0.51504  0.51510 
 25.24500  0.51503  0.51510 
 25.34500  0.51502  0.51510 
 25.44500  0.51503  0.51510 
 25.54500  0.51504  0.51510 
 25.64500  0.51502  0.51510 
 25.74500  0.51501  0.51510 
 25.84500  0.51500  0.51510 
 25.94500  0.51500  0.51510 
 26.04500  0.51500  0.51510 
 26.14500  0.51498  0.51510 
 26.24500  0.51497  0.51510 
 26.34500  0.51496  0.51505 
 26.44500  0.51497  0.51500 
 26.54500  0.51498  0.51500 
 26.64500  0.51497  0.51500 
 26.74500  0.51496  0.51500 
 26.84500  0.51496  0.51500 
 26.94500  0.51497  0.51500 
 27.04500  0.51498  0.51500 
 27.14500  0.51495  0.51500 
 27.24500  0.51495  0.51500 
 27.34500  0.51494  0.51500 
 27.44500  0.51494  0.51500 
 27.54500  0.51495  0.51500 
 27.64500  0.51495  0.51500 
 27.74500  0.51494  0.51500 
 27.84500  0.51493  0.51499 
 27.94500  0.51494  0.51490 
 28.04500  0.51494  0.51490 
 28.14500  0.51491  0.51490 
 28.24500  0.51489  0.51490 
 28.34500  0.51489  0.51490 
 28.44500  0.51490  0.51490 
 28.54500  0.51489  0.51490 
 28.64500  0.51489  0.51490 
 28.74500  0.51488  0.51490 
 28.84500  0.51487  0.51490 
 28.94500  0.51489  0.51490 
 29.04500  0.51488  0.51490 
 29.14500  0.51486  0.51490 
 29.24500  0.51484  0.51490 
 29.34500  0.51484  0.51490 
 29.44500  0.51485  0.51480 
 29.54500  0.51484  0.51480 
 29.64500  0.51483  0.51480 
 29.74500  0.51483  0.51480 
 29.84500  0.51484  0.51480 
 29.94500  0.51482  0.51480 
 30.04500  0.51481  0.51480 
 30.14500  0.51478  0.51480 
 30.24500  0.51478  0.51480 
 30.34500  0.51478  0.51480 
 30.44500  0.51478  0.51480 
 30.54500  0.51476  0.51480 
 30.64500  0.51474  0.51480 
 30.74500  0.51473  0.51480 
 30.84500  0.51475  0.51480 
 30.94500  0.51474  0.51470 
 31.04500  0.51473  0.51470 
 31.14500  0.51471  0.51470 
 31.24500  0.51470  0.51470 
 31.34500  0.51470  0.51470 
 31.44500  0.51469  0.51470 
 31.54500  0.51469  0.51470 
 31.64500  0.51468  0.51470 
 31.74500  0.51469  0.51470 
 31.84500  0.51468  0.51470 
 31.94500  0.51468  0.51470 
 32.04500  0.51465  0.51470 
 32.14500  0.51464  0.51470 
 32.24500  0.51465  0.51470 
 32.34500  0.51466  0.51470 
 32.44500  0.51464  0.51460 
 32.54500  0.51463  0.51460 
 32.64500  0.51463  0.51460 
 32.74500  0.51464  0.51460 
 32.84500  0.51463  0.51460 
 32.94500  0.51463  0.51460 
 33.04500  0.51460  0.51460 
 33.14500  0.51458  0.51460 
 33.24500  0.51460  0.51460 
 33.34500  0.51459  0.51460 
 33.44500  0.51458  0.51460 
 33.54500  0.51458  0.51460 
 33.64500  0.51459  0.51460 
 33.74500  0.51460  0.51460 
 33.84500  0.51458  0.51460 
 33.94500  0.51458  0.51450 
 34.04500  0.51457  0.51450 
 34.14500  0.51455  0.51450 
 34.24500  0.51456  0.51450 
 34.34500  0.51455  0.51450 
 34.44500  0.51455  0.51450 
 34.54500  0.51454  0.51450 
 34.64500  0.51456  0.51450 
 34.74500  0.51456  0.51450 
 34.84500  0.51455  0.51450 
 34.94500  0.51455  0.51450 
 35.04500  0.51453  0.51450 
 35.14500  0.51455  0.51450 
 35.24500  0.51453  0.51450 
 35.34500  0.51453  0.51450 
 35.44500  0.51453  0.51442 
 35.54500  0.51452  0.51440 
 35.64500  0.51453  0.51440 
 35.74500  0.51453  0.51440 
 35.84500  0.51453  0.51440 
 35.94500  0.51452  0.51440 
 36.04500  0.51450  0.51440 
 36.14500  0.51452  0.51440 
 36.24500  0.51452  0.51440 
 36.34500  0.51451  0.51440 
 36.44500  0.51451  0.51440 
 36.54500  0.51451  0.51440 
 36.64500  0.51452  0.51440 
 36.74500  0.51451  0.51440 
 36.84500  0.51451  0.51440 
 36.94500  0.51451  0.51436 
 37.04500  0.51449  0.51430 
 37.14500  0.51450  0.51430 
 37.24500  0.51450  0.51430 
 37.34500  0.51449  0.51430 
 37.44500  0.51448  0.51430 
 37.54500  0.51449  0.51430 
 37.64500  0.51450  0.51430 
 37.74500  0.51449  0.51430 
 37.84500  0.51449  0.51430 
 37.94500  0.51448  0.51430 
 38.04500  0.51446  0.51430 
 38.14500  0.51445  0.51430 
 38.24500  0.51445  0.51430 
 38.34500  0.51444  0.51430 
 38.44500  0.51444  0.51430 
 38.54500  0.51443  0.51424 
 38.64500  0.51444  0.51420 
 38.74500  0.51443  0.51420 
 38.84500  0.51442  0.51420 
 38.94500  0.51441  0.51420 
 39.04500  0.51442  0.51420 
 39.14500  0.51441  0.51420 
 39.24500  0.51439  0.51420 
 39.34500  0.51439  0.51420 
 39.44500  0.51438  0.51420 
 39.54500  0.51438  0.51420 
 39.64500  0.51439  0.51420 
 39.74500  0.51438  0.51420 
 39.84500  0.51438  0.51420 
 39.94500  0.51437  0.51420 
 40.04500  0.51436  0.51420 
 40.14500  0.51436  0.51417 
 40.24500  0.51435  0.51410 
 40.34500  0.51435  0.51410 
 40.44500  0.51433  0.51410 
 40.54500  0.51432  0.51410 
 40.64500  0.51432  0.51410 
 40.74500  0.51433  0.51410 
 40.84500  0.51430  0.51410 
 40.94500  0.51430  0.51410 
 41.04500  0.51429  0.51410 
 41.14500  0.51430  0.51410 
 41.24500  0.51429  0.51410 
 41.34500  0.51427  0.51410 
 41.44500  0.51428  0.51410 
 41.54500  0.51427  0.51410 
 41.64500  0.51423  0.51410 
 41.74500  0.51425  0.51410 
 41.84500  0.51425  0.51405 
 41.94500  0.51424  0.51400 
 42.04500  0.51423  0.51400 
 42.14500  0.51423  0.51400 
 42.24500  0.51424  0.51400 
 42.34500  0.51424  0.51400 
 42.44500  0.51421  0.51400 
 42.54500  0.51420  0.51400 
 42.64500  0.51420  0.51400 
 42.74500  0.51421  0.51400 
 42.84500  0.51421  0.51400 
 42.94500  0.51421  0.51400 
 43.04500  0.51420  0.51400 
 43.14500  0.51419  0.51400 
 43.24500  0.51419  0.51400 
 43.34500  0.51417  0.51400 
 43.44500  0.51419  0.51400 
 43.54500  0.51417  0.51400 
 43.64500  0.51416  0.51393 
 43.74500  0.51416  0.51390 
 43.84500  0.51415  0.51390 
 43.94500  0.51416  0.51390 
 44.04500  0.51417  0.51390 
 44.14500  0.51416  0.51390 
 44.24500  0.51416  0.51390 
 44.34500  0.51416  0.51390 
 44.44500  0.51416  0.51390 
 44.54500  0.51416  0.51390 
 44.64500  0.51417  0.51390 
 44.74500  0.51416  0.51390 
 44.84500  0.51415  0.51390 
 44.94500  0.51415  0.51390 
 45.04500  0.51414  0.51390 
 45.14500  0.51415  0.51390 
 45.24500  0.51416  0.51390 
 45.34500  0.51417  0.51390 
 45.44500  0.51416  0.51390 
 45.54500  0.51416  0.51382 
 45.64500  0.51415  0.51380 
 45.74500  0.51415  0.51380 
 45.84500  0.51417  0.51380 
 45.94500  0.51416  0.51380 
 46.04500  0.51415  0.51380 
 46.14500  0.51415  0.51380 
 46.24500  0.51414  0.51380 
 46.34500  0.51414  0.51380 
 46.44500  0.51414  0.51380 
 46.54500  0.51414  0.51380 
 46.64500  0.51414  0.51380 
 46.74500  0.51414  0.51380 
 46.84500  0.51413  0.51380 
 46.94500  0.51412  0.51380 
 47.04500  0.51413  0.51380 
 47.14500  0.51414  0.51380 
 47.24500  0.51415  0.51380 
 47.34500  0.51414  0.51380 
 47.44500  0.51411  0.51380 
 47.54500  0.51411  0.51378 
 47.64500  0.51411  0.51370 
 47.74500  0.51410  0.51370 
 47.84500  0.51413  0.51370 
 47.94500  0.51411  0.51370 
 48.04500  0.51411  0.51370 
 48.14500  0.51411  0.51370 
 48.24500  0.51411  0.51370 
 48.34500  0.51410  0.51370 
 48.44500  0.51409  0.51370 
 48.54500  0.51411  0.51370 
 48.64500  0.51409  0.51370 
 48.74500  0.51408  0.51370 
 48.84500  0.51407  0.51370 
 48.94500  0.51406  0.51370 
 49.04500  0.51404  0.51370 
 49.14500  0.51404  0.51370 
 49.24500  0.51406  0.51370 
 49.34500  0.51406  0.51370 
 49.44500  0.51406  0.51370 
 49.54500  0.51405  0.51370 
 49.64500  0.51404  0.51370 
 49.74500  0.51403  0.51370 
 49.84500  0.51403  0.51369 
 49.94500  0.51402  0.51360 
 50.04500  0.51404  0.51360 
 50.14500  0.51401  0.51360 
 50.24500  0.51402  0.51360 
 50.34500  0.51401  0.51360 
 50.44500  0.51398  0.51360 
 50.54500  0.51398  0.51360 
 50.64500  0.51398  0.51360 
 50.74500  0.51396  0.51360 
 50.84500  0.51397  0.51360 
 50.94500  0.51398  0.51360 
 51.04500  0.51397  0.51360 
 51.14500  0.51397  0.51360 
 51.24500  0.51397  0.51360 
 51.34500  0.51396  0.51360 
 51.44500  0.51395  0.51360 
 51.54500  0.51395  0.51360 
 51.64500  0.51394  0.51360 
 51.74500  0.51396  0.51360 
 51.84500  0.51396  0.51360 
 51.94500  0.51396  0.51360 
 52.04500  0.51394  0.51360 
 52.14500  0.51394  0.51360 
 52.24500  0.51392  0.51360 
 52.34500  0.51392  0.51360 
 52.44500  0.51392  0.51360 
 52.54500  0.51391  0.51360 
 52.64500  0.51393  0.51353 
 52.74500  0.51393  0.51350 
 52.84500  0.51392  0.51350 
 52.94500  0.51392  0.51350 
 53.04500  0.51392  0.51350 
 53.14500  0.51392  0.51350 
 53.24500  0.51392  0.51350 
 53.34500  0.51392  0.51350 
 53.44500  0.51390  0.51350 
 53.54500  0.51391  0.51350 
 53.64500  0.51392  0.51350 
 53.74500  0.51392  0.51350 
 53.84500  0.51392  0.51350 
 53.94500  0.51392  0.51350 
 54.04500  0.51393  0.51350 
 54.14500  0.51392  0.51350 
 54.24500  0.51392  0.51350 
 54.34500  0.51390  0.51350 
 54.44500  0.51389  0.51350 
 54.54500  0.51390  0.51350 
 54.64500  0.51390  0.51350 
 54.74500  0.51390  0.51350 
 54.84500  0.51392  0.51350 
 54.94500  0.51392  0.51350 
 55.04500  0.51392  0.51350 
 55.14500  0.51390  0.51350 
 55.24500  0.51389  0.51350 
 55.34500  0.51389  0.51350 
 55.44500  0.51389  0.51350 
 55.54500  0.51389  0.51350 
 55.64500  0.51390  0.51350 
 55.74500  0.51390  0.51350 
 55.84500  0.51390  0.51350 
 55.94500  0.51389  0.51350 
 56.04500  0.51389  0.51350 
 56.14500  0.51391  0.51350 
 56.24500  0.51391  0.51350 
 56.34500  0.51391  0.51341 
 56.44500  0.51391  0.51340 
 56.54500  0.51390  0.51340 
 56.64500  0.51390  0.51340 
 56.74500  0.51390  0.51340 
 56.84500  0.51390  0.51340 
 56.94500  0.51390  0.51340 
 57.04500  0.51389  0.51340 
 57.14500  0.51389  0.51340 
 57.24500  0.51387  0.51340 
 57.34500  0.51385  0.51340 
 57.44500  0.51385  0.51340 
 57.54500  0.51384  0.51340 
 57.64500  0.51384  0.51340 
 57.74500  0.51386  0.51340 
 57.84500  0.51386  0.51340 
 57.94500  0.51386  0.51340 
 58.04500  0.51385  0.51340 
 58.14500  0.51384  0.51340 
 58.24500  0.51384  0.51340 
 58.34500  0.51384  0.51340 
 58.44500  0.51383  0.51340 
 58.54500  0.51383  0.51340 
 58.64500  0.51383  0.51340 
 58.74500  0.51382  0.51340 
 58.84500  0.51381  0.51340 
 58.94500  0.51381  0.51340 
 59.04500  0.51379  0.51340 
 59.14500  0.51378  0.51340 
 59.24500  0.51378  0.51340 
 59.34500  0.51377  0.51340 
 59.44500  0.51378  0.51340 
 59.54500  0.51377  0.51340 
 59.64500  0.51376  0.51340 
 59.74500  0.51376  0.51340 
 59.84500  0.51375  0.51340 
 59.94500  0.51374  0.51340 
 60.04500  0.51373  0.51340 
 60.14500  0.51375  0.51340 
 60.24500  0.51376  0.51340 
 60.34500  0.51374  0.51340 
 60.44500  0.51374  0.51340 
 60.54500  0.51372  0.51340 
 60.64500  0.51372  0.51340 
 60.74500  0.51372  0.51340 
 60.84500  0.51371  0.51340 
 60.94500  0.51372  0.51340 
 61.04500  0.51371  0.51340 
 61.14500  0.51370  0.51340 
 61.24500  0.51370  0.51340 
 61.34500  0.51368  0.51340 
 61.44500  0.51367  0.51340 
 61.54500  0.51368  0.51340 
 61.64500  0.51367  0.51340 
 61.74500  0.51367  0.51340 
 61.84500  0.51366  0.51340 
 61.94500  0.51365  0.51340 
 62.04500  0.51366  0.51340 
 62.14500  0.51365  0.51340 
 62.24500  0.51366  0.51340 
 62.34500  0.51365  0.51340 
 62.44500  0.51365  0.51340 
 62.54500  0.51365  0.51340 
 62.64500  0.51365  0.51340 
 62.74500  0.51365  0.51340 
