  0.04500  0.51347  0.51290 
  0.14500  0.51347  0.51290 
  0.24500  0.51347  0.51290 
  0.34500  0.51347  0.51290 
  0.44500  0.51347  0.51290 
  0.54500  0.51347  0.51290 
  0.64500  0.51348  0.51290 
  0.74500  0.51348  0.51290 
  0.84500  0.51348  0.51290 
  0.94500  0.51348  0.51290 
  1.04500  0.51349  0.51290 
  1.14500  0.51349  0.51290 
  1.24500  0.51349  0.51290 
  1.34500  0.51348  0.51290 
  1.44500  0.51348  0.51290 
  1.54500  0.51348  0.51290 
  1.64500  0.51348  0.51290 
  1.74500  0.51348  0.51290 
  1.84500  0.51348  0.51290 
  1.94500  0.51348  0.51290 
  2.04500  0.51348  0.51290 
  2.14500  0.51348  0.51290 
  2.24500  0.51348  0.51290 
  2.34500  0.51348  0.51290 
  2.44500  0.51348  0.51290 
  2.54500  0.51348  0.51290 
  2.64500  0.51348  0.51290 
  2.74500  0.51348  0.51290 
  2.84500  0.51348  0.51290 
  2.94500  0.51348  0.51290 
  3.04500  0.51349  0.51290 
  3.14500  0.51348  0.51290 
  3.24500  0.51348  0.51290 
  3.34500  0.51347  0.51290 
  3.44500  0.51348  0.51290 
  3.54500  0.51347  0.51290 
  3.64500  0.51347  0.51290 
  3.74500  0.51347  0.51290 
  3.84500  0.51347  0.51290 
  3.94500  0.51346  0.51290 
  4.04500  0.51346  0.51290 
  4.14500  0.51347  0.51290 
  4.24500  0.51347  0.51290 
  4.34500  0.51347  0.51290 
  4.44500  0.51347  0.51290 
  4.54500  0.51346  0.51290 
  4.64500  0.51346  0.51290 
  4.74500  0.51346  0.51290 
  4.84500  0.51346  0.51290 
  4.94500  0.51346  0.51290 
  5.04500  0.51346  0.51290 
  5.14500  0.51347  0.51290 
  5.24500  0.51346  0.51290 
  5.34500  0.51346  0.51290 
  5.44500  0.51345  0.51290 
  5.54500  0.51346  0.51290 
  5.64500  0.51345  0.51290 
  5.74500  0.51345  0.51290 
  5.84500  0.51345  0.51290 
  5.94500  0.51345  0.51290 
  6.04500  0.51345  0.51290 
  6.14500  0.51345  0.51290 
  6.24500  0.51345  0.51290 
  6.34500  0.51345  0.51290 
  6.44500  0.51345  0.51290 
  6.54500  0.51345  0.51290 
  6.64500  0.51346  0.51290 
  6.74500  0.51345  0.51290 
  6.84500  0.51344  0.51290 
  6.94500  0.51344  0.51290 
  7.04500  0.51344  0.51290 
  7.14500  0.51344  0.51290 
  7.24500  0.51344  0.51290 
  7.34500  0.51343  0.51290 
  7.44500  0.51344  0.51290 
  7.54500  0.51343  0.51290 
  7.64500  0.51342  0.51290 
  7.74500  0.51342  0.51290 
  7.84500  0.51343  0.51290 
  7.94500  0.51341  0.51290 
  8.04500  0.51342  0.51290 
  8.14500  0.51342  0.51290 
  8.24500  0.51341  0.51290 
  8.34500  0.51342  0.51290 
  8.44500  0.51341  0.51290 
  8.54500  0.51342  0.51290 
  8.64500  0.51341  0.51290 
  8.74500  0.51341  0.51290 
  8.84500  0.51342  0.51290 
  8.94500  0.51341  0.51290 
  9.04500  0.51341  0.51290 
  9.14500  0.51340  0.51290 
  9.24500  0.51340  0.51290 
  9.34500  0.51341  0.51290 
  9.44500  0.51341  0.51290 
  9.54500  0.51341  0.51290 
  9.64500  0.51341  0.51290 
  9.74500  0.51341  0.51290 
  9.84500  0.51340  0.51290 
  9.94500  0.51339  0.51290 
 10.04500  0.51339  0.51290 
 10.14500  0.51339  0.51290 
 10.24500  0.51340  0.51290 
 10.34500  0.51338  0.51290 
 10.44500  0.51340  0.51290 
 10.54500  0.51338  0.51290 
 10.64500  0.51339  0.51290 
 10.74500  0.51338  0.51290 
 10.84500  0.51338  0.51290 
 10.94500  0.51338  0.51290 
 11.04500  0.51338  0.51290 
 11.14500  0.51338  0.51290 
 11.24500  0.51339  0.51290 
 11.34500  0.51338  0.51290 
 11.44500  0.51338  0.51290 
 11.54500  0.51337  0.51290 
 11.64500  0.51338  0.51290 
 11.74500  0.51337  0.51290 
 11.84500  0.51338  0.51290 
 11.94500  0.51337  0.51290 
 12.04500  0.51337  0.51290 
 12.14500  0.51337  0.51290 
 12.24500  0.51336  0.51290 
 12.34500  0.51336  0.51290 
 12.44500  0.51336  0.51290 
 12.54500  0.51336  0.51290 
 12.64500  0.51336  0.51290 
 12.74500  0.51336  0.51290 
 12.84500  0.51336  0.51290 
 12.94500  0.51335  0.51290 
 13.04500  0.51335  0.51290 
 13.14500  0.51335  0.51290 
 13.24500  0.51335  0.51290 
 13.34500  0.51335  0.51290 
 13.44500  0.51335  0.51290 
 13.54500  0.51334  0.51290 
 13.64500  0.51334  0.51290 
 13.74500  0.51334  0.51290 
 13.84500  0.51334  0.51290 
 13.94500  0.51334  0.51290 
 14.04500  0.51334  0.51290 
 14.14500  0.51334  0.51290 
 14.24500  0.51333  0.51290 
 14.34500  0.51332  0.51290 
 14.44500  0.51332  0.51290 
 14.54500  0.51332  0.51290 
 14.64500  0.51332  0.51290 
 14.74500  0.51332  0.51290 
 14.84500  0.51331  0.51290 
 14.94500  0.51330  0.51290 
 15.04500  0.51331  0.51290 
 15.14500  0.51331  0.51290 
 15.24500  0.51331  0.51290 
 15.34500  0.51331  0.51290 
 15.44500  0.51330  0.51290 
 15.54500  0.51330  0.51290 
 15.64500  0.51330  0.51290 
 15.74500  0.51330  0.51290 
 15.84500  0.51330  0.51290 
 15.94500  0.51330  0.51290 
 16.04500  0.51328  0.51290 
 16.14500  0.51327  0.51290 
 16.24500  0.51328  0.51290 
 16.34500  0.51328  0.51290 
 16.44500  0.51327  0.51290 
 16.54500  0.51327  0.51290 
 16.64500  0.51327  0.51290 
 16.74500  0.51327  0.51290 
 16.84500  0.51327  0.51290 
 16.94500  0.51327  0.51290 
 17.04500  0.51326  0.51290 
 17.14500  0.51326  0.51290 
 17.24500  0.51326  0.51290 
 17.34500  0.51326  0.51290 
 17.44500  0.51326  0.51290 
 17.54500  0.51326  0.51290 
 17.64500  0.51325  0.51290 
 17.74500  0.51325  0.51290 
 17.84500  0.51325  0.51290 
 17.94500  0.51324  0.51290 
 18.04500  0.51324  0.51290 
 18.14500  0.51323  0.51290 
 18.24500  0.51323  0.51290 
 18.34500  0.51323  0.51290 
 18.44500  0.51323  0.51290 
 18.54500  0.51323  0.51290 
 18.64500  0.51323  0.51290 
 18.74500  0.51322  0.51290 
 18.84500  0.51322  0.51290 
 18.94500  0.51322  0.51290 
 19.04500  0.51322  0.51290 
 19.14500  0.51322  0.51290 
 19.24500  0.51322  0.51290 
 19.34500  0.51322  0.51290 
 19.44500  0.51321  0.51290 
 19.54500  0.51321  0.51290 
 19.64500  0.51321  0.51290 
 19.74500  0.51321  0.51290 
 19.84500  0.51320  0.51290 
 19.94500  0.51320  0.51290 
 20.04500  0.51320  0.51290 
 20.14500  0.51320  0.51290 
 20.24500  0.51320  0.51290 
 20.34500  0.51320  0.51290 
 20.44500  0.51320  0.51290 
 20.54500  0.51319  0.51290 
 20.64500  0.51319  0.51290 
 20.74500  0.51319  0.51290 
 20.84500  0.51318  0.51290 
 20.94500  0.51319  0.51290 
 21.04500  0.51318  0.51290 
 21.14500  0.51317  0.51290 
 21.24500  0.51316  0.51290 
 21.34500  0.51317  0.51290 
 21.44500  0.51317  0.51290 
 21.54500  0.51316  0.51290 
 21.64500  0.51315  0.51290 
 21.74500  0.51315  0.51290 
 21.84500  0.51313  0.51290 
 21.94500  0.51314  0.51290 
 22.04500  0.51313  0.51290 
 22.14500  0.51312  0.51290 
 22.24500  0.51312  0.51290 
 22.34500  0.51313  0.51290 
 22.44500  0.51312  0.51290 
 22.54500  0.51311  0.51290 
 22.64500  0.51310  0.51290 
 22.74500  0.51310  0.51290 
 22.84500  0.51310  0.51290 
 22.94500  0.51309  0.51290 
 23.04500  0.51309  0.51290 
 23.14500  0.51309  0.51290 
 23.24500  0.51309  0.51290 
 23.34500  0.51309  0.51290 
 23.44500  0.51308  0.51290 
 23.54500  0.51308  0.51290 
 23.64500  0.51308  0.51290 
 23.74500  0.51308  0.51290 
 23.84500  0.51306  0.51290 
 23.94500  0.51306  0.51290 
 24.04500  0.51306  0.51290 
 24.14500  0.51306  0.51290 
 24.24500  0.51306  0.51290 
 24.34500  0.51305  0.51290 
 24.44500  0.51305  0.51290 
 24.54500  0.51305  0.51290 
 24.64500  0.51305  0.51290 
 24.74500  0.51304  0.51290 
 24.84500  0.51304  0.51290 
 24.94500  0.51304  0.51290 
 25.04500  0.51304  0.51290 
 25.14500  0.51303  0.51290 
 25.24500  0.51303  0.51290 
 25.34500  0.51303  0.51290 
 25.44500  0.51303  0.51290 
 25.54500  0.51303  0.51290 
 25.64500  0.51302  0.51290 
 25.74500  0.51302  0.51290 
 25.84500  0.51303  0.51290 
 25.94500  0.51302  0.51290 
 26.04500  0.51301  0.51290 
 26.14500  0.51301  0.51290 
 26.24500  0.51301  0.51290 
 26.34500  0.51301  0.51290 
 26.44500  0.51300  0.51290 
 26.54500  0.51300  0.51290 
 26.64500  0.51300  0.51290 
 26.74500  0.51299  0.51290 
 26.84500  0.51297  0.51290 
 26.94500  0.51298  0.51290 
 27.04500  0.51297  0.51290 
 27.14500  0.51297  0.51290 
 27.24500  0.51297  0.51290 
 27.34500  0.51297  0.51290 
 27.44500  0.51296  0.51290 
 27.54500  0.51297  0.51290 
 27.64500  0.51296  0.51290 
 27.74500  0.51295  0.51290 
 27.84500  0.51296  0.51290 
 27.94500  0.51296  0.51290 
 28.04500  0.51295  0.51290 
 28.14500  0.51295  0.51290 
 28.24500  0.51295  0.51290 
 28.34500  0.51294  0.51290 
 28.44500  0.51293  0.51290 
 28.54500  0.51292  0.51290 
 28.64500  0.51292  0.51290 
 28.74500  0.51292  0.51290 
 28.84500  0.51292  0.51290 
 28.94500  0.51291  0.51290 
 29.04500  0.51291  0.51290 
 29.14500  0.51290  0.51290 
 29.24500  0.51290  0.51290 
 29.34500  0.51289  0.51290 
 29.44500  0.51289  0.51290 
 29.54500  0.51289  0.51290 
 29.64500  0.51289  0.51290 
 29.74500  0.51288  0.51290 
 29.84500  0.51288  0.51290 
 29.94500  0.51288  0.51290 
 30.04500  0.51288  0.51290 
 30.14500  0.51287  0.51290 
 30.24500  0.51287  0.51290 
 30.34500  0.51287  0.51284 
 30.44500  0.51287  0.51280 
 30.54500  0.51287  0.51280 
 30.64500  0.51286  0.51280 
 30.74500  0.51286  0.51280 
 30.84500  0.51287  0.51280 
 30.94500  0.51285  0.51280 
 31.04500  0.51285  0.51280 
 31.14500  0.51284  0.51280 
 31.24500  0.51284  0.51280 
 31.34500  0.51284  0.51280 
 31.44500  0.51283  0.51280 
 31.54500  0.51282  0.51280 
 31.64500  0.51281  0.51280 
 31.74500  0.51281  0.51280 
 31.84500  0.51280  0.51280 
 31.94500  0.51280  0.51280 
 32.04500  0.51280  0.51280 
 32.14500  0.51279  0.51280 
 32.24500  0.51279  0.51280 
 32.34500  0.51279  0.51280 
 32.44500  0.51279  0.51280 
 32.54500  0.51279  0.51280 
 32.64500  0.51278  0.51280 
 32.74500  0.51278  0.51280 
 32.84500  0.51278  0.51280 
 32.94500  0.51277  0.51280 
 33.04500  0.51277  0.51280 
 33.14500  0.51277  0.51280 
 33.24500  0.51277  0.51280 
 33.34500  0.51276  0.51280 
 33.44500  0.51276  0.51280 
 33.54500  0.51276  0.51280 
 33.64500  0.51276  0.51280 
 33.74500  0.51276  0.51280 
 33.84500  0.51275  0.51280 
 33.94500  0.51275  0.51280 
 34.04500  0.51275  0.51280 
 34.14500  0.51274  0.51280 
 34.24500  0.51273  0.51280 
 34.34500  0.51273  0.51280 
 34.44500  0.51273  0.51280 
 34.54500  0.51273  0.51280 
 34.64500  0.51272  0.51280 
 34.74500  0.51272  0.51280 
 34.84500  0.51272  0.51280 
 34.94500  0.51272  0.51280 
 35.04500  0.51271  0.51280 
 35.14500  0.51271  0.51280 
 35.24500  0.51271  0.51280 
 35.34500  0.51271  0.51280 
 35.44500  0.51270  0.51280 
 35.54500  0.51270  0.51280 
 35.64500  0.51270  0.51280 
 35.74500  0.51271  0.51280 
 35.84500  0.51269  0.51280 
 35.94500  0.51269  0.51280 
 36.04500  0.51269  0.51280 
 36.14500  0.51268  0.51280 
 36.24500  0.51268  0.51280 
 36.34500  0.51267  0.51280 
 36.44500  0.51267  0.51280 
 36.54500  0.51267  0.51280 
 36.64500  0.51267  0.51280 
 36.74500  0.51265  0.51280 
 36.84500  0.51266  0.51280 
 36.94500  0.51266  0.51280 
 37.04500  0.51265  0.51280 
 37.14500  0.51264  0.51280 
 37.24500  0.51265  0.51280 
 37.34500  0.51265  0.51280 
 37.44500  0.51265  0.51280 
 37.54500  0.51264  0.51280 
 37.64500  0.51264  0.51280 
 37.74500  0.51264  0.51280 
 37.84500  0.51264  0.51280 
 37.94500  0.51263  0.51280 
 38.04500  0.51263  0.51280 
 38.14500  0.51263  0.51280 
 38.24500  0.51263  0.51280 
 38.34500  0.51262  0.51280 
 38.44500  0.51262  0.51280 
 38.54500  0.51262  0.51280 
 38.64500  0.51262  0.51280 
 38.74500  0.51262  0.51280 
 38.84500  0.51261  0.51280 
 38.94500  0.51261  0.51280 
 39.04500  0.51261  0.51280 
 39.14500  0.51261  0.51280 
 39.24500  0.51260  0.51280 
 39.34500  0.51259  0.51280 
 39.44500  0.51259  0.51280 
 39.54500  0.51259  0.51280 
 39.64500  0.51259  0.51280 
 39.74500  0.51258  0.51280 
 39.84500  0.51258  0.51280 
 39.94500  0.51258  0.51280 
 40.04500  0.51258  0.51280 
 40.14500  0.51257  0.51280 
 40.24500  0.51257  0.51280 
 40.34500  0.51257  0.51280 
 40.44500  0.51256  0.51280 
 40.54500  0.51255  0.51280 
 40.64500  0.51255  0.51280 
 40.74500  0.51255  0.51280 
 40.84500  0.51255  0.51280 
 40.94500  0.51255  0.51280 
 41.04500  0.51253  0.51280 
 41.14500  0.51252  0.51280 
 41.24500  0.51253  0.51280 
 41.34500  0.51253  0.51280 
 41.44500  0.51252  0.51280 
 41.54500  0.51252  0.51280 
 41.64500  0.51252  0.51280 
 41.74500  0.51251  0.51280 
 41.84500  0.51251  0.51280 
 41.94500  0.51251  0.51280 
 42.04500  0.51250  0.51280 
 42.14500  0.51250  0.51280 
 42.24500  0.51250  0.51280 
 42.34500  0.51249  0.51280 
 42.44500  0.51249  0.51280 
 42.54500  0.51248  0.51280 
 42.64500  0.51249  0.51280 
 42.74500  0.51248  0.51280 
 42.84500  0.51248  0.51280 
 42.94500  0.51248  0.51280 
 43.04500  0.51247  0.51280 
 43.14500  0.51247  0.51280 
 43.24500  0.51248  0.51280 
 43.34500  0.51247  0.51280 
 43.44500  0.51247  0.51280 
 43.54500  0.51247  0.51280 
 43.64500  0.51247  0.51280 
 43.74500  0.51247  0.51280 
 43.84500  0.51246  0.51280 
 43.94500  0.51246  0.51280 
 44.04500  0.51246  0.51280 
 44.14500  0.51245  0.51280 
 44.24500  0.51246  0.51280 
 44.34500  0.51245  0.51280 
 44.44500  0.51245  0.51280 
 44.54500  0.51245  0.51280 
 44.64500  0.51245  0.51280 
 44.74500  0.51245  0.51280 
 44.84500  0.51244  0.51280 
 44.94500  0.51244  0.51280 
 45.04500  0.51244  0.51280 
 45.14500  0.51244  0.51280 
 45.24500  0.51243  0.51280 
 45.34500  0.51242  0.51280 
 45.44500  0.51242  0.51280 
 45.54500  0.51242  0.51280 
 45.64500  0.51242  0.51280 
 45.74500  0.51242  0.51280 
 45.84500  0.51242  0.51280 
 45.94500  0.51241  0.51280 
 46.04500  0.51241  0.51280 
 46.14500  0.51241  0.51280 
 46.24500  0.51241  0.51280 
 46.34500  0.51241  0.51280 
 46.44500  0.51240  0.51280 
 46.54500  0.51240  0.51280 
 46.64500  0.51239  0.51280 
 46.74500  0.51240  0.51280 
 46.84500  0.51239  0.51280 
 46.94500  0.51239  0.51280 
 47.04500  0.51239  0.51280 
 47.14500  0.51238  0.51280 
 47.24500  0.51238  0.51280 
 47.34500  0.51239  0.51280 
 47.44500  0.51238  0.51280 
 47.54500  0.51237  0.51280 
 47.64500  0.51238  0.51280 
 47.74500  0.51237  0.51280 
 47.84500  0.51237  0.51280 
 47.94500  0.51237  0.51280 
 48.04500  0.51237  0.51280 
 48.14500  0.51236  0.51280 
 48.24500  0.51237  0.51280 
 48.34500  0.51236  0.51280 
 48.44500  0.51236  0.51280 
 48.54500  0.51237  0.51280 
 48.64500  0.51235  0.51280 
 48.74500  0.51234  0.51280 
 48.84500  0.51234  0.51280 
 48.94500  0.51234  0.51280 
 49.04500  0.51234  0.51280 
 49.14500  0.51234  0.51280 
 49.24500  0.51234  0.51280 
 49.34500  0.51233  0.51280 
 49.44500  0.51233  0.51280 
 49.54500  0.51233  0.51280 
 49.64500  0.51233  0.51280 
 49.74500  0.51233  0.51280 
 49.84500  0.51233  0.51280 
 49.94500  0.51232  0.51280 
 50.04500  0.51232  0.51280 
 50.14500  0.51232  0.51280 
 50.24500  0.51232  0.51280 
 50.34500  0.51232  0.51280 
 50.44500  0.51232  0.51280 
 50.54500  0.51232  0.51280 
 50.64500  0.51231  0.51280 
 50.74500  0.51230  0.51280 
 50.84500  0.51231  0.51280 
 50.94500  0.51231  0.51280 
 51.04500  0.51231  0.51280 
 51.14500  0.51231  0.51280 
 51.24500  0.51231  0.51280 
 51.34500  0.51230  0.51280 
 51.44500  0.51230  0.51280 
 51.54500  0.51230  0.51280 
 51.64500  0.51229  0.51280 
 51.74500  0.51230  0.51280 
 51.84500  0.51229  0.51280 
 51.94500  0.51230  0.51280 
 52.04500  0.51228  0.51280 
 52.14500  0.51229  0.51280 
 52.24500  0.51228  0.51280 
 52.34500  0.51229  0.51280 
 52.44500  0.51229  0.51280 
 52.54500  0.51229  0.51280 
 52.64500  0.51228  0.51280 
 52.74500  0.51229  0.51280 
 52.84500  0.51227  0.51280 
 52.94500  0.51228  0.51280 
 53.04500  0.51227  0.51280 
 53.14500  0.51227  0.51280 
 53.24500  0.51226  0.51280 
 53.34500  0.51227  0.51280 
 53.44500  0.51226  0.51280 
 53.54500  0.51226  0.51280 
 53.64500  0.51226  0.51280 
 53.74500  0.51226  0.51280 
 53.84500  0.51225  0.51280 
 53.94500  0.51225  0.51280 
 54.04500  0.51226  0.51280 
 54.14500  0.51225  0.51280 
 54.24500  0.51226  0.51280 
 54.34500  0.51225  0.51276 
 54.44500  0.51224  0.51270 
 54.54500  0.51224  0.51270 
 54.64500  0.51223  0.51270 
 54.74500  0.51224  0.51270 
 54.84500  0.51224  0.51270 
 54.94500  0.51224  0.51270 
 55.04500  0.51224  0.51270 
 55.14500  0.51223  0.51270 
 55.24500  0.51224  0.51270 
 55.34500  0.51224  0.51270 
 55.44500  0.51223  0.51270 
 55.54500  0.51223  0.51270 
 55.64500  0.51223  0.51270 
 55.74500  0.51223  0.51270 
 55.84500  0.51223  0.51270 
 55.94500  0.51222  0.51270 
 56.04500  0.51223  0.51270 
 56.14500  0.51223  0.51270 
 56.24500  0.51222  0.51270 
 56.34500  0.51223  0.51270 
 56.44500  0.51223  0.51270 
 56.54500  0.51223  0.51270 
 56.64500  0.51222  0.51270 
 56.74500  0.51221  0.51270 
 56.84500  0.51222  0.51270 
 56.94500  0.51222  0.51270 
 57.04500  0.51222  0.51270 
 57.14500  0.51222  0.51270 
 57.24500  0.51222  0.51270 
 57.34500  0.51222  0.51270 
 57.44500  0.51222  0.51270 
 57.54500  0.51222  0.51270 
 57.64500  0.51222  0.51270 
 57.74500  0.51222  0.51270 
 57.84500  0.51222  0.51270 
 57.94500  0.51221  0.51270 
 58.04500  0.51221  0.51270 
 58.14500  0.51221  0.51270 
 58.24500  0.51221  0.51270 
 58.34500  0.51221  0.51270 
 58.44500  0.51221  0.51270 
 58.54500  0.51221  0.51270 
 58.64500  0.51221  0.51270 
 58.74500  0.51220  0.51270 
 58.84500  0.51221  0.51270 
 58.94500  0.51220  0.51270 
 59.04500  0.51220  0.51270 
 59.14500  0.51220  0.51270 
 59.24500  0.51220  0.51270 
 59.34500  0.51221  0.51270 
 59.44500  0.51221  0.51270 
 59.54500  0.51221  0.51270 
 59.64500  0.51220  0.51270 
 59.74500  0.51219  0.51270 
 59.84500  0.51220  0.51270 
 59.94500  0.51220  0.51270 
 60.04500  0.51219  0.51270 
 60.14500  0.51219  0.51270 
 60.24500  0.51219  0.51270 
 60.34500  0.51218  0.51270 
 60.44500  0.51219  0.51270 
 60.54500  0.51219  0.51270 
 60.64500  0.51218  0.51270 
 60.74500  0.51218  0.51270 
 60.84500  0.51218  0.51270 
 60.94500  0.51218  0.51270 
 61.04500  0.51218  0.51270 
 61.14500  0.51218  0.51270 
 61.24500  0.51218  0.51270 
 61.34500  0.51218  0.51270 
 61.44500  0.51218  0.51270 
 61.54500  0.51218  0.51270 
 61.64500  0.51218  0.51270 
 61.74500  0.51218  0.51270 
 61.84500  0.51218  0.51270 
 61.94500  0.51218  0.51270 
 62.04500  0.51218  0.51270 
 62.14500  0.51218  0.51270 
 62.24500  0.51217  0.51270 
 62.34500  0.51217  0.51270 
 62.44500  0.51218  0.51270 
 62.54500  0.51219  0.51270 
 62.64500  0.51219  0.51270 
 62.74500  0.51219  0.51270 
 62.84500  0.51219  0.51270 
 62.94500  0.51219  0.51270 
 63.04500  0.51218  0.51270 
 63.14500  0.51218  0.51270 
 63.24500  0.51218  0.51270 
 63.34500  0.51218  0.51270 
 63.44500  0.51218  0.51270 
