  0.04500  1.00001  1.00000 
  0.14500  1.00001  1.00000 
  0.24500  1.00001  1.00000 
  0.34500  1.00000  1.00000 
  0.44500  1.00000  1.00000 
  0.54500  1.00000  1.00000 
  0.64500  1.00000  1.00000 
  0.74500  1.00000  1.00000 
  0.84500  1.00000  1.00000 
  0.94500  1.00000  1.00000 
  1.04500  1.00000  1.00000 
  1.14500  1.00000  1.00000 
  1.24500  1.00000  1.00000 
  1.34500  1.00001  1.00000 
  1.44500  1.00001  1.00000 
  1.54500  1.00000  1.00000 
  1.64500  1.00000  1.00000 
  1.74500  1.00001  1.00000 
  1.84500  1.00000  1.00000 
  1.94500  1.00000  1.00000 
  2.04500  1.00001  1.00000 
  2.14500  1.00001  1.00000 
  2.24500  1.00001  1.00000 
  2.34500  1.00000  1.00000 
  2.44500  1.00001  1.00000 
  2.54500  1.00000  1.00000 
  2.64500  1.00001  1.00000 
  2.74500  1.00001  1.00000 
  2.84500  1.00001  1.00000 
  2.94500  1.00001  1.00000 
  3.04500  1.00000  1.00000 
  3.14500  0.99999  1.00000 
  3.24500  0.99998  1.00000 
  3.34500  0.99997  1.00000 
  3.44500  0.99995  1.00000 
  3.54500  0.99996  1.00000 
  3.64500  0.99997  1.00000 
  3.74500  1.00003  1.00000 
  3.84500  1.00008  0.99992 
  3.94500  1.00000  0.99974 
  4.04500  0.99957  0.99922 
  4.14500  0.99813  0.99786 
  4.24500  0.99459  0.99455 
  4.34500  0.98693  0.98724 
  4.44500  0.97200  0.97268 
  4.54500  0.94547  0.94627 
  4.64500  0.90228  0.90280 
  4.74500  0.83798  0.83786 
  4.84500  0.75065  0.74975 
  4.94500  0.64283  0.64121 
  5.04500  0.52044  0.51981 
  5.14500  0.39472  0.39654 
  5.24500  0.28171  0.28286 
  5.34500  0.18736  0.18772 
  5.44500  0.11574  0.11538 
  5.54500  0.06624  0.06547 
  5.64500  0.03495  0.03419 
  5.74500  0.01686  0.01640 
  5.84500  0.00729  0.00721 
  5.94500  0.00271  0.00290 
  6.04500  0.00076  0.00107 
  6.14500  0.00008  0.00037 
  6.24500 -0.00007  0.00012 
  6.34500 -0.00004  0.00001 
  6.44500  0.00001  0.00000 
  6.54500  0.00004  0.00000 
  6.64500  0.00005  0.00000 
  6.74500  0.00004  0.00000 
  6.84500  0.00002  0.00000 
  6.94500  0.00001  0.00000 
  7.04500  0.00000  0.00000 
  7.14500 -0.00000  0.00000 
  7.24500  0.00001  0.00000 
  7.34500  0.00002  0.00000 
  7.44500  0.00003  0.00000 
  7.54500  0.00005  0.00000 
  7.64500  0.00004  0.00000 
  7.74500  0.00002  0.00000 
  7.84500 -0.00004  0.00000 
  7.94500 -0.00008  0.00010 
  8.04500  0.00004  0.00030 
  8.14500  0.00060  0.00090 
  8.24500  0.00231  0.00252 
  8.34500  0.00637  0.00636 
  8.44500  0.01504  0.01464 
  8.54500  0.03163  0.03093 
  8.64500  0.06070  0.05991 
  8.74500  0.10729  0.10685 
  8.84500  0.17558  0.17580 
  8.94500  0.26677  0.26783 
  9.04500  0.37754  0.37926 
  9.14500  0.50189  0.50184 
  9.24500  0.62594  0.62423 
  9.34500  0.73622  0.73520 
  9.44500  0.82677  0.82656 
  9.54500  0.89438  0.89482 
  9.64500  0.94039  0.94116 
  9.74500  0.96900  0.96972 
  9.84500  0.98531  0.98569 
  9.94500  0.99379  0.99379 
 10.04500  0.99779  0.99755 
 10.14500  0.99943  0.99911 
 10.24500  0.99997  0.99970 
 10.34500  1.00008  0.99991 
 10.44500  1.00004  1.00000 
 10.54500  0.99998  1.00000 
 10.64500  0.99996  1.00000 
 10.74500  0.99995  1.00000 
 10.84500  0.99997  1.00000 
 10.94500  0.99997  1.00000 
 11.04500  0.99999  1.00000 
 11.14500  1.00000  1.00000 
 11.24500  1.00001  1.00000 
 11.34500  1.00002  1.00000 
 11.44500  1.00001  1.00000 
 11.54500  1.00001  1.00000 
 11.64500  1.00001  1.00000 
 11.74500  1.00002  1.00000 
 11.84500  1.00001  1.00000 
 11.94500  1.00001  1.00000 
 12.04500  1.00000  1.00000 
 12.14500  1.00000  1.00000 
 12.24500  0.99998  1.00000 
 12.34500  0.99997  1.00000 
 12.44500  0.99996  1.00000 
 12.54500  0.99996  1.00000 
 12.64500  0.99997  1.00000 
 12.74500  1.00002  1.00000 
 12.84500  1.00007  0.99995 
 12.94500  1.00006  0.99982 
 13.04500  0.99973  0.99942 
 13.14500  0.99860  0.99832 
 13.24500  0.99569  0.99558 
 13.34500  0.98923  0.98948 
 13.44500  0.97637  0.97700 
 13.54500  0.95303  0.95383 
 13.64500  0.91422  0.91484 
 13.74500  0.85518  0.85523 
 13.84500  0.77324  0.77252 
 13.94500  0.66977  0.66829 
 14.04500  0.55058  0.54900 
 14.14500  0.42317  0.42511 
 14.24500  0.30691  0.30822 
 14.34500  0.20759  0.20814 
 14.44500  0.13053  0.13033 
 14.54500  0.07608  0.07538 
 14.64500  0.04094  0.04014 
 14.74500  0.02020  0.01965 
 14.84500  0.00900  0.00882 
 14.94500  0.00347  0.00362 
 15.04500  0.00106  0.00136 
 15.14500  0.00017  0.00047 
 15.24500 -0.00006  0.00014 
 15.34500 -0.00006  0.00003 
 15.44500 -0.00000  0.00000 
 15.54500  0.00004  0.00000 
 15.64500  0.00005  0.00000 
 15.74500  0.00005  0.00000 
 15.84500  0.00003  0.00000 
 15.94500  0.00002  0.00000 
 16.04500  0.00000  0.00000 
 16.14500 -0.00000  0.00000 
 16.24500  0.00001  0.00000 
 16.34500  0.00002  0.00000 
 16.44500  0.00003  0.00000 
 16.54500  0.00005  0.00000 
 16.64500  0.00004  0.00000 
 16.74500  0.00003  0.00000 
 16.84500 -0.00002  0.00000 
 16.94500 -0.00008  0.00007 
 17.04500 -0.00001  0.00023 
 17.14500  0.00040  0.00071 
 17.24500  0.00174  0.00200 
 17.34500  0.00511  0.00516 
 17.44500  0.01244  0.01214 
 17.54500  0.02680  0.02612 
 17.64500  0.05247  0.05165 
 17.74500  0.09451  0.09394 
 17.84500  0.15741  0.15747 
 17.94500  0.24332  0.24418 
 18.04500  0.35005  0.35163 
 18.14500  0.47163  0.47253 
 18.24500  0.59788  0.59603 
 18.34500  0.71179  0.71058 
 18.44500  0.80748  0.80706 
 18.54500  0.88052  0.88081 
 18.64500  0.93129  0.93204 
 18.74500  0.96356  0.96433 
 18.84500  0.98232  0.98279 
 18.94500  0.99230  0.99240 
 19.04500  0.99712  0.99694 
 19.14500  0.99917  0.99886 
 19.24500  0.99990  0.99963 
 19.34500  1.00008  0.99987 
 19.44500  1.00005  0.99999 
 19.54500  0.99999  1.00000 
 19.64500  0.99996  1.00000 
 19.74500  0.99995  1.00000 
 19.84500  0.99996  1.00000 
 19.94500  0.99997  1.00000 
 20.04500  0.99999  1.00000 
 20.14500  1.00000  1.00000 
 20.24500  1.00001  1.00000 
 20.34500  1.00002  1.00000 
 20.44500  1.00002  1.00000 
 20.54500  1.00001  1.00000 
 20.64500  1.00000  1.00000 
 20.74500  0.99999  1.00000 
 20.84500  0.99997  1.00000 
 20.94500  0.99996  1.00000 
 21.04500  0.99995  1.00000 
 21.14500  0.99995  1.00000 
 21.24500  0.99999  1.00000 
 21.34500  1.00005  1.00000 
 21.44500  1.00008  0.99989 
 21.54500  0.99995  0.99967 
 21.64500  0.99933  0.99902 
 21.74500  0.99754  0.99732 
 21.84500  0.99322  0.99327 
 21.94500  0.98417  0.98458 
 22.04500  0.96690  0.96765 
 22.14500  0.93686  0.93765 
 22.24500  0.88896  0.88936 
 22.34500  0.81920  0.81889 
 22.44500  0.72656  0.72546 
 22.54500  0.61476  0.61299 
 22.64500  0.48978  0.49009 
 22.74500  0.36644  0.36810 
 22.84500  0.25723  0.25820 
 22.94500  0.16814  0.16830 
 23.04500  0.10203  0.10153 
 23.14500  0.05729  0.05650 
 23.24500  0.02962  0.02892 
 23.34500  0.01396  0.01360 
 23.44500  0.00585  0.00584 
 23.54500  0.00206  0.00229 
 23.64500  0.00050  0.00083 
 23.74500  0.00001  0.00027 
 23.84500 -0.00008  0.00008 
 23.94500 -0.00003  0.00000 
 24.04500  0.00003  0.00000 
 24.14500  0.00005  0.00000 
 24.24500  0.00006  0.00000 
 24.34500  0.00003  0.00000 
 24.44500  0.00003  0.00000 
 24.54500  0.00001  0.00000 
 24.64500 -0.00000  0.00000 
 24.74500 -0.00001  0.00000 
 24.84500 -0.00001  0.00000 
 24.94500 -0.00000  0.00000 
 25.04500  0.00001  0.00000 
 25.14500  0.00002  0.00000 
 25.24500  0.00004  0.00000 
 25.34500  0.00005  0.00000 
 25.44500  0.00004  0.00000 
 25.54500  0.00002  0.00000 
 25.64500 -0.00004  0.00000 
 25.74500 -0.00007  0.00009 
 25.84500  0.00003  0.00030 
 25.94500  0.00057  0.00089 
 26.04500  0.00223  0.00247 
 26.14500  0.00623  0.00621 
 26.24500  0.01473  0.01434 
 26.34500  0.03108  0.03034 
 26.44500  0.05971  0.05893 
 26.54500  0.10578  0.10532 
 26.64500  0.17344  0.17366 
 26.74500  0.26405  0.26508 
 26.84500  0.37437  0.37610 
 26.94500  0.49845  0.49850 
 27.04500  0.62278  0.62105 
 27.14500  0.73350  0.73245 
 27.24500  0.82464  0.82440 
 27.34500  0.89286  0.89330 
 27.44500  0.93940  0.94019 
 27.54500  0.96841  0.96914 
 27.64500  0.98499  0.98537 
 27.74500  0.99364  0.99366 
 27.84500  0.99772  0.99748 
 27.94500  0.99940  0.99910 
 28.04500  0.99996  0.99970 
 28.14500  1.00009  0.99990 
 28.24500  1.00004  1.00000 
 28.34500  0.99998  1.00000 
 28.44500  0.99995  1.00000 
 28.54500  0.99995  1.00000 
 28.64500  0.99996  1.00000 
 28.74500  0.99997  1.00000 
 28.84500  0.99999  1.00000 
 28.94500  1.00000  1.00000 
 29.04500  1.00001  1.00000 
 29.14500  1.00002  1.00000 
 29.24500  1.00001  1.00000 
 29.34500  1.00001  1.00000 
 29.44500  1.00001  1.00000 
 29.54500  1.00001  1.00000 
 29.64500  1.00000  1.00000 
 29.74500  0.99999  1.00000 
 29.84500  0.99997  1.00000 
 29.94500  0.99997  1.00000 
 30.04500  0.99995  1.00000 
 30.14500  0.99996  1.00000 
 30.24500  0.99998  1.00000 
 30.34500  1.00003  1.00000 
 30.44500  1.00008  0.99991 
 30.54500  0.99999  0.99972 
 30.64500  0.99948  0.99914 
 30.74500  0.99791  0.99766 
 30.84500  0.99409  0.99408 
 30.94500  0.98590  0.98625 
 31.04500  0.97010  0.97082 
 31.14500  0.94225  0.94302 
 31.24500  0.89726  0.89773 
 31.34500  0.83084  0.83067 
 31.44500  0.74145  0.74046 
 31.54500  0.63202  0.63033 
 31.64500  0.50852  0.50829 
 31.74500  0.38366  0.38543 
 31.84500  0.27208  0.27318 
 31.94500  0.17974  0.18003 
 32.04500  0.11028  0.10986 
 32.14500  0.06265  0.06186 
 32.24500  0.03279  0.03206 
 32.34500  0.01567  0.01525 
 32.44500  0.00669  0.00666 
 32.54500  0.00243  0.00265 
 32.64500  0.00066  0.00097 
 32.74500  0.00005  0.00033 
 32.84500 -0.00007  0.00011 
 32.94500 -0.00004  0.00000 
 33.04500  0.00002  0.00000 
 33.14500  0.00005  0.00000 
 33.24500  0.00005  0.00000 
 33.34500  0.00004  0.00000 
 33.44500  0.00003  0.00000 
 33.54500  0.00001  0.00000 
 33.64500 -0.00000  0.00000 
 33.74500 -0.00001  0.00000 
 33.84500 -0.00001  0.00000 
 33.94500 -0.00002  0.00000 
 34.04500 -0.00001  0.00000 
 34.14500 -0.00000  0.00000 
 34.24500  0.00001  0.00000 
 34.34500  0.00002  0.00000 
 34.44500  0.00003  0.00000 
 34.54500  0.00005  0.00000 
 34.64500  0.00005  0.00000 
 34.74500  0.00004  0.00000 
 34.84500 -0.00001  0.00000 
 34.94500 -0.00007  0.00005 
 35.04500 -0.00005  0.00018 
 35.14500  0.00027  0.00057 
 35.24500  0.00135  0.00164 
 35.34500  0.00417  0.00429 
 35.44500  0.01049  0.01025 
 35.54500  0.02312  0.02251 
 35.64500  0.04609  0.04529 
 35.74500  0.08439  0.08374 
 35.84500  0.14279  0.14270 
 35.94500  0.22403  0.22473 
 36.04500  0.32698  0.32841 
 36.14500  0.44568  0.44740 
 36.24500  0.57326  0.57133 
 36.34500  0.68990  0.68857 
 36.44500  0.78981  0.78922 
 36.54500  0.86754  0.86773 
 36.64500  0.92263  0.92331 
 36.74500  0.95826  0.95905 
 36.84500  0.97936  0.97988 
 36.94500  0.99079  0.99095 
 37.04500  0.99643  0.99629 
 37.14500  0.99889  0.99861 
 37.24500  0.99981  0.99952 
 37.34500  1.00007  0.99985 
 37.44500  1.00007  0.99997 
 37.54500  1.00000  1.00000 
 37.64500  0.99996  1.00000 
 37.74500  0.99995  1.00000 
 37.84500  0.99996  1.00000 
 37.94500  0.99997  1.00000 
 38.04500  0.99998  1.00000 
 38.14500  1.00000  1.00000 
 38.24500  1.00000  1.00000 
 38.34500  1.00001  1.00000 
 38.44500  1.00001  1.00000 
 38.54500  1.00001  1.00000 
 38.64500  1.00001  1.00000 
 38.74500  1.00001  1.00000 
 38.84500  1.00001  1.00000 
 38.94500  0.99999  1.00000 
 39.04500  0.99998  1.00000 
 39.14500  0.99997  1.00000 
 39.24500  0.99995  1.00000 
 39.34500  0.99995  1.00000 
 39.44500  0.99997  1.00000 
 39.54500  1.00000  1.00000 
 39.64500  1.00007  0.99996 
 39.74500  1.00006  0.99983 
 39.84500  0.99977  0.99947 
 39.94500  0.99873  0.99846 
 40.04500  0.99605  0.99593 
 40.14500  0.98998  0.99019 
 40.24500  0.97780  0.97839 
 40.34500  0.95551  0.95632 
 40.44500  0.91818  0.91883 
 40.54500  0.86097  0.86111 
 40.64500  0.78097  0.78030 
 40.74500  0.67911  0.67768 
 40.84500  0.56120  0.55931 
 40.94500  0.43339  0.43536 
 41.04500  0.31610  0.31747 
 41.14500  0.21508  0.21571 
 41.24500  0.13608  0.13593 
 41.34500  0.07983  0.07915 
 41.44500  0.04326  0.04247 
 41.54500  0.02151  0.02094 
 41.64500  0.00966  0.00947 
 41.74500  0.00379  0.00392 
 41.84500  0.00118  0.00148 
 41.94500  0.00022  0.00051 
 42.04500 -0.00006  0.00016 
 42.14500 -0.00006  0.00004 
 42.24500 -0.00001  0.00000 
 42.34500  0.00004  0.00000 
 42.44500  0.00004  0.00000 
 42.54500  0.00004  0.00000 
 42.64500  0.00003  0.00000 
 42.74500  0.00002  0.00000 
 42.84500  0.00000  0.00000 
 42.94500 -0.00001  0.00000 
 43.04500  0.00001  0.00000 
 43.14500  0.00002  0.00000 
 43.24500  0.00003  0.00000 
 43.34500  0.00005  0.00000 
 43.44500  0.00004  0.00000 
 43.54500  0.00003  0.00000 
 43.64500 -0.00002  0.00000 
 43.74500 -0.00008  0.00006 
 43.84500 -0.00003  0.00020 
 43.94500  0.00035  0.00065 
 44.04500  0.00157  0.00185 
 44.14500  0.00471  0.00478 
 44.24500  0.01161  0.01134 
 44.34500  0.02524  0.02459 
 44.44500  0.04976  0.04896 
 44.54500  0.09022  0.08962 
 44.64500  0.15127  0.15126 
 44.74500  0.23527  0.23607 
 44.84500  0.34048  0.34201 
 44.94500  0.46095  0.46216 
 45.04500  0.58779  0.58589 
 45.14500  0.70287  0.70160 
 45.24500  0.80031  0.79983 
 45.34500  0.87528  0.87557 
 45.44500  0.92781  0.92853 
 45.54500  0.96143  0.96222 
 45.64500  0.98114  0.98164 
 45.74500  0.99169  0.99183 
 45.84500  0.99684  0.99666 
 45.94500  0.99907  0.99877 
 46.04500  0.99988  0.99958 
 46.14500  1.00007  0.99987 
 46.24500  1.00006  0.99998 
 46.34500  1.00000  1.00000 
 46.44500  0.99996  1.00000 
 46.54500  0.99996  1.00000 
 46.64500  0.99996  1.00000 
 46.74500  0.99998  1.00000 
 46.84500  0.99999  1.00000 
 46.94500  1.00001  1.00000 
 47.04500  1.00001  1.00000 
 47.14500  1.00001  1.00000 
 47.24500  1.00001  1.00000 
 47.34500  0.99999  1.00000 
 47.44500  0.99998  1.00000 
 47.54500  0.99996  1.00000 
 47.64500  0.99995  1.00000 
 47.74500  0.99997  1.00000 
 47.84500  1.00000  1.00000 
 47.94500  1.00006  0.99997 
 48.04500  1.00006  0.99986 
 48.14500  0.99986  0.99955 
 48.24500  0.99901  0.99868 
 48.34500  0.99669  0.99651 
 48.44500  0.99136  0.99150 
 48.54500  0.98046  0.98098 
 48.64500  0.96023  0.96101 
 48.74500  0.92582  0.92654 
 48.84500  0.87231  0.87254 
 48.94500  0.79627  0.79574 
 49.04500  0.69786  0.69655 
 49.14500  0.58215  0.58023 
 49.24500  0.45500  0.45639 
 49.34500  0.33518  0.33670 
 49.44500  0.23087  0.23162 
 49.54500  0.14791  0.14788 
 49.64500  0.08792  0.08729 
 49.74500  0.04832  0.04751 
 49.84500  0.02439  0.02377 
 49.94500  0.01116  0.01090 
 50.04500  0.00449  0.00459 
 50.14500  0.00148  0.00177 
 50.24500  0.00031  0.00063 
 50.34500 -0.00004  0.00020 
 50.44500 -0.00007  0.00006 
 50.54500 -0.00001  0.00000 
 50.64500  0.00004  0.00000 
 50.74500  0.00005  0.00000 
 50.84500  0.00006  0.00000 
 50.94500  0.00004  0.00000 
 51.04500  0.00003  0.00000 
 51.14500  0.00001  0.00000 
 51.24500  0.00000  0.00000 
 51.34500 -0.00000  0.00000 
 51.44500 -0.00001  0.00000 
 51.54500 -0.00001  0.00000 
 51.64500 -0.00001  0.00000 
 51.74500 -0.00001  0.00000 
 51.84500 -0.00001  0.00000 
 51.94500 -0.00001  0.00000 
 52.04500 -0.00001  0.00000 
 52.14500  0.00000  0.00000 
 52.24500  0.00001  0.00000 
 52.34500  0.00002  0.00000 
 52.44500  0.00003  0.00000 
 52.54500  0.00006  0.00000 
 52.64500  0.00005  0.00000 
 52.74500  0.00004  0.00000 
 52.84500 -0.00000  0.00000 
 52.94500 -0.00006  0.00004 
 53.04500 -0.00005  0.00016 
 53.14500  0.00021  0.00051 
 53.24500  0.00116  0.00146 
 53.34500  0.00373  0.00386 
 53.44500  0.00953  0.00934 
 53.54500  0.02125  0.02069 
 53.64500  0.04282  0.04201 
 53.74500  0.07910  0.07842 
 53.84500  0.13500  0.13484 
 53.94500  0.21364  0.21424 
 54.04500  0.31432  0.31568 
 54.14500  0.43142  0.43339 
 54.24500  0.55918  0.55735 
 54.34500  0.67733  0.67589 
 54.44500  0.77951  0.77883 
 54.54500  0.85988  0.85999 
 54.64500  0.91743  0.91810 
 54.74500  0.95504  0.95584 
 54.84500  0.97753  0.97811 
 54.94500  0.98985  0.99007 
 55.04500  0.99598  0.99587 
 55.14500  0.99871  0.99840 
 55.24500  0.99976  0.99944 
 55.34500  1.00006  0.99983 
 55.44500  1.00007  0.99995 
 55.54500  1.00000  1.00000 
 55.64500  0.99996  1.00000 
 55.74500  0.99996  1.00000 
 55.84500  0.99995  1.00000 
 55.94500  0.99997  1.00000 
 56.04500  0.99998  1.00000 
 56.14500  1.00000  1.00000 
 56.24500  1.00001  1.00000 
 56.34500  1.00001  1.00000 
 56.44500  1.00002  1.00000 
 56.54500  1.00001  1.00000 
 56.64500  1.00001  1.00000 
 56.74500  0.99999  1.00000 
 56.84500  0.99997  1.00000 
 56.94500  0.99997  1.00000 
 57.04500  0.99995  1.00000 
 57.14500  0.99996  1.00000 
 57.24500  0.99998  1.00000 
 57.34500  1.00002  1.00000 
 57.44500  1.00008  0.99993 
 57.54500  1.00002  0.99977 
 57.64500  0.99960  0.99929 
 57.74500  0.99830  0.99803 
 57.84500  0.99496  0.99491 
 57.94500  0.98773  0.98804 
 58.04500  0.97353  0.97417 
 58.14500  0.94807  0.94889 
 58.24500  0.90635  0.90692 
 58.34500  0.84382  0.84376 
 58.44500  0.75826  0.75743 
 58.54500  0.65183  0.65026 
 58.64500  0.53045  0.52949 
 58.74500  0.40408  0.40594 
 58.84500  0.28994  0.29115 
 58.94500  0.19392  0.19434 
 59.04500  0.12050  0.12021 
 59.14500  0.06937  0.06862 
 59.24500  0.03686  0.03608 
 59.34500  0.01791  0.01743 
 59.44500  0.00781  0.00770 
 59.54500  0.00294  0.00314 
 59.64500  0.00085  0.00118 
 59.74500  0.00010  0.00039 
 59.84500 -0.00008  0.00013 
 59.94500 -0.00004  0.00002 
 60.04500  0.00001  0.00000 
 60.14500  0.00004  0.00000 
 60.24500  0.00005  0.00000 
 60.34500  0.00005  0.00000 
 60.44500  0.00003  0.00000 
 60.54500  0.00002  0.00000 
 60.64500  0.00001  0.00000 
 60.74500 -0.00000  0.00000 
 60.84500 -0.00001  0.00000 
 60.94500 -0.00001  0.00000 
 61.04500 -0.00000  0.00000 
 61.14500 -0.00000  0.00000 
 61.24500 -0.00000  0.00000 
 61.34500 -0.00000  0.00000 
 61.44500  0.00000  0.00000 
 61.54500 -0.00000  0.00000 
 61.64500 -0.00000  0.00000 
 61.74500 -0.00000  0.00000 
 61.84500  0.00000  0.00000 
 61.94500 -0.00000  0.00000 
 62.04500  0.00000  0.00000 
 62.14500  0.00001  0.00000 
 62.24500 -0.00000  0.00000 
 62.34500 -0.00000  0.00000 
 62.44500  0.00000  0.00000 
 62.54500  0.00000  0.00000 
 62.64500  0.00000  0.00000 
 62.74500  0.00000  0.00000 
 62.84500  0.00000  0.00000 
 62.94500  0.00000  0.00000 
 63.04500  0.00000  0.00000 
 63.14500 -0.00000  0.00000 
 63.24500  0.00000  0.00000 
 63.34500  0.00000  0.00000 
 63.44500  0.00000  0.00000 
