  0.04500  0.82517  0.82518 
  0.14500  0.82496  0.82498 
  0.24500  0.82453  0.82455 
  0.34500  0.82390  0.82389 
  0.44500  0.82303  0.82305 
  0.54500  0.82195  0.82196 
  0.64500  0.82067  0.82068 
  0.74500  0.81917  0.81917 
  0.84500  0.81747  0.81746 
  0.94500  0.81556  0.81557 
  1.04500  0.81344  0.81344 
  1.14500  0.81112  0.81113 
  1.24500  0.80861  0.80862 
  1.34500  0.80590  0.80591 
  1.44500  0.80303  0.80305 
  1.54500  0.79996  0.79995 
  1.64500  0.79672  0.79671 
  1.74500  0.79329  0.79330 
  1.84500  0.78973  0.78972 
  1.94500  0.78600  0.78598 
  2.04500  0.78210  0.78210 
  2.14500  0.77807  0.77806 
  2.24500  0.77390  0.77388 
  2.34500  0.76960  0.76957 
  2.44500  0.76517  0.76515 
  2.54500  0.76061  0.76059 
  2.64500  0.75597  0.75593 
  2.74500  0.75121  0.75118 
  2.84500  0.74635  0.74632 
  2.94500  0.74141  0.74135 
  3.04500  0.73642  0.73635 
  3.14500  0.73132  0.73129 
  3.24500  0.72619  0.72615 
  3.34500  0.72098  0.72096 
  3.44500  0.71577  0.71573 
  3.54500  0.71051  0.71045 
  3.64500  0.70523  0.70517 
  3.74500  0.69991  0.69987 
  3.84500  0.69461  0.69455 
  3.94500  0.68931  0.68924 
  4.04500  0.68401  0.68394 
  4.14500  0.67873  0.67865 
  4.24500  0.67349  0.67341 
  4.34500  0.66827  0.66820 
  4.44500  0.66310  0.66302 
  4.54500  0.65799  0.65791 
  4.64500  0.65294  0.65285 
  4.74500  0.64795  0.64786 
  4.84500  0.64305  0.64297 
  4.94500  0.63823  0.63814 
  5.04500  0.63349  0.63340 
  5.14500  0.62887  0.62877 
  5.24500  0.62434  0.62425 
  5.34500  0.61991  0.61982 
  5.44500  0.61560  0.61551 
  5.54500  0.61142  0.61133 
  5.64500  0.60738  0.60730 
  5.74500  0.60346  0.60335 
  5.84500  0.59966  0.59958 
  5.94500  0.59601  0.59592 
  6.04500  0.59253  0.59242 
  6.14500  0.58916  0.58907 
  6.24500  0.58595  0.58587 
  6.34500  0.58290  0.58285 
  6.44500  0.57999  0.57991 
  6.54500  0.57726  0.57717 
  6.64500  0.57468  0.57459 
  6.74500  0.57224  0.57215 
  6.84500  0.56996  0.56987 
  6.94500  0.56783  0.56776 
  7.04500  0.56588  0.56581 
  7.14500  0.56407  0.56399 
  7.24500  0.56243  0.56233 
  7.34500  0.56091  0.56083 
  7.44500  0.55956  0.55947 
  7.54500  0.55834  0.55827 
  7.64500  0.55726  0.55715 
  7.74500  0.55632  0.55627 
  7.84500  0.55552  0.55545 
  7.94500  0.55484  0.55478 
  8.04500  0.55429  0.55425 
  8.14500  0.55387  0.55380 
  8.24500  0.55354  0.55350 
  8.34500  0.55334  0.55328 
  8.44500  0.55323  0.55320 
  8.54500  0.55321  0.55320 
  8.64500  0.55329  0.55325 
  8.74500  0.55345  0.55341 
  8.84500  0.55369  0.55366 
  8.94500  0.55400  0.55395 
  9.04500  0.55436  0.55433 
  9.14500  0.55477  0.55476 
  9.24500  0.55526  0.55525 
  9.34500  0.55575  0.55575 
  9.44500  0.55631  0.55628 
  9.54500  0.55687  0.55687 
  9.64500  0.55747  0.55745 
  9.74500  0.55808  0.55807 
  9.84500  0.55869  0.55868 
  9.94500  0.55929  0.55929 
 10.04500  0.55990  0.55989 
 10.14500  0.56049  0.56049 
 10.24500  0.56105  0.56107 
 10.34500  0.56160  0.56161 
 10.44500  0.56210  0.56215 
 10.54500  0.56261  0.56261 
 10.64500  0.56304  0.56306 
 10.74500  0.56343  0.56345 
 10.84500  0.56377  0.56378 
 10.94500  0.56406  0.56410 
 11.04500  0.56430  0.56432 
 11.14500  0.56447  0.56449 
 11.24500  0.56458  0.56460 
 11.34500  0.56462  0.56465 
 11.44500  0.56460  0.56460 
 11.54500  0.56449  0.56453 
 11.64500  0.56434  0.56436 
 11.74500  0.56409  0.56412 
 11.84500  0.56380  0.56382 
 11.94500  0.56341  0.56343 
 12.04500  0.56295  0.56297 
 12.14500  0.56242  0.56244 
 12.24500  0.56183  0.56185 
 12.34500  0.56116  0.56118 
 12.44500  0.56042  0.56045 
 12.54500  0.55964  0.55965 
 12.64500  0.55878  0.55879 
 12.74500  0.55785  0.55785 
 12.84500  0.55687  0.55685 
 12.94500  0.55583  0.55585 
 13.04500  0.55476  0.55477 
 13.14500  0.55364  0.55364 
 13.24500  0.55247  0.55248 
 13.34500  0.55126  0.55127 
 13.44500  0.55003  0.55003 
 13.54500  0.54877  0.54876 
 13.64500  0.54747  0.54747 
 13.74500  0.54617  0.54617 
 13.84500  0.54485  0.54483 
 13.94500  0.54350  0.54350 
 14.04500  0.54218  0.54217 
 14.14500  0.54086  0.54083 
 14.24500  0.53953  0.53953 
 14.34500  0.53821  0.53820 
 14.44500  0.53691  0.53691 
 14.54500  0.53564  0.53563 
 14.64500  0.53439  0.53437 
 14.74500  0.53317  0.53316 
 14.84500  0.53198  0.53197 
 14.94500  0.53083  0.53081 
 15.04500  0.52973  0.52971 
 15.14500  0.52867  0.52865 
 15.24500  0.52766  0.52765 
 15.34500  0.52670  0.52667 
 15.44500  0.52580  0.52578 
 15.54500  0.52493  0.52492 
 15.64500  0.52415  0.52414 
 15.74500  0.52343  0.52341 
 15.84500  0.52278  0.52275 
 15.94500  0.52216  0.52216 
 16.04500  0.52163  0.52160 
 16.14500  0.52117  0.52115 
 16.24500  0.52077  0.52075 
 16.34500  0.52043  0.52042 
 16.44500  0.52016  0.52015 
 16.54500  0.51996  0.51994 
 16.64500  0.51981  0.51979 
 16.74500  0.51972  0.51970 
 16.84500  0.51970  0.51970 
 16.94500  0.51974  0.51971 
 17.04500  0.51983  0.51982 
 17.14500  0.51998  0.51996 
 17.24500  0.52015  0.52016 
 17.34500  0.52039  0.52040 
 17.44500  0.52069  0.52068 
 17.54500  0.52101  0.52102 
 17.64500  0.52137  0.52136 
 17.74500  0.52175  0.52176 
 17.84500  0.52217  0.52217 
 17.94500  0.52262  0.52261 
 18.04500  0.52308  0.52308 
 18.14500  0.52356  0.52355 
 18.24500  0.52401  0.52405 
 18.34500  0.52452  0.52451 
 18.44500  0.52501  0.52500 
 18.54500  0.52549  0.52550 
 18.64500  0.52597  0.52599 
 18.74500  0.52644  0.52645 
 18.84500  0.52689  0.52690 
 18.94500  0.52730  0.52732 
 19.04500  0.52771  0.52774 
 19.14500  0.52809  0.52811 
 19.24500  0.52842  0.52845 
 19.34500  0.52873  0.52876 
 19.44500  0.52901  0.52902 
 19.54500  0.52922  0.52924 
 19.64500  0.52938  0.52942 
 19.74500  0.52955  0.52955 
 19.84500  0.52960  0.52961 
 19.94500  0.52963  0.52970 
 20.04500  0.52960  0.52962 
 20.14500  0.52951  0.52955 
 20.24500  0.52939  0.52942 
 20.34500  0.52920  0.52922 
 20.44500  0.52895  0.52897 
 20.54500  0.52863  0.52865 
 20.64500  0.52828  0.52830 
 20.74500  0.52785  0.52788 
 20.84500  0.52739  0.52740 
 20.94500  0.52684  0.52688 
 21.04500  0.52627  0.52629 
 21.14500  0.52564  0.52567 
 21.24500  0.52495  0.52499 
 21.34500  0.52424  0.52426 
 21.44500  0.52347  0.52349 
 21.54500  0.52267  0.52270 
 21.64500  0.52182  0.52184 
 21.74500  0.52095  0.52098 
 21.84500  0.52005  0.52007 
 21.94500  0.51913  0.51915 
 22.04500  0.51819  0.51820 
 22.14500  0.51723  0.51725 
 22.24500  0.51626  0.51625 
 22.34500  0.51527  0.51525 
 22.44500  0.51429  0.51430 
 22.54500  0.51331  0.51335 
 22.64500  0.51234  0.51235 
 22.74500  0.51139  0.51136 
 22.84500  0.51044  0.51045 
 22.94500  0.50951  0.50952 
 23.04500  0.50862  0.50861 
 23.14500  0.50775  0.50775 
 23.24500  0.50691  0.50692 
 23.34500  0.50612  0.50613 
 23.44500  0.50538  0.50537 
 23.54500  0.50468  0.50467 
 23.64500  0.50404  0.50401 
 23.74500  0.50342  0.50342 
 23.84500  0.50288  0.50290 
 23.94500  0.50240  0.50240 
 24.04500  0.50199  0.50199 
 24.14500  0.50165  0.50163 
 24.24500  0.50136  0.50135 
 24.34500  0.50116  0.50114 
 24.44500  0.50101  0.50101 
 24.54500  0.50094  0.50091 
 24.64500  0.50095  0.50092 
 24.74500  0.50103  0.50102 
 24.84500  0.50117  0.50117 
 24.94500  0.50140  0.50139 
 25.04500  0.50169  0.50168 
 25.14500  0.50206  0.50206 
 25.24500  0.50250  0.50250 
 25.34500  0.50302  0.50301 
 25.44500  0.50358  0.50358 
 25.54500  0.50421  0.50421 
 25.64500  0.50490  0.50491 
 25.74500  0.50568  0.50567 
 25.84500  0.50649  0.50649 
 25.94500  0.50735  0.50734 
 26.04500  0.50825  0.50825 
 26.14500  0.50920  0.50924 
 26.24500  0.51020  0.51019 
 26.34500  0.51122  0.51125 
 26.44500  0.51228  0.51227 
 26.54500  0.51335  0.51336 
 26.64500  0.51445  0.51446 
 26.74500  0.51557  0.51557 
 26.84500  0.51668  0.51669 
 26.94500  0.51780  0.51781 
 27.04500  0.51891  0.51893 
 27.14500  0.52003  0.52004 
 27.24500  0.52113  0.52115 
 27.34500  0.52221  0.52224 
 27.44500  0.52327  0.52325 
 27.54500  0.52428  0.52435 
 27.64500  0.52529  0.52531 
 27.74500  0.52622  0.52625 
 27.84500  0.52714  0.52717 
 27.94500  0.52798  0.52801 
 28.04500  0.52879  0.52882 
 28.14500  0.52953  0.52956 
 28.24500  0.53020  0.53026 
 28.34500  0.53083  0.53087 
 28.44500  0.53137  0.53140 
 28.54500  0.53186  0.53189 
 28.64500  0.53225  0.53230 
 28.74500  0.53258  0.53261 
 28.84500  0.53283  0.53286 
 28.94500  0.53298  0.53303 
 29.04500  0.53306  0.53310 
 29.14500  0.53306  0.53310 
 29.24500  0.53296  0.53300 
 29.34500  0.53278  0.53282 
 29.44500  0.53253  0.53256 
 29.54500  0.53217  0.53221 
 29.64500  0.53175  0.53179 
 29.74500  0.53124  0.53127 
 29.84500  0.53065  0.53069 
 29.94500  0.52998  0.53001 
 30.04500  0.52924  0.52926 
 30.14500  0.52841  0.52844 
 30.24500  0.52752  0.52755 
 30.34500  0.52658  0.52661 
 30.44500  0.52555  0.52555 
 30.54500  0.52447  0.52451 
 30.64500  0.52335  0.52337 
 30.74500  0.52216  0.52219 
 30.84500  0.52094  0.52097 
 30.94500  0.51968  0.51971 
 31.04500  0.51839  0.51840 
 31.14500  0.51706  0.51707 
 31.24500  0.51570  0.51573 
 31.34500  0.51435  0.51436 
 31.44500  0.51296  0.51298 
 31.54500  0.51157  0.51160 
 31.64500  0.51019  0.51021 
 31.74500  0.50882  0.50884 
 31.84500  0.50747  0.50747 
 31.94500  0.50611  0.50613 
 32.04500  0.50480  0.50480 
 32.14500  0.50350  0.50352 
 32.24500  0.50226  0.50226 
 32.34500  0.50105  0.50104 
 32.44500  0.49989  0.49989 
 32.54500  0.49877  0.49876 
 32.64500  0.49771  0.49775 
 32.74500  0.49672  0.49675 
 32.84500  0.49579  0.49579 
 32.94500  0.49494  0.49492 
 33.04500  0.49415  0.49415 
 33.14500  0.49346  0.49343 
 33.24500  0.49282  0.49282 
 33.34500  0.49229  0.49226 
 33.44500  0.49184  0.49182 
 33.54500  0.49147  0.49145 
 33.64500  0.49118  0.49118 
 33.74500  0.49101  0.49099 
 33.84500  0.49090  0.49090 
 33.94500  0.49090  0.49090 
 34.04500  0.49102  0.49101 
 34.14500  0.49120  0.49120 
 34.24500  0.49149  0.49148 
 34.34500  0.49187  0.49185 
 34.44500  0.49233  0.49231 
 34.54500  0.49288  0.49287 
 34.64500  0.49352  0.49351 
 34.74500  0.49424  0.49423 
 34.84500  0.49504  0.49503 
 34.94500  0.49592  0.49593 
 35.04500  0.49687  0.49685 
 35.14500  0.49790  0.49790 
 35.24500  0.49900  0.49900 
 35.34500  0.50015  0.50015 
 35.44500  0.50136  0.50136 
 35.54500  0.50262  0.50262 
 35.64500  0.50392  0.50393 
 35.74500  0.50529  0.50529 
 35.84500  0.50664  0.50667 
 35.94500  0.50807  0.50808 
 36.04500  0.50953  0.50953 
 36.14500  0.51098  0.51100 
 36.24500  0.51244  0.51245 
 36.34500  0.51393  0.51395 
 36.44500  0.51540  0.51543 
 36.54500  0.51688  0.51690 
 36.64500  0.51835  0.51836 
 36.74500  0.51982  0.51982 
 36.84500  0.52123  0.52124 
 36.94500  0.52263  0.52265 
 37.04500  0.52397  0.52400 
 37.14500  0.52530  0.52533 
 37.24500  0.52659  0.52663 
 37.34500  0.52783  0.52786 
 37.44500  0.52901  0.52905 
 37.54500  0.53014  0.53017 
 37.64500  0.53121  0.53125 
 37.74500  0.53220  0.53225 
 37.84500  0.53314  0.53318 
 37.94500  0.53401  0.53405 
 38.04500  0.53479  0.53483 
 38.14500  0.53551  0.53554 
 38.24500  0.53614  0.53618 
 38.34500  0.53669  0.53675 
 38.44500  0.53717  0.53722 
 38.54500  0.53757  0.53761 
 38.64500  0.53787  0.53791 
 38.74500  0.53809  0.53815 
 38.84500  0.53823  0.53828 
 38.94500  0.53831  0.53835 
 39.04500  0.53828  0.53830 
 39.14500  0.53817  0.53824 
 39.24500  0.53801  0.53804 
 39.34500  0.53775  0.53780 
 39.44500  0.53743  0.53746 
 39.54500  0.53703  0.53707 
 39.64500  0.53655  0.53660 
 39.74500  0.53602  0.53606 
 39.84500  0.53543  0.53546 
 39.94500  0.53476  0.53480 
 40.04500  0.53404  0.53407 
 40.14500  0.53329  0.53332 
 40.24500  0.53247  0.53250 
 40.34500  0.53162  0.53165 
 40.44500  0.53074  0.53075 
 40.54500  0.52981  0.52985 
 40.64500  0.52885  0.52885 
 40.74500  0.52787  0.52785 
 40.84500  0.52685  0.52685 
 40.94500  0.52586  0.52585 
 41.04500  0.52484  0.52485 
 41.14500  0.52380  0.52384 
 41.24500  0.52276  0.52275 
 41.34500  0.52174  0.52175 
 41.44500  0.52071  0.52075 
 41.54500  0.51970  0.51975 
 41.64500  0.51871  0.51875 
 41.74500  0.51773  0.51775 
 41.84500  0.51678  0.51678 
 41.94500  0.51586  0.51586 
 42.04500  0.51495  0.51497 
 42.14500  0.51409  0.51410 
 42.24500  0.51328  0.51328 
 42.34500  0.51248  0.51248 
 42.44500  0.51173  0.51174 
 42.54500  0.51102  0.51103 
 42.64500  0.51036  0.51037 
 42.74500  0.50974  0.50975 
 42.84500  0.50916  0.50917 
 42.94500  0.50864  0.50865 
 43.04500  0.50815  0.50816 
 43.14500  0.50772  0.50772 
 43.24500  0.50732  0.50733 
 43.34500  0.50698  0.50698 
 43.44500  0.50667  0.50669 
 43.54500  0.50641  0.50642 
 43.64500  0.50620  0.50621 
 43.74500  0.50601  0.50602 
 43.84500  0.50585  0.50587 
 43.94500  0.50575  0.50576 
 44.04500  0.50568  0.50570 
 44.14500  0.50561  0.50561 
 44.24500  0.50559  0.50560 
 44.34500  0.50558  0.50560 
 44.44500  0.50559  0.50560 
 44.54500  0.50561  0.50561 
 44.64500  0.50565  0.50570 
 44.74500  0.50569  0.50570 
 44.84500  0.50573  0.50577 
 44.94500  0.50579  0.50580 
 45.04500  0.50580  0.50582 
 45.14500  0.50583  0.50590 
 45.24500  0.50585  0.50590 
 45.34500  0.50584  0.50590 
 45.44500  0.50581  0.50584 
 45.54500  0.50576  0.50580 
 45.64500  0.50567  0.50570 
 45.74500  0.50554  0.50557 
 45.84500  0.50539  0.50543 
 45.94500  0.50518  0.50522 
 46.04500  0.50494  0.50498 
 46.14500  0.50466  0.50468 
 46.24500  0.50430  0.50435 
 46.34500  0.50390  0.50395 
 46.44500  0.50346  0.50350 
 46.54500  0.50295  0.50300 
 46.64500  0.50238  0.50243 
 46.74500  0.50175  0.50180 
 46.84500  0.50107  0.50112 
 46.94500  0.50031  0.50037 
 47.04500  0.49951  0.49957 
 47.14500  0.49863  0.49869 
 47.24500  0.49771  0.49775 
 47.34500  0.49671  0.49675 
 47.44500  0.49564  0.49570 
 47.54500  0.49452  0.49459 
 47.64500  0.49336  0.49342 
 47.74500  0.49214  0.49218 
 47.84500  0.49085  0.49090 
 47.94500  0.48954  0.48957 
 48.04500  0.48815  0.48819 
 48.14500  0.48672  0.48677 
 48.24500  0.48527  0.48530 
 48.34500  0.48377  0.48380 
 48.44500  0.48225  0.48229 
 48.54500  0.48069  0.48072 
 48.64500  0.47908  0.47914 
 48.74500  0.47751  0.47754 
 48.84500  0.47588  0.47593 
 48.94500  0.47427  0.47430 
 49.04500  0.47263  0.47267 
 49.14500  0.47100  0.47105 
 49.24500  0.46940  0.46943 
 49.34500  0.46780  0.46782 
 49.44500  0.46620  0.46623 
 49.54500  0.46463  0.46467 
 49.64500  0.46311  0.46315 
 49.74500  0.46159  0.46165 
 49.84500  0.46014  0.46017 
 49.94500  0.45872  0.45875 
 50.04500  0.45736  0.45739 
 50.14500  0.45606  0.45608 
 50.24500  0.45480  0.45482 
 50.34500  0.45362  0.45363 
 50.44500  0.45249  0.45251 
 50.54500  0.45145  0.45145 
 50.64500  0.45049  0.45048 
 50.74500  0.44958  0.44960 
 50.84500  0.44878  0.44878 
 50.94500  0.44807  0.44807 
 51.04500  0.44742  0.44743 
 51.14500  0.44687  0.44690 
 51.24500  0.44642  0.44642 
 51.34500  0.44605  0.44606 
 51.44500  0.44578  0.44579 
 51.54500  0.44561  0.44562 
 51.64500  0.44556  0.44551 
 51.74500  0.44554  0.44554 
 51.84500  0.44564  0.44565 
 51.94500  0.44584  0.44585 
 52.04500  0.44612  0.44614 
 52.14500  0.44650  0.44651 
 52.24500  0.44697  0.44695 
 52.34500  0.44751  0.44752 
 52.44500  0.44812  0.44813 
 52.54500  0.44881  0.44883 
 52.64500  0.44958  0.44959 
 52.74500  0.45041  0.45041 
 52.84500  0.45129  0.45131 
 52.94500  0.45223  0.45225 
 53.04500  0.45322  0.45325 
 53.14500  0.45426  0.45429 
 53.24500  0.45535  0.45537 
 53.34500  0.45645  0.45648 
 53.44500  0.45758  0.45761 
 53.54500  0.45872  0.45876 
 53.64500  0.45987  0.45991 
 53.74500  0.46103  0.46108 
 53.84500  0.46217  0.46222 
 53.94500  0.46334  0.46338 
 54.04500  0.46443  0.46449 
 54.14500  0.46554  0.46556 
 54.24500  0.46657  0.46665 
 54.34500  0.46757  0.46765 
 54.44500  0.46852  0.46858 
 54.54500  0.46940  0.46948 
 54.64500  0.47023  0.47029 
 54.74500  0.47097  0.47104 
 54.84500  0.47163  0.47170 
 54.94500  0.47219  0.47225 
 55.04500  0.47265  0.47273 
 55.14500  0.47300  0.47309 
 55.24500  0.47324  0.47334 
 55.34500  0.47337  0.47348 
 55.44500  0.47336  0.47347 
 55.54500  0.47322  0.47333 
 55.64500  0.47296  0.47305 
 55.74500  0.47253  0.47265 
 55.84500  0.47197  0.47207 
 55.94500  0.47123  0.47136 
 56.04500  0.47036  0.47045 
 56.14500  0.46931  0.46943 
 56.24500  0.46812  0.46823 
 56.34500  0.46674  0.46685 
 56.44500  0.46519  0.46531 
 56.54500  0.46348  0.46359 
 56.64500  0.46158  0.46170 
 56.74500  0.45951  0.45965 
 56.84500  0.45727  0.45740 
 56.94500  0.45485  0.45499 
 57.04500  0.45226  0.45239 
 57.14500  0.44950  0.44962 
 57.24500  0.44655  0.44665 
 57.34500  0.44343  0.44357 
 57.44500  0.44017  0.44030 
 57.54500  0.43671  0.43684 
 57.64500  0.43309  0.43324 
 57.74500  0.42933  0.42946 
 57.84500  0.42540  0.42550 
 57.94500  0.42134  0.42147 
 58.04500  0.41711  0.41724 
 58.14500  0.41278  0.41289 
 58.24500  0.40826  0.40839 
 58.34500  0.40365  0.40378 
 58.44500  0.39890  0.39904 
 58.54500  0.39405  0.39418 
 58.64500  0.38909  0.38925 
 58.74500  0.38404  0.38416 
 58.84500  0.37887  0.37900 
 58.94500  0.37364  0.37376 
 59.04500  0.36834  0.36846 
 59.14500  0.36296  0.36307 
 59.24500  0.35752  0.35764 
 59.34500  0.35204  0.35215 
 59.44500  0.34652  0.34662 
 59.54500  0.34097  0.34107 
 59.64500  0.33539  0.33549 
 59.74500  0.32980  0.32990 
 59.84500  0.32422  0.32431 
 59.94500  0.31863  0.31872 
 60.04500  0.31306  0.31316 
 60.14500  0.30753  0.30761 
 60.24500  0.30202  0.30210 
 60.34500  0.29657  0.29666 
 60.44500  0.29118  0.29125 
 60.54500  0.28585  0.28591 
 60.64500  0.28057  0.28064 
 60.74500  0.27539  0.27547 
 60.84500  0.27030  0.27035 
 60.94500  0.26531  0.26537 
 61.04500  0.26043  0.26050 
 61.14500  0.25567  0.25574 
 61.24500  0.25104  0.25110 
 61.34500  0.24655  0.24659 
 61.44500  0.24219  0.24223 
 61.54500  0.23798  0.23803 
 61.64500  0.23392  0.23400 
 61.74500  0.23004  0.23007 
 61.84500  0.22632  0.22635 
 61.94500  0.22277  0.22282 
 62.04500  0.21942  0.21945 
 62.14500  0.21626  0.21628 
 62.24500  0.21328  0.21330 
 62.34500  0.21052  0.21054 
 62.44500  0.20795  0.20796 
 62.54500  0.20558  0.20560 
 62.64500  0.20345  0.20346 
 62.74500  0.20151  0.20153 
 62.84500  0.19980  0.19981 
 62.94500  0.19831  0.19834 
 63.04500  0.19705  0.19708 
 63.14500  0.19602  0.19605 
 63.24500  0.19521  0.19524 
 63.34500  0.19464  0.19466 
 63.44500  0.19431  0.19431 
