  0.04500  0.99994  0.99990 
  0.14500  0.99995  0.99990 
  0.24500  0.99992  0.99990 
  0.34500  0.99987  0.99988 
  0.44500  0.99983  0.99980 
  0.54500  0.99979  0.99977 
  0.64500  0.99968  0.99969 
  0.74500  0.99960  0.99959 
  0.84500  0.99947  0.99946 
  0.94500  0.99930  0.99929 
  1.04500  0.99910  0.99908 
  1.14500  0.99882  0.99881 
  1.24500  0.99847  0.99846 
  1.34500  0.99805  0.99804 
  1.44500  0.99750  0.99749 
  1.54500  0.99682  0.99681 
  1.64500  0.99600  0.99595 
  1.74500  0.99498  0.99494 
  1.84500  0.99373  0.99370 
  1.94500  0.99221  0.99218 
  2.04500  0.99039  0.99036 
  2.14500  0.98819  0.98817 
  2.24500  0.98556  0.98553 
  2.34500  0.98247  0.98245 
  2.44500  0.97884  0.97879 
  2.54500  0.97456  0.97453 
  2.64500  0.96958  0.96956 
  2.74500  0.96386  0.96381 
  2.84500  0.95726  0.95721 
  2.94500  0.94972  0.94967 
  3.04500  0.94115  0.94110 
  3.14500  0.93148  0.93142 
  3.24500  0.92063  0.92054 
  3.34500  0.90849  0.90845 
  3.44500  0.89506  0.89503 
  3.54500  0.88024  0.88023 
  3.64500  0.86402  0.86401 
  3.74500  0.84635  0.84636 
  3.84500  0.82725  0.82725 
  3.94500  0.80675  0.80670 
  4.04500  0.78480  0.78474 
  4.14500  0.76151  0.76137 
  4.24500  0.73688  0.73668 
  4.34500  0.71099  0.71079 
  4.44500  0.68391  0.68376 
  4.54500  0.65574  0.65570 
  4.64500  0.62669  0.62676 
  4.74500  0.59694  0.59712 
  4.84500  0.56675  0.56693 
  4.94500  0.53635  0.53640 
  5.04500  0.50570  0.50566 
  5.14500  0.47493  0.47496 
  5.24500  0.44463  0.44446 
  5.34500  0.41458  0.41438 
  5.44500  0.38505  0.38491 
  5.54500  0.35624  0.35625 
  5.64500  0.32842  0.32854 
  5.74500  0.30181  0.30198 
  5.84500  0.27655  0.27676 
  5.94500  0.25279  0.25293 
  6.04500  0.23061  0.23070 
  6.14500  0.21014  0.21017 
  6.24500  0.19141  0.19141 
  6.34500  0.17454  0.17454 
  6.44500  0.15961  0.15961 
  6.54500  0.14666  0.14671 
  6.64500  0.13579  0.13583 
  6.74500  0.12701  0.12708 
  6.84500  0.12035  0.12043 
  6.94500  0.11586  0.11596 
  7.04500  0.11352  0.11363 
  7.14500  0.11335  0.11346 
  7.24500  0.11538  0.11548 
  7.34500  0.11956  0.11966 
  7.44500  0.12592  0.12597 
  7.54500  0.13437  0.13444 
  7.64500  0.14496  0.14500 
  7.74500  0.15760  0.15762 
  7.84500  0.17226  0.17225 
  7.94500  0.18886  0.18887 
  8.04500  0.20730  0.20735 
  8.14500  0.22755  0.22764 
  8.24500  0.24948  0.24963 
  8.34500  0.27302  0.27321 
  8.44500  0.29806  0.29827 
  8.54500  0.32448  0.32462 
  8.64500  0.35213  0.35216 
  8.74500  0.38081  0.38070 
  8.84500  0.41025  0.41007 
  8.94500  0.44021  0.44007 
  9.04500  0.47049  0.47048 
  9.14500  0.50116  0.50115 
  9.24500  0.53185  0.53187 
  9.34500  0.56225  0.56243 
  9.44500  0.59244  0.59263 
  9.54500  0.62221  0.62232 
  9.64500  0.65129  0.65128 
  9.74500  0.67951  0.67937 
  9.84500  0.70664  0.70644 
  9.94500  0.73255  0.73238 
 10.04500  0.75716  0.75703 
 10.14500  0.78038  0.78034 
 10.24500  0.80220  0.80219 
 10.34500  0.82253  0.82250 
 10.44500  0.84131  0.84132 
 10.54500  0.85854  0.85852 
 10.64500  0.87419  0.87416 
 10.74500  0.88821  0.88817 
 10.84500  0.90066  0.90059 
 10.94500  0.91153  0.91145 
 11.04500  0.92080  0.92074 
 11.14500  0.92855  0.92847 
 11.24500  0.93476  0.93467 
 11.34500  0.93945  0.93938 
 11.44500  0.94268  0.94260 
 11.54500  0.94442  0.94437 
 11.64500  0.94469  0.94465 
 11.74500  0.94350  0.94344 
 11.84500  0.94085  0.94080 
 11.94500  0.93671  0.93666 
 12.04500  0.93108  0.93099 
 12.14500  0.92393  0.92384 
 12.24500  0.91523  0.91514 
 12.34500  0.90498  0.90491 
 12.44500  0.89315  0.89308 
 12.54500  0.87972  0.87967 
 12.64500  0.86466  0.86465 
 12.74500  0.84803  0.84804 
 12.84500  0.82985  0.82985 
 12.94500  0.81010  0.81009 
 13.04500  0.78884  0.78880 
 13.14500  0.76617  0.76604 
 13.24500  0.74206  0.74190 
 13.34500  0.71664  0.71644 
 13.44500  0.68995  0.68979 
 13.54500  0.66214  0.66206 
 13.64500  0.63334  0.63342 
 13.74500  0.60382  0.60399 
 13.84500  0.57376  0.57396 
 13.94500  0.54344  0.54352 
 14.04500  0.51293  0.51284 
 14.14500  0.48203  0.48213 
 14.24500  0.45170  0.45157 
 14.34500  0.42161  0.42141 
 14.44500  0.39193  0.39176 
 14.54500  0.36293  0.36291 
 14.64500  0.33486  0.33497 
 14.74500  0.30794  0.30814 
 14.84500  0.28237  0.28257 
 14.94500  0.25824  0.25839 
 15.04500  0.23568  0.23579 
 15.14500  0.21479  0.21485 
 15.24500  0.19566  0.19567 
 15.34500  0.17834  0.17832 
 15.44500  0.16294  0.16294 
 15.54500  0.14953  0.14955 
 15.64500  0.13816  0.13821 
 15.74500  0.12887  0.12897 
 15.84500  0.12173  0.12181 
 15.94500  0.11672  0.11681 
 16.04500  0.11388  0.11398 
 16.14500  0.11320  0.11331 
 16.24500  0.11473  0.11482 
 16.34500  0.11838  0.11848 
 16.44500  0.12422  0.12431 
 16.54500  0.13219  0.13224 
 16.64500  0.14229  0.14232 
 16.74500  0.15444  0.15446 
 16.84500  0.16862  0.16863 
 16.94500  0.18476  0.18477 
 17.04500  0.20279  0.20282 
 17.14500  0.22262  0.22270 
 17.24500  0.24417  0.24430 
 17.34500  0.26732  0.26750 
 17.44500  0.29199  0.29221 
 17.54500  0.31811  0.31827 
 17.64500  0.34548  0.34554 
 17.74500  0.37392  0.37383 
 17.84500  0.40320  0.40302 
 17.94500  0.43301  0.43283 
 18.04500  0.46319  0.46315 
 18.14500  0.49368  0.49373 
 18.24500  0.52444  0.52440 
 18.34500  0.55479  0.55493 
 18.44500  0.58494  0.58514 
 18.54500  0.61470  0.61483 
 18.64500  0.64382  0.64382 
 18.74500  0.67205  0.67192 
 18.84500  0.69920  0.69902 
 18.94500  0.72510  0.72490 
 19.04500  0.74963  0.74949 
 19.14500  0.77273  0.77266 
 19.24500  0.79431  0.79427 
 19.34500  0.81431  0.81429 
 19.44500  0.83263  0.83264 
 19.54500  0.84925  0.84924 
 19.64500  0.86412  0.86410 
 19.74500  0.87717  0.87713 
 19.84500  0.88841  0.88834 
 19.94500  0.89780  0.89771 
 20.04500  0.90533  0.90525 
 20.14500  0.91102  0.91096 
 20.24500  0.91487  0.91479 
 20.34500  0.91685  0.91677 
 20.44500  0.91698  0.91688 
 20.54500  0.91528  0.91518 
 20.64500  0.91169  0.91159 
 20.74500  0.90626  0.90618 
 20.84500  0.89898  0.89891 
 20.94500  0.88984  0.88979 
 21.04500  0.87886  0.87883 
 21.14500  0.86607  0.86603 
 21.24500  0.85146  0.85144 
 21.34500  0.83508  0.83507 
 21.44500  0.81697  0.81698 
 21.54500  0.79721  0.79718 
 21.64500  0.77586  0.77576 
 21.74500  0.75297  0.75283 
 21.84500  0.72862  0.72841 
 21.94500  0.70288  0.70270 
 22.04500  0.67590  0.67576 
 22.14500  0.64776  0.64775 
 22.24500  0.61871  0.61885 
 22.34500  0.58900  0.58919 
 22.44500  0.55884  0.55899 
 22.54500  0.52844  0.52843 
 22.64500  0.49768  0.49770 
 22.74500  0.46702  0.46698 
 22.84500  0.43667  0.43650 
 22.94500  0.40662  0.40644 
 23.04500  0.37707  0.37697 
 23.14500  0.34825  0.34829 
 23.24500  0.32043  0.32059 
 23.34500  0.29379  0.29400 
 23.44500  0.26848  0.26866 
 23.54500  0.24460  0.24473 
 23.64500  0.22224  0.22231 
 23.74500  0.20148  0.20151 
 23.84500  0.18241  0.18239 
 23.94500  0.16505  0.16507 
 24.04500  0.14955  0.14955 
 24.14500  0.13587  0.13591 
 24.24500  0.12412  0.12416 
 24.34500  0.11430  0.11437 
 24.44500  0.10645  0.10653 
 24.54500  0.10055  0.10066 
 24.64500  0.09665  0.09676 
 24.74500  0.09473  0.09482 
 24.84500  0.09481  0.09490 
 24.94500  0.09685  0.09694 
 25.04500  0.10089  0.10100 
 25.14500  0.10691  0.10701 
 25.24500  0.11488  0.11497 
 25.34500  0.12486  0.12491 
 25.44500  0.13674  0.13677 
 25.54500  0.15053  0.15053 
 25.64500  0.16618  0.16616 
 25.74500  0.18364  0.18364 
 25.84500  0.20285  0.20286 
 25.94500  0.22371  0.22378 
 26.04500  0.24617  0.24632 
 26.14500  0.27016  0.27034 
 26.24500  0.29557  0.29576 
 26.34500  0.32230  0.32244 
 26.44500  0.35020  0.35026 
 26.54500  0.37907  0.37899 
 26.64500  0.40871  0.40852 
 26.74500  0.43879  0.43863 
 26.84500  0.46919  0.46917 
 26.94500  0.49990  0.49992 
 27.04500  0.53068  0.53068 
 27.14500  0.56111  0.56129 
 27.24500  0.59131  0.59150 
 27.34500  0.62109  0.62120 
 27.44500  0.65017  0.65015 
 27.54500  0.67836  0.67821 
 27.64500  0.70544  0.70525 
 27.74500  0.73127  0.73109 
 27.84500  0.75579  0.75565 
 27.94500  0.77887  0.77879 
 28.04500  0.80048  0.80046 
 28.14500  0.82059  0.82058 
 28.24500  0.83906  0.83908 
 28.34500  0.85594  0.85593 
 28.44500  0.87113  0.87112 
 28.54500  0.88466  0.88461 
 28.64500  0.89647  0.89640 
 28.74500  0.90658  0.90649 
 28.84500  0.91498  0.91490 
 28.94500  0.92170  0.92164 
 29.04500  0.92676  0.92670 
 29.14500  0.93014  0.93006 
 29.24500  0.93185  0.93179 
 29.34500  0.93192  0.93187 
 29.44500  0.93035  0.93029 
 29.54500  0.92709  0.92704 
 29.64500  0.92217  0.92209 
 29.74500  0.91557  0.91551 
 29.84500  0.90729  0.90721 
 29.94500  0.89732  0.89726 
 30.04500  0.88564  0.88559 
 30.14500  0.87225  0.87223 
 30.24500  0.85719  0.85717 
 30.34500  0.84044  0.84047 
 30.44500  0.82207  0.82207 
 30.54500  0.80211  0.80208 
 30.64500  0.78061  0.78053 
 30.74500  0.75764  0.75751 
 30.84500  0.73323  0.73305 
 30.94500  0.70750  0.70730 
 31.04500  0.68049  0.68036 
 31.14500  0.65239  0.65235 
 31.24500  0.62332  0.62345 
 31.34500  0.59360  0.59379 
 31.44500  0.56339  0.56356 
 31.54500  0.53292  0.53295 
 31.64500  0.50214  0.50214 
 31.74500  0.47130  0.47133 
 31.84500  0.44085  0.44068 
 31.94500  0.41064  0.41042 
 32.04500  0.38084  0.38074 
 32.14500  0.35176  0.35178 
 32.24500  0.32360  0.32373 
 32.34500  0.29654  0.29673 
 32.44500  0.27076  0.27096 
 32.54500  0.24634  0.24648 
 32.64500  0.22337  0.22346 
 32.74500  0.20192  0.20193 
 32.84500  0.18202  0.18201 
 32.94500  0.16377  0.16377 
 33.04500  0.14724  0.14724 
 33.14500  0.13243  0.13246 
 33.24500  0.11937  0.11944 
 33.34500  0.10814  0.10820 
 33.44500  0.09868  0.09876 
 33.54500  0.09103  0.09113 
 33.64500  0.08518  0.08529 
 33.74500  0.08116  0.08124 
 33.84500  0.07893  0.07902 
 33.94500  0.07850  0.07857 
 34.04500  0.07984  0.07991 
 34.14500  0.08300  0.08307 
 34.24500  0.08797  0.08804 
 34.34500  0.09471  0.09478 
 34.44500  0.10326  0.10335 
 34.54500  0.11364  0.11371 
 34.64500  0.12580  0.12583 
 34.74500  0.13975  0.13976 
 34.84500  0.15545  0.15546 
 34.94500  0.17286  0.17287 
 35.04500  0.19196  0.19196 
 35.14500  0.21266  0.21271 
 35.24500  0.23490  0.23501 
 35.34500  0.25861  0.25878 
 35.44500  0.28375  0.28394 
 35.54500  0.31019  0.31037 
 35.64500  0.33783  0.33791 
 35.74500  0.36650  0.36645 
 35.84500  0.39594  0.39579 
 35.94500  0.42599  0.42579 
 36.04500  0.45636  0.45627 
 36.14500  0.48690  0.48701 
 36.24500  0.51793  0.51785 
 36.34500  0.54847  0.54858 
 36.44500  0.57882  0.57903 
 36.54500  0.60882  0.60897 
 36.64500  0.63824  0.63828 
 36.74500  0.66684  0.66674 
 36.84500  0.69440  0.69422 
 36.94500  0.72078  0.72056 
 37.04500  0.74583  0.74569 
 37.14500  0.76953  0.76942 
 37.24500  0.79176  0.79170 
 37.34500  0.81248  0.81246 
 37.44500  0.83165  0.83165 
 37.54500  0.84920  0.84918 
 37.64500  0.86508  0.86507 
 37.74500  0.87928  0.87925 
 37.84500  0.89182  0.89175 
 37.94500  0.90261  0.90255 
 38.04500  0.91173  0.91164 
 38.14500  0.91914  0.91905 
 38.24500  0.92489  0.92481 
 38.34500  0.92895  0.92887 
 38.44500  0.93135  0.93129 
 38.54500  0.93209  0.93204 
 38.64500  0.93118  0.93112 
 38.74500  0.92863  0.92855 
 38.84500  0.92440  0.92431 
 38.94500  0.91849  0.91843 
 39.04500  0.91091  0.91084 
 39.14500  0.90164  0.90156 
 39.24500  0.89066  0.89061 
 39.34500  0.87799  0.87794 
 39.44500  0.86362  0.86359 
 39.54500  0.84756  0.84756 
 39.64500  0.82985  0.82984 
 39.74500  0.81055  0.81054 
 39.84500  0.78966  0.78963 
 39.94500  0.76731  0.76720 
 40.04500  0.74351  0.74334 
 40.14500  0.71831  0.71812 
 40.24500  0.69185  0.69168 
 40.34500  0.66420  0.66412 
 40.44500  0.63557  0.63562 
 40.54500  0.60614  0.60630 
 40.64500  0.57615  0.57635 
 40.74500  0.54586  0.54597 
 40.84500  0.51544  0.51533 
 40.94500  0.48453  0.48463 
 41.04500  0.45419  0.45407 
 41.14500  0.42406  0.42389 
 41.24500  0.39436  0.39420 
 41.34500  0.36531  0.36528 
 41.44500  0.33716  0.33724 
 41.54500  0.31013  0.31031 
 41.64500  0.28443  0.28465 
 41.74500  0.26019  0.26036 
 41.84500  0.23750  0.23763 
 41.94500  0.21648  0.21652 
 42.04500  0.19719  0.19720 
 42.14500  0.17971  0.17972 
 42.24500  0.16415  0.16416 
 42.34500  0.15058  0.15059 
 42.44500  0.13903  0.13907 
 42.54500  0.12956  0.12963 
 42.64500  0.12224  0.12233 
 42.74500  0.11705  0.11716 
 42.84500  0.11405  0.11414 
 42.94500  0.11317  0.11328 
 43.04500  0.11450  0.11461 
 43.14500  0.11799  0.11808 
 43.24500  0.12363  0.12373 
 43.34500  0.13144  0.13152 
 43.44500  0.14135  0.14140 
 43.54500  0.15334  0.15337 
 43.64500  0.16737  0.16737 
 43.74500  0.18333  0.18333 
 43.84500  0.20120  0.20124 
 43.94500  0.22087  0.22095 
 44.04500  0.24227  0.24239 
 44.14500  0.26530  0.26548 
 44.24500  0.28986  0.29005 
 44.34500  0.31583  0.31599 
 44.44500  0.34308  0.34317 
 44.54500  0.37143  0.37135 
 44.64500  0.40061  0.40043 
 44.74500  0.43038  0.43020 
 44.84500  0.46050  0.46043 
 44.94500  0.49088  0.49095 
 45.04500  0.52160  0.52154 
 45.14500  0.55188  0.55200 
 45.24500  0.58194  0.58216 
 45.34500  0.61159  0.61175 
 45.44500  0.64063  0.64064 
 45.54500  0.66874  0.66862 
 45.64500  0.69575  0.69553 
 45.74500  0.72145  0.72123 
 45.84500  0.74572  0.74559 
 45.94500  0.76851  0.76842 
 46.04500  0.78969  0.78966 
 46.14500  0.80920  0.80921 
 46.24500  0.82696  0.82696 
 46.34500  0.84289  0.84288 
 46.44500  0.85694  0.85690 
 46.54500  0.86903  0.86899 
 46.64500  0.87916  0.87909 
 46.74500  0.88725  0.88718 
 46.84500  0.89334  0.89326 
 46.94500  0.89739  0.89729 
 47.04500  0.89939  0.89929 
 47.14500  0.89935  0.89924 
 47.24500  0.89724  0.89714 
 47.34500  0.89310  0.89301 
 47.44500  0.88692  0.88686 
 47.54500  0.87872  0.87866 
 47.64500  0.86851  0.86846 
 47.74500  0.85631  0.85629 
 47.84500  0.84218  0.84218 
 47.94500  0.82617  0.82617 
 48.04500  0.80831  0.80829 
 48.14500  0.78871  0.78868 
 48.24500  0.76744  0.76735 
 48.34500  0.74457  0.74443 
 48.44500  0.72019  0.72000 
 48.54500  0.69439  0.69419 
 48.64500  0.66730  0.66719 
 48.74500  0.63909  0.63912 
 48.84500  0.60998  0.61013 
 48.94500  0.58021  0.58040 
 49.04500  0.55001  0.55014 
 49.14500  0.51960  0.51952 
 49.24500  0.48866  0.48874 
 49.34500  0.45807  0.45800 
 49.44500  0.42768  0.42750 
 49.54500  0.39757  0.39740 
 49.64500  0.36798  0.36790 
 49.74500  0.33912  0.33919 
 49.84500  0.31121  0.31141 
 49.94500  0.28447  0.28466 
 50.04500  0.25895  0.25912 
 50.14500  0.23476  0.23491 
 50.24500  0.21197  0.21205 
 50.34500  0.19062  0.19064 
 50.44500  0.17077  0.17078 
 50.54500  0.15245  0.15243 
 50.64500  0.13568  0.13568 
 50.74500  0.12049  0.12052 
 50.84500  0.10689  0.10694 
 50.94500  0.09487  0.09493 
 51.04500  0.08441  0.08447 
 51.14500  0.07549  0.07555 
 51.24500  0.06808  0.06815 
 51.34500  0.06219  0.06224 
 51.44500  0.05773  0.05777 
 51.54500  0.05473  0.05477 
 51.64500  0.05317  0.05321 
 51.74500  0.05304  0.05308 
 51.84500  0.05433  0.05438 
 51.94500  0.05706  0.05712 
 52.04500  0.06122  0.06130 
 52.14500  0.06686  0.06693 
 52.24500  0.07399  0.07406 
 52.34500  0.08263  0.08269 
 52.44500  0.09281  0.09287 
 52.54500  0.10452  0.10458 
 52.64500  0.11784  0.11786 
 52.74500  0.13271  0.13274 
 52.84500  0.14919  0.14921 
 52.94500  0.16723  0.16724 
 53.04500  0.18682  0.18682 
 53.14500  0.20790  0.20795 
 53.24500  0.23042  0.23052 
 53.34500  0.25436  0.25452 
 53.44500  0.27964  0.27983 
 53.54500  0.30617  0.30637 
 53.64500  0.33389  0.33397 
 53.74500  0.36259  0.36257 
 53.84500  0.39210  0.39195 
 53.94500  0.42216  0.42197 
 54.04500  0.45255  0.45245 
 54.14500  0.48309  0.48320 
 54.24500  0.51417  0.51405 
 54.34500  0.54470  0.54480 
 54.44500  0.57506  0.57525 
 54.54500  0.60504  0.60521 
 54.64500  0.63447  0.63452 
 54.74500  0.66306  0.66298 
 54.84500  0.69061  0.69043 
 54.94500  0.71695  0.71673 
 55.04500  0.74196  0.74179 
 55.14500  0.76552  0.76541 
 55.24500  0.78762  0.78757 
 55.34500  0.80812  0.80812 
 55.44500  0.82697  0.82699 
 55.54500  0.84417  0.84416 
 55.64500  0.85959  0.85957 
 55.74500  0.87323  0.87318 
 55.84500  0.88504  0.88499 
 55.94500  0.89502  0.89495 
 56.04500  0.90316  0.90307 
 56.14500  0.90943  0.90933 
 56.24500  0.91385  0.91377 
 56.34500  0.91641  0.91633 
 56.44500  0.91713  0.91703 
 56.54500  0.91601  0.91593 
 56.64500  0.91302  0.91294 
 56.74500  0.90816  0.90811 
 56.84500  0.90148  0.90140 
 56.94500  0.89293  0.89286 
 57.04500  0.88253  0.88248 
 57.14500  0.87031  0.87029 
 57.24500  0.85626  0.85626 
 57.34500  0.84045  0.84046 
 57.44500  0.82289  0.82289 
 57.54500  0.80364  0.80364 
 57.64500  0.78276  0.78272 
 57.74500  0.76035  0.76023 
 57.84500  0.73645  0.73627 
 57.94500  0.71112  0.71093 
 58.04500  0.68450  0.68433 
 58.14500  0.65670  0.65664 
 58.24500  0.62787  0.62797 
 58.34500  0.59832  0.59848 
 58.44500  0.56821  0.56840 
 58.54500  0.53780  0.53786 
 58.64500  0.50710  0.50706 
 58.74500  0.47614  0.47619 
 58.84500  0.44559  0.44545 
 58.94500  0.41522  0.41504 
 59.04500  0.38523  0.38509 
 59.14500  0.35582  0.35581 
 59.24500  0.32725  0.32736 
 59.34500  0.29968  0.29988 
 59.44500  0.27329  0.27347 
 59.54500  0.24814  0.24828 
 59.64500  0.22431  0.22440 
 59.74500  0.20181  0.20185 
 59.84500  0.18072  0.18072 
 59.94500  0.16106  0.16104 
 60.04500  0.14281  0.14282 
 60.14500  0.12601  0.12604 
 60.24500  0.11065  0.11068 
 60.34500  0.09667  0.09672 
 60.44500  0.08402  0.08410 
 60.54500  0.07269  0.07274 
 60.64500  0.06254  0.06261 
 60.74500  0.05355  0.05361 
 60.84500  0.04561  0.04568 
 60.94500  0.03865  0.03870 
 61.04500  0.03260  0.03263 
 61.14500  0.02732  0.02737 
 61.24500  0.02279  0.02284 
 61.34500  0.01890  0.01894 
 61.44500  0.01560  0.01565 
 61.54500  0.01279  0.01282 
 61.64500  0.01044  0.01046 
 61.74500  0.00846  0.00850 
 61.84500  0.00683  0.00687 
 61.94500  0.00549  0.00551 
 62.04500  0.00438  0.00441 
 62.14500  0.00348  0.00350 
 62.24500  0.00274  0.00277 
 62.34500  0.00214  0.00216 
 62.44500  0.00169  0.00170 
 62.54500  0.00130  0.00132 
 62.64500  0.00101  0.00102 
 62.74500  0.00080  0.00079 
 62.84500  0.00059  0.00061 
 62.94500  0.00045  0.00046 
 63.04500  0.00036  0.00036 
 63.14500  0.00026  0.00030 
 63.24500  0.00020  0.00020 
 63.34500  0.00016  0.00020 
 63.44500  0.00017  0.00020 
