  0.04500  1.00003  1.00000 
  0.14500  1.00003  1.00000 
  0.24500  1.00003  1.00000 
  0.34500  1.00003  1.00000 
  0.44500  1.00003  1.00000 
  0.54500  1.00003  1.00000 
  0.64500  1.00003  1.00000 
  0.74500  1.00003  1.00000 
  0.84500  1.00004  1.00000 
  0.94500  1.00004  1.00000 
  1.04500  1.00004  1.00000 
  1.14500  1.00003  1.00000 
  1.24500  1.00003  1.00000 
  1.34500  1.00003  1.00000 
  1.44500  1.00003  1.00000 
  1.54500  1.00004  1.00000 
  1.64500  1.00004  1.00000 
  1.74500  1.00003  1.00000 
  1.84500  1.00004  1.00000 
  1.94500  1.00003  1.00000 
  2.04500  1.00003  1.00000 
  2.14500  1.00003  1.00000 
  2.24500  1.00003  1.00000 
  2.34500  1.00003  1.00000 
  2.44500  1.00003  1.00000 
  2.54500  1.00003  1.00000 
  2.64500  1.00003  1.00000 
  2.74500  1.00004  1.00000 
  2.84500  1.00003  1.00000 
  2.94500  1.00004  1.00000 
  3.04500  1.00004  1.00000 
  3.14500  1.00003  1.00000 
  3.24500  1.00003  1.00000 
  3.34500  0.99999  0.99991 
  3.44500  0.99989  0.99982 
  3.54500  0.99964  0.99958 
  3.64500  0.99914  0.99911 
  3.74500  0.99813  0.99815 
  3.84500  0.99629  0.99635 
  3.94500  0.99301  0.99309 
  4.04500  0.98746  0.98748 
  4.14500  0.97839  0.97833 
  4.24500  0.96425  0.96403 
  4.34500  0.94312  0.94283 
  4.44500  0.91304  0.91284 
  4.54500  0.87235  0.87242 
  4.64500  0.82013  0.82052 
  4.74500  0.75658  0.75703 
  4.84500  0.68312  0.68305 
  4.94500  0.60227  0.60089 
  5.04500  0.51482  0.51399 
  5.14500  0.42454  0.42643 
  5.24500  0.34199  0.34236 
  5.34500  0.26587  0.26546 
  5.44500  0.19896  0.19846 
  5.54500  0.14304  0.14281 
  5.64500  0.09874  0.09882 
  5.74500  0.06542  0.06567 
  5.84500  0.04166  0.04188 
  5.94500  0.02550  0.02559 
  6.04500  0.01502  0.01499 
  6.14500  0.00850  0.00839 
  6.24500  0.00460  0.00450 
  6.34500  0.00237  0.00232 
  6.44500  0.00115  0.00113 
  6.54500  0.00051  0.00053 
  6.64500  0.00020  0.00024 
  6.74500  0.00006  0.00010 
  6.84500  0.00002  0.00003 
  6.94500  0.00001  0.00000 
  7.04500  0.00002  0.00000 
  7.14500  0.00003  0.00000 
  7.24500  0.00001  0.00000 
  7.34500  0.00001  0.00001 
  7.44500  0.00006  0.00010 
  7.54500  0.00018  0.00022 
  7.64500  0.00045  0.00048 
  7.74500  0.00103  0.00102 
  7.84500  0.00216  0.00208 
  7.94500  0.00419  0.00411 
  8.04500  0.00781  0.00768 
  8.14500  0.01388  0.01381 
  8.24500  0.02369  0.02373 
  8.34500  0.03890  0.03910 
  8.44500  0.06146  0.06170 
  8.54500  0.09327  0.09340 
  8.64500  0.13593  0.13576 
  8.74500  0.19017  0.18969 
  8.84500  0.25558  0.25513 
  8.94500  0.33051  0.33073 
  9.04500  0.41235  0.41398 
  9.14500  0.50139  0.50130 
  9.24500  0.59015  0.58855 
  9.34500  0.67183  0.67160 
  9.44500  0.74652  0.74695 
  9.54500  0.81162  0.81204 
  9.64500  0.86552  0.86564 
  9.74500  0.90784  0.90768 
  9.84500  0.93937  0.93908 
  9.94500  0.96168  0.96144 
 10.04500  0.97671  0.97662 
 10.14500  0.98639  0.98641 
 10.24500  0.99237  0.99244 
 10.34500  0.99591  0.99597 
 10.44500  0.99792  0.99795 
 10.54500  0.99904  0.99899 
 10.64500  0.99959  0.99954 
 10.74500  0.99987  0.99980 
 10.84500  0.99998  0.99990 
 10.94500  1.00003  0.99999 
 11.04500  1.00003  1.00000 
 11.14500  1.00003  1.00000 
 11.24500  1.00004  1.00000 
 11.34500  1.00003  1.00000 
 11.44500  1.00005  1.00000 
 11.54500  1.00003  1.00000 
 11.64500  1.00003  1.00000 
 11.74500  1.00004  1.00000 
 11.84500  1.00004  1.00000 
 11.94500  1.00004  1.00000 
 12.04500  1.00004  1.00000 
 12.14500  1.00002  1.00000 
 12.24500  1.00003  1.00000 
 12.34500  1.00001  0.99993 
 12.44500  0.99992  0.99985 
 12.54500  0.99973  0.99966 
 12.64500  0.99929  0.99924 
 12.74500  0.99843  0.99843 
 12.84500  0.99682  0.99687 
 12.94500  0.99395  0.99402 
 13.04500  0.98903  0.98906 
 13.14500  0.98092  0.98088 
 13.24500  0.96813  0.96796 
 13.34500  0.94883  0.94854 
 13.44500  0.92104  0.92079 
 13.54500  0.88295  0.88296 
 13.64500  0.83349  0.83379 
 13.74500  0.77250  0.77300 
 13.84500  0.70118  0.70130 
 13.94500  0.62181  0.62081 
 14.04500  0.53669  0.53469 
 14.14500  0.44461  0.44689 
 14.24500  0.36097  0.36163 
 14.34500  0.28305  0.28277 
 14.44500  0.21377  0.21325 
 14.54500  0.15517  0.15486 
 14.64500  0.10814  0.10818 
 14.74500  0.07234  0.07258 
 14.84500  0.04650  0.04673 
 14.94500  0.02874  0.02884 
 15.04500  0.01708  0.01705 
 15.14500  0.00975  0.00966 
 15.24500  0.00534  0.00523 
 15.34500  0.00279  0.00273 
 15.44500  0.00137  0.00135 
 15.54500  0.00062  0.00064 
 15.64500  0.00026  0.00028 
 15.74500  0.00009  0.00013 
 15.84500  0.00003  0.00005 
 15.94500  0.00000  0.00000 
 16.04500  0.00003  0.00000 
 16.14500  0.00003  0.00000 
 16.24500  0.00001  0.00000 
 16.34500  0.00002  0.00000 
 16.44500  0.00004  0.00009 
 16.54500  0.00014  0.00016 
 16.64500  0.00036  0.00039 
 16.74500  0.00085  0.00085 
 16.84500  0.00183  0.00179 
 16.94500  0.00360  0.00351 
 17.04500  0.00676  0.00666 
 17.14500  0.01217  0.01209 
 17.24500  0.02097  0.02099 
 17.34500  0.03473  0.03492 
 17.44500  0.05537  0.05562 
 17.54500  0.08484  0.08501 
 17.64500  0.12484  0.12477 
 17.74500  0.17635  0.17593 
 17.84500  0.23924  0.23872 
 17.94500  0.31214  0.31214 
 18.04500  0.39264  0.39388 
 18.14500  0.47946  0.48058 
 18.24500  0.57025  0.56823 
 18.34500  0.65310  0.65262 
 18.44500  0.72970  0.73005 
 18.54500  0.79725  0.79773 
 18.64500  0.85387  0.85409 
 18.74500  0.89891  0.89879 
 18.84500  0.93285  0.93257 
 18.94500  0.95714  0.95689 
 19.04500  0.97370  0.97359 
 19.14500  0.98449  0.98449 
 19.24500  0.99121  0.99128 
 19.34500  0.99524  0.99531 
 19.44500  0.99756  0.99759 
 19.54500  0.99882  0.99882 
 19.64500  0.99949  0.99944 
 19.74500  0.99981  0.99974 
 19.84500  0.99996  0.99989 
 19.94500  1.00001  0.99997 
 20.04500  1.00003  1.00000 
 20.14500  1.00003  1.00000 
 20.24500  1.00003  1.00000 
 20.34500  1.00004  1.00000 
 20.44500  1.00003  1.00000 
 20.54500  1.00003  1.00000 
 20.64500  1.00003  1.00000 
 20.74500  1.00002  1.00000 
 20.84500  1.00001  0.99998 
 20.94500  0.99997  0.99990 
 21.04500  0.99985  0.99978 
 21.14500  0.99956  0.99951 
 21.24500  0.99895  0.99892 
 21.34500  0.99779  0.99781 
 21.44500  0.99566  0.99572 
 21.54500  0.99193  0.99200 
 21.64500  0.98564  0.98566 
 21.74500  0.97554  0.97544 
 21.84500  0.95991  0.95966 
 21.94500  0.93682  0.93653 
 22.04500  0.90433  0.90419 
 22.14500  0.86092  0.86109 
 22.24500  0.80594  0.80639 
 22.34500  0.73985  0.74025 
 22.44500  0.66438  0.66406 
 22.54500  0.58220  0.58043 
 22.64500  0.49263  0.49300 
 22.74500  0.40441  0.40589 
 22.84500  0.32309  0.32323 
 22.94500  0.24898  0.24851 
 23.04500  0.18456  0.18411 
 23.14500  0.13141  0.13128 
 23.24500  0.08982  0.08997 
 23.34500  0.05894  0.05918 
 23.44500  0.03719  0.03737 
 23.54500  0.02255  0.02260 
 23.64500  0.01316  0.01311 
 23.74500  0.00739  0.00727 
 23.84500  0.00394  0.00386 
 23.94500  0.00201  0.00196 
 24.04500  0.00096  0.00095 
 24.14500  0.00041  0.00044 
 24.24500  0.00016  0.00020 
 24.34500  0.00004  0.00010 
 24.44500  0.00001  0.00000 
 24.54500  0.00001  0.00000 
 24.64500  0.00000  0.00000 
 24.74500  0.00002  0.00000 
 24.84500  0.00002  0.00000 
 24.94500 -0.00000  0.00000 
 25.04500  0.00001  0.00000 
 25.14500  0.00002  0.00001 
 25.24500  0.00006  0.00010 
 25.34500  0.00016  0.00020 
 25.44500  0.00044  0.00046 
 25.54500  0.00100  0.00101 
 25.64500  0.00212  0.00205 
 25.74500  0.00413  0.00403 
 25.84500  0.00768  0.00757 
 25.94500  0.01366  0.01362 
 26.04500  0.02336  0.02342 
 26.14500  0.03842  0.03858 
 26.24500  0.06071  0.06099 
 26.34500  0.09228  0.09242 
 26.44500  0.13463  0.13448 
 26.54500  0.18857  0.18811 
 26.64500  0.25370  0.25324 
 26.74500  0.32840  0.32861 
 26.84500  0.41008  0.41167 
 26.94500  0.49888  0.49893 
 27.04500  0.58789  0.58626 
 27.14500  0.66973  0.66947 
 27.24500  0.74464  0.74506 
 27.34500  0.81003  0.81045 
 27.44500  0.86423  0.86435 
 27.54500  0.90686  0.90670 
 27.64500  0.93865  0.93839 
 27.74500  0.96118  0.96096 
 27.84500  0.97639  0.97629 
 27.94500  0.98618  0.98621 
 28.04500  0.99224  0.99232 
 28.14500  0.99584  0.99590 
 28.24500  0.99789  0.99792 
 28.34500  0.99900  0.99898 
 28.44500  0.99959  0.99953 
 28.54500  0.99986  0.99978 
 28.64500  0.99998  0.99990 
 28.74500  1.00002  0.99999 
 28.84500  1.00002  1.00000 
 28.94500  1.00003  1.00000 
 29.04500  1.00003  1.00000 
 29.14500  1.00002  1.00000 
 29.24500  1.00004  1.00000 
 29.34500  1.00004  1.00000 
 29.44500  1.00002  1.00000 
 29.54500  1.00004  1.00000 
 29.64500  1.00004  1.00000 
 29.74500  1.00003  1.00000 
 29.84500  1.00003  1.00000 
 29.94500  0.99999  0.99990 
 30.04500  0.99986  0.99980 
 30.14500  0.99961  0.99955 
 30.24500  0.99906  0.99904 
 30.34500  0.99800  0.99803 
 30.44500  0.99606  0.99612 
 30.54500  0.99260  0.99267 
 30.64500  0.98678  0.98679 
 30.74500  0.97732  0.97725 
 30.84500  0.96261  0.96240 
 30.94500  0.94074  0.94045 
 31.04500  0.90974  0.90956 
 31.14500  0.86800  0.86810 
 31.24500  0.81470  0.81511 
 31.34500  0.75014  0.75060 
 31.44500  0.67589  0.67576 
 31.54500  0.59452  0.59300 
 31.64500  0.50616  0.50585 
 31.74500  0.41671  0.41845 
 31.84500  0.33461  0.33489 
 31.94500  0.25925  0.25881 
 32.04500  0.19329  0.19281 
 32.14500  0.13846  0.13827 
 32.24500  0.09520  0.09533 
 32.34500  0.06285  0.06309 
 32.44500  0.03987  0.04008 
 32.54500  0.02433  0.02438 
 32.64500  0.01428  0.01423 
 32.74500  0.00804  0.00795 
 32.84500  0.00433  0.00423 
 32.94500  0.00222  0.00217 
 33.04500  0.00107  0.00105 
 33.14500  0.00046  0.00049 
 33.24500  0.00019  0.00022 
 33.34500  0.00005  0.00010 
 33.44500  0.00001  0.00002 
 33.54500  0.00001  0.00000 
 33.64500 -0.00000  0.00000 
 33.74500 -0.00000  0.00000 
 33.84500  0.00000  0.00000 
 33.94500  0.00000  0.00000 
 34.04500 -0.00001  0.00000 
 34.14500  0.00000  0.00000 
 34.24500  0.00000  0.00000 
 34.34500  0.00001  0.00000 
 34.44500  0.00003  0.00007 
 34.54500  0.00011  0.00014 
 34.64500  0.00029  0.00033 
 34.74500  0.00071  0.00072 
 34.84500  0.00157  0.00156 
 34.94500  0.00316  0.00306 
 35.04500  0.00598  0.00587 
 35.14500  0.01083  0.01075 
 35.24500  0.01883  0.01883 
 35.34500  0.03145  0.03157 
 35.44500  0.05054  0.05077 
 35.54500  0.07804  0.07826 
 35.64500  0.11580  0.11579 
 35.74500  0.16495  0.16459 
 35.84500  0.22560  0.22507 
 35.94500  0.29662  0.29646 
 36.04500  0.37581  0.37673 
 36.14500  0.46060  0.46276 
 36.24500  0.55293  0.55054 
 36.34500  0.63668  0.63593 
 36.44500  0.71480  0.71506 
 36.54500  0.78437  0.78487 
 36.64500  0.84331  0.84359 
 36.74500  0.89069  0.89064 
 36.84500  0.92679  0.92654 
 36.94500  0.95292  0.95264 
 37.04500  0.97089  0.97071 
 37.14500  0.98268  0.98267 
 37.24500  0.99011  0.99017 
 37.34500  0.99458  0.99465 
 37.44500  0.99718  0.99724 
 37.54500  0.99863  0.99863 
 37.64500  0.99939  0.99935 
 37.74500  0.99976  0.99970 
 37.84500  0.99995  0.99987 
 37.94500  1.00001  0.99995 
 38.04500  1.00002  1.00000 
 38.14500  1.00003  1.00000 
 38.24500  1.00003  1.00000 
 38.34500  1.00003  1.00000 
 38.44500  1.00003  1.00000 
 38.54500  1.00003  1.00000 
 38.64500  1.00003  1.00000 
 38.74500  1.00004  1.00000 
 38.84500  1.00003  1.00000 
 38.94500  1.00003  1.00000 
 39.04500  1.00002  1.00000 
 39.14500  1.00001  0.99994 
 39.24500  0.99993  0.99986 
 39.34500  0.99974  0.99968 
 39.44500  0.99934  0.99929 
 39.54500  0.99851  0.99853 
 39.64500  0.99700  0.99705 
 39.74500  0.99425  0.99432 
 39.84500  0.98952  0.98958 
 39.94500  0.98175  0.98172 
 40.04500  0.96943  0.96926 
 40.14500  0.95073  0.95046 
 40.24500  0.92372  0.92348 
 40.34500  0.88655  0.88653 
 40.44500  0.83806  0.83835 
 40.54500  0.77802  0.77850 
 40.64500  0.70750  0.70767 
 40.74500  0.62870  0.62782 
 40.84500  0.54441  0.54200 
 40.94500  0.45174  0.45421 
 41.04500  0.36778  0.36858 
 41.14500  0.28927  0.28903 
 41.24500  0.21918  0.21867 
 41.34500  0.15963  0.15931 
 41.44500  0.11163  0.11165 
 41.54500  0.07494  0.07516 
 41.64500  0.04832  0.04855 
 41.74500  0.02995  0.03010 
 41.84500  0.01787  0.01787 
 41.94500  0.01023  0.01014 
 42.04500  0.00562  0.00552 
 42.14500  0.00295  0.00287 
 42.24500  0.00146  0.00145 
 42.34500  0.00065  0.00067 
 42.44500  0.00027  0.00030 
 42.54500  0.00010  0.00013 
 42.64500  0.00003  0.00006 
 42.74500  0.00001  0.00000 
 42.84500  0.00001  0.00000 
 42.94500  0.00003  0.00000 
 43.04500  0.00001  0.00000 
 43.14500  0.00001  0.00000 
 43.24500  0.00004  0.00008 
 43.34500  0.00013  0.00016 
 43.44500  0.00034  0.00036 
 43.54500  0.00079  0.00080 
 43.64500  0.00171  0.00168 
 43.74500  0.00340  0.00334 
 43.84500  0.00643  0.00631 
 43.94500  0.01160  0.01151 
 44.04500  0.02005  0.02006 
 44.14500  0.03334  0.03350 
 44.24500  0.05333  0.05357 
 44.34500  0.08199  0.08218 
 44.44500  0.12107  0.12101 
 44.54500  0.17160  0.17120 
 44.64500  0.23357  0.23305 
 44.74500  0.30570  0.30564 
 44.84500  0.38566  0.38678 
 44.94500  0.47174  0.47323 
 45.04500  0.56312  0.56095 
 45.14500  0.64637  0.64578 
 45.24500  0.72362  0.72392 
 45.34500  0.79200  0.79250 
 45.44500  0.84959  0.84984 
 45.54500  0.89557  0.89547 
 45.64500  0.93041  0.93013 
 45.74500  0.95544  0.95518 
 45.84500  0.97256  0.97244 
 45.94500  0.98376  0.98377 
 46.04500  0.99079  0.99083 
 46.14500  0.99499  0.99506 
 46.24500  0.99740  0.99744 
 46.34500  0.99875  0.99873 
 46.44500  0.99946  0.99940 
 46.54500  0.99980  0.99973 
 46.64500  0.99995  0.99988 
 46.74500  1.00001  0.99996 
 46.84500  1.00002  1.00000 
 46.94500  1.00003  1.00000 
 47.04500  1.00004  1.00000 
 47.14500  1.00004  1.00000 
 47.24500  1.00002  1.00000 
 47.34500  1.00003  1.00000 
 47.44500  1.00001  0.99995 
 47.54500  0.99995  0.99988 
 47.64500  0.99978  0.99972 
 47.74500  0.99943  0.99938 
 47.84500  0.99871  0.99871 
 47.94500  0.99732  0.99736 
 48.04500  0.99484  0.99489 
 48.14500  0.99052  0.99058 
 48.24500  0.98334  0.98335 
 48.34500  0.97193  0.97177 
 48.44500  0.95447  0.95422 
 48.54500  0.92901  0.92874 
 48.64500  0.89368  0.89360 
 48.74500  0.84717  0.84742 
 48.84500  0.78907  0.78953 
 48.94500  0.72021  0.72047 
 49.04500  0.64261  0.64196 
 49.14500  0.55918  0.55691 
 49.24500  0.46739  0.46914 
 49.34500  0.38183  0.38286 
 49.44500  0.30217  0.30203 
 49.54500  0.23044  0.22991 
 49.64500  0.16898  0.16861 
 49.74500  0.11901  0.11895 
 49.84500  0.08043  0.08065 
 49.94500  0.05222  0.05248 
 50.04500  0.03260  0.03275 
 50.14500  0.01956  0.01958 
 50.24500  0.01130  0.01121 
 50.34500  0.00626  0.00617 
 50.44500  0.00331  0.00323 
 50.54500  0.00166  0.00160 
 50.64500  0.00077  0.00077 
 50.74500  0.00032  0.00036 
 50.84500  0.00012  0.00015 
 50.94500  0.00004  0.00008 
 51.04500  0.00000  0.00000 
 51.14500  0.00001  0.00000 
 51.24500 -0.00000  0.00000 
 51.34500 -0.00001  0.00000 
 51.44500  0.00000  0.00000 
 51.54500 -0.00001  0.00000 
 51.64500  0.00000  0.00000 
 51.74500  0.00001  0.00000 
 51.84500 -0.00000  0.00000 
 51.94500 -0.00001  0.00000 
 52.04500 -0.00000  0.00000 
 52.14500  0.00000  0.00000 
 52.24500 -0.00000  0.00000 
 52.34500 -0.00000  0.00000 
 52.44500  0.00002  0.00006 
 52.54500  0.00009  0.00013 
 52.64500  0.00027  0.00030 
 52.74500  0.00066  0.00067 
 52.84500  0.00144  0.00141 
 52.94500  0.00292  0.00285 
 53.04500  0.00557  0.00546 
 53.14500  0.01015  0.01006 
 53.24500  0.01772  0.01770 
 53.34500  0.02972  0.02985 
 53.44500  0.04796  0.04821 
 53.54500  0.07443  0.07465 
 53.64500  0.11097  0.11097 
 53.74500  0.15876  0.15846 
 53.84500  0.21815  0.21761 
 53.94500  0.28807  0.28785 
 54.04500  0.36648  0.36725 
 54.14500  0.45036  0.45281 
 54.24500  0.54294  0.54060 
 54.34500  0.62738  0.62646 
 54.44500  0.70629  0.70646 
 54.54500  0.77697  0.77746 
 54.64500  0.83718  0.83751 
 54.74500  0.88588  0.88584 
 54.84500  0.92322  0.92296 
 54.94500  0.95037  0.95012 
 55.04500  0.96917  0.96901 
 55.14500  0.98160  0.98155 
 55.24500  0.98944  0.98949 
 55.34500  0.99419  0.99428 
 55.44500  0.99696  0.99700 
 55.54500  0.99849  0.99851 
 55.64500  0.99934  0.99929 
 55.74500  0.99973  0.99967 
 55.84500  0.99993  0.99986 
 55.94500  1.00000  0.99994 
 56.04500  1.00002  1.00000 
 56.14500  1.00002  1.00000 
 56.24500  1.00003  1.00000 
 56.34500  1.00003  1.00000 
 56.44500  1.00003  1.00000 
 56.54500  1.00003  1.00000 
 56.64500  1.00003  1.00000 
 56.74500  1.00002  1.00000 
 56.84500  1.00003  1.00000 
 56.94500  0.99999  0.99991 
 57.04500  0.99990  0.99984 
 57.14500  0.99967  0.99961 
 57.24500  0.99919  0.99915 
 57.34500  0.99823  0.99825 
 57.44500  0.99647  0.99653 
 57.54500  0.99333  0.99340 
 57.64500  0.98798  0.98804 
 57.74500  0.97925  0.97918 
 57.84500  0.96557  0.96538 
 57.94500  0.94505  0.94478 
 58.04500  0.91577  0.91555 
 58.14500  0.87592  0.87598 
 58.24500  0.82460  0.82500 
 58.34500  0.76192  0.76237 
 58.44500  0.68916  0.68915 
 58.54500  0.60877  0.60753 
 58.64500  0.52209  0.52087 
 58.74500  0.43116  0.43319 
 58.84500  0.34823  0.34871 
 58.94500  0.27151  0.27113 
 59.04500  0.20379  0.20328 
 59.14500  0.14700  0.14674 
 59.24500  0.10179  0.10186 
 59.34500  0.06765  0.06791 
 59.44500  0.04322  0.04343 
 59.54500  0.02654  0.02664 
 59.64500  0.01567  0.01565 
 59.74500  0.00891  0.00880 
 59.84500  0.00484  0.00473 
 59.94500  0.00251  0.00244 
 60.04500  0.00123  0.00119 
 60.14500  0.00055  0.00057 
 60.24500  0.00022  0.00026 
 60.34500  0.00007  0.00011 
 60.44500  0.00002  0.00003 
 60.54500  0.00000  0.00000 
 60.64500 -0.00000  0.00000 
 60.74500  0.00000  0.00000 
 60.84500  0.00000  0.00000 
 60.94500 -0.00001  0.00000 
 61.04500  0.00000  0.00000 
 61.14500  0.00000  0.00000 
 61.24500  0.00000  0.00000 
 61.34500  0.00001  0.00000 
 61.44500  0.00000  0.00000 
 61.54500 -0.00000  0.00000 
 61.64500 -0.00000  0.00000 
 61.74500  0.00000  0.00000 
 61.84500 -0.00000  0.00000 
 61.94500 -0.00000  0.00000 
 62.04500 -0.00000  0.00000 
 62.14500 -0.00000  0.00000 
 62.24500  0.00000  0.00000 
 62.34500  0.00001  0.00000 
 62.44500  0.00000  0.00000 
 62.54500  0.00000  0.00000 
 62.64500  0.00000  0.00000 
 62.74500 -0.00000  0.00000 
 62.84500 -0.00000  0.00000 
 62.94500  0.00000  0.00000 
 63.04500  0.00000  0.00000 
 63.14500  0.00000  0.00000 
 63.24500  0.00000  0.00000 
 63.34500  0.00000  0.00000 
 63.44500  0.00000  0.00000 
