  0.04500  1.00000  1.00000 
  0.14500  1.00000  1.00000 
  0.24500  0.99999  1.00000 
  0.34500  1.00000  1.00000 
  0.44500  1.00000  1.00000 
  0.54500  0.99999  1.00000 
  0.64500  1.00000  1.00000 
  0.74500  1.00000  1.00000 
  0.84500  1.00000  1.00000 
  0.94500  1.00000  1.00000 
  1.04500  1.00000  1.00000 
  1.14500  1.00001  1.00000 
  1.24500  1.00001  1.00000 
  1.34500  0.99999  1.00000 
  1.44500  0.99999  1.00000 
  1.54500  0.99998  1.00000 
  1.64500  0.99996  1.00000 
  1.74500  0.99995  0.99993 
  1.84500  0.99992  0.99990 
  1.94500  0.99985  0.99986 
  2.04500  0.99978  0.99978 
  2.14500  0.99967  0.99966 
  2.24500  0.99948  0.99949 
  2.34500  0.99921  0.99922 
  2.44500  0.99882  0.99884 
  2.54500  0.99831  0.99832 
  2.64500  0.99756  0.99754 
  2.74500  0.99652  0.99650 
  2.84500  0.99511  0.99509 
  2.94500  0.99319  0.99315 
  3.04500  0.99065  0.99059 
  3.14500  0.98726  0.98721 
  3.24500  0.98291  0.98282 
  3.34500  0.97729  0.97723 
  3.44500  0.97020  0.97014 
  3.54500  0.96135  0.96132 
  3.64500  0.95048  0.95050 
  3.74500  0.93733  0.93739 
  3.84500  0.92165  0.92172 
  3.94500  0.90320  0.90325 
  4.04500  0.88180  0.88173 
  4.14500  0.85730  0.85706 
  4.24500  0.82951  0.82911 
  4.34500  0.79836  0.79789 
  4.44500  0.76387  0.76351 
  4.54500  0.72621  0.72612 
  4.64500  0.68572  0.68602 
  4.74500  0.64303  0.64360 
  4.84500  0.59881  0.59932 
  4.94500  0.55375  0.55371 
  5.04500  0.50758  0.50740 
  5.14500  0.46068  0.46097 
  5.24500  0.41545  0.41508 
  5.34500  0.37092  0.37034 
  5.44500  0.32769  0.32727 
  5.54500  0.28642  0.28640 
  5.64500  0.24781  0.24811 
  5.74500  0.21229  0.21275 
  5.84500  0.18010  0.18052 
  5.94500  0.15129  0.15159 
  6.04500  0.12580  0.12592 
  6.14500  0.10352  0.10351 
  6.24500  0.08429  0.08421 
  6.34500  0.06794  0.06786 
  6.44500  0.05427  0.05423 
  6.54500  0.04311  0.04311 
  6.64500  0.03421  0.03427 
  6.74500  0.02739  0.02746 
  6.84500  0.02243  0.02254 
  6.94500  0.01920  0.01930 
  7.04500  0.01753  0.01763 
  7.14500  0.01742  0.01752 
  7.24500  0.01886  0.01895 
  7.34500  0.02185  0.02195 
  7.44500  0.02656  0.02663 
  7.54500  0.03310  0.03317 
  7.64500  0.04170  0.04171 
  7.74500  0.05252  0.05248 
  7.84500  0.06580  0.06573 
  7.94500  0.08175  0.08168 
  8.04500  0.10054  0.10053 
  8.14500  0.12239  0.12249 
  8.24500  0.14740  0.14765 
  8.34500  0.17572  0.17615 
  8.44500  0.20743  0.20789 
  8.54500  0.24247  0.24282 
  8.64500  0.28066  0.28068 
  8.74500  0.32158  0.32120 
  8.84500  0.36459  0.36398 
  8.94500  0.40896  0.40853 
  9.04500  0.45412  0.45430 
  9.14500  0.50070  0.50070 
  9.24500  0.54721  0.54705 
  9.34500  0.59235  0.59279 
  9.44500  0.63670  0.63731 
  9.54500  0.67966  0.68001 
  9.64500  0.72051  0.72049 
  9.74500  0.75863  0.75828 
  9.84500  0.79361  0.79312 
  9.94500  0.82521  0.82480 
 10.04500  0.85347  0.85322 
 10.14500  0.87845  0.87837 
 10.24500  0.90029  0.90031 
 10.34500  0.91915  0.91923 
 10.44500  0.93522  0.93528 
 10.54500  0.94870  0.94873 
 10.64500  0.95987  0.95985 
 10.74500  0.96899  0.96893 
 10.84500  0.97628  0.97619 
 10.94500  0.98203  0.98197 
 11.04500  0.98650  0.98645 
 11.14500  0.98989  0.98984 
 11.24500  0.99239  0.99237 
 11.34500  0.99416  0.99412 
 11.44500  0.99528  0.99529 
 11.54500  0.99588  0.99589 
 11.64500  0.99597  0.99597 
 11.74500  0.99558  0.99556 
 11.84500  0.99465  0.99465 
 11.94500  0.99314  0.99311 
 12.04500  0.99094  0.99091 
 12.14500  0.98792  0.98786 
 12.24500  0.98388  0.98381 
 12.34500  0.97865  0.97856 
 12.44500  0.97196  0.97188 
 12.54500  0.96357  0.96352 
 12.64500  0.95322  0.95323 
 12.74500  0.94064  0.94068 
 12.84500  0.92558  0.92566 
 12.94500  0.90780  0.90785 
 13.04500  0.88713  0.88706 
 13.14500  0.86335  0.86317 
 13.24500  0.83637  0.83599 
 13.34500  0.80601  0.80556 
 13.44500  0.77230  0.77190 
 13.54500  0.73535  0.73519 
 13.64500  0.69547  0.69568 
 13.74500  0.65324  0.65377 
 13.84500  0.60931  0.60988 
 13.94500  0.56443  0.56455 
 14.04500  0.51881  0.51834 
 14.14500  0.47139  0.47189 
 14.24500  0.42607  0.42580 
 14.34500  0.38132  0.38074 
 14.44500  0.33771  0.33723 
 14.54500  0.29592  0.29580 
 14.64500  0.25663  0.25685 
 14.74500  0.22035  0.22079 
 14.84500  0.18737  0.18782 
 14.94500  0.15776  0.15810 
 15.04500  0.13151  0.13167 
 15.14500  0.10847  0.10851 
 15.24500  0.08855  0.08848 
 15.34500  0.07153  0.07145 
 15.44500  0.05726  0.05723 
 15.54500  0.04552  0.04552 
 15.64500  0.03611  0.03617 
 15.74500  0.02883  0.02888 
 15.84500  0.02344  0.02351 
 15.94500  0.01982  0.01990 
 16.04500  0.01778  0.01789 
 16.14500  0.01730  0.01740 
 16.24500  0.01837  0.01847 
 16.34500  0.02101  0.02109 
 16.44500  0.02530  0.02538 
 16.54500  0.03139  0.03144 
 16.64500  0.03948  0.03951 
 16.74500  0.04976  0.04975 
 16.84500  0.06245  0.06239 
 16.94500  0.07774  0.07767 
 17.04500  0.09586  0.09583 
 17.14500  0.11696  0.11704 
 17.24500  0.14121  0.14144 
 17.34500  0.16877  0.16912 
 17.44500  0.19964  0.20011 
 17.54500  0.23393  0.23432 
 17.64500  0.27140  0.27150 
 17.74500  0.31172  0.31145 
 17.84500  0.35430  0.35373 
 17.94500  0.39842  0.39791 
 18.04500  0.44345  0.44344 
 18.14500  0.48946  0.48975 
 18.24500  0.53652  0.53618 
 18.34500  0.58176  0.58211 
 18.44500  0.62636  0.62695 
 18.54500  0.66972  0.67013 
 18.64500  0.71110  0.71119 
 18.74500  0.74992  0.74963 
 18.84500  0.78565  0.78518 
 18.94500  0.81808  0.81763 
 19.04500  0.84710  0.84681 
 19.14500  0.87284  0.87272 
 19.24500  0.89538  0.89538 
 19.34500  0.91490  0.91498 
 19.44500  0.93158  0.93164 
 19.54500  0.94561  0.94565 
 19.64500  0.95722  0.95722 
 19.74500  0.96667  0.96661 
 19.84500  0.97421  0.97414 
 19.94500  0.98006  0.97999 
 20.04500  0.98447  0.98441 
 20.14500  0.98762  0.98755 
 20.24500  0.98965  0.98961 
 20.34500  0.99066  0.99062 
 20.44500  0.99072  0.99070 
 20.54500  0.98984  0.98981 
 20.64500  0.98797  0.98790 
 20.74500  0.98499  0.98490 
 20.84500  0.98076  0.98070 
 20.94500  0.97513  0.97506 
 21.04500  0.96785  0.96781 
 21.14500  0.95868  0.95869 
 21.24500  0.94737  0.94741 
 21.34500  0.93371  0.93377 
 21.44500  0.91743  0.91749 
 21.54500  0.89832  0.89833 
 21.64500  0.87622  0.87610 
 21.74500  0.85094  0.85066 
 21.84500  0.82238  0.82196 
 21.94500  0.79043  0.78997 
 22.04500  0.75516  0.75484 
 22.14500  0.71675  0.71678 
 22.24500  0.67567  0.67609 
 22.34500  0.63258  0.63316 
 22.44500  0.58811  0.58853 
 22.54500  0.54292  0.54270 
 22.64500  0.49622  0.49630 
 22.74500  0.44984  0.44993 
 22.84500  0.40474  0.40428 
 22.94500  0.36046  0.35986 
 23.04500  0.31761  0.31728 
 23.14500  0.27692  0.27697 
 23.24500  0.23900  0.23937 
 23.34500  0.20425  0.20473 
 23.44500  0.17287  0.17326 
 23.54500  0.14484  0.14508 
 23.64500  0.12009  0.12018 
 23.74500  0.09848  0.09846 
 23.84500  0.07988  0.07979 
 23.94500  0.06406  0.06400 
 24.04500  0.05084  0.05081 
 24.14500  0.03998  0.04001 
 24.24500  0.03127  0.03133 
 24.34500  0.02444  0.02451 
 24.44500  0.01928  0.01936 
 24.54500  0.01560  0.01569 
 24.64500  0.01326  0.01332 
 24.74500  0.01212  0.01218 
 24.84500  0.01215  0.01223 
 24.94500  0.01338  0.01344 
 25.04500  0.01581  0.01589 
 25.14500  0.01958  0.01966 
 25.24500  0.02486  0.02492 
 25.34500  0.03179  0.03185 
 25.44500  0.04065  0.04068 
 25.54500  0.05166  0.05161 
 25.64500  0.06503  0.06497 
 25.74500  0.08104  0.08097 
 25.84500  0.09984  0.09983 
 25.94500  0.12166  0.12174 
 26.04500  0.14662  0.14688 
 26.14500  0.17489  0.17530 
 26.24500  0.20649  0.20698 
 26.34500  0.24147  0.24182 
 26.44500  0.27960  0.27963 
 26.54500  0.32044  0.32009 
 26.64500  0.36341  0.36281 
 26.74500  0.40777  0.40731 
 26.84500  0.45290  0.45305 
 26.94500  0.49943  0.49945 
 27.04500  0.54601  0.54583 
 27.14500  0.59115  0.59158 
 27.24500  0.63555  0.63612 
 27.34500  0.67853  0.67892 
 27.44500  0.71944  0.71942 
 27.54500  0.75764  0.75731 
 27.64500  0.79270  0.79222 
 27.74500  0.82441  0.82400 
 27.84500  0.85277  0.85249 
 27.94500  0.87782  0.87774 
 28.04500  0.89974  0.89977 
 28.14500  0.91868  0.91873 
 28.24500  0.93478  0.93487 
 28.34500  0.94834  0.94838 
 28.44500  0.95955  0.95953 
 28.54500  0.96865  0.96861 
 28.64500  0.97595  0.97589 
 28.74500  0.98167  0.98161 
 28.84500  0.98606  0.98599 
 28.94500  0.98931  0.98927 
 29.04500  0.99161  0.99157 
 29.14500  0.99307  0.99304 
 29.24500  0.99378  0.99378 
 29.34500  0.99381  0.99381 
 29.44500  0.99315  0.99314 
 29.54500  0.99175  0.99173 
 29.64500  0.98952  0.98947 
 29.74500  0.98635  0.98630 
 29.84500  0.98206  0.98199 
 29.94500  0.97645  0.97638 
 30.04500  0.96929  0.96924 
 30.14500  0.96034  0.96032 
 30.24500  0.94929  0.94931 
 30.34500  0.93595  0.93602 
 30.44500  0.92004  0.92012 
 30.54500  0.90133  0.90136 
 30.64500  0.87967  0.87958 
 30.74500  0.85485  0.85460 
 30.84500  0.82676  0.82635 
 30.94500  0.79531  0.79486 
 31.04500  0.76051  0.76016 
 31.14500  0.72257  0.72252 
 31.24500  0.68185  0.68218 
 31.34500  0.63898  0.63958 
 31.44500  0.59468  0.59513 
 31.54500  0.54955  0.54945 
 31.64500  0.50315  0.50310 
 31.74500  0.45646  0.45668 
 31.84500  0.41128  0.41087 
 31.94500  0.36685  0.36625 
 32.04500  0.32375  0.32338 
 32.14500  0.28272  0.28270 
 32.24500  0.24436  0.24467 
 32.34500  0.20912  0.20959 
 32.44500  0.17722  0.17764 
 32.54500  0.14871  0.14897 
 32.64500  0.12347  0.12358 
 32.74500  0.10139  0.10138 
 32.84500  0.08231  0.08225 
 32.94500  0.06606  0.06598 
 33.04500  0.05240  0.05238 
 33.14500  0.04112  0.04112 
 33.24500  0.03194  0.03199 
 33.34500  0.02464  0.02471 
 33.44500  0.01897  0.01902 
 33.54500  0.01466  0.01472 
 33.64500  0.01158  0.01163 
 33.74500  0.00953  0.00958 
 33.84500  0.00845  0.00847 
 33.94500  0.00824  0.00826 
 34.04500  0.00889  0.00892 
 34.14500  0.01045  0.01051 
 34.24500  0.01302  0.01307 
 34.34500  0.01669  0.01677 
 34.44500  0.02166  0.02174 
 34.54500  0.02813  0.02821 
 34.64500  0.03636  0.03640 
 34.74500  0.04659  0.04657 
 34.84500  0.05905  0.05901 
 34.94500  0.07401  0.07393 
 35.04500  0.09169  0.09163 
 35.14500  0.11225  0.11230 
 35.24500  0.13592  0.13611 
 35.34500  0.16281  0.16319 
 35.44500  0.19305  0.19352 
 35.54500  0.22668  0.22709 
 35.64500  0.26354  0.26370 
 35.74500  0.30332  0.30312 
 35.84500  0.34550  0.34497 
 35.94500  0.38938  0.38882 
 36.04500  0.43424  0.43412 
 36.14500  0.47979  0.48031 
 36.24500  0.52728  0.52677 
 36.34500  0.57261  0.57284 
 36.44500  0.61739  0.61798 
 36.54500  0.66104  0.66154 
 36.64500  0.70290  0.70305 
 36.74500  0.74228  0.74206 
 36.84500  0.77867  0.77821 
 36.94500  0.81175  0.81131 
 37.04500  0.84149  0.84116 
 37.14500  0.86790  0.86773 
 37.24500  0.89109  0.89107 
 37.34500  0.91123  0.91129 
 37.44500  0.92846  0.92855 
 37.54500  0.94307  0.94310 
 37.64500  0.95520  0.95519 
 37.74500  0.96515  0.96510 
 37.84500  0.97317  0.97309 
 37.94500  0.97949  0.97940 
 38.04500  0.98441  0.98433 
 38.14500  0.98809  0.98803 
 38.24500  0.99077  0.99074 
 38.34500  0.99256  0.99253 
 38.44500  0.99357  0.99356 
 38.54500  0.99388  0.99389 
 38.64500  0.99350  0.99349 
 38.74500  0.99241  0.99240 
 38.84500  0.99055  0.99051 
 38.94500  0.98778  0.98772 
 39.04500  0.98399  0.98390 
 39.14500  0.97893  0.97887 
 39.24500  0.97245  0.97238 
 39.34500  0.96426  0.96422 
 39.44500  0.95412  0.95414 
 39.54500  0.94175  0.94179 
 39.64500  0.92691  0.92699 
 39.74500  0.90938  0.90943 
 39.84500  0.88894  0.88892 
 39.94500  0.86545  0.86528 
 40.04500  0.83875  0.83838 
 40.14500  0.80868  0.80821 
 40.24500  0.77525  0.77483 
 40.34500  0.73856  0.73837 
 40.44500  0.69892  0.69910 
 40.54500  0.65683  0.65737 
 40.64500  0.61305  0.61363 
 40.74500  0.56820  0.56836 
 40.84500  0.52280  0.52223 
 40.94500  0.47521  0.47577 
 41.04500  0.42984  0.42964 
 41.14500  0.38502  0.38446 
 41.24500  0.34130  0.34079 
 41.34500  0.29934  0.29917 
 41.44500  0.25981  0.26001 
 41.54500  0.22326  0.22369 
 41.64500  0.19002  0.19046 
 41.74500  0.16013  0.16045 
 41.84500  0.13358  0.13377 
 41.94500  0.11030  0.11030 
 42.04500  0.09011  0.09005 
 42.14500  0.07287  0.07279 
 42.24500  0.05836  0.05832 
 42.34500  0.04642  0.04641 
 42.44500  0.03683  0.03687 
 42.54500  0.02935  0.02941 
 42.64500  0.02383  0.02390 
 42.74500  0.02005  0.02014 
 42.84500  0.01789  0.01799 
 42.94500  0.01729  0.01739 
 43.04500  0.01822  0.01833 
 43.14500  0.02073  0.02082 
 43.24500  0.02488  0.02494 
 43.34500  0.03080  0.03087 
 43.44500  0.03872  0.03875 
 43.54500  0.04880  0.04880 
 43.64500  0.06128  0.06122 
 43.74500  0.07636  0.07629 
 43.84500  0.09423  0.09418 
 43.94500  0.11509  0.11514 
 44.04500  0.13906  0.13928 
 44.14500  0.16632  0.16669 
 44.24500  0.19693  0.19743 
 44.34500  0.23095  0.23133 
 44.44500  0.26816  0.26830 
 44.54500  0.30824  0.30801 
 44.64500  0.35068  0.35012 
 44.74500  0.39469  0.39416 
 44.84500  0.43966  0.43961 
 44.94500  0.48548  0.48586 
 45.04500  0.53271  0.53230 
 45.14500  0.57800  0.57830 
 45.24500  0.62268  0.62326 
 45.34500  0.66615  0.66659 
 45.44500  0.70774  0.70784 
 45.54500  0.74678  0.74652 
 45.64500  0.78278  0.78234 
 45.74500  0.81546  0.81502 
 45.84500  0.84477  0.84446 
 45.94500  0.87076  0.87062 
 46.04500  0.89356  0.89353 
 46.14500  0.91328  0.91334 
 46.24500  0.93011  0.93019 
 46.34500  0.94427  0.94430 
 46.44500  0.95594  0.95593 
 46.54500  0.96537  0.96533 
 46.64500  0.97279  0.97273 
 46.74500  0.97842  0.97835 
 46.84500  0.98247  0.98238 
 46.94500  0.98504  0.98497 
 47.04500  0.98630  0.98623 
 47.14500  0.98628  0.98618 
 47.24500  0.98494  0.98487 
 47.34500  0.98230  0.98222 
 47.44500  0.97819  0.97811 
 47.54500  0.97250  0.97244 
 47.64500  0.96498  0.96493 
 47.74500  0.95545  0.95545 
 47.84500  0.94366  0.94371 
 47.94500  0.92940  0.92948 
 48.04500  0.91243  0.91248 
 48.14500  0.89256  0.89254 
 48.24500  0.86963  0.86948 
 48.34500  0.84350  0.84317 
 48.44500  0.81403  0.81357 
 48.54500  0.78118  0.78073 
 48.64500  0.74502  0.74480 
 48.74500  0.70586  0.70599 
 48.84500  0.66416  0.66463 
 48.94500  0.62062  0.62122 
 49.04500  0.57590  0.57619 
 49.14500  0.53060  0.53014 
 49.24500  0.48328  0.48370 
 49.34500  0.43756  0.43744 
 49.44500  0.39261  0.39208 
 49.54500  0.34865  0.34811 
 49.64500  0.30633  0.30609 
 49.74500  0.26634  0.26648 
 49.84500  0.22925  0.22966 
 49.94500  0.19540  0.19586 
 50.04500  0.16490  0.16527 
 50.14500  0.13776  0.13794 
 50.24500  0.11385  0.11391 
 50.34500  0.09304  0.09299 
 50.44500  0.07514  0.07508 
 50.54500  0.05997  0.05990 
 50.64500  0.04729  0.04727 
 50.74500  0.03683  0.03687 
 50.84500  0.02836  0.02841 
 50.94500  0.02161  0.02168 
 51.04500  0.01628  0.01636 
 51.14500  0.01221  0.01225 
 51.24500  0.00910  0.00915 
 51.34500  0.00684  0.00686 
 51.44500  0.00527  0.00526 
 51.54500  0.00425  0.00424 
 51.64500  0.00375  0.00374 
 51.74500  0.00370  0.00369 
 51.84500  0.00412  0.00411 
 51.94500  0.00503  0.00503 
 52.04500  0.00651  0.00654 
 52.14500  0.00863  0.00868 
 52.24500  0.01155  0.01161 
 52.34500  0.01544  0.01553 
 52.44500  0.02051  0.02057 
 52.54500  0.02698  0.02703 
 52.64500  0.03510  0.03513 
 52.74500  0.04517  0.04516 
 52.84500  0.05741  0.05736 
 52.94500  0.07211  0.07204 
 53.04500  0.08949  0.08943 
 53.14500  0.10974  0.10976 
 53.24500  0.13306  0.13322 
 53.34500  0.15957  0.15994 
 53.44500  0.18945  0.18991 
 53.54500  0.22268  0.22309 
 53.64500  0.25918  0.25939 
 53.74500  0.29867  0.29851 
 53.84500  0.34061  0.34010 
 53.94500  0.38432  0.38374 
 54.04500  0.42912  0.42890 
 54.14500  0.47446  0.47503 
 54.24500  0.52203  0.52149 
 54.34500  0.56748  0.56765 
 54.44500  0.61234  0.61291 
 54.54500  0.65615  0.65667 
 54.64500  0.69825  0.69844 
 54.74500  0.73792  0.73776 
 54.84500  0.77468  0.77424 
 54.94500  0.80816  0.80770 
 55.04500  0.83827  0.83792 
 55.14500  0.86505  0.86486 
 55.24500  0.88860  0.88856 
 55.34500  0.90905  0.90911 
 55.44500  0.92660  0.92668 
 55.54500  0.94144  0.94149 
 55.64500  0.95378  0.95380 
 55.74500  0.96392  0.96387 
 55.84500  0.97202  0.97196 
 55.94500  0.97837  0.97829 
 56.04500  0.98322  0.98315 
 56.14500  0.98675  0.98669 
 56.24500  0.98912  0.98906 
 56.34500  0.99045  0.99041 
 56.44500  0.99081  0.99078 
 56.54500  0.99024  0.99021 
 56.64500  0.98868  0.98863 
 56.74500  0.98606  0.98601 
 56.84500  0.98225  0.98219 
 56.94500  0.97708  0.97702 
 57.04500  0.97035  0.97029 
 57.14500  0.96181  0.96178 
 57.24500  0.95122  0.95123 
 57.34500  0.93832  0.93839 
 57.44500  0.92289  0.92295 
 57.54500  0.90470  0.90474 
 57.64500  0.88356  0.88349 
 57.74500  0.85930  0.85908 
 57.84500  0.83179  0.83141 
 57.94500  0.80091  0.80044 
 58.04500  0.76669  0.76629 
 58.14500  0.72925  0.72913 
 58.24500  0.68895  0.68925 
 58.34500  0.64642  0.64697 
 58.44500  0.60230  0.60282 
 58.54500  0.55729  0.55730 
 58.64500  0.51131  0.51103 
 58.74500  0.46421  0.46460 
 58.84500  0.41897  0.41863 
 58.94500  0.37435  0.37375 
 59.04500  0.33098  0.33055 
 59.14500  0.28956  0.28949 
 59.24500  0.25069  0.25095 
 59.34500  0.21491  0.21534 
 59.44500  0.18243  0.18287 
 59.54500  0.15332  0.15363 
 59.64500  0.12753  0.12764 
 59.74500  0.10491  0.10491 
 59.84500  0.08532  0.08526 
 59.94500  0.06857  0.06849 
 60.04500  0.05443  0.05441 
 60.14500  0.04270  0.04271 
 60.24500  0.03308  0.03315 
 60.34500  0.02535  0.02540 
 60.44500  0.01917  0.01926 
 60.54500  0.01433  0.01440 
 60.64500  0.01059  0.01064 
 60.74500  0.00773  0.00777 
 60.84500  0.00559  0.00562 
 60.94500  0.00398  0.00399 
 61.04500  0.00281  0.00285 
 61.14500  0.00196  0.00195 
 61.24500  0.00137  0.00135 
 61.34500  0.00092  0.00092 
 61.44500  0.00062  0.00060 
 61.54500  0.00039  0.00040 
 61.64500  0.00026  0.00026 
 61.74500  0.00017  0.00017 
 61.84500  0.00010  0.00010 
 61.94500  0.00006  0.00010 
 62.04500  0.00004  0.00001 
 62.14500  0.00004  0.00000 
 62.24500  0.00001  0.00000 
 62.34500  0.00002  0.00000 
 62.44500 -0.00000  0.00000 
 62.54500 -0.00001  0.00000 
 62.64500 -0.00000  0.00000 
 62.74500 -0.00000  0.00000 
 62.84500  0.00000  0.00000 
 62.94500  0.00000  0.00000 
 63.04500  0.00000  0.00000 
 63.14500  0.00000  0.00000 
 63.24500  0.00001  0.00000 
 63.34500  0.00000  0.00000 
 63.44500  0.00001  0.00000 
