  0.04500  0.58534  0.58530 
  0.14500  0.58534  0.58530 
  0.24500  0.58530  0.58530 
  0.34500  0.58526  0.58530 
  0.44500  0.58526  0.58520 
  0.54500  0.58528  0.58520 
  0.64500  0.58528  0.58520 
  0.74500  0.58528  0.58520 
  0.84500  0.58522  0.58520 
  0.94500  0.58519  0.58520 
  1.04500  0.58519  0.58516 
  1.14500  0.58519  0.58510 
  1.24500  0.58519  0.58510 
  1.34500  0.58511  0.58510 
  1.44500  0.58508  0.58504 
  1.54500  0.58508  0.58500 
  1.64500  0.58504  0.58500 
  1.74500  0.58499  0.58494 
  1.84500  0.58496  0.58490 
  1.94500  0.58493  0.58490 
  2.04500  0.58487  0.58480 
  2.14500  0.58485  0.58480 
  2.24500  0.58479  0.58473 
  2.34500  0.58475  0.58470 
  2.44500  0.58470  0.58463 
  2.54500  0.58465  0.58460 
  2.64500  0.58460  0.58452 
  2.74500  0.58453  0.58450 
  2.84500  0.58449  0.58440 
  2.94500  0.58440  0.58437 
  3.04500  0.58437  0.58430 
  3.14500  0.58430  0.58423 
  3.24500  0.58424  0.58418 
  3.34500  0.58417  0.58410 
  3.44500  0.58409  0.58402 
  3.54500  0.58403  0.58396 
  3.64500  0.58397  0.58389 
  3.74500  0.58387  0.58380 
  3.84500  0.58379  0.58372 
  3.94500  0.58373  0.58365 
  4.04500  0.58363  0.58357 
  4.14500  0.58355  0.58349 
  4.24500  0.58346  0.58340 
  4.34500  0.58339  0.58330 
  4.44500  0.58329  0.58321 
  4.54500  0.58319  0.58312 
  4.64500  0.58311  0.58303 
  4.74500  0.58300  0.58293 
  4.84500  0.58292  0.58283 
  4.94500  0.58281  0.58273 
  5.04500  0.58271  0.58263 
  5.14500  0.58261  0.58253 
  5.24500  0.58250  0.58242 
  5.34500  0.58238  0.58232 
  5.44500  0.58227  0.58221 
  5.54500  0.58216  0.58209 
  5.64500  0.58206  0.58197 
  5.74500  0.58193  0.58186 
  5.84500  0.58181  0.58175 
  5.94500  0.58170  0.58163 
  6.04500  0.58158  0.58150 
  6.14500  0.58146  0.58137 
  6.24500  0.58133  0.58125 
  6.34500  0.58121  0.58113 
  6.44500  0.58108  0.58100 
  6.54500  0.58094  0.58087 
  6.64500  0.58081  0.58074 
  6.74500  0.58066  0.58061 
  6.84500  0.58054  0.58046 
  6.94500  0.58041  0.58034 
  7.04500  0.58026  0.58019 
  7.14500  0.58012  0.58005 
  7.24500  0.57997  0.57991 
  7.34500  0.57983  0.57976 
  7.44500  0.57967  0.57961 
  7.54500  0.57954  0.57946 
  7.64500  0.57938  0.57932 
  7.74500  0.57924  0.57916 
  7.84500  0.57908  0.57901 
  7.94500  0.57891  0.57885 
  8.04500  0.57877  0.57870 
  8.14500  0.57860  0.57854 
  8.24500  0.57845  0.57837 
  8.34500  0.57828  0.57822 
  8.44500  0.57813  0.57805 
  8.54500  0.57796  0.57788 
  8.64500  0.57779  0.57772 
  8.74500  0.57763  0.57755 
  8.84500  0.57744  0.57737 
  8.94500  0.57728  0.57720 
  9.04500  0.57710  0.57704 
  9.14500  0.57694  0.57685 
  9.24500  0.57677  0.57667 
  9.34500  0.57659  0.57650 
  9.44500  0.57641  0.57632 
  9.54500  0.57622  0.57614 
  9.64500  0.57602  0.57595 
  9.74500  0.57584  0.57576 
  9.84500  0.57566  0.57558 
  9.94500  0.57547  0.57539 
 10.04500  0.57527  0.57520 
 10.14500  0.57510  0.57501 
 10.24500  0.57491  0.57481 
 10.34500  0.57470  0.57463 
 10.44500  0.57452  0.57443 
 10.54500  0.57431  0.57423 
 10.64500  0.57411  0.57403 
 10.74500  0.57393  0.57383 
 10.84500  0.57372  0.57363 
 10.94500  0.57352  0.57343 
 11.04500  0.57330  0.57321 
 11.14500  0.57311  0.57301 
 11.24500  0.57290  0.57281 
 11.34500  0.57269  0.57259 
 11.44500  0.57248  0.57239 
 11.54500  0.57227  0.57217 
 11.64500  0.57205  0.57196 
 11.74500  0.57184  0.57174 
 11.84500  0.57162  0.57153 
 11.94500  0.57140  0.57131 
 12.04500  0.57119  0.57109 
 12.14500  0.57097  0.57088 
 12.24500  0.57074  0.57066 
 12.34500  0.57052  0.57043 
 12.44500  0.57030  0.57020 
 12.54500  0.57009  0.56998 
 12.64500  0.56985  0.56976 
 12.74500  0.56963  0.56952 
 12.84500  0.56938  0.56930 
 12.94500  0.56915  0.56907 
 13.04500  0.56892  0.56883 
 13.14500  0.56870  0.56860 
 13.24500  0.56846  0.56837 
 13.34500  0.56822  0.56813 
 13.44500  0.56798  0.56790 
 13.54500  0.56775  0.56766 
 13.64500  0.56750  0.56742 
 13.74500  0.56727  0.56718 
 13.84500  0.56703  0.56694 
 13.94500  0.56679  0.56670 
 14.04500  0.56653  0.56645 
 14.14500  0.56629  0.56620 
 14.24500  0.56605  0.56597 
 14.34500  0.56579  0.56572 
 14.44500  0.56555  0.56548 
 14.54500  0.56530  0.56522 
 14.64500  0.56506  0.56498 
 14.74500  0.56481  0.56472 
 14.84500  0.56455  0.56448 
 14.94500  0.56428  0.56422 
 15.04500  0.56403  0.56395 
 15.14500  0.56377  0.56370 
 15.24500  0.56352  0.56345 
 15.34500  0.56326  0.56320 
 15.44500  0.56301  0.56292 
 15.54500  0.56275  0.56268 
 15.64500  0.56249  0.56241 
 15.74500  0.56223  0.56215 
 15.84500  0.56196  0.56190 
 15.94500  0.56169  0.56162 
 16.04500  0.56143  0.56137 
 16.14500  0.56118  0.56110 
 16.24500  0.56090  0.56083 
 16.34500  0.56064  0.56057 
 16.44500  0.56037  0.56030 
 16.54500  0.56010  0.56003 
 16.64500  0.55983  0.55976 
 16.74500  0.55956  0.55950 
 16.84500  0.55929  0.55922 
 16.94500  0.55902  0.55895 
 17.04500  0.55875  0.55868 
 17.14500  0.55847  0.55840 
 17.24500  0.55819  0.55813 
 17.34500  0.55794  0.55786 
 17.44500  0.55765  0.55758 
 17.54500  0.55737  0.55730 
 17.64500  0.55710  0.55702 
 17.74500  0.55681  0.55674 
 17.84500  0.55653  0.55647 
 17.94500  0.55626  0.55619 
 18.04500  0.55597  0.55590 
 18.14500  0.55569  0.55563 
 18.24500  0.55542  0.55534 
 18.34500  0.55513  0.55506 
 18.44500  0.55485  0.55477 
 18.54500  0.55457  0.55449 
 18.64500  0.55428  0.55421 
 18.74500  0.55399  0.55393 
 18.84500  0.55372  0.55364 
 18.94500  0.55342  0.55334 
 19.04500  0.55314  0.55306 
 19.14500  0.55285  0.55277 
 19.24500  0.55256  0.55249 
 19.34500  0.55228  0.55220 
 19.44500  0.55199  0.55190 
 19.54500  0.55170  0.55161 
 19.64500  0.55140  0.55133 
 19.74500  0.55111  0.55103 
 19.84500  0.55081  0.55074 
 19.94500  0.55054  0.55044 
 20.04500  0.55022  0.55015 
 20.14500  0.54993  0.54986 
 20.24500  0.54964  0.54956 
 20.34500  0.54935  0.54927 
 20.44500  0.54905  0.54897 
 20.54500  0.54875  0.54868 
 20.64500  0.54845  0.54838 
 20.74500  0.54815  0.54808 
 20.84500  0.54785  0.54778 
 20.94500  0.54756  0.54749 
 21.04500  0.54724  0.54719 
 21.14500  0.54696  0.54689 
 21.24500  0.54665  0.54659 
 21.34500  0.54635  0.54629 
 21.44500  0.54606  0.54599 
 21.54500  0.54575  0.54568 
 21.64500  0.54545  0.54538 
 21.74500  0.54514  0.54508 
 21.84500  0.54484  0.54478 
 21.94500  0.54452  0.54448 
 22.04500  0.54423  0.54417 
 22.14500  0.54392  0.54387 
 22.24500  0.54362  0.54356 
 22.34500  0.54330  0.54326 
 22.44500  0.54300  0.54295 
 22.54500  0.54270  0.54265 
 22.64500  0.54239  0.54234 
 22.74500  0.54207  0.54203 
 22.84500  0.54178  0.54173 
 22.94500  0.54145  0.54142 
 23.04500  0.54117  0.54112 
 23.14500  0.54084  0.54081 
 23.24500  0.54054  0.54050 
 23.34500  0.54023  0.54018 
 23.44500  0.53992  0.53988 
 23.54500  0.53961  0.53957 
 23.64500  0.53929  0.53926 
 23.74500  0.53898  0.53895 
 23.84500  0.53866  0.53864 
 23.94500  0.53836  0.53833 
 24.04500  0.53806  0.53802 
 24.14500  0.53773  0.53771 
 24.24500  0.53742  0.53739 
 24.34500  0.53711  0.53708 
 24.44500  0.53679  0.53677 
 24.54500  0.53648  0.53645 
 24.64500  0.53616  0.53615 
 24.74500  0.53586  0.53583 
 24.84500  0.53554  0.53552 
 24.94500  0.53523  0.53521 
 25.04500  0.53492  0.53489 
 25.14500  0.53459  0.53458 
 25.24500  0.53428  0.53426 
 25.34500  0.53397  0.53395 
 25.44500  0.53365  0.53363 
 25.54500  0.53333  0.53332 
 25.64500  0.53303  0.53300 
 25.74500  0.53271  0.53268 
 25.84500  0.53239  0.53238 
 25.94500  0.53207  0.53205 
 26.04500  0.53176  0.53174 
 26.14500  0.53143  0.53142 
 26.24500  0.53113  0.53111 
 26.34500  0.53081  0.53078 
 26.44500  0.53048  0.53048 
 26.54500  0.53017  0.53015 
 26.64500  0.52986  0.52984 
 26.74500  0.52953  0.52952 
 26.84500  0.52922  0.52920 
 26.94500  0.52890  0.52888 
 27.04500  0.52858  0.52856 
 27.14500  0.52827  0.52825 
 27.24500  0.52795  0.52792 
 27.34500  0.52762  0.52762 
 27.44500  0.52731  0.52728 
 27.54500  0.52699  0.52697 
 27.64500  0.52666  0.52665 
 27.74500  0.52635  0.52632 
 27.84500  0.52603  0.52602 
 27.94500  0.52570  0.52568 
 28.04500  0.52539  0.52537 
 28.14500  0.52506  0.52505 
 28.24500  0.52475  0.52472 
 28.34500  0.52444  0.52442 
 28.44500  0.52411  0.52408 
 28.54500  0.52378  0.52377 
 28.64500  0.52348  0.52345 
 28.74500  0.52313  0.52312 
 28.84500  0.52281  0.52281 
 28.94500  0.52250  0.52248 
 29.04500  0.52218  0.52215 
 29.14500  0.52186  0.52185 
 29.24500  0.52152  0.52152 
 29.34500  0.52122  0.52119 
 29.44500  0.52088  0.52088 
 29.54500  0.52057  0.52055 
 29.64500  0.52023  0.52022 
 29.74500  0.51991  0.51992 
 29.84500  0.51960  0.51958 
 29.94500  0.51926  0.51925 
 30.04500  0.51895  0.51895 
 30.14500  0.51862  0.51862 
 30.24500  0.51831  0.51828 
 30.34500  0.51797  0.51798 
 30.44500  0.51765  0.51765 
 30.54500  0.51732  0.51732 
 30.64500  0.51700  0.51701 
 30.74500  0.51667  0.51668 
 30.84500  0.51634  0.51635 
 30.94500  0.51602  0.51603 
 31.04500  0.51570  0.51572 
 31.14500  0.51538  0.51538 
 31.24500  0.51505  0.51505 
 31.34500  0.51473  0.51475 
 31.44500  0.51439  0.51442 
 31.54500  0.51409  0.51408 
 31.64500  0.51375  0.51377 
 31.74500  0.51342  0.51345 
 31.84500  0.51309  0.51312 
 31.94500  0.51277  0.51278 
 32.04500  0.51244  0.51248 
 32.14500  0.51213  0.51215 
 32.24500  0.51180  0.51182 
 32.34500  0.51147  0.51150 
 32.44500  0.51115  0.51118 
 32.54500  0.51083  0.51085 
 32.64500  0.51049  0.51052 
 32.74500  0.51016  0.51021 
 32.84500  0.50984  0.50988 
 32.94500  0.50951  0.50955 
 33.04500  0.50919  0.50922 
 33.14500  0.50888  0.50892 
 33.24500  0.50854  0.50858 
 33.34500  0.50820  0.50825 
 33.44500  0.50787  0.50793 
 33.54500  0.50756  0.50762 
 33.64500  0.50724  0.50728 
 33.74500  0.50692  0.50695 
 33.84500  0.50658  0.50664 
 33.94500  0.50626  0.50632 
 34.04500  0.50594  0.50598 
 34.14500  0.50561  0.50565 
 34.24500  0.50529  0.50535 
 34.34500  0.50496  0.50502 
 34.44500  0.50464  0.50468 
 34.54500  0.50430  0.50436 
 34.64500  0.50399  0.50405 
 34.74500  0.50364  0.50372 
 34.84500  0.50334  0.50338 
 34.94500  0.50301  0.50307 
 35.04500  0.50269  0.50275 
 35.14500  0.50236  0.50242 
 35.24500  0.50204  0.50208 
 35.34500  0.50170  0.50178 
 35.44500  0.50139  0.50145 
 35.54500  0.50108  0.50112 
 35.64500  0.50074  0.50080 
 35.74500  0.50042  0.50048 
 35.84500  0.50010  0.50015 
 35.94500  0.49976  0.49982 
 36.04500  0.49943  0.49951 
 36.14500  0.49913  0.49918 
 36.24500  0.49881  0.49885 
 36.34500  0.49848  0.49853 
 36.44500  0.49816  0.49822 
 36.54500  0.49784  0.49788 
 36.64500  0.49749  0.49756 
 36.74500  0.49718  0.49725 
 36.84500  0.49685  0.49692 
 36.94500  0.49653  0.49659 
 37.04500  0.49623  0.49628 
 37.14500  0.49589  0.49595 
 37.24500  0.49558  0.49562 
 37.34500  0.49525  0.49532 
 37.44500  0.49492  0.49498 
 37.54500  0.49460  0.49465 
 37.64500  0.49428  0.49435 
 37.74500  0.49395  0.49402 
 37.84500  0.49365  0.49369 
 37.94500  0.49333  0.49338 
 38.04500  0.49299  0.49305 
 38.14500  0.49267  0.49273 
 38.24500  0.49235  0.49242 
 38.34500  0.49203  0.49208 
 38.44500  0.49170  0.49178 
 38.54500  0.49138  0.49145 
 38.64500  0.49108  0.49112 
 38.74500  0.49074  0.49082 
 38.84500  0.49042  0.49048 
 38.94500  0.49011  0.49018 
 39.04500  0.48979  0.48985 
 39.14500  0.48947  0.48953 
 39.24500  0.48914  0.48922 
 39.34500  0.48882  0.48889 
 39.44500  0.48850  0.48858 
 39.54500  0.48820  0.48825 
 39.64500  0.48787  0.48795 
 39.74500  0.48755  0.48762 
 39.84500  0.48722  0.48731 
 39.94500  0.48690  0.48698 
 40.04500  0.48658  0.48667 
 40.14500  0.48627  0.48635 
 40.24500  0.48595  0.48604 
 40.34500  0.48564  0.48572 
 40.44500  0.48531  0.48541 
 40.54500  0.48500  0.48508 
 40.64500  0.48469  0.48478 
 40.74500  0.48437  0.48445 
 40.84500  0.48405  0.48415 
 40.94500  0.48373  0.48383 
 41.04500  0.48341  0.48352 
 41.14500  0.48310  0.48320 
 41.24500  0.48280  0.48288 
 41.34500  0.48248  0.48258 
 41.44500  0.48216  0.48226 
 41.54500  0.48186  0.48195 
 41.64500  0.48154  0.48164 
 41.74500  0.48123  0.48132 
 41.84500  0.48092  0.48102 
 41.94500  0.48060  0.48071 
 42.04500  0.48028  0.48039 
 42.14500  0.47998  0.48008 
 42.24500  0.47967  0.47978 
 42.34500  0.47935  0.47947 
 42.44500  0.47904  0.47916 
 42.54500  0.47874  0.47885 
 42.64500  0.47843  0.47855 
 42.74500  0.47811  0.47824 
 42.84500  0.47782  0.47793 
 42.94500  0.47751  0.47762 
 43.04500  0.47720  0.47732 
 43.14500  0.47689  0.47701 
 43.24500  0.47659  0.47671 
 43.34500  0.47627  0.47640 
 43.44500  0.47599  0.47610 
 43.54500  0.47567  0.47579 
 43.64500  0.47538  0.47549 
 43.74500  0.47507  0.47519 
 43.84500  0.47476  0.47489 
 43.94500  0.47448  0.47459 
 44.04500  0.47417  0.47429 
 44.14500  0.47387  0.47399 
 44.24500  0.47357  0.47369 
 44.34500  0.47328  0.47339 
 44.44500  0.47297  0.47309 
 44.54500  0.47268  0.47279 
 44.64500  0.47238  0.47250 
 44.74500  0.47208  0.47220 
 44.84500  0.47179  0.47190 
 44.94500  0.47149  0.47161 
 45.04500  0.47120  0.47131 
 45.14500  0.47093  0.47102 
 45.24500  0.47062  0.47073 
 45.34500  0.47033  0.47044 
 45.44500  0.47003  0.47014 
 45.54500  0.46973  0.46986 
 45.64500  0.46944  0.46956 
 45.74500  0.46917  0.46927 
 45.84500  0.46888  0.46899 
 45.94500  0.46859  0.46870 
 46.04500  0.46830  0.46841 
 46.14500  0.46802  0.46813 
 46.24500  0.46773  0.46784 
 46.34500  0.46745  0.46756 
 46.44500  0.46716  0.46727 
 46.54500  0.46688  0.46699 
 46.64500  0.46660  0.46670 
 46.74500  0.46631  0.46642 
 46.84500  0.46603  0.46614 
 46.94500  0.46576  0.46586 
 47.04500  0.46548  0.46559 
 47.14500  0.46520  0.46530 
 47.24500  0.46492  0.46503 
 47.34500  0.46465  0.46475 
 47.44500  0.46438  0.46448 
 47.54500  0.46410  0.46420 
 47.64500  0.46382  0.46393 
 47.74500  0.46354  0.46366 
 47.84500  0.46327  0.46339 
 47.94500  0.46299  0.46311 
 48.04500  0.46273  0.46284 
 48.14500  0.46246  0.46258 
 48.24500  0.46219  0.46230 
 48.34500  0.46193  0.46204 
 48.44500  0.46165  0.46178 
 48.54500  0.46138  0.46150 
 48.64500  0.46113  0.46125 
 48.74500  0.46086  0.46098 
 48.84500  0.46059  0.46072 
 48.94500  0.46034  0.46046 
 49.04500  0.46008  0.46020 
 49.14500  0.45983  0.45995 
 49.24500  0.45956  0.45968 
 49.34500  0.45930  0.45942 
 49.44500  0.45904  0.45918 
 49.54500  0.45879  0.45892 
 49.64500  0.45855  0.45868 
 49.74500  0.45829  0.45842 
 49.84500  0.45803  0.45818 
 49.94500  0.45780  0.45792 
 50.04500  0.45754  0.45768 
 50.14500  0.45730  0.45742 
 50.24500  0.45705  0.45718 
 50.34500  0.45680  0.45692 
 50.44500  0.45656  0.45669 
 50.54500  0.45631  0.45645 
 50.64500  0.45607  0.45620 
 50.74500  0.45583  0.45597 
 50.84500  0.45558  0.45572 
 50.94500  0.45536  0.45550 
 51.04500  0.45513  0.45526 
 51.14500  0.45489  0.45502 
 51.24500  0.45466  0.45479 
 51.34500  0.45443  0.45456 
 51.44500  0.45419  0.45432 
 51.54500  0.45396  0.45410 
 51.64500  0.45374  0.45388 
 51.74500  0.45351  0.45364 
 51.84500  0.45329  0.45342 
 51.94500  0.45305  0.45320 
 52.04500  0.45285  0.45298 
 52.14500  0.45263  0.45276 
 52.24500  0.45240  0.45253 
 52.34500  0.45219  0.45232 
 52.44500  0.45198  0.45210 
 52.54500  0.45177  0.45189 
 52.64500  0.45154  0.45167 
 52.74500  0.45133  0.45147 
 52.84500  0.45114  0.45125 
 52.94500  0.45091  0.45105 
 53.04500  0.45071  0.45083 
 53.14500  0.45050  0.45063 
 53.24500  0.45031  0.45043 
 53.34500  0.45011  0.45023 
 53.44500  0.44991  0.45003 
 53.54500  0.44971  0.44983 
 53.64500  0.44951  0.44963 
 53.74500  0.44931  0.44943 
 53.84500  0.44912  0.44924 
 53.94500  0.44892  0.44905 
 54.04500  0.44872  0.44885 
 54.14500  0.44855  0.44867 
 54.24500  0.44836  0.44847 
 54.34500  0.44818  0.44829 
 54.44500  0.44799  0.44811 
 54.54500  0.44782  0.44793 
 54.64500  0.44764  0.44775 
 54.74500  0.44745  0.44756 
 54.84500  0.44727  0.44738 
 54.94500  0.44709  0.44721 
 55.04500  0.44694  0.44704 
 55.14500  0.44674  0.44686 
 55.24500  0.44659  0.44670 
 55.34500  0.44640  0.44652 
 55.44500  0.44626  0.44635 
 55.54500  0.44607  0.44619 
 55.64500  0.44593  0.44604 
 55.74500  0.44576  0.44586 
 55.84500  0.44559  0.44571 
 55.94500  0.44545  0.44555 
 56.04500  0.44528  0.44539 
 56.14500  0.44514  0.44524 
 56.24500  0.44498  0.44508 
 56.34500  0.44482  0.44494 
 56.44500  0.44468  0.44478 
 56.54500  0.44453  0.44464 
 56.64500  0.44438  0.44449 
 56.74500  0.44424  0.44435 
 56.84500  0.44410  0.44421 
 56.94500  0.44395  0.44406 
 57.04500  0.44383  0.44394 
 57.14500  0.44369  0.44379 
 57.24500  0.44355  0.44366 
 57.34500  0.44343  0.44353 
 57.44500  0.44329  0.44340 
 57.54500  0.44316  0.44327 
 57.64500  0.44303  0.44315 
 57.74500  0.44292  0.44303 
 57.84500  0.44278  0.44290 
 57.94500  0.44268  0.44278 
 58.04500  0.44255  0.44266 
 58.14500  0.44244  0.44255 
 58.24500  0.44233  0.44243 
 58.34500  0.44222  0.44232 
 58.44500  0.44210  0.44221 
 58.54500  0.44200  0.44211 
 58.64500  0.44189  0.44199 
 58.74500  0.44178  0.44189 
 58.84500  0.44168  0.44179 
 58.94500  0.44158  0.44169 
 59.04500  0.44149  0.44159 
 59.14500  0.44139  0.44150 
 59.24500  0.44130  0.44140 
 59.34500  0.44120  0.44131 
 59.44500  0.44111  0.44122 
 59.54500  0.44103  0.44113 
 59.64500  0.44095  0.44105 
 59.74500  0.44086  0.44097 
 59.84500  0.44079  0.44089 
 59.94500  0.44070  0.44080 
 60.04500  0.44061  0.44072 
 60.14500  0.44055  0.44066 
 60.24500  0.44048  0.44060 
 60.34500  0.44040  0.44050 
 60.44500  0.44036  0.44044 
 60.54500  0.44027  0.44039 
 60.64500  0.44021  0.44030 
 60.74500  0.44016  0.44025 
 60.84500  0.44008  0.44020 
 60.94500  0.44004  0.44012 
 61.04500  0.43999  0.44010 
 61.14500  0.43992  0.44000 
 61.24500  0.43988  0.44000 
 61.34500  0.43983  0.43990 
 61.44500  0.43981  0.43990 
 61.54500  0.43971  0.43981 
 61.64500  0.43972  0.43980 
 61.74500  0.43968  0.43975 
 61.84500  0.43961  0.43970 
 61.94500  0.43959  0.43970 
 62.04500  0.43958  0.43962 
 62.14500  0.43950  0.43960 
 62.24500  0.43948  0.43960 
 62.34500  0.43948  0.43956 
 62.44500  0.43947  0.43950 
 62.54500  0.43939  0.43950 
 62.64500  0.43938  0.43950 
 62.74500  0.43940  0.43950 
 62.84500  0.43939  0.43944 
 62.94500  0.43935  0.43940 
 63.04500  0.43935  0.43940 
 63.14500  0.43936  0.43940 
 63.24500  0.43934  0.43940 
 63.34500  0.43928  0.43940 
 63.44500  0.43927  0.43940 
