  0.04500  0.99998  1.00000 
  0.14500  0.99998  1.00000 
  0.24500  0.99998  1.00000 
  0.34500  0.99997  1.00000 
  0.44500  0.99998  1.00000 
  0.54500  0.99998  1.00000 
  0.64500  0.99996  1.00000 
  0.74500  0.99996  1.00000 
  0.84500  0.99996  1.00000 
  0.94500  0.99994  1.00000 
  1.04500  0.99994  0.99999 
  1.14500  0.99993  0.99990 
  1.24500  0.99991  0.99990 
  1.34500  0.99983  0.99987 
  1.44500  0.99977  0.99980 
  1.54500  0.99969  0.99971 
  1.64500  0.99956  0.99958 
  1.74500  0.99939  0.99941 
  1.84500  0.99916  0.99917 
  1.94500  0.99882  0.99885 
  2.04500  0.99839  0.99842 
  2.14500  0.99783  0.99783 
  2.24500  0.99705  0.99709 
  2.34500  0.99605  0.99608 
  2.44500  0.99476  0.99478 
  2.54500  0.99310  0.99309 
  2.64500  0.99099  0.99098 
  2.74500  0.98831  0.98831 
  2.84500  0.98496  0.98494 
  2.94500  0.98083  0.98082 
  3.04500  0.97577  0.97577 
  3.14500  0.96961  0.96963 
  3.24500  0.96224  0.96225 
  3.34500  0.95347  0.95349 
  3.44500  0.94312  0.94314 
  3.54500  0.93109  0.93107 
  3.64500  0.91723  0.91710 
  3.74500  0.90131  0.90114 
  3.84500  0.88328  0.88300 
  3.94500  0.86294  0.86264 
  4.04500  0.84026  0.84000 
  4.14500  0.81519  0.81501 
  4.24500  0.78778  0.78776 
  4.34500  0.75811  0.75827 
  4.44500  0.72645  0.72671 
  4.54500  0.69301  0.69321 
  4.64500  0.65802  0.65804 
  4.74500  0.62162  0.62143 
  4.84500  0.58398  0.58371 
  4.94500  0.54534  0.54519 
  5.04500  0.50624  0.50625 
  5.14500  0.46712  0.46726 
  5.24500  0.42827  0.42857 
  5.34500  0.39031  0.39059 
  5.44500  0.35354  0.35363 
  5.54500  0.31814  0.31804 
  5.64500  0.28429  0.28407 
  5.74500  0.25217  0.25201 
  5.84500  0.22203  0.22204 
  5.94500  0.19414  0.19428 
  6.04500  0.16864  0.16891 
  6.14500  0.14566  0.14599 
  6.24500  0.12519  0.12550 
  6.34500  0.10723  0.10748 
  6.44500  0.09172  0.09189 
  6.54500  0.07854  0.07866 
  6.64500  0.06767  0.06775 
  6.74500  0.05904  0.05908 
  6.84500  0.05257  0.05261 
  6.94500  0.04824  0.04828 
  7.04500  0.04599  0.04604 
  7.14500  0.04587  0.04591 
  7.24500  0.04780  0.04783 
  7.34500  0.05180  0.05186 
  7.44500  0.05798  0.05802 
  7.54500  0.06628  0.06635 
  7.64500  0.07685  0.07693 
  7.74500  0.08966  0.08981 
  7.84500  0.10484  0.10508 
  7.94500  0.12246  0.12275 
  8.04500  0.14252  0.14287 
  8.14500  0.16517  0.16547 
  8.24500  0.19029  0.19048 
  8.34500  0.21786  0.21788 
  8.44500  0.24768  0.24753 
  8.54500  0.27952  0.27932 
  8.64500  0.31315  0.31302 
  8.74500  0.34835  0.34838 
  8.84500  0.38494  0.38517 
  8.94500  0.42271  0.42303 
  9.04500  0.46147  0.46162 
  9.14500  0.50059  0.50061 
  9.24500  0.53970  0.53958 
  9.34500  0.57845  0.57819 
  9.44500  0.61625  0.61605 
  9.54500  0.65283  0.65283 
  9.64500  0.68804  0.68824 
  9.74500  0.72172  0.72196 
  9.84500  0.75365  0.75382 
  9.94500  0.78359  0.78360 
 10.04500  0.81132  0.81117 
 10.14500  0.83671  0.83647 
 10.24500  0.85973  0.85942 
 10.34500  0.88035  0.88008 
 10.44500  0.89865  0.89847 
 10.54500  0.91478  0.91467 
 10.64500  0.92883  0.92879 
 10.74500  0.94097  0.94097 
 10.84500  0.95131  0.95132 
 10.94500  0.96000  0.96002 
 11.04500  0.96716  0.96719 
 11.14500  0.97295  0.97293 
 11.24500  0.97744  0.97743 
 11.34500  0.98078  0.98075 
 11.44500  0.98300  0.98297 
 11.54500  0.98419  0.98416 
 11.64500  0.98436  0.98434 
 11.74500  0.98357  0.98355 
 11.84500  0.98173  0.98171 
 11.94500  0.97882  0.97882 
 12.04500  0.97479  0.97478 
 12.14500  0.96953  0.96954 
 12.24500  0.96289  0.96291 
 12.34500  0.95479  0.95480 
 12.44500  0.94511  0.94511 
 12.54500  0.93366  0.93364 
 12.64500  0.92036  0.92028 
 12.74500  0.90503  0.90487 
 12.84500  0.88758  0.88733 
 12.94500  0.86783  0.86755 
 13.04500  0.84576  0.84546 
 13.14500  0.82127  0.82107 
 13.24500  0.79442  0.79432 
 13.34500  0.76527  0.76539 
 13.44500  0.73407  0.73429 
 13.54500  0.70103  0.70125 
 13.64500  0.66639  0.66647 
 13.74500  0.63031  0.63017 
 13.84500  0.59293  0.59267 
 13.94500  0.55453  0.55431 
 14.04500  0.51542  0.51545 
 14.14500  0.47636  0.47645 
 14.24500  0.43736  0.43763 
 14.34500  0.39915  0.39945 
 14.44500  0.36209  0.36222 
 14.54500  0.32636  0.32627 
 14.64500  0.29210  0.29191 
 14.74500  0.25955  0.25938 
 14.84500  0.22893  0.22888 
 14.94500  0.20049  0.20064 
 15.04500  0.17440  0.17469 
 15.14500  0.15083  0.15117 
 15.24500  0.12978  0.13010 
 15.34500  0.11125  0.11149 
 15.44500  0.09516  0.09533 
 15.54500  0.08143  0.08156 
 15.64500  0.07002  0.07011 
 15.74500  0.06089  0.06091 
 15.84500  0.05390  0.05394 
 15.94500  0.04907  0.04909 
 16.04500  0.04634  0.04639 
 16.14500  0.04570  0.04574 
 16.24500  0.04714  0.04719 
 16.34500  0.05067  0.05073 
 16.44500  0.05633  0.05637 
 16.54500  0.06414  0.06419 
 16.64500  0.07415  0.07423 
 16.74500  0.08643  0.08657 
 16.84500  0.10106  0.10129 
 16.94500  0.11807  0.11837 
 17.04500  0.13758  0.13792 
 17.14500  0.15962  0.15992 
 17.24500  0.18413  0.18439 
 17.34500  0.21116  0.21121 
 17.44500  0.24046  0.24037 
 17.54500  0.27185  0.27164 
 17.64500  0.30508  0.30491 
 17.74500  0.33992  0.33993 
 17.84500  0.37619  0.37640 
 17.94500  0.41372  0.41403 
 18.04500  0.45229  0.45250 
 18.14500  0.49141  0.49142 
 18.24500  0.53049  0.53042 
 18.34500  0.56940  0.56913 
 18.44500  0.60744  0.60719 
 18.54500  0.64431  0.64426 
 18.64500  0.67985  0.67999 
 18.74500  0.71388  0.71412 
 18.84500  0.74621  0.74642 
 18.94500  0.77661  0.77665 
 19.04500  0.80481  0.80468 
 19.14500  0.83070  0.83044 
 19.24500  0.85416  0.85385 
 19.34500  0.87518  0.87490 
 19.44500  0.89383  0.89360 
 19.54500  0.91018  0.91004 
 19.64500  0.92435  0.92428 
 19.74500  0.93645  0.93644 
 19.84500  0.94660  0.94658 
 19.94500  0.95488  0.95488 
 20.04500  0.96140  0.96138 
 20.14500  0.96622  0.96622 
 20.24500  0.96945  0.96940 
 20.34500  0.97110  0.97107 
 20.44500  0.97120  0.97117 
 20.54500  0.96976  0.96974 
 20.64500  0.96679  0.96675 
 20.74500  0.96216  0.96215 
 20.84500  0.95590  0.95590 
 20.94500  0.94787  0.94788 
 21.04500  0.93801  0.93800 
 21.14500  0.92619  0.92614 
 21.24500  0.91230  0.91219 
 21.34500  0.89628  0.89607 
 21.44500  0.87795  0.87768 
 21.54500  0.85728  0.85699 
 21.64500  0.83416  0.83390 
 21.74500  0.80864  0.80846 
 21.84500  0.78073  0.78075 
 21.94500  0.75062  0.75079 
 22.04500  0.71857  0.71879 
 22.14500  0.68473  0.68489 
 22.24500  0.64940  0.64938 
 22.34500  0.61272  0.61248 
 22.44500  0.57483  0.57454 
 22.54500  0.53600  0.53590 
 22.64500  0.49688  0.49689 
 22.74500  0.45776  0.45793 
 22.84500  0.41908  0.41937 
 22.94500  0.38136  0.38158 
 23.04500  0.34487  0.34489 
 23.14500  0.30977  0.30961 
 23.24500  0.27625  0.27605 
 23.34500  0.24449  0.24437 
 23.44500  0.21479  0.21483 
 23.54500  0.18733  0.18750 
 23.64500  0.16223  0.16254 
 23.74500  0.13961  0.13996 
 23.84500  0.11945  0.11973 
 23.94500  0.10166  0.10188 
 24.04500  0.08619  0.08633 
 24.14500  0.07293  0.07303 
 24.24500  0.06180  0.06185 
 24.34500  0.05269  0.05273 
 24.44500  0.04554  0.04557 
 24.54500  0.04024  0.04030 
 24.64500  0.03678  0.03685 
 24.74500  0.03509  0.03514 
 24.84500  0.03514  0.03520 
 24.94500  0.03696  0.03702 
 25.04500  0.04054  0.04060 
 25.14500  0.04597  0.04600 
 25.24500  0.05326  0.05328 
 25.34500  0.06248  0.06254 
 25.44500  0.07376  0.07385 
 25.54500  0.08716  0.08733 
 25.64500  0.10279  0.10303 
 25.74500  0.12072  0.12103 
 25.84500  0.14106  0.14140 
 25.94500  0.16385  0.16416 
 26.04500  0.18910  0.18929 
 26.14500  0.21674  0.21676 
 26.24500  0.24659  0.24644 
 26.34500  0.27846  0.27824 
 26.44500  0.31210  0.31196 
 26.54500  0.34729  0.34735 
 26.64500  0.38386  0.38411 
 26.74500  0.42165  0.42196 
 26.84500  0.46038  0.46057 
 26.94500  0.49953  0.49955 
 27.04500  0.53864  0.53852 
 27.14500  0.57742  0.57714 
 27.24500  0.61526  0.61502 
 27.34500  0.65187  0.65185 
 27.44500  0.68712  0.68728 
 27.54500  0.72082  0.72107 
 27.64500  0.75279  0.75296 
 27.74500  0.78280  0.78278 
 27.84500  0.81057  0.81039 
 27.94500  0.83599  0.83572 
 28.04500  0.85903  0.85872 
 28.14500  0.87965  0.87938 
 28.24500  0.89793  0.89776 
 28.34500  0.91403  0.91392 
 28.44500  0.92801  0.92797 
 28.54500  0.94001  0.94001 
 28.64500  0.95019  0.95019 
 28.74500  0.95862  0.95862 
 28.84500  0.96545  0.96545 
 28.94500  0.97076  0.97074 
 29.04500  0.97469  0.97467 
 29.14500  0.97728  0.97724 
 29.24500  0.97858  0.97854 
 29.34500  0.97862  0.97859 
 29.44500  0.97742  0.97737 
 29.54500  0.97493  0.97490 
 29.64500  0.97113  0.97110 
 29.74500  0.96591  0.96594 
 29.84500  0.95921  0.95924 
 29.94500  0.95090  0.95091 
 30.04500  0.94088  0.94088 
 30.14500  0.92904  0.92898 
 30.24500  0.91520  0.91509 
 30.34500  0.89929  0.89910 
 30.44500  0.88118  0.88092 
 30.54500  0.86072  0.86041 
 30.64500  0.83789  0.83762 
 30.74500  0.81265  0.81248 
 30.84500  0.78505  0.78505 
 30.94500  0.75521  0.75538 
 31.04500  0.72341  0.72366 
 31.14500  0.68983  0.69001 
 31.24500  0.65468  0.65467 
 31.34500  0.61817  0.61796 
 31.44500  0.58044  0.58014 
 31.54500  0.54170  0.54158 
 31.64500  0.50259  0.50260 
 31.74500  0.46346  0.46359 
 31.84500  0.42464  0.42495 
 31.94500  0.38677  0.38702 
 32.04500  0.35008  0.35015 
 32.14500  0.31476  0.31463 
 32.24500  0.28098  0.28075 
 32.34500  0.24891  0.24876 
 32.44500  0.21884  0.21884 
 32.54500  0.19096  0.19113 
 32.64500  0.16542  0.16571 
 32.74500  0.14231  0.14265 
 32.84500  0.12163  0.12193 
 32.94500  0.10329  0.10352 
 33.04500  0.08722  0.08736 
 33.14500  0.07327  0.07336 
 33.24500  0.06138  0.06142 
 33.34500  0.05139  0.05141 
 33.44500  0.04321  0.04323 
 33.54500  0.03673  0.03678 
 33.64500  0.03188  0.03194 
 33.74500  0.02857  0.02866 
 33.84500  0.02676  0.02682 
 33.94500  0.02641  0.02648 
 34.04500  0.02751  0.02757 
 34.14500  0.03009  0.03012 
 34.24500  0.03417  0.03420 
 34.34500  0.03983  0.03986 
 34.44500  0.04716  0.04719 
 34.54500  0.05623  0.05628 
 34.64500  0.06720  0.06726 
 34.74500  0.08013  0.08024 
 34.84500  0.09513  0.09531 
 34.94500  0.11234  0.11261 
 35.04500  0.13189  0.13220 
 35.14500  0.15380  0.15412 
 35.24500  0.17813  0.17838 
 35.34500  0.20486  0.20497 
 35.44500  0.23390  0.23381 
 35.54500  0.26503  0.26481 
 35.64500  0.29799  0.29779 
 35.74500  0.33258  0.33252 
 35.84500  0.36860  0.36878 
 35.94500  0.40594  0.40623 
 36.04500  0.44431  0.44458 
 36.14500  0.48345  0.48345 
 36.24500  0.52248  0.52245 
 36.34500  0.56154  0.56131 
 36.44500  0.59980  0.59955 
 36.54500  0.63695  0.63684 
 36.64500  0.67277  0.67288 
 36.74500  0.70713  0.70738 
 36.84500  0.73985  0.74007 
 36.94500  0.77068  0.77077 
 37.04500  0.79938  0.79932 
 37.14500  0.82582  0.82556 
 37.24500  0.84983  0.84954 
 37.34500  0.87144  0.87116 
 37.44500  0.89068  0.89046 
 37.54500  0.90768  0.90753 
 37.64500  0.92252  0.92242 
 37.74500  0.93529  0.93529 
 37.84500  0.94622  0.94622 
 37.94500  0.95534  0.95535 
 38.04500  0.96284  0.96283 
 38.14500  0.96875  0.96875 
 38.24500  0.97323  0.97322 
 38.34500  0.97638  0.97634 
 38.44500  0.97818  0.97815 
 38.54500  0.97875  0.97872 
 38.64500  0.97806  0.97803 
 38.74500  0.97613  0.97609 
 38.84500  0.97286  0.97284 
 38.94500  0.96825  0.96824 
 39.04500  0.96217  0.96217 
 39.14500  0.95452  0.95454 
 39.24500  0.94524  0.94523 
 39.34500  0.93414  0.93413 
 39.44500  0.92115  0.92106 
 39.54500  0.90611  0.90593 
 39.64500  0.88891  0.88868 
 39.74500  0.86943  0.86914 
 39.84500  0.84758  0.84729 
 39.94500  0.82334  0.82312 
 40.04500  0.79669  0.79659 
 40.14500  0.76777  0.76786 
 40.24500  0.73673  0.73695 
 40.34500  0.70386  0.70408 
 40.44500  0.66934  0.66943 
 40.54500  0.63338  0.63323 
 40.64500  0.59610  0.59585 
 40.74500  0.55777  0.55755 
 40.84500  0.51869  0.51868 
 40.94500  0.47964  0.47965 
 41.04500  0.44059  0.44087 
 41.14500  0.40229  0.40262 
 41.24500  0.36515  0.36530 
 41.34500  0.32929  0.32922 
 41.44500  0.29491  0.29472 
 41.54500  0.26222  0.26203 
 41.64500  0.23141  0.23134 
 41.74500  0.20278  0.20288 
 41.84500  0.17650  0.17676 
 41.94500  0.15273  0.15304 
 42.04500  0.13144  0.13177 
 42.14500  0.11269  0.11297 
 42.24500  0.09640  0.09661 
 42.34500  0.08249  0.08262 
 42.44500  0.07089  0.07097 
 42.54500  0.06155  0.06160 
 42.64500  0.05441  0.05445 
 42.74500  0.04939  0.04944 
 42.84500  0.04649  0.04654 
 42.94500  0.04568  0.04572 
 43.04500  0.04693  0.04699 
 43.14500  0.05030  0.05033 
 43.24500  0.05579  0.05582 
 43.34500  0.06339  0.06345 
 43.44500  0.07322  0.07331 
 43.54500  0.08531  0.08546 
 43.64500  0.09974  0.09994 
 43.74500  0.11656  0.11684 
 43.84500  0.13584  0.13618 
 43.94500  0.15766  0.15799 
 44.04500  0.18200  0.18223 
 44.14500  0.20879  0.20888 
 44.24500  0.23792  0.23783 
 44.34500  0.26917  0.26895 
 44.44500  0.30225  0.30207 
 44.54500  0.33693  0.33693 
 44.64500  0.37311  0.37329 
 44.74500  0.41053  0.41083 
 44.84500  0.44901  0.44925 
 44.94500  0.48812  0.48815 
 45.04500  0.52718  0.52714 
 45.14500  0.56614  0.56588 
 45.24500  0.60426  0.60401 
 45.34500  0.64123  0.64114 
 45.44500  0.67688  0.67699 
 45.54500  0.71101  0.71123 
 45.64500  0.74343  0.74365 
 45.74500  0.77394  0.77400 
 45.84500  0.80226  0.80217 
 45.94500  0.82824  0.82801 
 46.04500  0.85176  0.85145 
 46.14500  0.87280  0.87250 
 46.24500  0.89135  0.89114 
 46.34500  0.90758  0.90744 
 46.44500  0.92152  0.92144 
 46.54500  0.93325  0.93322 
 46.64500  0.94287  0.94285 
 46.74500  0.95045  0.95045 
 46.84500  0.95608  0.95605 
 46.94500  0.95978  0.95976 
 47.04500  0.96159  0.96155 
 47.14500  0.96155  0.96150 
 47.24500  0.95963  0.95960 
 47.34500  0.95585  0.95585 
 47.44500  0.95015  0.95014 
 47.54500  0.94248  0.94246 
 47.64500  0.93275  0.93271 
 47.74500  0.92093  0.92085 
 47.84500  0.90689  0.90674 
 47.94500  0.89057  0.89032 
 48.04500  0.87187  0.87156 
 48.14500  0.85071  0.85039 
 48.24500  0.82709  0.82685 
 48.34500  0.80101  0.80089 
 48.44500  0.77258  0.77264 
 48.54500  0.74198  0.74218 
 48.64500  0.70944  0.70968 
 48.74500  0.67525  0.67536 
 48.84500  0.63953  0.63944 
 48.94500  0.60252  0.60224 
 49.04500  0.56434  0.56409 
 49.14500  0.52533  0.52532 
 49.24500  0.48627  0.48626 
 49.34500  0.44715  0.44739 
 49.44500  0.40868  0.40901 
 49.54500  0.37128  0.37147 
 49.64500  0.33513  0.33509 
 49.74500  0.30041  0.30024 
 49.84500  0.26730  0.26709 
 49.94500  0.23601  0.23591 
 50.04500  0.20679  0.20687 
 50.14500  0.17982  0.18004 
 50.24500  0.15522  0.15556 
 50.34500  0.13306  0.13335 
 50.44500  0.11319  0.11346 
 50.54500  0.09563  0.09583 
 50.64500  0.08020  0.08031 
 50.74500  0.06677  0.06683 
 50.84500  0.05524  0.05527 
 50.94500  0.04545  0.04544 
 51.04500  0.03723  0.03726 
 51.14500  0.03048  0.03052 
 51.24500  0.02508  0.02511 
 51.34500  0.02089  0.02093 
 51.44500  0.01781  0.01786 
 51.54500  0.01578  0.01583 
 51.64500  0.01473  0.01478 
 51.74500  0.01465  0.01470 
 51.84500  0.01552  0.01556 
 51.94500  0.01736  0.01739 
 52.04500  0.02022  0.02027 
 52.14500  0.02421  0.02426 
 52.24500  0.02938  0.02940 
 52.34500  0.03587  0.03589 
 52.44500  0.04381  0.04381 
 52.54500  0.05327  0.05332 
 52.64500  0.06450  0.06455 
 52.74500  0.07755  0.07765 
 52.84500  0.09257  0.09277 
 52.94500  0.10974  0.11001 
 53.04500  0.12915  0.12946 
 53.14500  0.15090  0.15124 
 53.24500  0.17506  0.17532 
 53.34500  0.20156  0.20170 
 53.44500  0.23040  0.23034 
 53.54500  0.26133  0.26113 
 53.64500  0.29411  0.29389 
 53.74500  0.32853  0.32846 
 53.84500  0.36443  0.36459 
 53.94500  0.40161  0.40192 
 54.04500  0.43991  0.44018 
 54.14500  0.47900  0.47905 
 54.24500  0.51802  0.51805 
 54.34500  0.55714  0.55691 
 54.44500  0.59548  0.59519 
 54.54500  0.63276  0.63262 
 54.64500  0.66873  0.66883 
 54.74500  0.70326  0.70351 
 54.84500  0.73616  0.73639 
 54.94500  0.76721  0.76730 
 55.04500  0.79614  0.79607 
 55.14500  0.82276  0.82254 
 55.24500  0.84700  0.84669 
 55.34500  0.86877  0.86849 
 55.44500  0.88816  0.88793 
 55.54500  0.90524  0.90508 
 55.64500  0.92010  0.92002 
 55.74500  0.93284  0.93282 
 55.84500  0.94360  0.94361 
 55.94500  0.95245  0.95245 
 56.04500  0.95952  0.95951 
 56.14500  0.96489  0.96484 
 56.24500  0.96860  0.96859 
 56.34500  0.97075  0.97069 
 56.44500  0.97133  0.97130 
 56.54500  0.97037  0.97034 
 56.64500  0.96789  0.96787 
 56.74500  0.96382  0.96380 
 56.84500  0.95809  0.95806 
 56.94500  0.95062  0.95063 
 57.04500  0.94134  0.94133 
 57.14500  0.93014  0.93011 
 57.24500  0.91694  0.91685 
 57.34500  0.90160  0.90142 
 57.44500  0.88401  0.88376 
 57.54500  0.86409  0.86377 
 57.64500  0.84176  0.84146 
 57.74500  0.81696  0.81679 
 57.84500  0.78981  0.78979 
 57.94500  0.76039  0.76051 
 58.04500  0.72894  0.72916 
 58.14500  0.69563  0.69583 
 58.24500  0.66077  0.66080 
 58.34500  0.62450  0.62430 
 58.44500  0.58694  0.58666 
 58.54500  0.54837  0.54818 
 58.64500  0.50924  0.50925 
 58.74500  0.47014  0.47025 
 58.84500  0.43121  0.43151 
 58.94500  0.39313  0.39341 
 59.04500  0.35622  0.35632 
 59.14500  0.32064  0.32053 
 59.24500  0.28655  0.28635 
 59.34500  0.25419  0.25399 
 59.44500  0.22370  0.22368 
 59.54500  0.19537  0.19552 
 59.64500  0.16937  0.16963 
 59.74500  0.14574  0.14606 
 59.84500  0.12450  0.12479 
 59.94500  0.10555  0.10579 
 60.04500  0.08882  0.08897 
 60.14500  0.07415  0.07423 
 60.24500  0.06139  0.06144 
 60.34500  0.05041  0.05043 
 60.44500  0.04105  0.04106 
 60.54500  0.03312  0.03313 
 60.64500  0.02652  0.02654 
 60.74500  0.02104  0.02107 
 60.84500  0.01655  0.01657 
 60.94500  0.01291  0.01292 
 61.04500  0.00998  0.01002 
 61.14500  0.00764  0.00770 
 61.24500  0.00582  0.00583 
 61.34500  0.00439  0.00442 
 61.44500  0.00327  0.00327 
 61.54500  0.00242  0.00243 
 61.64500  0.00178  0.00179 
 61.74500  0.00131  0.00131 
 61.84500  0.00094  0.00094 
 61.94500  0.00067  0.00068 
 62.04500  0.00047  0.00047 
 62.14500  0.00034  0.00034 
 62.24500  0.00022  0.00023 
 62.34500  0.00017  0.00017 
 62.44500  0.00009  0.00010 
 62.54500  0.00005  0.00010 
 62.64500  0.00004  0.00005 
 62.74500  0.00003  0.00000 
 62.84500  0.00002  0.00000 
 62.94500  0.00001  0.00000 
 63.04500  0.00002  0.00000 
 63.14500 -0.00000  0.00000 
 63.24500 -0.00000  0.00000 
 63.34500 -0.00000  0.00000 
 63.44500 -0.00001  0.00000 
