  0.04500  0.72883  0.72889 
  0.14500  0.72878  0.72879 
  0.24500  0.72865  0.72866 
  0.34500  0.72844  0.72845 
  0.44500  0.72818  0.72818 
  0.54500  0.72784  0.72784 
  0.64500  0.72740  0.72742 
  0.74500  0.72693  0.72695 
  0.84500  0.72637  0.72638 
  0.94500  0.72575  0.72577 
  1.04500  0.72507  0.72508 
  1.14500  0.72431  0.72434 
  1.24500  0.72350  0.72351 
  1.34500  0.72264  0.72264 
  1.44500  0.72168  0.72169 
  1.54500  0.72069  0.72068 
  1.64500  0.71962  0.71963 
  1.74500  0.71850  0.71850 
  1.84500  0.71732  0.71732 
  1.94500  0.71608  0.71607 
  2.04500  0.71480  0.71480 
  2.14500  0.71344  0.71344 
  2.24500  0.71203  0.71204 
  2.34500  0.71060  0.71059 
  2.44500  0.70907  0.70910 
  2.54500  0.70753  0.70753 
  2.64500  0.70594  0.70594 
  2.74500  0.70430  0.70431 
  2.84500  0.70262  0.70262 
  2.94500  0.70090  0.70090 
  3.04500  0.69912  0.69913 
  3.14500  0.69732  0.69734 
  3.24500  0.69549  0.69550 
  3.34500  0.69363  0.69363 
  3.44500  0.69172  0.69173 
  3.54500  0.68978  0.68980 
  3.64500  0.68783  0.68784 
  3.74500  0.68585  0.68590 
  3.84500  0.68384  0.68388 
  3.94500  0.68180  0.68180 
  4.04500  0.67977  0.67979 
  4.14500  0.67769  0.67770 
  4.24500  0.67561  0.67562 
  4.34500  0.67351  0.67353 
  4.44500  0.67140  0.67142 
  4.54500  0.66926  0.66930 
  4.64500  0.66714  0.66716 
  4.74500  0.66499  0.66503 
  4.84500  0.66286  0.66288 
  4.94500  0.66072  0.66074 
  5.04500  0.65857  0.65859 
  5.14500  0.65641  0.65645 
  5.24500  0.65427  0.65430 
  5.34500  0.65213  0.65215 
  5.44500  0.64999  0.65003 
  5.54500  0.64787  0.64788 
  5.64500  0.64573  0.64576 
  5.74500  0.64360  0.64365 
  5.84500  0.64151  0.64154 
  5.94500  0.63942  0.63945 
  6.04500  0.63733  0.63739 
  6.14500  0.63526  0.63530 
  6.24500  0.63323  0.63328 
  6.34500  0.63118  0.63120 
  6.44500  0.62918  0.62920 
  6.54500  0.62718  0.62720 
  6.64500  0.62520  0.62525 
  6.74500  0.62325  0.62330 
  6.84500  0.62132  0.62137 
  6.94500  0.61943  0.61945 
  7.04500  0.61751  0.61756 
  7.14500  0.61566  0.61571 
  7.24500  0.61382  0.61387 
  7.34500  0.61201  0.61206 
  7.44500  0.61023  0.61028 
  7.54500  0.60846  0.60850 
  7.64500  0.60673  0.60678 
  7.74500  0.60501  0.60507 
  7.84500  0.60335  0.60338 
  7.94500  0.60170  0.60175 
  8.04500  0.60007  0.60012 
  8.14500  0.59847  0.59852 
  8.24500  0.59690  0.59696 
  8.34500  0.59536  0.59541 
  8.44500  0.59385  0.59390 
  8.54500  0.59237  0.59243 
  8.64500  0.59093  0.59097 
  8.74500  0.58949  0.58955 
  8.84500  0.58810  0.58815 
  8.94500  0.58672  0.58678 
  9.04500  0.58537  0.58543 
  9.14500  0.58405  0.58411 
  9.24500  0.58278  0.58283 
  9.34500  0.58150  0.58157 
  9.44500  0.58026  0.58033 
  9.54500  0.57906  0.57912 
  9.64500  0.57786  0.57793 
  9.74500  0.57672  0.57678 
  9.84500  0.57559  0.57563 
  9.94500  0.57448  0.57453 
 10.04500  0.57339  0.57345 
 10.14500  0.57233  0.57236 
 10.24500  0.57129  0.57135 
 10.34500  0.57027  0.57035 
 10.44500  0.56927  0.56935 
 10.54500  0.56829  0.56835 
 10.64500  0.56736  0.56740 
 10.74500  0.56641  0.56646 
 10.84500  0.56552  0.56556 
 10.94500  0.56463  0.56467 
 11.04500  0.56375  0.56379 
 11.14500  0.56289  0.56293 
 11.24500  0.56204  0.56210 
 11.34500  0.56121  0.56127 
 11.44500  0.56042  0.56046 
 11.54500  0.55962  0.55968 
 11.64500  0.55886  0.55891 
 11.74500  0.55809  0.55815 
 11.84500  0.55735  0.55740 
 11.94500  0.55662  0.55668 
 12.04500  0.55591  0.55596 
 12.14500  0.55520  0.55526 
 12.24500  0.55452  0.55457 
 12.34500  0.55384  0.55390 
 12.44500  0.55318  0.55323 
 12.54500  0.55252  0.55258 
 12.64500  0.55188  0.55193 
 12.74500  0.55126  0.55130 
 12.84500  0.55062  0.55069 
 12.94500  0.55002  0.55007 
 13.04500  0.54942  0.54947 
 13.14500  0.54884  0.54888 
 13.24500  0.54825  0.54830 
 13.34500  0.54768  0.54773 
 13.44500  0.54711  0.54716 
 13.54500  0.54655  0.54661 
 13.64500  0.54601  0.54606 
 13.74500  0.54545  0.54552 
 13.84500  0.54493  0.54500 
 13.94500  0.54443  0.54445 
 14.04500  0.54392  0.54395 
 14.14500  0.54336  0.54345 
 14.24500  0.54287  0.54295 
 14.34500  0.54238  0.54245 
 14.44500  0.54189  0.54195 
 14.54500  0.54141  0.54145 
 14.64500  0.54094  0.54099 
 14.74500  0.54045  0.54050 
 14.84500  0.53998  0.54005 
 14.94500  0.53954  0.53959 
 15.04500  0.53907  0.53913 
 15.14500  0.53862  0.53869 
 15.24500  0.53819  0.53824 
 15.34500  0.53775  0.53781 
 15.44500  0.53733  0.53738 
 15.54500  0.53689  0.53695 
 15.64500  0.53647  0.53653 
 15.74500  0.53606  0.53612 
 15.84500  0.53565  0.53571 
 15.94500  0.53524  0.53530 
 16.04500  0.53484  0.53490 
 16.14500  0.53445  0.53451 
 16.24500  0.53407  0.53412 
 16.34500  0.53368  0.53374 
 16.44500  0.53330  0.53336 
 16.54500  0.53292  0.53299 
 16.64500  0.53255  0.53262 
 16.74500  0.53220  0.53225 
 16.84500  0.53183  0.53189 
 16.94500  0.53149  0.53154 
 17.04500  0.53112  0.53118 
 17.14500  0.53076  0.53085 
 17.24500  0.53044  0.53050 
 17.34500  0.53010  0.53015 
 17.44500  0.52977  0.52982 
 17.54500  0.52944  0.52951 
 17.64500  0.52912  0.52918 
 17.74500  0.52880  0.52885 
 17.84500  0.52849  0.52855 
 17.94500  0.52817  0.52823 
 18.04500  0.52785  0.52793 
 18.14500  0.52755  0.52762 
 18.24500  0.52728  0.52733 
 18.34500  0.52697  0.52703 
 18.44500  0.52667  0.52674 
 18.54500  0.52638  0.52646 
 18.64500  0.52611  0.52617 
 18.74500  0.52583  0.52590 
 18.84500  0.52555  0.52561 
 18.94500  0.52530  0.52535 
 19.04500  0.52502  0.52508 
 19.14500  0.52476  0.52481 
 19.24500  0.52450  0.52455 
 19.34500  0.52424  0.52430 
 19.44500  0.52399  0.52405 
 19.54500  0.52374  0.52380 
 19.64500  0.52351  0.52355 
 19.74500  0.52326  0.52331 
 19.84500  0.52302  0.52308 
 19.94500  0.52278  0.52283 
 20.04500  0.52256  0.52260 
 20.14500  0.52232  0.52238 
 20.24500  0.52210  0.52216 
 20.34500  0.52188  0.52193 
 20.44500  0.52167  0.52172 
 20.54500  0.52145  0.52151 
 20.64500  0.52124  0.52130 
 20.74500  0.52105  0.52109 
 20.84500  0.52083  0.52089 
 20.94500  0.52064  0.52069 
 21.04500  0.52045  0.52050 
 21.14500  0.52026  0.52031 
 21.24500  0.52006  0.52013 
 21.34500  0.51988  0.51995 
 21.44500  0.51971  0.51976 
 21.54500  0.51954  0.51958 
 21.64500  0.51938  0.51942 
 21.74500  0.51921  0.51925 
 21.84500  0.51904  0.51908 
 21.94500  0.51889  0.51894 
 22.04500  0.51873  0.51877 
 22.14500  0.51858  0.51863 
 22.24500  0.51842  0.51847 
 22.34500  0.51829  0.51834 
 22.44500  0.51815  0.51820 
 22.54500  0.51803  0.51806 
 22.64500  0.51788  0.51794 
 22.74500  0.51776  0.51782 
 22.84500  0.51764  0.51769 
 22.94500  0.51754  0.51758 
 23.04500  0.51742  0.51747 
 23.14500  0.51732  0.51736 
 23.24500  0.51721  0.51726 
 23.34500  0.51711  0.51716 
 23.44500  0.51701  0.51707 
 23.54500  0.51692  0.51698 
 23.64500  0.51684  0.51690 
 23.74500  0.51676  0.51680 
 23.84500  0.51668  0.51673 
 23.94500  0.51660  0.51666 
 24.04500  0.51656  0.51660 
 24.14500  0.51647  0.51651 
 24.24500  0.51643  0.51647 
 24.34500  0.51634  0.51640 
 24.44500  0.51628  0.51635 
 24.54500  0.51625  0.51630 
 24.64500  0.51622  0.51626 
 24.74500  0.51614  0.51620 
 24.84500  0.51610  0.51620 
 24.94500  0.51609  0.51610 
 25.04500  0.51605  0.51610 
 25.14500  0.51602  0.51610 
 25.24500  0.51599  0.51600 
 25.34500  0.51596  0.51600 
 25.44500  0.51593  0.51600 
 25.54500  0.51594  0.51600 
 25.64500  0.51591  0.51592 
 25.74500  0.51590  0.51590 
 25.84500  0.51585  0.51590 
 25.94500  0.51585  0.51590 
 26.04500  0.51585  0.51590 
 26.14500  0.51581  0.51590 
 26.24500  0.51580  0.51587 
 26.34500  0.51580  0.51580 
 26.44500  0.51580  0.51580 
 26.54500  0.51577  0.51580 
 26.64500  0.51580  0.51580 
 26.74500  0.51575  0.51580 
 26.84500  0.51573  0.51580 
 26.94500  0.51574  0.51580 
 27.04500  0.51575  0.51580 
 27.14500  0.51570  0.51572 
 27.24500  0.51568  0.51570 
 27.34500  0.51568  0.51570 
 27.44500  0.51567  0.51570 
 27.54500  0.51564  0.51570 
 27.64500  0.51562  0.51569 
 27.74500  0.51561  0.51560 
 27.84500  0.51556  0.51560 
 27.94500  0.51558  0.51560 
 28.04500  0.51551  0.51559 
 28.14500  0.51549  0.51550 
 28.24500  0.51549  0.51550 
 28.34500  0.51546  0.51549 
 28.44500  0.51541  0.51540 
 28.54500  0.51537  0.51540 
 28.64500  0.51534  0.51534 
 28.74500  0.51526  0.51530 
 28.84500  0.51524  0.51527 
 28.94500  0.51518  0.51520 
 29.04500  0.51513  0.51517 
 29.14500  0.51508  0.51510 
 29.24500  0.51502  0.51505 
 29.34500  0.51497  0.51500 
 29.44500  0.51492  0.51492 
 29.54500  0.51485  0.51488 
 29.64500  0.51478  0.51480 
 29.74500  0.51473  0.51474 
 29.84500  0.51464  0.51469 
 29.94500  0.51459  0.51460 
 30.04500  0.51452  0.51453 
 30.14500  0.51444  0.51447 
 30.24500  0.51437  0.51440 
 30.34500  0.51430  0.51431 
 30.44500  0.51423  0.51425 
 30.54500  0.51414  0.51419 
 30.64500  0.51409  0.51410 
 30.74500  0.51402  0.51402 
 30.84500  0.51393  0.51396 
 30.94500  0.51386  0.51390 
 31.04500  0.51379  0.51380 
 31.14500  0.51372  0.51374 
 31.24500  0.51365  0.51368 
 31.34500  0.51356  0.51360 
 31.44500  0.51350  0.51353 
 31.54500  0.51346  0.51349 
 31.64500  0.51339  0.51340 
 31.74500  0.51332  0.51336 
 31.84500  0.51329  0.51330 
 31.94500  0.51324  0.51324 
 32.04500  0.51316  0.51320 
 32.14500  0.51312  0.51314 
 32.24500  0.51306  0.51310 
 32.34500  0.51301  0.51308 
 32.44500  0.51299  0.51300 
 32.54500  0.51296  0.51300 
 32.64500  0.51292  0.51300 
 32.74500  0.51291  0.51293 
 32.84500  0.51289  0.51290 
 32.94500  0.51287  0.51290 
 33.04500  0.51288  0.51290 
 33.14500  0.51291  0.51290 
 33.24500  0.51291  0.51290 
 33.34500  0.51289  0.51290 
 33.44500  0.51290  0.51290 
 33.54500  0.51292  0.51294 
 33.64500  0.51294  0.51300 
 33.74500  0.51301  0.51300 
 33.84500  0.51303  0.51301 
 33.94500  0.51304  0.51310 
 34.04500  0.51309  0.51310 
 34.14500  0.51316  0.51320 
 34.24500  0.51321  0.51322 
 34.34500  0.51327  0.51330 
 34.44500  0.51332  0.51337 
 34.54500  0.51344  0.51343 
 34.64500  0.51348  0.51350 
 34.74500  0.51357  0.51360 
 34.84500  0.51367  0.51368 
 34.94500  0.51376  0.51377 
 35.04500  0.51384  0.51387 
 35.14500  0.51395  0.51397 
 35.24500  0.51405  0.51407 
 35.34500  0.51414  0.51417 
 35.44500  0.51427  0.51428 
 35.54500  0.51438  0.51439 
 35.64500  0.51451  0.51452 
 35.74500  0.51463  0.51463 
 35.84500  0.51474  0.51475 
 35.94500  0.51486  0.51487 
 36.04500  0.51499  0.51500 
 36.14500  0.51508  0.51513 
 36.24500  0.51526  0.51525 
 36.34500  0.51537  0.51537 
 36.44500  0.51548  0.51550 
 36.54500  0.51559  0.51563 
 36.64500  0.51574  0.51575 
 36.74500  0.51587  0.51587 
 36.84500  0.51598  0.51599 
 36.94500  0.51610  0.51612 
 37.04500  0.51622  0.51623 
 37.14500  0.51636  0.51635 
 37.24500  0.51647  0.51646 
 37.34500  0.51657  0.51657 
 37.44500  0.51668  0.51667 
 37.54500  0.51678  0.51678 
 37.64500  0.51687  0.51688 
 37.74500  0.51697  0.51697 
 37.84500  0.51706  0.51706 
 37.94500  0.51715  0.51714 
 38.04500  0.51722  0.51720 
 38.14500  0.51728  0.51730 
 38.24500  0.51734  0.51735 
 38.34500  0.51742  0.51740 
 38.44500  0.51746  0.51747 
 38.54500  0.51749  0.51750 
 38.64500  0.51755  0.51751 
 38.74500  0.51756  0.51760 
 38.84500  0.51760  0.51760 
 38.94500  0.51759  0.51760 
 39.04500  0.51761  0.51760 
 39.14500  0.51762  0.51760 
 39.24500  0.51758  0.51760 
 39.34500  0.51754  0.51759 
 39.44500  0.51754  0.51750 
 39.54500  0.51747  0.51750 
 39.64500  0.51744  0.51742 
 39.74500  0.51737  0.51739 
 39.84500  0.51730  0.51730 
 39.94500  0.51723  0.51722 
 40.04500  0.51714  0.51713 
 40.14500  0.51703  0.51703 
 40.24500  0.51692  0.51692 
 40.34500  0.51680  0.51680 
 40.44500  0.51666  0.51666 
 40.54500  0.51652  0.51653 
 40.64500  0.51637  0.51636 
 40.74500  0.51622  0.51620 
 40.84500  0.51607  0.51604 
 40.94500  0.51583  0.51585 
 41.04500  0.51566  0.51565 
 41.14500  0.51546  0.51545 
 41.24500  0.51526  0.51523 
 41.34500  0.51502  0.51501 
 41.44500  0.51478  0.51478 
 41.54500  0.51454  0.51452 
 41.64500  0.51428  0.51428 
 41.74500  0.51402  0.51401 
 41.84500  0.51375  0.51374 
 41.94500  0.51346  0.51346 
 42.04500  0.51317  0.51316 
 42.14500  0.51286  0.51285 
 42.24500  0.51254  0.51255 
 42.34500  0.51223  0.51222 
 42.44500  0.51190  0.51188 
 42.54500  0.51156  0.51155 
 42.64500  0.51121  0.51119 
 42.74500  0.51083  0.51084 
 42.84500  0.51047  0.51046 
 42.94500  0.51009  0.51009 
 43.04500  0.50972  0.50970 
 43.14500  0.50932  0.50930 
 43.24500  0.50892  0.50890 
 43.34500  0.50851  0.50850 
 43.44500  0.50809  0.50808 
 43.54500  0.50767  0.50765 
 43.64500  0.50723  0.50722 
 43.74500  0.50679  0.50678 
 43.84500  0.50635  0.50633 
 43.94500  0.50588  0.50587 
 44.04500  0.50542  0.50540 
 44.14500  0.50495  0.50495 
 44.24500  0.50447  0.50445 
 44.34500  0.50398  0.50399 
 44.44500  0.50351  0.50350 
 44.54500  0.50302  0.50300 
 44.64500  0.50252  0.50250 
 44.74500  0.50200  0.50200 
 44.84500  0.50148  0.50146 
 44.94500  0.50095  0.50095 
 45.04500  0.50046  0.50043 
 45.14500  0.49991  0.49990 
 45.24500  0.49937  0.49936 
 45.34500  0.49882  0.49883 
 45.44500  0.49830  0.49828 
 45.54500  0.49775  0.49773 
 45.64500  0.49721  0.49717 
 45.74500  0.49665  0.49662 
 45.84500  0.49607  0.49606 
 45.94500  0.49551  0.49548 
 46.04500  0.49494  0.49493 
 46.14500  0.49436  0.49435 
 46.24500  0.49379  0.49377 
 46.34500  0.49321  0.49319 
 46.44500  0.49262  0.49261 
 46.54500  0.49205  0.49203 
 46.64500  0.49145  0.49144 
 46.74500  0.49086  0.49085 
 46.84500  0.49027  0.49026 
 46.94500  0.48968  0.48967 
 47.04500  0.48909  0.48907 
 47.14500  0.48848  0.48847 
 47.24500  0.48789  0.48787 
 47.34500  0.48728  0.48727 
 47.44500  0.48668  0.48667 
 47.54500  0.48608  0.48607 
 47.64500  0.48547  0.48547 
 47.74500  0.48487  0.48485 
 47.84500  0.48426  0.48425 
 47.94500  0.48365  0.48365 
 48.04500  0.48304  0.48304 
 48.14500  0.48245  0.48243 
 48.24500  0.48184  0.48183 
 48.34500  0.48125  0.48122 
 48.44500  0.48062  0.48061 
 48.54500  0.48002  0.48001 
 48.64500  0.47941  0.47940 
 48.74500  0.47879  0.47879 
 48.84500  0.47818  0.47819 
 48.94500  0.47757  0.47759 
 49.04500  0.47698  0.47697 
 49.14500  0.47640  0.47637 
 49.24500  0.47575  0.47577 
 49.34500  0.47515  0.47515 
 49.44500  0.47456  0.47455 
 49.54500  0.47396  0.47395 
 49.64500  0.47334  0.47334 
 49.74500  0.47274  0.47273 
 49.84500  0.47212  0.47212 
 49.94500  0.47151  0.47151 
 50.04500  0.47090  0.47091 
 50.14500  0.47029  0.47029 
 50.24500  0.46968  0.46969 
 50.34500  0.46906  0.46907 
 50.44500  0.46845  0.46845 
 50.54500  0.46783  0.46783 
 50.64500  0.46722  0.46721 
 50.74500  0.46660  0.46659 
 50.84500  0.46597  0.46596 
 50.94500  0.46533  0.46532 
 51.04500  0.46468  0.46469 
 51.14500  0.46405  0.46404 
 51.24500  0.46340  0.46340 
 51.34500  0.46275  0.46273 
 51.44500  0.46209  0.46210 
 51.54500  0.46142  0.46143 
 51.64500  0.46075  0.46073 
 51.74500  0.46007  0.46007 
 51.84500  0.45938  0.45937 
 51.94500  0.45868  0.45866 
 52.04500  0.45795  0.45795 
 52.14500  0.45723  0.45724 
 52.24500  0.45651  0.45650 
 52.34500  0.45576  0.45575 
 52.44500  0.45500  0.45500 
 52.54500  0.45425  0.45423 
 52.64500  0.45345  0.45344 
 52.74500  0.45265  0.45264 
 52.84500  0.45182  0.45181 
 52.94500  0.45100  0.45099 
 53.04500  0.45015  0.45013 
 53.14500  0.44928  0.44927 
 53.24500  0.44839  0.44838 
 53.34500  0.44747  0.44746 
 53.44500  0.44655  0.44655 
 53.54500  0.44560  0.44559 
 53.64500  0.44463  0.44465 
 53.74500  0.44364  0.44365 
 53.84500  0.44264  0.44265 
 53.94500  0.44158  0.44155 
 54.04500  0.44053  0.44052 
 54.14500  0.43941  0.43943 
 54.24500  0.43833  0.43831 
 54.34500  0.43718  0.43718 
 54.44500  0.43601  0.43600 
 54.54500  0.43482  0.43482 
 54.64500  0.43358  0.43359 
 54.74500  0.43233  0.43235 
 54.84500  0.43106  0.43106 
 54.94500  0.42978  0.42976 
 55.04500  0.42844  0.42842 
 55.14500  0.42707  0.42705 
 55.24500  0.42568  0.42566 
 55.34500  0.42424  0.42424 
 55.44500  0.42279  0.42278 
 55.54500  0.42131  0.42130 
 55.64500  0.41979  0.41979 
 55.74500  0.41823  0.41823 
 55.84500  0.41667  0.41666 
 55.94500  0.41507  0.41506 
 56.04500  0.41343  0.41343 
 56.14500  0.41177  0.41177 
 56.24500  0.41008  0.41007 
 56.34500  0.40836  0.40835 
 56.44500  0.40661  0.40660 
 56.54500  0.40482  0.40483 
 56.64500  0.40304  0.40303 
 56.74500  0.40119  0.40120 
 56.84500  0.39934  0.39935 
 56.94500  0.39746  0.39747 
 57.04500  0.39556  0.39557 
 57.14500  0.39363  0.39364 
 57.24500  0.39168  0.39170 
 57.34500  0.38972  0.38970 
 57.44500  0.38772  0.38770 
 57.54500  0.38572  0.38570 
 57.64500  0.38369  0.38370 
 57.74500  0.38166  0.38167 
 57.84500  0.37960  0.37960 
 57.94500  0.37752  0.37753 
 58.04500  0.37544  0.37545 
 58.14500  0.37335  0.37336 
 58.24500  0.37123  0.37126 
 58.34500  0.36912  0.36915 
 58.44500  0.36702  0.36704 
 58.54500  0.36490  0.36492 
 58.64500  0.36278  0.36278 
 58.74500  0.36063  0.36067 
 58.84500  0.35854  0.35855 
 58.94500  0.35642  0.35643 
 59.04500  0.35430  0.35432 
 59.14500  0.35220  0.35221 
 59.24500  0.35010  0.35011 
 59.34500  0.34801  0.34802 
 59.44500  0.34592  0.34596 
 59.54500  0.34387  0.34390 
 59.64500  0.34182  0.34186 
 59.74500  0.33980  0.33980 
 59.84500  0.33780  0.33780 
 59.94500  0.33583  0.33585 
 60.04500  0.33388  0.33390 
 60.14500  0.33194  0.33197 
 60.24500  0.33004  0.33007 
 60.34500  0.32817  0.32821 
 60.44500  0.32634  0.32637 
 60.54500  0.32454  0.32458 
 60.64500  0.32278  0.32280 
 60.74500  0.32106  0.32109 
 60.84500  0.31936  0.31942 
 60.94500  0.31773  0.31776 
 61.04500  0.31613  0.31618 
 61.14500  0.31459  0.31463 
 61.24500  0.31310  0.31313 
 61.34500  0.31163  0.31168 
 61.44500  0.31025  0.31029 
 61.54500  0.30889  0.30894 
 61.64500  0.30762  0.30765 
 61.74500  0.30638  0.30642 
 61.84500  0.30521  0.30524 
 61.94500  0.30409  0.30414 
 62.04500  0.30305  0.30305 
 62.14500  0.30206  0.30207 
 62.24500  0.30112  0.30116 
 62.34500  0.30024  0.30029 
 62.44500  0.29947  0.29950 
 62.54500  0.29872  0.29877 
 62.64500  0.29804  0.29810 
 62.74500  0.29745  0.29750 
 62.84500  0.29693  0.29696 
 62.94500  0.29648  0.29651 
 63.04500  0.29607  0.29612 
 63.14500  0.29575  0.29580 
 63.24500  0.29551  0.29556 
 63.34500  0.29533  0.29537 
 63.44500  0.29524  0.29529 
