  0.04500  0.99414  0.99417 
  0.14500  0.99399  0.99398 
  0.24500  0.99358  0.99360 
  0.34500  0.99301  0.99299 
  0.44500  0.99219  0.99217 
  0.54500  0.99113  0.99112 
  0.64500  0.98983  0.98984 
  0.74500  0.98826  0.98827 
  0.84500  0.98638  0.98640 
  0.94500  0.98419  0.98420 
  1.04500  0.98166  0.98166 
  1.14500  0.97870  0.97872 
  1.24500  0.97538  0.97536 
  1.34500  0.97155  0.97155 
  1.44500  0.96720  0.96721 
  1.54500  0.96235  0.96233 
  1.64500  0.95687  0.95686 
  1.74500  0.95073  0.95077 
  1.84500  0.94398  0.94400 
  1.94500  0.93647  0.93648 
  2.04500  0.92821  0.92824 
  2.14500  0.91917  0.91916 
  2.24500  0.90927  0.90925 
  2.34500  0.89843  0.89848 
  2.44500  0.88676  0.88677 
  2.54500  0.87417  0.87414 
  2.64500  0.86057  0.86057 
  2.74500  0.84602  0.84604 
  2.84500  0.83056  0.83056 
  2.94500  0.81406  0.81410 
  3.04500  0.79665  0.79668 
  3.14500  0.77830  0.77831 
  3.24500  0.75907  0.75905 
  3.34500  0.73892  0.73892 
  3.44500  0.71800  0.71798 
  3.54500  0.69631  0.69628 
  3.64500  0.67392  0.67388 
  3.74500  0.65085  0.65082 
  3.84500  0.62723  0.62724 
  3.94500  0.60312  0.60318 
  4.04500  0.57867  0.57878 
  4.14500  0.55396  0.55409 
  4.24500  0.52914  0.52927 
  4.34500  0.50434  0.50438 
  4.44500  0.47964  0.47955 
  4.54500  0.45503  0.45491 
  4.64500  0.43065  0.43056 
  4.74500  0.40666  0.40662 
  4.84500  0.38316  0.38319 
  4.94500  0.36035  0.36039 
  5.04500  0.33825  0.33833 
  5.14500  0.31702  0.31711 
  5.24500  0.29677  0.29684 
  5.34500  0.27751  0.27754 
  5.44500  0.25940  0.25941 
  5.54500  0.24241  0.24243 
  5.64500  0.22674  0.22674 
  5.74500  0.21237  0.21237 
  5.84500  0.19940  0.19941 
  5.94500  0.18789  0.18790 
  6.04500  0.17788  0.17787 
  6.14500  0.16938  0.16938 
  6.24500  0.16246  0.16246 
  6.34500  0.15710  0.15715 
  6.44500  0.15345  0.15341 
  6.54500  0.15132  0.15133 
  6.64500  0.15088  0.15090 
  6.74500  0.15206  0.15208 
  6.84500  0.15490  0.15491 
  6.94500  0.15934  0.15935 
  7.04500  0.16539  0.16540 
  7.14500  0.17305  0.17303 
  7.24500  0.18222  0.18223 
  7.34500  0.19296  0.19295 
  7.44500  0.20511  0.20511 
  7.54500  0.21870  0.21870 
  7.64500  0.23368  0.23368 
  7.74500  0.24997  0.24995 
  7.84500  0.26742  0.26745 
  7.94500  0.28606  0.28611 
  8.04500  0.30577  0.30584 
  8.14500  0.32647  0.32655 
  8.24500  0.34808  0.34814 
  8.34500  0.37045  0.37052 
  8.44500  0.39360  0.39358 
  8.54500  0.41727  0.41722 
  8.64500  0.44139  0.44128 
  8.74500  0.46578  0.46571 
  8.84500  0.49041  0.49034 
  8.94500  0.51498  0.51507 
  9.04500  0.53969  0.53981 
  9.14500  0.56429  0.56440 
  9.24500  0.58867  0.58876 
  9.34500  0.61273  0.61275 
  9.44500  0.63631  0.63629 
  9.54500  0.65931  0.65926 
  9.64500  0.68162  0.68158 
  9.74500  0.70316  0.70313 
  9.84500  0.72388  0.72384 
  9.94500  0.74367  0.74366 
 10.04500  0.76246  0.76250 
 10.14500  0.78027  0.78028 
 10.24500  0.79694  0.79695 
 10.34500  0.81249  0.81249 
 10.44500  0.82680  0.82683 
 10.54500  0.83991  0.83992 
 10.64500  0.85174  0.85177 
 10.74500  0.86232  0.86233 
 10.84500  0.87156  0.87154 
 10.94500  0.87947  0.87948 
 11.04500  0.88606  0.88606 
 11.14500  0.89131  0.89131 
 11.24500  0.89516  0.89517 
 11.34500  0.89765  0.89766 
 11.44500  0.89880  0.89879 
 11.54500  0.89857  0.89859 
 11.64500  0.89699  0.89700 
 11.74500  0.89404  0.89403 
 11.84500  0.88970  0.88972 
 11.94500  0.88403  0.88404 
 12.04500  0.87701  0.87703 
 12.14500  0.86868  0.86870 
 12.24500  0.85902  0.85903 
 12.34500  0.84802  0.84806 
 12.44500  0.83580  0.83580 
 12.54500  0.82231  0.82233 
 12.64500  0.80762  0.80761 
 12.74500  0.79173  0.79175 
 12.84500  0.77472  0.77475 
 12.94500  0.75663  0.75666 
 13.04500  0.73757  0.73757 
 13.14500  0.71757  0.71756 
 13.24500  0.69669  0.69666 
 13.34500  0.67503  0.67498 
 13.44500  0.65265  0.65260 
 13.54500  0.62961  0.62962 
 13.64500  0.60611  0.60616 
 13.74500  0.58221  0.58230 
 13.84500  0.55802  0.55817 
 13.94500  0.53376  0.53388 
 14.04500  0.50952  0.50958 
 14.14500  0.48546  0.48535 
 14.24500  0.46148  0.46136 
 14.34500  0.43782  0.43772 
 14.44500  0.41460  0.41456 
 14.54500  0.39198  0.39197 
 14.64500  0.37009  0.37013 
 14.74500  0.34907  0.34913 
 14.84500  0.32901  0.32909 
 14.94500  0.31004  0.31011 
 15.04500  0.29228  0.29229 
 15.14500  0.27576  0.27575 
 15.24500  0.26058  0.26061 
 15.34500  0.24687  0.24685 
 15.44500  0.23463  0.23466 
 15.54500  0.22400  0.22401 
 15.64500  0.21503  0.21504 
 15.74500  0.20773  0.20771 
 15.84500  0.20216  0.20217 
 15.94500  0.19835  0.19835 
 16.04500  0.19631  0.19632 
 16.14500  0.19609  0.19608 
 16.24500  0.19762  0.19762 
 16.34500  0.20096  0.20097 
 16.44500  0.20603  0.20607 
 16.54500  0.21289  0.21289 
 16.64500  0.22140  0.22142 
 16.74500  0.23160  0.23159 
 16.84500  0.24336  0.24336 
 16.94500  0.25665  0.25664 
 17.04500  0.27139  0.27138 
 17.14500  0.28746  0.28750 
 17.24500  0.30482  0.30487 
 17.34500  0.32339  0.32345 
 17.44500  0.34300  0.34306 
 17.54500  0.36361  0.36366 
 17.64500  0.38509  0.38507 
 17.74500  0.40725  0.40721 
 17.84500  0.43000  0.42995 
 17.94500  0.45320  0.45308 
 18.04500  0.47665  0.47656 
 18.14500  0.50020  0.50020 
 18.24500  0.52376  0.52388 
 18.34500  0.54733  0.54745 
 18.44500  0.57065  0.57079 
 18.54500  0.59368  0.59374 
 18.64500  0.61618  0.61618 
 18.74500  0.63802  0.63799 
 18.84500  0.65908  0.65904 
 18.94500  0.67925  0.67921 
 19.04500  0.69841  0.69836 
 19.14500  0.71644  0.71643 
 19.24500  0.73330  0.73331 
 19.34500  0.74888  0.74889 
 19.44500  0.76308  0.76309 
 19.54500  0.77584  0.77586 
 19.64500  0.78710  0.78710 
 19.74500  0.79678  0.79679 
 19.84500  0.80483  0.80484 
 19.94500  0.81122  0.81122 
 20.04500  0.81592  0.81591 
 20.14500  0.81888  0.81889 
 20.24500  0.82012  0.82012 
 20.34500  0.81964  0.81963 
 20.44500  0.81736  0.81737 
 20.54500  0.81339  0.81339 
 20.64500  0.80771  0.80769 
 20.74500  0.80034  0.80032 
 20.84500  0.79129  0.79131 
 20.94500  0.78063  0.78065 
 21.04500  0.76845  0.76849 
 21.14500  0.75482  0.75482 
 21.24500  0.73974  0.73974 
 21.34500  0.72332  0.72330 
 21.44500  0.70562  0.70561 
 21.54500  0.68678  0.68674 
 21.64500  0.66684  0.66680 
 21.74500  0.64594  0.64591 
 21.84500  0.62417  0.62415 
 21.94500  0.60156  0.60163 
 22.04500  0.57839  0.57851 
 22.14500  0.55475  0.55487 
 22.24500  0.53073  0.53084 
 22.34500  0.50650  0.50656 
 22.44500  0.48222  0.48215 
 22.54500  0.45785  0.45774 
 22.64500  0.43353  0.43344 
 22.74500  0.40944  0.40937 
 22.84500  0.38568  0.38566 
 22.94500  0.36238  0.36241 
 23.04500  0.33967  0.33973 
 23.14500  0.31767  0.31774 
 23.24500  0.29648  0.29651 
 23.34500  0.27612  0.27615 
 23.44500  0.25673  0.25673 
 23.54500  0.23832  0.23834 
 23.64500  0.22104  0.22101 
 23.74500  0.20486  0.20484 
 23.84500  0.18992  0.18989 
 23.94500  0.17616  0.17618 
 24.04500  0.16375  0.16376 
 24.14500  0.15264  0.15266 
 24.24500  0.14293  0.14292 
 24.34500  0.13459  0.13458 
 24.44500  0.12763  0.12764 
 24.54500  0.12209  0.12211 
 24.64500  0.11803  0.11802 
 24.74500  0.11536  0.11536 
 24.84500  0.11416  0.11417 
 24.94500  0.11440  0.11441 
 25.04500  0.11609  0.11611 
 25.14500  0.11925  0.11925 
 25.24500  0.12381  0.12383 
 25.34500  0.12984  0.12985 
 25.44500  0.13729  0.13728 
 25.54500  0.14613  0.14612 
 25.64500  0.15631  0.15632 
 25.74500  0.16788  0.16789 
 25.84500  0.18079  0.18081 
 25.94500  0.19495  0.19496 
 26.04500  0.21037  0.21037 
 26.14500  0.22698  0.22699 
 26.24500  0.24471  0.24476 
 26.34500  0.26356  0.26356 
 26.44500  0.28340  0.28341 
 26.54500  0.30412  0.30420 
 26.64500  0.32575  0.32583 
 26.74500  0.34818  0.34823 
 26.84500  0.37131  0.37133 
 26.94500  0.39502  0.39501 
 27.04500  0.41922  0.41915 
 27.14500  0.44377  0.44367 
 27.24500  0.46856  0.46846 
 27.34500  0.49341  0.49336 
 27.44500  0.51825  0.51835 
 27.54500  0.54312  0.54327 
 27.64500  0.56786  0.56798 
 27.74500  0.59236  0.59243 
 27.84500  0.61645  0.61645 
 27.94500  0.64003  0.63999 
 28.04500  0.66298  0.66293 
 28.14500  0.68523  0.68518 
 28.24500  0.70669  0.70664 
 28.34500  0.72726  0.72726 
 28.44500  0.74692  0.74691 
 28.54500  0.76557  0.76561 
 28.64500  0.78318  0.78322 
 28.74500  0.79970  0.79972 
 28.84500  0.81504  0.81505 
 28.94500  0.82916  0.82918 
 29.04500  0.84208  0.84208 
 29.14500  0.85368  0.85371 
 29.24500  0.86401  0.86403 
 29.34500  0.87304  0.87303 
 29.44500  0.88074  0.88072 
 29.54500  0.88707  0.88707 
 29.64500  0.89208  0.89207 
 29.74500  0.89570  0.89570 
 29.84500  0.89796  0.89798 
 29.94500  0.89886  0.89886 
 30.04500  0.89838  0.89840 
 30.14500  0.89656  0.89658 
 30.24500  0.89337  0.89337 
 30.34500  0.88882  0.88881 
 30.44500  0.88292  0.88292 
 30.54500  0.87567  0.87566 
 30.64500  0.86709  0.86708 
 30.74500  0.85716  0.85718 
 30.84500  0.84598  0.84597 
 30.94500  0.83353  0.83352 
 31.04500  0.81979  0.81981 
 31.14500  0.80487  0.80491 
 31.24500  0.78881  0.78883 
 31.34500  0.77165  0.77163 
 31.44500  0.75337  0.75339 
 31.54500  0.73412  0.73412 
 31.64500  0.71395  0.71394 
 31.74500  0.69294  0.69289 
 31.84500  0.67114  0.67107 
 31.94500  0.64864  0.64860 
 32.04500  0.62551  0.62552 
 32.14500  0.60194  0.60197 
 32.24500  0.57796  0.57807 
 32.34500  0.55374  0.55390 
 32.44500  0.52948  0.52960 
 32.54500  0.50528  0.50530 
 32.64500  0.48120  0.48111 
 32.74500  0.45728  0.45717 
 32.84500  0.43368  0.43359 
 32.94500  0.41055  0.41052 
 33.04500  0.38809  0.38807 
 33.14500  0.36630  0.36635 
 33.24500  0.34544  0.34551 
 33.34500  0.32558  0.32564 
 33.44500  0.30682  0.30687 
 33.54500  0.28925  0.28929 
 33.64500  0.27299  0.27299 
 33.74500  0.25807  0.25806 
 33.84500  0.24459  0.24461 
 33.94500  0.23267  0.23266 
 34.04500  0.22233  0.22231 
 34.14500  0.21362  0.21364 
 34.24500  0.20660  0.20664 
 34.34500  0.20135  0.20139 
 34.44500  0.19791  0.19787 
 34.54500  0.19617  0.19618 
 34.64500  0.19624  0.19626 
 34.74500  0.19812  0.19813 
 34.84500  0.20178  0.20178 
 34.94500  0.20719  0.20719 
 35.04500  0.21433  0.21436 
 35.14500  0.22318  0.22318 
 35.24500  0.23370  0.23368 
 35.34500  0.24575  0.24574 
 35.44500  0.25936  0.25934 
 35.54500  0.27434  0.27437 
 35.64500  0.29074  0.29078 
 35.74500  0.30842  0.30847 
 35.84500  0.32726  0.32731 
 35.94500  0.34716  0.34723 
 36.04500  0.36806  0.36812 
 36.14500  0.38985  0.38982 
 36.24500  0.41230  0.41226 
 36.34500  0.43535  0.43528 
 36.44500  0.45891  0.45879 
 36.54500  0.48270  0.48260 
 36.64500  0.50667  0.50664 
 36.74500  0.53063  0.53075 
 36.84500  0.55468  0.55480 
 36.94500  0.57856  0.57866 
 37.04500  0.60218  0.60222 
 37.14500  0.62533  0.62532 
 37.24500  0.64794  0.64789 
 37.34500  0.66984  0.66978 
 37.44500  0.69095  0.69094 
 37.54500  0.71121  0.71116 
 37.64500  0.73049  0.73049 
 37.74500  0.74871  0.74873 
 37.84500  0.76584  0.76584 
 37.94500  0.78174  0.78177 
 38.04500  0.79639  0.79641 
 38.14500  0.80971  0.80974 
 38.24500  0.82165  0.82167 
 38.34500  0.83220  0.83220 
 38.44500  0.84126  0.84126 
 38.54500  0.84882  0.84884 
 38.64500  0.85489  0.85488 
 38.74500  0.85939  0.85940 
 38.84500  0.86235  0.86235 
 38.94500  0.86374  0.86374 
 39.04500  0.86355  0.86359 
 39.14500  0.86182  0.86184 
 39.24500  0.85853  0.85854 
 39.34500  0.85365  0.85369 
 39.44500  0.84728  0.84729 
 39.54500  0.83936  0.83938 
 39.64500  0.82994  0.82995 
 39.74500  0.81912  0.81909 
 39.84500  0.80683  0.80682 
 39.94500  0.79314  0.79317 
 40.04500  0.77818  0.77820 
 40.14500  0.76192  0.76195 
 40.24500  0.74449  0.74449 
 40.34500  0.72595  0.72593 
 40.44500  0.70633  0.70628 
 40.54500  0.68574  0.68570 
 40.64500  0.66426  0.66418 
 40.74500  0.64197  0.64193 
 40.84500  0.61899  0.61898 
 40.94500  0.59539  0.59545 
 41.04500  0.57137  0.57147 
 41.14500  0.54701  0.54714 
 41.24500  0.52243  0.52256 
 41.34500  0.49788  0.49787 
 41.44500  0.47329  0.47319 
 41.54500  0.44874  0.44862 
 41.64500  0.42441  0.42432 
 41.74500  0.40039  0.40035 
 41.84500  0.37684  0.37685 
 41.94500  0.35390  0.35396 
 42.04500  0.33165  0.33173 
 42.14500  0.31023  0.31028 
 42.24500  0.28967  0.28972 
 42.34500  0.27011  0.27013 
 42.44500  0.25160  0.25161 
 42.54500  0.23417  0.23419 
 42.64500  0.21796  0.21795 
 42.74500  0.20299  0.20299 
 42.84500  0.18930  0.18933 
 42.94500  0.17701  0.17703 
 43.04500  0.16614  0.16615 
 43.14500  0.15668  0.15671 
 43.24500  0.14867  0.14871 
 43.34500  0.14220  0.14221 
 43.44500  0.13724  0.13724 
 43.54500  0.13381  0.13380 
 43.64500  0.13188  0.13190 
 43.74500  0.13154  0.13152 
 43.84500  0.13272  0.13273 
 43.94500  0.13544  0.13546 
 44.04500  0.13969  0.13973 
 44.14500  0.14550  0.14553 
 44.24500  0.15279  0.15283 
 44.34500  0.16156  0.16161 
 44.44500  0.17184  0.17182 
 44.54500  0.18347  0.18348 
 44.64500  0.19653  0.19653 
 44.74500  0.21088  0.21089 
 44.84500  0.22656  0.22657 
 44.94500  0.24344  0.24346 
 45.04500  0.26146  0.26149 
 45.14500  0.28059  0.28063 
 45.24500  0.30073  0.30079 
 45.34500  0.32178  0.32187 
 45.44500  0.34371  0.34379 
 45.54500  0.36639  0.36645 
 45.64500  0.38974  0.38975 
 45.74500  0.41365  0.41361 
 45.84500  0.43797  0.43786 
 45.94500  0.46255  0.46245 
 46.04500  0.48731  0.48724 
 46.14500  0.51202  0.51212 
 46.24500  0.53686  0.53698 
 46.34500  0.56158  0.56169 
 46.44500  0.58607  0.58616 
 46.54500  0.61023  0.61027 
 46.64500  0.63392  0.63391 
 46.74500  0.65702  0.65698 
 46.84500  0.67942  0.67939 
 46.94500  0.70111  0.70106 
 47.04500  0.72190  0.72189 
 47.14500  0.74180  0.74181 
 47.24500  0.76071  0.76075 
 47.34500  0.77861  0.77864 
 47.44500  0.79541  0.79544 
 47.54500  0.81104  0.81109 
 47.64500  0.82554  0.82553 
 47.74500  0.83874  0.83874 
 47.84500  0.85073  0.85072 
 47.94500  0.86140  0.86138 
 48.04500  0.87074  0.87077 
 48.14500  0.87879  0.87881 
 48.24500  0.88551  0.88551 
 48.34500  0.89084  0.89086 
 48.44500  0.89484  0.89486 
 48.54500  0.89747  0.89747 
 48.64500  0.89876  0.89874 
 48.74500  0.89864  0.89866 
 48.84500  0.89717  0.89717 
 48.94500  0.89436  0.89435 
 49.04500  0.89014  0.89015 
 49.14500  0.88460  0.88459 
 49.24500  0.87768  0.87769 
 49.34500  0.86944  0.86944 
 49.44500  0.85988  0.85987 
 49.54500  0.84900  0.84899 
 49.64500  0.83686  0.83685 
 49.74500  0.82343  0.82344 
 49.84500  0.80878  0.80879 
 49.94500  0.79297  0.79297 
 50.04500  0.77599  0.77600 
 50.14500  0.75793  0.75794 
 50.24500  0.73885  0.73886 
 50.34500  0.71879  0.71877 
 50.44500  0.69782  0.69781 
 50.54500  0.67605  0.67598 
 50.64500  0.65350  0.65343 
 50.74500  0.63028  0.63024 
 50.84500  0.60645  0.60650 
 50.94500  0.58221  0.58228 
 51.04500  0.55760  0.55772 
 51.14500  0.53278  0.53291 
 51.24500  0.50789  0.50795 
 51.34500  0.48306  0.48297 
 51.44500  0.45818  0.45809 
 51.54500  0.43353  0.43341 
 51.64500  0.40910  0.40903 
 51.74500  0.38508  0.38507 
 51.84500  0.36160  0.36163 
 51.94500  0.33875  0.33882 
 52.04500  0.31664  0.31671 
 52.14500  0.29536  0.29541 
 52.24500  0.27498  0.27503 
 52.34500  0.25557  0.25559 
 52.44500  0.23722  0.23721 
 52.54500  0.21994  0.21992 
 52.64500  0.20381  0.20381 
 52.74500  0.18891  0.18889 
 52.84500  0.17526  0.17527 
 52.94500  0.16292  0.16291 
 53.04500  0.15192  0.15190 
 53.14500  0.14227  0.14228 
 53.24500  0.13401  0.13401 
 53.34500  0.12714  0.12718 
 53.44500  0.12175  0.12175 
 53.54500  0.11777  0.11776 
 53.64500  0.11523  0.11524 
 53.74500  0.11414  0.11413 
 53.84500  0.11449  0.11449 
 53.94500  0.11630  0.11629 
 54.04500  0.11954  0.11954 
 54.14500  0.12425  0.12426 
 54.24500  0.13035  0.13036 
 54.34500  0.13791  0.13788 
 54.44500  0.14681  0.14681 
 54.54500  0.15713  0.15712 
 54.64500  0.16875  0.16877 
 54.74500  0.18174  0.18173 
 54.84500  0.19596  0.19598 
 54.94500  0.21144  0.21145 
 55.04500  0.22809  0.22811 
 55.14500  0.24587  0.24587 
 55.24500  0.26470  0.26472 
 55.34500  0.28450  0.28456 
 55.44500  0.30521  0.30528 
 55.54500  0.32675  0.32682 
 55.64500  0.34905  0.34912 
 55.74500  0.37200  0.37203 
 55.84500  0.39550  0.39550 
 55.94500  0.41943  0.41940 
 56.04500  0.44369  0.44355 
 56.14500  0.46800  0.46791 
 56.24500  0.49236  0.49233 
 56.34500  0.51659  0.51671 
 56.44500  0.54075  0.54090 
 56.54500  0.56467  0.56478 
 56.64500  0.58816  0.58821 
 56.74500  0.61111  0.61111 
 56.84500  0.63334  0.63332 
 56.94500  0.65476  0.65473 
 57.04500  0.67530  0.67525 
 57.14500  0.69476  0.69473 
 57.24500  0.71314  0.71314 
 57.34500  0.73031  0.73032 
 57.44500  0.74619  0.74620 
 57.54500  0.76069  0.76070 
 57.64500  0.77375  0.77373 
 57.74500  0.78528  0.78528 
 57.84500  0.79522  0.79526 
 57.94500  0.80357  0.80359 
 58.04500  0.81026  0.81025 
 58.14500  0.81523  0.81524 
 58.24500  0.81848  0.81849 
 58.34500  0.82001  0.82000 
 58.44500  0.81976  0.81978 
 58.54500  0.81777  0.81780 
 58.64500  0.81408  0.81406 
 58.74500  0.80867  0.80865 
 58.84500  0.80153  0.80154 
 58.94500  0.79274  0.79279 
 59.04500  0.78239  0.78239 
 59.14500  0.77042  0.77045 
 59.24500  0.75698  0.75699 
 59.34500  0.74208  0.74209 
 59.44500  0.72586  0.72586 
 59.54500  0.70838  0.70834 
 59.64500  0.68965  0.68960 
 59.74500  0.66986  0.66981 
 59.84500  0.64907  0.64900 
 59.94500  0.62736  0.62733 
 60.04500  0.60484  0.60488 
 60.14500  0.58164  0.58174 
 60.24500  0.55798  0.55808 
 60.34500  0.53387  0.53401 
 60.44500  0.50951  0.50960 
 60.54500  0.48515  0.48505 
 60.64500  0.46054  0.46041 
 60.74500  0.43594  0.43585 
 60.84500  0.41150  0.41142 
 60.94500  0.38730  0.38730 
 61.04500  0.36350  0.36352 
 61.14500  0.34015  0.34024 
 61.24500  0.31743  0.31749 
 61.34500  0.29535  0.29540 
 61.44500  0.27398  0.27401 
 61.54500  0.25341  0.25344 
 61.64500  0.23365  0.23364 
 61.74500  0.21476  0.21473 
 61.84500  0.19679  0.19675 
 61.94500  0.17970  0.17970 
 62.04500  0.16359  0.16361 
 62.14500  0.14850  0.14847 
 62.24500  0.13431  0.13430 
 62.34500  0.12109  0.12111 
 62.44500  0.10878  0.10884 
 62.54500  0.09746  0.09747 
 62.64500  0.08699  0.08701 
 62.74500  0.07738  0.07740 
 62.84500  0.06861  0.06863 
 62.94500  0.06061  0.06064 
 63.04500  0.05338  0.05340 
 63.14500  0.04686  0.04687 
 63.24500  0.04099  0.04098 
 63.34500  0.03572  0.03574 
 63.44500  0.03101  0.03102 
 63.54500  0.02684  0.02683 
 63.64500  0.02318  0.02316 
 63.74500  0.01990  0.01990 
 63.84500  0.01704  0.01705 
 63.94500  0.01454  0.01456 
 64.04500  0.01240  0.01240 
 64.14500  0.01048  0.01050 
 64.24500  0.00888  0.00890 
 64.34500  0.00751  0.00752 
 64.44500  0.00630  0.00635 
 64.54500  0.00533  0.00535 
 64.64500  0.00451  0.00452 
 64.74500  0.00380  0.00383 
 64.84500  0.00326  0.00325 
 64.94500  0.00281  0.00283 
 65.04500  0.00247  0.00249 
 65.14500  0.00223  0.00224 
 65.24500  0.00207  0.00209 
