  0.04500  0.50701  0.50680 
  0.14500  0.50701  0.50680 
  0.24500  0.50701  0.50680 
  0.34500  0.50701  0.50680 
  0.44500  0.50701  0.50680 
  0.54500  0.50701  0.50680 
  0.64500  0.50701  0.50680 
  0.74500  0.50701  0.50680 
  0.84500  0.50701  0.50680 
  0.94500  0.50701  0.50680 
  1.04500  0.50701  0.50680 
  1.14500  0.50701  0.50680 
  1.24500  0.50701  0.50680 
  1.34500  0.50700  0.50680 
  1.44500  0.50699  0.50680 
  1.54500  0.50699  0.50680 
  1.64500  0.50699  0.50680 
  1.74500  0.50699  0.50680 
  1.84500  0.50699  0.50680 
  1.94500  0.50699  0.50680 
  2.04500  0.50699  0.50680 
  2.14500  0.50699  0.50680 
  2.24500  0.50699  0.50680 
  2.34500  0.50699  0.50680 
  2.44500  0.50699  0.50680 
  2.54500  0.50699  0.50680 
  2.64500  0.50699  0.50680 
  2.74500  0.50699  0.50680 
  2.84500  0.50699  0.50680 
  2.94500  0.50700  0.50680 
  3.04500  0.50699  0.50680 
  3.14500  0.50698  0.50680 
  3.24500  0.50698  0.50680 
  3.34500  0.50698  0.50680 
  3.44500  0.50698  0.50676 
  3.54500  0.50698  0.50670 
  3.64500  0.50698  0.50670 
  3.74500  0.50698  0.50670 
  3.84500  0.50698  0.50670 
  3.94500  0.50698  0.50670 
  4.04500  0.50698  0.50670 
  4.14500  0.50698  0.50670 
  4.24500  0.50698  0.50670 
  4.34500  0.50698  0.50670 
  4.44500  0.50697  0.50670 
  4.54500  0.50697  0.50670 
  4.64500  0.50697  0.50670 
  4.74500  0.50698  0.50670 
  4.84500  0.50697  0.50670 
  4.94500  0.50698  0.50670 
  5.04500  0.50698  0.50670 
  5.14500  0.50698  0.50670 
  5.24500  0.50698  0.50670 
  5.34500  0.50698  0.50670 
  5.44500  0.50697  0.50670 
  5.54500  0.50697  0.50670 
  5.64500  0.50696  0.50670 
  5.74500  0.50697  0.50670 
  5.84500  0.50696  0.50670 
  5.94500  0.50695  0.50670 
  6.04500  0.50695  0.50670 
  6.14500  0.50695  0.50670 
  6.24500  0.50695  0.50670 
  6.34500  0.50693  0.50670 
  6.44500  0.50693  0.50670 
  6.54500  0.50694  0.50670 
  6.64500  0.50694  0.50670 
  6.74500  0.50694  0.50670 
  6.84500  0.50694  0.50670 
  6.94500  0.50693  0.50670 
  7.04500  0.50694  0.50670 
  7.14500  0.50693  0.50670 
  7.24500  0.50693  0.50670 
  7.34500  0.50693  0.50670 
  7.44500  0.50692  0.50670 
  7.54500  0.50691  0.50670 
  7.64500  0.50692  0.50670 
  7.74500  0.50690  0.50670 
  7.84500  0.50691  0.50670 
  7.94500  0.50691  0.50670 
  8.04500  0.50691  0.50670 
  8.14500  0.50690  0.50670 
  8.24500  0.50690  0.50670 
  8.34500  0.50689  0.50670 
  8.44500  0.50690  0.50670 
  8.54500  0.50690  0.50670 
  8.64500  0.50689  0.50670 
  8.74500  0.50689  0.50670 
  8.84500  0.50688  0.50670 
  8.94500  0.50688  0.50670 
  9.04500  0.50688  0.50670 
  9.14500  0.50688  0.50670 
  9.24500  0.50687  0.50670 
  9.34500  0.50688  0.50670 
  9.44500  0.50688  0.50670 
  9.54500  0.50686  0.50670 
  9.64500  0.50686  0.50670 
  9.74500  0.50686  0.50660 
  9.84500  0.50686  0.50660 
  9.94500  0.50686  0.50660 
 10.04500  0.50684  0.50660 
 10.14500  0.50683  0.50660 
 10.24500  0.50683  0.50660 
 10.34500  0.50684  0.50660 
 10.44500  0.50684  0.50660 
 10.54500  0.50684  0.50660 
 10.64500  0.50683  0.50660 
 10.74500  0.50683  0.50660 
 10.84500  0.50683  0.50660 
 10.94500  0.50683  0.50660 
 11.04500  0.50683  0.50660 
 11.14500  0.50682  0.50660 
 11.24500  0.50682  0.50660 
 11.34500  0.50682  0.50660 
 11.44500  0.50682  0.50660 
 11.54500  0.50681  0.50660 
 11.64500  0.50681  0.50660 
 11.74500  0.50681  0.50660 
 11.84500  0.50680  0.50660 
 11.94500  0.50679  0.50660 
 12.04500  0.50679  0.50660 
 12.14500  0.50678  0.50660 
 12.24500  0.50677  0.50660 
 12.34500  0.50677  0.50660 
 12.44500  0.50677  0.50660 
 12.54500  0.50677  0.50660 
 12.64500  0.50677  0.50660 
 12.74500  0.50677  0.50660 
 12.84500  0.50677  0.50660 
 12.94500  0.50677  0.50660 
 13.04500  0.50675  0.50660 
 13.14500  0.50675  0.50660 
 13.24500  0.50675  0.50660 
 13.34500  0.50674  0.50658 
 13.44500  0.50675  0.50650 
 13.54500  0.50674  0.50650 
 13.64500  0.50674  0.50650 
 13.74500  0.50674  0.50650 
 13.84500  0.50674  0.50650 
 13.94500  0.50673  0.50650 
 14.04500  0.50671  0.50650 
 14.14500  0.50671  0.50650 
 14.24500  0.50671  0.50650 
 14.34500  0.50670  0.50650 
 14.44500  0.50670  0.50650 
 14.54500  0.50670  0.50650 
 14.64500  0.50668  0.50650 
 14.74500  0.50667  0.50650 
 14.84500  0.50666  0.50650 
 14.94500  0.50666  0.50650 
 15.04500  0.50666  0.50650 
 15.14500  0.50666  0.50650 
 15.24500  0.50666  0.50650 
 15.34500  0.50666  0.50650 
 15.44500  0.50666  0.50650 
 15.54500  0.50664  0.50650 
 15.64500  0.50664  0.50650 
 15.74500  0.50664  0.50650 
 15.84500  0.50662  0.50650 
 15.94500  0.50662  0.50650 
 16.04500  0.50661  0.50650 
 16.14500  0.50662  0.50650 
 16.24500  0.50662  0.50650 
 16.34500  0.50660  0.50643 
 16.44500  0.50660  0.50640 
 16.54500  0.50660  0.50640 
 16.64500  0.50659  0.50640 
 16.74500  0.50659  0.50640 
 16.84500  0.50659  0.50640 
 16.94500  0.50659  0.50640 
 17.04500  0.50658  0.50640 
 17.14500  0.50657  0.50640 
 17.24500  0.50657  0.50640 
 17.34500  0.50657  0.50640 
 17.44500  0.50657  0.50640 
 17.54500  0.50655  0.50640 
 17.64500  0.50655  0.50640 
 17.74500  0.50655  0.50640 
 17.84500  0.50653  0.50640 
 17.94500  0.50653  0.50640 
 18.04500  0.50653  0.50640 
 18.14500  0.50653  0.50640 
 18.24500  0.50653  0.50640 
 18.34500  0.50653  0.50640 
 18.44500  0.50652  0.50640 
 18.54500  0.50651  0.50640 
 18.64500  0.50651  0.50640 
 18.74500  0.50650  0.50640 
 18.84500  0.50651  0.50640 
 18.94500  0.50650  0.50632 
 19.04500  0.50649  0.50630 
 19.14500  0.50648  0.50630 
 19.24500  0.50647  0.50630 
 19.34500  0.50647  0.50630 
 19.44500  0.50646  0.50630 
 19.54500  0.50646  0.50630 
 19.64500  0.50646  0.50630 
 19.74500  0.50646  0.50630 
 19.84500  0.50645  0.50630 
 19.94500  0.50644  0.50630 
 20.04500  0.50644  0.50630 
 20.14500  0.50644  0.50630 
 20.24500  0.50644  0.50630 
 20.34500  0.50644  0.50630 
 20.44500  0.50643  0.50630 
 20.54500  0.50640  0.50630 
 20.64500  0.50640  0.50630 
 20.74500  0.50640  0.50630 
 20.84500  0.50639  0.50630 
 20.94500  0.50639  0.50630 
 21.04500  0.50639  0.50630 
 21.14500  0.50638  0.50630 
 21.24500  0.50638  0.50627 
 21.34500  0.50637  0.50620 
 21.44500  0.50638  0.50620 
 21.54500  0.50637  0.50620 
 21.64500  0.50637  0.50620 
 21.74500  0.50636  0.50620 
 21.84500  0.50635  0.50620 
 21.94500  0.50634  0.50620 
 22.04500  0.50633  0.50620 
 22.14500  0.50633  0.50620 
 22.24500  0.50633  0.50620 
 22.34500  0.50632  0.50620 
 22.44500  0.50631  0.50620 
 22.54500  0.50629  0.50620 
 22.64500  0.50629  0.50620 
 22.74500  0.50629  0.50620 
 22.84500  0.50629  0.50620 
 22.94500  0.50628  0.50620 
 23.04500  0.50627  0.50620 
 23.14500  0.50627  0.50620 
 23.24500  0.50626  0.50620 
 23.34500  0.50625  0.50620 
 23.44500  0.50625  0.50617 
 23.54500  0.50624  0.50610 
 23.64500  0.50623  0.50610 
 23.74500  0.50623  0.50610 
 23.84500  0.50623  0.50610 
 23.94500  0.50623  0.50610 
 24.04500  0.50623  0.50610 
 24.14500  0.50621  0.50610 
 24.24500  0.50620  0.50610 
 24.34500  0.50620  0.50610 
 24.44500  0.50620  0.50610 
 24.54500  0.50620  0.50610 
 24.64500  0.50618  0.50610 
 24.74500  0.50617  0.50610 
 24.84500  0.50617  0.50610 
 24.94500  0.50617  0.50610 
 25.04500  0.50616  0.50610 
 25.14500  0.50615  0.50610 
 25.24500  0.50614  0.50610 
 25.34500  0.50613  0.50610 
 25.44500  0.50613  0.50610 
 25.54500  0.50613  0.50606 
 25.64500  0.50613  0.50600 
 25.74500  0.50613  0.50600 
 25.84500  0.50611  0.50600 
 25.94500  0.50609  0.50600 
 26.04500  0.50608  0.50600 
 26.14500  0.50609  0.50600 
 26.24500  0.50608  0.50600 
 26.34500  0.50608  0.50600 
 26.44500  0.50607  0.50600 
 26.54500  0.50607  0.50600 
 26.64500  0.50606  0.50600 
 26.74500  0.50606  0.50600 
 26.84500  0.50606  0.50600 
 26.94500  0.50605  0.50600 
 27.04500  0.50604  0.50600 
 27.14500  0.50602  0.50600 
 27.24500  0.50602  0.50600 
 27.34500  0.50602  0.50600 
 27.44500  0.50602  0.50600 
 27.54500  0.50600  0.50598 
 27.64500  0.50600  0.50590 
 27.74500  0.50600  0.50590 
 27.84500  0.50599  0.50590 
 27.94500  0.50599  0.50590 
 28.04500  0.50598  0.50590 
 28.14500  0.50598  0.50590 
 28.24500  0.50597  0.50590 
 28.34500  0.50596  0.50590 
 28.44500  0.50595  0.50590 
 28.54500  0.50595  0.50590 
 28.64500  0.50594  0.50590 
 28.74500  0.50593  0.50590 
 28.84500  0.50593  0.50590 
 28.94500  0.50592  0.50590 
 29.04500  0.50591  0.50590 
 29.14500  0.50590  0.50590 
 29.24500  0.50590  0.50590 
 29.34500  0.50590  0.50590 
 29.44500  0.50589  0.50590 
 29.54500  0.50588  0.50585 
 29.64500  0.50587  0.50580 
 29.74500  0.50586  0.50580 
 29.84500  0.50585  0.50580 
 29.94500  0.50585  0.50580 
 30.04500  0.50585  0.50580 
 30.14500  0.50585  0.50580 
 30.24500  0.50583  0.50580 
 30.34500  0.50583  0.50580 
 30.44500  0.50583  0.50580 
 30.54500  0.50583  0.50580 
 30.64500  0.50582  0.50580 
 30.74500  0.50581  0.50580 
 30.84500  0.50579  0.50580 
 30.94500  0.50579  0.50580 
 31.04500  0.50579  0.50580 
 31.14500  0.50578  0.50580 
 31.24500  0.50578  0.50580 
 31.34500  0.50577  0.50580 
 31.44500  0.50576  0.50580 
 31.54500  0.50576  0.50570 
 31.64500  0.50576  0.50570 
 31.74500  0.50575  0.50570 
 31.84500  0.50575  0.50570 
 31.94500  0.50573  0.50570 
 32.04500  0.50573  0.50570 
 32.14500  0.50572  0.50570 
 32.24500  0.50572  0.50570 
 32.34500  0.50571  0.50570 
 32.44500  0.50570  0.50570 
 32.54500  0.50570  0.50570 
 32.64500  0.50569  0.50570 
 32.74500  0.50570  0.50570 
 32.84500  0.50569  0.50570 
 32.94500  0.50568  0.50570 
 33.04500  0.50567  0.50570 
 33.14500  0.50566  0.50570 
 33.24500  0.50565  0.50570 
 33.34500  0.50565  0.50570 
 33.44500  0.50564  0.50563 
 33.54500  0.50564  0.50560 
 33.64500  0.50563  0.50560 
 33.74500  0.50563  0.50560 
 33.84500  0.50563  0.50560 
 33.94500  0.50562  0.50560 
 34.04500  0.50561  0.50560 
 34.14500  0.50561  0.50560 
 34.24500  0.50561  0.50560 
 34.34500  0.50560  0.50560 
 34.44500  0.50559  0.50560 
 34.54500  0.50557  0.50560 
 34.64500  0.50557  0.50560 
 34.74500  0.50556  0.50560 
 34.84500  0.50556  0.50560 
 34.94500  0.50556  0.50560 
 35.04500  0.50554  0.50560 
 35.14500  0.50553  0.50560 
 35.24500  0.50553  0.50560 
 35.34500  0.50553  0.50557 
 35.44500  0.50552  0.50550 
 35.54500  0.50551  0.50550 
 35.64500  0.50549  0.50550 
 35.74500  0.50549  0.50550 
 35.84500  0.50549  0.50550 
 35.94500  0.50548  0.50550 
 36.04500  0.50548  0.50550 
 36.14500  0.50547  0.50550 
 36.24500  0.50546  0.50550 
 36.34500  0.50546  0.50550 
 36.44500  0.50546  0.50550 
 36.54500  0.50546  0.50550 
 36.64500  0.50545  0.50550 
 36.74500  0.50543  0.50550 
 36.84500  0.50543  0.50550 
 36.94500  0.50542  0.50550 
 37.04500  0.50542  0.50550 
 37.14500  0.50541  0.50550 
 37.24500  0.50540  0.50550 
 37.34500  0.50539  0.50543 
 37.44500  0.50539  0.50540 
 37.54500  0.50538  0.50540 
 37.64500  0.50538  0.50540 
 37.74500  0.50537  0.50540 
 37.84500  0.50536  0.50540 
 37.94500  0.50536  0.50540 
 38.04500  0.50534  0.50540 
 38.14500  0.50535  0.50540 
 38.24500  0.50534  0.50540 
 38.34500  0.50533  0.50540 
 38.44500  0.50533  0.50540 
 38.54500  0.50532  0.50540 
 38.64500  0.50532  0.50540 
 38.74500  0.50531  0.50540 
 38.84500  0.50531  0.50540 
 38.94500  0.50530  0.50540 
 39.04500  0.50530  0.50540 
 39.14500  0.50529  0.50540 
 39.24500  0.50529  0.50540 
 39.34500  0.50528  0.50534 
 39.44500  0.50526  0.50530 
 39.54500  0.50526  0.50530 
 39.64500  0.50526  0.50530 
 39.74500  0.50526  0.50530 
 39.84500  0.50525  0.50530 
 39.94500  0.50525  0.50530 
 40.04500  0.50524  0.50530 
 40.14500  0.50524  0.50530 
 40.24500  0.50523  0.50530 
 40.34500  0.50523  0.50530 
 40.44500  0.50523  0.50530 
 40.54500  0.50520  0.50530 
 40.64500  0.50519  0.50530 
 40.74500  0.50519  0.50530 
 40.84500  0.50519  0.50530 
 40.94500  0.50519  0.50530 
 41.04500  0.50518  0.50530 
 41.14500  0.50517  0.50530 
 41.24500  0.50517  0.50530 
 41.34500  0.50516  0.50530 
 41.44500  0.50515  0.50522 
 41.54500  0.50515  0.50520 
 41.64500  0.50515  0.50520 
 41.74500  0.50514  0.50520 
 41.84500  0.50512  0.50520 
 41.94500  0.50511  0.50520 
 42.04500  0.50511  0.50520 
 42.14500  0.50511  0.50520 
 42.24500  0.50511  0.50520 
 42.34500  0.50509  0.50520 
 42.44500  0.50509  0.50520 
 42.54500  0.50509  0.50520 
 42.64500  0.50509  0.50520 
 42.74500  0.50508  0.50520 
 42.84500  0.50508  0.50520 
 42.94500  0.50506  0.50520 
 43.04500  0.50506  0.50520 
 43.14500  0.50504  0.50520 
 43.24500  0.50504  0.50520 
 43.34500  0.50504  0.50520 
 43.44500  0.50503  0.50520 
 43.54500  0.50503  0.50519 
 43.64500  0.50501  0.50510 
 43.74500  0.50501  0.50510 
 43.84500  0.50501  0.50510 
 43.94500  0.50501  0.50510 
 44.04500  0.50501  0.50510 
 44.14500  0.50500  0.50510 
 44.24500  0.50499  0.50510 
 44.34500  0.50499  0.50510 
 44.44500  0.50499  0.50510 
 44.54500  0.50497  0.50510 
 44.64500  0.50496  0.50510 
 44.74500  0.50496  0.50510 
 44.84500  0.50495  0.50510 
 44.94500  0.50495  0.50510 
 45.04500  0.50495  0.50510 
 45.14500  0.50495  0.50510 
 45.24500  0.50495  0.50510 
 45.34500  0.50495  0.50510 
 45.44500  0.50493  0.50510 
 45.54500  0.50492  0.50510 
 45.64500  0.50492  0.50510 
 45.74500  0.50492  0.50510 
 45.84500  0.50492  0.50510 
 45.94500  0.50492  0.50500 
 46.04500  0.50490  0.50500 
 46.14500  0.50489  0.50500 
 46.24500  0.50489  0.50500 
 46.34500  0.50488  0.50500 
 46.44500  0.50488  0.50500 
 46.54500  0.50488  0.50500 
 46.64500  0.50488  0.50500 
 46.74500  0.50487  0.50500 
 46.84500  0.50486  0.50500 
 46.94500  0.50486  0.50500 
 47.04500  0.50486  0.50500 
 47.14500  0.50486  0.50500 
 47.24500  0.50486  0.50500 
 47.34500  0.50485  0.50500 
 47.44500  0.50484  0.50500 
 47.54500  0.50482  0.50500 
 47.64500  0.50482  0.50500 
 47.74500  0.50482  0.50500 
 47.84500  0.50481  0.50500 
 47.94500  0.50481  0.50500 
 48.04500  0.50481  0.50500 
 48.14500  0.50480  0.50500 
 48.24500  0.50480  0.50500 
 48.34500  0.50480  0.50500 
 48.44500  0.50479  0.50491 
 48.54500  0.50479  0.50490 
 48.64500  0.50479  0.50490 
 48.74500  0.50477  0.50490 
 48.84500  0.50477  0.50490 
 48.94500  0.50476  0.50490 
 49.04500  0.50476  0.50490 
 49.14500  0.50475  0.50490 
 49.24500  0.50474  0.50490 
 49.34500  0.50474  0.50490 
 49.44500  0.50473  0.50490 
 49.54500  0.50473  0.50490 
 49.64500  0.50472  0.50490 
 49.74500  0.50472  0.50490 
 49.84500  0.50472  0.50490 
 49.94500  0.50471  0.50490 
 50.04500  0.50471  0.50490 
 50.14500  0.50471  0.50490 
 50.24500  0.50471  0.50490 
 50.34500  0.50471  0.50490 
 50.44500  0.50470  0.50490 
 50.54500  0.50469  0.50490 
 50.64500  0.50469  0.50490 
 50.74500  0.50469  0.50490 
 50.84500  0.50469  0.50490 
 50.94500  0.50468  0.50490 
 51.04500  0.50467  0.50490 
 51.14500  0.50467  0.50490 
 51.24500  0.50466  0.50486 
 51.34500  0.50465  0.50480 
 51.44500  0.50465  0.50480 
 51.54500  0.50465  0.50480 
 51.64500  0.50465  0.50480 
 51.74500  0.50465  0.50480 
 51.84500  0.50464  0.50480 
 51.94500  0.50464  0.50480 
 52.04500  0.50463  0.50480 
 52.14500  0.50462  0.50480 
 52.24500  0.50462  0.50480 
 52.34500  0.50461  0.50480 
 52.44500  0.50461  0.50480 
 52.54500  0.50461  0.50480 
 52.64500  0.50461  0.50480 
 52.74500  0.50461  0.50480 
 52.84500  0.50461  0.50480 
 52.94500  0.50460  0.50480 
 53.04500  0.50459  0.50480 
 53.14500  0.50457  0.50480 
 53.24500  0.50458  0.50480 
 53.34500  0.50458  0.50480 
 53.44500  0.50457  0.50480 
 53.54500  0.50457  0.50480 
 53.64500  0.50457  0.50480 
 53.74500  0.50457  0.50480 
 53.84500  0.50457  0.50480 
 53.94500  0.50456  0.50480 
 54.04500  0.50456  0.50480 
 54.14500  0.50455  0.50480 
 54.24500  0.50455  0.50480 
 54.34500  0.50455  0.50480 
 54.44500  0.50455  0.50480 
 54.54500  0.50455  0.50480 
 54.64500  0.50455  0.50480 
 54.74500  0.50455  0.50471 
 54.84500  0.50454  0.50470 
 54.94500  0.50454  0.50470 
 55.04500  0.50454  0.50470 
 55.14500  0.50453  0.50470 
 55.24500  0.50452  0.50470 
 55.34500  0.50450  0.50470 
 55.44500  0.50451  0.50470 
 55.54500  0.50451  0.50470 
 55.64500  0.50450  0.50470 
 55.74500  0.50451  0.50470 
 55.84500  0.50451  0.50470 
 55.94500  0.50451  0.50470 
 56.04500  0.50451  0.50470 
 56.14500  0.50450  0.50470 
 56.24500  0.50450  0.50470 
 56.34500  0.50449  0.50470 
 56.44500  0.50449  0.50470 
 56.54500  0.50449  0.50470 
 56.64500  0.50448  0.50470 
 56.74500  0.50448  0.50470 
 56.84500  0.50448  0.50470 
 56.94500  0.50448  0.50470 
 57.04500  0.50448  0.50470 
 57.14500  0.50448  0.50470 
 57.24500  0.50447  0.50470 
 57.34500  0.50448  0.50470 
 57.44500  0.50448  0.50470 
 57.54500  0.50448  0.50470 
 57.64500  0.50447  0.50470 
 57.74500  0.50446  0.50470 
 57.84500  0.50446  0.50470 
 57.94500  0.50447  0.50470 
 58.04500  0.50446  0.50470 
 58.14500  0.50446  0.50470 
 58.24500  0.50445  0.50470 
 58.34500  0.50444  0.50470 
 58.44500  0.50444  0.50470 
 58.54500  0.50444  0.50470 
 58.64500  0.50444  0.50470 
 58.74500  0.50444  0.50470 
 58.84500  0.50444  0.50470 
 58.94500  0.50444  0.50470 
 59.04500  0.50443  0.50470 
 59.14500  0.50443  0.50470 
 59.24500  0.50443  0.50470 
 59.34500  0.50442  0.50470 
 59.44500  0.50442  0.50470 
 59.54500  0.50442  0.50470 
 59.64500  0.50442  0.50470 
 59.74500  0.50442  0.50470 
 59.84500  0.50442  0.50461 
 59.94500  0.50441  0.50460 
 60.04500  0.50441  0.50460 
 60.14500  0.50442  0.50460 
 60.24500  0.50442  0.50460 
 60.34500  0.50442  0.50460 
 60.44500  0.50442  0.50460 
 60.54500  0.50442  0.50460 
 60.64500  0.50442  0.50460 
 60.74500  0.50441  0.50460 
 60.84500  0.50441  0.50460 
 60.94500  0.50441  0.50460 
 61.04500  0.50441  0.50460 
 61.14500  0.50441  0.50460 
 61.24500  0.50441  0.50460 
 61.34500  0.50441  0.50460 
 61.44500  0.50441  0.50460 
 61.54500  0.50441  0.50460 
 61.64500  0.50440  0.50460 
 61.74500  0.50440  0.50460 
 61.84500  0.50440  0.50460 
 61.94500  0.50440  0.50460 
 62.04500  0.50439  0.50460 
 62.14500  0.50439  0.50460 
 62.24500  0.50438  0.50460 
 62.34500  0.50438  0.50460 
 62.44500  0.50438  0.50460 
 62.54500  0.50438  0.50460 
 62.64500  0.50438  0.50460 
 62.74500  0.50438  0.50460 
 62.84500  0.50438  0.50460 
 62.94500  0.50438  0.50460 
 63.04500  0.50437  0.50460 
 63.14500  0.50438  0.50460 
 63.24500  0.50438  0.50460 
 63.34500  0.50437  0.50460 
 63.44500  0.50438  0.50460 
 63.54500  0.50438  0.50460 
 63.64500  0.50437  0.50460 
 63.74500  0.50437  0.50460 
 63.84500  0.50437  0.50460 
 63.94500  0.50437  0.50460 
 64.04500  0.50437  0.50460 
 64.14500  0.50437  0.50460 
 64.24500  0.50437  0.50460 
 64.34500  0.50437  0.50460 
 64.44500  0.50437  0.50460 
 64.54500  0.50436  0.50460 
 64.64500  0.50436  0.50460 
 64.74500  0.50436  0.50460 
 64.84500  0.50436  0.50460 
 64.94500  0.50436  0.50460 
 65.04500  0.50436  0.50460 
 65.14500  0.50436  0.50460 
 65.24500  0.50436  0.50460 
