  0.04500  1.00000  1.00000 
  0.14500  1.00000  1.00000 
  0.24500  1.00000  1.00000 
  0.34500  1.00001  1.00000 
  0.44500  1.00001  1.00000 
  0.54500  1.00000  1.00000 
  0.64500  1.00000  1.00000 
  0.74500  1.00000  1.00000 
  0.84500  1.00000  1.00000 
  0.94500  1.00001  1.00000 
  1.04500  1.00001  1.00000 
  1.14500  1.00000  1.00000 
  1.24500  1.00001  1.00000 
  1.34500  1.00001  1.00000 
  1.44500  1.00001  1.00000 
  1.54500  1.00001  1.00000 
  1.64500  1.00001  1.00000 
  1.74500  1.00000  1.00000 
  1.84500  1.00000  1.00000 
  1.94500  1.00000  1.00000 
  2.04500  0.99998  0.99997 
  2.14500  0.99995  0.99990 
  2.24500  0.99984  0.99984 
  2.34500  0.99968  0.99968 
  2.44500  0.99943  0.99941 
  2.54500  0.99896  0.99896 
  2.64500  0.99817  0.99815 
  2.74500  0.99692  0.99689 
  2.84500  0.99492  0.99486 
  2.94500  0.99183  0.99173 
  3.04500  0.98715  0.98700 
  3.14500  0.98029  0.98012 
  3.24500  0.97052  0.97039 
  3.34500  0.95697  0.95696 
  3.44500  0.93885  0.93899 
  3.54500  0.91534  0.91564 
  3.64500  0.88581  0.88615 
  3.74500  0.84976  0.84995 
  3.84500  0.80696  0.80681 
  3.94500  0.75737  0.75684 
  4.04500  0.70118  0.70061 
  4.14500  0.63901  0.63911 
  4.24500  0.57224  0.57381 
  4.34500  0.50590  0.50639 
  4.44500  0.44070  0.43881 
  4.54500  0.37327  0.37295 
  4.64500  0.31014  0.31064 
  4.74500  0.25276  0.25332 
  4.84500  0.20186  0.20211 
  4.94500  0.15780  0.15763 
  5.04500  0.12048  0.12016 
  5.14500  0.08975  0.08943 
  5.24500  0.06514  0.06496 
  5.34500  0.04604  0.04607 
  5.44500  0.03173  0.03184 
  5.54500  0.02130  0.02148 
  5.64500  0.01396  0.01410 
  5.74500  0.00892  0.00904 
  5.84500  0.00558  0.00562 
  5.94500  0.00340  0.00342 
  6.04500  0.00202  0.00202 
  6.14500  0.00116  0.00117 
  6.24500  0.00065  0.00065 
  6.34500  0.00036  0.00036 
  6.44500  0.00018  0.00021 
  6.54500  0.00010  0.00011 
  6.64500  0.00007  0.00010 
  6.74500  0.00015  0.00016 
  6.84500  0.00024  0.00026 
  6.94500  0.00047  0.00048 
  7.04500  0.00086  0.00085 
  7.14500  0.00150  0.00150 
  7.24500  0.00255  0.00258 
  7.34500  0.00425  0.00432 
  7.44500  0.00691  0.00702 
  7.54500  0.01096  0.01110 
  7.64500  0.01696  0.01713 
  7.74500  0.02561  0.02576 
  7.84500  0.03769  0.03776 
  7.94500  0.05408  0.05401 
  8.04500  0.07559  0.07534 
  8.14500  0.10291  0.10256 
  8.24500  0.13659  0.13632 
  8.34500  0.17696  0.17697 
  8.44500  0.22413  0.22453 
  8.54500  0.27803  0.27863 
  8.64500  0.33817  0.33838 
  8.74500  0.40345  0.40251 
  8.84500  0.47183  0.46939 
  8.94500  0.53455  0.53714 
  9.04500  0.60303  0.60383 
  9.14500  0.66791  0.66760 
  9.24500  0.72745  0.72686 
  9.34500  0.78072  0.78034 
  9.44500  0.82724  0.82727 
  9.54500  0.86696  0.86723 
  9.64500  0.90000  0.90034 
  9.74500  0.92674  0.92696 
  9.84500  0.94771  0.94776 
  9.94500  0.96365  0.96355 
 10.04500  0.97538  0.97522 
 10.14500  0.98373  0.98356 
 10.24500  0.98951  0.98937 
 10.34500  0.99340  0.99331 
 10.44500  0.99595  0.99589 
 10.54500  0.99757  0.99755 
 10.64500  0.99859  0.99858 
 10.74500  0.99920  0.99920 
 10.84500  0.99956  0.99955 
 10.94500  0.99978  0.99976 
 11.04500  0.99990  0.99988 
 11.14500  0.99997  0.99992 
 11.24500  0.99999  1.00000 
 11.34500  1.00000  1.00000 
 11.44500  1.00002  1.00000 
 11.54500  1.00001  1.00000 
 11.64500  1.00000  1.00000 
 11.74500  0.99999  0.99999 
 11.84500  0.99995  0.99990 
 11.94500  0.99986  0.99985 
 12.04500  0.99971  0.99971 
 12.14500  0.99946  0.99945 
 12.24500  0.99903  0.99903 
 12.34500  0.99829  0.99830 
 12.44500  0.99711  0.99708 
 12.54500  0.99520  0.99517 
 12.64500  0.99227  0.99218 
 12.74500  0.98782  0.98768 
 12.84500  0.98129  0.98111 
 12.94500  0.97188  0.97173 
 13.04500  0.95886  0.95881 
 13.14500  0.94133  0.94146 
 13.24500  0.91852  0.91878 
 13.34500  0.88974  0.89010 
 13.44500  0.85450  0.85475 
 13.54500  0.81256  0.81244 
 13.64500  0.76377  0.76328 
 13.74500  0.70834  0.70776 
 13.84500  0.64686  0.64685 
 13.94500  0.58057  0.58190 
 14.04500  0.51349  0.51465 
 14.14500  0.44910  0.44698 
 14.24500  0.38128  0.38082 
 14.34500  0.31754  0.31797 
 14.44500  0.25940  0.25998 
 14.54500  0.20770  0.20799 
 14.64500  0.16279  0.16269 
 14.74500  0.12467  0.12436 
 14.84500  0.09316  0.09283 
 14.94500  0.06783  0.06763 
 15.04500  0.04811  0.04808 
 15.14500  0.03326  0.03335 
 15.24500  0.02239  0.02254 
 15.34500  0.01471  0.01485 
 15.44500  0.00943  0.00954 
 15.54500  0.00590  0.00598 
 15.64500  0.00361  0.00364 
 15.74500  0.00217  0.00218 
 15.84500  0.00128  0.00129 
 15.94500  0.00078  0.00079 
 16.04500  0.00054  0.00055 
 16.14500  0.00051  0.00052 
 16.24500  0.00069  0.00071 
 16.34500  0.00112  0.00112 
 16.44500  0.00189  0.00190 
 16.54500  0.00317  0.00320 
 16.64500  0.00520  0.00528 
 16.74500  0.00838  0.00846 
 16.84500  0.01313  0.01329 
 16.94500  0.02014  0.02030 
 17.04500  0.03010  0.03023 
 17.14500  0.04385  0.04387 
 17.24500  0.06222  0.06208 
 17.34500  0.08604  0.08573 
 17.44500  0.11590  0.11557 
 17.54500  0.15230  0.15211 
 17.64500  0.19545  0.19563 
 17.74500  0.24540  0.24594 
 17.84500  0.30192  0.30248 
 17.94500  0.36435  0.36420 
 18.04500  0.43132  0.42965 
 18.14500  0.49736  0.49713 
 18.24500  0.56290  0.56469 
 18.34500  0.63015  0.63040 
 18.44500  0.69299  0.69250 
 18.54500  0.75007  0.74952 
 18.64500  0.80061  0.80039 
 18.74500  0.84433  0.84448 
 18.84500  0.88128  0.88163 
 18.94500  0.91170  0.91199 
 19.04500  0.93599  0.93614 
 19.14500  0.95479  0.95480 
 19.24500  0.96890  0.96877 
 19.34500  0.97916  0.97899 
 19.44500  0.98636  0.98622 
 19.54500  0.99130  0.99118 
 19.64500  0.99457  0.99450 
 19.74500  0.99670  0.99667 
 19.84500  0.99804  0.99803 
 19.94500  0.99886  0.99885 
 20.04500  0.99934  0.99933 
 20.14500  0.99958  0.99957 
 20.24500  0.99970  0.99970 
 20.34500  0.99965  0.99965 
 20.44500  0.99948  0.99947 
 20.54500  0.99911  0.99910 
 20.64500  0.99845  0.99842 
 20.74500  0.99736  0.99733 
 20.84500  0.99561  0.99556 
 20.94500  0.99287  0.99277 
 21.04500  0.98870  0.98859 
 21.14500  0.98258  0.98241 
 21.24500  0.97373  0.97357 
 21.34500  0.96137  0.96131 
 21.44500  0.94468  0.94477 
 21.54500  0.92282  0.92308 
 21.64500  0.89510  0.89544 
 21.74500  0.86100  0.86126 
 21.84500  0.82020  0.82016 
 21.94500  0.77256  0.77213 
 22.04500  0.71824  0.71764 
 22.14500  0.65775  0.65757 
 22.24500  0.59217  0.59319 
 22.34500  0.52416  0.52622 
 22.44500  0.46091  0.45847 
 22.54500  0.39262  0.39191 
 22.64500  0.32805  0.32839 
 22.74500  0.26889  0.26949 
 22.84500  0.21607  0.21640 
 22.94500  0.16996  0.16993 
 23.04500  0.13072  0.13039 
 23.14500  0.09809  0.09771 
 23.24500  0.07174  0.07152 
 23.34500  0.05111  0.05107 
 23.44500  0.03548  0.03556 
 23.54500  0.02401  0.02414 
 23.64500  0.01582  0.01600 
 23.74500  0.01020  0.01032 
 23.84500  0.00641  0.00649 
 23.94500  0.00394  0.00396 
 24.04500  0.00236  0.00236 
 24.14500  0.00137  0.00137 
 24.24500  0.00077  0.00077 
 24.34500  0.00043  0.00043 
 24.44500  0.00021  0.00023 
 24.54500  0.00010  0.00011 
 24.64500  0.00003  0.00008 
 24.74500  0.00001  0.00000 
 24.84500  0.00001  0.00000 
 24.94500  0.00001  0.00000 
 25.04500  0.00002  0.00001 
 25.14500  0.00004  0.00010 
 25.24500  0.00014  0.00015 
 25.34500  0.00028  0.00028 
 25.44500  0.00051  0.00052 
 25.54500  0.00094  0.00095 
 25.64500  0.00164  0.00166 
 25.74500  0.00281  0.00283 
 25.84500  0.00464  0.00469 
 25.94500  0.00752  0.00761 
 26.04500  0.01185  0.01199 
 26.14500  0.01826  0.01842 
 26.24500  0.02747  0.02761 
 26.34500  0.04025  0.04030 
 26.44500  0.05747  0.05737 
 26.54500  0.07996  0.07968 
 26.64500  0.10838  0.10802 
 26.74500  0.14322  0.14297 
 26.84500  0.18478  0.18485 
 26.94500  0.23315  0.23362 
 27.04500  0.28820  0.28880 
 27.14500  0.34933  0.34940 
 27.24500  0.41540  0.41415 
 27.34500  0.48276  0.48134 
 27.44500  0.54681  0.54903 
 27.54500  0.61478  0.61533 
 27.64500  0.67882  0.67843 
 27.74500  0.73733  0.73675 
 27.84500  0.78942  0.78911 
 27.94500  0.83475  0.83482 
 28.04500  0.87326  0.87358 
 28.14500  0.90516  0.90549 
 28.24500  0.93083  0.93101 
 28.34500  0.95086  0.95087 
 28.44500  0.96599  0.96588 
 28.54500  0.97706  0.97691 
 28.64500  0.98489  0.98476 
 28.74500  0.99030  0.99019 
 28.84500  0.99393  0.99387 
 28.94500  0.99628  0.99626 
 29.04500  0.99777  0.99778 
 29.14500  0.99871  0.99872 
 29.24500  0.99927  0.99928 
 29.34500  0.99960  0.99960 
 29.44500  0.99981  0.99978 
 29.54500  0.99992  0.99990 
 29.64500  0.99997  0.99994 
 29.74500  0.99999  1.00000 
 29.84500  1.00001  1.00000 
 29.94500  1.00001  1.00000 
 30.04500  1.00001  1.00000 
 30.14500  1.00000  1.00000 
 30.24500  0.99998  0.99997 
 30.34500  0.99995  0.99990 
 30.44500  0.99984  0.99983 
 30.54500  0.99968  0.99967 
 30.64500  0.99940  0.99939 
 30.74500  0.99892  0.99892 
 30.84500  0.99812  0.99813 
 30.94500  0.99684  0.99681 
 31.04500  0.99480  0.99472 
 31.14500  0.99162  0.99153 
 31.24500  0.98685  0.98671 
 31.34500  0.97983  0.97968 
 31.44500  0.96989  0.96975 
 31.54500  0.95612  0.95610 
 31.64500  0.93772  0.93785 
 31.74500  0.91391  0.91419 
 31.84500  0.88401  0.88435 
 31.94500  0.84761  0.84779 
 32.04500  0.80445  0.80427 
 32.14500  0.75446  0.75394 
 32.24500  0.69792  0.69738 
 32.34500  0.63549  0.63565 
 32.44500  0.56853  0.57017 
 32.54500  0.50248  0.50270 
 32.64500  0.43693  0.43513 
 32.74500  0.36969  0.36946 
 32.84500  0.30685  0.30737 
 32.94500  0.24980  0.25035 
 33.04500  0.19930  0.19949 
 33.14500  0.15557  0.15543 
 33.24500  0.11865  0.11833 
 33.34500  0.08827  0.08794 
 33.44500  0.06396  0.06381 
 33.54500  0.04516  0.04518 
 33.64500  0.03109  0.03118 
 33.74500  0.02083  0.02098 
 33.84500  0.01363  0.01377 
 33.94500  0.00869  0.00881 
 34.04500  0.00542  0.00550 
 34.14500  0.00330  0.00334 
 34.24500  0.00198  0.00198 
 34.34500  0.00117  0.00118 
 34.44500  0.00072  0.00073 
 34.54500  0.00052  0.00053 
 34.64500  0.00053  0.00054 
 34.74500  0.00075  0.00076 
 34.84500  0.00123  0.00124 
 34.94500  0.00207  0.00208 
 35.04500  0.00345  0.00350 
 35.14500  0.00568  0.00574 
 35.24500  0.00909  0.00919 
 35.34500  0.01419  0.01436 
 35.44500  0.02166  0.02182 
 35.54500  0.03222  0.03234 
 35.64500  0.04674  0.04672 
 35.74500  0.06600  0.06583 
 35.84500  0.09084  0.09054 
 35.94500  0.12185  0.12153 
 36.04500  0.15942  0.15929 
 36.14500  0.20376  0.20400 
 36.24500  0.25493  0.25548 
 36.34500  0.31256  0.31300 
 36.44500  0.37587  0.37552 
 36.54500  0.44344  0.44147 
 36.64500  0.50837  0.50909 
 36.74500  0.57498  0.57645 
 36.84500  0.64161  0.64164 
 36.94500  0.70353  0.70294 
 37.04500  0.75946  0.75897 
 37.14500  0.80881  0.80865 
 37.24500  0.85133  0.85152 
 37.34500  0.88710  0.88744 
 37.44500  0.91639  0.91668 
 37.54500  0.93966  0.93979 
 37.64500  0.95760  0.95758 
 37.74500  0.97097  0.97083 
 37.84500  0.98063  0.98046 
 37.94500  0.98738  0.98723 
 38.04500  0.99198  0.99189 
 38.14500  0.99503  0.99497 
 38.24500  0.99697  0.99696 
 38.34500  0.99822  0.99822 
 38.44500  0.99898  0.99898 
 38.54500  0.99944  0.99943 
 38.64500  0.99970  0.99969 
 38.74500  0.99985  0.99983 
 38.84500  0.99995  0.99990 
 38.94500  0.99997  0.99990 
 39.04500  0.99996  0.99990 
 39.14500  0.99993  0.99990 
 39.24500  0.99983  0.99981 
 39.34500  0.99965  0.99964 
 39.44500  0.99935  0.99935 
 39.54500  0.99885  0.99885 
 39.64500  0.99800  0.99800 
 39.74500  0.99664  0.99661 
 39.84500  0.99447  0.99439 
 39.94500  0.99112  0.99104 
 40.04500  0.98614  0.98599 
 40.14500  0.97883  0.97867 
 40.24500  0.96846  0.96834 
 40.34500  0.95418  0.95419 
 40.44500  0.93518  0.93533 
 40.54500  0.91065  0.91099 
 40.64500  0.87999  0.88034 
 40.74500  0.84280  0.84294 
 40.84500  0.79882  0.79860 
 40.94500  0.74804  0.74748 
 41.04500  0.69074  0.69026 
 41.14500  0.62769  0.62796 
 41.24500  0.56031  0.56218 
 41.34500  0.49500  0.49460 
 41.44500  0.42873  0.42717 
 41.54500  0.36192  0.36181 
 41.64500  0.29970  0.30027 
 41.74500  0.24341  0.24393 
 41.84500  0.19371  0.19389 
 41.94500  0.15082  0.15062 
 42.04500  0.11466  0.11434 
 42.14500  0.08504  0.08474 
 42.24500  0.06144  0.06131 
 42.34500  0.04326  0.04327 
 42.44500  0.02966  0.02979 
 42.54500  0.01984  0.02000 
 42.64500  0.01293  0.01308 
 42.74500  0.00824  0.00835 
 42.84500  0.00511  0.00518 
 42.94500  0.00310  0.00312 
 43.04500  0.00183  0.00185 
 43.14500  0.00104  0.00106 
 43.24500  0.00058  0.00059 
 43.34500  0.00032  0.00032 
 43.44500  0.00015  0.00017 
 43.54500  0.00006  0.00010 
 43.64500  0.00002  0.00010 
 43.74500  0.00002  0.00010 
 43.84500  0.00004  0.00010 
 43.94500  0.00011  0.00012 
 44.04500  0.00022  0.00024 
 44.14500  0.00044  0.00045 
 44.24500  0.00081  0.00080 
 44.34500  0.00142  0.00143 
 44.44500  0.00244  0.00245 
 44.54500  0.00407  0.00411 
 44.64500  0.00662  0.00669 
 44.74500  0.01051  0.01064 
 44.84500  0.01632  0.01648 
 44.94500  0.02468  0.02484 
 45.04500  0.03642  0.03650 
 45.14500  0.05237  0.05232 
 45.24500  0.07338  0.07314 
 45.34500  0.10015  0.09981 
 45.44500  0.13325  0.13294 
 45.54500  0.17296  0.17295 
 45.64500  0.21954  0.21989 
 45.74500  0.27283  0.27341 
 45.84500  0.33240  0.33270 
 45.94500  0.39728  0.39651 
 46.04500  0.46581  0.46321 
 46.14500  0.52850  0.53094 
 46.24500  0.59687  0.59781 
 46.34500  0.66216  0.66192 
 46.44500  0.72225  0.72165 
 46.54500  0.77610  0.77570 
 46.64500  0.82325  0.82325 
 46.74500  0.86360  0.86386 
 46.84500  0.89723  0.89758 
 46.94500  0.92452  0.92478 
 47.04500  0.94602  0.94609 
 47.14500  0.96237  0.96230 
 47.24500  0.97445  0.97430 
 47.34500  0.98309  0.98291 
 47.44500  0.98906  0.98894 
 47.54500  0.99310  0.99301 
 47.64500  0.99575  0.99571 
 47.74500  0.99746  0.99743 
 47.84500  0.99852  0.99850 
 47.94500  0.99917  0.99915 
 48.04500  0.99954  0.99953 
 48.14500  0.99977  0.99975 
 48.24500  0.99988  0.99987 
 48.34500  0.99996  0.99991 
 48.44500  0.99999  1.00000 
 48.54500  1.00000  1.00000 
 48.64500  1.00002  1.00000 
 48.74500  1.00001  1.00000 
 48.84500  0.99999  1.00000 
 48.94500  0.99999  0.99999 
 49.04500  0.99996  0.99990 
 49.14500  0.99987  0.99986 
 49.24500  0.99974  0.99973 
 49.34500  0.99949  0.99948 
 49.44500  0.99908  0.99908 
 49.54500  0.99838  0.99837 
 49.64500  0.99724  0.99722 
 49.74500  0.99542  0.99538 
 49.84500  0.99261  0.99250 
 49.94500  0.98830  0.98818 
 50.04500  0.98197  0.98180 
 50.14500  0.97289  0.97271 
 50.24500  0.96024  0.96018 
 50.34500  0.94315  0.94325 
 50.44500  0.92086  0.92109 
 50.54500  0.89264  0.89299 
 50.64500  0.85801  0.85826 
 50.74500  0.81668  0.81661 
 50.84500  0.76851  0.76805 
 50.94500  0.71368  0.71309 
 51.04500  0.65273  0.65260 
 51.14500  0.58682  0.58798 
 51.24500  0.51923  0.52086 
 51.34500  0.45543  0.45315 
 51.44500  0.38734  0.38677 
 51.54500  0.32316  0.32354 
 51.64500  0.26447  0.26505 
 51.74500  0.21216  0.21248 
 51.84500  0.16662  0.16656 
 51.94500  0.12788  0.12757 
 52.04500  0.09577  0.09545 
 52.14500  0.06991  0.06970 
 52.24500  0.04971  0.04967 
 52.34500  0.03444  0.03451 
 52.44500  0.02325  0.02339 
 52.54500  0.01531  0.01546 
 52.64500  0.00983  0.00996 
 52.74500  0.00616  0.00624 
 52.84500  0.00377  0.00382 
 52.94500  0.00227  0.00228 
 53.04500  0.00130  0.00132 
 53.14500  0.00074  0.00074 
 53.24500  0.00040  0.00040 
 53.34500  0.00020  0.00023 
 53.44500  0.00009  0.00010 
 53.54500  0.00003  0.00007 
 53.64500  0.00001  0.00000 
 53.74500  0.00002  0.00000 
 53.84500  0.00001  0.00000 
 53.94500  0.00002  0.00002 
 54.04500  0.00005  0.00010 
 54.14500  0.00015  0.00015 
 54.24500  0.00029  0.00030 
 54.34500  0.00054  0.00055 
 54.44500  0.00098  0.00099 
 54.54500  0.00173  0.00175 
 54.64500  0.00292  0.00295 
 54.74500  0.00483  0.00489 
 54.84500  0.00778  0.00788 
 54.94500  0.01228  0.01243 
 55.04500  0.01890  0.01905 
 55.14500  0.02833  0.02848 
 55.24500  0.04145  0.04149 
 55.34500  0.05905  0.05894 
 55.44500  0.08198  0.08170 
 55.54500  0.11089  0.11056 
 55.64500  0.14624  0.14603 
 55.74500  0.18837  0.18846 
 55.84500  0.23726  0.23776 
 55.94500  0.29282  0.29339 
 56.04500  0.35438  0.35440 
 56.14500  0.42076  0.41940 
 56.24500  0.48775  0.48667 
 56.34500  0.55225  0.55434 
 56.44500  0.62003  0.62046 
 56.54500  0.68367  0.68322 
 56.64500  0.74168  0.74110 
 56.74500  0.79325  0.79298 
 56.84500  0.83803  0.83814 
 56.94500  0.87601  0.87633 
 57.04500  0.90742  0.90773 
 57.14500  0.93261  0.93278 
 57.24500  0.95223  0.95225 
 57.34500  0.96698  0.96689 
 57.44500  0.97778  0.97763 
 57.54500  0.98541  0.98527 
 57.64500  0.99067  0.99053 
 57.74500  0.99415  0.99409 
 57.84500  0.99644  0.99638 
 57.94500  0.99787  0.99783 
 58.04500  0.99876  0.99875 
 58.14500  0.99930  0.99927 
 58.24500  0.99957  0.99956 
 58.34500  0.99969  0.99969 
 58.44500  0.99966  0.99966 
 58.54500  0.99952  0.99950 
 58.64500  0.99918  0.99917 
 58.74500  0.99857  0.99857 
 58.84500  0.99755  0.99754 
 58.94500  0.99593  0.99588 
 59.04500  0.99338  0.99329 
 59.14500  0.98948  0.98936 
 59.24500  0.98368  0.98351 
 59.34500  0.97530  0.97514 
 59.44500  0.96354  0.96344 
 59.54500  0.94757  0.94762 
 59.64500  0.92655  0.92677 
 59.74500  0.89978  0.90011 
 59.84500  0.86667  0.86697 
 59.94500  0.82692  0.82693 
 60.04500  0.78034  0.77997 
 60.14500  0.72706  0.72643 
 60.24500  0.66744  0.66714 
 60.34500  0.60255  0.60335 
 60.44500  0.53402  0.53665 
 60.54500  0.47135  0.46889 
 60.64500  0.40296  0.40202 
 60.74500  0.33769  0.33792 
 60.84500  0.27761  0.27820 
 60.94500  0.22376  0.22417 
 61.04500  0.17663  0.17663 
 61.14500  0.13631  0.13605 
 61.24500  0.10269  0.10236 
 61.34500  0.07540  0.07517 
 61.44500  0.05395  0.05388 
 61.54500  0.03760  0.03766 
 61.64500  0.02554  0.02569 
 61.74500  0.01690  0.01706 
 61.84500  0.01093  0.01105 
 61.94500  0.00689  0.00697 
 62.04500  0.00424  0.00429 
 62.14500  0.00254  0.00255 
 62.24500  0.00149  0.00149 
 62.34500  0.00084  0.00085 
 62.44500  0.00046  0.00047 
 62.54500  0.00024  0.00025 
 62.64500  0.00012  0.00013 
 62.74500  0.00004  0.00009 
 62.84500  0.00001  0.00000 
 62.94500  0.00001  0.00000 
 63.04500 -0.00000  0.00000 
 63.14500  0.00000  0.00000 
 63.24500 -0.00001  0.00000 
 63.34500 -0.00001  0.00000 
 63.44500 -0.00000  0.00000 
 63.54500 -0.00000  0.00000 
 63.64500 -0.00001  0.00000 
 63.74500  0.00000  0.00000 
 63.84500 -0.00001  0.00000 
 63.94500 -0.00000  0.00000 
 64.04500  0.00001  0.00000 
 64.14500 -0.00000  0.00000 
 64.24500  0.00000  0.00000 
 64.34500  0.00000  0.00000 
 64.44500 -0.00001  0.00000 
 64.54500 -0.00000  0.00000 
 64.64500 -0.00000  0.00000 
 64.74500 -0.00000  0.00000 
 64.84500 -0.00000  0.00000 
 64.94500  0.00000  0.00000 
 65.04500  0.00000  0.00000 
 65.14500 -0.00000  0.00000 
 65.24500  0.00000  0.00000 
