  0.04500  0.51128  0.51310 
  0.14500  0.51128  0.51310 
  0.24500  0.51128  0.51310 
  0.34500  0.51127  0.51310 
  0.44500  0.51127  0.51310 
  0.54500  0.51127  0.51310 
  0.64500  0.51127  0.51310 
  0.74500  0.51127  0.51310 
  0.84500  0.51127  0.51310 
  0.94500  0.51126  0.51310 
  1.04500  0.51126  0.51310 
  1.14500  0.51126  0.51310 
  1.24500  0.51126  0.51310 
  1.34500  0.51124  0.51310 
  1.44500  0.51125  0.51310 
  1.54500  0.51124  0.51310 
  1.64500  0.51123  0.51310 
  1.74500  0.51123  0.51310 
  1.84500  0.51123  0.51310 
  1.94500  0.51123  0.51310 
  2.04500  0.51123  0.51310 
  2.14500  0.51122  0.51306 
  2.24500  0.51122  0.51300 
  2.34500  0.51122  0.51300 
  2.44500  0.51123  0.51300 
  2.54500  0.51123  0.51300 
  2.64500  0.51123  0.51300 
  2.74500  0.51122  0.51300 
  2.84500  0.51122  0.51300 
  2.94500  0.51120  0.51300 
  3.04500  0.51118  0.51300 
  3.14500  0.51118  0.51300 
  3.24500  0.51118  0.51300 
  3.34500  0.51118  0.51300 
  3.44500  0.51117  0.51300 
  3.54500  0.51117  0.51300 
  3.64500  0.51116  0.51300 
  3.74500  0.51116  0.51300 
  3.84500  0.51115  0.51300 
  3.94500  0.51116  0.51300 
  4.04500  0.51115  0.51296 
  4.14500  0.51114  0.51290 
  4.24500  0.51113  0.51290 
  4.34500  0.51112  0.51290 
  4.44500  0.51112  0.51290 
  4.54500  0.51112  0.51290 
  4.64500  0.51111  0.51290 
  4.74500  0.51111  0.51290 
  4.84500  0.51110  0.51290 
  4.94500  0.51109  0.51290 
  5.04500  0.51108  0.51290 
  5.14500  0.51108  0.51290 
  5.24500  0.51109  0.51290 
  5.34500  0.51108  0.51282 
  5.44500  0.51107  0.51280 
  5.54500  0.51106  0.51280 
  5.64500  0.51104  0.51280 
  5.74500  0.51103  0.51280 
  5.84500  0.51102  0.51280 
  5.94500  0.51102  0.51280 
  6.04500  0.51101  0.51280 
  6.14500  0.51099  0.51280 
  6.24500  0.51099  0.51280 
  6.34500  0.51099  0.51274 
  6.44500  0.51099  0.51270 
  6.54500  0.51097  0.51270 
  6.64500  0.51097  0.51270 
  6.74500  0.51096  0.51270 
  6.84500  0.51096  0.51270 
  6.94500  0.51095  0.51270 
  7.04500  0.51094  0.51270 
  7.14500  0.51093  0.51270 
  7.24500  0.51092  0.51262 
  7.34500  0.51089  0.51260 
  7.44500  0.51088  0.51260 
  7.54500  0.51088  0.51260 
  7.64500  0.51087  0.51260 
  7.74500  0.51086  0.51260 
  7.84500  0.51085  0.51260 
  7.94500  0.51085  0.51260 
  8.04500  0.51086  0.51250 
  8.14500  0.51083  0.51250 
  8.24500  0.51081  0.51250 
  8.34500  0.51081  0.51250 
  8.44500  0.51080  0.51250 
  8.54500  0.51080  0.51250 
  8.64500  0.51078  0.51250 
  8.74500  0.51077  0.51242 
  8.84500  0.51075  0.51240 
  8.94500  0.51075  0.51240 
  9.04500  0.51073  0.51240 
  9.14500  0.51071  0.51240 
  9.24500  0.51071  0.51240 
  9.34500  0.51070  0.51239 
  9.44500  0.51069  0.51230 
  9.54500  0.51068  0.51230 
  9.64500  0.51069  0.51230 
  9.74500  0.51068  0.51230 
  9.84500  0.51066  0.51230 
  9.94500  0.51065  0.51230 
 10.04500  0.51062  0.51222 
 10.14500  0.51061  0.51220 
 10.24500  0.51060  0.51220 
 10.34500  0.51059  0.51220 
 10.44500  0.51058  0.51220 
 10.54500  0.51057  0.51220 
 10.64500  0.51056  0.51211 
 10.74500  0.51055  0.51210 
 10.84500  0.51053  0.51210 
 10.94500  0.51052  0.51210 
 11.04500  0.51051  0.51210 
 11.14500  0.51049  0.51207 
 11.24500  0.51046  0.51200 
 11.34500  0.51047  0.51200 
 11.44500  0.51046  0.51200 
 11.54500  0.51042  0.51200 
 11.64500  0.51042  0.51200 
 11.74500  0.51041  0.51191 
 11.84500  0.51040  0.51190 
 11.94500  0.51038  0.51190 
 12.04500  0.51038  0.51190 
 12.14500  0.51035  0.51190 
 12.24500  0.51032  0.51183 
 12.34500  0.51031  0.51180 
 12.44500  0.51030  0.51180 
 12.54500  0.51029  0.51180 
 12.64500  0.51028  0.51180 
 12.74500  0.51027  0.51173 
 12.84500  0.51025  0.51170 
 12.94500  0.51023  0.51170 
 13.04500  0.51021  0.51170 
 13.14500  0.51019  0.51170 
 13.24500  0.51018  0.51161 
 13.34500  0.51016  0.51160 
 13.44500  0.51015  0.51160 
 13.54500  0.51014  0.51160 
 13.64500  0.51011  0.51157 
 13.74500  0.51010  0.51150 
 13.84500  0.51009  0.51150 
 13.94500  0.51006  0.51150 
 14.04500  0.51004  0.51150 
 14.14500  0.51003  0.51143 
 14.24500  0.51001  0.51140 
 14.34500  0.51000  0.51140 
 14.44500  0.50998  0.51140 
 14.54500  0.50996  0.51137 
 14.64500  0.50993  0.51130 
 14.74500  0.50989  0.51130 
 14.84500  0.50987  0.51130 
 14.94500  0.50985  0.51130 
 15.04500  0.50984  0.51120 
 15.14500  0.50983  0.51120 
 15.24500  0.50981  0.51120 
 15.34500  0.50979  0.51120 
 15.44500  0.50978  0.51112 
 15.54500  0.50977  0.51110 
 15.64500  0.50975  0.51110 
 15.74500  0.50973  0.51110 
 15.84500  0.50971  0.51104 
 15.94500  0.50969  0.51100 
 16.04500  0.50968  0.51100 
 16.14500  0.50966  0.51100 
 16.24500  0.50965  0.51094 
 16.34500  0.50963  0.51090 
 16.44500  0.50958  0.51090 
 16.54500  0.50957  0.51090 
 16.64500  0.50956  0.51084 
 16.74500  0.50954  0.51080 
 16.84500  0.50954  0.51080 
 16.94500  0.50950  0.51080 
 17.04500  0.50949  0.51072 
 17.14500  0.50946  0.51070 
 17.24500  0.50944  0.51070 
 17.34500  0.50943  0.51070 
 17.44500  0.50941  0.51061 
 17.54500  0.50939  0.51060 
 17.64500  0.50937  0.51060 
 17.74500  0.50936  0.51058 
 17.84500  0.50932  0.51050 
 17.94500  0.50931  0.51050 
 18.04500  0.50928  0.51050 
 18.14500  0.50927  0.51045 
 18.24500  0.50925  0.51040 
 18.34500  0.50924  0.51040 
 18.44500  0.50921  0.51040 
 18.54500  0.50917  0.51032 
 18.64500  0.50916  0.51030 
 18.74500  0.50914  0.51030 
 18.84500  0.50913  0.51028 
 18.94500  0.50910  0.51020 
 19.04500  0.50908  0.51020 
 19.14500  0.50906  0.51020 
 19.24500  0.50903  0.51013 
 19.34500  0.50901  0.51010 
 19.44500  0.50898  0.51010 
 19.54500  0.50897  0.51008 
 19.64500  0.50895  0.51000 
 19.74500  0.50894  0.51000 
 19.84500  0.50890  0.51000 
 19.94500  0.50889  0.50993 
 20.04500  0.50887  0.50990 
 20.14500  0.50886  0.50990 
 20.24500  0.50884  0.50987 
 20.34500  0.50882  0.50980 
 20.44500  0.50879  0.50980 
 20.54500  0.50876  0.50980 
 20.64500  0.50874  0.50971 
 20.74500  0.50873  0.50970 
 20.84500  0.50870  0.50970 
 20.94500  0.50868  0.50964 
 21.04500  0.50866  0.50960 
 21.14500  0.50864  0.50960 
 21.24500  0.50860  0.50957 
 21.34500  0.50858  0.50950 
 21.44500  0.50856  0.50950 
 21.54500  0.50855  0.50950 
 21.64500  0.50853  0.50940 
 21.74500  0.50849  0.50940 
 21.84500  0.50846  0.50940 
 21.94500  0.50845  0.50933 
 22.04500  0.50842  0.50930 
 22.14500  0.50840  0.50930 
 22.24500  0.50838  0.50925 
 22.34500  0.50835  0.50920 
 22.44500  0.50832  0.50920 
 22.54500  0.50828  0.50917 
 22.64500  0.50825  0.50910 
 22.74500  0.50824  0.50910 
 22.84500  0.50822  0.50908 
 22.94500  0.50819  0.50900 
 23.04500  0.50815  0.50900 
 23.14500  0.50813  0.50900 
 23.24500  0.50812  0.50890 
 23.34500  0.50810  0.50890 
 23.44500  0.50807  0.50890 
 23.54500  0.50803  0.50881 
 23.64500  0.50801  0.50880 
 23.74500  0.50800  0.50880 
 23.84500  0.50798  0.50872 
 23.94500  0.50795  0.50870 
 24.04500  0.50794  0.50870 
 24.14500  0.50791  0.50863 
 24.24500  0.50788  0.50860 
 24.34500  0.50786  0.50860 
 24.44500  0.50784  0.50853 
 24.54500  0.50782  0.50850 
 24.64500  0.50779  0.50850 
 24.74500  0.50775  0.50844 
 24.84500  0.50773  0.50840 
 24.94500  0.50771  0.50840 
 25.04500  0.50769  0.50834 
 25.14500  0.50767  0.50830 
 25.24500  0.50764  0.50830 
 25.34500  0.50761  0.50824 
 25.44500  0.50759  0.50820 
 25.54500  0.50756  0.50820 
 25.64500  0.50754  0.50814 
 25.74500  0.50752  0.50810 
 25.84500  0.50749  0.50810 
 25.94500  0.50745  0.50804 
 26.04500  0.50743  0.50800 
 26.14500  0.50741  0.50800 
 26.24500  0.50739  0.50793 
 26.34500  0.50737  0.50790 
 26.44500  0.50732  0.50790 
 26.54500  0.50731  0.50783 
 26.64500  0.50728  0.50780 
 26.74500  0.50726  0.50780 
 26.84500  0.50724  0.50772 
 26.94500  0.50721  0.50770 
 27.04500  0.50718  0.50770 
 27.14500  0.50715  0.50761 
 27.24500  0.50714  0.50760 
 27.34500  0.50713  0.50760 
 27.44500  0.50711  0.50750 
 27.54500  0.50706  0.50750 
 27.64500  0.50703  0.50749 
 27.74500  0.50702  0.50740 
 27.84500  0.50699  0.50740 
 27.94500  0.50697  0.50738 
 28.04500  0.50694  0.50730 
 28.14500  0.50691  0.50730 
 28.24500  0.50688  0.50727 
 28.34500  0.50686  0.50720 
 28.44500  0.50684  0.50720 
 28.54500  0.50682  0.50716 
 28.64500  0.50677  0.50710 
 28.74500  0.50675  0.50710 
 28.84500  0.50673  0.50704 
 28.94500  0.50669  0.50700 
 29.04500  0.50666  0.50700 
 29.14500  0.50663  0.50693 
 29.24500  0.50659  0.50690 
 29.34500  0.50658  0.50690 
 29.44500  0.50655  0.50682 
 29.54500  0.50652  0.50680 
 29.64500  0.50650  0.50680 
 29.74500  0.50646  0.50670 
 29.84500  0.50643  0.50670 
 29.94500  0.50641  0.50668 
 30.04500  0.50639  0.50660 
 30.14500  0.50637  0.50660 
 30.24500  0.50633  0.50657 
 30.34500  0.50631  0.50650 
 30.44500  0.50628  0.50650 
 30.54500  0.50626  0.50645 
 30.64500  0.50624  0.50640 
 30.74500  0.50622  0.50640 
 30.84500  0.50619  0.50633 
 30.94500  0.50616  0.50630 
 31.04500  0.50614  0.50630 
 31.14500  0.50612  0.50621 
 31.24500  0.50610  0.50620 
 31.34500  0.50605  0.50620 
 31.44500  0.50602  0.50610 
 31.54500  0.50600  0.50610 
 31.64500  0.50598  0.50608 
 31.74500  0.50595  0.50600 
 31.84500  0.50592  0.50600 
 31.94500  0.50589  0.50596 
 32.04500  0.50587  0.50590 
 32.14500  0.50584  0.50590 
 32.24500  0.50582  0.50584 
 32.34500  0.50579  0.50580 
 32.44500  0.50576  0.50580 
 32.54500  0.50573  0.50572 
 32.64500  0.50571  0.50570 
 32.74500  0.50569  0.50570 
 32.84500  0.50566  0.50560 
 32.94500  0.50562  0.50560 
 33.04500  0.50560  0.50558 
 33.14500  0.50558  0.50550 
 33.24500  0.50555  0.50550 
 33.34500  0.50552  0.50546 
 33.44500  0.50549  0.50540 
 33.54500  0.50547  0.50540 
 33.64500  0.50543  0.50535 
 33.74500  0.50541  0.50530 
 33.84500  0.50539  0.50530 
 33.94500  0.50537  0.50523 
 34.04500  0.50534  0.50520 
 34.14500  0.50532  0.50520 
 34.24500  0.50531  0.50511 
 34.34500  0.50527  0.50510 
 34.44500  0.50525  0.50509 
 34.54500  0.50521  0.50500 
 34.64500  0.50519  0.50500 
 34.74500  0.50516  0.50497 
 34.84500  0.50513  0.50490 
 34.94500  0.50512  0.50490 
 35.04500  0.50507  0.50486 
 35.14500  0.50502  0.50480 
 35.24500  0.50500  0.50480 
 35.34500  0.50498  0.50474 
 35.44500  0.50496  0.50470 
 35.54500  0.50492  0.50470 
 35.64500  0.50489  0.50462 
 35.74500  0.50487  0.50460 
 35.84500  0.50484  0.50460 
 35.94500  0.50482  0.50451 
 36.04500  0.50479  0.50450 
 36.14500  0.50476  0.50449 
 36.24500  0.50473  0.50440 
 36.34500  0.50471  0.50440 
 36.44500  0.50469  0.50438 
 36.54500  0.50467  0.50430 
 36.64500  0.50464  0.50430 
 36.74500  0.50460  0.50426 
 36.84500  0.50458  0.50420 
 36.94500  0.50456  0.50420 
 37.04500  0.50453  0.50415 
 37.14500  0.50451  0.50410 
 37.24500  0.50447  0.50410 
 37.34500  0.50446  0.50404 
 37.44500  0.50444  0.50400 
 37.54500  0.50441  0.50400 
 37.64500  0.50440  0.50393 
 37.74500  0.50436  0.50390 
 37.84500  0.50433  0.50390 
 37.94500  0.50430  0.50382 
 38.04500  0.50429  0.50380 
 38.14500  0.50427  0.50380 
 38.24500  0.50424  0.50371 
 38.34500  0.50420  0.50370 
 38.44500  0.50418  0.50370 
 38.54500  0.50416  0.50360 
 38.64500  0.50413  0.50360 
 38.74500  0.50411  0.50359 
 38.84500  0.50408  0.50350 
 38.94500  0.50406  0.50350 
 39.04500  0.50402  0.50349 
 39.14500  0.50400  0.50340 
 39.24500  0.50399  0.50340 
 39.34500  0.50396  0.50338 
 39.44500  0.50392  0.50330 
 39.54500  0.50389  0.50330 
 39.64500  0.50387  0.50328 
 39.74500  0.50385  0.50320 
 39.84500  0.50383  0.50320 
 39.94500  0.50380  0.50318 
 40.04500  0.50377  0.50310 
 40.14500  0.50375  0.50310 
 40.24500  0.50372  0.50308 
 40.34500  0.50370  0.50300 
 40.44500  0.50368  0.50300 
 40.54500  0.50365  0.50298 
 40.64500  0.50361  0.50290 
 40.74500  0.50359  0.50290 
 40.84500  0.50360  0.50288 
 40.94500  0.50357  0.50280 
 41.04500  0.50355  0.50280 
 41.14500  0.50351  0.50279 
 41.24500  0.50349  0.50270 
 41.34500  0.50345  0.50270 
 41.44500  0.50342  0.50269 
 41.54500  0.50339  0.50260 
 41.64500  0.50338  0.50260 
 41.74500  0.50334  0.50260 
 41.84500  0.50331  0.50250 
 41.94500  0.50328  0.50250 
 42.04500  0.50327  0.50250 
 42.14500  0.50325  0.50241 
 42.24500  0.50323  0.50240 
 42.34500  0.50319  0.50240 
 42.44500  0.50316  0.50233 
 42.54500  0.50315  0.50230 
 42.64500  0.50313  0.50230 
 42.74500  0.50311  0.50224 
 42.84500  0.50308  0.50220 
 42.94500  0.50305  0.50220 
 43.04500  0.50302  0.50216 
 43.14500  0.50300  0.50210 
 43.24500  0.50297  0.50210 
 43.34500  0.50296  0.50208 
 43.44500  0.50294  0.50200 
 43.54500  0.50291  0.50200 
 43.64500  0.50287  0.50200 
 43.74500  0.50286  0.50191 
 43.84500  0.50283  0.50190 
 43.94500  0.50282  0.50190 
 44.04500  0.50279  0.50184 
 44.14500  0.50276  0.50180 
 44.24500  0.50274  0.50180 
 44.34500  0.50273  0.50177 
 44.44500  0.50270  0.50170 
 44.54500  0.50269  0.50170 
 44.64500  0.50267  0.50170 
 44.74500  0.50265  0.50160 
 44.84500  0.50262  0.50160 
 44.94500  0.50260  0.50160 
 45.04500  0.50258  0.50154 
 45.14500  0.50257  0.50150 
 45.24500  0.50255  0.50150 
 45.34500  0.50253  0.50148 
 45.44500  0.50248  0.50140 
 45.54500  0.50247  0.50140 
 45.64500  0.50245  0.50140 
 45.74500  0.50244  0.50132 
 45.84500  0.50241  0.50130 
 45.94500  0.50239  0.50130 
 46.04500  0.50236  0.50127 
 46.14500  0.50234  0.50120 
 46.24500  0.50232  0.50120 
 46.34500  0.50230  0.50120 
 46.44500  0.50228  0.50112 
 46.54500  0.50226  0.50110 
 46.64500  0.50225  0.50110 
 46.74500  0.50222  0.50108 
 46.84500  0.50218  0.50100 
 46.94500  0.50217  0.50100 
 47.04500  0.50216  0.50100 
 47.14500  0.50214  0.50095 
 47.24500  0.50213  0.50090 
 47.34500  0.50210  0.50090 
 47.44500  0.50207  0.50090 
 47.54500  0.50205  0.50081 
 47.64500  0.50204  0.50080 
 47.74500  0.50202  0.50080 
 47.84500  0.50199  0.50079 
 47.94500  0.50198  0.50070 
 48.04500  0.50196  0.50070 
 48.14500  0.50194  0.50070 
 48.24500  0.50191  0.50067 
 48.34500  0.50189  0.50060 
 48.44500  0.50187  0.50060 
 48.54500  0.50186  0.50060 
 48.64500  0.50184  0.50056 
 48.74500  0.50180  0.50050 
 48.84500  0.50180  0.50050 
 48.94500  0.50176  0.50050 
 49.04500  0.50175  0.50045 
 49.14500  0.50173  0.50040 
 49.24500  0.50171  0.50040 
 49.34500  0.50171  0.50040 
 49.44500  0.50167  0.50035 
 49.54500  0.50167  0.50030 
 49.64500  0.50163  0.50030 
 49.74500  0.50162  0.50030 
 49.84500  0.50160  0.50026 
 49.94500  0.50158  0.50020 
 50.04500  0.50157  0.50020 
 50.14500  0.50155  0.50020 
 50.24500  0.50153  0.50018 
 50.34500  0.50153  0.50010 
 50.44500  0.50150  0.50010 
 50.54500  0.50147  0.50010 
 50.64500  0.50145  0.50010 
 50.74500  0.50144  0.50001 
 50.84500  0.50143  0.50000 
 50.94500  0.50141  0.50000 
 51.04500  0.50140  0.50000 
 51.14500  0.50138  0.49995 
 51.24500  0.50135  0.49990 
 51.34500  0.50133  0.49990 
 51.44500  0.50132  0.49990 
 51.54500  0.50130  0.49990 
 51.64500  0.50130  0.49980 
 51.74500  0.50126  0.49980 
 51.84500  0.50126  0.49980 
 51.94500  0.50125  0.49980 
 52.04500  0.50122  0.49976 
 52.14500  0.50121  0.49970 
 52.24500  0.50119  0.49970 
 52.34500  0.50117  0.49970 
 52.44500  0.50115  0.49970 
 52.54500  0.50115  0.49964 
 52.64500  0.50112  0.49960 
 52.74500  0.50112  0.49960 
 52.84500  0.50110  0.49960 
 52.94500  0.50110  0.49960 
 53.04500  0.50107  0.49953 
 53.14500  0.50104  0.49950 
 53.24500  0.50103  0.49950 
 53.34500  0.50102  0.49950 
 53.44500  0.50101  0.49950 
 53.54500  0.50099  0.49944 
 53.64500  0.50098  0.49940 
 53.74500  0.50097  0.49940 
 53.84500  0.50095  0.49940 
 53.94500  0.50094  0.49940 
 54.04500  0.50093  0.49938 
 54.14500  0.50091  0.49930 
 54.24500  0.50091  0.49930 
 54.34500  0.50091  0.49930 
 54.44500  0.50088  0.49930 
 54.54500  0.50087  0.49930 
 54.64500  0.50086  0.49923 
 54.74500  0.50085  0.49920 
 54.84500  0.50083  0.49920 
 54.94500  0.50083  0.49920 
 55.04500  0.50082  0.49920 
 55.14500  0.50080  0.49920 
 55.24500  0.50076  0.49912 
 55.34500  0.50076  0.49910 
 55.44500  0.50075  0.49910 
 55.54500  0.50073  0.49910 
 55.64500  0.50073  0.49910 
 55.74500  0.50073  0.49910 
 55.84500  0.50071  0.49903 
 55.94500  0.50070  0.49900 
 56.04500  0.50070  0.49900 
 56.14500  0.50068  0.49900 
 56.24500  0.50067  0.49900 
 56.34500  0.50064  0.49900 
 56.44500  0.50063  0.49899 
 56.54500  0.50063  0.49890 
 56.64500  0.50062  0.49890 
 56.74500  0.50060  0.49890 
 56.84500  0.50060  0.49890 
 56.94500  0.50060  0.49890 
 57.04500  0.50058  0.49890 
 57.14500  0.50056  0.49889 
 57.24500  0.50055  0.49880 
 57.34500  0.50055  0.49880 
 57.44500  0.50055  0.49880 
 57.54500  0.50054  0.49880 
 57.64500  0.50052  0.49880 
 57.74500  0.50050  0.49880 
 57.84500  0.50051  0.49880 
 57.94500  0.50049  0.49876 
 58.04500  0.50047  0.49870 
 58.14500  0.50047  0.49870 
 58.24500  0.50045  0.49870 
 58.34500  0.50045  0.49870 
 58.44500  0.50045  0.49870 
 58.54500  0.50044  0.49870 
 58.64500  0.50043  0.49870 
 58.74500  0.50042  0.49870 
 58.84500  0.50042  0.49861 
 58.94500  0.50042  0.49860 
 59.04500  0.50041  0.49860 
 59.14500  0.50039  0.49860 
 59.24500  0.50038  0.49860 
 59.34500  0.50036  0.49860 
 59.44500  0.50035  0.49860 
 59.54500  0.50035  0.49860 
 59.64500  0.50035  0.49860 
 59.74500  0.50033  0.49859 
 59.84500  0.50032  0.49850 
 59.94500  0.50033  0.49850 
 60.04500  0.50032  0.49850 
 60.14500  0.50031  0.49850 
 60.24500  0.50031  0.49850 
 60.34500  0.50030  0.49850 
 60.44500  0.50029  0.49850 
 60.54500  0.50030  0.49850 
 60.64500  0.50029  0.49850 
 60.74500  0.50027  0.49850 
 60.84500  0.50027  0.49850 
 60.94500  0.50027  0.49847 
 61.04500  0.50026  0.49840 
 61.14500  0.50025  0.49840 
 61.24500  0.50025  0.49840 
 61.34500  0.50025  0.49840 
 61.44500  0.50024  0.49840 
 61.54500  0.50023  0.49840 
 61.64500  0.50022  0.49840 
 61.74500  0.50022  0.49840 
 61.84500  0.50022  0.49840 
 61.94500  0.50021  0.49840 
 62.04500  0.50019  0.49840 
 62.14500  0.50016  0.49840 
 62.24500  0.50017  0.49840 
 62.34500  0.50017  0.49840 
 62.44500  0.50016  0.49840 
 62.54500  0.50016  0.49840 
 62.64500  0.50015  0.49831 
 62.74500  0.50015  0.49830 
 62.84500  0.50016  0.49830 
 62.94500  0.50015  0.49830 
 63.04500  0.50015  0.49830 
 63.14500  0.50014  0.49830 
 63.24500  0.50013  0.49830 
 63.34500  0.50012  0.49830 
 63.44500  0.50011  0.49830 
 63.54500  0.50011  0.49830 
 63.64500  0.50011  0.49830 
 63.74500  0.50011  0.49830 
 63.84500  0.50011  0.49830 
 63.94500  0.50012  0.49830 
 64.04500  0.50011  0.49830 
 64.14500  0.50011  0.49830 
 64.24500  0.50011  0.49830 
 64.34500  0.50011  0.49830 
 64.44500  0.50011  0.49830 
 64.54500  0.50011  0.49830 
 64.64500  0.50011  0.49830 
 64.74500  0.50011  0.49830 
 64.84500  0.50011  0.49830 
 64.94500  0.50011  0.49830 
 65.04500  0.50011  0.49830 
 65.14500  0.50010  0.49830 
 65.24500  0.50010  0.49830 
