  0.04500  0.89859  0.89865 
  0.14500  0.89816  0.89821 
  0.24500  0.89723  0.89731 
  0.34500  0.89586  0.89592 
  0.44500  0.89403  0.89408 
  0.54500  0.89170  0.89176 
  0.64500  0.88893  0.88895 
  0.74500  0.88571  0.88574 
  0.84500  0.88198  0.88207 
  0.94500  0.87785  0.87790 
  1.04500  0.87327  0.87330 
  1.14500  0.86821  0.86827 
  1.24500  0.86279  0.86278 
  1.34500  0.85682  0.85687 
  1.44500  0.85048  0.85052 
  1.54500  0.84374  0.84375 
  1.64500  0.83656  0.83658 
  1.74500  0.82898  0.82902 
  1.84500  0.82103  0.82104 
  1.94500  0.81265  0.81269 
  2.04500  0.80392  0.80394 
  2.14500  0.79485  0.79488 
  2.24500  0.78544  0.78547 
  2.34500  0.77569  0.77572 
  2.44500  0.76563  0.76566 
  2.54500  0.75530  0.75531 
  2.64500  0.74468  0.74468 
  2.74500  0.73378  0.73383 
  2.84500  0.72266  0.72269 
  2.94500  0.71134  0.71136 
  3.04500  0.69981  0.69983 
  3.14500  0.68813  0.68814 
  3.24500  0.67632  0.67631 
  3.34500  0.66436  0.66440 
  3.44500  0.65232  0.65232 
  3.54500  0.64021  0.64023 
  3.64500  0.62807  0.62809 
  3.74500  0.61595  0.61596 
  3.84500  0.60384  0.60384 
  3.94500  0.59179  0.59180 
  4.04500  0.57980  0.57981 
  4.14500  0.56797  0.56796 
  4.24500  0.55625  0.55625 
  4.34500  0.54470  0.54472 
  4.44500  0.53336  0.53341 
  4.54500  0.52229  0.52235 
  4.64500  0.51149  0.51152 
  4.74500  0.50102  0.50102 
  4.84500  0.49084  0.49084 
  4.94500  0.48103  0.48103 
  5.04500  0.47160  0.47162 
  5.14500  0.46260  0.46262 
  5.24500  0.45403  0.45406 
  5.34500  0.44595  0.44596 
  5.44500  0.43834  0.43838 
  5.54500  0.43127  0.43130 
  5.64500  0.42470  0.42475 
  5.74500  0.41870  0.41876 
  5.84500  0.41328  0.41332 
  5.94500  0.40845  0.40849 
  6.04500  0.40421  0.40424 
  6.14500  0.40059  0.40064 
  6.24500  0.39759  0.39763 
  6.34500  0.39520  0.39524 
  6.44500  0.39346  0.39352 
  6.54500  0.39236  0.39240 
  6.64500  0.39187  0.39193 
  6.74500  0.39207  0.39210 
  6.84500  0.39284  0.39288 
  6.94500  0.39423  0.39430 
  7.04500  0.39628  0.39633 
  7.14500  0.39889  0.39896 
  7.24500  0.40210  0.40217 
  7.34500  0.40589  0.40595 
  7.44500  0.41022  0.41029 
  7.54500  0.41511  0.41517 
  7.64500  0.42048  0.42055 
  7.74500  0.42638  0.42642 
  7.84500  0.43265  0.43275 
  7.94500  0.43942  0.43951 
  8.04500  0.44659  0.44667 
  8.14500  0.45412  0.45420 
  8.24500  0.46200  0.46210 
  8.34500  0.47017  0.47024 
  8.44500  0.47861  0.47868 
  8.54500  0.48728  0.48736 
  8.64500  0.49614  0.49625 
  8.74500  0.50516  0.50526 
  8.84500  0.51431  0.51441 
  8.94500  0.52361  0.52365 
  9.04500  0.53286  0.53292 
  9.14500  0.54213  0.54219 
  9.24500  0.55136  0.55144 
  9.34500  0.56054  0.56061 
  9.44500  0.56959  0.56965 
  9.54500  0.57846  0.57856 
  9.64500  0.58722  0.58729 
  9.74500  0.59572  0.59578 
  9.84500  0.60397  0.60404 
  9.94500  0.61192  0.61198 
 10.04500  0.61956  0.61960 
 10.14500  0.62683  0.62690 
 10.24500  0.63374  0.63378 
 10.34500  0.64021  0.64026 
 10.44500  0.64624  0.64631 
 10.54500  0.65184  0.65189 
 10.64500  0.65693  0.65699 
 10.74500  0.66153  0.66158 
 10.84500  0.66561  0.66565 
 10.94500  0.66917  0.66919 
 11.04500  0.67215  0.67218 
 11.14500  0.67458  0.67464 
 11.24500  0.67645  0.67648 
 11.34500  0.67773  0.67775 
 11.44500  0.67846  0.67848 
 11.54500  0.67859  0.67863 
 11.64500  0.67813  0.67818 
 11.74500  0.67712  0.67715 
 11.84500  0.67553  0.67557 
 11.94500  0.67342  0.67343 
 12.04500  0.67071  0.67074 
 12.14500  0.66749  0.66753 
 12.24500  0.66373  0.66379 
 12.34500  0.65952  0.65954 
 12.44500  0.65482  0.65484 
 12.54500  0.64962  0.64967 
 12.64500  0.64404  0.64406 
 12.74500  0.63803  0.63805 
 12.84500  0.63167  0.63168 
 12.94500  0.62491  0.62494 
 13.04500  0.61787  0.61791 
 13.14500  0.61052  0.61058 
 13.24500  0.60296  0.60300 
 13.34500  0.59517  0.59519 
 13.44500  0.58719  0.58720 
 13.54500  0.57907  0.57912 
 13.64500  0.57086  0.57090 
 13.74500  0.56259  0.56261 
 13.84500  0.55427  0.55428 
 13.94500  0.54596  0.54597 
 14.04500  0.53768  0.53770 
 14.14500  0.52946  0.52953 
 14.24500  0.52139  0.52148 
 14.34500  0.51350  0.51354 
 14.44500  0.50580  0.50583 
 14.54500  0.49830  0.49833 
 14.64500  0.49106  0.49108 
 14.74500  0.48409  0.48413 
 14.84500  0.47748  0.47751 
 14.94500  0.47119  0.47123 
 15.04500  0.46529  0.46533 
 15.14500  0.45978  0.45982 
 15.24500  0.45470  0.45477 
 15.34500  0.45006  0.45012 
 15.44500  0.44591  0.44593 
 15.54500  0.44221  0.44226 
 15.64500  0.43900  0.43906 
 15.74500  0.43631  0.43636 
 15.84500  0.43415  0.43420 
 15.94500  0.43247  0.43252 
 16.04500  0.43131  0.43137 
 16.14500  0.43069  0.43075 
 16.24500  0.43059  0.43065 
 16.34500  0.43105  0.43107 
 16.44500  0.43194  0.43200 
 16.54500  0.43336  0.43342 
 16.64500  0.43528  0.43533 
 16.74500  0.43765  0.43770 
 16.84500  0.44049  0.44055 
 16.94500  0.44375  0.44378 
 17.04500  0.44741  0.44744 
 17.14500  0.45144  0.45150 
 17.24500  0.45586  0.45591 
 17.34500  0.46060  0.46066 
 17.44500  0.46563  0.46568 
 17.54500  0.47095  0.47098 
 17.64500  0.47648  0.47652 
 17.74500  0.48221  0.48225 
 17.84500  0.48809  0.48818 
 17.94500  0.49414  0.49420 
 18.04500  0.50023  0.50031 
 18.14500  0.50644  0.50647 
 18.24500  0.51265  0.51266 
 18.34500  0.51881  0.51884 
 18.44500  0.52490  0.52493 
 18.54500  0.53090  0.53094 
 18.64500  0.53677  0.53682 
 18.74500  0.54246  0.54252 
 18.84500  0.54797  0.54802 
 18.94500  0.55323  0.55327 
 19.04500  0.55823  0.55825 
 19.14500  0.56290  0.56293 
 19.24500  0.56723  0.56727 
 19.34500  0.57123  0.57125 
 19.44500  0.57482  0.57483 
 19.54500  0.57800  0.57803 
 19.64500  0.58073  0.58077 
 19.74500  0.58302  0.58306 
 19.84500  0.58485  0.58486 
 19.94500  0.58617  0.58620 
 20.04500  0.58702  0.58702 
 20.14500  0.58732  0.58735 
 20.24500  0.58712  0.58714 
 20.34500  0.58641  0.58643 
 20.44500  0.58516  0.58518 
 20.54500  0.58339  0.58340 
 20.64500  0.58111  0.58113 
 20.74500  0.57831  0.57834 
 20.84500  0.57503  0.57504 
 20.94500  0.57125  0.57127 
 21.04500  0.56697  0.56699 
 21.14500  0.56226  0.56225 
 21.24500  0.55706  0.55710 
 21.34500  0.55150  0.55152 
 21.44500  0.54550  0.54554 
 21.54500  0.53915  0.53918 
 21.64500  0.53245  0.53248 
 21.74500  0.52543  0.52547 
 21.84500  0.51812  0.51817 
 21.94500  0.51058  0.51062 
 22.04500  0.50283  0.50286 
 22.14500  0.49489  0.49490 
 22.24500  0.48680  0.48682 
 22.34500  0.47859  0.47860 
 22.44500  0.47025  0.47033 
 22.54500  0.46197  0.46202 
 22.64500  0.45365  0.45370 
 22.74500  0.44540  0.44543 
 22.84500  0.43722  0.43724 
 22.94500  0.42915  0.42920 
 23.04500  0.42124  0.42125 
 23.14500  0.41349  0.41353 
 23.24500  0.40598  0.40604 
 23.34500  0.39874  0.39879 
 23.44500  0.39181  0.39185 
 23.54500  0.38520  0.38526 
 23.64500  0.37896  0.37900 
 23.74500  0.37311  0.37314 
 23.84500  0.36766  0.36770 
 23.94500  0.36266  0.36272 
 24.04500  0.35816  0.35819 
 24.14500  0.35410  0.35417 
 24.24500  0.35061  0.35066 
 24.34500  0.34765  0.34767 
 24.44500  0.34519  0.34525 
 24.54500  0.34334  0.34337 
 24.64500  0.34204  0.34209 
 24.74500  0.34132  0.34137 
 24.84500  0.34122  0.34126 
 24.94500  0.34169  0.34173 
 25.04500  0.34276  0.34282 
 25.14500  0.34444  0.34450 
 25.24500  0.34668  0.34675 
 25.34500  0.34955  0.34958 
 25.44500  0.35298  0.35301 
 25.54500  0.35700  0.35701 
 25.64500  0.36152  0.36158 
 25.74500  0.36659  0.36665 
 25.84500  0.37224  0.37226 
 25.94500  0.37835  0.37840 
 26.04500  0.38496  0.38499 
 26.14500  0.39201  0.39205 
 26.24500  0.39947  0.39954 
 26.34500  0.40740  0.40743 
 26.44500  0.41567  0.41571 
 26.54500  0.42430  0.42433 
 26.64500  0.43325  0.43327 
 26.74500  0.44246  0.44248 
 26.84500  0.45192  0.45196 
 26.94500  0.46161  0.46163 
 27.04500  0.47146  0.47150 
 27.14500  0.48143  0.48150 
 27.24500  0.49153  0.49157 
 27.34500  0.50169  0.50174 
 27.44500  0.51193  0.51193 
 27.54500  0.52211  0.52210 
 27.64500  0.53222  0.53223 
 27.74500  0.54227  0.54230 
 27.84500  0.55219  0.55219 
 27.94500  0.56194  0.56195 
 28.04500  0.57149  0.57152 
 28.14500  0.58083  0.58084 
 28.24500  0.58990  0.58992 
 28.34500  0.59867  0.59868 
 28.44500  0.60710  0.60711 
 28.54500  0.61518  0.61517 
 28.64500  0.62286  0.62285 
 28.74500  0.63007  0.63012 
 28.84500  0.63691  0.63692 
 28.94500  0.64326  0.64327 
 29.04500  0.64912  0.64912 
 29.14500  0.65447  0.65444 
 29.24500  0.65926  0.65927 
 29.34500  0.66352  0.66350 
 29.44500  0.66724  0.66721 
 29.54500  0.67037  0.67033 
 29.64500  0.67291  0.67290 
 29.74500  0.67488  0.67487 
 29.84500  0.67626  0.67623 
 29.94500  0.67702  0.67702 
 30.04500  0.67723  0.67718 
 30.14500  0.67681  0.67679 
 30.24500  0.67582  0.67579 
 30.34500  0.67428  0.67425 
 30.44500  0.67213  0.67212 
 30.54500  0.66945  0.66944 
 30.64500  0.66620  0.66620 
 30.74500  0.66248  0.66248 
 30.84500  0.65823  0.65822 
 30.94500  0.65352  0.65349 
 31.04500  0.64832  0.64832 
 31.14500  0.64271  0.64270 
 31.24500  0.63671  0.63668 
 31.34500  0.63029  0.63028 
 31.44500  0.62356  0.62354 
 31.54500  0.61651  0.61650 
 31.64500  0.60917  0.60918 
 31.74500  0.60159  0.60159 
 31.84500  0.59381  0.59381 
 31.94500  0.58587  0.58588 
 32.04500  0.57774  0.57776 
 32.14500  0.56957  0.56958 
 32.24500  0.56134  0.56132 
 32.34500  0.55309  0.55306 
 32.44500  0.54482  0.54480 
 32.54500  0.53661  0.53660 
 32.64500  0.52848  0.52850 
 32.74500  0.52048  0.52052 
 32.84500  0.51271  0.51271 
 32.94500  0.50512  0.50510 
 33.04500  0.49774  0.49773 
 33.14500  0.49064  0.49065 
 33.24500  0.48386  0.48384 
 33.34500  0.47739  0.47739 
 33.44500  0.47127  0.47131 
 33.54500  0.46558  0.46558 
 33.64500  0.46031  0.46028 
 33.74500  0.45545  0.45547 
 33.84500  0.45105  0.45106 
 33.94500  0.44718  0.44718 
 34.04500  0.44377  0.44378 
 34.14500  0.44089  0.44088 
 34.24500  0.43849  0.43852 
 34.34500  0.43665  0.43668 
 34.44500  0.43537  0.43539 
 34.54500  0.43465  0.43466 
 34.64500  0.43446  0.43445 
 34.74500  0.43482  0.43481 
 34.84500  0.43568  0.43568 
 34.94500  0.43711  0.43711 
 35.04500  0.43904  0.43906 
 35.14500  0.44150  0.44152 
 35.24500  0.44449  0.44448 
 35.34500  0.44791  0.44792 
 35.44500  0.45181  0.45182 
 35.54500  0.45615  0.45616 
 35.64500  0.46092  0.46095 
 35.74500  0.46608  0.46608 
 35.84500  0.47161  0.47160 
 35.94500  0.47745  0.47742 
 36.04500  0.48360  0.48359 
 36.14500  0.49003  0.49001 
 36.24500  0.49667  0.49666 
 36.34500  0.50349  0.50355 
 36.44500  0.51053  0.51055 
 36.54500  0.51768  0.51770 
 36.64500  0.52496  0.52494 
 36.74500  0.53224  0.53223 
 36.84500  0.53957  0.53953 
 36.94500  0.54682  0.54680 
 37.04500  0.55403  0.55401 
 37.14500  0.56113  0.56114 
 37.24500  0.56812  0.56811 
 37.34500  0.57490  0.57489 
 37.44500  0.58148  0.58149 
 37.54500  0.58782  0.58782 
 37.64500  0.59389  0.59387 
 37.74500  0.59964  0.59960 
 37.84500  0.60500  0.60500 
 37.94500  0.61004  0.61002 
 38.04500  0.61467  0.61463 
 38.14500  0.61882  0.61880 
 38.24500  0.62258  0.62257 
 38.34500  0.62585  0.62584 
 38.44500  0.62863  0.62859 
 38.54500  0.63089  0.63088 
 38.64500  0.63260  0.63260 
 38.74500  0.63384  0.63383 
 38.84500  0.63449  0.63448 
 38.94500  0.63461  0.63458 
 39.04500  0.63416  0.63414 
 39.14500  0.63317  0.63314 
 39.24500  0.63159  0.63157 
 39.34500  0.62951  0.62947 
 39.44500  0.62683  0.62683 
 39.54500  0.62362  0.62362 
 39.64500  0.61990  0.61990 
 39.74500  0.61569  0.61568 
 39.84500  0.61098  0.61094 
 39.94500  0.60576  0.60574 
 40.04500  0.60011  0.60008 
 40.14500  0.59401  0.59399 
 40.24500  0.58750  0.58749 
 40.34500  0.58062  0.58062 
 40.44500  0.57340  0.57338 
 40.54500  0.56584  0.56581 
 40.64500  0.55799  0.55800 
 40.74500  0.54990  0.54989 
 40.84500  0.54154  0.54156 
 40.94500  0.53307  0.53305 
 41.04500  0.52442  0.52440 
 41.14500  0.51567  0.51564 
 41.24500  0.50683  0.50680 
 41.34500  0.49794  0.49792 
 41.44500  0.48903  0.48906 
 41.54500  0.48022  0.48023 
 41.64500  0.47148  0.47148 
 41.74500  0.46287  0.46286 
 41.84500  0.45442  0.45439 
 41.94500  0.44614  0.44613 
 42.04500  0.43808  0.43809 
 42.14500  0.43029  0.43029 
 42.24500  0.42283  0.42282 
 42.34500  0.41569  0.41567 
 42.44500  0.40890  0.40891 
 42.54500  0.40255  0.40253 
 42.64500  0.39656  0.39657 
 42.74500  0.39107  0.39106 
 42.84500  0.38602  0.38603 
 42.94500  0.38152  0.38151 
 43.04500  0.37751  0.37751 
 43.14500  0.37407  0.37404 
 43.24500  0.37112  0.37114 
 43.34500  0.36880  0.36881 
 43.44500  0.36703  0.36703 
 43.54500  0.36585  0.36587 
 43.64500  0.36527  0.36527 
 43.74500  0.36531  0.36530 
 43.84500  0.36593  0.36596 
 43.94500  0.36719  0.36716 
 44.04500  0.36899  0.36902 
 44.14500  0.37141  0.37142 
 44.24500  0.37441  0.37442 
 44.34500  0.37801  0.37802 
 44.44500  0.38212  0.38213 
 44.54500  0.38681  0.38681 
 44.64500  0.39203  0.39201 
 44.74500  0.39774  0.39772 
 44.84500  0.40394  0.40392 
 44.94500  0.41059  0.41058 
 45.04500  0.41769  0.41766 
 45.14500  0.42517  0.42516 
 45.24500  0.43306  0.43301 
 45.34500  0.44127  0.44123 
 45.44500  0.44979  0.44977 
 45.54500  0.45858  0.45856 
 45.64500  0.46766  0.46762 
 45.74500  0.47688  0.47688 
 45.84500  0.48631  0.48630 
 45.94500  0.49587  0.49586 
 46.04500  0.50553  0.50552 
 46.14500  0.51527  0.51523 
 46.24500  0.52502  0.52496 
 46.34500  0.53471  0.53468 
 46.44500  0.54436  0.54432 
 46.54500  0.55391  0.55389 
 46.64500  0.56333  0.56330 
 46.74500  0.57257  0.57253 
 46.84500  0.58157  0.58155 
 46.94500  0.59034  0.59035 
 47.04500  0.59889  0.59887 
 47.14500  0.60710  0.60707 
 47.24500  0.61493  0.61490 
 47.34500  0.62240  0.62237 
 47.44500  0.62944  0.62942 
 47.54500  0.63608  0.63603 
 47.64500  0.64221  0.64219 
 47.74500  0.64790  0.64786 
 47.84500  0.65306  0.65302 
 47.94500  0.65770  0.65763 
 48.04500  0.66175  0.66172 
 48.14500  0.66524  0.66521 
 48.24500  0.66820  0.66815 
 48.34500  0.67052  0.67048 
 48.44500  0.67225  0.67221 
 48.54500  0.67335  0.67331 
 48.64500  0.67387  0.67383 
 48.74500  0.67374  0.67370 
 48.84500  0.67300  0.67295 
 48.94500  0.67166  0.67161 
 49.04500  0.66970  0.66964 
 49.14500  0.66712  0.66709 
 49.24500  0.66395  0.66391 
 49.34500  0.66018  0.66017 
 49.44500  0.65587  0.65583 
 49.54500  0.65101  0.65096 
 49.64500  0.64559  0.64555 
 49.74500  0.63963  0.63962 
 49.84500  0.63322  0.63319 
 49.94500  0.62635  0.62631 
 50.04500  0.61898  0.61894 
 50.14500  0.61120  0.61119 
 50.24500  0.60306  0.60304 
 50.34500  0.59454  0.59453 
 50.44500  0.58571  0.58572 
 50.54500  0.57659  0.57657 
 50.64500  0.56721  0.56720 
 50.74500  0.55761  0.55758 
 50.84500  0.54784  0.54778 
 50.94500  0.53790  0.53788 
 51.04500  0.52785  0.52780 
 51.14500  0.51773  0.51767 
 51.24500  0.50756  0.50752 
 51.34500  0.49735  0.49735 
 51.44500  0.48722  0.48722 
 51.54500  0.47720  0.47720 
 51.64500  0.46730  0.46725 
 51.74500  0.45751  0.45749 
 51.84500  0.44794  0.44791 
 51.94500  0.43859  0.43855 
 52.04500  0.42950  0.42945 
 52.14500  0.42067  0.42065 
 52.24500  0.41221  0.41217 
 52.34500  0.40410  0.40405 
 52.44500  0.39638  0.39634 
 52.54500  0.38906  0.38903 
 52.64500  0.38218  0.38215 
 52.74500  0.37582  0.37575 
 52.84500  0.36988  0.36984 
 52.94500  0.36447  0.36447 
 53.04500  0.35963  0.35959 
 53.14500  0.35530  0.35526 
 53.24500  0.35154  0.35151 
 53.34500  0.34836  0.34830 
 53.44500  0.34573  0.34570 
 53.54500  0.34372  0.34370 
 53.64500  0.34232  0.34227 
 53.74500  0.34149  0.34143 
 53.84500  0.34126  0.34121 
 53.94500  0.34160  0.34158 
 54.04500  0.34256  0.34252 
 54.14500  0.34409  0.34405 
 54.24500  0.34618  0.34613 
 54.34500  0.34883  0.34878 
 54.44500  0.35204  0.35199 
 54.54500  0.35574  0.35570 
 54.64500  0.35997  0.35992 
 54.74500  0.36467  0.36465 
 54.84500  0.36985  0.36978 
 54.94500  0.37543  0.37538 
 55.04500  0.38143  0.38138 
 55.14500  0.38783  0.38776 
 55.24500  0.39454  0.39448 
 55.34500  0.40158  0.40151 
 55.44500  0.40887  0.40882 
 55.54500  0.41644  0.41638 
 55.64500  0.42424  0.42414 
 55.74500  0.43215  0.43210 
 55.84500  0.44020  0.44013 
 55.94500  0.44833  0.44829 
 56.04500  0.45654  0.45649 
 56.14500  0.46476  0.46471 
 56.24500  0.47297  0.47291 
 56.34500  0.48115  0.48105 
 56.44500  0.48916  0.48910 
 56.54500  0.49706  0.49696 
 56.64500  0.50474  0.50467 
 56.74500  0.51222  0.51216 
 56.84500  0.51946  0.51941 
 56.94500  0.52640  0.52636 
 57.04500  0.53304  0.53299 
 57.14500  0.53930  0.53926 
 57.24500  0.54519  0.54513 
 57.34500  0.55066  0.55058 
 57.44500  0.55568  0.55560 
 57.54500  0.56024  0.56016 
 57.64500  0.56426  0.56423 
 57.74500  0.56781  0.56776 
 57.84500  0.57081  0.57076 
 57.94500  0.57325  0.57321 
 58.04500  0.57513  0.57508 
 58.14500  0.57642  0.57639 
 58.24500  0.57712  0.57708 
 58.34500  0.57722  0.57717 
 58.44500  0.57670  0.57669 
 58.54500  0.57560  0.57557 
 58.64500  0.57388  0.57384 
 58.74500  0.57154  0.57151 
 58.84500  0.56860  0.56857 
 58.94500  0.56504  0.56501 
 59.04500  0.56092  0.56088 
 59.14500  0.55617  0.55615 
 59.24500  0.55090  0.55087 
 59.34500  0.54507  0.54506 
 59.44500  0.53869  0.53866 
 59.54500  0.53180  0.53179 
 59.64500  0.52440  0.52438 
 59.74500  0.51650  0.51649 
 59.84500  0.50820  0.50819 
 59.94500  0.49946  0.49945 
 60.04500  0.49032  0.49030 
 60.14500  0.48077  0.48077 
 60.24500  0.47091  0.47090 
 60.34500  0.46071  0.46070 
 60.44500  0.45023  0.45021 
 60.54500  0.43942  0.43945 
 60.64500  0.42845  0.42848 
 60.74500  0.41728  0.41729 
 60.84500  0.40593  0.40594 
 60.94500  0.39445  0.39444 
 61.04500  0.38283  0.38285 
 61.14500  0.37115  0.37116 
 61.24500  0.35941  0.35942 
 61.34500  0.34765  0.34766 
 61.44500  0.33589  0.33590 
 61.54500  0.32417  0.32417 
 61.64500  0.31248  0.31250 
 61.74500  0.30091  0.30091 
 61.84500  0.28945  0.28945 
 61.94500  0.27809  0.27810 
 62.04500  0.26691  0.26690 
 62.14500  0.25590  0.25589 
 62.24500  0.24507  0.24508 
 62.34500  0.23447  0.23446 
 62.44500  0.22409  0.22410 
 62.54500  0.21398  0.21400 
 62.64500  0.20411  0.20412 
 62.74500  0.19452  0.19453 
 62.84500  0.18523  0.18527 
 62.94500  0.17625  0.17627 
 63.04500  0.16759  0.16759 
 63.14500  0.15925  0.15924 
 63.24500  0.15119  0.15123 
 63.34500  0.14354  0.14355 
 63.44500  0.13621  0.13621 
 63.54500  0.12925  0.12923 
 63.64500  0.12263  0.12261 
 63.74500  0.11635  0.11633 
 63.84500  0.11045  0.11045 
 63.94500  0.10494  0.10492 
 64.04500  0.09976  0.09975 
 64.14500  0.09499  0.09498 
 64.24500  0.09057  0.09056 
 64.34500  0.08654  0.08652 
 64.44500  0.08287  0.08285 
 64.54500  0.07957  0.07956 
 64.64500  0.07666  0.07664 
 64.74500  0.07411  0.07410 
 64.84500  0.07193  0.07191 
 64.94500  0.07017  0.07013 
 65.04500  0.06876  0.06873 
 65.14500  0.06772  0.06768 
 65.24500  0.06704  0.06702 
