  0.04500  0.57951  0.57940 
  0.14500  0.57946  0.57940 
  0.24500  0.57943  0.57940 
  0.34500  0.57942  0.57940 
  0.44500  0.57940  0.57940 
  0.54500  0.57940  0.57940 
  0.64500  0.57935  0.57930 
  0.74500  0.57936  0.57930 
  0.84500  0.57930  0.57930 
  0.94500  0.57926  0.57920 
  1.04500  0.57923  0.57920 
  1.14500  0.57916  0.57912 
  1.24500  0.57911  0.57910 
  1.34500  0.57904  0.57900 
  1.44500  0.57899  0.57897 
  1.54500  0.57891  0.57890 
  1.64500  0.57883  0.57881 
  1.74500  0.57876  0.57874 
  1.84500  0.57867  0.57867 
  1.94500  0.57859  0.57859 
  2.04500  0.57850  0.57850 
  2.14500  0.57841  0.57840 
  2.24500  0.57830  0.57830 
  2.34500  0.57819  0.57820 
  2.44500  0.57808  0.57809 
  2.54500  0.57797  0.57798 
  2.64500  0.57786  0.57786 
  2.74500  0.57773  0.57775 
  2.84500  0.57761  0.57763 
  2.94500  0.57748  0.57750 
  3.04500  0.57734  0.57736 
  3.14500  0.57721  0.57724 
  3.24500  0.57706  0.57709 
  3.34500  0.57691  0.57695 
  3.44500  0.57677  0.57680 
  3.54500  0.57661  0.57665 
  3.64500  0.57646  0.57649 
  3.74500  0.57628  0.57634 
  3.84500  0.57612  0.57616 
  3.94500  0.57595  0.57600 
  4.04500  0.57577  0.57584 
  4.14500  0.57560  0.57565 
  4.24500  0.57540  0.57547 
  4.34500  0.57523  0.57529 
  4.44500  0.57504  0.57511 
  4.54500  0.57484  0.57491 
  4.64500  0.57465  0.57472 
  4.74500  0.57445  0.57453 
  4.84500  0.57426  0.57433 
  4.94500  0.57404  0.57411 
  5.04500  0.57383  0.57391 
  5.14500  0.57362  0.57369 
  5.24500  0.57341  0.57348 
  5.34500  0.57318  0.57327 
  5.44500  0.57296  0.57304 
  5.54500  0.57273  0.57281 
  5.64500  0.57249  0.57259 
  5.74500  0.57227  0.57235 
  5.84500  0.57203  0.57212 
  5.94500  0.57180  0.57188 
  6.04500  0.57155  0.57164 
  6.14500  0.57132  0.57140 
  6.24500  0.57106  0.57115 
  6.34500  0.57081  0.57090 
  6.44500  0.57056  0.57065 
  6.54500  0.57031  0.57039 
  6.64500  0.57003  0.57012 
  6.74500  0.56979  0.56987 
  6.84500  0.56952  0.56960 
  6.94500  0.56925  0.56933 
  7.04500  0.56899  0.56907 
  7.14500  0.56871  0.56880 
  7.24500  0.56843  0.56851 
  7.34500  0.56817  0.56824 
  7.44500  0.56788  0.56796 
  7.54500  0.56760  0.56767 
  7.64500  0.56732  0.56739 
  7.74500  0.56703  0.56710 
  7.84500  0.56674  0.56681 
  7.94500  0.56646  0.56652 
  8.04500  0.56616  0.56623 
  8.14500  0.56587  0.56593 
  8.24500  0.56558  0.56563 
  8.34500  0.56527  0.56533 
  8.44500  0.56498  0.56503 
  8.54500  0.56467  0.56472 
  8.64500  0.56437  0.56442 
  8.74500  0.56406  0.56411 
  8.84500  0.56375  0.56380 
  8.94500  0.56345  0.56348 
  9.04500  0.56314  0.56318 
  9.14500  0.56282  0.56285 
  9.24500  0.56251  0.56255 
  9.34500  0.56219  0.56222 
  9.44500  0.56188  0.56191 
  9.54500  0.56156  0.56158 
  9.64500  0.56124  0.56125 
  9.74500  0.56091  0.56095 
  9.84500  0.56059  0.56062 
  9.94500  0.56026  0.56028 
 10.04500  0.55994  0.55995 
 10.14500  0.55962  0.55962 
 10.24500  0.55928  0.55930 
 10.34500  0.55895  0.55898 
 10.44500  0.55863  0.55865 
 10.54500  0.55829  0.55832 
 10.64500  0.55797  0.55798 
 10.74500  0.55762  0.55765 
 10.84500  0.55729  0.55730 
 10.94500  0.55696  0.55695 
 11.04500  0.55662  0.55662 
 11.14500  0.55628  0.55628 
 11.24500  0.55594  0.55595 
 11.34500  0.55561  0.55562 
 11.44500  0.55526  0.55528 
 11.54500  0.55493  0.55493 
 11.64500  0.55459  0.55458 
 11.74500  0.55424  0.55425 
 11.84500  0.55390  0.55392 
 11.94500  0.55357  0.55358 
 12.04500  0.55322  0.55322 
 12.14500  0.55288  0.55288 
 12.24500  0.55254  0.55255 
 12.34500  0.55219  0.55221 
 12.44500  0.55185  0.55185 
 12.54500  0.55151  0.55152 
 12.64500  0.55116  0.55118 
 12.74500  0.55082  0.55084 
 12.84500  0.55048  0.55048 
 12.94500  0.55013  0.55015 
 13.04500  0.54979  0.54982 
 13.14500  0.54944  0.54947 
 13.24500  0.54910  0.54912 
 13.34500  0.54876  0.54878 
 13.44500  0.54842  0.54845 
 13.54500  0.54808  0.54812 
 13.64500  0.54773  0.54776 
 13.74500  0.54739  0.54742 
 13.84500  0.54705  0.54708 
 13.94500  0.54672  0.54675 
 14.04500  0.54638  0.54642 
 14.14500  0.54603  0.54608 
 14.24500  0.54570  0.54575 
 14.34500  0.54537  0.54542 
 14.44500  0.54503  0.54508 
 14.54500  0.54469  0.54475 
 14.64500  0.54436  0.54442 
 14.74500  0.54403  0.54408 
 14.84500  0.54369  0.54375 
 14.94500  0.54336  0.54342 
 15.04500  0.54303  0.54308 
 15.14500  0.54270  0.54275 
 15.24500  0.54237  0.54242 
 15.34500  0.54205  0.54209 
 15.44500  0.54172  0.54178 
 15.54500  0.54140  0.54145 
 15.64500  0.54107  0.54112 
 15.74500  0.54075  0.54081 
 15.84500  0.54042  0.54048 
 15.94500  0.54011  0.54016 
 16.04500  0.53979  0.53985 
 16.14500  0.53948  0.53952 
 16.24500  0.53916  0.53922 
 16.34500  0.53885  0.53889 
 16.44500  0.53853  0.53858 
 16.54500  0.53822  0.53827 
 16.64500  0.53792  0.53796 
 16.74500  0.53760  0.53765 
 16.84500  0.53730  0.53735 
 16.94500  0.53700  0.53704 
 17.04500  0.53670  0.53673 
 17.14500  0.53639  0.53643 
 17.24500  0.53609  0.53613 
 17.34500  0.53579  0.53583 
 17.44500  0.53550  0.53553 
 17.54500  0.53519  0.53523 
 17.64500  0.53491  0.53494 
 17.74500  0.53461  0.53464 
 17.84500  0.53432  0.53435 
 17.94500  0.53403  0.53406 
 18.04500  0.53375  0.53377 
 18.14500  0.53347  0.53349 
 18.24500  0.53317  0.53320 
 18.34500  0.53290  0.53291 
 18.44500  0.53262  0.53263 
 18.54500  0.53234  0.53235 
 18.64500  0.53207  0.53207 
 18.74500  0.53180  0.53180 
 18.84500  0.53152  0.53152 
 18.94500  0.53125  0.53125 
 19.04500  0.53098  0.53098 
 19.14500  0.53071  0.53070 
 19.24500  0.53044  0.53044 
 19.34500  0.53018  0.53018 
 19.44500  0.52992  0.52990 
 19.54500  0.52966  0.52965 
 19.64500  0.52940  0.52939 
 19.74500  0.52914  0.52912 
 19.84500  0.52889  0.52888 
 19.94500  0.52863  0.52862 
 20.04500  0.52838  0.52835 
 20.14500  0.52813  0.52810 
 20.24500  0.52787  0.52785 
 20.34500  0.52763  0.52762 
 20.44500  0.52738  0.52738 
 20.54500  0.52714  0.52712 
 20.64500  0.52690  0.52688 
 20.74500  0.52666  0.52664 
 20.84500  0.52642  0.52640 
 20.94500  0.52618  0.52617 
 21.04500  0.52595  0.52593 
 21.14500  0.52571  0.52570 
 21.24500  0.52548  0.52548 
 21.34500  0.52526  0.52524 
 21.44500  0.52503  0.52501 
 21.54500  0.52480  0.52479 
 21.64500  0.52457  0.52457 
 21.74500  0.52435  0.52434 
 21.84500  0.52413  0.52413 
 21.94500  0.52390  0.52391 
 22.04500  0.52369  0.52369 
 22.14500  0.52348  0.52348 
 22.24500  0.52326  0.52327 
 22.34500  0.52305  0.52306 
 22.44500  0.52284  0.52285 
 22.54500  0.52263  0.52265 
 22.64500  0.52242  0.52244 
 22.74500  0.52222  0.52223 
 22.84500  0.52202  0.52203 
 22.94500  0.52181  0.52183 
 23.04500  0.52161  0.52165 
 23.14500  0.52142  0.52145 
 23.24500  0.52122  0.52125 
 23.34500  0.52102  0.52106 
 23.44500  0.52083  0.52087 
 23.54500  0.52064  0.52068 
 23.64500  0.52044  0.52049 
 23.74500  0.52026  0.52031 
 23.84500  0.52007  0.52013 
 23.94500  0.51989  0.51995 
 24.04500  0.51971  0.51976 
 24.14500  0.51954  0.51959 
 24.24500  0.51935  0.51942 
 24.34500  0.51918  0.51924 
 24.44500  0.51900  0.51906 
 24.54500  0.51882  0.51890 
 24.64500  0.51866  0.51872 
 24.74500  0.51849  0.51855 
 24.84500  0.51832  0.51838 
 24.94500  0.51815  0.51822 
 25.04500  0.51799  0.51806 
 25.14500  0.51783  0.51790 
 25.24500  0.51768  0.51774 
 25.34500  0.51751  0.51758 
 25.44500  0.51735  0.51743 
 25.54500  0.51720  0.51726 
 25.64500  0.51704  0.51712 
 25.74500  0.51689  0.51696 
 25.84500  0.51674  0.51681 
 25.94500  0.51659  0.51665 
 26.04500  0.51644  0.51651 
 26.14500  0.51629  0.51636 
 26.24500  0.51615  0.51623 
 26.34500  0.51600  0.51606 
 26.44500  0.51587  0.51593 
 26.54500  0.51573  0.51578 
 26.64500  0.51559  0.51565 
 26.74500  0.51545  0.51551 
 26.84500  0.51532  0.51536 
 26.94500  0.51519  0.51524 
 27.04500  0.51505  0.51509 
 27.14500  0.51492  0.51496 
 27.24500  0.51478  0.51483 
 27.34500  0.51466  0.51469 
 27.44500  0.51453  0.51456 
 27.54500  0.51441  0.51444 
 27.64500  0.51428  0.51431 
 27.74500  0.51415  0.51417 
 27.84500  0.51403  0.51405 
 27.94500  0.51390  0.51393 
 28.04500  0.51378  0.51380 
 28.14500  0.51366  0.51367 
 28.24500  0.51355  0.51355 
 28.34500  0.51342  0.51344 
 28.44500  0.51330  0.51332 
 28.54500  0.51319  0.51318 
 28.64500  0.51307  0.51307 
 28.74500  0.51295  0.51295 
 28.84500  0.51283  0.51284 
 28.94500  0.51271  0.51272 
 29.04500  0.51261  0.51261 
 29.14500  0.51249  0.51248 
 29.24500  0.51238  0.51237 
 29.34500  0.51227  0.51226 
 29.44500  0.51216  0.51215 
 29.54500  0.51205  0.51204 
 29.64500  0.51193  0.51193 
 29.74500  0.51183  0.51182 
 29.84500  0.51173  0.51171 
 29.94500  0.51162  0.51159 
 30.04500  0.51150  0.51148 
 30.14500  0.51140  0.51137 
 30.24500  0.51128  0.51126 
 30.34500  0.51117  0.51116 
 30.44500  0.51107  0.51105 
 30.54500  0.51096  0.51094 
 30.64500  0.51086  0.51084 
 30.74500  0.51074  0.51073 
 30.84500  0.51063  0.51063 
 30.94500  0.51053  0.51052 
 31.04500  0.51042  0.51042 
 31.14500  0.51031  0.51031 
 31.24500  0.51022  0.51021 
 31.34500  0.51010  0.51010 
 31.44500  0.51000  0.51000 
 31.54500  0.50991  0.50989 
 31.64500  0.50979  0.50979 
 31.74500  0.50969  0.50968 
 31.84500  0.50957  0.50958 
 31.94500  0.50948  0.50948 
 32.04500  0.50937  0.50938 
 32.14500  0.50926  0.50927 
 32.24500  0.50916  0.50917 
 32.34500  0.50905  0.50907 
 32.44500  0.50895  0.50896 
 32.54500  0.50884  0.50886 
 32.64500  0.50873  0.50876 
 32.74500  0.50864  0.50865 
 32.84500  0.50852  0.50855 
 32.94500  0.50842  0.50845 
 33.04500  0.50832  0.50834 
 33.14500  0.50820  0.50824 
 33.24500  0.50811  0.50813 
 33.34500  0.50799  0.50803 
 33.44500  0.50788  0.50792 
 33.54500  0.50777  0.50782 
 33.64500  0.50767  0.50771 
 33.74500  0.50757  0.50761 
 33.84500  0.50747  0.50750 
 33.94500  0.50736  0.50739 
 34.04500  0.50725  0.50728 
 34.14500  0.50714  0.50718 
 34.24500  0.50703  0.50707 
 34.34500  0.50693  0.50696 
 34.44500  0.50681  0.50685 
 34.54500  0.50671  0.50675 
 34.64500  0.50660  0.50664 
 34.74500  0.50649  0.50653 
 34.84500  0.50637  0.50642 
 34.94500  0.50626  0.50631 
 35.04500  0.50615  0.50618 
 35.14500  0.50604  0.50607 
 35.24500  0.50593  0.50596 
 35.34500  0.50581  0.50585 
 35.44500  0.50570  0.50574 
 35.54500  0.50558  0.50562 
 35.64500  0.50547  0.50550 
 35.74500  0.50536  0.50538 
 35.84500  0.50524  0.50526 
 35.94500  0.50512  0.50515 
 36.04500  0.50500  0.50503 
 36.14500  0.50489  0.50490 
 36.24500  0.50477  0.50478 
 36.34500  0.50465  0.50466 
 36.44500  0.50453  0.50454 
 36.54500  0.50440  0.50442 
 36.64500  0.50428  0.50428 
 36.74500  0.50416  0.50416 
 36.84500  0.50403  0.50403 
 36.94500  0.50391  0.50390 
 37.04500  0.50378  0.50377 
 37.14500  0.50364  0.50364 
 37.24500  0.50351  0.50351 
 37.34500  0.50339  0.50337 
 37.44500  0.50326  0.50324 
 37.54500  0.50313  0.50310 
 37.64500  0.50299  0.50296 
 37.74500  0.50285  0.50283 
 37.84500  0.50272  0.50268 
 37.94500  0.50258  0.50255 
 38.04500  0.50244  0.50241 
 38.14500  0.50229  0.50226 
 38.24500  0.50215  0.50213 
 38.34500  0.50200  0.50196 
 38.44500  0.50186  0.50183 
 38.54500  0.50171  0.50167 
 38.64500  0.50157  0.50153 
 38.74500  0.50142  0.50136 
 38.84500  0.50126  0.50122 
 38.94500  0.50111  0.50106 
 39.04500  0.50096  0.50091 
 39.14500  0.50080  0.50075 
 39.24500  0.50065  0.50059 
 39.34500  0.50048  0.50044 
 39.44500  0.50032  0.50026 
 39.54500  0.50015  0.50010 
 39.64500  0.49999  0.49994 
 39.74500  0.49981  0.49976 
 39.84500  0.49965  0.49960 
 39.94500  0.49947  0.49944 
 40.04500  0.49930  0.49926 
 40.14500  0.49913  0.49909 
 40.24500  0.49895  0.49892 
 40.34500  0.49878  0.49874 
 40.44500  0.49859  0.49856 
 40.54500  0.49841  0.49838 
 40.64500  0.49822  0.49820 
 40.74500  0.49804  0.49802 
 40.84500  0.49785  0.49783 
 40.94500  0.49766  0.49765 
 41.04500  0.49748  0.49745 
 41.14500  0.49729  0.49727 
 41.24500  0.49709  0.49707 
 41.34500  0.49690  0.49687 
 41.44500  0.49669  0.49669 
 41.54500  0.49649  0.49649 
 41.64500  0.49629  0.49629 
 41.74500  0.49609  0.49609 
 41.84500  0.49588  0.49589 
 41.94500  0.49567  0.49568 
 42.04500  0.49546  0.49547 
 42.14500  0.49525  0.49527 
 42.24500  0.49504  0.49505 
 42.34500  0.49483  0.49484 
 42.44500  0.49461  0.49463 
 42.54500  0.49439  0.49441 
 42.64500  0.49417  0.49419 
 42.74500  0.49394  0.49398 
 42.84500  0.49373  0.49376 
 42.94500  0.49350  0.49353 
 43.04500  0.49328  0.49330 
 43.14500  0.49305  0.49308 
 43.24500  0.49281  0.49285 
 43.34500  0.49259  0.49262 
 43.44500  0.49235  0.49239 
 43.54500  0.49212  0.49215 
 43.64500  0.49187  0.49192 
 43.74500  0.49164  0.49168 
 43.84500  0.49140  0.49143 
 43.94500  0.49116  0.49120 
 44.04500  0.49091  0.49095 
 44.14500  0.49066  0.49070 
 44.24500  0.49042  0.49045 
 44.34500  0.49017  0.49020 
 44.44500  0.48992  0.48995 
 44.54500  0.48966  0.48970 
 44.64500  0.48941  0.48945 
 44.74500  0.48915  0.48920 
 44.84500  0.48889  0.48892 
 44.94500  0.48863  0.48868 
 45.04500  0.48838  0.48840 
 45.14500  0.48811  0.48815 
 45.24500  0.48785  0.48788 
 45.34500  0.48758  0.48761 
 45.44500  0.48731  0.48734 
 45.54500  0.48705  0.48707 
 45.64500  0.48678  0.48680 
 45.74500  0.48651  0.48652 
 45.84500  0.48623  0.48624 
 45.94500  0.48595  0.48597 
 46.04500  0.48566  0.48569 
 46.14500  0.48539  0.48540 
 46.24500  0.48511  0.48511 
 46.34500  0.48483  0.48483 
 46.44500  0.48454  0.48454 
 46.54500  0.48426  0.48426 
 46.64500  0.48397  0.48397 
 46.74500  0.48368  0.48367 
 46.84500  0.48339  0.48338 
 46.94500  0.48310  0.48309 
 47.04500  0.48280  0.48279 
 47.14500  0.48250  0.48249 
 47.24500  0.48220  0.48219 
 47.34500  0.48191  0.48189 
 47.44500  0.48160  0.48158 
 47.54500  0.48130  0.48128 
 47.64500  0.48100  0.48098 
 47.74500  0.48069  0.48067 
 47.84500  0.48038  0.48035 
 47.94500  0.48008  0.48005 
 48.04500  0.47977  0.47974 
 48.14500  0.47946  0.47942 
 48.24500  0.47914  0.47911 
 48.34500  0.47883  0.47878 
 48.44500  0.47851  0.47848 
 48.54500  0.47819  0.47815 
 48.64500  0.47787  0.47784 
 48.74500  0.47755  0.47752 
 48.84500  0.47723  0.47718 
 48.94500  0.47690  0.47688 
 49.04500  0.47658  0.47655 
 49.14500  0.47625  0.47622 
 49.24500  0.47593  0.47588 
 49.34500  0.47560  0.47558 
 49.44500  0.47527  0.47525 
 49.54500  0.47495  0.47492 
 49.64500  0.47461  0.47458 
 49.74500  0.47427  0.47425 
 49.84500  0.47394  0.47392 
 49.94500  0.47361  0.47358 
 50.04500  0.47327  0.47325 
 50.14500  0.47294  0.47292 
 50.24500  0.47260  0.47258 
 50.34500  0.47227  0.47225 
 50.44500  0.47193  0.47192 
 50.54500  0.47159  0.47158 
 50.64500  0.47125  0.47125 
 50.74500  0.47091  0.47089 
 50.84500  0.47057  0.47055 
 50.94500  0.47023  0.47022 
 51.04500  0.46988  0.46988 
 51.14500  0.46955  0.46955 
 51.24500  0.46920  0.46921 
 51.34500  0.46886  0.46885 
 51.44500  0.46852  0.46852 
 51.54500  0.46817  0.46818 
 51.64500  0.46784  0.46785 
 51.74500  0.46749  0.46749 
 51.84500  0.46714  0.46715 
 51.94500  0.46681  0.46682 
 52.04500  0.46646  0.46648 
 52.14500  0.46612  0.46613 
 52.24500  0.46578  0.46578 
 52.34500  0.46543  0.46545 
 52.44500  0.46510  0.46512 
 52.54500  0.46475  0.46477 
 52.64500  0.46441  0.46442 
 52.74500  0.46407  0.46408 
 52.84500  0.46372  0.46375 
 52.94500  0.46339  0.46342 
 53.04500  0.46305  0.46308 
 53.14500  0.46271  0.46272 
 53.24500  0.46238  0.46238 
 53.34500  0.46203  0.46205 
 53.44500  0.46170  0.46172 
 53.54500  0.46137  0.46138 
 53.64500  0.46103  0.46105 
 53.74500  0.46070  0.46072 
 53.84500  0.46036  0.46038 
 53.94500  0.46003  0.46005 
 54.04500  0.45969  0.45972 
 54.14500  0.45937  0.45938 
 54.24500  0.45904  0.45905 
 54.34500  0.45872  0.45872 
 54.44500  0.45839  0.45838 
 54.54500  0.45807  0.45808 
 54.64500  0.45775  0.45775 
 54.74500  0.45742  0.45742 
 54.84500  0.45710  0.45709 
 54.94500  0.45678  0.45678 
 55.04500  0.45647  0.45645 
 55.14500  0.45615  0.45614 
 55.24500  0.45583  0.45582 
 55.34500  0.45552  0.45551 
 55.44500  0.45521  0.45519 
 55.54500  0.45490  0.45488 
 55.64500  0.45459  0.45457 
 55.74500  0.45428  0.45426 
 55.84500  0.45397  0.45395 
 55.94500  0.45368  0.45365 
 56.04500  0.45337  0.45334 
 56.14500  0.45308  0.45304 
 56.24500  0.45278  0.45274 
 56.34500  0.45249  0.45245 
 56.44500  0.45220  0.45215 
 56.54500  0.45190  0.45186 
 56.64500  0.45161  0.45157 
 56.74500  0.45132  0.45129 
 56.84500  0.45104  0.45100 
 56.94500  0.45076  0.45071 
 57.04500  0.45047  0.45043 
 57.14500  0.45021  0.45015 
 57.24500  0.44993  0.44987 
 57.34500  0.44965  0.44960 
 57.44500  0.44939  0.44932 
 57.54500  0.44912  0.44906 
 57.64500  0.44885  0.44880 
 57.74500  0.44859  0.44852 
 57.84500  0.44833  0.44828 
 57.94500  0.44808  0.44800 
 58.04500  0.44782  0.44775 
 58.14500  0.44757  0.44750 
 58.24500  0.44732  0.44725 
 58.34500  0.44707  0.44700 
 58.44500  0.44684  0.44678 
 58.54500  0.44658  0.44652 
 58.64500  0.44635  0.44629 
 58.74500  0.44612  0.44606 
 58.84500  0.44590  0.44582 
 58.94500  0.44566  0.44560 
 59.04500  0.44543  0.44538 
 59.14500  0.44522  0.44516 
 59.24500  0.44499  0.44493 
 59.34500  0.44478  0.44472 
 59.44500  0.44457  0.44451 
 59.54500  0.44437  0.44431 
 59.64500  0.44416  0.44411 
 59.74500  0.44395  0.44391 
 59.84500  0.44375  0.44371 
 59.94500  0.44356  0.44351 
 60.04500  0.44337  0.44333 
 60.14500  0.44318  0.44315 
 60.24500  0.44300  0.44296 
 60.34500  0.44282  0.44278 
 60.44500  0.44264  0.44261 
 60.54500  0.44247  0.44244 
 60.64500  0.44230  0.44226 
 60.74500  0.44213  0.44212 
 60.84500  0.44198  0.44195 
 60.94500  0.44182  0.44180 
 61.04500  0.44166  0.44165 
 61.14500  0.44151  0.44151 
 61.24500  0.44136  0.44136 
 61.34500  0.44123  0.44123 
 61.44500  0.44109  0.44108 
 61.54500  0.44096  0.44096 
 61.64500  0.44082  0.44083 
 61.74500  0.44070  0.44072 
 61.84500  0.44058  0.44059 
 61.94500  0.44045  0.44048 
 62.04500  0.44036  0.44037 
 62.14500  0.44024  0.44027 
 62.24500  0.44014  0.44017 
 62.34500  0.44004  0.44007 
 62.44500  0.43995  0.43998 
 62.54500  0.43985  0.43990 
 62.64500  0.43977  0.43980 
 62.74500  0.43970  0.43972 
 62.84500  0.43961  0.43966 
 62.94500  0.43955  0.43960 
 63.04500  0.43948  0.43950 
 63.14500  0.43940  0.43946 
 63.24500  0.43936  0.43940 
 63.34500  0.43929  0.43935 
 63.44500  0.43925  0.43930 
 63.54500  0.43921  0.43927 
 63.64500  0.43915  0.43920 
 63.74500  0.43912  0.43920 
 63.84500  0.43911  0.43917 
 63.94500  0.43907  0.43910 
 64.04500  0.43904  0.43910 
 64.14500  0.43902  0.43910 
 64.24500  0.43901  0.43910 
 64.34500  0.43901  0.43910 
