  0.04500  0.51001  0.50920 
  0.14500  0.51001  0.50920 
  0.24500  0.51001  0.50920 
  0.34500  0.51001  0.50920 
  0.44500  0.51001  0.50920 
  0.54500  0.51001  0.50920 
  0.64500  0.51001  0.50920 
  0.74500  0.51001  0.50920 
  0.84500  0.51001  0.50920 
  0.94500  0.51001  0.50920 
  1.04500  0.51001  0.50920 
  1.14500  0.51001  0.50920 
  1.24500  0.51001  0.50920 
  1.34500  0.51001  0.50920 
  1.44500  0.51001  0.50920 
  1.54500  0.51001  0.50920 
  1.64500  0.51000  0.50920 
  1.74500  0.51000  0.50920 
  1.84500  0.51001  0.50920 
  1.94500  0.51000  0.50920 
  2.04500  0.51000  0.50920 
  2.14500  0.51000  0.50920 
  2.24500  0.51000  0.50920 
  2.34500  0.51001  0.50920 
  2.44500  0.51000  0.50920 
  2.54500  0.51000  0.50920 
  2.64500  0.51000  0.50920 
  2.74500  0.51000  0.50920 
  2.84500  0.51000  0.50920 
  2.94500  0.51000  0.50920 
  3.04500  0.51000  0.50920 
  3.14500  0.51000  0.50920 
  3.24500  0.51000  0.50920 
  3.34500  0.51000  0.50920 
  3.44500  0.51000  0.50920 
  3.54500  0.51000  0.50920 
  3.64500  0.51000  0.50920 
  3.74500  0.51000  0.50920 
  3.84500  0.51000  0.50920 
  3.94500  0.50999  0.50920 
  4.04500  0.50999  0.50920 
  4.14500  0.50999  0.50920 
  4.24500  0.50999  0.50920 
  4.34500  0.51000  0.50920 
  4.44500  0.51000  0.50920 
  4.54500  0.51000  0.50920 
  4.64500  0.51000  0.50920 
  4.74500  0.50999  0.50920 
  4.84500  0.50999  0.50920 
  4.94500  0.50998  0.50920 
  5.04500  0.50997  0.50920 
  5.14500  0.50998  0.50920 
  5.24500  0.50997  0.50920 
  5.34500  0.50997  0.50920 
  5.44500  0.50997  0.50920 
  5.54500  0.50997  0.50920 
  5.64500  0.50997  0.50920 
  5.74500  0.50997  0.50920 
  5.84500  0.50997  0.50920 
  5.94500  0.50997  0.50920 
  6.04500  0.50997  0.50920 
  6.14500  0.50997  0.50920 
  6.24500  0.50997  0.50920 
  6.34500  0.50996  0.50920 
  6.44500  0.50996  0.50920 
  6.54500  0.50996  0.50920 
  6.64500  0.50996  0.50920 
  6.74500  0.50996  0.50920 
  6.84500  0.50995  0.50920 
  6.94500  0.50995  0.50920 
  7.04500  0.50995  0.50920 
  7.14500  0.50995  0.50920 
  7.24500  0.50995  0.50920 
  7.34500  0.50995  0.50920 
  7.44500  0.50995  0.50920 
  7.54500  0.50995  0.50920 
  7.64500  0.50994  0.50920 
  7.74500  0.50994  0.50920 
  7.84500  0.50994  0.50920 
  7.94500  0.50994  0.50920 
  8.04500  0.50995  0.50920 
  8.14500  0.50994  0.50920 
  8.24500  0.50994  0.50920 
  8.34500  0.50994  0.50920 
  8.44500  0.50994  0.50920 
  8.54500  0.50994  0.50920 
  8.64500  0.50994  0.50920 
  8.74500  0.50994  0.50920 
  8.84500  0.50994  0.50920 
  8.94500  0.50993  0.50920 
  9.04500  0.50992  0.50920 
  9.14500  0.50992  0.50920 
  9.24500  0.50993  0.50920 
  9.34500  0.50992  0.50920 
  9.44500  0.50992  0.50920 
  9.54500  0.50992  0.50920 
  9.64500  0.50992  0.50920 
  9.74500  0.50992  0.50920 
  9.84500  0.50992  0.50920 
  9.94500  0.50992  0.50920 
 10.04500  0.50992  0.50920 
 10.14500  0.50992  0.50920 
 10.24500  0.50991  0.50920 
 10.34500  0.50992  0.50920 
 10.44500  0.50991  0.50920 
 10.54500  0.50991  0.50920 
 10.64500  0.50991  0.50920 
 10.74500  0.50990  0.50920 
 10.84500  0.50989  0.50920 
 10.94500  0.50989  0.50920 
 11.04500  0.50989  0.50920 
 11.14500  0.50988  0.50920 
 11.24500  0.50988  0.50920 
 11.34500  0.50987  0.50920 
 11.44500  0.50987  0.50920 
 11.54500  0.50987  0.50920 
 11.64500  0.50987  0.50920 
 11.74500  0.50986  0.50920 
 11.84500  0.50986  0.50920 
 11.94500  0.50986  0.50920 
 12.04500  0.50986  0.50920 
 12.14500  0.50986  0.50920 
 12.24500  0.50985  0.50920 
 12.34500  0.50985  0.50920 
 12.44500  0.50985  0.50920 
 12.54500  0.50986  0.50920 
 12.64500  0.50985  0.50920 
 12.74500  0.50985  0.50920 
 12.84500  0.50984  0.50920 
 12.94500  0.50984  0.50920 
 13.04500  0.50984  0.50920 
 13.14500  0.50984  0.50920 
 13.24500  0.50984  0.50920 
 13.34500  0.50983  0.50920 
 13.44500  0.50983  0.50920 
 13.54500  0.50983  0.50920 
 13.64500  0.50983  0.50920 
 13.74500  0.50983  0.50920 
 13.84500  0.50983  0.50920 
 13.94500  0.50982  0.50920 
 14.04500  0.50982  0.50920 
 14.14500  0.50982  0.50920 
 14.24500  0.50982  0.50920 
 14.34500  0.50982  0.50920 
 14.44500  0.50981  0.50920 
 14.54500  0.50981  0.50920 
 14.64500  0.50981  0.50920 
 14.74500  0.50981  0.50920 
 14.84500  0.50981  0.50920 
 14.94500  0.50980  0.50920 
 15.04500  0.50980  0.50920 
 15.14500  0.50980  0.50920 
 15.24500  0.50979  0.50920 
 15.34500  0.50979  0.50920 
 15.44500  0.50979  0.50920 
 15.54500  0.50979  0.50920 
 15.64500  0.50979  0.50920 
 15.74500  0.50979  0.50920 
 15.84500  0.50978  0.50920 
 15.94500  0.50977  0.50920 
 16.04500  0.50977  0.50920 
 16.14500  0.50977  0.50920 
 16.24500  0.50977  0.50920 
 16.34500  0.50977  0.50920 
 16.44500  0.50976  0.50920 
 16.54500  0.50976  0.50920 
 16.64500  0.50976  0.50920 
 16.74500  0.50976  0.50920 
 16.84500  0.50976  0.50920 
 16.94500  0.50975  0.50920 
 17.04500  0.50975  0.50920 
 17.14500  0.50975  0.50920 
 17.24500  0.50974  0.50920 
 17.34500  0.50973  0.50920 
 17.44500  0.50973  0.50920 
 17.54500  0.50973  0.50920 
 17.64500  0.50973  0.50920 
 17.74500  0.50972  0.50920 
 17.84500  0.50972  0.50920 
 17.94500  0.50972  0.50920 
 18.04500  0.50972  0.50920 
 18.14500  0.50972  0.50920 
 18.24500  0.50972  0.50920 
 18.34500  0.50971  0.50920 
 18.44500  0.50971  0.50920 
 18.54500  0.50969  0.50920 
 18.64500  0.50969  0.50920 
 18.74500  0.50969  0.50920 
 18.84500  0.50969  0.50920 
 18.94500  0.50969  0.50920 
 19.04500  0.50969  0.50920 
 19.14500  0.50968  0.50920 
 19.24500  0.50968  0.50920 
 19.34500  0.50968  0.50920 
 19.44500  0.50968  0.50920 
 19.54500  0.50968  0.50920 
 19.64500  0.50967  0.50920 
 19.74500  0.50967  0.50920 
 19.84500  0.50967  0.50920 
 19.94500  0.50966  0.50920 
 20.04500  0.50966  0.50920 
 20.14500  0.50966  0.50920 
 20.24500  0.50965  0.50920 
 20.34500  0.50965  0.50920 
 20.44500  0.50963  0.50920 
 20.54500  0.50964  0.50920 
 20.64500  0.50964  0.50920 
 20.74500  0.50963  0.50920 
 20.84500  0.50963  0.50920 
 20.94500  0.50962  0.50920 
 21.04500  0.50962  0.50920 
 21.14500  0.50962  0.50920 
 21.24500  0.50962  0.50920 
 21.34500  0.50961  0.50920 
 21.44500  0.50961  0.50920 
 21.54500  0.50961  0.50920 
 21.64500  0.50960  0.50920 
 21.74500  0.50959  0.50920 
 21.84500  0.50958  0.50920 
 21.94500  0.50958  0.50920 
 22.04500  0.50957  0.50920 
 22.14500  0.50958  0.50920 
 22.24500  0.50957  0.50920 
 22.34500  0.50956  0.50920 
 22.44500  0.50956  0.50920 
 22.54500  0.50955  0.50920 
 22.64500  0.50955  0.50920 
 22.74500  0.50955  0.50920 
 22.84500  0.50955  0.50920 
 22.94500  0.50954  0.50920 
 23.04500  0.50954  0.50920 
 23.14500  0.50954  0.50920 
 23.24500  0.50953  0.50920 
 23.34500  0.50953  0.50920 
 23.44500  0.50953  0.50920 
 23.54500  0.50953  0.50920 
 23.64500  0.50953  0.50920 
 23.74500  0.50952  0.50920 
 23.84500  0.50953  0.50920 
 23.94500  0.50952  0.50920 
 24.04500  0.50950  0.50920 
 24.14500  0.50950  0.50920 
 24.24500  0.50950  0.50920 
 24.34500  0.50950  0.50920 
 24.44500  0.50950  0.50920 
 24.54500  0.50950  0.50920 
 24.64500  0.50949  0.50920 
 24.74500  0.50949  0.50920 
 24.84500  0.50949  0.50920 
 24.94500  0.50948  0.50920 
 25.04500  0.50948  0.50920 
 25.14500  0.50947  0.50920 
 25.24500  0.50947  0.50920 
 25.34500  0.50947  0.50920 
 25.44500  0.50946  0.50920 
 25.54500  0.50946  0.50920 
 25.64500  0.50946  0.50920 
 25.74500  0.50946  0.50920 
 25.84500  0.50946  0.50920 
 25.94500  0.50946  0.50920 
 26.04500  0.50945  0.50920 
 26.14500  0.50944  0.50920 
 26.24500  0.50944  0.50920 
 26.34500  0.50944  0.50920 
 26.44500  0.50944  0.50920 
 26.54500  0.50943  0.50920 
 26.64500  0.50942  0.50920 
 26.74500  0.50941  0.50920 
 26.84500  0.50941  0.50920 
 26.94500  0.50940  0.50920 
 27.04500  0.50939  0.50920 
 27.14500  0.50939  0.50920 
 27.24500  0.50939  0.50920 
 27.34500  0.50938  0.50920 
 27.44500  0.50938  0.50920 
 27.54500  0.50938  0.50920 
 27.64500  0.50937  0.50920 
 27.74500  0.50938  0.50920 
 27.84500  0.50937  0.50920 
 27.94500  0.50937  0.50920 
 28.04500  0.50936  0.50920 
 28.14500  0.50935  0.50920 
 28.24500  0.50936  0.50920 
 28.34500  0.50935  0.50920 
 28.44500  0.50935  0.50920 
 28.54500  0.50935  0.50920 
 28.64500  0.50935  0.50920 
 28.74500  0.50934  0.50920 
 28.84500  0.50934  0.50920 
 28.94500  0.50934  0.50920 
 29.04500  0.50932  0.50920 
 29.14500  0.50932  0.50920 
 29.24500  0.50932  0.50920 
 29.34500  0.50932  0.50920 
 29.44500  0.50931  0.50920 
 29.54500  0.50931  0.50920 
 29.64500  0.50930  0.50920 
 29.74500  0.50929  0.50920 
 29.84500  0.50929  0.50920 
 29.94500  0.50929  0.50920 
 30.04500  0.50928  0.50920 
 30.14500  0.50928  0.50920 
 30.24500  0.50928  0.50920 
 30.34500  0.50928  0.50920 
 30.44500  0.50927  0.50920 
 30.54500  0.50927  0.50920 
 30.64500  0.50927  0.50920 
 30.74500  0.50926  0.50920 
 30.84500  0.50925  0.50920 
 30.94500  0.50925  0.50920 
 31.04500  0.50924  0.50920 
 31.14500  0.50924  0.50920 
 31.24500  0.50924  0.50920 
 31.34500  0.50924  0.50920 
 31.44500  0.50922  0.50920 
 31.54500  0.50922  0.50920 
 31.64500  0.50922  0.50920 
 31.74500  0.50922  0.50920 
 31.84500  0.50922  0.50920 
 31.94500  0.50921  0.50920 
 32.04500  0.50920  0.50920 
 32.14500  0.50920  0.50920 
 32.24500  0.50920  0.50920 
 32.34500  0.50920  0.50920 
 32.44500  0.50920  0.50920 
 32.54500  0.50919  0.50920 
 32.64500  0.50919  0.50920 
 32.74500  0.50918  0.50920 
 32.84500  0.50918  0.50920 
 32.94500  0.50917  0.50920 
 33.04500  0.50918  0.50920 
 33.14500  0.50917  0.50920 
 33.24500  0.50917  0.50920 
 33.34500  0.50917  0.50920 
 33.44500  0.50917  0.50920 
 33.54500  0.50916  0.50920 
 33.64500  0.50916  0.50920 
 33.74500  0.50915  0.50920 
 33.84500  0.50914  0.50920 
 33.94500  0.50914  0.50920 
 34.04500  0.50913  0.50920 
 34.14500  0.50913  0.50920 
 34.24500  0.50913  0.50920 
 34.34500  0.50913  0.50920 
 34.44500  0.50913  0.50920 
 34.54500  0.50912  0.50920 
 34.64500  0.50912  0.50920 
 34.74500  0.50912  0.50920 
 34.84500  0.50911  0.50920 
 34.94500  0.50910  0.50920 
 35.04500  0.50910  0.50920 
 35.14500  0.50909  0.50920 
 35.24500  0.50909  0.50920 
 35.34500  0.50908  0.50920 
 35.44500  0.50908  0.50920 
 35.54500  0.50909  0.50920 
 35.64500  0.50908  0.50920 
 35.74500  0.50908  0.50920 
 35.84500  0.50907  0.50920 
 35.94500  0.50907  0.50920 
 36.04500  0.50906  0.50920 
 36.14500  0.50906  0.50920 
 36.24500  0.50905  0.50920 
 36.34500  0.50905  0.50920 
 36.44500  0.50905  0.50920 
 36.54500  0.50905  0.50920 
 36.64500  0.50904  0.50920 
 36.74500  0.50903  0.50920 
 36.84500  0.50903  0.50920 
 36.94500  0.50903  0.50920 
 37.04500  0.50903  0.50920 
 37.14500  0.50902  0.50920 
 37.24500  0.50902  0.50920 
 37.34500  0.50901  0.50920 
 37.44500  0.50901  0.50920 
 37.54500  0.50900  0.50920 
 37.64500  0.50901  0.50920 
 37.74500  0.50900  0.50920 
 37.84500  0.50899  0.50920 
 37.94500  0.50899  0.50920 
 38.04500  0.50899  0.50920 
 38.14500  0.50898  0.50920 
 38.24500  0.50898  0.50920 
 38.34500  0.50898  0.50920 
 38.44500  0.50898  0.50920 
 38.54500  0.50898  0.50920 
 38.64500  0.50897  0.50920 
 38.74500  0.50896  0.50920 
 38.84500  0.50895  0.50920 
 38.94500  0.50895  0.50920 
 39.04500  0.50895  0.50920 
 39.14500  0.50894  0.50920 
 39.24500  0.50894  0.50920 
 39.34500  0.50894  0.50920 
 39.44500  0.50893  0.50920 
 39.54500  0.50893  0.50920 
 39.64500  0.50893  0.50920 
 39.74500  0.50892  0.50920 
 39.84500  0.50892  0.50920 
 39.94500  0.50892  0.50920 
 40.04500  0.50891  0.50920 
 40.14500  0.50891  0.50920 
 40.24500  0.50891  0.50920 
 40.34500  0.50890  0.50920 
 40.44500  0.50890  0.50920 
 40.54500  0.50890  0.50920 
 40.64500  0.50890  0.50920 
 40.74500  0.50890  0.50920 
 40.84500  0.50889  0.50920 
 40.94500  0.50889  0.50920 
 41.04500  0.50889  0.50920 
 41.14500  0.50888  0.50920 
 41.24500  0.50888  0.50920 
 41.34500  0.50888  0.50920 
 41.44500  0.50887  0.50920 
 41.54500  0.50886  0.50920 
 41.64500  0.50887  0.50920 
 41.74500  0.50886  0.50920 
 41.84500  0.50886  0.50920 
 41.94500  0.50885  0.50920 
 42.04500  0.50885  0.50920 
 42.14500  0.50885  0.50920 
 42.24500  0.50883  0.50920 
 42.34500  0.50883  0.50920 
 42.44500  0.50883  0.50920 
 42.54500  0.50883  0.50920 
 42.64500  0.50883  0.50920 
 42.74500  0.50883  0.50920 
 42.84500  0.50883  0.50920 
 42.94500  0.50882  0.50920 
 43.04500  0.50881  0.50920 
 43.14500  0.50881  0.50920 
 43.24500  0.50881  0.50920 
 43.34500  0.50881  0.50920 
 43.44500  0.50881  0.50920 
 43.54500  0.50880  0.50920 
 43.64500  0.50879  0.50920 
 43.74500  0.50879  0.50920 
 43.84500  0.50878  0.50920 
 43.94500  0.50877  0.50920 
 44.04500  0.50877  0.50920 
 44.14500  0.50877  0.50920 
 44.24500  0.50876  0.50920 
 44.34500  0.50877  0.50920 
 44.44500  0.50877  0.50920 
 44.54500  0.50876  0.50920 
 44.64500  0.50875  0.50920 
 44.74500  0.50875  0.50920 
 44.84500  0.50875  0.50920 
 44.94500  0.50875  0.50920 
 45.04500  0.50875  0.50920 
 45.14500  0.50875  0.50920 
 45.24500  0.50874  0.50920 
 45.34500  0.50874  0.50920 
 45.44500  0.50873  0.50920 
 45.54500  0.50872  0.50920 
 45.64500  0.50872  0.50920 
 45.74500  0.50872  0.50920 
 45.84500  0.50872  0.50920 
 45.94500  0.50872  0.50920 
 46.04500  0.50872  0.50920 
 46.14500  0.50871  0.50920 
 46.24500  0.50871  0.50920 
 46.34500  0.50871  0.50920 
 46.44500  0.50870  0.50920 
 46.54500  0.50870  0.50920 
 46.64500  0.50870  0.50920 
 46.74500  0.50870  0.50920 
 46.84500  0.50869  0.50920 
 46.94500  0.50868  0.50920 
 47.04500  0.50868  0.50920 
 47.14500  0.50868  0.50920 
 47.24500  0.50868  0.50920 
 47.34500  0.50867  0.50920 
 47.44500  0.50867  0.50920 
 47.54500  0.50867  0.50920 
 47.64500  0.50867  0.50920 
 47.74500  0.50866  0.50920 
 47.84500  0.50866  0.50920 
 47.94500  0.50866  0.50920 
 48.04500  0.50866  0.50920 
 48.14500  0.50866  0.50920 
 48.24500  0.50865  0.50920 
 48.34500  0.50865  0.50920 
 48.44500  0.50865  0.50920 
 48.54500  0.50865  0.50920 
 48.64500  0.50865  0.50920 
 48.74500  0.50865  0.50920 
 48.84500  0.50864  0.50920 
 48.94500  0.50863  0.50920 
 49.04500  0.50863  0.50920 
 49.14500  0.50862  0.50920 
 49.24500  0.50862  0.50920 
 49.34500  0.50862  0.50920 
 49.44500  0.50862  0.50920 
 49.54500  0.50862  0.50920 
 49.64500  0.50862  0.50920 
 49.74500  0.50861  0.50920 
 49.84500  0.50861  0.50920 
 49.94500  0.50861  0.50920 
 50.04500  0.50861  0.50920 
 50.14500  0.50861  0.50920 
 50.24500  0.50860  0.50920 
 50.34500  0.50859  0.50920 
 50.44500  0.50859  0.50920 
 50.54500  0.50859  0.50920 
 50.64500  0.50859  0.50920 
 50.74500  0.50859  0.50920 
 50.84500  0.50858  0.50920 
 50.94500  0.50858  0.50920 
 51.04500  0.50858  0.50920 
 51.14500  0.50857  0.50920 
 51.24500  0.50858  0.50920 
 51.34500  0.50857  0.50920 
 51.44500  0.50857  0.50920 
 51.54500  0.50857  0.50920 
 51.64500  0.50857  0.50920 
 51.74500  0.50857  0.50920 
 51.84500  0.50857  0.50920 
 51.94500  0.50857  0.50920 
 52.04500  0.50856  0.50920 
 52.14500  0.50856  0.50920 
 52.24500  0.50855  0.50920 
 52.34500  0.50856  0.50920 
 52.44500  0.50855  0.50920 
 52.54500  0.50855  0.50920 
 52.64500  0.50855  0.50920 
 52.74500  0.50855  0.50920 
 52.84500  0.50855  0.50920 
 52.94500  0.50855  0.50920 
 53.04500  0.50855  0.50920 
 53.14500  0.50855  0.50920 
 53.24500  0.50854  0.50920 
 53.34500  0.50854  0.50920 
 53.44500  0.50854  0.50920 
 53.54500  0.50854  0.50920 
 53.64500  0.50854  0.50920 
 53.74500  0.50854  0.50920 
 53.84500  0.50854  0.50920 
 53.94500  0.50853  0.50920 
 54.04500  0.50853  0.50920 
 54.14500  0.50852  0.50920 
 54.24500  0.50853  0.50920 
 54.34500  0.50853  0.50920 
 54.44500  0.50853  0.50920 
 54.54500  0.50852  0.50920 
 54.64500  0.50851  0.50920 
 54.74500  0.50851  0.50920 
 54.84500  0.50851  0.50920 
 54.94500  0.50851  0.50920 
 55.04500  0.50851  0.50920 
 55.14500  0.50851  0.50920 
 55.24500  0.50851  0.50920 
 55.34500  0.50851  0.50920 
 55.44500  0.50850  0.50920 
 55.54500  0.50850  0.50920 
 55.64500  0.50850  0.50920 
 55.74500  0.50850  0.50920 
 55.84500  0.50850  0.50920 
 55.94500  0.50850  0.50920 
 56.04500  0.50850  0.50920 
 56.14500  0.50849  0.50920 
 56.24500  0.50849  0.50920 
 56.34500  0.50849  0.50920 
 56.44500  0.50848  0.50920 
 56.54500  0.50847  0.50920 
 56.64500  0.50847  0.50920 
 56.74500  0.50848  0.50920 
 56.84500  0.50848  0.50920 
 56.94500  0.50848  0.50920 
 57.04500  0.50847  0.50920 
 57.14500  0.50847  0.50920 
 57.24500  0.50847  0.50920 
 57.34500  0.50847  0.50920 
 57.44500  0.50847  0.50920 
 57.54500  0.50847  0.50920 
 57.64500  0.50847  0.50920 
 57.74500  0.50847  0.50920 
 57.84500  0.50847  0.50920 
 57.94500  0.50846  0.50920 
 58.04500  0.50846  0.50920 
 58.14500  0.50846  0.50920 
 58.24500  0.50846  0.50920 
 58.34500  0.50846  0.50920 
 58.44500  0.50846  0.50920 
 58.54500  0.50846  0.50920 
 58.64500  0.50846  0.50920 
 58.74500  0.50846  0.50920 
 58.84500  0.50846  0.50920 
 58.94500  0.50845  0.50920 
 59.04500  0.50845  0.50920 
 59.14500  0.50844  0.50920 
 59.24500  0.50844  0.50920 
 59.34500  0.50844  0.50920 
 59.44500  0.50844  0.50920 
 59.54500  0.50845  0.50920 
 59.64500  0.50844  0.50920 
 59.74500  0.50844  0.50920 
 59.84500  0.50844  0.50920 
 59.94500  0.50843  0.50920 
 60.04500  0.50843  0.50920 
 60.14500  0.50844  0.50920 
 60.24500  0.50843  0.50920 
 60.34500  0.50843  0.50920 
 60.44500  0.50843  0.50920 
 60.54500  0.50843  0.50920 
 60.64500  0.50843  0.50920 
 60.74500  0.50843  0.50920 
 60.84500  0.50843  0.50920 
 60.94500  0.50843  0.50920 
 61.04500  0.50843  0.50920 
 61.14500  0.50843  0.50920 
 61.24500  0.50843  0.50920 
 61.34500  0.50843  0.50920 
 61.44500  0.50842  0.50920 
 61.54500  0.50842  0.50920 
 61.64500  0.50842  0.50920 
 61.74500  0.50842  0.50920 
 61.84500  0.50842  0.50920 
 61.94500  0.50842  0.50920 
 62.04500  0.50842  0.50920 
 62.14500  0.50842  0.50920 
 62.24500  0.50842  0.50920 
 62.34500  0.50842  0.50920 
 62.44500  0.50842  0.50920 
 62.54500  0.50842  0.50920 
 62.64500  0.50842  0.50920 
 62.74500  0.50842  0.50920 
 62.84500  0.50842  0.50920 
 62.94500  0.50842  0.50920 
 63.04500  0.50842  0.50920 
 63.14500  0.50842  0.50920 
 63.24500  0.50842  0.50920 
 63.34500  0.50842  0.50920 
 63.44500  0.50842  0.50920 
 63.54500  0.50842  0.50920 
 63.64500  0.50841  0.50920 
 63.74500  0.50841  0.50920 
 63.84500  0.50841  0.50920 
 63.94500  0.50841  0.50920 
 64.04500  0.50841  0.50920 
 64.14500  0.50841  0.50920 
 64.24500  0.50841  0.50920 
 64.34500  0.50840  0.50920 
