  0.04500  0.54370  0.54400 
  0.14500  0.54370  0.54400 
  0.24500  0.54371  0.54400 
  0.34500  0.54371  0.54400 
  0.44500  0.54370  0.54400 
  0.54500  0.54370  0.54400 
  0.64500  0.54369  0.54400 
  0.74500  0.54369  0.54400 
  0.84500  0.54368  0.54400 
  0.94500  0.54367  0.54400 
  1.04500  0.54368  0.54400 
  1.14500  0.54368  0.54396 
  1.24500  0.54369  0.54390 
  1.34500  0.54367  0.54390 
  1.44500  0.54365  0.54390 
  1.54500  0.54357  0.54390 
  1.64500  0.54357  0.54390 
  1.74500  0.54359  0.54390 
  1.84500  0.54359  0.54390 
  1.94500  0.54359  0.54382 
  2.04500  0.54354  0.54380 
  2.14500  0.54356  0.54380 
  2.24500  0.54351  0.54380 
  2.34500  0.54349  0.54380 
  2.44500  0.54347  0.54376 
  2.54500  0.54345  0.54370 
  2.64500  0.54345  0.54370 
  2.74500  0.54342  0.54370 
  2.84500  0.54338  0.54370 
  2.94500  0.54335  0.54360 
  3.04500  0.54334  0.54360 
  3.14500  0.54332  0.54360 
  3.24500  0.54328  0.54358 
  3.34500  0.54325  0.54350 
  3.44500  0.54323  0.54350 
  3.54500  0.54319  0.54350 
  3.64500  0.54317  0.54342 
  3.74500  0.54314  0.54340 
  3.84500  0.54312  0.54340 
  3.94500  0.54307  0.54333 
  4.04500  0.54306  0.54330 
  4.14500  0.54301  0.54330 
  4.24500  0.54296  0.54322 
  4.34500  0.54294  0.54320 
  4.44500  0.54292  0.54319 
  4.54500  0.54288  0.54310 
  4.64500  0.54281  0.54310 
  4.74500  0.54280  0.54305 
  4.84500  0.54273  0.54300 
  4.94500  0.54272  0.54299 
  5.04500  0.54267  0.54290 
  5.14500  0.54262  0.54290 
  5.24500  0.54258  0.54282 
  5.34500  0.54252  0.54280 
  5.44500  0.54248  0.54274 
  5.54500  0.54244  0.54270 
  5.64500  0.54237  0.54266 
  5.74500  0.54235  0.54260 
  5.84500  0.54229  0.54256 
  5.94500  0.54226  0.54250 
  6.04500  0.54219  0.54246 
  6.14500  0.54215  0.54240 
  6.24500  0.54210  0.54236 
  6.34500  0.54205  0.54230 
  6.44500  0.54200  0.54225 
  6.54500  0.54194  0.54220 
  6.64500  0.54188  0.54213 
  6.74500  0.54184  0.54210 
  6.84500  0.54177  0.54201 
  6.94500  0.54173  0.54198 
  7.04500  0.54166  0.54190 
  7.14500  0.54160  0.54185 
  7.24500  0.54153  0.54180 
  7.34500  0.54148  0.54172 
  7.44500  0.54140  0.54168 
  7.54500  0.54136  0.54160 
  7.64500  0.54128  0.54154 
  7.74500  0.54123  0.54149 
  7.84500  0.54117  0.54140 
  7.94500  0.54111  0.54135 
  8.04500  0.54104  0.54130 
  8.14500  0.54097  0.54120 
  8.24500  0.54091  0.54115 
  8.34500  0.54085  0.54109 
  8.44500  0.54076  0.54100 
  8.54500  0.54070  0.54093 
  8.64500  0.54064  0.54088 
  8.74500  0.54055  0.54080 
  8.84500  0.54049  0.54071 
  8.94500  0.54041  0.54065 
  9.04500  0.54033  0.54059 
  9.14500  0.54027  0.54050 
  9.24500  0.54019  0.54042 
  9.34500  0.54011  0.54035 
  9.44500  0.54005  0.54028 
  9.54500  0.53996  0.54020 
  9.64500  0.53989  0.54011 
  9.74500  0.53981  0.54004 
  9.84500  0.53974  0.53996 
  9.94500  0.53966  0.53989 
 10.04500  0.53957  0.53980 
 10.14500  0.53950  0.53971 
 10.24500  0.53943  0.53963 
 10.34500  0.53933  0.53955 
 10.44500  0.53924  0.53947 
 10.54500  0.53915  0.53938 
 10.64500  0.53908  0.53930 
 10.74500  0.53899  0.53920 
 10.84500  0.53890  0.53912 
 10.94500  0.53882  0.53903 
 11.04500  0.53873  0.53894 
 11.14500  0.53865  0.53886 
 11.24500  0.53856  0.53877 
 11.34500  0.53846  0.53868 
 11.44500  0.53837  0.53859 
 11.54500  0.53828  0.53849 
 11.64500  0.53818  0.53840 
 11.74500  0.53809  0.53830 
 11.84500  0.53801  0.53821 
 11.94500  0.53790  0.53811 
 12.04500  0.53781  0.53802 
 12.14500  0.53772  0.53792 
 12.24500  0.53763  0.53783 
 12.34500  0.53752  0.53773 
 12.44500  0.53743  0.53763 
 12.54500  0.53733  0.53753 
 12.64500  0.53724  0.53743 
 12.74500  0.53714  0.53733 
 12.84500  0.53703  0.53723 
 12.94500  0.53692  0.53713 
 13.04500  0.53683  0.53703 
 13.14500  0.53672  0.53693 
 13.24500  0.53662  0.53682 
 13.34500  0.53652  0.53672 
 13.44500  0.53642  0.53662 
 13.54500  0.53631  0.53651 
 13.64500  0.53622  0.53641 
 13.74500  0.53610  0.53629 
 13.84500  0.53601  0.53619 
 13.94500  0.53589  0.53608 
 14.04500  0.53578  0.53597 
 14.14500  0.53567  0.53586 
 14.24500  0.53556  0.53575 
 14.34500  0.53546  0.53564 
 14.44500  0.53535  0.53554 
 14.54500  0.53523  0.53542 
 14.64500  0.53512  0.53531 
 14.74500  0.53501  0.53519 
 14.84500  0.53490  0.53508 
 14.94500  0.53478  0.53497 
 15.04500  0.53467  0.53485 
 15.14500  0.53456  0.53474 
 15.24500  0.53444  0.53463 
 15.34500  0.53432  0.53451 
 15.44500  0.53420  0.53438 
 15.54500  0.53409  0.53427 
 15.64500  0.53398  0.53415 
 15.74500  0.53385  0.53404 
 15.84500  0.53373  0.53392 
 15.94500  0.53361  0.53380 
 16.04500  0.53349  0.53367 
 16.14500  0.53337  0.53356 
 16.24500  0.53325  0.53344 
 16.34500  0.53314  0.53332 
 16.44500  0.53302  0.53318 
 16.54500  0.53289  0.53306 
 16.64500  0.53276  0.53294 
 16.74500  0.53265  0.53283 
 16.84500  0.53251  0.53270 
 16.94500  0.53240  0.53257 
 17.04500  0.53227  0.53245 
 17.14500  0.53215  0.53232 
 17.24500  0.53201  0.53218 
 17.34500  0.53189  0.53206 
 17.44500  0.53176  0.53194 
 17.54500  0.53164  0.53181 
 17.64500  0.53151  0.53167 
 17.74500  0.53139  0.53155 
 17.84500  0.53125  0.53143 
 17.94500  0.53112  0.53128 
 18.04500  0.53099  0.53116 
 18.14500  0.53087  0.53103 
 18.24500  0.53074  0.53089 
 18.34500  0.53060  0.53076 
 18.44500  0.53048  0.53063 
 18.54500  0.53034  0.53049 
 18.64500  0.53020  0.53036 
 18.74500  0.53007  0.53023 
 18.84500  0.52993  0.53009 
 18.94500  0.52980  0.52996 
 19.04500  0.52966  0.52983 
 19.14500  0.52953  0.52968 
 19.24500  0.52940  0.52955 
 19.34500  0.52925  0.52941 
 19.44500  0.52912  0.52927 
 19.54500  0.52899  0.52914 
 19.64500  0.52884  0.52899 
 19.74500  0.52871  0.52886 
 19.84500  0.52858  0.52873 
 19.94500  0.52843  0.52857 
 20.04500  0.52830  0.52844 
 20.14500  0.52816  0.52829 
 20.24500  0.52801  0.52816 
 20.34500  0.52788  0.52803 
 20.44500  0.52774  0.52787 
 20.54500  0.52761  0.52774 
 20.64500  0.52746  0.52759 
 20.74500  0.52732  0.52745 
 20.84500  0.52718  0.52731 
 20.94500  0.52702  0.52716 
 21.04500  0.52689  0.52702 
 21.14500  0.52674  0.52686 
 21.24500  0.52660  0.52673 
 21.34500  0.52645  0.52657 
 21.44500  0.52632  0.52644 
 21.54500  0.52616  0.52628 
 21.64500  0.52603  0.52614 
 21.74500  0.52587  0.52599 
 21.84500  0.52572  0.52585 
 21.94500  0.52558  0.52569 
 22.04500  0.52544  0.52555 
 22.14500  0.52528  0.52540 
 22.24500  0.52515  0.52525 
 22.34500  0.52500  0.52511 
 22.44500  0.52484  0.52495 
 22.54500  0.52470  0.52481 
 22.64500  0.52455  0.52465 
 22.74500  0.52440  0.52451 
 22.84500  0.52425  0.52435 
 22.94500  0.52410  0.52420 
 23.04500  0.52395  0.52405 
 23.14500  0.52379  0.52390 
 23.24500  0.52365  0.52375 
 23.34500  0.52350  0.52359 
 23.44500  0.52334  0.52344 
 23.54500  0.52320  0.52328 
 23.64500  0.52304  0.52314 
 23.74500  0.52290  0.52297 
 23.84500  0.52275  0.52283 
 23.94500  0.52257  0.52266 
 24.04500  0.52242  0.52252 
 24.14500  0.52227  0.52236 
 24.24500  0.52212  0.52221 
 24.34500  0.52196  0.52205 
 24.44500  0.52181  0.52190 
 24.54500  0.52165  0.52174 
 24.64500  0.52150  0.52158 
 24.74500  0.52134  0.52144 
 24.84500  0.52119  0.52126 
 24.94500  0.52104  0.52112 
 25.04500  0.52088  0.52095 
 25.14500  0.52074  0.52080 
 25.24500  0.52058  0.52064 
 25.34500  0.52041  0.52048 
 25.44500  0.52024  0.52033 
 25.54500  0.52009  0.52016 
 25.64500  0.51995  0.52001 
 25.74500  0.51979  0.51985 
 25.84500  0.51963  0.51968 
 25.94500  0.51946  0.51954 
 26.04500  0.51931  0.51936 
 26.14500  0.51915  0.51921 
 26.24500  0.51900  0.51905 
 26.34500  0.51883  0.51888 
 26.44500  0.51867  0.51874 
 26.54500  0.51851  0.51856 
 26.64500  0.51835  0.51841 
 26.74500  0.51818  0.51825 
 26.84500  0.51802  0.51808 
 26.94500  0.51786  0.51792 
 27.04500  0.51770  0.51776 
 27.14500  0.51754  0.51760 
 27.24500  0.51738  0.51744 
 27.34500  0.51722  0.51727 
 27.44500  0.51706  0.51712 
 27.54500  0.51689  0.51695 
 27.64500  0.51674  0.51678 
 27.74500  0.51658  0.51663 
 27.84500  0.51642  0.51646 
 27.94500  0.51626  0.51630 
 28.04500  0.51609  0.51614 
 28.14500  0.51593  0.51596 
 28.24500  0.51577  0.51580 
 28.34500  0.51559  0.51565 
 28.44500  0.51544  0.51548 
 28.54500  0.51528  0.51532 
 28.64500  0.51512  0.51515 
 28.74500  0.51494  0.51498 
 28.84500  0.51478  0.51482 
 28.94500  0.51463  0.51465 
 29.04500  0.51446  0.51450 
 29.14500  0.51429  0.51434 
 29.24500  0.51413  0.51416 
 29.34500  0.51397  0.51400 
 29.44500  0.51380  0.51384 
 29.54500  0.51364  0.51366 
 29.64500  0.51347  0.51350 
 29.74500  0.51332  0.51334 
 29.84500  0.51316  0.51316 
 29.94500  0.51298  0.51300 
 30.04500  0.51281  0.51284 
 30.14500  0.51265  0.51266 
 30.24500  0.51249  0.51252 
 30.34500  0.51234  0.51235 
 30.44500  0.51216  0.51218 
 30.54500  0.51201  0.51202 
 30.64500  0.51184  0.51185 
 30.74500  0.51166  0.51168 
 30.84500  0.51150  0.51152 
 30.94500  0.51134  0.51135 
 31.04500  0.51118  0.51118 
 31.14500  0.51101  0.51102 
 31.24500  0.51085  0.51085 
 31.34500  0.51068  0.51068 
 31.44500  0.51052  0.51052 
 31.54500  0.51034  0.51035 
 31.64500  0.51018  0.51018 
 31.74500  0.51001  0.51002 
 31.84500  0.50985  0.50985 
 31.94500  0.50969  0.50968 
 32.04500  0.50951  0.50952 
 32.14500  0.50935  0.50935 
 32.24500  0.50918  0.50918 
 32.34500  0.50903  0.50902 
 32.44500  0.50887  0.50885 
 32.54500  0.50870  0.50868 
 32.64500  0.50852  0.50852 
 32.74500  0.50836  0.50835 
 32.84500  0.50820  0.50818 
 32.94500  0.50803  0.50802 
 33.04500  0.50787  0.50785 
 33.14500  0.50771  0.50768 
 33.24500  0.50755  0.50752 
 33.34500  0.50737  0.50735 
 33.44500  0.50721  0.50718 
 33.54500  0.50704  0.50702 
 33.64500  0.50689  0.50685 
 33.74500  0.50672  0.50668 
 33.84500  0.50656  0.50652 
 33.94500  0.50638  0.50635 
 34.04500  0.50622  0.50618 
 34.14500  0.50606  0.50602 
 34.24500  0.50590  0.50585 
 34.34500  0.50573  0.50569 
 34.44500  0.50556  0.50554 
 34.54500  0.50540  0.50536 
 34.64500  0.50523  0.50520 
 34.74500  0.50507  0.50504 
 34.84500  0.50491  0.50486 
 34.94500  0.50473  0.50470 
 35.04500  0.50457  0.50454 
 35.14500  0.50441  0.50436 
 35.24500  0.50424  0.50420 
 35.34500  0.50408  0.50404 
 35.44500  0.50391  0.50386 
 35.54500  0.50376  0.50372 
 35.64500  0.50359  0.50355 
 35.74500  0.50343  0.50338 
 35.84500  0.50326  0.50322 
 35.94500  0.50311  0.50305 
 36.04500  0.50293  0.50288 
 36.14500  0.50278  0.50273 
 36.24500  0.50261  0.50256 
 36.34500  0.50245  0.50240 
 36.44500  0.50229  0.50224 
 36.54500  0.50212  0.50206 
 36.64500  0.50196  0.50190 
 36.74500  0.50181  0.50175 
 36.84500  0.50163  0.50158 
 36.94500  0.50147  0.50142 
 37.04500  0.50132  0.50125 
 37.14500  0.50116  0.50110 
 37.24500  0.50100  0.50094 
 37.34500  0.50083  0.50076 
 37.44500  0.50067  0.50061 
 37.54500  0.50052  0.50045 
 37.64500  0.50035  0.50028 
 37.74500  0.50020  0.50013 
 37.84500  0.50003  0.49996 
 37.94500  0.49987  0.49980 
 38.04500  0.49971  0.49964 
 38.14500  0.49956  0.49948 
 38.24500  0.49939  0.49932 
 38.34500  0.49924  0.49916 
 38.44500  0.49909  0.49900 
 38.54500  0.49893  0.49884 
 38.64500  0.49877  0.49868 
 38.74500  0.49860  0.49853 
 38.84500  0.49844  0.49836 
 38.94500  0.49829  0.49820 
 39.04500  0.49814  0.49805 
 39.14500  0.49798  0.49788 
 39.24500  0.49782  0.49774 
 39.34500  0.49766  0.49756 
 39.44500  0.49751  0.49742 
 39.54500  0.49735  0.49726 
 39.64500  0.49720  0.49710 
 39.74500  0.49703  0.49695 
 39.84500  0.49688  0.49678 
 39.94500  0.49673  0.49664 
 40.04500  0.49658  0.49647 
 40.14500  0.49642  0.49633 
 40.24500  0.49626  0.49616 
 40.34500  0.49611  0.49601 
 40.44500  0.49595  0.49585 
 40.54500  0.49581  0.49570 
 40.64500  0.49565  0.49555 
 40.74500  0.49550  0.49539 
 40.84500  0.49534  0.49524 
 40.94500  0.49519  0.49508 
 41.04500  0.49505  0.49494 
 41.14500  0.49489  0.49477 
 41.24500  0.49475  0.49464 
 41.34500  0.49458  0.49447 
 41.44500  0.49444  0.49433 
 41.54500  0.49428  0.49417 
 41.64500  0.49413  0.49403 
 41.74500  0.49399  0.49386 
 41.84500  0.49384  0.49373 
 41.94500  0.49369  0.49356 
 42.04500  0.49355  0.49343 
 42.14500  0.49339  0.49326 
 42.24500  0.49325  0.49313 
 42.34500  0.49309  0.49297 
 42.44500  0.49295  0.49283 
 42.54500  0.49281  0.49267 
 42.64500  0.49266  0.49254 
 42.74500  0.49252  0.49237 
 42.84500  0.49237  0.49224 
 42.94500  0.49222  0.49209 
 43.04500  0.49207  0.49195 
 43.14500  0.49194  0.49179 
 43.24500  0.49179  0.49165 
 43.34500  0.49165  0.49151 
 43.44500  0.49150  0.49136 
 43.54500  0.49136  0.49123 
 43.64500  0.49122  0.49107 
 43.74500  0.49109  0.49094 
 43.84500  0.49093  0.49079 
 43.94500  0.49079  0.49065 
 44.04500  0.49065  0.49051 
 44.14500  0.49051  0.49036 
 44.24500  0.49037  0.49023 
 44.34500  0.49024  0.49007 
 44.44500  0.49009  0.48994 
 44.54500  0.48995  0.48981 
 44.64500  0.48980  0.48966 
 44.74500  0.48968  0.48953 
 44.84500  0.48954  0.48937 
 44.94500  0.48941  0.48925 
 45.04500  0.48926  0.48911 
 45.14500  0.48913  0.48896 
 45.24500  0.48899  0.48884 
 45.34500  0.48885  0.48869 
 45.44500  0.48872  0.48856 
 45.54500  0.48860  0.48843 
 45.64500  0.48846  0.48829 
 45.74500  0.48832  0.48815 
 45.84500  0.48819  0.48803 
 45.94500  0.48806  0.48788 
 46.04500  0.48793  0.48775 
 46.14500  0.48779  0.48763 
 46.24500  0.48766  0.48748 
 46.34500  0.48753  0.48736 
 46.44500  0.48740  0.48723 
 46.54500  0.48728  0.48710 
 46.64500  0.48715  0.48696 
 46.74500  0.48702  0.48684 
 46.84500  0.48689  0.48671 
 46.94500  0.48676  0.48657 
 47.04500  0.48662  0.48645 
 47.14500  0.48650  0.48633 
 47.24500  0.48637  0.48620 
 47.34500  0.48625  0.48607 
 47.44500  0.48612  0.48594 
 47.54500  0.48600  0.48582 
 47.64500  0.48588  0.48568 
 47.74500  0.48575  0.48556 
 47.84500  0.48563  0.48545 
 47.94500  0.48550  0.48533 
 48.04500  0.48539  0.48520 
 48.14500  0.48525  0.48507 
 48.24500  0.48514  0.48495 
 48.34500  0.48502  0.48484 
 48.44500  0.48491  0.48472 
 48.54500  0.48478  0.48459 
 48.64500  0.48467  0.48447 
 48.74500  0.48456  0.48435 
 48.84500  0.48442  0.48424 
 48.94500  0.48431  0.48412 
 49.04500  0.48419  0.48400 
 49.14500  0.48408  0.48388 
 49.24500  0.48396  0.48377 
 49.34500  0.48385  0.48365 
 49.44500  0.48373  0.48354 
 49.54500  0.48362  0.48343 
 49.64500  0.48350  0.48331 
 49.74500  0.48340  0.48319 
 49.84500  0.48329  0.48308 
 49.94500  0.48317  0.48297 
 50.04500  0.48306  0.48286 
 50.14500  0.48294  0.48275 
 50.24500  0.48284  0.48264 
 50.34500  0.48273  0.48253 
 50.44500  0.48262  0.48242 
 50.54500  0.48251  0.48232 
 50.64500  0.48241  0.48221 
 50.74500  0.48231  0.48210 
 50.84500  0.48220  0.48199 
 50.94500  0.48208  0.48189 
 51.04500  0.48197  0.48178 
 51.14500  0.48188  0.48168 
 51.24500  0.48177  0.48157 
 51.34500  0.48168  0.48147 
 51.44500  0.48157  0.48137 
 51.54500  0.48148  0.48127 
 51.64500  0.48138  0.48117 
 51.74500  0.48128  0.48107 
 51.84500  0.48117  0.48097 
 51.94500  0.48108  0.48087 
 52.04500  0.48098  0.48077 
 52.14500  0.48088  0.48067 
 52.24500  0.48078  0.48057 
 52.34500  0.48069  0.48048 
 52.44500  0.48060  0.48038 
 52.54500  0.48051  0.48029 
 52.64500  0.48040  0.48019 
 52.74500  0.48031  0.48010 
 52.84500  0.48022  0.48000 
 52.94500  0.48014  0.47991 
 53.04500  0.48005  0.47982 
 53.14500  0.47995  0.47973 
 53.24500  0.47986  0.47964 
 53.34500  0.47977  0.47955 
 53.44500  0.47968  0.47946 
 53.54500  0.47960  0.47937 
 53.64500  0.47951  0.47929 
 53.74500  0.47942  0.47920 
 53.84500  0.47934  0.47911 
 53.94500  0.47927  0.47902 
 54.04500  0.47918  0.47894 
 54.14500  0.47910  0.47886 
 54.24500  0.47901  0.47878 
 54.34500  0.47893  0.47870 
 54.44500  0.47885  0.47860 
 54.54500  0.47876  0.47852 
 54.64500  0.47868  0.47845 
 54.74500  0.47860  0.47837 
 54.84500  0.47853  0.47830 
 54.94500  0.47845  0.47820 
 55.04500  0.47836  0.47813 
 55.14500  0.47830  0.47806 
 55.24500  0.47822  0.47799 
 55.34500  0.47815  0.47790 
 55.44500  0.47808  0.47783 
 55.54500  0.47800  0.47776 
 55.64500  0.47792  0.47770 
 55.74500  0.47787  0.47760 
 55.84500  0.47779  0.47754 
 55.94500  0.47773  0.47748 
 56.04500  0.47766  0.47740 
 56.14500  0.47757  0.47733 
 56.24500  0.47751  0.47727 
 56.34500  0.47745  0.47720 
 56.44500  0.47738  0.47712 
 56.54500  0.47732  0.47707 
 56.64500  0.47725  0.47700 
 56.74500  0.47719  0.47693 
 56.84500  0.47711  0.47689 
 56.94500  0.47707  0.47680 
 57.04500  0.47700  0.47675 
 57.14500  0.47694  0.47670 
 57.24500  0.47688  0.47661 
 57.34500  0.47683  0.47658 
 57.44500  0.47678  0.47650 
 57.54500  0.47670  0.47645 
 57.64500  0.47667  0.47640 
 57.74500  0.47659  0.47632 
 57.84500  0.47654  0.47630 
 57.94500  0.47648  0.47620 
 58.04500  0.47643  0.47619 
 58.14500  0.47638  0.47610 
 58.24500  0.47631  0.47608 
 58.34500  0.47627  0.47600 
 58.44500  0.47623  0.47598 
 58.54500  0.47616  0.47590 
 58.64500  0.47614  0.47588 
 58.74500  0.47607  0.47580 
 58.84500  0.47604  0.47579 
 58.94500  0.47600  0.47570 
 59.04500  0.47593  0.47570 
 59.14500  0.47591  0.47560 
 59.24500  0.47586  0.47560 
 59.34500  0.47580  0.47553 
 59.44500  0.47579  0.47550 
 59.54500  0.47572  0.47547 
 59.64500  0.47568  0.47540 
 59.74500  0.47565  0.47540 
 59.84500  0.47560  0.47531 
 59.94500  0.47560  0.47530 
 60.04500  0.47552  0.47528 
 60.14500  0.47550  0.47520 
 60.24500  0.47546  0.47520 
 60.34500  0.47544  0.47515 
 60.44500  0.47538  0.47510 
 60.54500  0.47535  0.47510 
 60.64500  0.47533  0.47505 
 60.74500  0.47529  0.47500 
 60.84500  0.47526  0.47500 
 60.94500  0.47524  0.47497 
 61.04500  0.47520  0.47490 
 61.14500  0.47517  0.47490 
 61.24500  0.47516  0.47490 
 61.34500  0.47512  0.47483 
 61.44500  0.47509  0.47480 
 61.54500  0.47507  0.47480 
 61.64500  0.47507  0.47480 
 61.74500  0.47506  0.47473 
 61.84500  0.47501  0.47470 
 61.94500  0.47497  0.47470 
 62.04500  0.47497  0.47470 
 62.14500  0.47496  0.47470 
 62.24500  0.47494  0.47460 
 62.34500  0.47492  0.47460 
 62.44500  0.47489  0.47460 
 62.54500  0.47486  0.47460 
 62.64500  0.47486  0.47460 
 62.74500  0.47482  0.47459 
 62.84500  0.47482  0.47450 
 62.94500  0.47482  0.47450 
 63.04500  0.47483  0.47450 
 63.14500  0.47483  0.47450 
 63.24500  0.47483  0.47450 
 63.34500  0.47477  0.47450 
 63.44500  0.47473  0.47450 
 63.54500  0.47473  0.47450 
 63.64500  0.47474  0.47450 
 63.74500  0.47473  0.47449 
 63.84500  0.47474  0.47440 
 63.94500  0.47473  0.47440 
 64.04500  0.47474  0.47440 
 64.14500  0.47473  0.47440 
 64.24500  0.47474  0.47440 
 64.34500  0.47473  0.47440 
