  0.04500  0.99957  0.99955 
  0.14500  0.99952  0.99950 
  0.24500  0.99937  0.99945 
  0.34500  0.99903  0.99934 
  0.44500  0.99892  0.99918 
  0.54500  0.99887  0.99898 
  0.64500  0.99861  0.99868 
  0.74500  0.99823  0.99834 
  0.84500  0.99768  0.99790 
  0.94500  0.99720  0.99732 
  1.04500  0.99643  0.99664 
  1.14500  0.99566  0.99575 
  1.24500  0.99466  0.99472 
  1.34500  0.99334  0.99346 
  1.44500  0.99181  0.99191 
  1.54500  0.98998  0.99008 
  1.64500  0.98775  0.98784 
  1.74500  0.98507  0.98522 
  1.84500  0.98205  0.98212 
  1.94500  0.97835  0.97846 
  2.04500  0.97403  0.97419 
  2.14500  0.96913  0.96925 
  2.24500  0.96350  0.96355 
  2.34500  0.95686  0.95701 
  2.44500  0.94937  0.94955 
  2.54500  0.94090  0.94110 
  2.64500  0.93140  0.93155 
  2.74500  0.92082  0.92088 
  2.84500  0.90883  0.90898 
  2.94500  0.89564  0.89582 
  3.04500  0.88123  0.88131 
  3.14500  0.86521  0.86544 
  3.24500  0.84791  0.84816 
  3.34500  0.82927  0.82948 
  3.44500  0.80929  0.80940 
  3.54500  0.78786  0.78792 
  3.64500  0.76511  0.76508 
  3.74500  0.74102  0.74095 
  3.84500  0.71565  0.71558 
  3.94500  0.68889  0.68911 
  4.04500  0.66094  0.66163 
  4.14500  0.63215  0.63325 
  4.24500  0.60304  0.60412 
  4.34500  0.57460  0.57440 
  4.44500  0.54725  0.54430 
  4.54500  0.51989  0.51393 
  4.64500  0.47714  0.48351 
  4.74500  0.45070  0.45319 
  4.84500  0.42324  0.42319 
  4.94500  0.39485  0.39369 
  5.04500  0.36602  0.36482 
  5.14500  0.33745  0.33675 
  5.24500  0.30997  0.30968 
  5.34500  0.28373  0.28373 
  5.44500  0.25894  0.25903 
  5.54500  0.23566  0.23565 
  5.64500  0.21391  0.21374 
  5.74500  0.19358  0.19340 
  5.84500  0.17494  0.17462 
  5.94500  0.15767  0.15751 
  6.04500  0.14228  0.14213 
  6.14500  0.12858  0.12847 
  6.24500  0.11672  0.11659 
  6.34500  0.10663  0.10647 
  6.44500  0.09831  0.09816 
  6.54500  0.09173  0.09162 
  6.64500  0.08715  0.08690 
  6.74500  0.08418  0.08398 
  6.84500  0.08304  0.08287 
  6.94500  0.08368  0.08351 
  7.04500  0.08617  0.08598 
  7.14500  0.09045  0.09024 
  7.24500  0.09653  0.09632 
  7.34500  0.10432  0.10418 
  7.44500  0.11395  0.11384 
  7.54500  0.12548  0.12527 
  7.64500  0.13853  0.13846 
  7.74500  0.15365  0.15340 
  7.84500  0.17029  0.17008 
  7.94500  0.18857  0.18841 
  8.04500  0.20846  0.20837 
  8.14500  0.22988  0.22988 
  8.24500  0.25280  0.25287 
  8.34500  0.27725  0.27728 
  8.44500  0.30304  0.30291 
  8.54500  0.33032  0.32972 
  8.64500  0.35849  0.35750 
  8.74500  0.38735  0.38616 
  8.84500  0.41589  0.41553 
  8.94500  0.44354  0.44540 
  9.04500  0.47017  0.47561 
  9.14500  0.50843  0.50597 
  9.24500  0.54015  0.53632 
  9.34500  0.56706  0.56645 
  9.44500  0.59528  0.59618 
  9.54500  0.62394  0.62532 
  9.64500  0.65277  0.65376 
  9.74500  0.68088  0.68129 
  9.84500  0.70766  0.70777 
  9.94500  0.73316  0.73308 
 10.04500  0.75708  0.75713 
 10.14500  0.77956  0.77977 
 10.24500  0.80085  0.80099 
 10.34500  0.82033  0.82063 
 10.44500  0.83839  0.83871 
 10.54500  0.85490  0.85518 
 10.64500  0.86966  0.86996 
 10.74500  0.88277  0.88310 
 10.84500  0.89434  0.89454 
 10.94500  0.90404  0.90429 
 11.04500  0.91204  0.91237 
 11.14500  0.91857  0.91879 
 11.24500  0.92319  0.92351 
 11.34500  0.92637  0.92655 
 11.44500  0.92769  0.92794 
 11.54500  0.92745  0.92767 
 11.64500  0.92547  0.92573 
 11.74500  0.92189  0.92210 
 11.84500  0.91661  0.91684 
 11.94500  0.90959  0.90989 
 12.04500  0.90106  0.90124 
 12.14500  0.89072  0.89093 
 12.24500  0.87874  0.87890 
 12.34500  0.86503  0.86524 
 12.44500  0.84957  0.84989 
 12.54500  0.83261  0.83290 
 12.64500  0.81405  0.81427 
 12.74500  0.79392  0.79410 
 12.84500  0.77234  0.77240 
 12.94500  0.74929  0.74929 
 13.04500  0.72484  0.72480 
 13.14500  0.69885  0.69911 
 13.24500  0.67166  0.67225 
 13.34500  0.64327  0.64441 
 13.44500  0.61443  0.61573 
 13.54500  0.58589  0.58636 
 13.64500  0.55803  0.55648 
 13.74500  0.53138  0.52625 
 13.84500  0.49395  0.49588 
 13.94500  0.46136  0.46554 
 14.04500  0.43448  0.43541 
 14.14500  0.40659  0.40571 
 14.24500  0.37789  0.37658 
 14.34500  0.34907  0.34816 
 14.44500  0.32105  0.32069 
 14.54500  0.29430  0.29425 
 14.64500  0.26890  0.26903 
 14.74500  0.24514  0.24510 
 14.84500  0.22277  0.22258 
 14.94500  0.20175  0.20158 
 15.04500  0.18228  0.18215 
 15.14500  0.16452  0.16435 
 15.24500  0.14841  0.14824 
 15.34500  0.13408  0.13388 
 15.44500  0.12154  0.12128 
 15.54500  0.11061  0.11044 
 15.64500  0.10159  0.10137 
 15.74500  0.09431  0.09412 
 15.84500  0.08882  0.08865 
 15.94500  0.08515  0.08496 
 16.04500  0.08339  0.08310 
 16.14500  0.08317  0.08304 
 16.24500  0.08497  0.08476 
 16.34500  0.08849  0.08830 
 16.44500  0.09374  0.09359 
 16.54500  0.10088  0.10074 
 16.64500  0.10980  0.10965 
 16.74500  0.12055  0.12032 
 16.84500  0.13297  0.13282 
 16.94500  0.14720  0.14705 
 17.04500  0.16326  0.16301 
 17.14500  0.18083  0.18066 
 17.24500  0.20017  0.19996 
 17.34500  0.22088  0.22086 
 17.44500  0.24332  0.24323 
 17.54500  0.26691  0.26706 
 17.64500  0.29217  0.29220 
 17.74500  0.31882  0.31854 
 17.84500  0.34676  0.34594 
 17.94500  0.37555  0.37426 
 18.04500  0.40422  0.40337 
 18.14500  0.43240  0.43303 
 18.24500  0.45935  0.46314 
 18.34500  0.49049  0.49346 
 18.44500  0.52926  0.52385 
 18.54500  0.55598  0.55407 
 18.64500  0.58358  0.58400 
 18.74500  0.61216  0.61342 
 18.84500  0.64106  0.64215 
 18.94500  0.66940  0.67006 
 19.04500  0.69690  0.69699 
 19.14500  0.72282  0.72281 
 19.24500  0.74749  0.74737 
 19.34500  0.77040  0.77063 
 19.44500  0.79226  0.79242 
 19.54500  0.81250  0.81272 
 19.64500  0.83125  0.83146 
 19.74500  0.84830  0.84860 
 19.84500  0.86383  0.86408 
 19.94500  0.87771  0.87789 
 20.04500  0.88988  0.89003 
 20.14500  0.90025  0.90049 
 20.24500  0.90906  0.90925 
 20.34500  0.91610  0.91634 
 20.44500  0.92151  0.92175 
 20.54500  0.92533  0.92549 
 20.64500  0.92739  0.92757 
 20.74500  0.92776  0.92799 
 20.84500  0.92653  0.92674 
 20.94500  0.92368  0.92382 
 21.04500  0.91905  0.91924 
 21.14500  0.91277  0.91295 
 21.24500  0.90483  0.90500 
 21.34500  0.89525  0.89539 
 21.44500  0.88391  0.88405 
 21.54500  0.87084  0.87105 
 21.64500  0.85612  0.85640 
 21.74500  0.83989  0.84010 
 21.84500  0.82188  0.82214 
 21.94500  0.80232  0.80260 
 22.04500  0.78133  0.78153 
 22.14500  0.75890  0.75898 
 22.24500  0.73507  0.73504 
 22.34500  0.70971  0.70983 
 22.44500  0.68312  0.68342 
 22.54500  0.65507  0.65598 
 22.64500  0.62640  0.62761 
 22.74500  0.59747  0.59852 
 22.84500  0.56941  0.56882 
 22.94500  0.54229  0.53872 
 23.04500  0.51187  0.50840 
 23.14500  0.47239  0.47802 
 23.24500  0.44573  0.44781 
 23.34500  0.41821  0.41789 
 23.44500  0.38967  0.38847 
 23.54500  0.36088  0.35977 
 23.64500  0.33244  0.33188 
 23.74500  0.30525  0.30499 
 23.84500  0.27918  0.27927 
 23.94500  0.25480  0.25477 
 24.04500  0.23172  0.23168 
 24.14500  0.21028  0.21003 
 24.24500  0.19012  0.18994 
 24.34500  0.17167  0.17147 
 24.44500  0.15474  0.15467 
 24.54500  0.13985  0.13958 
 24.64500  0.12642  0.12624 
 24.74500  0.11490  0.11468 
 24.84500  0.10508  0.10489 
 24.94500  0.09707  0.09689 
 25.04500  0.09087  0.09068 
 25.14500  0.08643  0.08627 
 25.24500  0.08383  0.08366 
 25.34500  0.08299  0.08284 
 25.44500  0.08398  0.08383 
 25.54500  0.08677  0.08662 
 25.64500  0.09135  0.09119 
 25.74500  0.09772  0.09758 
 25.84500  0.10591  0.10575 
 25.94500  0.11594  0.11572 
 26.04500  0.12768  0.12747 
 26.14500  0.14112  0.14099 
 26.24500  0.15648  0.15624 
 26.34500  0.17344  0.17319 
 26.44500  0.19217  0.19183 
 26.54500  0.21224  0.21205 
 26.64500  0.23393  0.23386 
 26.74500  0.25710  0.25708 
 26.84500  0.28166  0.28170 
 26.94500  0.30775  0.30755 
 27.04500  0.33517  0.33454 
 27.14500  0.36372  0.36251 
 27.24500  0.39252  0.39130 
 27.34500  0.42090  0.42076 
 27.44500  0.44834  0.45072 
 27.54500  0.47492  0.48095 
 27.64500  0.51612  0.51134 
 27.74500  0.54487  0.54164 
 27.84500  0.57206  0.57171 
 27.94500  0.60033  0.60136 
 28.04500  0.62920  0.63039 
 28.14500  0.65792  0.65866 
 28.24500  0.68578  0.68602 
 28.34500  0.71233  0.71233 
 28.44500  0.73764  0.73742 
 28.54500  0.76122  0.76121 
 28.64500  0.78361  0.78363 
 28.74500  0.80445  0.80455 
 28.84500  0.82369  0.82394 
 28.94500  0.84149  0.84174 
 29.04500  0.85782  0.85788 
 29.14500  0.87224  0.87242 
 29.24500  0.88517  0.88523 
 29.34500  0.89620  0.89638 
 29.44500  0.90581  0.90584 
 29.54500  0.91346  0.91362 
 29.64500  0.91958  0.91974 
 29.74500  0.92399  0.92416 
 29.84500  0.92673  0.92694 
 29.94500  0.92780  0.92802 
 30.04500  0.92737  0.92744 
 30.14500  0.92511  0.92521 
 30.24500  0.92116  0.92129 
 30.34500  0.91561  0.91572 
 30.44500  0.90837  0.90847 
 30.54500  0.89948  0.89953 
 30.64500  0.88870  0.88894 
 30.74500  0.87644  0.87663 
 30.84500  0.86251  0.86266 
 30.94500  0.84687  0.84699 
 31.04500  0.82951  0.82974 
 31.14500  0.81062  0.81083 
 31.24500  0.79026  0.79038 
 31.34500  0.76840  0.76844 
 31.44500  0.74512  0.74507 
 31.54500  0.72043  0.72036 
 31.64500  0.69435  0.69443 
 31.74500  0.66679  0.66740 
 31.84500  0.63833  0.63941 
 31.94500  0.60947  0.61060 
 32.04500  0.58091  0.58112 
 32.14500  0.55343  0.55116 
 32.24500  0.52680  0.52091 
 32.34500  0.48642  0.49053 
 32.44500  0.45682  0.46021 
 32.54500  0.42976  0.43014 
 32.64500  0.40141  0.40053 
 32.74500  0.37278  0.37149 
 32.84500  0.34408  0.34325 
 32.94500  0.31625  0.31594 
 33.04500  0.28974  0.28972 
 33.14500  0.26457  0.26470 
 33.24500  0.24113  0.24101 
 33.34500  0.21883  0.21876 
 33.44500  0.19821  0.19803 
 33.54500  0.17923  0.17887 
 33.64500  0.16160  0.16139 
 33.74500  0.14590  0.14560 
 33.84500  0.13175  0.13154 
 33.94500  0.11952  0.11925 
 34.04500  0.10893  0.10870 
 34.14500  0.10021  0.09995 
 34.24500  0.09327  0.09301 
 34.34500  0.08811  0.08787 
 34.44500  0.08478  0.08451 
 34.54500  0.08317  0.08297 
 34.64500  0.08353  0.08320 
 34.74500  0.08548  0.08525 
 34.84500  0.08943  0.08910 
 34.94500  0.09506  0.09474 
 35.04500  0.10247  0.10217 
 35.14500  0.11160  0.11139 
 35.24500  0.12255  0.12241 
 35.34500  0.13542  0.13520 
 35.44500  0.15009  0.14975 
 35.54500  0.16628  0.16600 
 35.64500  0.18429  0.18394 
 35.74500  0.20371  0.20352 
 35.84500  0.22480  0.22468 
 35.94500  0.24742  0.24735 
 36.04500  0.27137  0.27142 
 36.14500  0.29687  0.29675 
 36.24500  0.32380  0.32329 
 36.34500  0.35194  0.35088 
 36.44500  0.38072  0.37937 
 36.54500  0.40931  0.40856 
 36.64500  0.43730  0.43830 
 36.74500  0.46408  0.46847 
 36.84500  0.49830  0.49882 
 36.94500  0.53404  0.52918 
 37.04500  0.56077  0.55939 
 37.14500  0.58867  0.58922 
 37.24500  0.61728  0.61853 
 37.34500  0.64618  0.64714 
 37.44500  0.67448  0.67489 
 37.54500  0.70149  0.70163 
 37.64500  0.72731  0.72723 
 37.74500  0.75165  0.75159 
 37.84500  0.77459  0.77457 
 37.94500  0.79597  0.79611 
 38.04500  0.81601  0.81616 
 38.14500  0.83437  0.83461 
 38.24500  0.85132  0.85145 
 38.34500  0.86641  0.86663 
 38.44500  0.88015  0.88016 
 38.54500  0.89191  0.89199 
 38.64500  0.90206  0.90216 
 38.74500  0.91052  0.91063 
 38.84500  0.91731  0.91743 
 38.94500  0.92233  0.92253 
 39.04500  0.92586  0.92598 
 39.14500  0.92767  0.92777 
 39.24500  0.92774  0.92788 
 39.34500  0.92629  0.92633 
 39.44500  0.92301  0.92312 
 39.54500  0.91813  0.91823 
 39.64500  0.91164  0.91165 
 39.74500  0.90341  0.90342 
 39.84500  0.89348  0.89350 
 39.94500  0.88184  0.88189 
 40.04500  0.86845  0.86862 
 40.14500  0.85363  0.85364 
 40.24500  0.83694  0.83704 
 40.34500  0.81867  0.81880 
 40.44500  0.79889  0.79901 
 40.54500  0.77768  0.77765 
 40.64500  0.75500  0.75486 
 40.74500  0.73087  0.73070 
 40.84500  0.70519  0.70526 
 40.94500  0.67840  0.67866 
 41.04500  0.65022  0.65106 
 41.14500  0.62133  0.62253 
 41.24500  0.59268  0.59332 
 41.34500  0.56462  0.56355 
 41.44500  0.53774  0.53339 
 41.54500  0.50450  0.50304 
 41.64500  0.46775  0.47268 
 41.74500  0.44109  0.44250 
 41.84500  0.41332  0.41266 
 41.94500  0.38472  0.38336 
 42.04500  0.35594  0.35478 
 42.14500  0.32772  0.32709 
 42.24500  0.30056  0.30038 
 42.34500  0.27493  0.27485 
 42.44500  0.25066  0.25061 
 42.54500  0.22796  0.22775 
 42.64500  0.20658  0.20636 
 42.74500  0.18691  0.18659 
 42.84500  0.16869  0.16839 
 42.94500  0.15215  0.15189 
 43.04500  0.13741  0.13711 
 43.14500  0.12430  0.12409 
 43.24500  0.11309  0.11282 
 43.34500  0.10362  0.10335 
 43.44500  0.09589  0.09564 
 43.54500  0.09013  0.08976 
 43.64500  0.08592  0.08567 
 43.74500  0.08360  0.08337 
 43.84500  0.08319  0.08290 
 43.94500  0.08453  0.08419 
 44.04500  0.08767  0.08728 
 44.14500  0.09235  0.09219 
 44.24500  0.09919  0.09890 
 44.34500  0.10765  0.10737 
 44.44500  0.11791  0.11764 
 44.54500  0.12993  0.12971 
 44.64500  0.14386  0.14353 
 44.74500  0.15953  0.15910 
 44.84500  0.17665  0.17636 
 44.94500  0.19550  0.19527 
 45.04500  0.21603  0.21579 
 45.14500  0.23800  0.23783 
 45.24500  0.26140  0.26134 
 45.34500  0.28622  0.28617 
 45.44500  0.31259  0.31224 
 45.54500  0.34020  0.33939 
 45.64500  0.36882  0.36752 
 45.74500  0.39762  0.39645 
 45.84500  0.42594  0.42600 
 45.94500  0.45323  0.45603 
 46.04500  0.48044  0.48630 
 46.14500  0.52324  0.51668 
 46.24500  0.54972  0.54697 
 46.34500  0.57704  0.57697 
 46.44500  0.60554  0.60654 
 46.54500  0.63436  0.63545 
 46.64500  0.66300  0.66358 
 46.74500  0.69061  0.69076 
 46.84500  0.71699  0.71683 
 46.94500  0.74178  0.74172 
 47.04500  0.76523  0.76529 
 47.14500  0.78737  0.78744 
 47.24500  0.80797  0.80808 
 47.34500  0.82701  0.82720 
 47.44500  0.84455  0.84469 
 47.54500  0.86041  0.86058 
 47.64500  0.87462  0.87478 
 47.74500  0.88715  0.88733 
 47.84500  0.89808  0.89816 
 47.94500  0.90728  0.90733 
 48.04500  0.91470  0.91483 
 48.14500  0.92051  0.92063 
 48.24500  0.92474  0.92478 
 48.34500  0.92714  0.92723 
 48.44500  0.92793  0.92803 
 48.54500  0.92700  0.92717 
 48.64500  0.92457  0.92464 
 48.74500  0.92031  0.92046 
 48.84500  0.91446  0.91458 
 48.94500  0.90694  0.90702 
 49.04500  0.89772  0.89780 
 49.14500  0.88683  0.88689 
 49.24500  0.87420  0.87428 
 49.34500  0.85989  0.86001 
 49.44500  0.84394  0.84407 
 49.54500  0.82633  0.82650 
 49.64500  0.80726  0.80734 
 49.74500  0.78653  0.78663 
 49.84500  0.76448  0.76441 
 49.94500  0.74090  0.74081 
 50.04500  0.71589  0.71587 
 50.14500  0.68949  0.68976 
 50.24500  0.66187  0.66253 
 50.34500  0.63336  0.63438 
 50.44500  0.60439  0.60544 
 50.54500  0.57604  0.57587 
 50.64500  0.54859  0.54584 
 50.74500  0.52204  0.51555 
 50.84500  0.47897  0.48516 
 50.94500  0.45210  0.45488 
 51.04500  0.42490  0.42488 
 51.14500  0.39659  0.39534 
 51.24500  0.36771  0.36646 
 51.34500  0.33915  0.33837 
 51.44500  0.31157  0.31125 
 51.54500  0.28530  0.28520 
 51.64500  0.26044  0.26043 
 51.74500  0.23717  0.23700 
 51.84500  0.21530  0.21500 
 51.94500  0.19491  0.19453 
 52.04500  0.17598  0.17568 
 52.14500  0.15882  0.15848 
 52.24500  0.14324  0.14297 
 52.34500  0.12958  0.12922 
 52.44500  0.11750  0.11724 
 52.54500  0.10739  0.10702 
 52.64500  0.09889  0.09861 
 52.74500  0.09218  0.09198 
 52.84500  0.08740  0.08715 
 52.94500  0.08443  0.08411 
 53.04500  0.08322  0.08287 
 53.14500  0.08371  0.08344 
 53.24500  0.08606  0.08581 
 53.34500  0.09033  0.08995 
 53.44500  0.09622  0.09590 
 53.54500  0.10398  0.10367 
 53.64500  0.11351  0.11321 
 53.74500  0.12485  0.12454 
 53.84500  0.13801  0.13765 
 53.94500  0.15280  0.15248 
 54.04500  0.16944  0.16905 
 54.14500  0.18769  0.18729 
 54.24500  0.20736  0.20714 
 54.34500  0.22880  0.22857 
 54.44500  0.25164  0.25149 
 54.54500  0.27591  0.27578 
 54.64500  0.30164  0.30136 
 54.74500  0.32872  0.32811 
 54.84500  0.35699  0.35584 
 54.94500  0.38586  0.38445 
 55.04500  0.41446  0.41377 
 55.14500  0.44210  0.44361 
 55.24500  0.46889  0.47382 
 55.34500  0.50619  0.50418 
 55.44500  0.53874  0.53452 
 55.54500  0.56567  0.56469 
 55.64500  0.59380  0.59443 
 55.74500  0.62263  0.62363 
 55.84500  0.65128  0.65209 
 55.94500  0.67945  0.67968 
 56.04500  0.70626  0.70624 
 56.14500  0.73182  0.73161 
 56.24500  0.75586  0.75574 
 56.34500  0.77846  0.77847 
 56.44500  0.79975  0.79975 
 56.54500  0.81945  0.81951 
 56.64500  0.83760  0.83768 
 56.74500  0.85410  0.85423 
 56.84500  0.86906  0.86914 
 56.94500  0.88232  0.88238 
 57.04500  0.89380  0.89391 
 57.14500  0.90379  0.90377 
 57.24500  0.91187  0.91193 
 57.34500  0.91835  0.91843 
 57.44500  0.92323  0.92326 
 57.54500  0.92634  0.92643 
 57.64500  0.92790  0.92791 
 57.74500  0.92766  0.92771 
 57.84500  0.92575  0.92588 
 57.94500  0.92219  0.92238 
 58.04500  0.91701  0.91721 
 58.14500  0.91028  0.91033 
 58.24500  0.90174  0.90181 
 58.34500  0.89143  0.89159 
 58.44500  0.87963  0.87967 
 58.54500  0.86604  0.86609 
 58.64500  0.85066  0.85084 
 58.74500  0.83383  0.83393 
 58.84500  0.81524  0.81541 
 58.94500  0.79524  0.79532 
 59.04500  0.77374  0.77373 
 59.14500  0.75086  0.75068 
 59.24500  0.72642  0.72629 
 59.34500  0.70061  0.70062 
 59.44500  0.67339  0.67382 
 59.54500  0.64509  0.64603 
 59.64500  0.61620  0.61734 
 59.74500  0.58749  0.58800 
 59.84500  0.55965  0.55809 
 59.94500  0.53278  0.52785 
 60.04500  0.49637  0.49740 
 60.14500  0.46278  0.46699 
 60.24500  0.43573  0.43673 
 60.34500  0.40761  0.40683 
 60.44500  0.37886  0.37747 
 60.54500  0.34978  0.34879 
 60.64500  0.32138  0.32095 
 60.74500  0.29426  0.29409 
 60.84500  0.26825  0.26829 
 60.94500  0.24360  0.24372 
 61.04500  0.22049  0.22038 
 61.14500  0.19865  0.19841 
 61.24500  0.17806  0.17777 
 61.34500  0.15880  0.15857 
 61.44500  0.14112  0.14079 
 61.54500  0.12467  0.12439 
 61.64500  0.10964  0.10939 
 61.74500  0.09593  0.09573 
 61.84500  0.08358  0.08337 
 61.94500  0.07241  0.07226 
 62.04500  0.06249  0.06231 
 62.14500  0.05362  0.05347 
 62.24500  0.04583  0.04564 
 62.34500  0.03897  0.03877 
 62.44500  0.03293  0.03277 
 62.54500  0.02772  0.02757 
 62.64500  0.02321  0.02305 
 62.74500  0.01939  0.01917 
 62.84500  0.01611  0.01587 
 62.94500  0.01329  0.01307 
 63.04500  0.01093  0.01073 
 63.14500  0.00897  0.00874 
 63.24500  0.00729  0.00708 
 63.34500  0.00595  0.00572 
 63.44500  0.00483  0.00457 
 63.54500  0.00395  0.00368 
 63.64500  0.00311  0.00293 
 63.74500  0.00254  0.00233 
 63.84500  0.00215  0.00185 
 63.94500  0.00161  0.00148 
 64.04500  0.00128  0.00120 
 64.14500  0.00131  0.00099 
 64.24500  0.00112  0.00084 
 64.34500  0.00107  0.00076 
