  0.04500  0.99998  1.00000 
  0.14500  0.99997  1.00000 
  0.24500  0.99997  1.00000 
  0.34500  0.99997  1.00000 
  0.44500  0.99997  1.00000 
  0.54500  0.99997  1.00000 
  0.64500  0.99997  1.00000 
  0.74500  0.99998  1.00000 
  0.84500  0.99998  1.00000 
  0.94500  0.99998  1.00000 
  1.04500  0.99997  1.00000 
  1.14500  0.99997  1.00000 
  1.24500  0.99997  1.00000 
  1.34500  0.99997  1.00000 
  1.44500  0.99998  1.00000 
  1.54500  0.99998  1.00000 
  1.64500  0.99997  1.00000 
  1.74500  0.99997  1.00000 
  1.84500  0.99998  1.00000 
  1.94500  0.99997  1.00000 
  2.04500  0.99999  1.00000 
  2.14500  0.99999  1.00000 
  2.24500  0.99997  1.00000 
  2.34500  0.99998  1.00000 
  2.44500  0.99998  1.00000 
  2.54500  0.99994  1.00000 
  2.64500  0.99993  0.99996 
  2.74500  0.99988  0.99990 
  2.84500  0.99981  0.99983 
  2.94500  0.99968  0.99968 
  3.04500  0.99942  0.99944 
  3.14500  0.99899  0.99902 
  3.24500  0.99830  0.99832 
  3.34500  0.99722  0.99722 
  3.44500  0.99553  0.99548 
  3.54500  0.99295  0.99285 
  3.64500  0.98905  0.98892 
  3.74500  0.98342  0.98326 
  3.84500  0.97541  0.97528 
  3.94500  0.96440  0.96431 
  4.04500  0.94962  0.94965 
  4.14500  0.93039  0.93054 
  4.24500  0.90616  0.90629 
  4.34500  0.87644  0.87629 
  4.44500  0.84083  0.84017 
  4.54500  0.79907  0.79776 
  4.64500  0.75087  0.74921 
  4.74500  0.69614  0.69512 
  4.84500  0.63529  0.63641 
  4.94500  0.56940  0.57428 
  5.04500  0.50776  0.51024 
  5.14500  0.45225  0.44596 
  5.24500  0.38522  0.38306 
  5.34500  0.32257  0.32313 
  5.44500  0.26583  0.26745 
  5.54500  0.21555  0.21708 
  5.64500  0.17175  0.17266 
  5.74500  0.13422  0.13452 
  5.84500  0.10264  0.10261 
  5.94500  0.07671  0.07658 
  6.04500  0.05599  0.05591 
  6.14500  0.03986  0.03993 
  6.24500  0.02771  0.02786 
  6.34500  0.01883  0.01901 
  6.44500  0.01249  0.01268 
  6.54500  0.00811  0.00824 
  6.64500  0.00517  0.00524 
  6.74500  0.00322  0.00327 
  6.84500  0.00198  0.00199 
  6.94500  0.00121  0.00122 
  7.04500  0.00078  0.00076 
  7.14500  0.00050  0.00054 
  7.24500  0.00045  0.00050 
  7.34500  0.00064  0.00065 
  7.44500  0.00099  0.00100 
  7.54500  0.00164  0.00161 
  7.64500  0.00266  0.00267 
  7.74500  0.00426  0.00433 
  7.84500  0.00675  0.00688 
  7.94500  0.01048  0.01066 
  8.04500  0.01595  0.01613 
  8.14500  0.02369  0.02388 
  8.24500  0.03443  0.03454 
  8.34500  0.04885  0.04884 
  8.44500  0.06759  0.06749 
  8.54500  0.09137  0.09125 
  8.64500  0.12056  0.12070 
  8.74500  0.15561  0.15626 
  8.84500  0.19682  0.19811 
  8.94500  0.24443  0.24609 
  9.04500  0.29854  0.29970 
  9.14500  0.35886  0.35804 
  9.24500  0.42435  0.41992 
  9.34500  0.48776  0.48382 
  9.44500  0.54143  0.54816 
  9.54500  0.60878  0.61126 
  9.64500  0.67190  0.67154 
  9.74500  0.72919  0.72766 
  9.84500  0.78008  0.77854 
  9.94500  0.82445  0.82353 
 10.04500  0.86257  0.86226 
 10.14500  0.89468  0.89471 
 10.24500  0.92109  0.92127 
 10.34500  0.94230  0.94238 
 10.44500  0.95881  0.95879 
 10.54500  0.97131  0.97119 
 10.64500  0.98046  0.98028 
 10.74500  0.98699  0.98684 
 10.84500  0.99153  0.99142 
 10.94500  0.99460  0.99452 
 11.04500  0.99662  0.99660 
 11.14500  0.99791  0.99793 
 11.24500  0.99875  0.99876 
 11.34500  0.99922  0.99927 
 11.44500  0.99955  0.99954 
 11.54500  0.99967  0.99968 
 11.64500  0.99968  0.99970 
 11.74500  0.99958  0.99957 
 11.84500  0.99931  0.99934 
 11.94500  0.99887  0.99888 
 12.04500  0.99811  0.99814 
 12.14500  0.99693  0.99692 
 12.24500  0.99509  0.99501 
 12.34500  0.99225  0.99214 
 12.44500  0.98805  0.98790 
 12.54500  0.98197  0.98180 
 12.64500  0.97339  0.97326 
 12.74500  0.96163  0.96159 
 12.84500  0.94598  0.94603 
 12.94500  0.92580  0.92592 
 13.04500  0.90043  0.90052 
 13.14500  0.86949  0.86927 
 13.24500  0.83266  0.83181 
 13.34500  0.78952  0.78812 
 13.44500  0.73998  0.73836 
 13.54500  0.68393  0.68322 
 13.64500  0.62188  0.62368 
 13.74500  0.55523  0.56103 
 13.84500  0.49756  0.49680 
 13.94500  0.43802  0.43269 
 14.04500  0.37168  0.37027 
 14.14500  0.31020  0.31111 
 14.24500  0.25480  0.25646 
 14.34500  0.20586  0.20730 
 14.44500  0.16342  0.16417 
 14.54500  0.12714  0.12736 
 14.64500  0.09678  0.09671 
 14.74500  0.07198  0.07184 
 14.84500  0.05226  0.05223 
 14.94500  0.03702  0.03710 
 15.04500  0.02559  0.02577 
 15.14500  0.01731  0.01751 
 15.24500  0.01144  0.01161 
 15.34500  0.00739  0.00752 
 15.44500  0.00467  0.00476 
 15.54500  0.00292  0.00293 
 15.64500  0.00176  0.00177 
 15.74500  0.00105  0.00105 
 15.84500  0.00060  0.00060 
 15.94500  0.00032  0.00034 
 16.04500  0.00019  0.00021 
 16.14500  0.00011  0.00011 
 16.24500  0.00011  0.00010 
 16.34500  0.00015  0.00016 
 16.44500  0.00024  0.00025 
 16.54500  0.00043  0.00045 
 16.64500  0.00080  0.00078 
 16.74500  0.00134  0.00134 
 16.84500  0.00225  0.00227 
 16.94500  0.00365  0.00370 
 17.04500  0.00583  0.00593 
 17.14500  0.00912  0.00928 
 17.24500  0.01396  0.01417 
 17.34500  0.02090  0.02109 
 17.44500  0.03060  0.03075 
 17.54500  0.04377  0.04379 
 17.64500  0.06105  0.06095 
 17.74500  0.08313  0.08298 
 17.84500  0.11054  0.11054 
 17.94500  0.14365  0.14411 
 18.04500  0.18283  0.18392 
 18.14500  0.22836  0.22997 
 18.24500  0.28039  0.28184 
 18.34500  0.33879  0.33878 
 18.44500  0.40277  0.39966 
 18.54500  0.47066  0.46308 
 18.64500  0.52059  0.52747 
 18.74500  0.58741  0.59116 
 18.84500  0.65212  0.65249 
 18.94500  0.71138  0.71007 
 19.04500  0.76437  0.76275 
 19.14500  0.81084  0.80969 
 19.24500  0.85094  0.85045 
 19.34500  0.88494  0.88491 
 19.44500  0.91315  0.91332 
 19.54500  0.93601  0.93611 
 19.64500  0.95397  0.95396 
 19.74500  0.96766  0.96756 
 19.84500  0.97783  0.97766 
 19.94500  0.98512  0.98499 
 20.04500  0.99022  0.99012 
 20.14500  0.99375  0.99366 
 20.24500  0.99605  0.99603 
 20.34500  0.99754  0.99757 
 20.44500  0.99852  0.99855 
 20.54500  0.99913  0.99914 
 20.64500  0.99951  0.99951 
 20.74500  0.99972  0.99974 
 20.84500  0.99983  0.99986 
 20.94500  0.99990  0.99990 
 21.04500  0.99994  0.99997 
 21.14500  0.99994  1.00000 
 21.24500  0.99994  1.00000 
 21.34500  0.99994  0.99997 
 21.44500  0.99989  0.99990 
 21.54500  0.99982  0.99985 
 21.64500  0.99970  0.99972 
 21.74500  0.99947  0.99950 
 21.84500  0.99909  0.99910 
 21.94500  0.99844  0.99848 
 22.04500  0.99744  0.99745 
 22.14500  0.99589  0.99586 
 22.24500  0.99349  0.99341 
 22.34500  0.98986  0.98974 
 22.44500  0.98458  0.98441 
 22.54500  0.97704  0.97688 
 22.64500  0.96659  0.96652 
 22.74500  0.95255  0.95256 
 22.84500  0.93420  0.93431 
 22.94500  0.91089  0.91104 
 23.04500  0.88219  0.88211 
 23.14500  0.84764  0.84707 
 23.24500  0.80700  0.80576 
 23.34500  0.75994  0.75831 
 23.44500  0.70640  0.70515 
 23.54500  0.64656  0.64717 
 23.64500  0.58148  0.58557 
 23.74500  0.51636  0.52177 
 23.84500  0.46453  0.45740 
 23.94500  0.39690  0.39414 
 24.04500  0.33336  0.33353 
 24.14500  0.27550  0.27702 
 24.24500  0.22404  0.22565 
 24.34500  0.17912  0.18014 
 24.44500  0.14048  0.14087 
 24.54500  0.10786  0.10786 
 24.64500  0.08095  0.08082 
 24.74500  0.05930  0.05925 
 24.84500  0.04243  0.04247 
 24.94500  0.02962  0.02977 
 25.04500  0.02019  0.02039 
 25.14500  0.01346  0.01363 
 25.24500  0.00876  0.00894 
 25.34500  0.00560  0.00569 
 25.44500  0.00350  0.00356 
 25.54500  0.00214  0.00217 
 25.64500  0.00130  0.00129 
 25.74500  0.00077  0.00077 
 25.84500  0.00043  0.00046 
 25.94500  0.00027  0.00030 
 26.04500  0.00022  0.00023 
 26.14500  0.00028  0.00030 
 26.24500  0.00041  0.00046 
 26.34500  0.00075  0.00074 
 26.44500  0.00127  0.00127 
 26.54500  0.00212  0.00215 
 26.64500  0.00345  0.00350 
 26.74500  0.00553  0.00560 
 26.84500  0.00864  0.00879 
 26.94500  0.01327  0.01346 
 27.04500  0.01993  0.02011 
 27.14500  0.02927  0.02941 
 27.24500  0.04194  0.04198 
 27.34500  0.05869  0.05862 
 27.44500  0.08015  0.08003 
 27.54500  0.10690  0.10687 
 27.64500  0.13929  0.13967 
 27.74500  0.17773  0.17873 
 27.84500  0.22247  0.22404 
 27.94500  0.27369  0.27524 
 28.04500  0.33133  0.33161 
 28.14500  0.39473  0.39209 
 28.24500  0.46221  0.45527 
 28.34500  0.51482  0.51963 
 28.44500  0.57923  0.58348 
 28.54500  0.64448  0.64520 
 28.64500  0.70453  0.70331 
 28.74500  0.75827  0.75662 
 28.84500  0.80553  0.80430 
 28.94500  0.84640  0.84584 
 29.04500  0.88113  0.88104 
 29.14500  0.91002  0.91017 
 29.24500  0.93349  0.93364 
 29.34500  0.95201  0.95204 
 29.44500  0.96621  0.96612 
 29.54500  0.97678  0.97660 
 29.64500  0.98437  0.98420 
 29.74500  0.98972  0.98959 
 29.84500  0.99336  0.99331 
 29.94500  0.99581  0.99578 
 30.04500  0.99742  0.99740 
 30.14500  0.99841  0.99844 
 30.24500  0.99904  0.99908 
 30.34500  0.99943  0.99944 
 30.44500  0.99963  0.99964 
 30.54500  0.99968  0.99970 
 30.64500  0.99964  0.99965 
 30.74500  0.99946  0.99947 
 30.84500  0.99909  0.99911 
 30.94500  0.99846  0.99850 
 31.04500  0.99750  0.99751 
 31.14500  0.99598  0.99596 
 31.24500  0.99364  0.99357 
 31.34500  0.99012  0.98998 
 31.44500  0.98494  0.98479 
 31.54500  0.97755  0.97740 
 31.64500  0.96728  0.96720 
 31.74500  0.95345  0.95347 
 31.84500  0.93535  0.93548 
 31.94500  0.91237  0.91249 
 32.04500  0.88395  0.88390 
 32.14500  0.84976  0.84926 
 32.24500  0.80946  0.80829 
 32.34500  0.76280  0.76117 
 32.44500  0.70960  0.70831 
 32.54500  0.65011  0.65059 
 32.64500  0.58528  0.58914 
 32.74500  0.51920  0.52541 
 32.84500  0.46843  0.46104 
 32.94500  0.40066  0.39769 
 33.04500  0.33682  0.33689 
 33.14500  0.27863  0.28012 
 33.24500  0.22681  0.22841 
 33.34500  0.18150  0.18257 
 33.44500  0.14251  0.14294 
 33.54500  0.10954  0.10957 
 33.64500  0.08233  0.08221 
 33.74500  0.06041  0.06034 
 33.84500  0.04327  0.04332 
 33.94500  0.03023  0.03039 
 34.04500  0.02064  0.02084 
 34.14500  0.01378  0.01397 
 34.24500  0.00899  0.00914 
 34.34500  0.00578  0.00584 
 34.44500  0.00360  0.00366 
 34.54500  0.00222  0.00226 
 34.64500  0.00135  0.00136 
 34.74500  0.00084  0.00084 
 34.84500  0.00056  0.00057 
 34.94500  0.00045  0.00050 
 35.04500  0.00059  0.00059 
 35.14500  0.00088  0.00089 
 35.24500  0.00144  0.00144 
 35.34500  0.00237  0.00238 
 35.44500  0.00381  0.00386 
 35.54500  0.00607  0.00619 
 35.64500  0.00948  0.00965 
 35.74500  0.01447  0.01466 
 35.84500  0.02165  0.02182 
 35.94500  0.03159  0.03174 
 36.04500  0.04505  0.04512 
 36.14500  0.06273  0.06266 
 36.24500  0.08527  0.08517 
 36.34500  0.11317  0.11321 
 36.44500  0.14683  0.14730 
 36.54500  0.18655  0.18768 
 36.64500  0.23262  0.23426 
 36.74500  0.28522  0.28663 
 36.84500  0.34415  0.34393 
 36.94500  0.40853  0.40509 
 37.04500  0.47619  0.46867 
 37.14500  0.52530  0.53305 
 37.24500  0.59321  0.59661 
 37.34500  0.65750  0.65768 
 37.44500  0.71625  0.71488 
 37.54500  0.76867  0.76709 
 37.64500  0.81460  0.81349 
 37.74500  0.85413  0.85368 
 37.84500  0.88762  0.88762 
 37.94500  0.91539  0.91550 
 38.04500  0.93776  0.93787 
 38.14500  0.95530  0.95531 
 38.24500  0.96869  0.96858 
 38.34500  0.97856  0.97839 
 38.44500  0.98565  0.98549 
 38.54500  0.99061  0.99047 
 38.64500  0.99397  0.99391 
 38.74500  0.99620  0.99618 
 38.84500  0.99766  0.99767 
 38.94500  0.99857  0.99861 
 39.04500  0.99917  0.99919 
 39.14500  0.99953  0.99954 
 39.24500  0.99973  0.99975 
 39.34500  0.99983  0.99987 
 39.44500  0.99990  0.99990 
 39.54500  0.99994  0.99998 
 39.64500  0.99994  1.00000 
 39.74500  0.99993  1.00000 
 39.84500  0.99993  0.99996 
 39.94500  0.99989  0.99990 
 40.04500  0.99981  0.99984 
 40.14500  0.99969  0.99970 
 40.24500  0.99944  0.99947 
 40.34500  0.99904  0.99906 
 40.44500  0.99837  0.99841 
 40.54500  0.99732  0.99735 
 40.64500  0.99572  0.99567 
 40.74500  0.99322  0.99312 
 40.84500  0.98949  0.98934 
 40.94500  0.98401  0.98387 
 41.04500  0.97627  0.97612 
 41.14500  0.96554  0.96546 
 41.24500  0.95112  0.95116 
 41.34500  0.93237  0.93250 
 41.44500  0.90859  0.90875 
 41.54500  0.87939  0.87930 
 41.64500  0.84435  0.84374 
 41.74500  0.80314  0.80189 
 41.84500  0.75554  0.75390 
 41.94500  0.70143  0.70030 
 42.04500  0.64108  0.64195 
 42.14500  0.57561  0.58008 
 42.24500  0.51219  0.51616 
 42.34500  0.45853  0.45183 
 42.44500  0.39118  0.38873 
 42.54500  0.32807  0.32846 
 42.64500  0.27076  0.27233 
 42.74500  0.21989  0.22146 
 42.84500  0.17551  0.17647 
 42.94500  0.13739  0.13774 
 43.04500  0.10529  0.10529 
 43.14500  0.07886  0.07872 
 43.24500  0.05767  0.05761 
 43.34500  0.04115  0.04121 
 43.44500  0.02866  0.02881 
 43.54500  0.01951  0.01972 
 43.64500  0.01298  0.01316 
 43.74500  0.00843  0.00858 
 43.84500  0.00538  0.00548 
 43.94500  0.00334  0.00340 
 44.04500  0.00205  0.00206 
 44.14500  0.00123  0.00123 
 44.24500  0.00072  0.00071 
 44.34500  0.00036  0.00040 
 44.44500  0.00020  0.00023 
 44.54500  0.00010  0.00012 
 44.64500  0.00007  0.00010 
 44.74500  0.00002  0.00010 
 44.84500  0.00006  0.00010 
 44.94500  0.00009  0.00010 
 45.04500  0.00016  0.00018 
 45.14500  0.00029  0.00032 
 45.24500  0.00056  0.00056 
 45.34500  0.00099  0.00101 
 45.44500  0.00168  0.00168 
 45.54500  0.00279  0.00281 
 45.64500  0.00449  0.00455 
 45.74500  0.00708  0.00722 
 45.84500  0.01101  0.01116 
 45.94500  0.01667  0.01688 
 46.04500  0.02474  0.02491 
 46.14500  0.03586  0.03594 
 46.24500  0.05069  0.05068 
 46.34500  0.06998  0.06988 
 46.44500  0.09431  0.09426 
 46.54500  0.12416  0.12435 
 46.64500  0.15989  0.16060 
 46.74500  0.20180  0.20316 
 46.84500  0.25014  0.25181 
 46.94500  0.30497  0.30599 
 47.04500  0.36593  0.36479 
 47.14500  0.43188  0.42697 
 47.24500  0.49326  0.49100 
 47.34500  0.54905  0.55527 
 47.44500  0.61605  0.61815 
 47.54500  0.67856  0.67803 
 47.64500  0.73519  0.73361 
 47.74500  0.78535  0.78387 
 47.84500  0.82902  0.82814 
 47.94500  0.86646  0.86616 
 48.04500  0.89789  0.89797 
 48.14500  0.92371  0.92387 
 48.24500  0.94438  0.94444 
 48.34500  0.96038  0.96033 
 48.44500  0.97247  0.97235 
 48.54500  0.98130  0.98113 
 48.64500  0.98759  0.98745 
 48.74500  0.99193  0.99182 
 48.84500  0.99486  0.99480 
 48.94500  0.99680  0.99677 
 49.04500  0.99803  0.99805 
 49.14500  0.99881  0.99882 
 49.24500  0.99926  0.99931 
 49.34500  0.99957  0.99956 
 49.44500  0.99968  0.99970 
 49.54500  0.99967  0.99969 
 49.64500  0.99956  0.99956 
 49.74500  0.99927  0.99929 
 49.84500  0.99879  0.99882 
 49.94500  0.99800  0.99803 
 50.04500  0.99675  0.99674 
 50.14500  0.99481  0.99476 
 50.24500  0.99185  0.99174 
 50.34500  0.98746  0.98732 
 50.44500  0.98114  0.98098 
 50.54500  0.97224  0.97213 
 50.64500  0.96008  0.96005 
 50.74500  0.94398  0.94404 
 50.84500  0.92323  0.92335 
 50.94500  0.89727  0.89734 
 51.04500  0.86569  0.86541 
 51.14500  0.82814  0.82727 
 51.24500  0.78435  0.78284 
 51.34500  0.73405  0.73245 
 51.44500  0.67729  0.67676 
 51.54500  0.61465  0.61682 
 51.64500  0.54758  0.55391 
 51.74500  0.49213  0.48961 
 51.84500  0.43043  0.42560 
 51.94500  0.36456  0.36349 
 52.04500  0.30372  0.30478 
 52.14500  0.24901  0.25069 
 52.24500  0.20083  0.20218 
 52.34500  0.15906  0.15976 
 52.44500  0.12347  0.12363 
 52.54500  0.09373  0.09364 
 52.64500  0.06953  0.06941 
 52.74500  0.05033  0.05034 
 52.84500  0.03557  0.03569 
 52.94500  0.02454  0.02471 
 53.04500  0.01654  0.01674 
 53.14500  0.01091  0.01107 
 53.24500  0.00702  0.00715 
 53.34500  0.00444  0.00452 
 53.44500  0.00275  0.00278 
 53.54500  0.00167  0.00168 
 53.64500  0.00099  0.00100 
 53.74500  0.00058  0.00059 
 53.84500  0.00034  0.00035 
 53.94500  0.00024  0.00027 
 54.04500  0.00024  0.00026 
 54.14500  0.00033  0.00035 
 54.24500  0.00056  0.00058 
 54.34500  0.00096  0.00097 
 54.44500  0.00164  0.00167 
 54.54500  0.00271  0.00274 
 54.64500  0.00437  0.00443 
 54.74500  0.00694  0.00703 
 54.84500  0.01073  0.01090 
 54.94500  0.01631  0.01648 
 55.04500  0.02421  0.02439 
 55.14500  0.03513  0.03523 
 55.24500  0.04975  0.04972 
 55.34500  0.06876  0.06866 
 55.44500  0.09281  0.09269 
 55.54500  0.12232  0.12248 
 55.64500  0.15769  0.15838 
 55.74500  0.19923  0.20058 
 55.84500  0.24719  0.24888 
 55.94500  0.30168  0.30277 
 56.04500  0.36233  0.36135 
 56.14500  0.42804  0.42336 
 56.24500  0.49045  0.48736 
 56.34500  0.54516  0.55165 
 56.44500  0.61233  0.61463 
 56.54500  0.67515  0.67472 
 56.64500  0.73216  0.73058 
 56.74500  0.78266  0.78115 
 56.84500  0.82672  0.82579 
 56.94500  0.86447  0.86416 
 57.04500  0.89624  0.89632 
 57.14500  0.92238  0.92254 
 57.24500  0.94333  0.94340 
 57.34500  0.95959  0.95956 
 57.44500  0.97190  0.97175 
 57.54500  0.98088  0.98070 
 57.64500  0.98728  0.98713 
 57.74500  0.99172  0.99162 
 57.84500  0.99471  0.99467 
 57.94500  0.99669  0.99666 
 58.04500  0.99794  0.99795 
 58.14500  0.99870  0.99874 
 58.24500  0.99915  0.99918 
 58.34500  0.99936  0.99937 
 58.44500  0.99931  0.99934 
 58.54500  0.99906  0.99909 
 58.64500  0.99855  0.99857 
 58.74500  0.99766  0.99768 
 58.84500  0.99625  0.99623 
 58.94500  0.99406  0.99398 
 59.04500  0.99070  0.99059 
 59.14500  0.98582  0.98565 
 59.24500  0.97878  0.97862 
 59.34500  0.96900  0.96890 
 59.44500  0.95572  0.95572 
 59.54500  0.93830  0.93840 
 59.64500  0.91605  0.91621 
 59.74500  0.88846  0.88846 
 59.84500  0.85513  0.85470 
 59.94500  0.81576  0.81467 
 60.04500  0.77002  0.76842 
 60.14500  0.71781  0.71635 
 60.24500  0.65919  0.65930 
 60.34500  0.59502  0.59831 
 60.44500  0.52705  0.53483 
 60.54500  0.47769  0.47043 
 60.64500  0.41037  0.40682 
 60.74500  0.34584  0.34556 
 60.84500  0.28675  0.28812 
 60.94500  0.23395  0.23561 
 61.04500  0.18772  0.18886 
 61.14500  0.14783  0.14833 
 61.24500  0.11401  0.11408 
 61.34500  0.08599  0.08586 
 61.44500  0.06332  0.06322 
 61.54500  0.04550  0.04551 
 61.64500  0.03190  0.03205 
 61.74500  0.02187  0.02204 
 61.84500  0.01465  0.01483 
 61.94500  0.00959  0.00974 
 62.04500  0.00614  0.00624 
 62.14500  0.00385  0.00392 
 62.24500  0.00237  0.00240 
 62.34500  0.00144  0.00143 
 62.44500  0.00084  0.00083 
 62.54500  0.00045  0.00048 
 62.64500  0.00025  0.00026 
 62.74500  0.00014  0.00014 
 62.84500  0.00007  0.00010 
 62.94500  0.00004  0.00001 
 63.04500  0.00002  0.00000 
 63.14500 -0.00001  0.00000 
 63.24500 -0.00001  0.00000 
 63.34500 -0.00000  0.00000 
 63.44500 -0.00002  0.00000 
 63.54500 -0.00001  0.00000 
 63.64500  0.00000  0.00000 
 63.74500 -0.00000  0.00000 
 63.84500  0.00000  0.00000 
 63.94500 -0.00000  0.00000 
 64.04500 -0.00001  0.00000 
 64.14500 -0.00000  0.00000 
 64.24500  0.00000  0.00000 
 64.34500 -0.00000  0.00000 
 64.44500  0.00000  0.00000 
 64.54500  0.00000  0.00000 
 64.64500 -0.00001  0.00000 
 64.74500 -0.00001  0.00000 
 64.84500 -0.00001  0.00000 
