  0.04500  0.58156  0.58150 
  0.14500  0.58155  0.58150 
  0.24500  0.58155  0.58150 
  0.34500  0.58156  0.58150 
  0.44500  0.58155  0.58150 
  0.54500  0.58154  0.58150 
  0.64500  0.58148  0.58150 
  0.74500  0.58145  0.58149 
  0.84500  0.58144  0.58140 
  0.94500  0.58145  0.58140 
  1.04500  0.58139  0.58140 
  1.14500  0.58134  0.58133 
  1.24500  0.58133  0.58130 
  1.34500  0.58130  0.58130 
  1.44500  0.58122  0.58120 
  1.54500  0.58120  0.58120 
  1.64500  0.58114  0.58112 
  1.74500  0.58111  0.58110 
  1.84500  0.58104  0.58101 
  1.94500  0.58097  0.58098 
  2.04500  0.58093  0.58090 
  2.14500  0.58086  0.58084 
  2.24500  0.58079  0.58079 
  2.34500  0.58073  0.58070 
  2.44500  0.58065  0.58063 
  2.54500  0.58059  0.58057 
  2.64500  0.58051  0.58049 
  2.74500  0.58041  0.58040 
  2.84500  0.58034  0.58031 
  2.94500  0.58026  0.58023 
  3.04500  0.58014  0.58014 
  3.14500  0.58007  0.58005 
  3.24500  0.57998  0.57996 
  3.34500  0.57988  0.57986 
  3.44500  0.57977  0.57976 
  3.54500  0.57967  0.57965 
  3.64500  0.57955  0.57955 
  3.74500  0.57944  0.57944 
  3.84500  0.57934  0.57933 
  3.94500  0.57922  0.57921 
  4.04500  0.57911  0.57908 
  4.14500  0.57899  0.57897 
  4.24500  0.57887  0.57885 
  4.34500  0.57874  0.57873 
  4.44500  0.57862  0.57859 
  4.54500  0.57847  0.57846 
  4.64500  0.57835  0.57833 
  4.74500  0.57821  0.57819 
  4.84500  0.57807  0.57805 
  4.94500  0.57793  0.57791 
  5.04500  0.57779  0.57776 
  5.14500  0.57762  0.57763 
  5.24500  0.57748  0.57746 
  5.34500  0.57734  0.57732 
  5.44500  0.57718  0.57716 
  5.54500  0.57702  0.57701 
  5.64500  0.57688  0.57685 
  5.74500  0.57670  0.57668 
  5.84500  0.57654  0.57652 
  5.94500  0.57638  0.57635 
  6.04500  0.57620  0.57618 
  6.14500  0.57603  0.57602 
  6.24500  0.57586  0.57584 
  6.34500  0.57568  0.57566 
  6.44500  0.57550  0.57548 
  6.54500  0.57533  0.57531 
  6.64500  0.57513  0.57512 
  6.74500  0.57496  0.57494 
  6.84500  0.57476  0.57475 
  6.94500  0.57457  0.57455 
  7.04500  0.57439  0.57437 
  7.14500  0.57420  0.57417 
  7.24500  0.57399  0.57397 
  7.34500  0.57379  0.57377 
  7.44500  0.57360  0.57357 
  7.54500  0.57339  0.57337 
  7.64500  0.57320  0.57317 
  7.74500  0.57298  0.57297 
  7.84500  0.57277  0.57276 
  7.94500  0.57258  0.57255 
  8.04500  0.57235  0.57233 
  8.14500  0.57214  0.57212 
  8.24500  0.57193  0.57191 
  8.34500  0.57171  0.57169 
  8.44500  0.57148  0.57147 
  8.54500  0.57127  0.57124 
  8.64500  0.57106  0.57102 
  8.74500  0.57082  0.57080 
  8.84500  0.57060  0.57058 
  8.94500  0.57036  0.57034 
  9.04500  0.57012  0.57011 
  9.14500  0.56990  0.56988 
  9.24500  0.56966  0.56965 
  9.34500  0.56944  0.56941 
  9.44500  0.56921  0.56918 
  9.54500  0.56896  0.56893 
  9.64500  0.56872  0.56870 
  9.74500  0.56847  0.56845 
  9.84500  0.56823  0.56822 
  9.94500  0.56800  0.56798 
 10.04500  0.56776  0.56772 
 10.14500  0.56750  0.56748 
 10.24500  0.56726  0.56722 
 10.34500  0.56701  0.56698 
 10.44500  0.56675  0.56672 
 10.54500  0.56650  0.56648 
 10.64500  0.56624  0.56622 
 10.74500  0.56599  0.56598 
 10.84500  0.56573  0.56571 
 10.94500  0.56547  0.56545 
 11.04500  0.56524  0.56520 
 11.14500  0.56497  0.56494 
 11.24500  0.56470  0.56468 
 11.34500  0.56443  0.56442 
 11.44500  0.56418  0.56415 
 11.54500  0.56391  0.56390 
 11.64500  0.56364  0.56362 
 11.74500  0.56339  0.56336 
 11.84500  0.56311  0.56310 
 11.94500  0.56285  0.56282 
 12.04500  0.56258  0.56256 
 12.14500  0.56230  0.56229 
 12.24500  0.56205  0.56202 
 12.34500  0.56178  0.56175 
 12.44500  0.56150  0.56148 
 12.54500  0.56123  0.56120 
 12.64500  0.56095  0.56093 
 12.74500  0.56068  0.56066 
 12.84500  0.56041  0.56039 
 12.94500  0.56013  0.56011 
 13.04500  0.55985  0.55983 
 13.14500  0.55956  0.55956 
 13.24500  0.55929  0.55928 
 13.34500  0.55902  0.55900 
 13.44500  0.55875  0.55872 
 13.54500  0.55846  0.55844 
 13.64500  0.55820  0.55817 
 13.74500  0.55791  0.55789 
 13.84500  0.55763  0.55760 
 13.94500  0.55734  0.55733 
 14.04500  0.55706  0.55704 
 14.14500  0.55678  0.55677 
 14.24500  0.55649  0.55649 
 14.34500  0.55621  0.55620 
 14.44500  0.55594  0.55591 
 14.54500  0.55565  0.55564 
 14.64500  0.55537  0.55536 
 14.74500  0.55508  0.55507 
 14.84500  0.55479  0.55479 
 14.94500  0.55452  0.55450 
 15.04500  0.55424  0.55421 
 15.14500  0.55394  0.55394 
 15.24500  0.55367  0.55366 
 15.34500  0.55338  0.55337 
 15.44500  0.55310  0.55309 
 15.54500  0.55281  0.55280 
 15.64500  0.55253  0.55251 
 15.74500  0.55224  0.55223 
 15.84500  0.55196  0.55194 
 15.94500  0.55168  0.55167 
 16.04500  0.55138  0.55139 
 16.14500  0.55111  0.55110 
 16.24500  0.55082  0.55081 
 16.34500  0.55054  0.55053 
 16.44500  0.55025  0.55024 
 16.54500  0.54997  0.54996 
 16.64500  0.54969  0.54967 
 16.74500  0.54941  0.54940 
 16.84500  0.54913  0.54911 
 16.94500  0.54884  0.54883 
 17.04500  0.54855  0.54854 
 17.14500  0.54827  0.54826 
 17.24500  0.54799  0.54798 
 17.34500  0.54770  0.54770 
 17.44500  0.54742  0.54741 
 17.54500  0.54714  0.54713 
 17.64500  0.54686  0.54685 
 17.74500  0.54658  0.54657 
 17.84500  0.54630  0.54629 
 17.94500  0.54602  0.54601 
 18.04500  0.54574  0.54573 
 18.14500  0.54545  0.54545 
 18.24500  0.54519  0.54517 
 18.34500  0.54490  0.54489 
 18.44500  0.54463  0.54461 
 18.54500  0.54435  0.54433 
 18.64500  0.54407  0.54406 
 18.74500  0.54378  0.54378 
 18.84500  0.54352  0.54350 
 18.94500  0.54322  0.54323 
 19.04500  0.54296  0.54295 
 19.14500  0.54269  0.54268 
 19.24500  0.54241  0.54240 
 19.34500  0.54214  0.54212 
 19.44500  0.54186  0.54185 
 19.54500  0.54158  0.54158 
 19.64500  0.54132  0.54130 
 19.74500  0.54106  0.54103 
 19.84500  0.54078  0.54076 
 19.94500  0.54050  0.54049 
 20.04500  0.54023  0.54022 
 20.14500  0.53996  0.53995 
 20.24500  0.53969  0.53968 
 20.34500  0.53942  0.53941 
 20.44500  0.53915  0.53914 
 20.54500  0.53890  0.53888 
 20.64500  0.53861  0.53860 
 20.74500  0.53836  0.53834 
 20.84500  0.53810  0.53808 
 20.94500  0.53783  0.53781 
 21.04500  0.53757  0.53755 
 21.14500  0.53729  0.53728 
 21.24500  0.53702  0.53702 
 21.34500  0.53676  0.53675 
 21.44500  0.53649  0.53650 
 21.54500  0.53625  0.53623 
 21.64500  0.53598  0.53598 
 21.74500  0.53572  0.53571 
 21.84500  0.53545  0.53545 
 21.94500  0.53521  0.53520 
 22.04500  0.53495  0.53493 
 22.14500  0.53469  0.53468 
 22.24500  0.53442  0.53442 
 22.34500  0.53417  0.53418 
 22.44500  0.53391  0.53390 
 22.54500  0.53367  0.53365 
 22.64500  0.53340  0.53340 
 22.74500  0.53317  0.53315 
 22.84500  0.53291  0.53290 
 22.94500  0.53266  0.53265 
 23.04500  0.53241  0.53240 
 23.14500  0.53216  0.53215 
 23.24500  0.53190  0.53190 
 23.34500  0.53166  0.53165 
 23.44500  0.53140  0.53140 
 23.54500  0.53117  0.53115 
 23.64500  0.53091  0.53090 
 23.74500  0.53066  0.53065 
 23.84500  0.53042  0.53040 
 23.94500  0.53016  0.53015 
 24.04500  0.52991  0.52992 
 24.14500  0.52968  0.52968 
 24.24500  0.52942  0.52942 
 24.34500  0.52918  0.52918 
 24.44500  0.52894  0.52895 
 24.54500  0.52872  0.52870 
 24.64500  0.52846  0.52846 
 24.74500  0.52822  0.52822 
 24.84500  0.52796  0.52798 
 24.94500  0.52774  0.52774 
 25.04500  0.52752  0.52750 
 25.14500  0.52727  0.52727 
 25.24500  0.52702  0.52702 
 25.34500  0.52678  0.52679 
 25.44500  0.52656  0.52655 
 25.54500  0.52632  0.52632 
 25.64500  0.52610  0.52608 
 25.74500  0.52584  0.52585 
 25.84500  0.52561  0.52561 
 25.94500  0.52537  0.52538 
 26.04500  0.52513  0.52515 
 26.14500  0.52491  0.52491 
 26.24500  0.52467  0.52468 
 26.34500  0.52446  0.52445 
 26.44500  0.52423  0.52422 
 26.54500  0.52398  0.52399 
 26.64500  0.52379  0.52376 
 26.74500  0.52353  0.52352 
 26.84500  0.52330  0.52330 
 26.94500  0.52305  0.52308 
 27.04500  0.52282  0.52284 
 27.14500  0.52262  0.52261 
 27.24500  0.52237  0.52239 
 27.34500  0.52216  0.52216 
 27.44500  0.52193  0.52193 
 27.54500  0.52170  0.52171 
 27.64500  0.52146  0.52148 
 27.74500  0.52126  0.52126 
 27.84500  0.52103  0.52103 
 27.94500  0.52081  0.52081 
 28.04500  0.52057  0.52058 
 28.14500  0.52035  0.52036 
 28.24500  0.52013  0.52013 
 28.34500  0.51991  0.51991 
 28.44500  0.51970  0.51969 
 28.54500  0.51947  0.51947 
 28.64500  0.51924  0.51924 
 28.74500  0.51903  0.51902 
 28.84500  0.51880  0.51880 
 28.94500  0.51859  0.51858 
 29.04500  0.51836  0.51836 
 29.14500  0.51814  0.51813 
 29.24500  0.51791  0.51791 
 29.34500  0.51770  0.51769 
 29.44500  0.51747  0.51747 
 29.54500  0.51726  0.51726 
 29.64500  0.51704  0.51703 
 29.74500  0.51682  0.51681 
 29.84500  0.51660  0.51659 
 29.94500  0.51640  0.51637 
 30.04500  0.51616  0.51615 
 30.14500  0.51593  0.51593 
 30.24500  0.51572  0.51571 
 30.34500  0.51549  0.51549 
 30.44500  0.51525  0.51527 
 30.54500  0.51505  0.51506 
 30.64500  0.51482  0.51483 
 30.74500  0.51460  0.51461 
 30.84500  0.51439  0.51439 
 30.94500  0.51417  0.51418 
 31.04500  0.51396  0.51396 
 31.14500  0.51374  0.51373 
 31.24500  0.51352  0.51351 
 31.34500  0.51330  0.51329 
 31.44500  0.51308  0.51308 
 31.54500  0.51285  0.51286 
 31.64500  0.51261  0.51263 
 31.74500  0.51241  0.51241 
 31.84500  0.51218  0.51219 
 31.94500  0.51197  0.51198 
 32.04500  0.51175  0.51176 
 32.14500  0.51153  0.51153 
 32.24500  0.51131  0.51131 
 32.34500  0.51107  0.51109 
 32.44500  0.51087  0.51087 
 32.54500  0.51065  0.51064 
 32.64500  0.51042  0.51042 
 32.74500  0.51019  0.51020 
 32.84500  0.50996  0.50998 
 32.94500  0.50975  0.50976 
 33.04500  0.50953  0.50953 
 33.14500  0.50929  0.50931 
 33.24500  0.50907  0.50909 
 33.34500  0.50888  0.50887 
 33.44500  0.50861  0.50864 
 33.54500  0.50841  0.50842 
 33.64500  0.50819  0.50819 
 33.74500  0.50794  0.50797 
 33.84500  0.50774  0.50774 
 33.94500  0.50750  0.50751 
 34.04500  0.50728  0.50729 
 34.14500  0.50704  0.50707 
 34.24500  0.50682  0.50683 
 34.34500  0.50660  0.50661 
 34.44500  0.50635  0.50638 
 34.54500  0.50614  0.50615 
 34.64500  0.50590  0.50592 
 34.74500  0.50568  0.50570 
 34.84500  0.50546  0.50547 
 34.94500  0.50521  0.50523 
 35.04500  0.50500  0.50500 
 35.14500  0.50476  0.50478 
 35.24500  0.50452  0.50453 
 35.34500  0.50429  0.50430 
 35.44500  0.50405  0.50408 
 35.54500  0.50382  0.50384 
 35.64500  0.50358  0.50360 
 35.74500  0.50336  0.50338 
 35.84500  0.50311  0.50313 
 35.94500  0.50287  0.50290 
 36.04500  0.50265  0.50266 
 36.14500  0.50241  0.50242 
 36.24500  0.50217  0.50219 
 36.34500  0.50194  0.50195 
 36.44500  0.50169  0.50170 
 36.54500  0.50145  0.50148 
 36.64500  0.50121  0.50122 
 36.74500  0.50096  0.50099 
 36.84500  0.50072  0.50075 
 36.94500  0.50048  0.50050 
 37.04500  0.50023  0.50026 
 37.14500  0.50001  0.50002 
 37.24500  0.49974  0.49978 
 37.34500  0.49951  0.49952 
 37.44500  0.49927  0.49928 
 37.54500  0.49902  0.49902 
 37.64500  0.49875  0.49878 
 37.74500  0.49852  0.49855 
 37.84500  0.49827  0.49830 
 37.94500  0.49802  0.49805 
 38.04500  0.49778  0.49780 
 38.14500  0.49751  0.49755 
 38.24500  0.49726  0.49728 
 38.34500  0.49702  0.49702 
 38.44500  0.49676  0.49678 
 38.54500  0.49650  0.49652 
 38.64500  0.49626  0.49628 
 38.74500  0.49599  0.49602 
 38.84500  0.49574  0.49575 
 38.94500  0.49549  0.49550 
 39.04500  0.49522  0.49525 
 39.14500  0.49497  0.49498 
 39.24500  0.49469  0.49472 
 39.34500  0.49445  0.49447 
 39.44500  0.49419  0.49420 
 39.54500  0.49392  0.49394 
 39.64500  0.49365  0.49368 
 39.74500  0.49340  0.49341 
 39.84500  0.49313  0.49315 
 39.94500  0.49286  0.49289 
 40.04500  0.49260  0.49262 
 40.14500  0.49232  0.49235 
 40.24500  0.49206  0.49209 
 40.34500  0.49179  0.49181 
 40.44500  0.49152  0.49155 
 40.54500  0.49125  0.49128 
 40.64500  0.49099  0.49100 
 40.74500  0.49071  0.49073 
 40.84500  0.49044  0.49046 
 40.94500  0.49016  0.49019 
 41.04500  0.48989  0.48991 
 41.14500  0.48962  0.48964 
 41.24500  0.48934  0.48936 
 41.34500  0.48906  0.48909 
 41.44500  0.48878  0.48880 
 41.54500  0.48850  0.48853 
 41.64500  0.48823  0.48825 
 41.74500  0.48794  0.48797 
 41.84500  0.48766  0.48769 
 41.94500  0.48738  0.48740 
 42.04500  0.48710  0.48713 
 42.14500  0.48682  0.48684 
 42.24500  0.48652  0.48656 
 42.34500  0.48625  0.48627 
 42.44500  0.48596  0.48599 
 42.54500  0.48568  0.48570 
 42.64500  0.48538  0.48541 
 42.74500  0.48510  0.48513 
 42.84500  0.48481  0.48484 
 42.94500  0.48452  0.48455 
 43.04500  0.48423  0.48426 
 43.14500  0.48394  0.48397 
 43.24500  0.48365  0.48368 
 43.34500  0.48336  0.48339 
 43.44500  0.48307  0.48310 
 43.54500  0.48278  0.48280 
 43.64500  0.48248  0.48251 
 43.74500  0.48218  0.48221 
 43.84500  0.48188  0.48192 
 43.94500  0.48160  0.48162 
 44.04500  0.48130  0.48133 
 44.14500  0.48100  0.48103 
 44.24500  0.48070  0.48073 
 44.34500  0.48040  0.48043 
 44.44500  0.48010  0.48013 
 44.54500  0.47981  0.47983 
 44.64500  0.47951  0.47953 
 44.74500  0.47921  0.47923 
 44.84500  0.47890  0.47893 
 44.94500  0.47861  0.47863 
 45.04500  0.47829  0.47833 
 45.14500  0.47800  0.47803 
 45.24500  0.47769  0.47772 
 45.34500  0.47740  0.47742 
 45.44500  0.47709  0.47712 
 45.54500  0.47678  0.47681 
 45.64500  0.47648  0.47651 
 45.74500  0.47617  0.47620 
 45.84500  0.47586  0.47589 
 45.94500  0.47555  0.47559 
 46.04500  0.47524  0.47528 
 46.14500  0.47494  0.47498 
 46.24500  0.47464  0.47467 
 46.34500  0.47432  0.47436 
 46.44500  0.47402  0.47405 
 46.54500  0.47372  0.47375 
 46.64500  0.47341  0.47343 
 46.74500  0.47310  0.47312 
 46.84500  0.47278  0.47282 
 46.94500  0.47247  0.47251 
 47.04500  0.47216  0.47220 
 47.14500  0.47185  0.47188 
 47.24500  0.47155  0.47158 
 47.34500  0.47123  0.47127 
 47.44500  0.47094  0.47095 
 47.54500  0.47062  0.47065 
 47.64500  0.47031  0.47034 
 47.74500  0.47001  0.47002 
 47.84500  0.46968  0.46972 
 47.94500  0.46939  0.46940 
 48.04500  0.46905  0.46909 
 48.14500  0.46875  0.46878 
 48.24500  0.46844  0.46847 
 48.34500  0.46814  0.46815 
 48.44500  0.46782  0.46785 
 48.54500  0.46751  0.46754 
 48.64500  0.46719  0.46722 
 48.74500  0.46688  0.46692 
 48.84500  0.46657  0.46661 
 48.94500  0.46626  0.46629 
 49.04500  0.46597  0.46598 
 49.14500  0.46565  0.46568 
 49.24500  0.46533  0.46536 
 49.34500  0.46502  0.46505 
 49.44500  0.46472  0.46475 
 49.54500  0.46442  0.46444 
 49.64500  0.46410  0.46412 
 49.74500  0.46378  0.46382 
 49.84500  0.46347  0.46351 
 49.94500  0.46317  0.46320 
 50.04500  0.46287  0.46289 
 50.14500  0.46257  0.46258 
 50.24500  0.46225  0.46228 
 50.34500  0.46195  0.46198 
 50.44500  0.46163  0.46167 
 50.54500  0.46133  0.46136 
 50.64500  0.46102  0.46106 
 50.74500  0.46072  0.46075 
 50.84500  0.46043  0.46045 
 50.94500  0.46012  0.46015 
 51.04500  0.45982  0.45985 
 51.14500  0.45950  0.45954 
 51.24500  0.45921  0.45924 
 51.34500  0.45890  0.45894 
 51.44500  0.45860  0.45864 
 51.54500  0.45831  0.45834 
 51.64500  0.45801  0.45804 
 51.74500  0.45770  0.45775 
 51.84500  0.45742  0.45745 
 51.94500  0.45712  0.45716 
 52.04500  0.45684  0.45686 
 52.14500  0.45653  0.45657 
 52.24500  0.45624  0.45627 
 52.34500  0.45594  0.45599 
 52.44500  0.45565  0.45569 
 52.54500  0.45537  0.45540 
 52.64500  0.45507  0.45511 
 52.74500  0.45478  0.45483 
 52.84500  0.45450  0.45454 
 52.94500  0.45422  0.45424 
 53.04500  0.45393  0.45397 
 53.14500  0.45363  0.45369 
 53.24500  0.45335  0.45340 
 53.34500  0.45307  0.45311 
 53.44500  0.45280  0.45284 
 53.54500  0.45252  0.45256 
 53.64500  0.45224  0.45228 
 53.74500  0.45196  0.45200 
 53.84500  0.45168  0.45173 
 53.94500  0.45142  0.45146 
 54.04500  0.45114  0.45119 
 54.14500  0.45088  0.45091 
 54.24500  0.45060  0.45064 
 54.34500  0.45033  0.45038 
 54.44500  0.45007  0.45010 
 54.54500  0.44980  0.44985 
 54.64500  0.44953  0.44958 
 54.74500  0.44927  0.44932 
 54.84500  0.44901  0.44905 
 54.94500  0.44875  0.44880 
 55.04500  0.44850  0.44855 
 55.14500  0.44825  0.44828 
 55.24500  0.44800  0.44802 
 55.34500  0.44774  0.44778 
 55.44500  0.44748  0.44752 
 55.54500  0.44722  0.44728 
 55.64500  0.44699  0.44702 
 55.74500  0.44675  0.44679 
 55.84500  0.44650  0.44655 
 55.94500  0.44625  0.44630 
 56.04500  0.44603  0.44607 
 56.14500  0.44577  0.44582 
 56.24500  0.44555  0.44559 
 56.34500  0.44532  0.44536 
 56.44500  0.44508  0.44512 
 56.54500  0.44486  0.44490 
 56.64500  0.44463  0.44467 
 56.74500  0.44439  0.44444 
 56.84500  0.44418  0.44421 
 56.94500  0.44396  0.44399 
 57.04500  0.44374  0.44378 
 57.14500  0.44352  0.44356 
 57.24500  0.44330  0.44334 
 57.34500  0.44308  0.44313 
 57.44500  0.44288  0.44291 
 57.54500  0.44267  0.44271 
 57.64500  0.44246  0.44250 
 57.74500  0.44227  0.44229 
 57.84500  0.44205  0.44209 
 57.94500  0.44186  0.44189 
 58.04500  0.44166  0.44169 
 58.14500  0.44147  0.44151 
 58.24500  0.44127  0.44131 
 58.34500  0.44108  0.44112 
 58.44500  0.44089  0.44093 
 58.54500  0.44071  0.44075 
 58.64500  0.44053  0.44056 
 58.74500  0.44035  0.44038 
 58.84500  0.44018  0.44020 
 58.94500  0.43998  0.44004 
 59.04500  0.43983  0.43985 
 59.14500  0.43963  0.43968 
 59.24500  0.43948  0.43952 
 59.34500  0.43932  0.43935 
 59.44500  0.43915  0.43918 
 59.54500  0.43900  0.43904 
 59.64500  0.43884  0.43886 
 59.74500  0.43868  0.43872 
 59.84500  0.43853  0.43856 
 59.94500  0.43837  0.43842 
 60.04500  0.43824  0.43826 
 60.14500  0.43809  0.43813 
 60.24500  0.43795  0.43797 
 60.34500  0.43780  0.43785 
 60.44500  0.43767  0.43771 
 60.54500  0.43753  0.43757 
 60.64500  0.43741  0.43745 
 60.74500  0.43728  0.43732 
 60.84500  0.43716  0.43718 
 60.94500  0.43704  0.43707 
 61.04500  0.43692  0.43695 
 61.14500  0.43680  0.43684 
 61.24500  0.43668  0.43672 
 61.34500  0.43657  0.43661 
 61.44500  0.43646  0.43651 
 61.54500  0.43637  0.43640 
 61.64500  0.43626  0.43630 
 61.74500  0.43616  0.43620 
 61.84500  0.43607  0.43610 
 61.94500  0.43596  0.43601 
 62.04500  0.43588  0.43592 
 62.14500  0.43580  0.43583 
 62.24500  0.43572  0.43575 
 62.34500  0.43563  0.43567 
 62.44500  0.43554  0.43560 
 62.54500  0.43550  0.43550 
 62.64500  0.43539  0.43544 
 62.74500  0.43536  0.43539 
 62.84500  0.43527  0.43530 
 62.94500  0.43520  0.43524 
 63.04500  0.43515  0.43520 
 63.14500  0.43510  0.43511 
 63.24500  0.43503  0.43510 
 63.34500  0.43499  0.43500 
 63.44500  0.43494  0.43500 
 63.54500  0.43491  0.43491 
 63.64500  0.43485  0.43490 
 63.74500  0.43481  0.43486 
 63.84500  0.43480  0.43480 
 63.94500  0.43477  0.43480 
 64.04500  0.43468  0.43479 
 64.14500  0.43469  0.43470 
 64.24500  0.43469  0.43470 
 64.34500  0.43469  0.43470 
 64.44500  0.43465  0.43470 
 64.54500  0.43460  0.43470 
 64.64500  0.43458  0.43467 
 64.74500  0.43459  0.43460 
 64.84500  0.43458  0.43460 
