  0.04500  1.00005  1.00000 
  0.14500  1.00005  1.00000 
  0.24500  1.00005  1.00000 
  0.34500  1.00005  1.00000 
  0.44500  1.00005  1.00000 
  0.54500  1.00005  1.00000 
  0.64500  1.00005  1.00000 
  0.74500  1.00005  1.00000 
  0.84500  1.00005  1.00000 
  0.94500  1.00005  1.00000 
  1.04500  1.00005  1.00000 
  1.14500  1.00005  1.00000 
  1.24500  1.00005  1.00000 
  1.34500  1.00005  1.00000 
  1.44500  1.00005  1.00000 
  1.54500  1.00005  1.00000 
  1.64500  1.00005  1.00000 
  1.74500  1.00005  1.00000 
  1.84500  1.00005  1.00000 
  1.94500  1.00005  1.00000 
  2.04500  1.00005  1.00000 
  2.14500  1.00005  1.00000 
  2.24500  1.00006  1.00000 
  2.34500  1.00005  1.00000 
  2.44500  1.00005  1.00000 
  2.54500  1.00005  1.00000 
  2.64500  1.00005  1.00000 
  2.74500  1.00005  1.00000 
  2.84500  1.00005  1.00000 
  2.94500  1.00005  1.00000 
  3.04500  1.00006  1.00000 
  3.14500  1.00005  1.00000 
  3.24500  1.00005  1.00000 
  3.34500  1.00003  0.99997 
  3.44500  1.00001  0.99989 
  3.54500  0.99988  0.99974 
  3.64500  0.99955  0.99940 
  3.74500  0.99884  0.99870 
  3.84500  0.99737  0.99730 
  3.94500  0.99463  0.99465 
  4.04500  0.98977  0.98994 
  4.14500  0.98166  0.98194 
  4.24500  0.96882  0.96902 
  4.34500  0.94942  0.94927 
  4.44500  0.92133  0.92058 
  4.54500  0.88248  0.88105 
  4.64500  0.83105  0.82932 
  4.74500  0.76609  0.76508 
  4.84500  0.68804  0.68932 
  4.94500  0.59928  0.60458 
  5.04500  0.51185  0.51453 
  5.14500  0.43063  0.42373 
  5.24500  0.33930  0.33682 
  5.34500  0.25745  0.25788 
  5.44500  0.18819  0.18979 
  5.54500  0.13250  0.13406 
  5.64500  0.08983  0.09073 
  5.74500  0.05854  0.05879 
  5.84500  0.03659  0.03643 
  5.94500  0.02188  0.02157 
  6.04500  0.01244  0.01218 
  6.14500  0.00669  0.00657 
  6.24500  0.00338  0.00337 
  6.34500  0.00156  0.00164 
  6.44500  0.00067  0.00077 
  6.54500  0.00025  0.00033 
  6.64500  0.00006  0.00014 
  6.74500  0.00002  0.00006 
  6.84500  0.00000  0.00000 
  6.94500 -0.00000  0.00000 
  7.04500 -0.00002  0.00000 
  7.14500 -0.00000  0.00000 
  7.24500  0.00000  0.00000 
  7.34500 -0.00001  0.00000 
  7.44500 -0.00001  0.00000 
  7.54500 -0.00001  0.00000 
  7.64500  0.00001  0.00002 
  7.74500  0.00004  0.00010 
  7.84500  0.00015  0.00024 
  7.94500  0.00045  0.00056 
  8.04500  0.00111  0.00120 
  8.14500  0.00251  0.00254 
  8.24500  0.00510  0.00503 
  8.34500  0.00972  0.00950 
  8.44500  0.01745  0.01717 
  8.54500  0.02981  0.02951 
  8.64500  0.04854  0.04858 
  8.74500  0.07572  0.07635 
  8.84500  0.11350  0.11481 
  8.94500  0.16371  0.16541 
  9.04500  0.22742  0.22853 
  9.14500  0.30434  0.30329 
  9.24500  0.39228  0.38737 
  9.34500  0.48142  0.47712 
  9.44500  0.56076  0.56803 
  9.54500  0.65273  0.65547 
  9.64500  0.73557  0.73530 
  9.74500  0.80605  0.80447 
  9.84500  0.86299  0.86135 
  9.94500  0.90680  0.90579 
 10.04500  0.93905  0.93871 
 10.14500  0.96178  0.96186 
 10.24500  0.97707  0.97733 
 10.34500  0.98691  0.98714 
 10.44500  0.99294  0.99305 
 10.54500  0.99643  0.99639 
 10.64500  0.99835  0.99824 
 10.74500  0.99931  0.99917 
 10.84500  0.99978  0.99964 
 10.94500  0.99998  0.99985 
 11.04500  1.00003  0.99993 
 11.14500  1.00005  1.00000 
 11.24500  1.00005  1.00000 
 11.34500  1.00006  1.00000 
 11.44500  1.00005  1.00000 
 11.54500  1.00004  1.00000 
 11.64500  1.00004  1.00000 
 11.74500  1.00005  1.00000 
 11.84500  1.00006  1.00000 
 11.94500  1.00005  1.00000 
 12.04500  1.00004  1.00000 
 12.14500  1.00003  0.99995 
 12.24500  1.00000  0.99987 
 12.34500  0.99984  0.99970 
 12.44500  0.99943  0.99929 
 12.54500  0.99861  0.99849 
 12.64500  0.99692  0.99686 
 12.74500  0.99381  0.99389 
 12.84500  0.98839  0.98858 
 12.94500  0.97945  0.97970 
 13.04500  0.96538  0.96554 
 13.14500  0.94434  0.94409 
 13.24500  0.91419  0.91328 
 13.34500  0.87283  0.87130 
 13.44500  0.81863  0.81693 
 13.54500  0.75083  0.75017 
 13.64500  0.67026  0.67228 
 13.74500  0.57979  0.58606 
 13.84500  0.49633  0.49548 
 13.94500  0.41100  0.40513 
 14.04500  0.32127  0.31957 
 14.14500  0.24190  0.24271 
 14.24500  0.17545  0.17710 
 14.34500  0.12256  0.12401 
 14.44500  0.08243  0.08319 
 14.54500  0.05326  0.05340 
 14.64500  0.03298  0.03279 
 14.74500  0.01953  0.01921 
 14.84500  0.01099  0.01075 
 14.94500  0.00584  0.00573 
 15.04500  0.00291  0.00293 
 15.14500  0.00132  0.00141 
 15.24500  0.00056  0.00065 
 15.34500  0.00019  0.00028 
 15.44500  0.00004  0.00012 
 15.54500  0.00001  0.00004 
 15.64500 -0.00000  0.00000 
 15.74500 -0.00001  0.00000 
 15.84500 -0.00001  0.00000 
 15.94500  0.00000  0.00000 
 16.04500 -0.00001  0.00000 
 16.14500  0.00000  0.00000 
 16.24500  0.00000  0.00000 
 16.34500  0.00000  0.00000 
 16.44500  0.00000  0.00000 
 16.54500 -0.00001  0.00000 
 16.64500 -0.00002  0.00000 
 16.74500  0.00000  0.00000 
 16.84500 -0.00001  0.00000 
 16.94500  0.00001  0.00009 
 17.04500  0.00009  0.00018 
 17.14500  0.00032  0.00043 
 17.24500  0.00085  0.00095 
 17.34500  0.00196  0.00200 
 17.44500  0.00408  0.00405 
 17.54500  0.00795  0.00776 
 17.64500  0.01455  0.01426 
 17.74500  0.02524  0.02491 
 17.84500  0.04168  0.04157 
 17.94500  0.06589  0.06632 
 18.04500  0.10005  0.10113 
 18.14500  0.14607  0.14771 
 18.24500  0.20538  0.20682 
 18.34500  0.27821  0.27801 
 18.44500  0.36294  0.35944 
 18.54500  0.45605  0.44780 
 18.64500  0.53145  0.53887 
 18.74500  0.62382  0.62791 
 18.84500  0.71009  0.71059 
 18.94500  0.78478  0.78345 
 19.04500  0.84611  0.84440 
 19.14500  0.89402  0.89278 
 19.24500  0.92979  0.92925 
 19.34500  0.95535  0.95533 
 19.44500  0.97282  0.97307 
 19.54500  0.98423  0.98447 
 19.64500  0.99132  0.99147 
 19.74500  0.99552  0.99551 
 19.84500  0.99784  0.99777 
 19.94500  0.99907  0.99892 
 20.04500  0.99966  0.99951 
 20.14500  0.99993  0.99979 
 20.24500  1.00001  0.99990 
 20.34500  1.00004  1.00000 
 20.44500  1.00004  1.00000 
 20.54500  1.00006  1.00000 
 20.64500  1.00005  1.00000 
 20.74500  1.00004  1.00000 
 20.84500  1.00005  1.00000 
 20.94500  1.00005  1.00000 
 21.04500  1.00004  1.00000 
 21.14500  1.00004  1.00000 
 21.24500  1.00004  1.00000 
 21.34500  1.00004  1.00000 
 21.44500  1.00005  1.00000 
 21.54500  1.00004  1.00000 
 21.64500  1.00004  1.00000 
 21.74500  1.00005  1.00000 
 21.84500  1.00006  1.00000 
 21.94500  1.00005  1.00000 
 22.04500  1.00004  0.99999 
 22.14500  1.00000  0.99990 
 22.24500  0.99991  0.99978 
 22.34500  0.99961  0.99949 
 22.44500  0.99900  0.99885 
 22.54500  0.99771  0.99761 
 22.64500  0.99524  0.99526 
 22.74500  0.99083  0.99098 
 22.84500  0.98341  0.98366 
 22.94500  0.97153  0.97178 
 23.04500  0.95344  0.95337 
 23.14500  0.92707  0.92647 
 23.24500  0.89031  0.88898 
 23.34500  0.84122  0.83949 
 23.44500  0.77870  0.77743 
 23.54500  0.70285  0.70360 
 23.64500  0.61573  0.62022 
 23.74500  0.52498  0.53080 
 23.84500  0.44757  0.43980 
 23.94500  0.35501  0.35187 
 24.04500  0.27120  0.27124 
 24.14500  0.19957  0.20107 
 24.24500  0.14145  0.14310 
 24.34500  0.09656  0.09759 
 24.44500  0.06337  0.06375 
 24.54500  0.03992  0.03980 
 24.64500  0.02405  0.02376 
 24.74500  0.01381  0.01354 
 24.84500  0.00753  0.00736 
 24.94500  0.00383  0.00381 
 25.04500  0.00181  0.00189 
 25.14500  0.00080  0.00089 
 25.24500  0.00029  0.00040 
 25.34500  0.00009  0.00016 
 25.44500  0.00002  0.00008 
 25.54500 -0.00000  0.00000 
 25.64500 -0.00000  0.00000 
 25.74500 -0.00002  0.00000 
 25.84500 -0.00000  0.00000 
 25.94500  0.00000  0.00000 
 26.04500  0.00000  0.00000 
 26.14500  0.00000  0.00000 
 26.24500 -0.00000  0.00000 
 26.34500 -0.00001  0.00000 
 26.44500  0.00000  0.00000 
 26.54500 -0.00001  0.00000 
 26.64500  0.00002  0.00008 
 26.74500  0.00009  0.00016 
 26.84500  0.00028  0.00039 
 26.94500  0.00077  0.00086 
 27.04500  0.00177  0.00184 
 27.14500  0.00375  0.00373 
 27.24500  0.00738  0.00721 
 27.34500  0.01355  0.01327 
 27.44500  0.02365  0.02333 
 27.54500  0.03928  0.03916 
 27.64500  0.06247  0.06280 
 27.74500  0.09529  0.09630 
 27.84500  0.13977  0.14138 
 27.94500  0.19744  0.19897 
 28.04500  0.26861  0.26875 
 28.14500  0.35207  0.34907 
 28.24500  0.44438  0.43682 
 28.34500  0.52264  0.52780 
 28.44500  0.61270  0.61733 
 28.54500  0.70015  0.70101 
 28.64500  0.77640  0.77517 
 28.74500  0.83939  0.83765 
 28.84500  0.88888  0.88757 
 28.94500  0.92603  0.92541 
 29.04500  0.95273  0.95266 
 29.14500  0.97105  0.97127 
 29.24500  0.98310  0.98337 
 29.34500  0.99065  0.99079 
 29.44500  0.99512  0.99516 
 29.54500  0.99764  0.99755 
 29.64500  0.99898  0.99883 
 29.74500  0.99960  0.99947 
 29.84500  0.99990  0.99976 
 29.94500  1.00001  0.99990 
 30.04500  1.00004  0.99998 
 30.14500  1.00005  1.00000 
 30.24500  1.00005  1.00000 
 30.34500  1.00005  1.00000 
 30.44500  1.00004  1.00000 
 30.54500  1.00004  1.00000 
 30.64500  1.00004  1.00000 
 30.74500  1.00005  1.00000 
 30.84500  1.00006  1.00000 
 30.94500  1.00006  1.00000 
 31.04500  1.00004  0.99999 
 31.14500  1.00001  0.99990 
 31.24500  0.99991  0.99978 
 31.34500  0.99965  0.99951 
 31.44500  0.99904  0.99890 
 31.54500  0.99781  0.99771 
 31.64500  0.99541  0.99544 
 31.74500  0.99114  0.99130 
 31.84500  0.98393  0.98420 
 31.94500  0.97237  0.97259 
 32.04500  0.95468  0.95466 
 32.14500  0.92883  0.92826 
 32.24500  0.89270  0.89143 
 32.34500  0.84436  0.84265 
 32.44500  0.78260  0.78130 
 32.54500  0.70751  0.70810 
 32.64500  0.62094  0.62515 
 32.74500  0.52926  0.53598 
 32.84500  0.45297  0.44493 
 32.94500  0.36007  0.35672 
 33.04500  0.27567  0.27558 
 33.14500  0.20328  0.20474 
 33.24500  0.14440  0.14604 
 33.34500  0.09877  0.09986 
 33.44500  0.06499  0.06537 
 33.54500  0.04102  0.04095 
 33.64500  0.02480  0.02450 
 33.74500  0.01426  0.01399 
 33.84500  0.00779  0.00763 
 33.94500  0.00400  0.00397 
 34.04500  0.00190  0.00197 
 34.14500  0.00083  0.00092 
 34.24500  0.00031  0.00042 
 34.34500  0.00009  0.00018 
 34.44500  0.00002  0.00009 
 34.54500 -0.00001  0.00000 
 34.64500  0.00000  0.00000 
 34.74500 -0.00002  0.00000 
 34.84500 -0.00001  0.00000 
 34.94500  0.00000  0.00000 
 35.04500 -0.00000  0.00000 
 35.14500 -0.00001  0.00000 
 35.24500 -0.00000  0.00000 
 35.34500 -0.00000  0.00000 
 35.44500  0.00002  0.00010 
 35.54500  0.00011  0.00020 
 35.64500  0.00034  0.00045 
 35.74500  0.00093  0.00102 
 35.84500  0.00209  0.00213 
 35.94500  0.00433  0.00430 
 36.04500  0.00839  0.00824 
 36.14500  0.01529  0.01501 
 36.24500  0.02638  0.02610 
 36.34500  0.04342  0.04338 
 36.44500  0.06845  0.06891 
 36.54500  0.10355  0.10471 
 36.64500  0.15068  0.15237 
 36.74500  0.21116  0.21254 
 36.84500  0.28512  0.28473 
 36.94500  0.37076  0.36691 
 37.04500  0.46387  0.45571 
 37.14500  0.53840  0.54677 
 37.24500  0.63173  0.63542 
 37.34500  0.71708  0.71736 
 37.44500  0.79067  0.78923 
 37.54500  0.85080  0.84908 
 37.64500  0.89759  0.89640 
 37.74500  0.93240  0.93190 
 37.84500  0.95716  0.95718 
 37.94500  0.97404  0.97426 
 38.04500  0.98500  0.98523 
 38.14500  0.99178  0.99192 
 38.24500  0.99578  0.99579 
 38.34500  0.99800  0.99791 
 38.44500  0.99913  0.99900 
 38.54500  0.99969  0.99955 
 38.64500  0.99993  0.99980 
 38.74500  1.00002  0.99990 
 38.84500  1.00003  1.00000 
 38.94500  1.00004  1.00000 
 39.04500  1.00006  1.00000 
 39.14500  1.00005  1.00000 
 39.24500  1.00004  1.00000 
 39.34500  1.00004  1.00000 
 39.44500  1.00005  1.00000 
 39.54500  1.00004  1.00000 
 39.64500  1.00003  1.00000 
 39.74500  1.00004  1.00000 
 39.84500  1.00004  1.00000 
 39.94500  1.00004  1.00000 
 40.04500  1.00004  1.00000 
 40.14500  1.00004  1.00000 
 40.24500  1.00005  1.00000 
 40.34500  1.00005  1.00000 
 40.44500  1.00005  1.00000 
 40.54500  1.00003  0.99998 
 40.64500  1.00001  0.99990 
 40.74500  0.99990  0.99976 
 40.84500  0.99959  0.99944 
 40.94500  0.99893  0.99880 
 41.04500  0.99753  0.99746 
 41.14500  0.99494  0.99497 
 41.24500  0.99032  0.99050 
 41.34500  0.98259  0.98283 
 41.44500  0.97023  0.97049 
 41.54500  0.95150  0.95142 
 41.64500  0.92432  0.92365 
 41.74500  0.88653  0.88517 
 41.84500  0.83632  0.83457 
 41.94500  0.77261  0.77147 
 42.04500  0.69569  0.69670 
 42.14500  0.60774  0.61261 
 42.24500  0.51862  0.52288 
 42.34500  0.43927  0.43195 
 42.44500  0.34730  0.34452 
 42.54500  0.26446  0.26468 
 42.64500  0.19396  0.19553 
 42.74500  0.13704  0.13863 
 42.84500  0.09324  0.09421 
 42.94500  0.06098  0.06129 
 43.04500  0.03826  0.03814 
 43.14500  0.02297  0.02267 
 43.24500  0.01313  0.01286 
 43.34500  0.00710  0.00695 
 43.44500  0.00361  0.00361 
 43.54500  0.00170  0.00176 
 43.64500  0.00073  0.00083 
 43.74500  0.00026  0.00036 
 43.84500  0.00006  0.00015 
 43.94500  0.00002  0.00007 
 44.04500  0.00000  0.00000 
 44.14500 -0.00000  0.00000 
 44.24500 -0.00002  0.00000 
 44.34500 -0.00000  0.00000 
 44.44500 -0.00001  0.00000 
 44.54500 -0.00001  0.00000 
 44.64500 -0.00001  0.00000 
 44.74500 -0.00002  0.00000 
 44.84500 -0.00001  0.00000 
 44.94500 -0.00001  0.00000 
 45.04500 -0.00001  0.00000 
 45.14500 -0.00000  0.00000 
 45.24500 -0.00001  0.00000 
 45.34500 -0.00002  0.00000 
 45.44500 -0.00000  0.00000 
 45.54500  0.00000  0.00003 
 45.64500  0.00005  0.00011 
 45.74500  0.00016  0.00026 
 45.84500  0.00052  0.00060 
 45.94500  0.00123  0.00133 
 46.04500  0.00270  0.00274 
 46.14500  0.00550  0.00541 
 46.24500  0.01040  0.01019 
 46.34500  0.01858  0.01829 
 46.44500  0.03152  0.03130 
 46.54500  0.05110  0.05119 
 46.64500  0.07937  0.08007 
 46.74500  0.11847  0.11984 
 46.84500  0.17014  0.17182 
 46.94500  0.23536  0.23629 
 47.04500  0.31365  0.31224 
 47.14500  0.40260  0.39718 
 47.24500  0.48975  0.48726 
 47.34500  0.57130  0.57804 
 47.44500  0.66248  0.66481 
 47.54500  0.74406  0.74356 
 47.64500  0.81308  0.81142 
 47.74500  0.86850  0.86693 
 47.84500  0.91093  0.91000 
 47.94500  0.94201  0.94172 
 48.04500  0.96378  0.96393 
 48.14500  0.97840  0.97867 
 48.24500  0.98775  0.98797 
 48.34500  0.99344  0.99351 
 48.44500  0.99672  0.99667 
 48.54500  0.99849  0.99838 
 48.64500  0.99937  0.99923 
 48.74500  0.99981  0.99967 
 48.84500  0.99999  0.99986 
 48.94500  1.00004  0.99994 
 49.04500  1.00005  1.00000 
 49.14500  1.00005  1.00000 
 49.24500  1.00006  1.00000 
 49.34500  1.00005  1.00000 
 49.44500  1.00004  1.00000 
 49.54500  1.00004  1.00000 
 49.64500  1.00005  1.00000 
 49.74500  1.00006  1.00000 
 49.84500  1.00005  1.00000 
 49.94500  1.00004  1.00000 
 50.04500  1.00004  0.99994 
 50.14500  0.99998  0.99986 
 50.24500  0.99980  0.99967 
 50.34500  0.99936  0.99923 
 50.44500  0.99847  0.99834 
 50.54500  0.99666  0.99663 
 50.64500  0.99334  0.99342 
 50.74500  0.98759  0.98779 
 50.84500  0.97816  0.97840 
 50.94500  0.96342  0.96355 
 51.04500  0.94146  0.94116 
 51.14500  0.91015  0.90918 
 51.24500  0.86746  0.86585 
 51.34500  0.81173  0.81010 
 51.44500  0.74245  0.74198 
 51.54500  0.66060  0.66301 
 51.64500  0.56924  0.57610 
 51.74500  0.48806  0.48531 
 51.84500  0.40062  0.39527 
 51.94500  0.31184  0.31051 
 52.04500  0.23383  0.23479 
 52.14500  0.16889  0.17056 
 52.24500  0.11748  0.11886 
 52.34500  0.07867  0.07935 
 52.44500  0.05059  0.05067 
 52.54500  0.03120  0.03096 
 52.64500  0.01837  0.01806 
 52.74500  0.01026  0.01004 
 52.84500  0.00541  0.00534 
 52.94500  0.00267  0.00270 
 53.04500  0.00121  0.00130 
 53.14500  0.00050  0.00060 
 53.24500  0.00017  0.00026 
 53.34500  0.00004  0.00011 
 53.44500  0.00001  0.00003 
 53.54500 -0.00001  0.00000 
 53.64500 -0.00001  0.00000 
 53.74500 -0.00000  0.00000 
 53.84500  0.00000  0.00000 
 53.94500 -0.00000  0.00000 
 54.04500 -0.00000  0.00000 
 54.14500  0.00001  0.00000 
 54.24500 -0.00001  0.00000 
 54.34500 -0.00000  0.00000 
 54.44500 -0.00002  0.00000 
 54.54500  0.00002  0.00003 
 54.64500  0.00005  0.00011 
 54.74500  0.00016  0.00026 
 54.84500  0.00049  0.00058 
 54.94500  0.00117  0.00126 
 55.04500  0.00260  0.00264 
 55.14500  0.00529  0.00521 
 55.24500  0.01006  0.00982 
 55.34500  0.01801  0.01770 
 55.44500  0.03063  0.03037 
 55.54500  0.04979  0.04985 
 55.64500  0.07749  0.07816 
 55.74500  0.11590  0.11726 
 55.84500  0.16683  0.16852 
 55.94500  0.23129  0.23232 
 56.04500  0.30888  0.30766 
 56.14500  0.39732  0.39216 
 56.24500  0.48549  0.48209 
 56.34500  0.56589  0.57293 
 56.44500  0.65751  0.66006 
 56.54500  0.73976  0.73938 
 56.64500  0.80953  0.80789 
 56.74500  0.86571  0.86411 
 56.84500  0.90885  0.90786 
 56.94500  0.94052  0.94019 
 57.04500  0.96277  0.96289 
 57.14500  0.97773  0.97801 
 57.24500  0.98733  0.98755 
 57.34500  0.99318  0.99328 
 57.44500  0.99658  0.99653 
 57.54500  0.99843  0.99829 
 57.64500  0.99935  0.99922 
 57.74500  0.99979  0.99964 
 57.84500  0.99996  0.99985 
 57.94500  1.00004  0.99993 
 58.04500  1.00004  1.00000 
 58.14500  1.00005  1.00000 
 58.24500  1.00006  1.00000 
 58.34500  1.00005  1.00000 
 58.44500  1.00005  1.00000 
 58.54500  1.00006  1.00000 
 58.64500  1.00004  1.00000 
 58.74500  1.00004  1.00000 
 58.84500  1.00002  0.99991 
 58.94500  0.99995  0.99982 
 59.04500  0.99970  0.99957 
 59.14500  0.99918  0.99903 
 59.24500  0.99805  0.99795 
 59.34500  0.99587  0.99587 
 59.44500  0.99194  0.99205 
 59.54500  0.98522  0.98546 
 59.64500  0.97440  0.97464 
 59.74500  0.95772  0.95775 
 59.84500  0.93320  0.93272 
 59.94500  0.89870  0.89753 
 60.04500  0.85226  0.85056 
 60.14500  0.79251  0.79103 
 60.24500  0.71927  0.71949 
 60.34500  0.63417  0.63778 
 60.44500  0.54085  0.54924 
 60.54500  0.46606  0.45817 
 60.64500  0.37323  0.36926 
 60.74500  0.28732  0.28689 
 60.84500  0.21304  0.21436 
 60.94500  0.15216  0.15383 
 61.04500  0.10467  0.10586 
 61.14500  0.06926  0.06975 
 61.24500  0.04400  0.04397 
 61.34500  0.02678  0.02647 
 61.44500  0.01553  0.01523 
 61.54500  0.00854  0.00836 
 61.64500  0.00441  0.00439 
 61.74500  0.00214  0.00218 
 61.84500  0.00094  0.00103 
 61.94500  0.00036  0.00047 
 62.04500  0.00011  0.00020 
 62.14500  0.00002  0.00010 
 62.24500  0.00001  0.00000 
 62.34500 -0.00000  0.00000 
 62.44500 -0.00001  0.00000 
 62.54500 -0.00001  0.00000 
 62.64500 -0.00000  0.00000 
 62.74500 -0.00000  0.00000 
 62.84500 -0.00001  0.00000 
 62.94500  0.00000  0.00000 
 63.04500  0.00000  0.00000 
 63.14500  0.00000  0.00000 
 63.24500 -0.00001  0.00000 
 63.34500 -0.00001  0.00000 
 63.44500  0.00000  0.00000 
 63.54500 -0.00000  0.00000 
 63.64500  0.00000  0.00000 
 63.74500 -0.00000  0.00000 
 63.84500 -0.00000  0.00000 
 63.94500 -0.00000  0.00000 
 64.04500 -0.00001  0.00000 
 64.14500 -0.00000  0.00000 
 64.24500 -0.00000  0.00000 
 64.34500 -0.00000  0.00000 
 64.44500 -0.00000  0.00000 
 64.54500 -0.00000  0.00000 
 64.64500 -0.00000  0.00000 
 64.74500 -0.00000  0.00000 
 64.84500 -0.00000  0.00000 
