  0.04500  0.98016  0.97998 
  0.14500  0.97988  0.97973 
  0.24500  0.97933  0.97916 
  0.34500  0.97848  0.97833 
  0.44500  0.97736  0.97716 
  0.54500  0.97590  0.97571 
  0.64500  0.97410  0.97395 
  0.74500  0.97204  0.97185 
  0.84500  0.96961  0.96944 
  0.94500  0.96687  0.96669 
  1.04500  0.96377  0.96358 
  1.14500  0.96029  0.96010 
  1.24500  0.95642  0.95626 
  1.34500  0.95217  0.95200 
  1.44500  0.94752  0.94733 
  1.54500  0.94246  0.94225 
  1.64500  0.93692  0.93673 
  1.74500  0.93096  0.93075 
  1.84500  0.92449  0.92432 
  1.94500  0.91758  0.91740 
  2.04500  0.91016  0.90997 
  2.14500  0.90222  0.90205 
  2.24500  0.89378  0.89360 
  2.34500  0.88483  0.88465 
  2.44500  0.87533  0.87514 
  2.54500  0.86530  0.86510 
  2.64500  0.85473  0.85453 
  2.74500  0.84361  0.84343 
  2.84500  0.83198  0.83179 
  2.94500  0.81980  0.81963 
  3.04500  0.80713  0.80694 
  3.14500  0.79392  0.79375 
  3.24500  0.78024  0.78008 
  3.34500  0.76609  0.76593 
  3.44500  0.75147  0.75133 
  3.54500  0.73645  0.73632 
  3.64500  0.72105  0.72093 
  3.74500  0.70530  0.70518 
  3.84500  0.68925  0.68909 
  3.94500  0.67293  0.67274 
  4.04500  0.65635  0.65615 
  4.14500  0.63956  0.63939 
  4.24500  0.62257  0.62245 
  4.34500  0.60548  0.60545 
  4.44500  0.58839  0.58845 
  4.54500  0.57141  0.57145 
  4.64500  0.55462  0.55456 
  4.74500  0.53814  0.53780 
  4.84500  0.52114  0.52127 
  4.94500  0.50486  0.50501 
  5.04500  0.48914  0.48907 
  5.14500  0.47369  0.47353 
  5.24500  0.45858  0.45848 
  5.34500  0.44396  0.44391 
  5.44500  0.42991  0.42997 
  5.54500  0.41655  0.41666 
  5.64500  0.40393  0.40405 
  5.74500  0.39209  0.39220 
  5.84500  0.38109  0.38115 
  5.94500  0.37091  0.37096 
  6.04500  0.36164  0.36169 
  6.14500  0.35332  0.35334 
  6.24500  0.34595  0.34599 
  6.34500  0.33958  0.33964 
  6.44500  0.33426  0.33431 
  6.54500  0.33003  0.33008 
  6.64500  0.32683  0.32692 
  6.74500  0.32476  0.32483 
  6.84500  0.32377  0.32383 
  6.94500  0.32388  0.32394 
  7.04500  0.32509  0.32516 
  7.14500  0.32740  0.32743 
  7.24500  0.33072  0.33079 
  7.34500  0.33513  0.33517 
  7.44500  0.34055  0.34057 
  7.54500  0.34693  0.34695 
  7.64500  0.35423  0.35426 
  7.74500  0.36246  0.36247 
  7.84500  0.37150  0.37153 
  7.94500  0.38133  0.38137 
  8.04500  0.39191  0.39197 
  8.14500  0.40316  0.40324 
  8.24500  0.41506  0.41512 
  8.34500  0.42755  0.42751 
  8.44500  0.44051  0.44038 
  8.54500  0.45384  0.45366 
  8.64500  0.46740  0.46726 
  8.74500  0.48109  0.48108 
  8.84500  0.49479  0.49507 
  8.94500  0.50948  0.50911 
  9.04500  0.52341  0.52320 
  9.14500  0.53719  0.53717 
  9.24500  0.55094  0.55098 
  9.34500  0.56457  0.56454 
  9.44500  0.57792  0.57782 
  9.54500  0.59086  0.59065 
  9.64500  0.60326  0.60306 
  9.74500  0.61515  0.61489 
  9.84500  0.62637  0.62613 
  9.94500  0.63689  0.63670 
 10.04500  0.64671  0.64652 
 10.14500  0.65576  0.65556 
 10.24500  0.66394  0.66376 
 10.34500  0.67126  0.67107 
 10.44500  0.67764  0.67744 
 10.54500  0.68303  0.68283 
 10.64500  0.68745  0.68723 
 10.74500  0.69082  0.69060 
 10.84500  0.69313  0.69291 
 10.94500  0.69437  0.69416 
 11.04500  0.69455  0.69430 
 11.14500  0.69360  0.69339 
 11.24500  0.69161  0.69138 
 11.34500  0.68853  0.68830 
 11.44500  0.68439  0.68416 
 11.54500  0.67917  0.67895 
 11.64500  0.67296  0.67276 
 11.74500  0.66575  0.66554 
 11.84500  0.65758  0.65740 
 11.94500  0.64850  0.64832 
 12.04500  0.63855  0.63836 
 12.14500  0.62779  0.62758 
 12.24500  0.61626  0.61599 
 12.34500  0.60397  0.60373 
 12.44500  0.59102  0.59078 
 12.54500  0.57741  0.57724 
 12.64500  0.56323  0.56316 
 12.74500  0.54858  0.54860 
 12.84500  0.53362  0.53363 
 12.94500  0.51845  0.51838 
 13.04500  0.50317  0.50284 
 13.14500  0.48717  0.48712 
 13.24500  0.47114  0.47129 
 13.34500  0.45550  0.45543 
 13.44500  0.43977  0.43960 
 13.54500  0.42405  0.42389 
 13.64500  0.40847  0.40836 
 13.74500  0.39309  0.39309 
 13.84500  0.37808  0.37815 
 13.94500  0.36349  0.36360 
 14.04500  0.34942  0.34952 
 14.14500  0.33587  0.33594 
 14.24500  0.32291  0.32295 
 14.34500  0.31058  0.31060 
 14.44500  0.29893  0.29895 
 14.54500  0.28797  0.28804 
 14.64500  0.27787  0.27793 
 14.74500  0.26859  0.26867 
 14.84500  0.26019  0.26026 
 14.94500  0.25269  0.25279 
 15.04500  0.24616  0.24625 
 15.14500  0.24059  0.24071 
 15.24500  0.23606  0.23617 
 15.34500  0.23255  0.23267 
 15.44500  0.23007  0.23015 
 15.54500  0.22862  0.22872 
 15.64500  0.22824  0.22834 
 15.74500  0.22893  0.22904 
 15.84500  0.23066  0.23078 
 15.94500  0.23347  0.23359 
 16.04500  0.23730  0.23743 
 16.14500  0.24219  0.24229 
 16.24500  0.24810  0.24819 
 16.34500  0.25496  0.25506 
 16.44500  0.26284  0.26290 
 16.54500  0.27159  0.27169 
 16.64500  0.28130  0.28136 
 16.74500  0.29185  0.29190 
 16.84500  0.30322  0.30327 
 16.94500  0.31538  0.31542 
 17.04500  0.32823  0.32830 
 17.14500  0.34177  0.34183 
 17.24500  0.35590  0.35602 
 17.34500  0.37066  0.37075 
 17.44500  0.38597  0.38602 
 17.54500  0.40172  0.40172 
 17.64500  0.41791  0.41783 
 17.74500  0.43440  0.43423 
 17.84500  0.45107  0.45091 
 17.94500  0.46782  0.46776 
 18.04500  0.48456  0.48475 
 18.14500  0.50197  0.50179 
 18.24500  0.51909  0.51885 
 18.34500  0.53580  0.53575 
 18.44500  0.55252  0.55254 
 18.54500  0.56910  0.56912 
 18.64500  0.58547  0.58538 
 18.74500  0.60150  0.60132 
 18.84500  0.61705  0.61684 
 18.94500  0.63209  0.63187 
 19.04500  0.64658  0.64635 
 19.14500  0.66044  0.66026 
 19.24500  0.67369  0.67350 
 19.34500  0.68622  0.68605 
 19.44500  0.69799  0.69781 
 19.54500  0.70897  0.70879 
 19.64500  0.71911  0.71891 
 19.74500  0.72836  0.72818 
 19.84500  0.73669  0.73648 
 19.94500  0.74409  0.74383 
 20.04500  0.75046  0.75023 
 20.14500  0.75586  0.75560 
 20.24500  0.76018  0.75995 
 20.34500  0.76348  0.76321 
 20.44500  0.76571  0.76544 
 20.54500  0.76687  0.76662 
 20.64500  0.76695  0.76669 
 20.74500  0.76597  0.76571 
 20.84500  0.76391  0.76365 
 20.94500  0.76078  0.76054 
 21.04500  0.75662  0.75638 
 21.14500  0.75142  0.75120 
 21.24500  0.74521  0.74498 
 21.34500  0.73802  0.73781 
 21.44500  0.72986  0.72966 
 21.54500  0.72079  0.72058 
 21.64500  0.71082  0.71065 
 21.74500  0.70002  0.69986 
 21.84500  0.68842  0.68826 
 21.94500  0.67607  0.67589 
 22.04500  0.66305  0.66285 
 22.14500  0.64936  0.64916 
 22.24500  0.63510  0.63488 
 22.34500  0.62026  0.62004 
 22.44500  0.60492  0.60475 
 22.54500  0.58914  0.58906 
 22.64500  0.57300  0.57302 
 22.74500  0.55664  0.55669 
 22.84500  0.54018  0.54018 
 22.94500  0.52371  0.52352 
 23.04500  0.50705  0.50680 
 23.14500  0.48980  0.49007 
 23.24500  0.47341  0.47342 
 23.34500  0.45704  0.45692 
 23.44500  0.44078  0.44063 
 23.54500  0.42470  0.42463 
 23.64500  0.40893  0.40896 
 23.74500  0.39364  0.39375 
 23.84500  0.37884  0.37897 
 23.94500  0.36463  0.36475 
 24.04500  0.35106  0.35115 
 24.14500  0.33814  0.33819 
 24.24500  0.32590  0.32596 
 24.34500  0.31444  0.31449 
 24.44500  0.30376  0.30385 
 24.54500  0.29398  0.29406 
 24.64500  0.28506  0.28517 
 24.74500  0.27710  0.27722 
 24.84500  0.27012  0.27024 
 24.94500  0.26413  0.26427 
 25.04500  0.25916  0.25931 
 25.14500  0.25526  0.25538 
 25.24500  0.25242  0.25253 
 25.34500  0.25065  0.25074 
 25.44500  0.24990  0.25004 
 25.54500  0.25027  0.25040 
 25.64500  0.25172  0.25184 
 25.74500  0.25422  0.25436 
 25.84500  0.25777  0.25792 
 25.94500  0.26237  0.26249 
 26.04500  0.26796  0.26812 
 26.14500  0.27457  0.27468 
 26.24500  0.28213  0.28222 
 26.34500  0.29058  0.29067 
 26.44500  0.29995  0.30003 
 26.54500  0.31014  0.31018 
 26.64500  0.32109  0.32114 
 26.74500  0.33276  0.33283 
 26.84500  0.34511  0.34519 
 26.94500  0.35807  0.35817 
 27.04500  0.37161  0.37173 
 27.14500  0.38567  0.38575 
 27.24500  0.40017  0.40020 
 27.34500  0.41510  0.41505 
 27.44500  0.43026  0.43011 
 27.54500  0.44559  0.44542 
 27.64500  0.46092  0.46085 
 27.74500  0.47617  0.47635 
 27.84500  0.49201  0.49185 
 27.94500  0.50755  0.50725 
 28.04500  0.52256  0.52250 
 28.14500  0.53744  0.53749 
 28.24500  0.55216  0.55216 
 28.34500  0.56652  0.56647 
 28.44500  0.58044  0.58028 
 28.54500  0.59380  0.59358 
 28.64500  0.60654  0.60628 
 28.74500  0.61856  0.61834 
 28.84500  0.62988  0.62966 
 28.94500  0.64043  0.64024 
 29.04500  0.65016  0.64996 
 29.14500  0.65900  0.65881 
 29.24500  0.66693  0.66674 
 29.34500  0.67393  0.67371 
 29.44500  0.67989  0.67970 
 29.54500  0.68486  0.68465 
 29.64500  0.68877  0.68855 
 29.74500  0.69160  0.69136 
 29.84500  0.69336  0.69311 
 29.94500  0.69401  0.69378 
 30.04500  0.69357  0.69333 
 30.14500  0.69204  0.69180 
 30.24500  0.68941  0.68920 
 30.34500  0.68573  0.68552 
 30.44500  0.68100  0.68079 
 30.54500  0.67522  0.67504 
 30.64500  0.66846  0.66829 
 30.74500  0.66075  0.66057 
 30.84500  0.65212  0.65195 
 30.94500  0.64265  0.64248 
 31.04500  0.63236  0.63216 
 31.14500  0.62129  0.62109 
 31.24500  0.60951  0.60928 
 31.34500  0.59708  0.59686 
 31.44500  0.58400  0.58384 
 31.54500  0.57036  0.57030 
 31.64500  0.55629  0.55632 
 31.74500  0.54190  0.54195 
 31.84500  0.52730  0.52730 
 31.94500  0.51264  0.51245 
 32.04500  0.49762  0.49741 
 32.14500  0.48206  0.48232 
 32.24500  0.46724  0.46725 
 32.34500  0.45236  0.45225 
 32.44500  0.43753  0.43741 
 32.54500  0.42289  0.42281 
 32.64500  0.40851  0.40853 
 32.74500  0.39455  0.39464 
 32.84500  0.38109  0.38120 
 32.94500  0.36818  0.36829 
 33.04500  0.35587  0.35600 
 33.14500  0.34422  0.34433 
 33.24500  0.33329  0.33338 
 33.34500  0.32309  0.32317 
 33.44500  0.31373  0.31383 
 33.54500  0.30523  0.30533 
 33.64500  0.29764  0.29777 
 33.74500  0.29098  0.29112 
 33.84500  0.28534  0.28547 
 33.94500  0.28067  0.28082 
 34.04500  0.27707  0.27721 
 34.14500  0.27451  0.27465 
 34.24500  0.27303  0.27318 
 34.34500  0.27262  0.27276 
 34.44500  0.27330  0.27343 
 34.54500  0.27504  0.27518 
 34.64500  0.27785  0.27801 
 34.74500  0.28172  0.28188 
 34.84500  0.28665  0.28678 
 34.94500  0.29257  0.29270 
 35.04500  0.29948  0.29959 
 35.14500  0.30737  0.30747 
 35.24500  0.31616  0.31622 
 35.34500  0.32580  0.32591 
 35.44500  0.33629  0.33637 
 35.54500  0.34751  0.34763 
 35.64500  0.35951  0.35960 
 35.74500  0.37212  0.37226 
 35.84500  0.38538  0.38550 
 35.94500  0.39920  0.39930 
 36.04500  0.41351  0.41356 
 36.14500  0.42827  0.42821 
 36.24500  0.44333  0.44320 
 36.34500  0.45859  0.45848 
 36.44500  0.47387  0.47391 
 36.54500  0.48916  0.48948 
 36.64500  0.50542  0.50506 
 36.74500  0.52079  0.52060 
 36.84500  0.53603  0.53604 
 36.94500  0.55123  0.55130 
 37.04500  0.56626  0.56626 
 37.14500  0.58097  0.58089 
 37.24500  0.59528  0.59510 
 37.34500  0.60908  0.60887 
 37.44500  0.62227  0.62204 
 37.54500  0.63483  0.63464 
 37.64500  0.64671  0.64655 
 37.74500  0.65788  0.65771 
 37.84500  0.66830  0.66812 
 37.94500  0.67783  0.67769 
 38.04500  0.68652  0.68635 
 38.14500  0.69429  0.69409 
 38.24500  0.70109  0.70090 
 38.34500  0.70689  0.70668 
 38.44500  0.71166  0.71144 
 38.54500  0.71537  0.71517 
 38.64500  0.71804  0.71781 
 38.74500  0.71961  0.71940 
 38.84500  0.72011  0.71987 
 38.94500  0.71949  0.71927 
 39.04500  0.71783  0.71758 
 39.14500  0.71503  0.71482 
 39.24500  0.71119  0.71100 
 39.34500  0.70633  0.70612 
 39.44500  0.70044  0.70021 
 39.54500  0.69352  0.69334 
 39.64500  0.68566  0.68550 
 39.74500  0.67689  0.67671 
 39.84500  0.66722  0.66708 
 39.94500  0.65678  0.65660 
 40.04500  0.64552  0.64534 
 40.14500  0.63357  0.63336 
 40.24500  0.62092  0.62071 
 40.34500  0.60765  0.60744 
 40.44500  0.59382  0.59366 
 40.54500  0.57946  0.57938 
 40.64500  0.56471  0.56471 
 40.74500  0.54963  0.54971 
 40.84500  0.53445  0.53444 
 40.94500  0.51920  0.51900 
 41.04500  0.50371  0.50344 
 41.14500  0.48757  0.48785 
 41.24500  0.47231  0.47230 
 41.34500  0.45700  0.45688 
 41.44500  0.44181  0.44166 
 41.54500  0.42674  0.42669 
 41.64500  0.41203  0.41207 
 41.74500  0.39777  0.39785 
 41.84500  0.38400  0.38413 
 41.94500  0.37083  0.37097 
 42.04500  0.35826  0.35837 
 42.14500  0.34641  0.34648 
 42.24500  0.33525  0.33532 
 42.34500  0.32488  0.32495 
 42.44500  0.31533  0.31541 
 42.54500  0.30664  0.30675 
 42.64500  0.29890  0.29901 
 42.74500  0.29214  0.29226 
 42.84500  0.28635  0.28649 
 42.94500  0.28159  0.28174 
 43.04500  0.27788  0.27802 
 43.14500  0.27524  0.27539 
 43.24500  0.27368  0.27384 
 43.34500  0.27320  0.27336 
 43.44500  0.27381  0.27399 
 43.54500  0.27556  0.27571 
 43.64500  0.27837  0.27852 
 43.74500  0.28223  0.28239 
 43.84500  0.28714  0.28730 
 43.94500  0.29312  0.29325 
 44.04500  0.30010  0.30023 
 44.14500  0.30807  0.30817 
 44.24500  0.31694  0.31704 
 44.34500  0.32674  0.32684 
 44.44500  0.33736  0.33747 
 44.54500  0.34880  0.34893 
 44.64500  0.36098  0.36112 
 44.74500  0.37390  0.37402 
 44.84500  0.38742  0.38758 
 44.94500  0.40159  0.40172 
 45.04500  0.41630  0.41637 
 45.14500  0.43152  0.43147 
 45.24500  0.44708  0.44697 
 45.34500  0.46287  0.46280 
 45.44500  0.47876  0.47884 
 45.54500  0.49474  0.49508 
 45.64500  0.51171  0.51142 
 45.74500  0.52793  0.52778 
 45.84500  0.54408  0.54411 
 45.94500  0.56024  0.56033 
 46.04500  0.57631  0.57636 
 46.14500  0.59218  0.59213 
 46.24500  0.60770  0.60758 
 46.34500  0.62282  0.62263 
 46.44500  0.63742  0.63727 
 46.54500  0.65150  0.65135 
 46.64500  0.66499  0.66487 
 46.74500  0.67788  0.67772 
 46.84500  0.69004  0.68993 
 46.94500  0.70150  0.70134 
 47.04500  0.71215  0.71203 
 47.14500  0.72198  0.72183 
 47.24500  0.73093  0.73077 
 47.34500  0.73896  0.73878 
 47.44500  0.74607  0.74586 
 47.54500  0.75216  0.75197 
 47.64500  0.75726  0.75705 
 47.74500  0.76132  0.76114 
 47.84500  0.76437  0.76416 
 47.94500  0.76635  0.76614 
 48.04500  0.76727  0.76706 
 48.14500  0.76711  0.76688 
 48.24500  0.76589  0.76569 
 48.34500  0.76363  0.76341 
 48.44500  0.76031  0.76008 
 48.54500  0.75594  0.75573 
 48.64500  0.75055  0.75035 
 48.74500  0.74417  0.74399 
 48.84500  0.73683  0.73664 
 48.94500  0.72851  0.72835 
 49.04500  0.71934  0.71916 
 49.14500  0.70924  0.70911 
 49.24500  0.69837  0.69824 
 49.34500  0.68671  0.68657 
 49.44500  0.67435  0.67418 
 49.54500  0.66130  0.66112 
 49.64500  0.64763  0.64745 
 49.74500  0.63339  0.63319 
 49.84500  0.61864  0.61845 
 49.94500  0.60342  0.60328 
 50.04500  0.58778  0.58773 
 50.14500  0.57182  0.57190 
 50.24500  0.55572  0.55578 
 50.34500  0.53957  0.53954 
 50.44500  0.52343  0.52319 
 50.54500  0.50691  0.50682 
 50.64500  0.49028  0.49050 
 50.74500  0.47432  0.47432 
 50.84500  0.45845  0.45833 
 50.94500  0.44271  0.44260 
 51.04500  0.42725  0.42720 
 51.14500  0.41217  0.41222 
 51.24500  0.39759  0.39771 
 51.34500  0.38361  0.38374 
 51.44500  0.37024  0.37036 
 51.54500  0.35754  0.35765 
 51.64500  0.34557  0.34567 
 51.74500  0.33439  0.33445 
 51.84500  0.32401  0.32405 
 51.94500  0.31446  0.31454 
 52.04500  0.30585  0.30593 
 52.14500  0.29817  0.29829 
 52.24500  0.29148  0.29162 
 52.34500  0.28584  0.28597 
 52.44500  0.28122  0.28136 
 52.54500  0.27768  0.27781 
 52.64500  0.27523  0.27536 
 52.74500  0.27384  0.27399 
 52.84500  0.27357  0.27373 
 52.94500  0.27442  0.27455 
 53.04500  0.27635  0.27649 
 53.14500  0.27936  0.27951 
 53.24500  0.28345  0.28359 
 53.34500  0.28859  0.28873 
 53.44500  0.29479  0.29492 
 53.54500  0.30199  0.30209 
 53.64500  0.31013  0.31024 
 53.74500  0.31924  0.31933 
 53.84500  0.32921  0.32930 
 53.94500  0.34004  0.34011 
 54.04500  0.35163  0.35174 
 54.14500  0.36398  0.36411 
 54.24500  0.37702  0.37716 
 54.34500  0.39069  0.39084 
 54.44500  0.40500  0.40511 
 54.54500  0.41985  0.41985 
 54.64500  0.43514  0.43507 
 54.74500  0.45075  0.45064 
 54.84500  0.46660  0.46650 
 54.94500  0.48248  0.48262 
 55.04500  0.49856  0.49888 
 55.14500  0.51560  0.51524 
 55.24500  0.53169  0.53159 
 55.34500  0.54782  0.54790 
 55.44500  0.56399  0.56408 
 55.54500  0.58002  0.58006 
 55.64500  0.59582  0.59574 
 55.74500  0.61127  0.61112 
 55.84500  0.62624  0.62608 
 55.94500  0.64074  0.64056 
 56.04500  0.65468  0.65452 
 56.14500  0.66801  0.66790 
 56.24500  0.68071  0.68061 
 56.34500  0.69272  0.69261 
 56.44500  0.70397  0.70388 
 56.54500  0.71444  0.71433 
 56.64500  0.72405  0.72391 
 56.74500  0.73278  0.73264 
 56.84500  0.74058  0.74044 
 56.94500  0.74739  0.74726 
 57.04500  0.75326  0.75308 
 57.14500  0.75808  0.75793 
 57.24500  0.76190  0.76172 
 57.34500  0.76462  0.76446 
 57.44500  0.76632  0.76614 
 57.54500  0.76692  0.76677 
 57.64500  0.76646  0.76631 
 57.74500  0.76493  0.76475 
 57.84500  0.76232  0.76213 
 57.94500  0.75863  0.75846 
 58.04500  0.75391  0.75372 
 58.14500  0.74813  0.74796 
 58.24500  0.74136  0.74119 
 58.34500  0.73358  0.73343 
 58.44500  0.72486  0.72470 
 58.54500  0.71516  0.71504 
 58.64500  0.70461  0.70449 
 58.74500  0.69317  0.69306 
 58.84500  0.68092  0.68083 
 58.94500  0.66795  0.66783 
 59.04500  0.65425  0.65409 
 59.14500  0.63987  0.63968 
 59.24500  0.62482  0.62465 
 59.34500  0.60917  0.60904 
 59.44500  0.59299  0.59290 
 59.54500  0.57628  0.57630 
 59.64500  0.55921  0.55930 
 59.74500  0.54188  0.54194 
 59.84500  0.52436  0.52430 
 59.94500  0.50676  0.50640 
 60.04500  0.48828  0.48836 
 60.14500  0.47003  0.47019 
 60.24500  0.45202  0.45195 
 60.34500  0.43386  0.43371 
 60.44500  0.41562  0.41553 
 60.54500  0.39747  0.39740 
 60.64500  0.37941  0.37947 
 60.74500  0.36164  0.36173 
 60.84500  0.34411  0.34422 
 60.94500  0.32693  0.32699 
 61.04500  0.31005  0.31012 
 61.14500  0.29353  0.29360 
 61.24500  0.27747  0.27748 
 61.34500  0.26175  0.26179 
 61.44500  0.24651  0.24655 
 61.54500  0.23175  0.23182 
 61.64500  0.21752  0.21760 
 61.74500  0.20380  0.20388 
 61.84500  0.19064  0.19072 
 61.94500  0.17804  0.17811 
 62.04500  0.16598  0.16607 
 62.14500  0.15454  0.15461 
 62.24500  0.14366  0.14375 
 62.34500  0.13338  0.13346 
 62.44500  0.12367  0.12376 
 62.54500  0.11456  0.11462 
 62.64500  0.10599  0.10608 
 62.74500  0.09805  0.09813 
 62.84500  0.09063  0.09076 
 62.94500  0.08382  0.08391 
 63.04500  0.07755  0.07763 
 63.14500  0.07183  0.07192 
 63.24500  0.06663  0.06676 
 63.34500  0.06202  0.06210 
 63.44500  0.05789  0.05797 
 63.54500  0.05430  0.05438 
 63.64500  0.05121  0.05129 
 63.74500  0.04862  0.04870 
 63.84500  0.04654  0.04663 
 63.94500  0.04494  0.04504 
 64.04500  0.04384  0.04392 
 64.14500  0.04321  0.04332 
