  0.04500  0.99998  1.00000 
  0.14500  0.99998  1.00000 
  0.24500  1.00000  1.00000 
  0.34500  1.00000  1.00000 
  0.44500  1.00000  1.00000 
  0.54500  0.99998  1.00000 
  0.64500  0.99995  1.00000 
  0.74500  0.99995  1.00000 
  0.84500  0.99995  0.99991 
  0.94500  0.99991  0.99990 
  1.04500  0.99987  0.99990 
  1.14500  0.99982  0.99980 
  1.24500  0.99973  0.99974 
  1.34500  0.99961  0.99963 
  1.44500  0.99947  0.99946 
  1.54500  0.99923  0.99925 
  1.64500  0.99895  0.99897 
  1.74500  0.99856  0.99858 
  1.84500  0.99805  0.99805 
  1.94500  0.99737  0.99736 
  2.04500  0.99645  0.99645 
  2.14500  0.99529  0.99529 
  2.24500  0.99379  0.99378 
  2.34500  0.99186  0.99186 
  2.44500  0.98942  0.98943 
  2.54500  0.98640  0.98640 
  2.64500  0.98263  0.98265 
  2.74500  0.97805  0.97803 
  2.84500  0.97244  0.97245 
  2.94500  0.96571  0.96570 
  3.04500  0.95770  0.95768 
  3.14500  0.94819  0.94818 
  3.24500  0.93710  0.93705 
  3.34500  0.92422  0.92417 
  3.44500  0.90942  0.90937 
  3.54500  0.89257  0.89251 
  3.64500  0.87358  0.87351 
  3.74500  0.85236  0.85229 
  3.84500  0.82887  0.82883 
  3.94500  0.80313  0.80307 
  4.04500  0.77518  0.77512 
  4.14500  0.74511  0.74504 
  4.24500  0.71307  0.71299 
  4.34500  0.67922  0.67913 
  4.44500  0.64380  0.64374 
  4.54500  0.60708  0.60704 
  4.64500  0.56936  0.56938 
  4.74500  0.53102  0.53107 
  4.84500  0.49249  0.49248 
  4.94500  0.45397  0.45397 
  5.04500  0.41586  0.41588 
  5.14500  0.37853  0.37861 
  5.24500  0.34233  0.34243 
  5.34500  0.30758  0.30769 
  5.44500  0.27454  0.27465 
  5.54500  0.24342  0.24351 
  5.64500  0.21440  0.21447 
  5.74500  0.18760  0.18769 
  5.84500  0.16313  0.16322 
  5.94500  0.14109  0.14117 
  6.04500  0.12147  0.12155 
  6.14500  0.10425  0.10436 
  6.24500  0.08948  0.08954 
  6.34500  0.07700  0.07708 
  6.44500  0.06685  0.06692 
  6.54500  0.05891  0.05896 
  6.64500  0.05317  0.05323 
  6.74500  0.04955  0.04960 
  6.84500  0.04804  0.04810 
  6.94500  0.04866  0.04871 
  7.04500  0.05134  0.05138 
  7.14500  0.05614  0.05621 
  7.24500  0.06311  0.06320 
  7.34500  0.07232  0.07239 
  7.44500  0.08378  0.08386 
  7.54500  0.09754  0.09762 
  7.64500  0.11369  0.11378 
  7.74500  0.13227  0.13235 
  7.84500  0.15327  0.15335 
  7.94500  0.17668  0.17676 
  8.04500  0.20248  0.20255 
  8.14500  0.23053  0.23062 
  8.24500  0.26075  0.26086 
  8.34500  0.29299  0.29311 
  8.44500  0.32703  0.32714 
  8.54500  0.36264  0.36273 
  8.64500  0.39949  0.39956 
  8.74500  0.43734  0.43733 
  8.84500  0.47575  0.47571 
  8.94500  0.51423  0.51428 
  9.04500  0.55271  0.55274 
  9.14500  0.59074  0.59071 
  9.24500  0.62792  0.62784 
  9.34500  0.66387  0.66379 
  9.44500  0.69841  0.69831 
  9.54500  0.73118  0.73110 
  9.64500  0.76200  0.76193 
  9.74500  0.79075  0.79069 
  9.84500  0.81725  0.81721 
  9.94500  0.84144  0.84139 
 10.04500  0.86328  0.86322 
 10.14500  0.88275  0.88268 
 10.24500  0.89986  0.89980 
 10.34500  0.91467  0.91461 
 10.44500  0.92723  0.92719 
 10.54500  0.93764  0.93762 
 10.64500  0.94598  0.94594 
 10.74500  0.95230  0.95225 
 10.84500  0.95664  0.95663 
 10.94500  0.95912  0.95908 
 11.04500  0.95968  0.95965 
 11.14500  0.95837  0.95833 
 11.24500  0.95516  0.95512 
 11.34500  0.95003  0.94999 
 11.44500  0.94294  0.94289 
 11.54500  0.93381  0.93373 
 11.64500  0.92255  0.92249 
 11.74500  0.90910  0.90904 
 11.84500  0.89339  0.89334 
 11.94500  0.87535  0.87528 
 12.04500  0.85494  0.85489 
 12.14500  0.83219  0.83213 
 12.24500  0.80705  0.80701 
 12.34500  0.77965  0.77960 
 12.44500  0.75007  0.75002 
 12.54500  0.71844  0.71835 
 12.64500  0.68497  0.68488 
 12.74500  0.64985  0.64976 
 12.84500  0.61336  0.61330 
 12.94500  0.57578  0.57579 
 13.04500  0.53752  0.53759 
 13.14500  0.49900  0.49901 
 13.24500  0.46047  0.46046 
 13.34500  0.42221  0.42223 
 13.44500  0.38469  0.38477 
 13.54500  0.34824  0.34834 
 13.64500  0.31314  0.31327 
 13.74500  0.27969  0.27977 
 13.84500  0.24809  0.24816 
 13.94500  0.21848  0.21855 
 14.04500  0.19102  0.19111 
 14.14500  0.16578  0.16587 
 14.24500  0.14284  0.14290 
 14.34500  0.12213  0.12222 
 14.44500  0.10369  0.10376 
 14.54500  0.08736  0.08743 
 14.64500  0.07311  0.07318 
 14.74500  0.06080  0.06086 
 14.84500  0.05025  0.05032 
 14.94500  0.04140  0.04146 
 15.04500  0.03406  0.03410 
 15.14500  0.02811  0.02814 
 15.24500  0.02342  0.02346 
 15.34500  0.01991  0.01995 
 15.44500  0.01747  0.01752 
 15.54500  0.01608  0.01612 
 15.64500  0.01566  0.01572 
 15.74500  0.01623  0.01628 
 15.84500  0.01781  0.01783 
 15.94500  0.02041  0.02043 
 16.04500  0.02410  0.02415 
 16.14500  0.02898  0.02902 
 16.24500  0.03516  0.03520 
 16.34500  0.04272  0.04277 
 16.44500  0.05185  0.05190 
 16.54500  0.06265  0.06273 
 16.64500  0.07530  0.07535 
 16.74500  0.08986  0.08992 
 16.84500  0.10652  0.10658 
 16.94500  0.12532  0.12541 
 17.04500  0.14636  0.14647 
 17.14500  0.16971  0.16978 
 17.24500  0.19530  0.19537 
 17.34500  0.22313  0.22318 
 17.44500  0.25304  0.25313 
 17.54500  0.28499  0.28508 
 17.64500  0.31871  0.31884 
 17.74500  0.35405  0.35414 
 17.84500  0.39071  0.39079 
 17.94500  0.42839  0.42840 
 18.04500  0.46672  0.46667 
 18.14500  0.50524  0.50527 
 18.24500  0.54378  0.54383 
 18.34500  0.58197  0.58196 
 18.44500  0.61940  0.61933 
 18.54500  0.65574  0.65563 
 18.64500  0.69065  0.69055 
 18.74500  0.72391  0.72381 
 18.84500  0.75529  0.75523 
 18.94500  0.78465  0.78461 
 19.04500  0.81189  0.81181 
 19.14500  0.83685  0.83680 
 19.24500  0.85955  0.85950 
 19.34500  0.88000  0.87992 
 19.44500  0.89820  0.89814 
 19.54500  0.91426  0.91419 
 19.64500  0.92825  0.92820 
 19.74500  0.94036  0.94030 
 19.84500  0.95064  0.95063 
 19.94500  0.95930  0.95925 
 20.04500  0.96641  0.96639 
 20.14500  0.97215  0.97212 
 20.24500  0.97659  0.97657 
 20.34500  0.97986  0.97986 
 20.44500  0.98201  0.98200 
 20.54500  0.98313  0.98311 
 20.64500  0.98320  0.98317 
 20.74500  0.98223  0.98222 
 20.84500  0.98022  0.98022 
 20.94500  0.97710  0.97711 
 21.04500  0.97282  0.97280 
 21.14500  0.96728  0.96726 
 21.24500  0.96034  0.96033 
 21.34500  0.95193  0.95188 
 21.44500  0.94186  0.94181 
 21.54500  0.93002  0.92997 
 21.64500  0.91626  0.91622 
 21.74500  0.90050  0.90045 
 21.84500  0.88261  0.88255 
 21.94500  0.86248  0.86240 
 22.04500  0.84009  0.84003 
 22.14500  0.81542  0.81536 
 22.24500  0.78851  0.78844 
 22.34500  0.75943  0.75938 
 22.44500  0.72831  0.72823 
 22.54500  0.69528  0.69520 
 22.64500  0.66058  0.66049 
 22.74500  0.62441  0.62437 
 22.84500  0.58713  0.58711 
 22.94500  0.54902  0.54906 
 23.04500  0.51050  0.51055 
 23.14500  0.47199  0.47193 
 23.24500  0.43357  0.43361 
 23.34500  0.39581  0.39585 
 23.44500  0.35899  0.35907 
 23.54500  0.32346  0.32356 
 23.64500  0.28950  0.28960 
 23.74500  0.25732  0.25742 
 23.84500  0.22711  0.22718 
 23.94500  0.19903  0.19911 
 24.04500  0.17315  0.17322 
 24.14500  0.14953  0.14961 
 24.24500  0.12822  0.12829 
 24.34500  0.10915  0.10923 
 24.44500  0.09229  0.09237 
 24.54500  0.07756  0.07763 
 24.64500  0.06481  0.06487 
 24.74500  0.05395  0.05400 
 24.84500  0.04487  0.04490 
 24.94500  0.03740  0.03742 
 25.04500  0.03144  0.03149 
 25.14500  0.02691  0.02695 
 25.24500  0.02371  0.02376 
 25.34500  0.02178  0.02182 
 25.44500  0.02107  0.02112 
 25.54500  0.02158  0.02161 
 25.64500  0.02330  0.02335 
 25.74500  0.02628  0.02632 
 25.84500  0.03058  0.03063 
 25.94500  0.03629  0.03631 
 26.04500  0.04348  0.04354 
 26.14500  0.05229  0.05234 
 26.24500  0.06286  0.06292 
 26.34500  0.07526  0.07535 
 26.44500  0.08965  0.08975 
 26.54500  0.10615  0.10623 
 26.64500  0.12482  0.12490 
 26.74500  0.14577  0.14586 
 26.84500  0.16898  0.16906 
 26.94500  0.19449  0.19456 
 27.04500  0.22223  0.22228 
 27.14500  0.25207  0.25216 
 27.24500  0.28392  0.28402 
 27.34500  0.31760  0.31771 
 27.44500  0.35287  0.35297 
 27.54500  0.38950  0.38957 
 27.64500  0.42713  0.42714 
 27.74500  0.46545  0.46541 
 27.84500  0.50399  0.50400 
 27.94500  0.54251  0.54253 
 28.04500  0.58072  0.58067 
 28.14500  0.61814  0.61808 
 28.24500  0.65447  0.65437 
 28.34500  0.68940  0.68930 
 28.44500  0.72265  0.72258 
 28.54500  0.75402  0.75397 
 28.64500  0.78333  0.78326 
 28.74500  0.81043  0.81038 
 28.84500  0.83525  0.83519 
 28.94500  0.85773  0.85766 
 29.04500  0.87783  0.87774 
 29.14500  0.89554  0.89547 
 29.24500  0.91096  0.91090 
 29.34500  0.92412  0.92406 
 29.44500  0.93509  0.93505 
 29.54500  0.94399  0.94392 
 29.64500  0.95081  0.95078 
 29.74500  0.95568  0.95564 
 29.84500  0.95864  0.95862 
 29.94500  0.95971  0.95967 
 30.04500  0.95889  0.95886 
 30.14500  0.95620  0.95618 
 30.24500  0.95160  0.95158 
 30.34500  0.94504  0.94499 
 30.44500  0.93643  0.93639 
 30.54500  0.92573  0.92571 
 30.64500  0.91290  0.91283 
 30.74500  0.89780  0.89772 
 30.84500  0.88036  0.88032 
 30.94500  0.86059  0.86055 
 31.04500  0.83846  0.83842 
 31.14500  0.81396  0.81389 
 31.24500  0.78716  0.78710 
 31.34500  0.75814  0.75809 
 31.44500  0.72704  0.72696 
 31.54500  0.69404  0.69394 
 31.64500  0.65933  0.65924 
 31.74500  0.62318  0.62309 
 31.84500  0.58587  0.58584 
 31.94500  0.54774  0.54778 
 32.04500  0.50924  0.50927 
 32.14500  0.47073  0.47067 
 32.24500  0.43234  0.43234 
 32.34500  0.39461  0.39465 
 32.44500  0.35783  0.35793 
 32.54500  0.32236  0.32245 
 32.64500  0.28846  0.28855 
 32.74500  0.25637  0.25644 
 32.84500  0.22626  0.22632 
 32.94500  0.19826  0.19834 
 33.04500  0.17252  0.17256 
 33.14500  0.14903  0.14911 
 33.24500  0.12787  0.12796 
 33.34500  0.10901  0.10908 
 33.44500  0.09238  0.09245 
 33.54500  0.07790  0.07796 
 33.64500  0.06551  0.06555 
 33.74500  0.05503  0.05510 
 33.84500  0.04644  0.04648 
 33.94500  0.03959  0.03964 
 34.04500  0.03437  0.03441 
 34.14500  0.03076  0.03080 
 34.24500  0.02865  0.02869 
 34.34500  0.02805  0.02806 
 34.44500  0.02889  0.02892 
 34.54500  0.03124  0.03129 
 34.64500  0.03511  0.03516 
 34.74500  0.04057  0.04062 
 34.84500  0.04771  0.04776 
 34.94500  0.05661  0.05666 
 35.04500  0.06735  0.06743 
 35.14500  0.08011  0.08017 
 35.24500  0.09492  0.09499 
 35.34500  0.11189  0.11199 
 35.44500  0.13112  0.13121 
 35.54500  0.15266  0.15274 
 35.64500  0.17651  0.17659 
 35.74500  0.20263  0.20270 
 35.84500  0.23098  0.23105 
 35.94500  0.26142  0.26152 
 36.04500  0.29383  0.29392 
 36.14500  0.32799  0.32809 
 36.24500  0.36370  0.36378 
 36.34500  0.40064  0.40068 
 36.44500  0.43853  0.43853 
 36.54500  0.47698  0.47692 
 36.64500  0.51545  0.51552 
 36.74500  0.55399  0.55400 
 36.84500  0.59200  0.59196 
 36.94500  0.62915  0.62906 
 37.04500  0.66511  0.66501 
 37.14500  0.69960  0.69950 
 37.24500  0.73234  0.73228 
 37.34500  0.76319  0.76312 
 37.44500  0.79192  0.79187 
 37.54500  0.81849  0.81842 
 37.64500  0.84273  0.84266 
 37.74500  0.86467  0.86463 
 37.84500  0.88434  0.88426 
 37.94500  0.90171  0.90163 
 38.04500  0.91684  0.91679 
 38.14500  0.92988  0.92982 
 38.24500  0.94089  0.94084 
 38.34500  0.94998  0.94994 
 38.44500  0.95724  0.95720 
 38.54500  0.96275  0.96273 
 38.64500  0.96665  0.96660 
 38.74500  0.96890  0.96887 
 38.84500  0.96959  0.96956 
 38.94500  0.96874  0.96872 
 39.04500  0.96630  0.96627 
 39.14500  0.96228  0.96223 
 39.24500  0.95655  0.95654 
 39.34500  0.94912  0.94908 
 39.44500  0.93983  0.93979 
 39.54500  0.92862  0.92855 
 39.64500  0.91536  0.91530 
 39.74500  0.89998  0.89992 
 39.84500  0.88238  0.88231 
 39.94500  0.86249  0.86244 
 40.04500  0.84030  0.84024 
 40.14500  0.81579  0.81577 
 40.24500  0.78900  0.78897 
 40.34500  0.76004  0.75999 
 40.44500  0.72901  0.72893 
 40.54500  0.69608  0.69595 
 40.64500  0.66142  0.66132 
 40.74500  0.62530  0.62525 
 40.84500  0.58805  0.58801 
 40.94500  0.54995  0.54998 
 41.04500  0.51144  0.51149 
 41.14500  0.47294  0.47287 
 41.24500  0.43452  0.43452 
 41.34500  0.39674  0.39677 
 41.44500  0.35989  0.35998 
 41.54500  0.32434  0.32444 
 41.64500  0.29034  0.29044 
 41.74500  0.25815  0.25823 
 41.84500  0.22790  0.22798 
 41.94500  0.19979  0.19985 
 42.04500  0.17389  0.17397 
 42.14500  0.15031  0.15038 
 42.24500  0.12901  0.12909 
 42.34500  0.11000  0.11009 
 42.44500  0.09326  0.09333 
 42.54500  0.07866  0.07873 
 42.64500  0.06615  0.06620 
 42.74500  0.05559  0.05562 
 42.84500  0.04688  0.04692 
 42.94500  0.03993  0.03996 
 43.04500  0.03463  0.03467 
 43.14500  0.03092  0.03097 
 43.24500  0.02874  0.02876 
 43.34500  0.02804  0.02806 
 43.44500  0.02879  0.02884 
 43.54500  0.03106  0.03110 
 43.64500  0.03484  0.03488 
 43.74500  0.04022  0.04026 
 43.84500  0.04725  0.04731 
 43.94500  0.05605  0.05609 
 44.04500  0.06669  0.06675 
 44.14500  0.07932  0.07941 
 44.24500  0.09403  0.09408 
 44.34500  0.11087  0.11096 
 44.44500  0.12999  0.13007 
 44.54500  0.15138  0.15145 
 44.64500  0.17510  0.17516 
 44.74500  0.20112  0.20116 
 44.84500  0.22930  0.22938 
 44.94500  0.25964  0.25972 
 45.04500  0.29194  0.29203 
 45.14500  0.32600  0.32611 
 45.24500  0.36162  0.36170 
 45.34500  0.39851  0.39856 
 45.44500  0.43634  0.43634 
 45.54500  0.47478  0.47472 
 45.64500  0.51329  0.51334 
 45.74500  0.55180  0.55183 
 45.84500  0.58986  0.58983 
 45.94500  0.62711  0.62700 
 46.04500  0.66315  0.66304 
 46.14500  0.69775  0.69763 
 46.24500  0.73063  0.73054 
 46.34500  0.76160  0.76154 
 46.44500  0.79054  0.79049 
 46.54500  0.81729  0.81722 
 46.64500  0.84178  0.84173 
 46.74500  0.86401  0.86394 
 46.84500  0.88397  0.88390 
 46.94500  0.90173  0.90164 
 47.04500  0.91734  0.91728 
 47.14500  0.93093  0.93090 
 47.24500  0.94264  0.94259 
 47.34500  0.95260  0.95256 
 47.44500  0.96090  0.96089 
 47.54500  0.96773  0.96771 
 47.64500  0.97318  0.97316 
 47.74500  0.97738  0.97737 
 47.84500  0.98041  0.98038 
 47.94500  0.98233  0.98232 
 48.04500  0.98324  0.98321 
 48.14500  0.98308  0.98306 
 48.24500  0.98192  0.98190 
 48.34500  0.97967  0.97966 
 48.44500  0.97633  0.97630 
 48.54500  0.97177  0.97177 
 48.64500  0.96595  0.96593 
 48.74500  0.95871  0.95870 
 48.84500  0.94997  0.94990 
 48.94500  0.93953  0.93949 
 49.04500  0.92732  0.92726 
 49.14500  0.91316  0.91309 
 49.24500  0.89696  0.89688 
 49.34500  0.87859  0.87852 
 49.44500  0.85801  0.85793 
 49.54500  0.83513  0.83506 
 49.64500  0.80998  0.80993 
 49.74500  0.78261  0.78257 
 49.84500  0.75311  0.75304 
 49.94500  0.72157  0.72148 
 50.04500  0.68817  0.68809 
 50.14500  0.65314  0.65305 
 50.24500  0.61673  0.61667 
 50.34500  0.57925  0.57923 
 50.44500  0.54099  0.54104 
 50.54500  0.50249  0.50249 
 50.64500  0.46395  0.46390 
 50.74500  0.42564  0.42565 
 50.84500  0.38804  0.38810 
 50.94500  0.35149  0.35156 
 51.04500  0.31627  0.31638 
 51.14500  0.28268  0.28276 
 51.24500  0.25092  0.25098 
 51.34500  0.22117  0.22123 
 51.44500  0.19357  0.19362 
 51.54500  0.16820  0.16827 
 51.64500  0.14513  0.14521 
 51.74500  0.12439  0.12445 
 51.84500  0.10591  0.10598 
 51.94500  0.08969  0.08973 
 52.04500  0.07558  0.07562 
 52.14500  0.06350  0.06356 
 52.24500  0.05340  0.05344 
 52.34500  0.04511  0.04516 
 52.44500  0.03854  0.03858 
 52.54500  0.03362  0.03366 
 52.64500  0.03028  0.03032 
 52.74500  0.02843  0.02849 
 52.84500  0.02809  0.02811 
 52.94500  0.02919  0.02925 
 53.04500  0.03181  0.03186 
 53.14500  0.03598  0.03600 
 53.24500  0.04172  0.04176 
 53.34500  0.04914  0.04919 
 53.44500  0.05836  0.05841 
 53.54500  0.06946  0.06952 
 53.64500  0.08257  0.08261 
 53.74500  0.09775  0.09782 
 53.84500  0.11513  0.11521 
 53.94500  0.13476  0.13484 
 54.04500  0.15671  0.15676 
 54.14500  0.18094  0.18102 
 54.24500  0.20747  0.20753 
 54.34500  0.23621  0.23627 
 54.44500  0.26700  0.26709 
 54.54500  0.29971  0.29982 
 54.64500  0.33420  0.33429 
 54.74500  0.37013  0.37020 
 54.84500  0.40727  0.40731 
 54.94500  0.44527  0.44527 
 55.04500  0.48377  0.48372 
 55.14500  0.52227  0.52234 
 55.24500  0.56074  0.56075 
 55.34500  0.59863  0.59860 
 55.44500  0.63561  0.63552 
 55.54500  0.67135  0.67126 
 55.64500  0.70558  0.70546 
 55.74500  0.73805  0.73795 
 55.84500  0.76855  0.76848 
 55.94500  0.79697  0.79692 
 56.04500  0.82320  0.82314 
 56.14500  0.84719  0.84711 
 56.24500  0.86886  0.86880 
 56.34500  0.88831  0.88825 
 56.44500  0.90555  0.90550 
 56.54500  0.92070  0.92063 
 56.64500  0.93383  0.93381 
 56.74500  0.94514  0.94509 
 56.84500  0.95468  0.95464 
 56.94500  0.96262  0.96260 
 57.04500  0.96912  0.96910 
 57.14500  0.97428  0.97424 
 57.24500  0.97819  0.97816 
 57.34500  0.98096  0.98094 
 57.44500  0.98265  0.98261 
 57.54500  0.98330  0.98326 
 57.64500  0.98291  0.98288 
 57.74500  0.98148  0.98147 
 57.84500  0.97901  0.97897 
 57.94500  0.97538  0.97536 
 58.04500  0.97053  0.97052 
 58.14500  0.96442  0.96437 
 58.24500  0.95681  0.95678 
 58.34500  0.94770  0.94765 
 58.44500  0.93684  0.93682 
 58.54500  0.92420  0.92415 
 58.64500  0.90959  0.90949 
 58.74500  0.89289  0.89281 
 58.84500  0.87399  0.87392 
 58.94500  0.85288  0.85281 
 59.04500  0.82948  0.82942 
 59.14500  0.80381  0.80376 
 59.24500  0.77592  0.77587 
 59.34500  0.74593  0.74586 
 59.44500  0.71394  0.71385 
 59.54500  0.68015  0.68004 
 59.64500  0.64477  0.64467 
 59.74500  0.60806  0.60801 
 59.84500  0.57038  0.57037 
 59.94500  0.53202  0.53207 
 60.04500  0.49349  0.49347 
 60.14500  0.45496  0.45493 
 60.24500  0.41679  0.41683 
 60.34500  0.37938  0.37947 
 60.44500  0.34311  0.34321 
 60.54500  0.30824  0.30834 
 60.64500  0.27503  0.27511 
 60.74500  0.24366  0.24374 
 60.84500  0.21438  0.21443 
 60.94500  0.18722  0.18727 
 61.04500  0.16229  0.16237 
 61.14500  0.13963  0.13970 
 61.24500  0.11922  0.11929 
 61.34500  0.10101  0.10110 
 61.44500  0.08493  0.08500 
 61.54500  0.07086  0.07091 
 61.64500  0.05866  0.05869 
 61.74500  0.04814  0.04817 
 61.84500  0.03920  0.03924 
 61.94500  0.03167  0.03170 
 62.04500  0.02537  0.02539 
 62.14500  0.02017  0.02017 
 62.24500  0.01588  0.01592 
 62.34500  0.01240  0.01242 
 62.44500  0.00960  0.00962 
 62.54500  0.00737  0.00740 
 62.64500  0.00562  0.00564 
 62.74500  0.00424  0.00425 
 62.84500  0.00317  0.00317 
 62.94500  0.00235  0.00237 
 63.04500  0.00174  0.00175 
 63.14500  0.00127  0.00127 
 63.24500  0.00092  0.00092 
 63.34500  0.00067  0.00066 
 63.44500  0.00046  0.00046 
 63.54500  0.00034  0.00033 
 63.64500  0.00021  0.00023 
 63.74500  0.00015  0.00017 
 63.84500  0.00011  0.00010 
 63.94500  0.00007  0.00010 
 64.04500  0.00005  0.00010 
 64.14500  0.00003  0.00006 
