  0.04500  0.70614  0.70610 
  0.14500  0.70608  0.70605 
  0.24500  0.70593  0.70591 
  0.34500  0.70573  0.70570 
  0.44500  0.70544  0.70542 
  0.54500  0.70509  0.70506 
  0.64500  0.70466  0.70464 
  0.74500  0.70417  0.70415 
  0.84500  0.70360  0.70357 
  0.94500  0.70295  0.70293 
  1.04500  0.70226  0.70223 
  1.14500  0.70149  0.70146 
  1.24500  0.70064  0.70062 
  1.34500  0.69975  0.69972 
  1.44500  0.69877  0.69875 
  1.54500  0.69774  0.69771 
  1.64500  0.69664  0.69661 
  1.74500  0.69547  0.69544 
  1.84500  0.69425  0.69422 
  1.94500  0.69297  0.69293 
  2.04500  0.69163  0.69159 
  2.14500  0.69022  0.69018 
  2.24500  0.68877  0.68875 
  2.34500  0.68726  0.68722 
  2.44500  0.68569  0.68566 
  2.54500  0.68407  0.68404 
  2.64500  0.68239  0.68237 
  2.74500  0.68069  0.68065 
  2.84500  0.67894  0.67889 
  2.94500  0.67712  0.67706 
  3.04500  0.67527  0.67522 
  3.14500  0.67338  0.67331 
  3.24500  0.67143  0.67140 
  3.34500  0.66946  0.66940 
  3.44500  0.66745  0.66740 
  3.54500  0.66539  0.66533 
  3.64500  0.66331  0.66325 
  3.74500  0.66118  0.66114 
  3.84500  0.65904  0.65898 
  3.94500  0.65686  0.65681 
  4.04500  0.65466  0.65460 
  4.14500  0.65242  0.65238 
  4.24500  0.65018  0.65012 
  4.34500  0.64791  0.64784 
  4.44500  0.64561  0.64555 
  4.54500  0.64330  0.64324 
  4.64500  0.64096  0.64092 
  4.74500  0.63862  0.63856 
  4.84500  0.63628  0.63621 
  4.94500  0.63391  0.63384 
  5.04500  0.63151  0.63146 
  5.14500  0.62912  0.62907 
  5.24500  0.62673  0.62668 
  5.34500  0.62433  0.62428 
  5.44500  0.62193  0.62188 
  5.54500  0.61955  0.61948 
  5.64500  0.61714  0.61708 
  5.74500  0.61473  0.61466 
  5.84500  0.61233  0.61226 
  5.94500  0.60993  0.60987 
  6.04500  0.60753  0.60748 
  6.14500  0.60514  0.60510 
  6.24500  0.60277  0.60271 
  6.34500  0.60040  0.60035 
  6.44500  0.59804  0.59798 
  6.54500  0.59570  0.59565 
  6.64500  0.59335  0.59332 
  6.74500  0.59103  0.59099 
  6.84500  0.58873  0.58869 
  6.94500  0.58644  0.58640 
  7.04500  0.58417  0.58412 
  7.14500  0.58191  0.58188 
  7.24500  0.57966  0.57963 
  7.34500  0.57745  0.57741 
  7.44500  0.57525  0.57522 
  7.54500  0.57308  0.57304 
  7.64500  0.57093  0.57088 
  7.74500  0.56879  0.56875 
  7.84500  0.56669  0.56664 
  7.94500  0.56459  0.56456 
  8.04500  0.56254  0.56250 
  8.14500  0.56049  0.56050 
  8.24500  0.55848  0.55842 
  8.34500  0.55650  0.55650 
  8.44500  0.55454  0.55450 
  8.54500  0.55260  0.55258 
  8.64500  0.55069  0.55067 
  8.74500  0.54883  0.54879 
  8.84500  0.54700  0.54694 
  8.94500  0.54513  0.54512 
  9.04500  0.54334  0.54332 
  9.14500  0.54159  0.54157 
  9.24500  0.53986  0.53983 
  9.34500  0.53816  0.53812 
  9.44500  0.53648  0.53645 
  9.54500  0.53482  0.53479 
  9.64500  0.53321  0.53318 
  9.74500  0.53161  0.53159 
  9.84500  0.53005  0.53003 
  9.94500  0.52853  0.52850 
 10.04500  0.52703  0.52700 
 10.14500  0.52556  0.52554 
 10.24500  0.52412  0.52410 
 10.34500  0.52271  0.52269 
 10.44500  0.52134  0.52131 
 10.54500  0.51999  0.51997 
 10.64500  0.51868  0.51864 
 10.74500  0.51739  0.51735 
 10.84500  0.51613  0.51610 
 10.94500  0.51491  0.51487 
 11.04500  0.51370  0.51368 
 11.14500  0.51253  0.51251 
 11.24500  0.51140  0.51138 
 11.34500  0.51031  0.51026 
 11.44500  0.50920  0.50918 
 11.54500  0.50818  0.50815 
 11.64500  0.50715  0.50715 
 11.74500  0.50614  0.50615 
 11.84500  0.50521  0.50515 
 11.94500  0.50428  0.50425 
 12.04500  0.50338  0.50334 
 12.14500  0.50251  0.50248 
 12.24500  0.50166  0.50163 
 12.34500  0.50084  0.50082 
 12.44500  0.50006  0.50003 
 12.54500  0.49931  0.49927 
 12.64500  0.49859  0.49854 
 12.74500  0.49789  0.49784 
 12.84500  0.49721  0.49717 
 12.94500  0.49656  0.49652 
 13.04500  0.49593  0.49591 
 13.14500  0.49536  0.49532 
 13.24500  0.49481  0.49475 
 13.34500  0.49426  0.49421 
 13.44500  0.49374  0.49370 
 13.54500  0.49326  0.49322 
 13.64500  0.49280  0.49277 
 13.74500  0.49238  0.49234 
 13.84500  0.49198  0.49194 
 13.94500  0.49161  0.49155 
 14.04500  0.49124  0.49120 
 14.14500  0.49091  0.49087 
 14.24500  0.49060  0.49056 
 14.34500  0.49032  0.49029 
 14.44500  0.49006  0.49002 
 14.54500  0.48983  0.48979 
 14.64500  0.48961  0.48957 
 14.74500  0.48942  0.48938 
 14.84500  0.48926  0.48922 
 14.94500  0.48911  0.48907 
 15.04500  0.48899  0.48895 
 15.14500  0.48887  0.48884 
 15.24500  0.48878  0.48876 
 15.34500  0.48874  0.48870 
 15.44500  0.48867  0.48863 
 15.54500  0.48865  0.48860 
 15.64500  0.48864  0.48860 
 15.74500  0.48864  0.48860 
 15.84500  0.48867  0.48861 
 15.94500  0.48871  0.48870 
 16.04500  0.48876  0.48872 
 16.14500  0.48884  0.48880 
 16.24500  0.48891  0.48889 
 16.34500  0.48901  0.48898 
 16.44500  0.48912  0.48910 
 16.54500  0.48924  0.48923 
 16.64500  0.48938  0.48935 
 16.74500  0.48952  0.48950 
 16.84500  0.48967  0.48966 
 16.94500  0.48985  0.48983 
 17.04500  0.49002  0.49000 
 17.14500  0.49020  0.49018 
 17.24500  0.49040  0.49037 
 17.34500  0.49059  0.49057 
 17.44500  0.49078  0.49077 
 17.54500  0.49099  0.49098 
 17.64500  0.49120  0.49119 
 17.74500  0.49141  0.49141 
 17.84500  0.49164  0.49163 
 17.94500  0.49186  0.49186 
 18.04500  0.49211  0.49208 
 18.14500  0.49230  0.49230 
 18.24500  0.49253  0.49252 
 18.34500  0.49277  0.49275 
 18.44500  0.49300  0.49298 
 18.54500  0.49322  0.49320 
 18.64500  0.49345  0.49341 
 18.74500  0.49365  0.49363 
 18.84500  0.49385  0.49385 
 18.94500  0.49407  0.49405 
 19.04500  0.49426  0.49427 
 19.14500  0.49446  0.49446 
 19.24500  0.49467  0.49465 
 19.34500  0.49485  0.49485 
 19.44500  0.49503  0.49502 
 19.54500  0.49521  0.49520 
 19.64500  0.49538  0.49536 
 19.74500  0.49552  0.49552 
 19.84500  0.49568  0.49566 
 19.94500  0.49582  0.49581 
 20.04500  0.49594  0.49594 
 20.14500  0.49606  0.49606 
 20.24500  0.49618  0.49617 
 20.34500  0.49628  0.49627 
 20.44500  0.49637  0.49636 
 20.54500  0.49644  0.49644 
 20.64500  0.49652  0.49650 
 20.74500  0.49657  0.49659 
 20.84500  0.49662  0.49660 
 20.94500  0.49665  0.49667 
 21.04500  0.49671  0.49670 
 21.14500  0.49673  0.49670 
 21.24500  0.49671  0.49670 
 21.34500  0.49669  0.49670 
 21.44500  0.49670  0.49670 
 21.54500  0.49664  0.49663 
 21.64500  0.49661  0.49660 
 21.74500  0.49657  0.49655 
 21.84500  0.49649  0.49650 
 21.94500  0.49642  0.49640 
 22.04500  0.49633  0.49632 
 22.14500  0.49624  0.49623 
 22.24500  0.49614  0.49613 
 22.34500  0.49603  0.49602 
 22.44500  0.49591  0.49589 
 22.54500  0.49579  0.49576 
 22.64500  0.49565  0.49563 
 22.74500  0.49550  0.49546 
 22.84500  0.49533  0.49532 
 22.94500  0.49516  0.49515 
 23.04500  0.49497  0.49497 
 23.14500  0.49484  0.49480 
 23.24500  0.49463  0.49461 
 23.34500  0.49443  0.49441 
 23.44500  0.49423  0.49421 
 23.54500  0.49402  0.49401 
 23.64500  0.49382  0.49381 
 23.74500  0.49361  0.49359 
 23.84500  0.49340  0.49338 
 23.94500  0.49318  0.49316 
 24.04500  0.49295  0.49293 
 24.14500  0.49273  0.49270 
 24.24500  0.49249  0.49248 
 24.34500  0.49226  0.49224 
 24.44500  0.49202  0.49200 
 24.54500  0.49180  0.49178 
 24.64500  0.49156  0.49153 
 24.74500  0.49132  0.49130 
 24.84500  0.49109  0.49107 
 24.94500  0.49086  0.49082 
 25.04500  0.49061  0.49060 
 25.14500  0.49038  0.49036 
 25.24500  0.49015  0.49012 
 25.34500  0.48992  0.48990 
 25.44500  0.48969  0.48967 
 25.54500  0.48946  0.48944 
 25.64500  0.48924  0.48922 
 25.74500  0.48902  0.48900 
 25.84500  0.48880  0.48879 
 25.94500  0.48858  0.48857 
 26.04500  0.48838  0.48837 
 26.14500  0.48817  0.48815 
 26.24500  0.48798  0.48795 
 26.34500  0.48777  0.48776 
 26.44500  0.48758  0.48757 
 26.54500  0.48740  0.48738 
 26.64500  0.48722  0.48720 
 26.74500  0.48704  0.48703 
 26.84500  0.48686  0.48685 
 26.94500  0.48670  0.48668 
 27.04500  0.48655  0.48654 
 27.14500  0.48638  0.48637 
 27.24500  0.48624  0.48623 
 27.34500  0.48607  0.48607 
 27.44500  0.48594  0.48595 
 27.54500  0.48582  0.48582 
 27.64500  0.48570  0.48568 
 27.74500  0.48560  0.48557 
 27.84500  0.48547  0.48546 
 27.94500  0.48533  0.48535 
 28.04500  0.48525  0.48525 
 28.14500  0.48518  0.48516 
 28.24500  0.48508  0.48507 
 28.34500  0.48498  0.48499 
 28.44500  0.48490  0.48490 
 28.54500  0.48485  0.48483 
 28.64500  0.48476  0.48479 
 28.74500  0.48470  0.48470 
 28.84500  0.48466  0.48467 
 28.94500  0.48459  0.48460 
 29.04500  0.48457  0.48460 
 29.14500  0.48453  0.48450 
 29.24500  0.48450  0.48450 
 29.34500  0.48449  0.48450 
 29.44500  0.48446  0.48447 
 29.54500  0.48445  0.48440 
 29.64500  0.48444  0.48440 
 29.74500  0.48440  0.48440 
 29.84500  0.48442  0.48440 
 29.94500  0.48441  0.48440 
 30.04500  0.48444  0.48440 
 30.14500  0.48444  0.48446 
 30.24500  0.48445  0.48450 
 30.34500  0.48450  0.48450 
 30.44500  0.48453  0.48450 
 30.54500  0.48455  0.48457 
 30.64500  0.48460  0.48460 
 30.74500  0.48463  0.48462 
 30.84500  0.48468  0.48470 
 30.94500  0.48474  0.48472 
 31.04500  0.48478  0.48480 
 31.14500  0.48486  0.48485 
 31.24500  0.48491  0.48490 
 31.34500  0.48498  0.48500 
 31.44500  0.48505  0.48506 
 31.54500  0.48514  0.48513 
 31.64500  0.48521  0.48520 
 31.74500  0.48531  0.48530 
 31.84500  0.48538  0.48539 
 31.94500  0.48545  0.48548 
 32.04500  0.48556  0.48557 
 32.14500  0.48569  0.48567 
 32.24500  0.48579  0.48577 
 32.34500  0.48588  0.48588 
 32.44500  0.48599  0.48599 
 32.54500  0.48610  0.48612 
 32.64500  0.48622  0.48623 
 32.74500  0.48636  0.48635 
 32.84500  0.48649  0.48647 
 32.94500  0.48662  0.48662 
 33.04500  0.48675  0.48675 
 33.14500  0.48689  0.48687 
 33.24500  0.48702  0.48703 
 33.34500  0.48717  0.48716 
 33.44500  0.48731  0.48732 
 33.54500  0.48746  0.48746 
 33.64500  0.48761  0.48762 
 33.74500  0.48777  0.48777 
 33.84500  0.48794  0.48794 
 33.94500  0.48811  0.48810 
 34.04500  0.48827  0.48826 
 34.14500  0.48844  0.48844 
 34.24500  0.48861  0.48861 
 34.34500  0.48879  0.48878 
 34.44500  0.48897  0.48896 
 34.54500  0.48914  0.48915 
 34.64500  0.48932  0.48933 
 34.74500  0.48951  0.48951 
 34.84500  0.48970  0.48971 
 34.94500  0.48989  0.48989 
 35.04500  0.49008  0.49009 
 35.14500  0.49028  0.49029 
 35.24500  0.49047  0.49047 
 35.34500  0.49067  0.49067 
 35.44500  0.49087  0.49087 
 35.54500  0.49107  0.49108 
 35.64500  0.49127  0.49129 
 35.74500  0.49148  0.49149 
 35.84500  0.49168  0.49169 
 35.94500  0.49189  0.49191 
 36.04500  0.49209  0.49211 
 36.14500  0.49230  0.49232 
 36.24500  0.49251  0.49253 
 36.34500  0.49273  0.49274 
 36.44500  0.49295  0.49295 
 36.54500  0.49318  0.49317 
 36.64500  0.49335  0.49338 
 36.74500  0.49356  0.49359 
 36.84500  0.49380  0.49381 
 36.94500  0.49401  0.49401 
 37.04500  0.49422  0.49423 
 37.14500  0.49443  0.49444 
 37.24500  0.49463  0.49466 
 37.34500  0.49484  0.49487 
 37.44500  0.49506  0.49509 
 37.54500  0.49527  0.49529 
 37.64500  0.49548  0.49551 
 37.74500  0.49569  0.49571 
 37.84500  0.49591  0.49593 
 37.94500  0.49611  0.49613 
 38.04500  0.49633  0.49635 
 38.14500  0.49653  0.49656 
 38.24500  0.49674  0.49677 
 38.34500  0.49695  0.49697 
 38.44500  0.49716  0.49719 
 38.54500  0.49737  0.49739 
 38.64500  0.49756  0.49759 
 38.74500  0.49777  0.49780 
 38.84500  0.49798  0.49801 
 38.94500  0.49818  0.49821 
 39.04500  0.49838  0.49841 
 39.14500  0.49858  0.49862 
 39.24500  0.49879  0.49883 
 39.34500  0.49899  0.49903 
 39.44500  0.49920  0.49923 
 39.54500  0.49940  0.49943 
 39.64500  0.49961  0.49963 
 39.74500  0.49981  0.49984 
 39.84500  0.50001  0.50005 
 39.94500  0.50022  0.50025 
 40.04500  0.50042  0.50045 
 40.14500  0.50063  0.50065 
 40.24500  0.50083  0.50087 
 40.34500  0.50104  0.50107 
 40.44500  0.50125  0.50127 
 40.54500  0.50146  0.50149 
 40.64500  0.50168  0.50169 
 40.74500  0.50188  0.50190 
 40.84500  0.50210  0.50211 
 40.94500  0.50229  0.50233 
 41.04500  0.50249  0.50253 
 41.14500  0.50276  0.50276 
 41.24500  0.50295  0.50297 
 41.34500  0.50316  0.50319 
 41.44500  0.50338  0.50341 
 41.54500  0.50360  0.50363 
 41.64500  0.50384  0.50386 
 41.74500  0.50406  0.50408 
 41.84500  0.50429  0.50431 
 41.94500  0.50452  0.50454 
 42.04500  0.50475  0.50478 
 42.14500  0.50499  0.50500 
 42.24500  0.50522  0.50524 
 42.34500  0.50545  0.50548 
 42.44500  0.50570  0.50572 
 42.54500  0.50594  0.50596 
 42.64500  0.50618  0.50620 
 42.74500  0.50643  0.50645 
 42.84500  0.50668  0.50670 
 42.94500  0.50693  0.50695 
 43.04500  0.50719  0.50720 
 43.14500  0.50744  0.50745 
 43.24500  0.50769  0.50770 
 43.34500  0.50795  0.50797 
 43.44500  0.50821  0.50822 
 43.54500  0.50846  0.50848 
 43.64500  0.50873  0.50874 
 43.74500  0.50899  0.50900 
 43.84500  0.50925  0.50926 
 43.94500  0.50951  0.50952 
 44.04500  0.50977  0.50978 
 44.14500  0.51003  0.51005 
 44.24500  0.51029  0.51030 
 44.34500  0.51056  0.51058 
 44.44500  0.51082  0.51082 
 44.54500  0.51107  0.51109 
 44.64500  0.51134  0.51135 
 44.74500  0.51159  0.51160 
 44.84500  0.51185  0.51185 
 44.94500  0.51210  0.51210 
 45.04500  0.51235  0.51235 
 45.14500  0.51259  0.51260 
 45.24500  0.51283  0.51285 
 45.34500  0.51308  0.51310 
 45.44500  0.51333  0.51333 
 45.54500  0.51358  0.51358 
 45.64500  0.51377  0.51380 
 45.74500  0.51400  0.51403 
 45.84500  0.51424  0.51425 
 45.94500  0.51446  0.51447 
 46.04500  0.51467  0.51468 
 46.14500  0.51488  0.51489 
 46.24500  0.51506  0.51509 
 46.34500  0.51525  0.51528 
 46.44500  0.51544  0.51546 
 46.54500  0.51563  0.51565 
 46.64500  0.51580  0.51582 
 46.74500  0.51595  0.51598 
 46.84500  0.51613  0.51615 
 46.94500  0.51627  0.51629 
 47.04500  0.51641  0.51644 
 47.14500  0.51655  0.51657 
 47.24500  0.51667  0.51670 
 47.34500  0.51679  0.51682 
 47.44500  0.51689  0.51693 
 47.54500  0.51699  0.51703 
 47.64500  0.51710  0.51711 
 47.74500  0.51719  0.51720 
 47.84500  0.51723  0.51728 
 47.94500  0.51730  0.51732 
 48.04500  0.51735  0.51740 
 48.14500  0.51739  0.51740 
 48.24500  0.51742  0.51748 
 48.34500  0.51744  0.51750 
 48.44500  0.51748  0.51750 
 48.54500  0.51745  0.51750 
 48.64500  0.51744  0.51750 
 48.74500  0.51742  0.51747 
 48.84500  0.51737  0.51740 
 48.94500  0.51734  0.51740 
 49.04500  0.51728  0.51731 
 49.14500  0.51722  0.51726 
 49.24500  0.51713  0.51719 
 49.34500  0.51704  0.51710 
 49.44500  0.51695  0.51699 
 49.54500  0.51684  0.51688 
 49.64500  0.51671  0.51676 
 49.74500  0.51657  0.51663 
 49.84500  0.51643  0.51647 
 49.94500  0.51628  0.51634 
 50.04500  0.51612  0.51615 
 50.14500  0.51595  0.51598 
 50.24500  0.51575  0.51579 
 50.34500  0.51553  0.51559 
 50.44500  0.51531  0.51537 
 50.54500  0.51509  0.51514 
 50.64500  0.51488  0.51490 
 50.74500  0.51461  0.51465 
 50.84500  0.51433  0.51440 
 50.94500  0.51406  0.51411 
 51.04500  0.51378  0.51383 
 51.14500  0.51349  0.51353 
 51.24500  0.51317  0.51322 
 51.34500  0.51285  0.51288 
 51.44500  0.51251  0.51255 
 51.54500  0.51215  0.51221 
 51.64500  0.51179  0.51184 
 51.74500  0.51142  0.51146 
 51.84500  0.51103  0.51108 
 51.94500  0.51062  0.51067 
 52.04500  0.51020  0.51025 
 52.14500  0.50977  0.50982 
 52.24500  0.50933  0.50937 
 52.34500  0.50887  0.50890 
 52.44500  0.50839  0.50844 
 52.54500  0.50790  0.50795 
 52.64500  0.50739  0.50744 
 52.74500  0.50687  0.50690 
 52.84500  0.50633  0.50636 
 52.94500  0.50577  0.50581 
 53.04500  0.50520  0.50523 
 53.14500  0.50461  0.50465 
 53.24500  0.50399  0.50403 
 53.34500  0.50337  0.50340 
 53.44500  0.50272  0.50276 
 53.54500  0.50205  0.50210 
 53.64500  0.50137  0.50140 
 53.74500  0.50066  0.50069 
 53.84500  0.49993  0.49997 
 53.94500  0.49920  0.49923 
 54.04500  0.49843  0.49846 
 54.14500  0.49764  0.49766 
 54.24500  0.49683  0.49686 
 54.34500  0.49599  0.49602 
 54.44500  0.49513  0.49517 
 54.54500  0.49425  0.49429 
 54.64500  0.49333  0.49338 
 54.74500  0.49241  0.49245 
 54.84500  0.49147  0.49151 
 54.94500  0.49050  0.49055 
 55.04500  0.48953  0.48955 
 55.14500  0.48844  0.48850 
 55.24500  0.48743  0.48745 
 55.34500  0.48635  0.48637 
 55.44500  0.48523  0.48527 
 55.54500  0.48412  0.48412 
 55.64500  0.48294  0.48298 
 55.74500  0.48176  0.48180 
 55.84500  0.48055  0.48058 
 55.94500  0.47931  0.47935 
 56.04500  0.47804  0.47808 
 56.14500  0.47675  0.47679 
 56.24500  0.47543  0.47547 
 56.34500  0.47409  0.47412 
 56.44500  0.47271  0.47275 
 56.54500  0.47131  0.47135 
 56.64500  0.46988  0.46993 
 56.74500  0.46844  0.46848 
 56.84500  0.46696  0.46700 
 56.94500  0.46546  0.46550 
 57.04500  0.46393  0.46397 
 57.14500  0.46236  0.46242 
 57.24500  0.46078  0.46084 
 57.34500  0.45919  0.45924 
 57.44500  0.45756  0.45762 
 57.54500  0.45592  0.45598 
 57.64500  0.45425  0.45431 
 57.74500  0.45256  0.45261 
 57.84500  0.45086  0.45090 
 57.94500  0.44912  0.44918 
 58.04500  0.44737  0.44742 
 58.14500  0.44561  0.44567 
 58.24500  0.44383  0.44389 
 58.34500  0.44203  0.44209 
 58.44500  0.44023  0.44027 
 58.54500  0.43839  0.43845 
 58.64500  0.43656  0.43662 
 58.74500  0.43471  0.43476 
 58.84500  0.43285  0.43293 
 58.94500  0.43099  0.43105 
 59.04500  0.42912  0.42918 
 59.14500  0.42724  0.42732 
 59.24500  0.42537  0.42543 
 59.34500  0.42348  0.42355 
 59.44500  0.42161  0.42167 
 59.54500  0.41973  0.41978 
 59.64500  0.41785  0.41792 
 59.74500  0.41598  0.41604 
 59.84500  0.41411  0.41417 
 59.94500  0.41222  0.41233 
 60.04500  0.41042  0.41046 
 60.14500  0.40859  0.40864 
 60.24500  0.40674  0.40681 
 60.34500  0.40492  0.40501 
 60.44500  0.40313  0.40321 
 60.54500  0.40137  0.40143 
 60.64500  0.39962  0.39968 
 60.74500  0.39789  0.39796 
 60.84500  0.39619  0.39625 
 60.94500  0.39452  0.39457 
 61.04500  0.39287  0.39292 
 61.14500  0.39124  0.39129 
 61.24500  0.38964  0.38970 
 61.34500  0.38809  0.38814 
 61.44500  0.38656  0.38660 
 61.54500  0.38508  0.38513 
 61.64500  0.38363  0.38368 
 61.74500  0.38222  0.38227 
 61.84500  0.38085  0.38090 
 61.94500  0.37954  0.37958 
 62.04500  0.37824  0.37830 
 62.14500  0.37701  0.37706 
 62.24500  0.37583  0.37589 
 62.34500  0.37470  0.37474 
 62.44500  0.37362  0.37365 
 62.54500  0.37257  0.37265 
 62.64500  0.37159  0.37165 
 62.74500  0.37066  0.37071 
 62.84500  0.36980  0.36984 
 62.94500  0.36899  0.36903 
 63.04500  0.36822  0.36827 
 63.14500  0.36753  0.36757 
 63.24500  0.36689  0.36693 
 63.34500  0.36631  0.36635 
 63.44500  0.36579  0.36583 
 63.54500  0.36533  0.36537 
 63.64500  0.36494  0.36497 
 63.74500  0.36460  0.36464 
 63.84500  0.36433  0.36438 
 63.94500  0.36412  0.36415 
 64.04500  0.36397  0.36402 
 64.14500  0.36390  0.36392 
