  0.04500  1.00006  1.00000 
  0.14500  1.00006  1.00000 
  0.24500  1.00006  1.00000 
  0.34500  1.00006  1.00000 
  0.44500  1.00006  1.00000 
  0.54500  1.00006  1.00000 
  0.64500  1.00006  1.00000 
  0.74500  1.00006  1.00000 
  0.84500  1.00006  1.00000 
  0.94500  1.00006  1.00000 
  1.04500  1.00006  1.00000 
  1.14500  1.00006  1.00000 
  1.24500  1.00006  1.00000 
  1.34500  1.00006  1.00000 
  1.44500  1.00006  1.00000 
  1.54500  1.00006  1.00000 
  1.64500  1.00006  1.00000 
  1.74500  1.00006  1.00000 
  1.84500  1.00006  1.00000 
  1.94500  1.00006  1.00000 
  2.04500  1.00006  1.00000 
  2.14500  1.00006  1.00000 
  2.24500  1.00005  1.00000 
  2.34500  1.00006  1.00000 
  2.44500  1.00006  1.00000 
  2.54500  1.00006  1.00000 
  2.64500  1.00006  1.00000 
  2.74500  1.00005  1.00000 
  2.84500  1.00005  1.00000 
  2.94500  1.00002  1.00000 
  3.04500  1.00003  1.00000 
  3.14500  1.00002  1.00000 
  3.24500  1.00002  0.99995 
  3.34500  0.99998  0.99986 
  3.44500  0.99981  0.99964 
  3.54500  0.99934  0.99915 
  3.64500  0.99825  0.99810 
  3.74500  0.99599  0.99594 
  3.84500  0.99170  0.99185 
  3.94500  0.98410  0.98450 
  4.04500  0.97145  0.97209 
  4.14500  0.95159  0.95226 
  4.24500  0.92204  0.92252 
  4.34500  0.88036  0.88044 
  4.44500  0.82476  0.82436 
  4.54500  0.75465  0.75400 
  4.64500  0.67132  0.67078 
  4.74500  0.57807  0.57811 
  4.84500  0.48101  0.48087 
  4.94500  0.38459  0.38475 
  5.04500  0.29470  0.29528 
  5.14500  0.21628  0.21681 
  5.24500  0.15180  0.15197 
  5.34500  0.10180  0.10151 
  5.44500  0.06514  0.06450 
  5.54500  0.03967  0.03895 
  5.64500  0.02290  0.02231 
  5.74500  0.01249  0.01211 
  5.84500  0.00637  0.00623 
  5.94500  0.00299  0.00306 
  6.04500  0.00129  0.00139 
  6.14500  0.00048  0.00061 
  6.24500  0.00016  0.00026 
  6.34500  0.00005  0.00010 
  6.44500  0.00003  0.00001 
  6.54500  0.00003  0.00000 
  6.64500  0.00004  0.00000 
  6.74500  0.00003  0.00000 
  6.84500  0.00005  0.00000 
  6.94500  0.00002  0.00000 
  7.04500  0.00004  0.00000 
  7.14500  0.00003  0.00000 
  7.24500  0.00003  0.00000 
  7.34500  0.00005  0.00007 
  7.44500  0.00010  0.00016 
  7.54500  0.00031  0.00043 
  7.64500  0.00086  0.00099 
  7.74500  0.00209  0.00219 
  7.84500  0.00464  0.00460 
  7.94500  0.00939  0.00913 
  8.04500  0.01773  0.01723 
  8.14500  0.03145  0.03078 
  8.24500  0.05283  0.05212 
  8.34500  0.08433  0.08385 
  8.44500  0.12833  0.12828 
  8.54500  0.18645  0.18687 
  8.64500  0.25901  0.25962 
  8.74500  0.34436  0.34477 
  8.84500  0.43885  0.43862 
  8.94500  0.53590  0.53608 
  9.04500  0.63175  0.63140 
  9.14500  0.71992  0.71925 
  9.24500  0.79605  0.79550 
  9.34500  0.85796  0.85785 
  9.44500  0.90555  0.90586 
  9.54500  0.94009  0.94070 
  9.64500  0.96385  0.96451 
  9.74500  0.97936  0.97986 
  9.84500  0.98889  0.98916 
  9.94500  0.99444  0.99449 
 10.04500  0.99744  0.99733 
 10.14500  0.99896  0.99878 
 10.24500  0.99964  0.99948 
 10.34500  0.99991  0.99979 
 10.44500  1.00004  0.99990 
 10.54500  1.00002  1.00000 
 10.64500  1.00004  1.00000 
 10.74500  1.00003  1.00000 
 10.84500  1.00004  1.00000 
 10.94500  1.00005  1.00000 
 11.04500  1.00004  1.00000 
 11.14500  1.00004  1.00000 
 11.24500  1.00003  1.00000 
 11.34500  1.00003  1.00000 
 11.44500  1.00002  1.00000 
 11.54500  1.00002  0.99996 
 11.64500  0.99999  0.99988 
 11.74500  0.99984  0.99970 
 11.84500  0.99945  0.99927 
 11.94500  0.99850  0.99835 
 12.04500  0.99649  0.99643 
 12.14500  0.99262  0.99274 
 12.24500  0.98570  0.98606 
 12.34500  0.97407  0.97464 
 12.44500  0.95560  0.95628 
 12.54500  0.92788  0.92842 
 12.64500  0.88841  0.88858 
 12.74500  0.83527  0.83497 
 12.84500  0.76761  0.76699 
 12.94500  0.68636  0.68575 
 13.04500  0.59448  0.59440 
 13.14500  0.49761  0.49753 
 13.24500  0.40078  0.40084 
 13.34500  0.30933  0.30987 
 13.44500  0.22870  0.22928 
 13.54500  0.16176  0.16200 
 13.64500  0.10935  0.10910 
 13.74500  0.07053  0.06994 
 13.84500  0.04333  0.04258 
 13.94500  0.02527  0.02463 
 14.04500  0.01390  0.01350 
 14.14500  0.00719  0.00700 
 14.24500  0.00343  0.00346 
 14.34500  0.00150  0.00161 
 14.44500  0.00058  0.00072 
 14.54500  0.00020  0.00029 
 14.64500  0.00006  0.00012 
 14.74500  0.00003  0.00003 
 14.84500  0.00004  0.00000 
 14.94500  0.00003  0.00000 
 15.04500  0.00002  0.00000 
 15.14500  0.00002  0.00000 
 15.24500  0.00000  0.00000 
 15.34500 -0.00000  0.00000 
 15.44500 -0.00000  0.00000 
 15.54500 -0.00001  0.00000 
 15.64500  0.00002  0.00000 
 15.74500 -0.00001  0.00000 
 15.84500 -0.00000  0.00000 
 15.94500 -0.00001  0.00000 
 16.04500  0.00001  0.00000 
 16.14500  0.00002  0.00000 
 16.24500  0.00004  0.00000 
 16.34500  0.00003  0.00000 
 16.44500  0.00004  0.00000 
 16.54500  0.00004  0.00005 
 16.64500  0.00008  0.00014 
 16.74500  0.00023  0.00034 
 16.84500  0.00069  0.00081 
 16.94500  0.00173  0.00182 
 17.04500  0.00388  0.00389 
 17.14500  0.00802  0.00783 
 17.24500  0.01538  0.01495 
 17.34500  0.02767  0.02701 
 17.44500  0.04704  0.04631 
 17.54500  0.07595  0.07540 
 17.64500  0.11686  0.11670 
 17.74500  0.17158  0.17190 
 17.84500  0.24087  0.24144 
 17.94500  0.32348  0.32396 
 18.04500  0.41625  0.41620 
 18.14500  0.51328  0.51335 
 18.24500  0.60986  0.60966 
 18.34500  0.70031  0.69968 
 18.44500  0.77951  0.77889 
 18.54500  0.84483  0.84460 
 18.64500  0.89568  0.89590 
 18.74500  0.93309  0.93366 
 18.84500  0.95916  0.95980 
 18.94500  0.97635  0.97689 
 19.04500  0.98709  0.98741 
 19.14500  0.99342  0.99348 
 19.24500  0.99691  0.99683 
 19.34500  0.99871  0.99852 
 19.44500  0.99955  0.99935 
 19.54500  0.99987  0.99973 
 19.64500  0.99998  0.99989 
 19.74500  1.00002  0.99998 
 19.84500  1.00003  1.00000 
 19.94500  1.00003  1.00000 
 20.04500  1.00004  1.00000 
 20.14500  1.00005  1.00000 
 20.24500  1.00006  1.00000 
 20.34500  1.00006  1.00000 
 20.44500  1.00007  1.00000 
 20.54500  1.00008  1.00000 
 20.64500  1.00008  1.00000 
 20.74500  1.00007  1.00000 
 20.84500  1.00007  1.00000 
 20.94500  1.00006  1.00000 
 21.04500  1.00005  1.00000 
 21.14500  1.00003  1.00000 
 21.24500  1.00002  1.00000 
 21.34500  1.00004  1.00000 
 21.44500  1.00002  0.99999 
 21.54500  1.00000  0.99990 
 21.64500  0.99989  0.99977 
 21.74500  0.99962  0.99943 
 21.84500  0.99886  0.99869 
 21.94500  0.99725  0.99714 
 22.04500  0.99403  0.99410 
 22.14500  0.98818  0.98847 
 22.24500  0.97814  0.97866 
 22.34500  0.96197  0.96263 
 22.44500  0.93726  0.93786 
 22.54500  0.90154  0.90182 
 22.64500  0.85262  0.85245 
 22.74500  0.78930  0.78871 
 22.84500  0.71186  0.71122 
 22.94500  0.62272  0.62245 
 23.04500  0.52653  0.52666 
 23.14500  0.42945  0.42931 
 23.24500  0.33565  0.33609 
 23.34500  0.25141  0.25201 
 23.44500  0.18021  0.18056 
 23.54500  0.12347  0.12338 
 23.64500  0.08078  0.08027 
 23.74500  0.05036  0.04966 
 23.84500  0.02983  0.02915 
 23.94500  0.01674  0.01624 
 24.04500  0.00881  0.00857 
 24.14500  0.00431  0.00430 
 24.24500  0.00194  0.00203 
 24.34500  0.00078  0.00091 
 24.44500  0.00029  0.00039 
 24.54500  0.00009  0.00015 
 24.64500  0.00004  0.00006 
 24.74500  0.00003  0.00000 
 24.84500  0.00003  0.00000 
 24.94500  0.00002  0.00000 
 25.04500  0.00002  0.00000 
 25.14500  0.00001  0.00000 
 25.24500 -0.00001  0.00000 
 25.34500  0.00000  0.00000 
 25.44500 -0.00000  0.00000 
 25.54500  0.00000  0.00000 
 25.64500 -0.00001  0.00000 
 25.74500  0.00000  0.00000 
 25.84500  0.00001  0.00000 
 25.94500  0.00003  0.00000 
 26.04500  0.00002  0.00000 
 26.14500  0.00003  0.00000 
 26.24500  0.00003  0.00004 
 26.34500  0.00008  0.00013 
 26.44500  0.00022  0.00033 
 26.54500  0.00065  0.00078 
 26.64500  0.00168  0.00178 
 26.74500  0.00379  0.00381 
 26.84500  0.00785  0.00765 
 26.94500  0.01507  0.01462 
 27.04500  0.02716  0.02652 
 27.14500  0.04628  0.04554 
 27.24500  0.07485  0.07429 
 27.34500  0.11530  0.11516 
 27.44500  0.16960  0.16988 
 27.54500  0.23840  0.23899 
 27.64500  0.32063  0.32112 
 27.74500  0.41314  0.41313 
 27.84500  0.51012  0.51016 
 27.94500  0.60678  0.60662 
 28.04500  0.69753  0.69691 
 28.14500  0.77716  0.77654 
 28.24500  0.84296  0.84269 
 28.34500  0.89426  0.89446 
 28.44500  0.93207  0.93264 
 28.54500  0.95845  0.95912 
 28.64500  0.97589  0.97647 
 28.74500  0.98681  0.98714 
 28.84500  0.99327  0.99334 
 28.94500  0.99682  0.99674 
 29.04500  0.99868  0.99850 
 29.14500  0.99953  0.99934 
 29.24500  0.99989  0.99972 
 29.34500  0.99999  0.99989 
 29.44500  1.00003  0.99998 
 29.54500  1.00003  1.00000 
 29.64500  1.00003  1.00000 
 29.74500  1.00004  1.00000 
 29.84500  1.00004  1.00000 
 29.94500  1.00004  1.00000 
 30.04500  1.00004  1.00000 
 30.14500  1.00004  1.00000 
 30.24500  1.00003  1.00000 
 30.34500  1.00003  1.00000 
 30.44500  1.00002  0.99999 
 30.54500  1.00000  0.99990 
 30.64500  0.99991  0.99975 
 30.74500  0.99959  0.99941 
 30.84500  0.99883  0.99864 
 30.94500  0.99717  0.99706 
 31.04500  0.99390  0.99394 
 31.14500  0.98792  0.98823 
 31.24500  0.97773  0.97827 
 31.34500  0.96130  0.96197 
 31.44500  0.93628  0.93688 
 31.54500  0.90017  0.90044 
 31.64500  0.85081  0.85061 
 31.74500  0.78700  0.78641 
 31.84500  0.70913  0.70851 
 31.94500  0.61969  0.61943 
 32.04500  0.52338  0.52351 
 32.14500  0.42631  0.42618 
 32.24500  0.33274  0.33321 
 32.34500  0.24888  0.24949 
 32.44500  0.17814  0.17848 
 32.54500  0.12187  0.12177 
 32.64500  0.07961  0.07910 
 32.74500  0.04956  0.04884 
 32.84500  0.02932  0.02863 
 32.94500  0.01641  0.01590 
 33.04500  0.00862  0.00839 
 33.14500  0.00422  0.00420 
 33.24500  0.00188  0.00198 
 33.34500  0.00075  0.00089 
 33.44500  0.00026  0.00037 
 33.54500  0.00010  0.00015 
 33.64500  0.00003  0.00006 
 33.74500  0.00003  0.00000 
 33.84500  0.00003  0.00000 
 33.94500  0.00003  0.00000 
 34.04500  0.00001  0.00000 
 34.14500  0.00001  0.00000 
 34.24500  0.00000  0.00000 
 34.34500  0.00000  0.00000 
 34.44500  0.00000  0.00000 
 34.54500  0.00000  0.00000 
 34.64500  0.00002  0.00000 
 34.74500  0.00004  0.00000 
 34.84500  0.00002  0.00000 
 34.94500  0.00003  0.00000 
 35.04500  0.00004  0.00007 
 35.14500  0.00011  0.00017 
 35.24500  0.00032  0.00043 
 35.34500  0.00089  0.00100 
 35.44500  0.00216  0.00226 
 35.54500  0.00476  0.00470 
 35.64500  0.00960  0.00935 
 35.74500  0.01810  0.01758 
 35.84500  0.03203  0.03133 
 35.94500  0.05368  0.05297 
 36.04500  0.08555  0.08509 
 36.14500  0.12998  0.12997 
 36.24500  0.18858  0.18899 
 36.34500  0.26160  0.26220 
 36.44500  0.34731  0.34770 
 36.54500  0.44201  0.44175 
 36.64500  0.53903  0.53924 
 36.74500  0.63476  0.63441 
 36.84500  0.72259  0.72192 
 36.94500  0.79829  0.79775 
 37.04500  0.85973  0.85961 
 37.14500  0.90686  0.90720 
 37.24500  0.94101  0.94163 
 37.34500  0.96448  0.96514 
 37.44500  0.97974  0.98025 
 37.54500  0.98914  0.98938 
 37.64500  0.99458  0.99460 
 37.74500  0.99752  0.99739 
 37.84500  0.99899  0.99882 
 37.94500  0.99967  0.99949 
 38.04500  0.99993  0.99979 
 38.14500  1.00002  0.99991 
 38.24500  1.00002  1.00000 
 38.34500  1.00004  1.00000 
 38.44500  1.00002  1.00000 
 38.54500  1.00004  1.00000 
 38.64500  1.00005  1.00000 
 38.74500  1.00005  1.00000 
 38.84500  1.00008  1.00000 
 38.94500  1.00005  1.00000 
 39.04500  1.00006  1.00000 
 39.14500  1.00004  1.00000 
 39.24500  1.00003  1.00000 
 39.34500  1.00005  1.00000 
 39.44500  1.00002  1.00000 
 39.54500  1.00000  0.99990 
 39.64500  0.99992  0.99977 
 39.74500  0.99963  0.99944 
 39.84500  0.99889  0.99872 
 39.94500  0.99730  0.99716 
 40.04500  0.99414  0.99419 
 40.14500  0.98836  0.98864 
 40.24500  0.97846  0.97897 
 40.34500  0.96244  0.96310 
 40.44500  0.93799  0.93859 
 40.54500  0.90257  0.90287 
 40.64500  0.85401  0.85382 
 40.74500  0.79101  0.79044 
 40.84500  0.71390  0.71325 
 40.94500  0.62501  0.62472 
 41.04500  0.52891  0.52904 
 41.14500  0.43182  0.43166 
 41.24500  0.33784  0.33828 
 41.34500  0.25331  0.25391 
 41.44500  0.18176  0.18215 
 41.54500  0.12468  0.12460 
 41.64500  0.08168  0.08116 
 41.74500  0.05098  0.05026 
 41.84500  0.03025  0.02957 
 41.94500  0.01698  0.01648 
 42.04500  0.00894  0.00872 
 42.14500  0.00439  0.00436 
 42.24500  0.00198  0.00207 
 42.34500  0.00079  0.00092 
 42.44500  0.00029  0.00040 
 42.54500  0.00010  0.00015 
 42.64500  0.00004  0.00006 
 42.74500  0.00003  0.00000 
 42.84500  0.00002  0.00000 
 42.94500  0.00003  0.00000 
 43.04500  0.00002  0.00000 
 43.14500  0.00001  0.00000 
 43.24500 -0.00000  0.00000 
 43.34500  0.00000  0.00000 
 43.44500  0.00000  0.00000 
 43.54500  0.00001  0.00000 
 43.64500  0.00001  0.00000 
 43.74500  0.00003  0.00000 
 43.84500  0.00003  0.00000 
 43.94500  0.00003  0.00000 
 44.04500  0.00003  0.00007 
 44.14500  0.00011  0.00016 
 44.24500  0.00028  0.00041 
 44.34500  0.00084  0.00098 
 44.44500  0.00205  0.00215 
 44.54500  0.00455  0.00452 
 44.64500  0.00925  0.00900 
 44.74500  0.01746  0.01700 
 44.84500  0.03105  0.03036 
 44.94500  0.05220  0.05148 
 45.04500  0.08343  0.08296 
 45.14500  0.12707  0.12702 
 45.24500  0.18486  0.18526 
 45.34500  0.25707  0.25768 
 45.44500  0.34216  0.34256 
 45.54500  0.43647  0.43626 
 45.64500  0.53353  0.53369 
 45.74500  0.62947  0.62915 
 45.84500  0.71788  0.71721 
 45.94500  0.79435  0.79380 
 46.04500  0.85662  0.85649 
 46.14500  0.90453  0.90485 
 46.24500  0.93938  0.94001 
 46.34500  0.96339  0.96404 
 46.44500  0.97906  0.97955 
 46.54500  0.98873  0.98899 
 46.64500  0.99434  0.99439 
 46.74500  0.99739  0.99727 
 46.84500  0.99894  0.99875 
 46.94500  0.99965  0.99946 
 47.04500  0.99992  0.99978 
 47.14500  1.00000  0.99990 
 47.24500  1.00001  1.00000 
 47.34500  1.00003  1.00000 
 47.44500  1.00003  1.00000 
 47.54500  1.00003  1.00000 
 47.64500  1.00006  1.00000 
 47.74500  1.00006  1.00000 
 47.84500  1.00006  1.00000 
 47.94500  1.00007  1.00000 
 48.04500  1.00008  1.00000 
 48.14500  1.00008  1.00000 
 48.24500  1.00007  1.00000 
 48.34500  1.00007  1.00000 
 48.44500  1.00006  1.00000 
 48.54500  1.00004  1.00000 
 48.64500  1.00003  1.00000 
 48.74500  1.00003  1.00000 
 48.84500  1.00002  1.00000 
 48.94500  1.00002  0.99997 
 49.04500  0.99999  0.99988 
 49.14500  0.99987  0.99972 
 49.24500  0.99950  0.99931 
 49.34500  0.99861  0.99844 
 49.44500  0.99674  0.99666 
 49.54500  0.99309  0.99316 
 49.64500  0.98650  0.98681 
 49.74500  0.97534  0.97592 
 49.84500  0.95760  0.95825 
 49.94500  0.93078  0.93133 
 50.04500  0.89248  0.89268 
 50.14500  0.84060  0.84034 
 50.24500  0.77424  0.77362 
 50.34500  0.69411  0.69348 
 50.44500  0.60300  0.60285 
 50.54500  0.50626  0.50629 
 50.64500  0.40933  0.40932 
 50.74500  0.31714  0.31764 
 50.84500  0.23537  0.23596 
 50.94500  0.16715  0.16742 
 51.04500  0.11343  0.11326 
 51.14500  0.07350  0.07291 
 51.24500  0.04536  0.04464 
 51.34500  0.02657  0.02592 
 51.44500  0.01471  0.01428 
 51.54500  0.00764  0.00747 
 51.64500  0.00368  0.00368 
 51.74500  0.00162  0.00173 
 51.84500  0.00063  0.00077 
 51.94500  0.00022  0.00032 
 52.04500  0.00010  0.00013 
 52.14500  0.00004  0.00004 
 52.24500  0.00004  0.00000 
 52.34500  0.00004  0.00000 
 52.44500  0.00002  0.00000 
 52.54500  0.00001  0.00000 
 52.64500  0.00001  0.00000 
 52.74500 -0.00000  0.00000 
 52.84500  0.00000  0.00000 
 52.94500  0.00000  0.00000 
 53.04500  0.00000  0.00000 
 53.14500  0.00002  0.00000 
 53.24500  0.00004  0.00000 
 53.34500  0.00003  0.00000 
 53.44500  0.00004  0.00000 
 53.54500  0.00004  0.00009 
 53.64500  0.00013  0.00020 
 53.74500  0.00038  0.00051 
 53.84500  0.00104  0.00117 
 53.94500  0.00250  0.00256 
 54.04500  0.00541  0.00534 
 54.14500  0.01079  0.01050 
 54.24500  0.02009  0.01954 
 54.34500  0.03522  0.03450 
 54.44500  0.05849  0.05780 
 54.54500  0.09243  0.09202 
 54.64500  0.13926  0.13931 
 54.74500  0.20044  0.20092 
 54.84500  0.27588  0.27647 
 54.94500  0.36350  0.36381 
 55.04500  0.45914  0.45886 
 55.14500  0.55614  0.55634 
 55.24500  0.65095  0.65052 
 55.34500  0.73690  0.73621 
 55.44500  0.81017  0.80969 
 55.54500  0.86907  0.86903 
 55.64500  0.91377  0.91417 
 55.74500  0.94586  0.94652 
 55.84500  0.96770  0.96835 
 55.94500  0.98176  0.98223 
 56.04500  0.99032  0.99053 
 56.14500  0.99524  0.99523 
 56.24500  0.99787  0.99773 
 56.34500  0.99916  0.99899 
 56.44500  0.99974  0.99957 
 56.54500  0.99994  0.99983 
 56.64500  1.00004  0.99992 
 56.74500  1.00002  1.00000 
 56.84500  1.00005  1.00000 
 56.94500  1.00002  1.00000 
 57.04500  1.00004  1.00000 
 57.14500  1.00005  1.00000 
 57.24500  1.00007  1.00000 
 57.34500  1.00006  1.00000 
 57.44500  1.00008  1.00000 
 57.54500  1.00008  1.00000 
 57.64500  1.00008  1.00000 
 57.74500  1.00006  1.00000 
 57.84500  1.00006  1.00000 
 57.94500  1.00006  1.00000 
 58.04500  1.00004  1.00000 
 58.14500  1.00004  1.00000 
 58.24500  1.00002  1.00000 
 58.34500  1.00002  1.00000 
 58.44500  1.00002  0.99995 
 58.54500  0.99997  0.99986 
 58.64500  0.99981  0.99965 
 58.74500  0.99936  0.99916 
 58.84500  0.99830  0.99812 
 58.94500  0.99608  0.99602 
 59.04500  0.99187  0.99201 
 59.14500  0.98436  0.98475 
 59.24500  0.97189  0.97249 
 59.34500  0.95225  0.95290 
 59.44500  0.92297  0.92347 
 59.54500  0.88164  0.88174 
 59.64500  0.82643  0.82605 
 59.74500  0.75671  0.75606 
 59.84500  0.67369  0.67316 
 59.94500  0.58067  0.58067 
 60.04500  0.48361  0.48347 
 60.14500  0.38713  0.38727 
 60.24500  0.29699  0.29756 
 60.34500  0.21820  0.21874 
 60.44500  0.15334  0.15352 
 60.54500  0.10296  0.10267 
 60.64500  0.06596  0.06532 
 60.74500  0.04021  0.03949 
 60.84500  0.02328  0.02267 
 60.94500  0.01269  0.01232 
 61.04500  0.00650  0.00634 
 61.14500  0.00308  0.00310 
 61.24500  0.00132  0.00143 
 61.34500  0.00051  0.00062 
 61.44500  0.00019  0.00026 
 61.54500  0.00005  0.00010 
 61.64500  0.00004  0.00002 
 61.74500  0.00003  0.00000 
 61.84500  0.00004  0.00000 
 61.94500  0.00003  0.00000 
 62.04500  0.00001  0.00000 
 62.14500  0.00001  0.00000 
 62.24500 -0.00000  0.00000 
 62.34500 -0.00001  0.00000 
 62.44500  0.00001  0.00000 
 62.54500  0.00000  0.00000 
 62.64500  0.00001  0.00000 
 62.74500 -0.00001  0.00000 
 62.84500 -0.00000  0.00000 
 62.94500 -0.00000  0.00000 
 63.04500 -0.00000  0.00000 
 63.14500  0.00000  0.00000 
 63.24500 -0.00000  0.00000 
 63.34500 -0.00000  0.00000 
 63.44500 -0.00000  0.00000 
 63.54500  0.00000  0.00000 
 63.64500  0.00000  0.00000 
 63.74500 -0.00000  0.00000 
 63.84500  0.00000  0.00000 
 63.94500  0.00000  0.00000 
 64.04500  0.00000  0.00000 
 64.14500  0.00000  0.00000 
