  0.04500  1.00004  1.00000 
  0.14500  1.00004  1.00000 
  0.24500  1.00004  1.00000 
  0.34500  1.00004  1.00000 
  0.44500  1.00004  1.00000 
  0.54500  1.00004  1.00000 
  0.64500  1.00004  1.00000 
  0.74500  1.00004  1.00000 
  0.84500  1.00004  1.00000 
  0.94500  1.00004  1.00000 
  1.04500  1.00004  1.00000 
  1.14500  1.00004  1.00000 
  1.24500  1.00004  1.00000 
  1.34500  1.00004  1.00000 
  1.44500  1.00004  1.00000 
  1.54500  1.00004  1.00000 
  1.64500  1.00004  1.00000 
  1.74500  1.00004  1.00000 
  1.84500  1.00004  1.00000 
  1.94500  1.00005  1.00000 
  2.04500  1.00003  1.00000 
  2.14500  1.00004  1.00000 
  2.24500  1.00004  1.00000 
  2.34500  1.00003  1.00000 
  2.44500  1.00004  1.00000 
  2.54500  1.00005  1.00000 
  2.64500  1.00004  1.00000 
  2.74500  1.00004  1.00000 
  2.84500  1.00004  1.00000 
  2.94500  1.00000  1.00000 
  3.04500  0.99999  0.99995 
  3.14500  0.99992  0.99988 
  3.24500  0.99978  0.99972 
  3.34500  0.99949  0.99939 
  3.44500  0.99881  0.99872 
  3.54500  0.99747  0.99740 
  3.64500  0.99502  0.99500 
  3.74500  0.99078  0.99082 
  3.84500  0.98370  0.98379 
  3.94500  0.97253  0.97265 
  4.04500  0.95562  0.95573 
  4.14500  0.93118  0.93122 
  4.24500  0.89739  0.89736 
  4.34500  0.85279  0.85279 
  4.44500  0.79679  0.79681 
  4.54500  0.72992  0.72973 
  4.64500  0.65387  0.65312 
  4.74500  0.57136  0.56967 
  4.84500  0.48219  0.48298 
  4.94500  0.39581  0.39707 
  5.04500  0.31548  0.31590 
  5.14500  0.24273  0.24277 
  5.24500  0.17997  0.17992 
  5.34500  0.12845  0.12842 
  5.44500  0.08820  0.08817 
  5.54500  0.05826  0.05817 
  5.64500  0.03699  0.03684 
  5.74500  0.02255  0.02238 
  5.84500  0.01316  0.01304 
  5.94500  0.00732  0.00729 
  6.04500  0.00389  0.00388 
  6.14500  0.00194  0.00199 
  6.24500  0.00092  0.00097 
  6.34500  0.00041  0.00045 
  6.44500  0.00019  0.00020 
  6.54500  0.00009  0.00010 
  6.64500  0.00006  0.00001 
  6.74500  0.00002  0.00000 
  6.84500  0.00002  0.00000 
  6.94500 -0.00000  0.00000 
  7.04500  0.00005  0.00000 
  7.14500  0.00006  0.00007 
  7.24500  0.00012  0.00014 
  7.34500  0.00032  0.00033 
  7.44500  0.00065  0.00071 
  7.54500  0.00141  0.00146 
  7.64500  0.00290  0.00293 
  7.74500  0.00558  0.00556 
  7.84500  0.01027  0.01018 
  7.94500  0.01793  0.01779 
  8.04500  0.02998  0.02980 
  8.14500  0.04804  0.04793 
  8.24500  0.07401  0.07395 
  8.34500  0.10961  0.10958 
  8.44500  0.15617  0.15611 
  8.54500  0.21412  0.21409 
  8.64500  0.28276  0.28298 
  8.74500  0.36015  0.36099 
  8.84500  0.44343  0.44531 
  8.94500  0.53365  0.53215 
  9.04500  0.61859  0.61749 
  9.14500  0.69785  0.69747 
  9.24500  0.76901  0.76894 
  9.34500  0.82987  0.82987 
  9.44500  0.87939  0.87936 
  9.54500  0.91774  0.91774 
  9.64500  0.94603  0.94612 
  9.74500  0.96600  0.96613 
  9.84500  0.97943  0.97955 
  9.94500  0.98810  0.98819 
 10.04500  0.99343  0.99344 
 10.14500  0.99659  0.99653 
 10.24500  0.99833  0.99823 
 10.34500  0.99923  0.99915 
 10.44500  0.99969  0.99960 
 10.54500  0.99986  0.99983 
 10.64500  0.99997  0.99991 
 10.74500  1.00000  1.00000 
 10.84500  1.00004  1.00000 
 10.94500  1.00004  1.00000 
 11.04500  1.00004  1.00000 
 11.14500  1.00003  1.00000 
 11.24500  1.00003  1.00000 
 11.34500  0.99999  0.99997 
 11.44500  0.99994  0.99989 
 11.54500  0.99982  0.99976 
 11.64500  0.99953  0.99946 
 11.74500  0.99894  0.99885 
 11.84500  0.99776  0.99767 
 11.94500  0.99554  0.99550 
 12.04500  0.99166  0.99169 
 12.14500  0.98518  0.98526 
 12.24500  0.97480  0.97493 
 12.34500  0.95900  0.95912 
 12.44500  0.93596  0.93602 
 12.54500  0.90388  0.90388 
 12.64500  0.86120  0.86120 
 12.74500  0.80717  0.80716 
 12.84500  0.74203  0.74190 
 12.94500  0.66737  0.66676 
 13.04500  0.58576  0.58424 
 13.14500  0.49772  0.49780 
 13.24500  0.41006  0.41149 
 13.34500  0.32871  0.32927 
 13.44500  0.25449  0.25457 
 13.54500  0.18990  0.18985 
 13.64500  0.13643  0.13640 
 13.74500  0.09430  0.09427 
 13.84500  0.06273  0.06262 
 13.94500  0.04008  0.03993 
 14.04500  0.02458  0.02443 
 14.14500  0.01447  0.01433 
 14.24500  0.00813  0.00805 
 14.34500  0.00434  0.00433 
 14.44500  0.00220  0.00223 
 14.54500  0.00104  0.00110 
 14.64500  0.00048  0.00053 
 14.74500  0.00022  0.00024 
 14.84500  0.00009  0.00010 
 14.94500  0.00005  0.00003 
 15.04500  0.00001  0.00000 
 15.14500  0.00001  0.00000 
 15.24500 -0.00000  0.00000 
 15.34500  0.00000  0.00000 
 15.44500 -0.00001  0.00000 
 15.54500 -0.00002  0.00000 
 15.64500  0.00001  0.00000 
 15.74500 -0.00002  0.00000 
 15.84500 -0.00001  0.00000 
 15.94500 -0.00000  0.00000 
 16.04500  0.00001  0.00000 
 16.14500  0.00000  0.00000 
 16.24500  0.00003  0.00000 
 16.34500  0.00005  0.00004 
 16.44500  0.00012  0.00012 
 16.54500  0.00024  0.00027 
 16.64500  0.00056  0.00059 
 16.74500  0.00118  0.00126 
 16.84500  0.00246  0.00249 
 16.94500  0.00483  0.00481 
 17.04500  0.00893  0.00887 
 17.14500  0.01580  0.01568 
 17.24500  0.02670  0.02653 
 17.34500  0.04324  0.04307 
 17.44500  0.06717  0.06709 
 17.54500  0.10038  0.10034 
 17.64500  0.14429  0.14423 
 17.74500  0.19960  0.19958 
 17.84500  0.26589  0.26601 
 17.94500  0.34146  0.34211 
 18.04500  0.42366  0.42526 
 18.14500  0.51246  0.51189 
 18.24500  0.59927  0.59794 
 18.34500  0.67999  0.67949 
 18.44500  0.75324  0.75314 
 18.54500  0.81665  0.81666 
 18.64500  0.86886  0.86887 
 18.74500  0.90975  0.90974 
 18.84500  0.94026  0.94032 
 18.94500  0.96199  0.96212 
 19.04500  0.97680  0.97692 
 19.14500  0.98644  0.98652 
 19.24500  0.99244  0.99247 
 19.34500  0.99600  0.99594 
 19.44500  0.99801  0.99792 
 19.54500  0.99907  0.99898 
 19.64500  0.99959  0.99952 
 19.74500  0.99984  0.99978 
 19.84500  0.99995  0.99990 
 19.94500  0.99999  0.99998 
 20.04500  1.00003  1.00000 
 20.14500  1.00003  1.00000 
 20.24500  1.00005  1.00000 
 20.34500  1.00004  1.00000 
 20.44500  1.00006  1.00000 
 20.54500  1.00007  1.00000 
 20.64500  1.00007  1.00000 
 20.74500  1.00006  1.00000 
 20.84500  1.00004  1.00000 
 20.94500  1.00004  1.00000 
 21.04500  1.00004  1.00000 
 21.14500  1.00002  1.00000 
 21.24500  0.99999  1.00000 
 21.34500  0.99996  0.99990 
 21.44500  0.99987  0.99981 
 21.54500  0.99965  0.99957 
 21.64500  0.99916  0.99908 
 21.74500  0.99820  0.99811 
 21.84500  0.99636  0.99629 
 21.94500  0.99306  0.99305 
 22.04500  0.98744  0.98752 
 22.14500  0.97840  0.97851 
 22.24500  0.96437  0.96449 
 22.34500  0.94370  0.94376 
 22.44500  0.91448  0.91449 
 22.54500  0.87508  0.87509 
 22.64500  0.82446  0.82447 
 22.74500  0.76255  0.76248 
 22.84500  0.69048  0.69007 
 22.94500  0.61064  0.60942 
 23.04500  0.52484  0.52374 
 23.14500  0.43524  0.43696 
 23.24500  0.35236  0.35312 
 23.34500  0.27573  0.27585 
 23.44500  0.20804  0.20799 
 23.54500  0.15116  0.15113 
 23.64500  0.10571  0.10567 
 23.74500  0.07111  0.07103 
 23.84500  0.04600  0.04588 
 23.94500  0.02859  0.02843 
 24.04500  0.01702  0.01690 
 24.14500  0.00969  0.00962 
 24.24500  0.00527  0.00523 
 24.34500  0.00271  0.00274 
 24.44500  0.00132  0.00136 
 24.54500  0.00061  0.00066 
 24.64500  0.00029  0.00030 
 24.74500  0.00011  0.00013 
 24.84500  0.00006  0.00006 
 24.94500  0.00002  0.00000 
 25.04500  0.00001  0.00000 
 25.14500  0.00001  0.00000 
 25.24500 -0.00001  0.00000 
 25.34500  0.00000  0.00000 
 25.44500 -0.00000  0.00000 
 25.54500 -0.00000  0.00000 
 25.64500 -0.00000  0.00000 
 25.74500 -0.00001  0.00000 
 25.84500 -0.00000  0.00000 
 25.94500  0.00003  0.00000 
 26.04500  0.00003  0.00004 
 26.14500  0.00011  0.00011 
 26.24500  0.00023  0.00026 
 26.34500  0.00053  0.00057 
 26.44500  0.00114  0.00120 
 26.54500  0.00240  0.00244 
 26.64500  0.00474  0.00472 
 26.74500  0.00876  0.00873 
 26.84500  0.01554  0.01539 
 26.94500  0.02626  0.02610 
 27.04500  0.04256  0.04243 
 27.14500  0.06624  0.06617 
 27.24500  0.09913  0.09911 
 27.34500  0.14268  0.14264 
 27.44500  0.19764  0.19762 
 27.54500  0.26358  0.26369 
 27.64500  0.33890  0.33952 
 27.74500  0.42094  0.42249 
 27.84500  0.50950  0.50903 
 27.94500  0.59656  0.59519 
 28.04500  0.67747  0.67692 
 28.14500  0.75104  0.75093 
 28.24500  0.81476  0.81479 
 28.34500  0.86735  0.86733 
 28.44500  0.90860  0.90857 
 28.54500  0.93941  0.93946 
 28.64500  0.96138  0.96151 
 28.74500  0.97639  0.97653 
 28.84500  0.98619  0.98626 
 28.94500  0.99228  0.99232 
 29.04500  0.99593  0.99587 
 29.14500  0.99796  0.99789 
 29.24500  0.99908  0.99897 
 29.34500  0.99958  0.99951 
 29.44500  0.99984  0.99978 
 29.54500  0.99994  0.99990 
 29.64500  0.99999  0.99998 
 29.74500  1.00002  1.00000 
 29.84500  1.00003  1.00000 
 29.94500  1.00004  1.00000 
 30.04500  1.00003  1.00000 
 30.14500  1.00002  1.00000 
 30.24500  1.00000  0.99999 
 30.34500  0.99996  0.99990 
 30.44500  0.99985  0.99980 
 30.54500  0.99963  0.99956 
 30.64500  0.99916  0.99905 
 30.74500  0.99814  0.99806 
 30.84500  0.99627  0.99620 
 30.94500  0.99291  0.99292 
 31.04500  0.98722  0.98729 
 31.14500  0.97801  0.97814 
 31.24500  0.96383  0.96395 
 31.34500  0.94289  0.94298 
 31.44500  0.91337  0.91339 
 31.54500  0.87362  0.87361 
 31.64500  0.82264  0.82264 
 31.74500  0.76036  0.76027 
 31.84500  0.68801  0.68756 
 31.94500  0.60793  0.60670 
 32.04500  0.52195  0.52093 
 32.14500  0.43247  0.43418 
 32.24500  0.34977  0.35050 
 32.34500  0.27335  0.27351 
 32.44500  0.20602  0.20597 
 32.54500  0.14952  0.14947 
 32.64500  0.10443  0.10439 
 32.74500  0.07016  0.07008 
 32.84500  0.04535  0.04519 
 32.94500  0.02811  0.02796 
 33.04500  0.01674  0.01659 
 33.14500  0.00953  0.00943 
 33.24500  0.00515  0.00513 
 33.34500  0.00265  0.00267 
 33.44500  0.00128  0.00135 
 33.54500  0.00060  0.00064 
 33.64500  0.00027  0.00029 
 33.74500  0.00011  0.00013 
 33.84500  0.00006  0.00005 
 33.94500  0.00002  0.00000 
 34.04500 -0.00000  0.00000 
 34.14500 -0.00000  0.00000 
 34.24500 -0.00000  0.00000 
 34.34500 -0.00000  0.00000 
 34.44500 -0.00001  0.00000 
 34.54500 -0.00000  0.00000 
 34.64500  0.00001  0.00000 
 34.74500  0.00004  0.00000 
 34.84500  0.00005  0.00007 
 34.94500  0.00014  0.00014 
 35.04500  0.00030  0.00033 
 35.14500  0.00067  0.00072 
 35.24500  0.00144  0.00149 
 35.34500  0.00297  0.00298 
 35.44500  0.00572  0.00569 
 35.54500  0.01047  0.01035 
 35.64500  0.01825  0.01809 
 35.74500  0.03049  0.03031 
 35.84500  0.04877  0.04864 
 35.94500  0.07502  0.07493 
 36.04500  0.11096  0.11092 
 36.14500  0.15786  0.15783 
 36.24500  0.21617  0.21616 
 36.34500  0.28516  0.28537 
 36.44500  0.36277  0.36366 
 36.54500  0.44620  0.44810 
 36.64500  0.53661  0.53496 
 36.74500  0.62126  0.62020 
 36.84500  0.70028  0.69994 
 36.94500  0.77113  0.77108 
 37.04500  0.83164  0.83166 
 37.14500  0.88079  0.88080 
 37.24500  0.91879  0.91882 
 37.34500  0.94682  0.94690 
 37.44500  0.96652  0.96665 
 37.54500  0.97979  0.97991 
 37.64500  0.98834  0.98840 
 37.74500  0.99358  0.99359 
 37.84500  0.99666  0.99661 
 37.94500  0.99837  0.99828 
 38.04500  0.99926  0.99917 
 38.14500  0.99968  0.99961 
 38.24500  0.99987  0.99984 
 38.34500  0.99998  0.99991 
 38.44500  0.99999  1.00000 
 38.54500  1.00003  1.00000 
 38.64500  1.00004  1.00000 
 38.74500  1.00004  1.00000 
 38.84500  1.00007  1.00000 
 38.94500  1.00004  1.00000 
 39.04500  1.00005  1.00000 
 39.14500  1.00003  1.00000 
 39.24500  0.99999  1.00000 
 39.34500  0.99997  0.99990 
 39.44500  0.99987  0.99982 
 39.54500  0.99965  0.99958 
 39.64500  0.99920  0.99910 
 39.74500  0.99824  0.99815 
 39.84500  0.99642  0.99636 
 39.94500  0.99314  0.99316 
 40.04500  0.98762  0.98771 
 40.14500  0.97864  0.97879 
 40.24500  0.96479  0.96491 
 40.34500  0.94429  0.94437 
 40.44500  0.91532  0.91534 
 40.54500  0.87617  0.87617 
 40.64500  0.82585  0.82584 
 40.74500  0.76418  0.76410 
 40.84500  0.69235  0.69194 
 40.94500  0.61264  0.61149 
 41.04500  0.52708  0.52588 
 41.14500  0.43730  0.43908 
 41.24500  0.35433  0.35511 
 41.34500  0.27747  0.27767 
 41.44500  0.20954  0.20952 
 41.54500  0.15242  0.15236 
 41.64500  0.10671  0.10665 
 41.74500  0.07184  0.07177 
 41.84500  0.04651  0.04637 
 41.94500  0.02894  0.02876 
 42.04500  0.01724  0.01712 
 42.14500  0.00982  0.00975 
 42.24500  0.00535  0.00532 
 42.34500  0.00274  0.00278 
 42.44500  0.00134  0.00139 
 42.54500  0.00061  0.00066 
 42.64500  0.00028  0.00030 
 42.74500  0.00012  0.00013 
 42.84500  0.00003  0.00006 
 42.94500  0.00003  0.00000 
 43.04500  0.00001  0.00000 
 43.14500 -0.00000  0.00000 
 43.24500 -0.00001  0.00000 
 43.34500 -0.00000  0.00000 
 43.44500 -0.00000  0.00000 
 43.54500 -0.00000  0.00000 
 43.64500 -0.00000  0.00000 
 43.74500  0.00003  0.00000 
 43.84500  0.00006  0.00006 
 43.94500  0.00012  0.00014 
 44.04500  0.00027  0.00031 
 44.14500  0.00064  0.00070 
 44.24500  0.00138  0.00145 
 44.34500  0.00285  0.00287 
 44.44500  0.00550  0.00547 
 44.54500  0.01011  0.01003 
 44.64500  0.01769  0.01756 
 44.74500  0.02963  0.02946 
 44.84500  0.04752  0.04740 
 44.94500  0.07327  0.07320 
 45.04500  0.10862  0.10858 
 45.14500  0.15487  0.15485 
 45.24500  0.21256  0.21254 
 45.34500  0.28097  0.28117 
 45.44500  0.35818  0.35901 
 45.54500  0.44135  0.44318 
 45.64500  0.53146  0.53002 
 45.74500  0.61658  0.61545 
 45.84500  0.69599  0.69561 
 45.94500  0.76739  0.76731 
 46.04500  0.82849  0.82849 
 46.14500  0.87830  0.87828 
 46.24500  0.91692  0.91693 
 46.34500  0.94546  0.94554 
 46.44500  0.96561  0.96572 
 46.54500  0.97919  0.97930 
 46.64500  0.98796  0.98802 
 46.74500  0.99333  0.99334 
 46.84500  0.99652  0.99647 
 46.94500  0.99831  0.99820 
 47.04500  0.99922  0.99912 
 47.14500  0.99965  0.99959 
 47.24500  0.99988  0.99982 
 47.34500  0.99997  0.99991 
 47.44500  0.99999  1.00000 
 47.54500  1.00003  1.00000 
 47.64500  1.00004  1.00000 
 47.74500  1.00005  1.00000 
 47.84500  1.00004  1.00000 
 47.94500  1.00006  1.00000 
 48.04500  1.00007  1.00000 
 48.14500  1.00007  1.00000 
 48.24500  1.00005  1.00000 
 48.34500  1.00004  1.00000 
 48.44500  1.00004  1.00000 
 48.54500  1.00004  1.00000 
 48.64500  1.00002  1.00000 
 48.74500  1.00000  0.99998 
 48.84500  0.99994  0.99990 
 48.94500  0.99983  0.99976 
 49.04500  0.99957  0.99950 
 49.14500  0.99902  0.99891 
 49.24500  0.99790  0.99782 
 49.34500  0.99580  0.99578 
 49.44500  0.99211  0.99213 
 49.54500  0.98589  0.98596 
 49.64500  0.97594  0.97604 
 49.74500  0.96067  0.96079 
 49.84500  0.93836  0.93843 
 49.94500  0.90714  0.90715 
 50.04500  0.86545  0.86547 
 50.14500  0.81244  0.81246 
 50.24500  0.74827  0.74816 
 50.34500  0.67439  0.67382 
 50.44500  0.59324  0.59183 
 50.54500  0.50585  0.50560 
 50.64500  0.41759  0.41909 
 50.74500  0.33575  0.33634 
 50.84500  0.26074  0.26085 
 50.94500  0.19523  0.19518 
 51.04500  0.14072  0.14071 
 51.14500  0.09763  0.09759 
 51.24500  0.06515  0.06507 
 51.34500  0.04180  0.04163 
 51.44500  0.02573  0.02560 
 51.54500  0.01519  0.01507 
 51.64500  0.00858  0.00849 
 51.74500  0.00461  0.00460 
 51.84500  0.00235  0.00239 
 51.94500  0.00112  0.00118 
 52.04500  0.00053  0.00056 
 52.14500  0.00024  0.00026 
 52.24500  0.00010  0.00011 
 52.34500  0.00005  0.00004 
 52.44500  0.00001  0.00000 
 52.54500  0.00000  0.00000 
 52.64500 -0.00000  0.00000 
 52.74500 -0.00000  0.00000 
 52.84500 -0.00000  0.00000 
 52.94500 -0.00000  0.00000 
 53.04500 -0.00001  0.00000 
 53.14500  0.00000  0.00000 
 53.24500  0.00004  0.00000 
 53.34500  0.00007  0.00009 
 53.44500  0.00016  0.00016 
 53.54500  0.00035  0.00039 
 53.64500  0.00076  0.00082 
 53.74500  0.00165  0.00170 
 53.84500  0.00334  0.00334 
 53.94500  0.00639  0.00634 
 54.04500  0.01157  0.01148 
 54.14500  0.02003  0.01988 
 54.24500  0.03320  0.03305 
 54.34500  0.05276  0.05265 
 54.44500  0.08059  0.08054 
 54.54500  0.11841  0.11838 
 54.64500  0.16731  0.16728 
 54.74500  0.22760  0.22762 
 54.84500  0.29828  0.29856 
 54.94500  0.37717  0.37820 
 55.04500  0.46163  0.46334 
 55.14500  0.55218  0.55022 
 55.24500  0.63566  0.63476 
 55.34500  0.71345  0.71319 
 55.44500  0.78261  0.78256 
 55.54500  0.84114  0.84114 
 55.64500  0.88829  0.88827 
 55.74500  0.92443  0.92445 
 55.84500  0.95084  0.95091 
 55.94500  0.96929  0.96939 
 56.04500  0.98159  0.98170 
 56.14500  0.98948  0.98951 
 56.24500  0.99426  0.99425 
 56.34500  0.99705  0.99698 
 56.44500  0.99857  0.99849 
 56.54500  0.99935  0.99928 
 56.64500  0.99973  0.99967 
 56.74500  0.99991  0.99985 
 56.84500  0.99999  0.99993 
 56.94500  0.99999  1.00000 
 57.04500  1.00003  1.00000 
 57.14500  1.00004  1.00000 
 57.24500  1.00005  1.00000 
 57.34500  1.00004  1.00000 
 57.44500  1.00007  1.00000 
 57.54500  1.00007  1.00000 
 57.64500  1.00007  1.00000 
 57.74500  1.00004  1.00000 
 57.84500  1.00004  1.00000 
 57.94500  1.00004  1.00000 
 58.04500  1.00003  1.00000 
 58.14500  1.00002  1.00000 
 58.24500  0.99998  0.99995 
 58.34500  0.99993  0.99988 
 58.44500  0.99978  0.99972 
 58.54500  0.99948  0.99939 
 58.64500  0.99882  0.99873 
 58.74500  0.99752  0.99744 
 58.84500  0.99512  0.99509 
 58.94500  0.99092  0.99095 
 59.04500  0.98396  0.98405 
 59.14500  0.97290  0.97304 
 59.24500  0.95618  0.95628 
 59.34500  0.93195  0.93198 
 59.44500  0.89842  0.89839 
 59.54500  0.85411  0.85414 
 59.64500  0.79844  0.79844 
 59.74500  0.73183  0.73165 
 59.84500  0.65598  0.65528 
 59.94500  0.57363  0.57195 
 60.04500  0.48465  0.48529 
 60.14500  0.39805  0.39931 
 60.24500  0.31754  0.31798 
 60.34500  0.24456  0.24460 
 60.44500  0.18150  0.18143 
 60.54500  0.12969  0.12965 
 60.64500  0.08915  0.08909 
 60.74500  0.05893  0.05886 
 60.84500  0.03747  0.03731 
 60.94500  0.02285  0.02270 
 61.04500  0.01337  0.01323 
 61.14500  0.00746  0.00740 
 61.24500  0.00395  0.00396 
 61.34500  0.00198  0.00204 
 61.44500  0.00096  0.00100 
 61.54500  0.00041  0.00046 
 61.64500  0.00018  0.00021 
 61.74500  0.00009  0.00010 
 61.84500  0.00005  0.00001 
 61.94500  0.00002  0.00000 
 62.04500 -0.00001  0.00000 
 62.14500 -0.00001  0.00000 
 62.24500 -0.00000  0.00000 
 62.34500 -0.00002  0.00000 
 62.44500  0.00001  0.00000 
 62.54500  0.00000  0.00000 
 62.64500  0.00001  0.00000 
 62.74500  0.00001  0.00000 
 62.84500  0.00001  0.00000 
 62.94500 -0.00001  0.00000 
 63.04500 -0.00000  0.00000 
 63.14500 -0.00000  0.00000 
 63.24500  0.00000  0.00000 
 63.34500  0.00001  0.00000 
 63.44500  0.00000  0.00000 
 63.54500 -0.00000  0.00000 
 63.64500  0.00000  0.00000 
 63.74500  0.00000  0.00000 
 63.84500  0.00000  0.00000 
 63.94500  0.00000  0.00000 
 64.04500 -0.00000  0.00000 
 64.14500 -0.00000  0.00000 
