  0.04500  1.00001  1.00000 
  0.14500  1.00001  1.00000 
  0.24500  1.00001  1.00000 
  0.34500  1.00001  1.00000 
  0.44500  1.00000  1.00000 
  0.54500  1.00001  1.00000 
  0.64500  1.00001  1.00000 
  0.74500  1.00001  1.00000 
  0.84500  1.00001  1.00000 
  0.94500  1.00001  1.00000 
  1.04500  1.00002  1.00000 
  1.14500  1.00002  1.00000 
  1.24500  1.00001  1.00000 
  1.34500  1.00001  1.00000 
  1.44500  1.00001  1.00000 
  1.54500  1.00000  1.00000 
  1.64500  1.00000  1.00000 
  1.74500  0.99998  1.00000 
  1.84500  0.99996  0.99993 
  1.94500  0.99993  0.99990 
  2.04500  0.99984  0.99984 
  2.14500  0.99975  0.99974 
  2.24500  0.99959  0.99958 
  2.34500  0.99935  0.99934 
  2.44500  0.99897  0.99898 
  2.54500  0.99842  0.99843 
  2.64500  0.99762  0.99764 
  2.74500  0.99647  0.99647 
  2.84500  0.99484  0.99484 
  2.94500  0.99257  0.99256 
  3.04500  0.98946  0.98941 
  3.14500  0.98527  0.98521 
  3.24500  0.97970  0.97963 
  3.34500  0.97241  0.97238 
  3.44500  0.96307  0.96307 
  3.54500  0.95127  0.95133 
  3.64500  0.93665  0.93679 
  3.74500  0.91888  0.91909 
  3.84500  0.89763  0.89787 
  3.94500  0.87268  0.87286 
  4.04500  0.84387  0.84387 
  4.14500  0.81106  0.81084 
  4.24500  0.77423  0.77382 
  4.34500  0.73350  0.73305 
  4.44500  0.68914  0.68886 
  4.54500  0.64172  0.64174 
  4.64500  0.59191  0.59234 
  4.74500  0.54056  0.54146 
  4.84500  0.49030  0.48989 
  4.94500  0.43923  0.43848 
  5.04500  0.38839  0.38810 
  5.14500  0.33942  0.33951 
  5.24500  0.29310  0.29347 
  5.34500  0.25012  0.25054 
  5.44500  0.21089  0.21121 
  5.54500  0.17564  0.17573 
  5.64500  0.14441  0.14431 
  5.74500  0.11713  0.11691 
  5.84500  0.09368  0.09344 
  5.94500  0.07385  0.07363 
  6.04500  0.05738  0.05725 
  6.14500  0.04399  0.04393 
  6.24500  0.03329  0.03329 
  6.34500  0.02498  0.02502 
  6.44500  0.01868  0.01869 
  6.54500  0.01407  0.01409 
  6.64500  0.01091  0.01093 
  6.74500  0.00900  0.00902 
  6.84500  0.00825  0.00824 
  6.94500  0.00856  0.00854 
  7.04500  0.00994  0.00994 
  7.14500  0.01253  0.01255 
  7.24500  0.01647  0.01652 
  7.34500  0.02201  0.02203 
  7.44500  0.02942  0.02943 
  7.54500  0.03902  0.03900 
  7.64500  0.05121  0.05111 
  7.74500  0.06630  0.06612 
  7.84500  0.08462  0.08440 
  7.94500  0.10647  0.10624 
  8.04500  0.13206  0.13191 
  8.14500  0.16158  0.16159 
  8.24500  0.19508  0.19531 
  8.34500  0.23260  0.23299 
  8.44500  0.27399  0.27441 
  8.54500  0.31891  0.31915 
  8.64500  0.36681  0.36672 
  8.74500  0.41696  0.41640 
  8.84500  0.46846  0.46747 
  8.94500  0.51833  0.51908 
  9.04500  0.56972  0.57039 
  9.14500  0.62029  0.62052 
  9.24500  0.66887  0.66869 
  9.34500  0.71463  0.71424 
  9.44500  0.75700  0.75656 
  9.54500  0.79554  0.79525 
  9.64500  0.83009  0.83001 
  9.74500  0.86063  0.86075 
  9.84500  0.88724  0.88747 
  9.94500  0.91005  0.91030 
 10.04500  0.92929  0.92948 
 10.14500  0.94523  0.94534 
 10.24500  0.95818  0.95821 
 10.34500  0.96847  0.96845 
 10.44500  0.97652  0.97647 
 10.54500  0.98265  0.98259 
 10.64500  0.98717  0.98714 
 10.74500  0.99038  0.99036 
 10.84500  0.99247  0.99247 
 10.94500  0.99359  0.99359 
 11.04500  0.99386  0.99386 
 11.14500  0.99326  0.99325 
 11.24500  0.99175  0.99176 
 11.34500  0.98925  0.98922 
 11.44500  0.98555  0.98552 
 11.54500  0.98043  0.98037 
 11.64500  0.97359  0.97353 
 11.74500  0.96470  0.96470 
 11.84500  0.95339  0.95344 
 11.94500  0.93932  0.93946 
 12.04500  0.92211  0.92233 
 12.14500  0.90151  0.90174 
 12.24500  0.87719  0.87740 
 12.34500  0.84906  0.84910 
 12.44500  0.81694  0.81676 
 12.54500  0.78080  0.78043 
 12.64500  0.74071  0.74027 
 12.74500  0.69695  0.69662 
 12.84500  0.65000  0.64994 
 12.94500  0.60052  0.60092 
 13.04500  0.54939  0.55023 
 13.14500  0.49876  0.49871 
 13.24500  0.44802  0.44720 
 13.34500  0.39696  0.39656 
 13.44500  0.34759  0.34764 
 13.54500  0.30079  0.30113 
 13.64500  0.25720  0.25764 
 13.74500  0.21730  0.21765 
 13.84500  0.18137  0.18150 
 13.94500  0.14943  0.14938 
 14.04500  0.12150  0.12129 
 14.14500  0.09737  0.09714 
 14.24500  0.07693  0.07670 
 14.34500  0.05986  0.05972 
 14.44500  0.04591  0.04584 
 14.54500  0.03470  0.03469 
 14.64500  0.02583  0.02587 
 14.74500  0.01894  0.01900 
 14.84500  0.01372  0.01376 
 14.94500  0.00979  0.00983 
 15.04500  0.00690  0.00693 
 15.14500  0.00481  0.00481 
 15.24500  0.00333  0.00333 
 15.34500  0.00234  0.00233 
 15.44500  0.00170  0.00170 
 15.54500  0.00136  0.00135 
 15.64500  0.00124  0.00122 
 15.74500  0.00140  0.00138 
 15.84500  0.00178  0.00176 
 15.94500  0.00248  0.00247 
 16.04500  0.00355  0.00355 
 16.14500  0.00512  0.00512 
 16.24500  0.00730  0.00732 
 16.34500  0.01036  0.01038 
 16.44500  0.01446  0.01451 
 16.54500  0.01995  0.01998 
 16.64500  0.02711  0.02715 
 16.74500  0.03633  0.03632 
 16.84500  0.04797  0.04789 
 16.94500  0.06241  0.06226 
 17.04500  0.07999  0.07976 
 17.14500  0.10102  0.10077 
 17.24500  0.12573  0.12555 
 17.34500  0.15433  0.15430 
 17.44500  0.18689  0.18708 
 17.54500  0.22348  0.22386 
 17.64500  0.26400  0.26444 
 17.74500  0.30815  0.30843 
 17.84500  0.35541  0.35539 
 17.94500  0.40512  0.40466 
 18.04500  0.45638  0.45548 
 18.14500  0.50676  0.50705 
 18.24500  0.55773  0.55850 
 18.34500  0.60866  0.60896 
 18.44500  0.65777  0.65767 
 18.54500  0.70425  0.70388 
 18.64500  0.74745  0.74700 
 18.74500  0.78691  0.78656 
 18.84500  0.82240  0.82226 
 18.94500  0.85387  0.85395 
 19.04500  0.88139  0.88159 
 19.14500  0.90508  0.90533 
 19.24500  0.92515  0.92535 
 19.34500  0.94183  0.94194 
 19.44500  0.95548  0.95551 
 19.54500  0.96642  0.96639 
 19.64500  0.97504  0.97499 
 19.74500  0.98171  0.98165 
 19.84500  0.98678  0.98673 
 19.94500  0.99058  0.99055 
 20.04500  0.99336  0.99335 
 20.14500  0.99537  0.99536 
 20.24500  0.99678  0.99678 
 20.34500  0.99771  0.99771 
 20.44500  0.99828  0.99829 
 20.54500  0.99857  0.99857 
 20.64500  0.99859  0.99859 
 20.74500  0.99834  0.99835 
 20.84500  0.99782  0.99782 
 20.94500  0.99692  0.99693 
 21.04500  0.99558  0.99558 
 21.14500  0.99368  0.99365 
 21.24500  0.99102  0.99099 
 21.34500  0.98736  0.98734 
 21.44500  0.98249  0.98243 
 21.54500  0.97605  0.97600 
 21.64500  0.96773  0.96772 
 21.74500  0.95713  0.95715 
 21.84500  0.94388  0.94399 
 21.94500  0.92761  0.92781 
 22.04500  0.90804  0.90827 
 22.14500  0.88484  0.88506 
 22.24500  0.85787  0.85796 
 22.34500  0.82693  0.82684 
 22.44500  0.79198  0.79168 
 22.54500  0.75305  0.75262 
 22.64500  0.71035  0.70996 
 22.74500  0.66427  0.66414 
 22.84500  0.61549  0.61574 
 22.94500  0.56475  0.56546 
 23.04500  0.51356  0.51410 
 23.14500  0.46345  0.46250 
 23.24500  0.41204  0.41151 
 23.34500  0.36207  0.36200 
 23.44500  0.31442  0.31471 
 23.54500  0.26982  0.27025 
 23.64500  0.22880  0.22919 
 23.74500  0.19166  0.19187 
 23.84500  0.15855  0.15854 
 23.94500  0.12941  0.12924 
 24.04500  0.10417  0.10392 
 24.14500  0.08265  0.08244 
 24.24500  0.06461  0.06444 
 24.34500  0.04978  0.04968 
 24.44500  0.03778  0.03776 
 24.54500  0.02825  0.02828 
 24.64500  0.02083  0.02088 
 24.74500  0.01515  0.01519 
 24.84500  0.01088  0.01090 
 24.94500  0.00774  0.00774 
 25.04500  0.00546  0.00547 
 25.14500  0.00390  0.00388 
 25.24500  0.00287  0.00284 
 25.34500  0.00228  0.00227 
 25.44500  0.00207  0.00204 
 25.54500  0.00222  0.00220 
 25.64500  0.00275  0.00272 
 25.74500  0.00369  0.00368 
 25.84500  0.00516  0.00515 
 25.94500  0.00731  0.00730 
 26.04500  0.01028  0.01030 
 26.14500  0.01433  0.01437 
 26.24500  0.01977  0.01979 
 26.34500  0.02684  0.02688 
 26.44500  0.03599  0.03599 
 26.54500  0.04756  0.04749 
 26.64500  0.06189  0.06174 
 26.74500  0.07937  0.07915 
 26.84500  0.10028  0.10003 
 26.94500  0.12490  0.12471 
 27.04500  0.15334  0.15331 
 27.14500  0.18578  0.18595 
 27.24500  0.22223  0.22261 
 27.34500  0.26263  0.26306 
 27.44500  0.30666  0.30698 
 27.54500  0.35384  0.35383 
 27.64500  0.40346  0.40305 
 27.74500  0.45471  0.45383 
 27.84500  0.50516  0.50538 
 27.94500  0.55606  0.55683 
 28.04500  0.60703  0.60733 
 28.14500  0.65620  0.65612 
 28.24500  0.70279  0.70244 
 28.34500  0.74609  0.74565 
 28.44500  0.78568  0.78533 
 28.54500  0.82131  0.82116 
 28.64500  0.85291  0.85298 
 28.74500  0.88054  0.88074 
 28.84500  0.90435  0.90458 
 28.94500  0.92453  0.92473 
 29.04500  0.94129  0.94142 
 29.14500  0.95500  0.95505 
 29.24500  0.96598  0.96597 
 29.34500  0.97458  0.97453 
 29.44500  0.98118  0.98113 
 29.54500  0.98611  0.98606 
 29.64500  0.98963  0.98962 
 29.74500  0.99201  0.99199 
 29.84500  0.99338  0.99340 
 29.94500  0.99387  0.99388 
 30.04500  0.99349  0.99351 
 30.14500  0.99225  0.99224 
 30.24500  0.99002  0.99001 
 30.34500  0.98667  0.98663 
 30.44500  0.98194  0.98189 
 30.54500  0.97558  0.97556 
 30.64500  0.96729  0.96724 
 30.74500  0.95667  0.95670 
 30.84500  0.94336  0.94347 
 30.94500  0.92701  0.92719 
 31.04500  0.90732  0.90757 
 31.14500  0.88403  0.88424 
 31.24500  0.85692  0.85700 
 31.34500  0.82586  0.82575 
 31.44500  0.79080  0.79047 
 31.54500  0.75172  0.75130 
 31.64500  0.70891  0.70851 
 31.74500  0.66274  0.66261 
 31.84500  0.61386  0.61413 
 31.94500  0.56308  0.56381 
 32.04500  0.51192  0.51241 
 32.14500  0.46177  0.46082 
 32.24500  0.41038  0.40989 
 32.34500  0.36048  0.36043 
 32.44500  0.31292  0.31320 
 32.54500  0.26843  0.26886 
 32.64500  0.22753  0.22791 
 32.74500  0.19052  0.19072 
 32.84500  0.15753  0.15752 
 32.94500  0.12854  0.12835 
 33.04500  0.10342  0.10317 
 33.14500  0.08202  0.08178 
 33.24500  0.06409  0.06393 
 33.34500  0.04935  0.04926 
 33.44500  0.03744  0.03743 
 33.54500  0.02800  0.02803 
 33.64500  0.02066  0.02071 
 33.74500  0.01506  0.01510 
 33.84500  0.01089  0.01091 
 33.94500  0.00784  0.00786 
 34.04500  0.00572  0.00571 
 34.14500  0.00432  0.00431 
 34.24500  0.00357  0.00355 
 34.34500  0.00335  0.00331 
 34.44500  0.00365  0.00362 
 34.54500  0.00450  0.00450 
 34.64500  0.00601  0.00602 
 34.74500  0.00826  0.00830 
 34.84500  0.01148  0.01150 
 34.94500  0.01587  0.01591 
 35.04500  0.02172  0.02177 
 35.14500  0.02937  0.02938 
 35.24500  0.03918  0.03915 
 35.34500  0.05152  0.05143 
 35.44500  0.06677  0.06659 
 35.54500  0.08522  0.08499 
 35.64500  0.10721  0.10697 
 35.74500  0.13294  0.13277 
 35.84500  0.16259  0.16260 
 35.94500  0.19622  0.19647 
 36.04500  0.23388  0.23427 
 36.14500  0.27539  0.27580 
 36.24500  0.32042  0.32065 
 36.34500  0.36843  0.36829 
 36.44500  0.41861  0.41806 
 36.54500  0.47014  0.46915 
 36.64500  0.51992  0.52077 
 36.74500  0.57139  0.57202 
 36.84500  0.62191  0.62210 
 36.94500  0.67040  0.67023 
 37.04500  0.71607  0.71566 
 37.14500  0.75830  0.75786 
 37.24500  0.79672  0.79643 
 37.34500  0.83116  0.83108 
 37.44500  0.86156  0.86169 
 37.54500  0.88806  0.88829 
 37.64500  0.91074  0.91098 
 37.74500  0.92989  0.93008 
 37.84500  0.94573  0.94584 
 37.94500  0.95861  0.95863 
 38.04500  0.96889  0.96885 
 38.14500  0.97693  0.97687 
 38.24500  0.98309  0.98303 
 38.34500  0.98770  0.98767 
 38.44500  0.99110  0.99109 
 38.54500  0.99348  0.99347 
 38.64500  0.99505  0.99506 
 38.74500  0.99592  0.99592 
 38.84500  0.99616  0.99619 
 38.94500  0.99585  0.99586 
 39.04500  0.99492  0.99492 
 39.14500  0.99328  0.99327 
 39.24500  0.99081  0.99077 
 39.34500  0.98729  0.98725 
 39.44500  0.98252  0.98246 
 39.54500  0.97616  0.97613 
 39.64500  0.96792  0.96789 
 39.74500  0.95740  0.95742 
 39.84500  0.94423  0.94433 
 39.94500  0.92805  0.92825 
 40.04500  0.90855  0.90878 
 40.14500  0.88545  0.88568 
 40.24500  0.85857  0.85867 
 40.34500  0.82774  0.82763 
 40.44500  0.79288  0.79259 
 40.54500  0.75406  0.75362 
 40.64500  0.71144  0.71105 
 40.74500  0.66544  0.66529 
 40.84500  0.61670  0.61695 
 40.94500  0.56601  0.56672 
 41.04500  0.51476  0.51537 
 41.14500  0.46471  0.46376 
 41.24500  0.41327  0.41275 
 41.34500  0.36327  0.36318 
 41.44500  0.31557  0.31582 
 41.54500  0.27086  0.27129 
 41.64500  0.22976  0.23014 
 41.74500  0.19251  0.19272 
 41.84500  0.15929  0.15931 
 41.94500  0.13008  0.12991 
 42.04500  0.10475  0.10451 
 42.14500  0.08314  0.08291 
 42.24500  0.06504  0.06485 
 42.34500  0.05010  0.05001 
 42.44500  0.03805  0.03804 
 42.54500  0.02848  0.02850 
 42.64500  0.02104  0.02108 
 42.74500  0.01534  0.01539 
 42.84500  0.01109  0.01111 
 42.94500  0.00798  0.00799 
 43.04500  0.00582  0.00584 
 43.14500  0.00439  0.00437 
 43.24500  0.00360  0.00357 
 43.34500  0.00336  0.00331 
 43.44500  0.00362  0.00360 
 43.54500  0.00444  0.00443 
 43.64500  0.00591  0.00591 
 43.74500  0.00812  0.00814 
 43.84500  0.01127  0.01129 
 43.94500  0.01558  0.01563 
 44.04500  0.02135  0.02138 
 44.14500  0.02888  0.02892 
 44.24500  0.03856  0.03855 
 44.34500  0.05075  0.05067 
 44.44500  0.06581  0.06564 
 44.54500  0.08409  0.08385 
 44.64500  0.10589  0.10564 
 44.74500  0.13140  0.13123 
 44.84500  0.16079  0.16080 
 44.94500  0.19420  0.19444 
 45.04500  0.23163  0.23203 
 45.14500  0.27292  0.27335 
 45.24500  0.31778  0.31801 
 45.34500  0.36561  0.36552 
 45.44500  0.41570  0.41516 
 45.54500  0.46720  0.46621 
 45.64500  0.51711  0.51783 
 45.74500  0.56847  0.56913 
 45.84500  0.61909  0.61932 
 45.94500  0.66772  0.66755 
 46.04500  0.71356  0.71316 
 46.14500  0.75600  0.75556 
 46.24500  0.79464  0.79435 
 46.34500  0.82929  0.82921 
 46.44500  0.85994  0.86007 
 46.54500  0.88665  0.88688 
 46.64500  0.90956  0.90982 
 46.74500  0.92890  0.92909 
 46.84500  0.94493  0.94504 
 46.94500  0.95796  0.95799 
 47.04500  0.96840  0.96837 
 47.14500  0.97658  0.97653 
 47.24500  0.98290  0.98284 
 47.34500  0.98767  0.98764 
 47.44500  0.99124  0.99122 
 47.54500  0.99384  0.99383 
 47.64500  0.99571  0.99570 
 47.74500  0.99700  0.99702 
 47.84500  0.99786  0.99785 
 47.94500  0.99835  0.99837 
 48.04500  0.99860  0.99859 
 48.14500  0.99856  0.99857 
 48.24500  0.99826  0.99826 
 48.34500  0.99766  0.99767 
 48.44500  0.99668  0.99669 
 48.54500  0.99524  0.99523 
 48.64500  0.99319  0.99317 
 48.74500  0.99034  0.99029 
 48.84500  0.98647  0.98641 
 48.94500  0.98129  0.98124 
 49.04500  0.97449  0.97444 
 49.14500  0.96571  0.96570 
 49.24500  0.95460  0.95464 
 49.34500  0.94074  0.94086 
 49.44500  0.92380  0.92401 
 49.54500  0.90349  0.90374 
 49.64500  0.87953  0.87974 
 49.74500  0.85174  0.85180 
 49.84500  0.81996  0.81982 
 49.94500  0.78419  0.78384 
 50.04500  0.74444  0.74400 
 50.14500  0.70100  0.70063 
 50.24500  0.65430  0.65423 
 50.34500  0.60504  0.60536 
 50.44500  0.55400  0.55480 
 50.54500  0.50320  0.50332 
 50.64500  0.45264  0.45177 
 50.74500  0.40146  0.40104 
 50.84500  0.35191  0.35191 
 50.94500  0.30485  0.30517 
 51.04500  0.26095  0.26137 
 51.14500  0.22071  0.22106 
 51.24500  0.18441  0.18457 
 51.34500  0.15213  0.15207 
 51.44500  0.12383  0.12365 
 51.54500  0.09938  0.09913 
 51.64500  0.07861  0.07838 
 51.74500  0.06128  0.06114 
 51.84500  0.04706  0.04698 
 51.94500  0.03561  0.03561 
 52.04500  0.02656  0.02661 
 52.14500  0.01955  0.01961 
 52.24500  0.01422  0.01427 
 52.34500  0.01026  0.01029 
 52.44500  0.00742  0.00743 
 52.54500  0.00543  0.00542 
 52.64500  0.00416  0.00415 
 52.74500  0.00349  0.00347 
 52.84500  0.00337  0.00333 
 52.94500  0.00376  0.00375 
 53.04500  0.00473  0.00472 
 53.14500  0.00635  0.00634 
 53.24500  0.00875  0.00877 
 53.34500  0.01217  0.01220 
 53.44500  0.01679  0.01682 
 53.54500  0.02294  0.02299 
 53.64500  0.03094  0.03094 
 53.74500  0.04117  0.04116 
 53.84500  0.05399  0.05389 
 53.94500  0.06977  0.06959 
 54.04500  0.08886  0.08861 
 54.14500  0.11148  0.11124 
 54.24500  0.13789  0.13776 
 54.34500  0.16822  0.16830 
 54.44500  0.20258  0.20284 
 54.54500  0.24091  0.24134 
 54.64500  0.28308  0.28348 
 54.74500  0.32870  0.32887 
 54.84500  0.37713  0.37694 
 54.94500  0.42763  0.42699 
 55.04500  0.47912  0.47823 
 55.14500  0.52884  0.52984 
 55.24500  0.58041  0.58097 
 55.34500  0.63063  0.63076 
 55.44500  0.67867  0.67845 
 55.54500  0.72378  0.72333 
 55.64500  0.76536  0.76493 
 55.74500  0.80309  0.80284 
 55.84500  0.83681  0.83677 
 55.94500  0.86652  0.86666 
 56.04500  0.89232  0.89257 
 56.14500  0.91439  0.91461 
 56.24500  0.93292  0.93308 
 56.34500  0.94823  0.94830 
 56.44500  0.96063  0.96063 
 56.54500  0.97049  0.97046 
 56.64500  0.97820  0.97817 
 56.74500  0.98413  0.98407 
 56.84500  0.98860  0.98856 
 56.94500  0.99192  0.99190 
 57.04500  0.99433  0.99431 
 57.14500  0.99605  0.99605 
 57.24500  0.99723  0.99724 
 57.34500  0.99801  0.99802 
 57.44500  0.99845  0.99846 
 57.54500  0.99861  0.99860 
 57.64500  0.99851  0.99852 
 57.74500  0.99814  0.99815 
 57.84500  0.99746  0.99748 
 57.94500  0.99640  0.99640 
 58.04500  0.99483  0.99482 
 58.14500  0.99260  0.99258 
 58.24500  0.98954  0.98949 
 58.34500  0.98538  0.98532 
 58.44500  0.97985  0.97981 
 58.54500  0.97263  0.97259 
 58.64500  0.96335  0.96336 
 58.74500  0.95162  0.95169 
 58.84500  0.93708  0.93723 
 58.94500  0.91939  0.91961 
 59.04500  0.89824  0.89848 
 59.14500  0.87340  0.87357 
 59.24500  0.84469  0.84471 
 59.34500  0.81197  0.81179 
 59.44500  0.77526  0.77488 
 59.54500  0.73464  0.73418 
 59.64500  0.69037  0.69006 
 59.74500  0.64300  0.64302 
 59.84500  0.59325  0.59372 
 59.94500  0.54193  0.54284 
 60.04500  0.49161  0.49127 
 60.14500  0.44059  0.43984 
 60.24500  0.38972  0.38942 
 60.34500  0.34068  0.34079 
 60.44500  0.29430  0.29468 
 60.54500  0.25121  0.25166 
 60.64500  0.21188  0.21220 
 60.74500  0.17652  0.17666 
 60.84500  0.14518  0.14507 
 60.94500  0.11780  0.11756 
 61.04500  0.09422  0.09396 
 61.14500  0.07426  0.07406 
 61.24500  0.05769  0.05755 
 61.34500  0.04413  0.04409 
 61.44500  0.03327  0.03329 
 61.54500  0.02472  0.02476 
 61.64500  0.01810  0.01815 
 61.74500  0.01308  0.01310 
 61.84500  0.00930  0.00931 
 61.94500  0.00652  0.00653 
 62.04500  0.00452  0.00450 
 62.14500  0.00307  0.00306 
 62.24500  0.00205  0.00205 
 62.34500  0.00136  0.00136 
 62.44500  0.00088  0.00088 
 62.54500  0.00055  0.00057 
 62.64500  0.00036  0.00035 
 62.74500  0.00021  0.00022 
 62.84500  0.00014  0.00012 
 62.94500  0.00007  0.00010 
 63.04500  0.00003  0.00004 
 63.14500  0.00003  0.00000 
 63.24500  0.00001  0.00000 
 63.34500  0.00001  0.00000 
 63.44500 -0.00001  0.00000 
 63.54500  0.00000  0.00000 
 63.64500 -0.00001  0.00000 
 63.74500 -0.00001  0.00000 
 63.84500 -0.00000  0.00000 
 63.94500 -0.00000  0.00000 
 64.04500 -0.00000  0.00000 
 64.14500  0.00001  0.00000 
