  0.04500  0.98625  0.98629 
  0.14500  0.98602  0.98607 
  0.24500  0.98554  0.98559 
  0.34500  0.98483  0.98487 
  0.44500  0.98382  0.98388 
  0.54500  0.98256  0.98262 
  0.64500  0.98105  0.98108 
  0.74500  0.97921  0.97929 
  0.84500  0.97711  0.97717 
  0.94500  0.97470  0.97474 
  1.04500  0.97192  0.97200 
  1.14500  0.96883  0.96888 
  1.24500  0.96538  0.96542 
  1.34500  0.96153  0.96159 
  1.44500  0.95728  0.95734 
  1.54500  0.95261  0.95269 
  1.64500  0.94750  0.94756 
  1.74500  0.94191  0.94201 
  1.84500  0.93587  0.93595 
  1.94500  0.92933  0.92940 
  2.04500  0.92225  0.92232 
  2.14500  0.91463  0.91469 
  2.24500  0.90645  0.90653 
  2.34500  0.89772  0.89779 
  2.44500  0.88839  0.88847 
  2.54500  0.87845  0.87855 
  2.64500  0.86794  0.86802 
  2.74500  0.85683  0.85689 
  2.84500  0.84508  0.84517 
  2.94500  0.83277  0.83282 
  3.04500  0.81981  0.81988 
  3.14500  0.80630  0.80635 
  3.24500  0.79219  0.79223 
  3.34500  0.77749  0.77754 
  3.44500  0.76227  0.76233 
  3.54500  0.74652  0.74660 
  3.64500  0.73032  0.73039 
  3.74500  0.71363  0.71372 
  3.84500  0.69653  0.69665 
  3.94500  0.67908  0.67921 
  4.04500  0.66137  0.66146 
  4.14500  0.64344  0.64344 
  4.24500  0.62528  0.62520 
  4.34500  0.60695  0.60682 
  4.44500  0.58850  0.58835 
  4.54500  0.56994  0.56985 
  4.64500  0.55127  0.55141 
  4.74500  0.53258  0.53308 
  4.84500  0.51519  0.51491 
  4.94500  0.49742  0.49706 
  5.04500  0.47957  0.47950 
  5.14500  0.46225  0.46237 
  5.24500  0.44556  0.44571 
  5.34500  0.42947  0.42959 
  5.44500  0.41410  0.41412 
  5.54500  0.39940  0.39934 
  5.64500  0.38543  0.38533 
  5.74500  0.37228  0.37213 
  5.84500  0.35997  0.35984 
  5.94500  0.34860  0.34849 
  6.04500  0.33827  0.33815 
  6.14500  0.32893  0.32888 
  6.24500  0.32075  0.32068 
  6.34500  0.31368  0.31362 
  6.44500  0.30775  0.30772 
  6.54500  0.30306  0.30303 
  6.64500  0.29963  0.29953 
  6.74500  0.29737  0.29729 
  6.84500  0.29635  0.29629 
  6.94500  0.29658  0.29650 
  7.04500  0.29802  0.29797 
  7.14500  0.30071  0.30067 
  7.24500  0.30463  0.30458 
  7.34500  0.30970  0.30967 
  7.44500  0.31593  0.31589 
  7.54500  0.32329  0.32325 
  7.64500  0.33174  0.33167 
  7.74500  0.34118  0.34111 
  7.84500  0.35159  0.35151 
  7.94500  0.36291  0.36282 
  8.04500  0.37505  0.37498 
  8.14500  0.38794  0.38790 
  8.24500  0.40147  0.40151 
  8.34500  0.41559  0.41572 
  8.44500  0.43026  0.43047 
  8.54500  0.44548  0.44568 
  8.64500  0.46119  0.46124 
  8.74500  0.47724  0.47710 
  8.84500  0.49361  0.49310 
  8.94500  0.50871  0.50919 
  9.04500  0.52497  0.52530 
  9.14500  0.54125  0.54130 
  9.24500  0.55719  0.55711 
  9.34500  0.57273  0.57265 
  9.44500  0.58788  0.58783 
  9.54500  0.60248  0.60254 
  9.64500  0.61662  0.61669 
  9.74500  0.63009  0.63028 
  9.84500  0.64292  0.64313 
  9.94500  0.65504  0.65522 
 10.04500  0.66632  0.66650 
 10.14500  0.67670  0.67685 
 10.24500  0.68611  0.68623 
 10.34500  0.69448  0.69462 
 10.44500  0.70180  0.70193 
 10.54500  0.70801  0.70813 
 10.64500  0.71307  0.71322 
 10.74500  0.71697  0.71711 
 10.84500  0.71969  0.71983 
 10.94500  0.72116  0.72130 
 11.04500  0.72142  0.72158 
 11.14500  0.72047  0.72059 
 11.24500  0.71827  0.71841 
 11.34500  0.71486  0.71500 
 11.44500  0.71026  0.71041 
 11.54500  0.70447  0.70461 
 11.64500  0.69755  0.69767 
 11.74500  0.68947  0.68961 
 11.84500  0.68033  0.68046 
 11.94500  0.67013  0.67028 
 12.04500  0.65896  0.65911 
 12.14500  0.64685  0.64702 
 12.24500  0.63386  0.63406 
 12.34500  0.62014  0.62027 
 12.44500  0.60569  0.60578 
 12.54500  0.59058  0.59058 
 12.64500  0.57489  0.57479 
 12.74500  0.55861  0.55849 
 12.84500  0.54180  0.54175 
 12.94500  0.52454  0.52467 
 13.04500  0.50682  0.50730 
 13.14500  0.48973  0.48972 
 13.24500  0.47242  0.47204 
 13.34500  0.45441  0.45433 
 13.44500  0.43655  0.43668 
 13.54500  0.41897  0.41916 
 13.64500  0.40169  0.40188 
 13.74500  0.38479  0.38488 
 13.84500  0.36823  0.36823 
 13.94500  0.35215  0.35204 
 14.04500  0.33651  0.33638 
 14.14500  0.32143  0.32132 
 14.24500  0.30702  0.30691 
 14.34500  0.29329  0.29323 
 14.44500  0.28036  0.28030 
 14.54500  0.26829  0.26821 
 14.64500  0.25707  0.25702 
 14.74500  0.24683  0.24676 
 14.84500  0.23752  0.23749 
 14.94500  0.22926  0.22921 
 15.04500  0.22204  0.22198 
 15.14500  0.21593  0.21583 
 15.24500  0.21089  0.21081 
 15.34500  0.20701  0.20692 
 15.44500  0.20421  0.20414 
 15.54500  0.20260  0.20252 
 15.64500  0.20216  0.20206 
 15.74500  0.20288  0.20280 
 15.84500  0.20478  0.20466 
 15.94500  0.20781  0.20771 
 16.04500  0.21200  0.21190 
 16.14500  0.21729  0.21722 
 16.24500  0.22373  0.22367 
 16.34500  0.23123  0.23116 
 16.44500  0.23980  0.23977 
 16.54500  0.24942  0.24935 
 16.64500  0.26001  0.25997 
 16.74500  0.27155  0.27152 
 16.84500  0.28405  0.28397 
 16.94500  0.29737  0.29729 
 17.04500  0.31152  0.31142 
 17.14500  0.32640  0.32630 
 17.24500  0.34198  0.34185 
 17.34500  0.35810  0.35806 
 17.44500  0.37482  0.37485 
 17.54500  0.39200  0.39209 
 17.64500  0.40965  0.40981 
 17.74500  0.42766  0.42785 
 17.84500  0.44609  0.44617 
 17.94500  0.46484  0.46474 
 18.04500  0.48385  0.48343 
 18.14500  0.50196  0.50217 
 18.24500  0.52051  0.52090 
 18.34500  0.53943  0.53954 
 18.44500  0.55809  0.55801 
 18.54500  0.57636  0.57625 
 18.64500  0.59424  0.59414 
 18.74500  0.61167  0.61167 
 18.84500  0.62864  0.62872 
 18.94500  0.64514  0.64525 
 19.04500  0.66101  0.66119 
 19.14500  0.67631  0.67644 
 19.24500  0.69087  0.69102 
 19.34500  0.70466  0.70479 
 19.44500  0.71760  0.71772 
 19.54500  0.72968  0.72977 
 19.64500  0.74080  0.74090 
 19.74500  0.75094  0.75103 
 19.84500  0.76005  0.76016 
 19.94500  0.76811  0.76825 
 20.04500  0.77512  0.77525 
 20.14500  0.78099  0.78114 
 20.24500  0.78575  0.78586 
 20.34500  0.78932  0.78948 
 20.44500  0.79175  0.79192 
 20.54500  0.79305  0.79318 
 20.64500  0.79311  0.79327 
 20.74500  0.79205  0.79219 
 20.84500  0.78978  0.78991 
 20.94500  0.78635  0.78648 
 21.04500  0.78178  0.78191 
 21.14500  0.77609  0.77621 
 21.24500  0.76927  0.76938 
 21.34500  0.76137  0.76147 
 21.44500  0.75244  0.75252 
 21.54500  0.74245  0.74256 
 21.64500  0.73153  0.73161 
 21.74500  0.71964  0.71972 
 21.84500  0.70686  0.70697 
 21.94500  0.69321  0.69336 
 22.04500  0.67882  0.67898 
 22.14500  0.66375  0.66389 
 22.24500  0.64803  0.64814 
 22.34500  0.63170  0.63178 
 22.44500  0.61493  0.61492 
 22.54500  0.59769  0.59759 
 22.64500  0.58003  0.57988 
 22.74500  0.56197  0.56187 
 22.84500  0.54358  0.54362 
 22.94500  0.52488  0.52521 
 23.04500  0.50641  0.50675 
 23.14500  0.48876  0.48826 
 23.24500  0.47004  0.46985 
 23.34500  0.45157  0.45162 
 23.44500  0.43347  0.43362 
 23.54500  0.41577  0.41592 
 23.64500  0.39852  0.39859 
 23.74500  0.38179  0.38177 
 23.84500  0.36552  0.36545 
 23.94500  0.34987  0.34974 
 24.04500  0.33484  0.33471 
 24.14500  0.32051  0.32041 
 24.24500  0.30699  0.30687 
 24.34500  0.29431  0.29424 
 24.44500  0.28254  0.28245 
 24.54500  0.27174  0.27167 
 24.64500  0.26192  0.26184 
 24.74500  0.25315  0.25307 
 24.84500  0.24548  0.24539 
 24.94500  0.23888  0.23882 
 25.04500  0.23349  0.23335 
 25.14500  0.22916  0.22907 
 25.24500  0.22604  0.22594 
 25.34500  0.22409  0.22400 
 25.44500  0.22337  0.22324 
 25.54500  0.22381  0.22369 
 25.64500  0.22543  0.22534 
 25.74500  0.22826  0.22816 
 25.84500  0.23227  0.23216 
 25.94500  0.23736  0.23727 
 26.04500  0.24365  0.24353 
 26.14500  0.25097  0.25090 
 26.24500  0.25939  0.25931 
 26.34500  0.26882  0.26875 
 26.44500  0.27928  0.27919 
 26.54500  0.29061  0.29055 
 26.64500  0.30289  0.30278 
 26.74500  0.31597  0.31584 
 26.84500  0.32981  0.32967 
 26.94500  0.34430  0.34418 
 27.04500  0.35943  0.35933 
 27.14500  0.37507  0.37504 
 27.24500  0.39117  0.39123 
 27.34500  0.40772  0.40783 
 27.44500  0.42459  0.42475 
 27.54500  0.44183  0.44193 
 27.64500  0.45936  0.45925 
 27.74500  0.47708  0.47665 
 27.84500  0.49388  0.49405 
 27.94500  0.51091  0.51135 
 28.04500  0.52835  0.52845 
 28.14500  0.54540  0.54532 
 28.24500  0.56195  0.56183 
 28.34500  0.57803  0.57788 
 28.44500  0.59348  0.59347 
 28.54500  0.60837  0.60845 
 28.64500  0.62259  0.62275 
 28.74500  0.63615  0.63631 
 28.84500  0.64890  0.64909 
 28.94500  0.66081  0.66098 
 29.04500  0.67178  0.67195 
 29.14500  0.68179  0.68192 
 29.24500  0.69074  0.69086 
 29.34500  0.69858  0.69869 
 29.44500  0.70531  0.70544 
 29.54500  0.71090  0.71101 
 29.64500  0.71526  0.71540 
 29.74500  0.71844  0.71858 
 29.84500  0.72038  0.72055 
 29.94500  0.72112  0.72125 
 30.04500  0.72060  0.72075 
 30.14500  0.71885  0.71900 
 30.24500  0.71592  0.71603 
 30.34500  0.71176  0.71186 
 30.44500  0.70638  0.70647 
 30.54500  0.69990  0.69998 
 30.64500  0.69224  0.69234 
 30.74500  0.68347  0.68361 
 30.84500  0.67374  0.67384 
 30.94500  0.66296  0.66311 
 31.04500  0.65126  0.65144 
 31.14500  0.63876  0.63891 
 31.24500  0.62540  0.62554 
 31.34500  0.61140  0.61149 
 31.44500  0.59677  0.59675 
 31.54500  0.58156  0.58146 
 31.64500  0.56580  0.56566 
 31.74500  0.54952  0.54943 
 31.84500  0.53281  0.53286 
 31.94500  0.51572  0.51605 
 32.04500  0.49879  0.49905 
 32.14500  0.48254  0.48205 
 32.24500  0.46520  0.46505 
 32.34500  0.44805  0.44809 
 32.44500  0.43121  0.43134 
 32.54500  0.41474  0.41489 
 32.64500  0.39871  0.39881 
 32.74500  0.38314  0.38312 
 32.84500  0.36804  0.36798 
 32.94500  0.35356  0.35344 
 33.04500  0.33972  0.33955 
 33.14500  0.32658  0.32641 
 33.24500  0.31420  0.31407 
 33.34500  0.30270  0.30259 
 33.44500  0.29217  0.29206 
 33.54500  0.28258  0.28249 
 33.64500  0.27408  0.27395 
 33.74500  0.26659  0.26648 
 33.84500  0.26024  0.26014 
 33.94500  0.25501  0.25490 
 34.04500  0.25094  0.25083 
 34.14500  0.24807  0.24795 
 34.24500  0.24638  0.24627 
 34.34500  0.24589  0.24577 
 34.44500  0.24664  0.24652 
 34.54500  0.24856  0.24846 
 34.64500  0.25171  0.25157 
 34.74500  0.25602  0.25590 
 34.84500  0.26148  0.26138 
 34.94500  0.26810  0.26799 
 35.04500  0.27582  0.27574 
 35.14500  0.28462  0.28453 
 35.24500  0.29442  0.29437 
 35.34500  0.30528  0.30515 
 35.44500  0.31703  0.31690 
 35.54500  0.32966  0.32950 
 35.64500  0.34309  0.34294 
 35.74500  0.35726  0.35711 
 35.84500  0.37206  0.37197 
 35.94500  0.38743  0.38742 
 36.04500  0.40336  0.40341 
 36.14500  0.41972  0.41986 
 36.24500  0.43654  0.43666 
 36.34500  0.45380  0.45381 
 36.44500  0.47135  0.47113 
 36.54500  0.48916  0.48860 
 36.64500  0.50559  0.50609 
 36.74500  0.52324  0.52353 
 36.84500  0.54083  0.54085 
 36.94500  0.55809  0.55795 
 37.04500  0.57490  0.57476 
 37.14500  0.59127  0.59117 
 37.24500  0.60714  0.60713 
 37.34500  0.62248  0.62256 
 37.44500  0.63722  0.63737 
 37.54500  0.65135  0.65150 
 37.64500  0.66472  0.66484 
 37.74500  0.67726  0.67738 
 37.84500  0.68893  0.68907 
 37.94500  0.69968  0.69978 
 38.04500  0.70943  0.70951 
 38.14500  0.71811  0.71821 
 38.24500  0.72574  0.72582 
 38.34500  0.73220  0.73232 
 38.44500  0.73754  0.73766 
 38.54500  0.74171  0.74183 
 38.64500  0.74466  0.74481 
 38.74500  0.74645  0.74658 
 38.84500  0.74697  0.74712 
 38.94500  0.74631  0.74645 
 39.04500  0.74440  0.74456 
 39.14500  0.74132  0.74143 
 39.24500  0.73706  0.73715 
 39.34500  0.73158  0.73168 
 39.44500  0.72496  0.72508 
 39.54500  0.71726  0.71734 
 39.64500  0.70846  0.70856 
 39.74500  0.69860  0.69871 
 39.84500  0.68779  0.68788 
 39.94500  0.67598  0.67614 
 40.04500  0.66334  0.66350 
 40.14500  0.64989  0.65005 
 40.24500  0.63574  0.63586 
 40.34500  0.62090  0.62098 
 40.44500  0.60551  0.60550 
 40.54500  0.58957  0.58949 
 40.64500  0.57314  0.57302 
 40.74500  0.55629  0.55615 
 40.84500  0.53900  0.53905 
 40.94500  0.52137  0.52171 
 41.04500  0.50390  0.50425 
 41.14500  0.48728  0.48675 
 41.24500  0.46948  0.46932 
 41.34500  0.45196  0.45201 
 41.44500  0.43478  0.43495 
 41.54500  0.41799  0.41813 
 41.64500  0.40167  0.40173 
 41.74500  0.38581  0.38580 
 41.84500  0.37047  0.37038 
 41.94500  0.35577  0.35563 
 42.04500  0.34167  0.34151 
 42.14500  0.32831  0.32818 
 42.24500  0.31578  0.31567 
 42.34500  0.30414  0.30403 
 42.44500  0.29345  0.29334 
 42.54500  0.28374  0.28363 
 42.64500  0.27505  0.27495 
 42.74500  0.26746  0.26738 
 42.84500  0.26099  0.26088 
 42.94500  0.25567  0.25554 
 43.04500  0.25152  0.25141 
 43.14500  0.24855  0.24841 
 43.24500  0.24680  0.24664 
 43.34500  0.24624  0.24610 
 43.44500  0.24691  0.24676 
 43.54500  0.24878  0.24866 
 43.64500  0.25191  0.25177 
 43.74500  0.25620  0.25605 
 43.84500  0.26164  0.26153 
 43.94500  0.26823  0.26813 
 44.04500  0.27599  0.27588 
 44.14500  0.28482  0.28472 
 44.24500  0.29470  0.29460 
 44.34500  0.30562  0.30548 
 44.44500  0.31746  0.31730 
 44.54500  0.33023  0.33007 
 44.64500  0.34380  0.34363 
 44.74500  0.35812  0.35801 
 44.84500  0.37319  0.37307 
 44.94500  0.38882  0.38880 
 45.04500  0.40506  0.40509 
 45.14500  0.42177  0.42188 
 45.24500  0.43899  0.43912 
 45.34500  0.45669  0.45669 
 45.44500  0.47478  0.47452 
 45.54500  0.49313  0.49256 
 45.64500  0.51034  0.51072 
 45.74500  0.52862  0.52888 
 45.84500  0.54701  0.54700 
 45.94500  0.56512  0.56498 
 46.04500  0.58296  0.58277 
 46.14500  0.60036  0.60025 
 46.24500  0.61740  0.61734 
 46.34500  0.63398  0.63404 
 46.44500  0.65013  0.65019 
 46.54500  0.66569  0.66579 
 46.64500  0.68063  0.68073 
 46.74500  0.69484  0.69497 
 46.84500  0.70834  0.70842 
 46.94500  0.72098  0.72106 
 47.04500  0.73276  0.73279 
 47.14500  0.74359  0.74363 
 47.24500  0.75343  0.75348 
 47.34500  0.76226  0.76233 
 47.44500  0.77004  0.77014 
 47.54500  0.77677  0.77686 
 47.64500  0.78235  0.78247 
 47.74500  0.78687  0.78695 
 47.84500  0.79019  0.79029 
 47.94500  0.79235  0.79247 
 48.04500  0.79335  0.79347 
 48.14500  0.79316  0.79330 
 48.24500  0.79186  0.79197 
 48.34500  0.78936  0.78947 
 48.44500  0.78568  0.78581 
 48.54500  0.78089  0.78100 
 48.64500  0.77497  0.77507 
 48.74500  0.76798  0.76806 
 48.84500  0.75988  0.75996 
 48.94500  0.75076  0.75081 
 49.04500  0.74061  0.74070 
 49.14500  0.72954  0.72959 
 49.24500  0.71752  0.71759 
 49.34500  0.70463  0.70474 
 49.44500  0.69092  0.69106 
 49.54500  0.67646  0.67660 
 49.64500  0.66136  0.66148 
 49.74500  0.64561  0.64570 
 49.84500  0.62936  0.62941 
 49.94500  0.61262  0.61260 
 50.04500  0.59549  0.59538 
 50.14500  0.57798  0.57780 
 50.24500  0.56003  0.55996 
 50.34500  0.54183  0.54192 
 50.44500  0.52338  0.52378 
 50.54500  0.50554  0.50561 
 50.64500  0.48793  0.48750 
 50.74500  0.46963  0.46951 
 50.84500  0.45165  0.45173 
 50.94500  0.43409  0.43425 
 51.04500  0.41700  0.41713 
 51.14500  0.40042  0.40047 
 51.24500  0.38436  0.38432 
 51.34500  0.36889  0.36879 
 51.44500  0.35403  0.35389 
 51.54500  0.33991  0.33975 
 51.64500  0.32655  0.32639 
 51.74500  0.31401  0.31392 
 51.84500  0.30244  0.30237 
 51.94500  0.29183  0.29175 
 52.04500  0.28226  0.28218 
 52.14500  0.27375  0.27364 
 52.24500  0.26634  0.26621 
 52.34500  0.26005  0.25994 
 52.44500  0.25492  0.25480 
 52.54500  0.25098  0.25086 
 52.64500  0.24825  0.24814 
 52.74500  0.24676  0.24661 
 52.84500  0.24644  0.24629 
 52.94500  0.24736  0.24723 
 53.04500  0.24953  0.24939 
 53.14500  0.25288  0.25274 
 53.24500  0.25742  0.25730 
 53.34500  0.26314  0.26302 
 53.44500  0.27001  0.26988 
 53.54500  0.27798  0.27788 
 53.64500  0.28708  0.28696 
 53.74500  0.29718  0.29708 
 53.84500  0.30832  0.30818 
 53.94500  0.32037  0.32023 
 54.04500  0.33333  0.33316 
 54.14500  0.34711  0.34693 
 54.24500  0.36160  0.36147 
 54.34500  0.37680  0.37668 
 54.44500  0.39259  0.39255 
 54.54500  0.40888  0.40897 
 54.64500  0.42577  0.42588 
 54.74500  0.44309  0.44319 
 54.84500  0.46086  0.46084 
 54.94500  0.47905  0.47870 
 55.04500  0.49734  0.49680 
 55.14500  0.51442  0.51495 
 55.24500  0.53291  0.53312 
 55.34500  0.55126  0.55120 
 55.44500  0.56934  0.56916 
 55.54500  0.58708  0.58687 
 55.64500  0.60438  0.60427 
 55.74500  0.62131  0.62129 
 55.84500  0.63784  0.63786 
 55.94500  0.65379  0.65389 
 56.04500  0.66922  0.66933 
 56.14500  0.68403  0.68411 
 56.24500  0.69810  0.69817 
 56.34500  0.71137  0.71143 
 56.44500  0.72384  0.72386 
 56.54500  0.73534  0.73541 
 56.64500  0.74596  0.74598 
 56.74500  0.75557  0.75562 
 56.84500  0.76418  0.76422 
 56.94500  0.77170  0.77173 
 57.04500  0.77812  0.77819 
 57.14500  0.78347  0.78353 
 57.24500  0.78766  0.78773 
 57.34500  0.79070  0.79078 
 57.44500  0.79255  0.79267 
 57.54500  0.79329  0.79335 
 57.64500  0.79283  0.79289 
 57.74500  0.79115  0.79124 
 57.84500  0.78832  0.78842 
 57.94500  0.78433  0.78442 
 58.04500  0.77919  0.77930 
 58.14500  0.77294  0.77301 
 58.24500  0.76556  0.76564 
 58.34500  0.75713  0.75719 
 58.44500  0.74761  0.74767 
 58.54500  0.73709  0.73713 
 58.64500  0.72558  0.72564 
 58.74500  0.71311  0.71320 
 58.84500  0.69978  0.69986 
 58.94500  0.68560  0.68570 
 59.04500  0.67058  0.67075 
 59.14500  0.65492  0.65505 
 59.24500  0.63861  0.63868 
 59.34500  0.62170  0.62169 
 59.44500  0.60423  0.60415 
 59.54500  0.58629  0.58613 
 59.64500  0.56785  0.56767 
 59.74500  0.54894  0.54885 
 59.84500  0.52961  0.52975 
 59.94500  0.50992  0.51043 
 60.04500  0.49109  0.49092 
 60.14500  0.47168  0.47132 
 60.24500  0.45175  0.45169 
 60.34500  0.43197  0.43209 
 60.44500  0.41243  0.41257 
 60.54500  0.39307  0.39323 
 60.64500  0.37403  0.37406 
 60.74500  0.35520  0.35518 
 60.84500  0.33669  0.33661 
 60.94500  0.31849  0.31840 
 61.04500  0.30069  0.30057 
 61.14500  0.28331  0.28319 
 61.24500  0.26639  0.26633 
 61.34500  0.25001  0.24994 
 61.44500  0.23417  0.23413 
 61.54500  0.21890  0.21886 
 61.64500  0.20425  0.20420 
 61.74500  0.19021  0.19015 
 61.84500  0.17675  0.17669 
 61.94500  0.16394  0.16391 
 62.04500  0.15179  0.15173 
 62.14500  0.14023  0.14020 
 62.24500  0.12938  0.12932 
 62.34500  0.11911  0.11908 
 62.44500  0.10951  0.10946 
 62.54500  0.10052  0.10048 
 62.64500  0.09217  0.09211 
 62.74500  0.08442  0.08436 
 62.84500  0.07724  0.07718 
 62.94500  0.07065  0.07060 
 63.04500  0.06464  0.06458 
 63.14500  0.05918  0.05912 
 63.24500  0.05429  0.05420 
 63.34500  0.04987  0.04982 
 63.44500  0.04597  0.04593 
 63.54500  0.04260  0.04257 
 63.64500  0.03970  0.03968 
 63.74500  0.03729  0.03725 
 63.84500  0.03536  0.03531 
 63.94500  0.03391  0.03383 
 64.04500  0.03284  0.03281 
 64.14500  0.03230  0.03224 
