  0.04500  0.88263  0.88274 
  0.14500  0.88231  0.88240 
  0.24500  0.88164  0.88173 
  0.34500  0.88063  0.88072 
  0.44500  0.87927  0.87937 
  0.54500  0.87757  0.87767 
  0.64500  0.87554  0.87564 
  0.74500  0.87317  0.87326 
  0.84500  0.87046  0.87054 
  0.94500  0.86742  0.86752 
  1.04500  0.86407  0.86418 
  1.14500  0.86039  0.86049 
  1.24500  0.85641  0.85649 
  1.34500  0.85210  0.85220 
  1.44500  0.84750  0.84760 
  1.54500  0.84259  0.84272 
  1.64500  0.83742  0.83751 
  1.74500  0.83193  0.83203 
  1.84500  0.82620  0.82628 
  1.94500  0.82017  0.82028 
  2.04500  0.81390  0.81402 
  2.14500  0.80741  0.80751 
  2.24500  0.80065  0.80077 
  2.34500  0.79368  0.79380 
  2.44500  0.78649  0.78662 
  2.54500  0.77912  0.77924 
  2.64500  0.77154  0.77165 
  2.74500  0.76381  0.76392 
  2.84500  0.75590  0.75600 
  2.94500  0.74785  0.74796 
  3.04500  0.73967  0.73978 
  3.14500  0.73137  0.73148 
  3.24500  0.72297  0.72308 
  3.34500  0.71449  0.71460 
  3.44500  0.70594  0.70604 
  3.54500  0.69735  0.69744 
  3.64500  0.68871  0.68880 
  3.74500  0.68006  0.68013 
  3.84500  0.67141  0.67148 
  3.94500  0.66276  0.66284 
  4.04500  0.65415  0.65424 
  4.14500  0.64560  0.64570 
  4.24500  0.63712  0.63721 
  4.34500  0.62874  0.62882 
  4.44500  0.62047  0.62053 
  4.54500  0.61232  0.61237 
  4.64500  0.60432  0.60434 
  4.74500  0.59646  0.59648 
  4.84500  0.58875  0.58880 
  4.94500  0.58124  0.58129 
  5.04500  0.57395  0.57400 
  5.14500  0.56690  0.56695 
  5.24500  0.56006  0.56008 
  5.34500  0.55351  0.55350 
  5.44500  0.54717  0.54716 
  5.54500  0.54112  0.54111 
  5.64500  0.53534  0.53533 
  5.74500  0.52986  0.52985 
  5.84500  0.52468  0.52466 
  5.94500  0.51982  0.51982 
  6.04500  0.51528  0.51527 
  6.14500  0.51106  0.51103 
  6.24500  0.50716  0.50716 
  6.34500  0.50362  0.50358 
  6.44500  0.50039  0.50036 
  6.54500  0.49752  0.49748 
  6.64500  0.49496  0.49492 
  6.74500  0.49273  0.49270 
  6.84500  0.49084  0.49081 
  6.94500  0.48929  0.48924 
  7.04500  0.48805  0.48799 
  7.14500  0.48712  0.48709 
  7.24500  0.48651  0.48646 
  7.34500  0.48619  0.48614 
  7.44500  0.48615  0.48612 
  7.54500  0.48639  0.48636 
  7.64500  0.48690  0.48688 
  7.74500  0.48767  0.48765 
  7.84500  0.48866  0.48866 
  7.94500  0.48990  0.48987 
  8.04500  0.49133  0.49130 
  8.14500  0.49295  0.49291 
  8.24500  0.49473  0.49470 
  8.34500  0.49671  0.49661 
  8.44500  0.49875  0.49872 
  8.54500  0.50092  0.50090 
  8.64500  0.50319  0.50318 
  8.74500  0.50554  0.50555 
  8.84500  0.50796  0.50797 
  8.94500  0.51043  0.51041 
  9.04500  0.51289  0.51288 
  9.14500  0.51533  0.51533 
  9.24500  0.51775  0.51776 
  9.34500  0.52012  0.52015 
  9.44500  0.52243  0.52247 
  9.54500  0.52466  0.52471 
  9.64500  0.52679  0.52683 
  9.74500  0.52881  0.52885 
  9.84500  0.53067  0.53072 
  9.94500  0.53240  0.53244 
 10.04500  0.53394  0.53399 
 10.14500  0.53531  0.53535 
 10.24500  0.53645  0.53653 
 10.34500  0.53740  0.53748 
 10.44500  0.53813  0.53822 
 10.54500  0.53864  0.53873 
 10.64500  0.53891  0.53898 
 10.74500  0.53893  0.53900 
 10.84500  0.53871  0.53878 
 10.94500  0.53821  0.53830 
 11.04500  0.53747  0.53754 
 11.14500  0.53644  0.53653 
 11.24500  0.53518  0.53528 
 11.34500  0.53366  0.53375 
 11.44500  0.53186  0.53196 
 11.54500  0.52982  0.52991 
 11.64500  0.52751  0.52762 
 11.74500  0.52499  0.52508 
 11.84500  0.52223  0.52231 
 11.94500  0.51922  0.51931 
 12.04500  0.51600  0.51609 
 12.14500  0.51259  0.51266 
 12.24500  0.50899  0.50907 
 12.34500  0.50519  0.50527 
 12.44500  0.50123  0.50130 
 12.54500  0.49714  0.49723 
 12.64500  0.49292  0.49300 
 12.74500  0.48861  0.48866 
 12.84500  0.48418  0.48424 
 12.94500  0.47968  0.47973 
 13.04500  0.47513  0.47517 
 13.14500  0.47053  0.47057 
 13.24500  0.46591  0.46595 
 13.34500  0.46129  0.46135 
 13.44500  0.45672  0.45676 
 13.54500  0.45221  0.45223 
 13.64500  0.44775  0.44776 
 13.74500  0.44338  0.44338 
 13.84500  0.43911  0.43909 
 13.94500  0.43495  0.43494 
 14.04500  0.43094  0.43094 
 14.14500  0.42712  0.42710 
 14.24500  0.42347  0.42346 
 14.34500  0.42002  0.42000 
 14.44500  0.41679  0.41677 
 14.54500  0.41381  0.41377 
 14.64500  0.41107  0.41102 
 14.74500  0.40859  0.40853 
 14.84500  0.40639  0.40632 
 14.94500  0.40444  0.40440 
 15.04500  0.40286  0.40280 
 15.14500  0.40153  0.40148 
 15.24500  0.40054  0.40049 
 15.34500  0.39988  0.39981 
 15.44500  0.39954  0.39947 
 15.54500  0.39953  0.39947 
 15.64500  0.39988  0.39981 
 15.74500  0.40055  0.40048 
 15.84500  0.40156  0.40149 
 15.94500  0.40291  0.40285 
 16.04500  0.40458  0.40453 
 16.14500  0.40660  0.40654 
 16.24500  0.40893  0.40887 
 16.34500  0.41159  0.41153 
 16.44500  0.41455  0.41449 
 16.54500  0.41783  0.41776 
 16.64500  0.42135  0.42131 
 16.74500  0.42519  0.42512 
 16.84500  0.42927  0.42923 
 16.94500  0.43360  0.43357 
 17.04500  0.43817  0.43814 
 17.14500  0.44296  0.44292 
 17.24500  0.44794  0.44791 
 17.34500  0.45311  0.45308 
 17.44500  0.45844  0.45841 
 17.54500  0.46391  0.46387 
 17.64500  0.46948  0.46946 
 17.74500  0.47515  0.47515 
 17.84500  0.48090  0.48092 
 17.94500  0.48671  0.48674 
 18.04500  0.49255  0.49260 
 18.14500  0.49845  0.49846 
 18.24500  0.50431  0.50433 
 18.34500  0.51012  0.51015 
 18.44500  0.51587  0.51591 
 18.54500  0.52154  0.52161 
 18.64500  0.52712  0.52720 
 18.74500  0.53259  0.53267 
 18.84500  0.53791  0.53799 
 18.94500  0.54307  0.54315 
 19.04500  0.54806  0.54813 
 19.14500  0.55285  0.55293 
 19.24500  0.55740  0.55749 
 19.34500  0.56173  0.56181 
 19.44500  0.56578  0.56588 
 19.54500  0.56957  0.56968 
 19.64500  0.57308  0.57320 
 19.74500  0.57630  0.57642 
 19.84500  0.57920  0.57932 
 19.94500  0.58180  0.58192 
 20.04500  0.58405  0.58418 
 20.14500  0.58596  0.58610 
 20.24500  0.58754  0.58768 
 20.34500  0.58877  0.58890 
 20.44500  0.58964  0.58976 
 20.54500  0.59016  0.59028 
 20.64500  0.59033  0.59044 
 20.74500  0.59011  0.59024 
 20.84500  0.58956  0.58968 
 20.94500  0.58866  0.58875 
 21.04500  0.58739  0.58752 
 21.14500  0.58580  0.58592 
 21.24500  0.58387  0.58398 
 21.34500  0.58160  0.58172 
 21.44500  0.57902  0.57912 
 21.54500  0.57612  0.57625 
 21.64500  0.57296  0.57305 
 21.74500  0.56951  0.56960 
 21.84500  0.56578  0.56587 
 21.94500  0.56183  0.56189 
 22.04500  0.55761  0.55769 
 22.14500  0.55320  0.55328 
 22.24500  0.54859  0.54866 
 22.34500  0.54379  0.54386 
 22.44500  0.53884  0.53893 
 22.54500  0.53376  0.53382 
 22.64500  0.52857  0.52862 
 22.74500  0.52329  0.52332 
 22.84500  0.51793  0.51795 
 22.94500  0.51252  0.51253 
 23.04500  0.50706  0.50708 
 23.14500  0.50160  0.50162 
 23.24500  0.49616  0.49618 
 23.34500  0.49078  0.49078 
 23.44500  0.48544  0.48544 
 23.54500  0.48020  0.48018 
 23.64500  0.47504  0.47501 
 23.74500  0.47001  0.46996 
 23.84500  0.46512  0.46509 
 23.94500  0.46038  0.46035 
 24.04500  0.45582  0.45580 
 24.14500  0.45147  0.45144 
 24.24500  0.44733  0.44730 
 24.34500  0.44344  0.44338 
 24.44500  0.43977  0.43971 
 24.54500  0.43634  0.43631 
 24.64500  0.43322  0.43315 
 24.74500  0.43035  0.43028 
 24.84500  0.42779  0.42771 
 24.94500  0.42552  0.42544 
 25.04500  0.42354  0.42346 
 25.14500  0.42189  0.42181 
 25.24500  0.42054  0.42048 
 25.34500  0.41950  0.41946 
 25.44500  0.41882  0.41874 
 25.54500  0.41842  0.41836 
 25.64500  0.41836  0.41830 
 25.74500  0.41859  0.41853 
 25.84500  0.41917  0.41908 
 25.94500  0.42002  0.41995 
 26.04500  0.42118  0.42111 
 26.14500  0.42262  0.42257 
 26.24500  0.42435  0.42429 
 26.34500  0.42634  0.42629 
 26.44500  0.42859  0.42854 
 26.54500  0.43109  0.43104 
 26.64500  0.43381  0.43378 
 26.74500  0.43675  0.43674 
 26.84500  0.43987  0.43985 
 26.94500  0.44320  0.44318 
 27.04500  0.44668  0.44666 
 27.14500  0.45030  0.45029 
 27.24500  0.45406  0.45404 
 27.34500  0.45790  0.45790 
 27.44500  0.46184  0.46181 
 27.54500  0.46583  0.46584 
 27.64500  0.46987  0.46990 
 27.74500  0.47395  0.47399 
 27.84500  0.47803  0.47807 
 27.94500  0.48211  0.48211 
 28.04500  0.48614  0.48620 
 28.14500  0.49010  0.49012 
 28.24500  0.49399  0.49404 
 28.34500  0.49775  0.49782 
 28.44500  0.50143  0.50151 
 28.54500  0.50498  0.50505 
 28.64500  0.50838  0.50846 
 28.74500  0.51161  0.51170 
 28.84500  0.51467  0.51475 
 28.94500  0.51752  0.51760 
 29.04500  0.52016  0.52025 
 29.14500  0.52258  0.52267 
 29.24500  0.52476  0.52487 
 29.34500  0.52670  0.52680 
 29.44500  0.52839  0.52849 
 29.54500  0.52979  0.52992 
 29.64500  0.53097  0.53105 
 29.74500  0.53187  0.53197 
 29.84500  0.53248  0.53258 
 29.94500  0.53282  0.53292 
 30.04500  0.53288  0.53298 
 30.14500  0.53265  0.53276 
 30.24500  0.53216  0.53226 
 30.34500  0.53139  0.53151 
 30.44500  0.53038  0.53048 
 30.54500  0.52907  0.52918 
 30.64500  0.52756  0.52765 
 30.74500  0.52577  0.52586 
 30.84500  0.52377  0.52385 
 30.94500  0.52153  0.52160 
 31.04500  0.51908  0.51915 
 31.14500  0.51645  0.51650 
 31.24500  0.51360  0.51368 
 31.34500  0.51061  0.51069 
 31.44500  0.50747  0.50755 
 31.54500  0.50422  0.50427 
 31.64500  0.50085  0.50088 
 31.74500  0.49737  0.49740 
 31.84500  0.49384  0.49384 
 31.94500  0.49022  0.49023 
 32.04500  0.48656  0.48658 
 32.14500  0.48287  0.48288 
 32.24500  0.47920  0.47922 
 32.34500  0.47555  0.47556 
 32.44500  0.47196  0.47195 
 32.54500  0.46842  0.46840 
 32.64500  0.46496  0.46492 
 32.74500  0.46158  0.46154 
 32.84500  0.45832  0.45828 
 32.94500  0.45518  0.45515 
 33.04500  0.45220  0.45217 
 33.14500  0.44940  0.44935 
 33.24500  0.44677  0.44674 
 33.34500  0.44436  0.44430 
 33.44500  0.44214  0.44209 
 33.54500  0.44016  0.44010 
 33.64500  0.43840  0.43833 
 33.74500  0.43690  0.43682 
 33.84500  0.43563  0.43557 
 33.94500  0.43462  0.43457 
 34.04500  0.43389  0.43382 
 34.14500  0.43344  0.43336 
 34.24500  0.43326  0.43320 
 34.34500  0.43336  0.43328 
 34.44500  0.43373  0.43365 
 34.54500  0.43441  0.43431 
 34.64500  0.43533  0.43525 
 34.74500  0.43653  0.43645 
 34.84500  0.43802  0.43793 
 34.94500  0.43977  0.43968 
 35.04500  0.44175  0.44168 
 35.14500  0.44399  0.44393 
 35.24500  0.44646  0.44642 
 35.34500  0.44920  0.44912 
 35.44500  0.45210  0.45205 
 35.54500  0.45524  0.45518 
 35.64500  0.45855  0.45850 
 35.74500  0.46204  0.46199 
 35.84500  0.46568  0.46563 
 35.94500  0.46947  0.46943 
 36.04500  0.47335  0.47330 
 36.14500  0.47737  0.47731 
 36.24500  0.48143  0.48142 
 36.34500  0.48557  0.48557 
 36.44500  0.48975  0.48977 
 36.54500  0.49398  0.49399 
 36.64500  0.49822  0.49822 
 36.74500  0.50244  0.50243 
 36.84500  0.50660  0.50662 
 36.94500  0.51071  0.51074 
 37.04500  0.51474  0.51480 
 37.14500  0.51867  0.51875 
 37.24500  0.52251  0.52259 
 37.34500  0.52624  0.52629 
 37.44500  0.52979  0.52985 
 37.54500  0.53319  0.53326 
 37.64500  0.53641  0.53646 
 37.74500  0.53941  0.53948 
 37.84500  0.54222  0.54229 
 37.94500  0.54478  0.54485 
 38.04500  0.54712  0.54721 
 38.14500  0.54921  0.54930 
 38.24500  0.55104  0.55113 
 38.34500  0.55261  0.55269 
 38.44500  0.55390  0.55400 
 38.54500  0.55490  0.55501 
 38.64500  0.55563  0.55572 
 38.74500  0.55606  0.55616 
 38.84500  0.55621  0.55630 
 38.94500  0.55605  0.55616 
 39.04500  0.55563  0.55572 
 39.14500  0.55489  0.55500 
 39.24500  0.55389  0.55399 
 39.34500  0.55259  0.55269 
 39.44500  0.55103  0.55114 
 39.54500  0.54921  0.54930 
 39.64500  0.54714  0.54722 
 39.74500  0.54482  0.54489 
 39.84500  0.54226  0.54233 
 39.94500  0.53950  0.53954 
 40.04500  0.53651  0.53655 
 40.14500  0.53332  0.53338 
 40.24500  0.52996  0.53003 
 40.34500  0.52645  0.52652 
 40.44500  0.52280  0.52286 
 40.54500  0.51900  0.51907 
 40.64500  0.51515  0.51520 
 40.74500  0.51120  0.51120 
 40.84500  0.50719  0.50720 
 40.94500  0.50312  0.50310 
 41.04500  0.49898  0.49899 
 41.14500  0.49487  0.49489 
 41.24500  0.49078  0.49080 
 41.34500  0.48674  0.48673 
 41.44500  0.48277  0.48274 
 41.54500  0.47887  0.47883 
 41.64500  0.47506  0.47501 
 41.74500  0.47137  0.47132 
 41.84500  0.46780  0.46775 
 41.94500  0.46439  0.46435 
 42.04500  0.46117  0.46111 
 42.14500  0.45812  0.45807 
 42.24500  0.45529  0.45524 
 42.34500  0.45269  0.45264 
 42.44500  0.45031  0.45027 
 42.54500  0.44821  0.44811 
 42.64500  0.44634  0.44627 
 42.74500  0.44475  0.44467 
 42.84500  0.44346  0.44338 
 42.94500  0.44244  0.44237 
 43.04500  0.44172  0.44162 
 43.14500  0.44131  0.44121 
 43.24500  0.44120  0.44110 
 43.34500  0.44139  0.44130 
 43.44500  0.44191  0.44181 
 43.54500  0.44271  0.44265 
 43.64500  0.44384  0.44376 
 43.74500  0.44529  0.44520 
 43.84500  0.44702  0.44693 
 43.94500  0.44905  0.44897 
 44.04500  0.45141  0.45130 
 44.14500  0.45398  0.45391 
 44.24500  0.45685  0.45675 
 44.34500  0.45997  0.45992 
 44.44500  0.46336  0.46330 
 44.54500  0.46696  0.46690 
 44.64500  0.47080  0.47074 
 44.74500  0.47485  0.47479 
 44.84500  0.47908  0.47902 
 44.94500  0.48347  0.48341 
 45.04500  0.48802  0.48796 
 45.14500  0.49269  0.49265 
 45.24500  0.49748  0.49743 
 45.34500  0.50234  0.50234 
 45.44500  0.50728  0.50725 
 45.54500  0.51230  0.51229 
 45.64500  0.51735  0.51735 
 45.74500  0.52239  0.52238 
 45.84500  0.52744  0.52745 
 45.94500  0.53242  0.53245 
 46.04500  0.53735  0.53737 
 46.14500  0.54222  0.54225 
 46.24500  0.54698  0.54702 
 46.34500  0.55163  0.55168 
 46.44500  0.55615  0.55619 
 46.54500  0.56051  0.56055 
 46.64500  0.56469  0.56474 
 46.74500  0.56868  0.56873 
 46.84500  0.57245  0.57250 
 46.94500  0.57598  0.57604 
 47.04500  0.57929  0.57935 
 47.14500  0.58232  0.58241 
 47.24500  0.58511  0.58517 
 47.34500  0.58759  0.58767 
 47.44500  0.58979  0.58988 
 47.54500  0.59169  0.59177 
 47.64500  0.59328  0.59337 
 47.74500  0.59455  0.59463 
 47.84500  0.59549  0.59558 
 47.94500  0.59611  0.59620 
 48.04500  0.59642  0.59648 
 48.14500  0.59637  0.59645 
 48.24500  0.59600  0.59608 
 48.34500  0.59530  0.59538 
 48.44500  0.59428  0.59436 
 48.54500  0.59294  0.59300 
 48.64500  0.59127  0.59134 
 48.74500  0.58930  0.58937 
 48.84500  0.58702  0.58711 
 48.94500  0.58448  0.58455 
 49.04500  0.58165  0.58173 
 49.14500  0.57855  0.57860 
 49.24500  0.57520  0.57525 
 49.34500  0.57162  0.57167 
 49.44500  0.56780  0.56786 
 49.54500  0.56381  0.56385 
 49.64500  0.55960  0.55964 
 49.74500  0.55522  0.55527 
 49.84500  0.55071  0.55074 
 49.94500  0.54604  0.54609 
 50.04500  0.54131  0.54134 
 50.14500  0.53648  0.53649 
 50.24500  0.53158  0.53156 
 50.34500  0.52664  0.52665 
 50.44500  0.52166  0.52165 
 50.54500  0.51668  0.51665 
 50.64500  0.51169  0.51168 
 50.74500  0.50678  0.50677 
 50.84500  0.50194  0.50192 
 50.94500  0.49719  0.49715 
 51.04500  0.49254  0.49248 
 51.14500  0.48800  0.48795 
 51.24500  0.48361  0.48355 
 51.34500  0.47938  0.47933 
 51.44500  0.47536  0.47530 
 51.54500  0.47150  0.47145 
 51.64500  0.46788  0.46782 
 51.74500  0.46450  0.46444 
 51.84500  0.46137  0.46132 
 51.94500  0.45850  0.45844 
 52.04500  0.45591  0.45586 
 52.14500  0.45361  0.45353 
 52.24500  0.45160  0.45153 
 52.34500  0.44990  0.44981 
 52.44500  0.44853  0.44843 
 52.54500  0.44744  0.44736 
 52.64500  0.44669  0.44662 
 52.74500  0.44627  0.44619 
 52.84500  0.44619  0.44611 
 52.94500  0.44642  0.44633 
 53.04500  0.44699  0.44692 
 53.14500  0.44786  0.44778 
 53.24500  0.44908  0.44901 
 53.34500  0.45060  0.45054 
 53.44500  0.45244  0.45240 
 53.54500  0.45458  0.45451 
 53.64500  0.45699  0.45693 
 53.74500  0.45970  0.45965 
 53.84500  0.46265  0.46261 
 53.94500  0.46588  0.46585 
 54.04500  0.46934  0.46931 
 54.14500  0.47302  0.47299 
 54.24500  0.47691  0.47690 
 54.34500  0.48100  0.48097 
 54.44500  0.48525  0.48522 
 54.54500  0.48965  0.48961 
 54.64500  0.49417  0.49415 
 54.74500  0.49877  0.49878 
 54.84500  0.50349  0.50351 
 54.94500  0.50827  0.50830 
 55.04500  0.51310  0.51313 
 55.14500  0.51797  0.51799 
 55.24500  0.52282  0.52282 
 55.34500  0.52763  0.52764 
 55.44500  0.53239  0.53242 
 55.54500  0.53708  0.53712 
 55.64500  0.54166  0.54173 
 55.74500  0.54615  0.54622 
 55.84500  0.55050  0.55056 
 55.94500  0.55468  0.55475 
 56.04500  0.55868  0.55875 
 56.14500  0.56248  0.56254 
 56.24500  0.56605  0.56612 
 56.34500  0.56938  0.56944 
 56.44500  0.57246  0.57253 
 56.54500  0.57523  0.57530 
 56.64500  0.57773  0.57780 
 56.74500  0.57991  0.58000 
 56.84500  0.58177  0.58184 
 56.94500  0.58329  0.58335 
 57.04500  0.58444  0.58454 
 57.14500  0.58524  0.58532 
 57.24500  0.58567  0.58575 
 57.34500  0.58572  0.58578 
 57.44500  0.58539  0.58547 
 57.54500  0.58465  0.58473 
 57.64500  0.58352  0.58360 
 57.74500  0.58199  0.58206 
 57.84500  0.58005  0.58013 
 57.94500  0.57771  0.57778 
 58.04500  0.57495  0.57503 
 58.14500  0.57181  0.57187 
 58.24500  0.56827  0.56832 
 58.34500  0.56432  0.56437 
 58.44500  0.55998  0.56003 
 58.54500  0.55527  0.55532 
 58.64500  0.55018  0.55022 
 58.74500  0.54476  0.54477 
 58.84500  0.53894  0.53897 
 58.94500  0.53280  0.53280 
 59.04500  0.52631  0.52632 
 59.14500  0.51953  0.51954 
 59.24500  0.51242  0.51245 
 59.34500  0.50504  0.50505 
 59.44500  0.49739  0.49741 
 59.54500  0.48950  0.48950 
 59.64500  0.48137  0.48136 
 59.74500  0.47303  0.47300 
 59.84500  0.46448  0.46444 
 59.94500  0.45574  0.45571 
 60.04500  0.44683  0.44683 
 60.14500  0.43779  0.43777 
 60.24500  0.42864  0.42862 
 60.34500  0.41940  0.41936 
 60.44500  0.41006  0.41002 
 60.54500  0.40068  0.40063 
 60.64500  0.39126  0.39118 
 60.74500  0.38181  0.38174 
 60.84500  0.37235  0.37228 
 60.94500  0.36293  0.36287 
 61.04500  0.35354  0.35349 
 61.14500  0.34423  0.34416 
 61.24500  0.33499  0.33494 
 61.34500  0.32587  0.32581 
 61.44500  0.31688  0.31680 
 61.54500  0.30801  0.30794 
 61.64500  0.29931  0.29924 
 61.74500  0.29078  0.29071 
 61.84500  0.28245  0.28238 
 61.94500  0.27432  0.27427 
 62.04500  0.26644  0.26636 
 62.14500  0.25879  0.25871 
 62.24500  0.25139  0.25132 
 62.34500  0.24428  0.24420 
 62.44500  0.23746  0.23737 
 62.54500  0.23091  0.23083 
 62.64500  0.22470  0.22461 
 62.74500  0.21880  0.21873 
 62.84500  0.21324  0.21317 
 62.94500  0.20802  0.20795 
 63.04500  0.20317  0.20309 
 63.14500  0.19868  0.19860 
 63.24500  0.19455  0.19446 
 63.34500  0.19081  0.19071 
 63.44500  0.18744  0.18737 
 63.54500  0.18447  0.18440 
 63.64500  0.18190  0.18183 
 63.74500  0.17973  0.17966 
 63.84500  0.17799  0.17791 
 63.94500  0.17662  0.17657 
 64.04500  0.17568  0.17562 
 64.14500  0.17517  0.17510 
