  0.04500  1.00000  1.00000 
  0.14500  1.00000  1.00000 
  0.24500  1.00000  1.00000 
  0.34500  1.00001  1.00000 
  0.44500  1.00001  1.00000 
  0.54500  1.00001  1.00000 
  0.64500  1.00000  1.00000 
  0.74500  1.00001  1.00000 
  0.84500  1.00000  1.00000 
  0.94500  1.00001  1.00000 
  1.04500  1.00001  1.00000 
  1.14500  1.00001  1.00000 
  1.24500  0.99999  1.00000 
  1.34500  0.99997  1.00000 
  1.44500  0.99997  0.99996 
  1.54500  0.99994  0.99990 
  1.64500  0.99989  0.99990 
  1.74500  0.99981  0.99980 
  1.84500  0.99971  0.99970 
  1.94500  0.99955  0.99955 
  2.04500  0.99933  0.99932 
  2.14500  0.99900  0.99900 
  2.24500  0.99854  0.99854 
  2.34500  0.99788  0.99788 
  2.44500  0.99698  0.99695 
  2.54500  0.99574  0.99571 
  2.64500  0.99404  0.99402 
  2.74500  0.99177  0.99177 
  2.84500  0.98881  0.98879 
  2.94500  0.98492  0.98491 
  3.04500  0.97994  0.97995 
  3.14500  0.97360  0.97364 
  3.24500  0.96572  0.96577 
  3.34500  0.95599  0.95607 
  3.44500  0.94416  0.94425 
  3.54500  0.92997  0.93003 
  3.64500  0.91317  0.91320 
  3.74500  0.89356  0.89355 
  3.84500  0.87094  0.87084 
  3.94500  0.84514  0.84494 
  4.04500  0.81606  0.81588 
  4.14500  0.78372  0.78360 
  4.24500  0.74818  0.74830 
  4.34500  0.70977  0.71016 
  4.44500  0.66893  0.66951 
  4.54500  0.62632  0.62676 
  4.64500  0.58259  0.58240 
  4.74500  0.53827  0.53694 
  4.84500  0.49032  0.49100 
  4.94500  0.44437  0.44517 
  5.04500  0.40021  0.40008 
  5.14500  0.35685  0.35630 
  5.24500  0.31486  0.31432 
  5.34500  0.27491  0.27462 
  5.44500  0.23759  0.23756 
  5.54500  0.20328  0.20346 
  5.64500  0.17225  0.17246 
  5.74500  0.14452  0.14468 
  5.84500  0.12006  0.12012 
  5.94500  0.09873  0.09872 
  6.04500  0.08042  0.08034 
  6.14500  0.06492  0.06482 
  6.24500  0.05202  0.05193 
  6.34500  0.04152  0.04146 
  6.44500  0.03324  0.03322 
  6.54500  0.02696  0.02694 
  6.64500  0.02251  0.02251 
  6.74500  0.01975  0.01976 
  6.84500  0.01864  0.01864 
  6.94500  0.01908  0.01910 
  7.04500  0.02111  0.02111 
  7.14500  0.02483  0.02479 
  7.24500  0.03027  0.03024 
  7.34500  0.03769  0.03762 
  7.44500  0.04718  0.04709 
  7.54500  0.05900  0.05891 
  7.64500  0.07335  0.07326 
  7.74500  0.09042  0.09037 
  7.84500  0.11042  0.11043 
  7.94500  0.13349  0.13360 
  8.04500  0.15979  0.16001 
  8.14500  0.18938  0.18959 
  8.24500  0.22229  0.22236 
  8.34500  0.25833  0.25818 
  8.44500  0.29722  0.29676 
  8.54500  0.33839  0.33780 
  8.64500  0.38124  0.38086 
  8.74500  0.42510  0.42546 
  8.84500  0.46951  0.47103 
  8.94500  0.51825  0.51700 
  9.04500  0.56339  0.56272 
  9.14500  0.60740  0.60763 
  9.24500  0.65058  0.65116 
  9.34500  0.69225  0.69277 
  9.44500  0.73181  0.73205 
  9.54500  0.76865  0.76861 
  9.64500  0.80237  0.80219 
  9.74500  0.83287  0.83265 
  9.84500  0.86005  0.85988 
  9.94500  0.88399  0.88392 
 10.04500  0.90482  0.90483 
 10.14500  0.92274  0.92280 
 10.24500  0.93787  0.93797 
 10.34500  0.95047  0.95055 
 10.44500  0.96080  0.96086 
 10.54500  0.96902  0.96906 
 10.64500  0.97539  0.97538 
 10.74500  0.98005  0.98005 
 10.84500  0.98320  0.98319 
 10.94500  0.98495  0.98492 
 11.04500  0.98534  0.98533 
 11.14500  0.98442  0.98439 
 11.24500  0.98213  0.98211 
 11.34500  0.97839  0.97839 
 11.44500  0.97306  0.97310 
 11.54500  0.96600  0.96604 
 11.64500  0.95699  0.95704 
 11.74500  0.94581  0.94589 
 11.84500  0.93221  0.93227 
 11.94500  0.91601  0.91605 
 12.04500  0.89697  0.89694 
 12.14500  0.87492  0.87484 
 12.24500  0.84971  0.84952 
 12.34500  0.82123  0.82101 
 12.44500  0.78945  0.78931 
 12.54500  0.75444  0.75452 
 12.64500  0.71649  0.71684 
 12.74500  0.67603  0.67662 
 12.84500  0.63369  0.63418 
 12.94500  0.59011  0.59005 
 13.04500  0.54584  0.54474 
 13.14500  0.49875  0.49880 
 13.24500  0.45192  0.45297 
 13.34500  0.40769  0.40770 
 13.44500  0.36415  0.36363 
 13.54500  0.32189  0.32132 
 13.64500  0.28155  0.28117 
 13.74500  0.24372  0.24366 
 13.84500  0.20886  0.20901 
 13.94500  0.17724  0.17742 
 14.04500  0.14890  0.14907 
 14.14500  0.12381  0.12391 
 14.24500  0.10186  0.10188 
 14.34500  0.08289  0.08282 
 14.44500  0.06670  0.06664 
 14.54500  0.05307  0.05298 
 14.64500  0.04172  0.04167 
 14.74500  0.03244  0.03239 
 14.84500  0.02495  0.02492 
 14.94500  0.01899  0.01897 
 15.04500  0.01432  0.01433 
 15.14500  0.01077  0.01077 
 15.24500  0.00810  0.00811 
 15.34500  0.00621  0.00622 
 15.44500  0.00494  0.00495 
 15.54500  0.00423  0.00424 
 15.64500  0.00405  0.00402 
 15.74500  0.00431  0.00431 
 15.84500  0.00512  0.00511 
 15.94500  0.00647  0.00649 
 16.04500  0.00847  0.00849 
 16.14500  0.01129  0.01129 
 16.24500  0.01501  0.01500 
 16.34500  0.01985  0.01986 
 16.44500  0.02604  0.02601 
 16.54500  0.03382  0.03376 
 16.64500  0.04341  0.04335 
 16.74500  0.05508  0.05502 
 16.84500  0.06914  0.06906 
 16.94500  0.08576  0.08572 
 17.04500  0.10519  0.10520 
 17.14500  0.12764  0.12774 
 17.24500  0.15324  0.15341 
 17.34500  0.18213  0.18233 
 17.44500  0.21428  0.21441 
 17.54500  0.24963  0.24953 
 17.64500  0.28789  0.28750 
 17.74500  0.32860  0.32801 
 17.84500  0.37112  0.37065 
 17.94500  0.41480  0.41496 
 18.04500  0.45911  0.46035 
 18.14500  0.50676  0.50630 
 18.24500  0.55303  0.55212 
 18.34500  0.59721  0.59727 
 18.44500  0.64063  0.64117 
 18.54500  0.68272  0.68328 
 18.64500  0.72282  0.72313 
 18.74500  0.76032  0.76036 
 18.84500  0.79483  0.79465 
 18.94500  0.82610  0.82587 
 19.04500  0.85407  0.85388 
 19.14500  0.87878  0.87871 
 19.24500  0.90040  0.90040 
 19.34500  0.91905  0.91911 
 19.44500  0.93494  0.93503 
 19.54500  0.94830  0.94840 
 19.64500  0.95939  0.95945 
 19.74500  0.96847  0.96852 
 19.84500  0.97578  0.97579 
 19.94500  0.98157  0.98158 
 20.04500  0.98608  0.98607 
 20.14500  0.98952  0.98950 
 20.24500  0.99204  0.99204 
 20.34500  0.99382  0.99381 
 20.44500  0.99495  0.99493 
 20.54500  0.99554  0.99552 
 20.64500  0.99558  0.99555 
 20.74500  0.99509  0.99507 
 20.84500  0.99402  0.99401 
 20.94500  0.99233  0.99230 
 21.04500  0.98990  0.98990 
 21.14500  0.98659  0.98660 
 21.24500  0.98227  0.98227 
 21.34500  0.97666  0.97667 
 21.44500  0.96956  0.96961 
 21.54500  0.96075  0.96082 
 21.64500  0.94997  0.95002 
 21.74500  0.93691  0.93700 
 21.84500  0.92137  0.92145 
 21.94500  0.90311  0.90312 
 22.04500  0.88194  0.88185 
 22.14500  0.85761  0.85748 
 22.24500  0.83011  0.82989 
 22.34500  0.79928  0.79912 
 22.44500  0.76520  0.76522 
 22.54500  0.72810  0.72837 
 22.64500  0.68832  0.68885 
 22.74500  0.64647  0.64703 
 22.84500  0.60319  0.60337 
 22.94500  0.55908  0.55833 
 23.04500  0.51345  0.51257 
 23.14500  0.46519  0.46662 
 23.24500  0.42084  0.42109 
 23.34500  0.37704  0.37661 
 23.44500  0.33432  0.33371 
 23.54500  0.29332  0.29291 
 23.64500  0.25470  0.25457 
 23.74500  0.21892  0.21902 
 23.84500  0.18631  0.18652 
 23.94500  0.15700  0.15720 
 24.04500  0.13096  0.13108 
 24.14500  0.10809  0.10811 
 24.24500  0.08826  0.08822 
 24.34500  0.07127  0.07120 
 24.44500  0.05691  0.05684 
 24.54500  0.04493  0.04485 
 24.64500  0.03508  0.03503 
 24.74500  0.02712  0.02709 
 24.84500  0.02079  0.02080 
 24.94500  0.01585  0.01587 
 25.04500  0.01213  0.01211 
 25.14500  0.00939  0.00940 
 25.24500  0.00753  0.00753 
 25.34500  0.00644  0.00645 
 25.44500  0.00603  0.00604 
 25.54500  0.00633  0.00634 
 25.64500  0.00729  0.00732 
 25.74500  0.00902  0.00903 
 25.84500  0.01159  0.01159 
 25.94500  0.01515  0.01515 
 26.04500  0.01986  0.01985 
 26.14500  0.02595  0.02591 
 26.24500  0.03361  0.03356 
 26.34500  0.04312  0.04305 
 26.44500  0.05472  0.05463 
 26.54500  0.06867  0.06859 
 26.64500  0.08520  0.08513 
 26.74500  0.10453  0.10454 
 26.84500  0.12688  0.12696 
 26.94500  0.15239  0.15255 
 27.04500  0.18114  0.18134 
 27.14500  0.21320  0.21331 
 27.24500  0.24844  0.24834 
 27.34500  0.28661  0.28623 
 27.44500  0.32726  0.32667 
 27.54500  0.36972  0.36924 
 27.64500  0.41338  0.41348 
 27.74500  0.45767  0.45887 
 27.84500  0.50514  0.50480 
 27.94500  0.55158  0.55064 
 28.04500  0.59577  0.59583 
 28.14500  0.63924  0.63976 
 28.24500  0.68138  0.68194 
 28.34500  0.72153  0.72185 
 28.44500  0.75914  0.75917 
 28.54500  0.79373  0.79357 
 28.64500  0.82508  0.82487 
 28.74500  0.85313  0.85297 
 28.84500  0.87792  0.87784 
 28.94500  0.89960  0.89959 
 29.04500  0.91825  0.91831 
 29.14500  0.93410  0.93419 
 29.24500  0.94738  0.94745 
 29.34500  0.95827  0.95833 
 29.44500  0.96702  0.96707 
 29.54500  0.97385  0.97386 
 29.64500  0.97897  0.97894 
 29.74500  0.98249  0.98249 
 29.84500  0.98462  0.98460 
 29.94500  0.98537  0.98534 
 30.04500  0.98479  0.98477 
 30.14500  0.98288  0.98284 
 30.24500  0.97954  0.97954 
 30.34500  0.97466  0.97467 
 30.44500  0.96806  0.96812 
 30.54500  0.95959  0.95965 
 30.64500  0.94899  0.94908 
 30.74500  0.93607  0.93615 
 30.84500  0.92058  0.92065 
 30.94500  0.90231  0.90230 
 31.04500  0.88108  0.88100 
 31.14500  0.85672  0.85656 
 31.24500  0.82911  0.82891 
 31.34500  0.79821  0.79803 
 31.44500  0.76404  0.76405 
 31.54500  0.72684  0.72711 
 31.64500  0.68699  0.68754 
 31.74500  0.64508  0.64564 
 31.84500  0.60176  0.60190 
 31.94500  0.55763  0.55686 
 32.04500  0.51189  0.51109 
 32.14500  0.46373  0.46513 
 32.24500  0.41939  0.41963 
 32.34500  0.37562  0.37518 
 32.44500  0.33296  0.33236 
 32.54500  0.29203  0.29162 
 32.64500  0.25349  0.25335 
 32.74500  0.21783  0.21792 
 32.84500  0.18532  0.18553 
 32.94500  0.15611  0.15631 
 33.04500  0.13017  0.13030 
 33.14500  0.10742  0.10747 
 33.24500  0.08769  0.08765 
 33.34500  0.07082  0.07073 
 33.44500  0.05656  0.05649 
 33.54500  0.04472  0.04463 
 33.64500  0.03498  0.03494 
 33.74500  0.02719  0.02717 
 33.84500  0.02106  0.02104 
 33.94500  0.01637  0.01637 
 34.04500  0.01293  0.01294 
 34.14500  0.01062  0.01064 
 34.24500  0.00930  0.00931 
 34.34500  0.00893  0.00893 
 34.44500  0.00945  0.00947 
 34.54500  0.01093  0.01093 
 34.64500  0.01342  0.01342 
 34.74500  0.01704  0.01704 
 34.84500  0.02193  0.02191 
 34.94500  0.02834  0.02830 
 35.04500  0.03643  0.03637 
 35.14500  0.04648  0.04640 
 35.24500  0.05870  0.05859 
 35.34500  0.07337  0.07329 
 35.44500  0.09068  0.09065 
 35.54500  0.11089  0.11093 
 35.64500  0.13414  0.13428 
 35.74500  0.16060  0.16080 
 35.84500  0.19034  0.19054 
 35.94500  0.22336  0.22343 
 36.04500  0.25953  0.25936 
 36.14500  0.29849  0.29804 
 36.24500  0.33975  0.33917 
 36.34500  0.38265  0.38228 
 36.44500  0.42654  0.42691 
 36.54500  0.47094  0.47252 
 36.64500  0.51986  0.51849 
 36.74500  0.56479  0.56421 
 36.84500  0.60883  0.60908 
 36.94500  0.65196  0.65255 
 37.04500  0.69359  0.69409 
 37.14500  0.73304  0.73329 
 37.24500  0.76979  0.76974 
 37.34500  0.80345  0.80326 
 37.44500  0.83383  0.83362 
 37.54500  0.86093  0.86077 
 37.64500  0.88478  0.88474 
 37.74500  0.90557  0.90560 
 37.84500  0.92344  0.92351 
 37.94500  0.93859  0.93869 
 38.04500  0.95126  0.95134 
 38.14500  0.96168  0.96173 
 38.24500  0.97009  0.97014 
 38.34500  0.97673  0.97675 
 38.44500  0.98184  0.98183 
 38.54500  0.98559  0.98558 
 38.64500  0.98814  0.98812 
 38.74500  0.98958  0.98958 
 38.84500  0.99004  0.99002 
 38.94500  0.98948  0.98947 
 39.04500  0.98792  0.98790 
 39.14500  0.98526  0.98525 
 39.24500  0.98138  0.98138 
 39.34500  0.97612  0.97614 
 39.44500  0.96929  0.96933 
 39.54500  0.96067  0.96075 
 39.64500  0.95004  0.95012 
 39.74500  0.93712  0.93721 
 39.84500  0.92170  0.92176 
 39.94500  0.90354  0.90356 
 40.04500  0.88243  0.88239 
 40.14500  0.85823  0.85808 
 40.24500  0.83078  0.83059 
 40.34500  0.80007  0.79988 
 40.44500  0.76608  0.76608 
 40.54500  0.72904  0.72931 
 40.64500  0.68933  0.68984 
 40.74500  0.64751  0.64808 
 40.84500  0.60425  0.60444 
 40.94500  0.56017  0.55945 
 41.04500  0.51469  0.51370 
 41.14500  0.46628  0.46773 
 41.24500  0.42190  0.42220 
 41.34500  0.37810  0.37769 
 41.44500  0.33532  0.33476 
 41.54500  0.29430  0.29386 
 41.64500  0.25561  0.25546 
 41.74500  0.21976  0.21986 
 41.84500  0.18708  0.18727 
 41.94500  0.15768  0.15789 
 42.04500  0.13156  0.13168 
 42.14500  0.10862  0.10867 
 42.24500  0.08874  0.08871 
 42.34500  0.07169  0.07163 
 42.44500  0.05730  0.05724 
 42.54500  0.04533  0.04525 
 42.64500  0.03550  0.03544 
 42.74500  0.02759  0.02755 
 42.84500  0.02136  0.02136 
 42.94500  0.01659  0.01660 
 43.04500  0.01311  0.01311 
 43.14500  0.01072  0.01074 
 43.24500  0.00935  0.00937 
 43.34500  0.00893  0.00893 
 43.44500  0.00939  0.00940 
 43.54500  0.01081  0.01082 
 43.64500  0.01324  0.01327 
 43.74500  0.01679  0.01679 
 43.84500  0.02163  0.02161 
 43.94500  0.02793  0.02790 
 44.04500  0.03592  0.03586 
 44.14500  0.04584  0.04576 
 44.24500  0.05795  0.05785 
 44.34500  0.07246  0.07239 
 44.44500  0.08963  0.08958 
 44.54500  0.10965  0.10971 
 44.64500  0.13275  0.13287 
 44.74500  0.15901  0.15922 
 44.84500  0.18856  0.18875 
 44.94500  0.22140  0.22150 
 45.04500  0.25740  0.25724 
 45.14500  0.29620  0.29578 
 45.24500  0.33734  0.33676 
 45.34500  0.38016  0.37976 
 45.44500  0.42401  0.42435 
 45.54500  0.46840  0.46992 
 45.64500  0.51706  0.51589 
 45.74500  0.56227  0.56162 
 45.84500  0.60634  0.60656 
 45.94500  0.64956  0.65012 
 46.04500  0.69127  0.69179 
 46.14500  0.73086  0.73112 
 46.24500  0.76777  0.76775 
 46.34500  0.80162  0.80144 
 46.44500  0.83221  0.83200 
 46.54500  0.85948  0.85934 
 46.64500  0.88355  0.88349 
 46.74500  0.90451  0.90455 
 46.84500  0.92258  0.92265 
 46.94500  0.93792  0.93801 
 47.04500  0.95080  0.95088 
 47.14500  0.96146  0.96150 
 47.24500  0.97011  0.97018 
 47.34500  0.97710  0.97713 
 47.44500  0.98262  0.98261 
 47.54500  0.98687  0.98686 
 47.64500  0.99011  0.99009 
 47.74500  0.99248  0.99247 
 47.84500  0.99409  0.99410 
 47.94500  0.99511  0.99511 
 48.04500  0.99560  0.99557 
 48.14500  0.99552  0.99550 
 48.24500  0.99491  0.99490 
 48.34500  0.99372  0.99370 
 48.44500  0.99188  0.99186 
 48.54500  0.98928  0.98929 
 48.64500  0.98579  0.98578 
 48.74500  0.98118  0.98121 
 48.84500  0.97530  0.97534 
 48.94500  0.96787  0.96792 
 49.04500  0.95867  0.95873 
 49.14500  0.94743  0.94749 
 49.24500  0.93388  0.93397 
 49.34500  0.91779  0.91784 
 49.44500  0.89894  0.89894 
 49.54500  0.87712  0.87702 
 49.64500  0.85216  0.85198 
 49.74500  0.82394  0.82372 
 49.84500  0.79244  0.79230 
 49.94500  0.75770  0.75776 
 50.04500  0.72000  0.72034 
 50.14500  0.67973  0.68028 
 50.24500  0.63753  0.63806 
 50.34500  0.59403  0.59406 
 50.44500  0.54980  0.54881 
 50.54500  0.50315  0.50299 
 50.64500  0.45590  0.45705 
 50.74500  0.41163  0.41170 
 50.84500  0.36800  0.36752 
 50.94500  0.32559  0.32501 
 51.04500  0.28504  0.28466 
 51.14500  0.24698  0.24690 
 51.24500  0.21185  0.21197 
 51.34500  0.17992  0.18013 
 51.44500  0.15131  0.15147 
 51.54500  0.12594  0.12604 
 51.64500  0.10373  0.10375 
 51.74500  0.08452  0.08448 
 51.84500  0.06811  0.06804 
 51.94500  0.05432  0.05423 
 52.04500  0.04286  0.04278 
 52.14500  0.03348  0.03344 
 52.24500  0.02599  0.02596 
 52.34500  0.02014  0.02011 
 52.44500  0.01567  0.01567 
 52.54500  0.01244  0.01246 
 52.64500  0.01033  0.01033 
 52.74500  0.00916  0.00918 
 52.84500  0.00896  0.00896 
 52.94500  0.00964  0.00967 
 53.04500  0.01129  0.01132 
 53.14500  0.01397  0.01399 
 53.24500  0.01779  0.01781 
 53.34500  0.02297  0.02295 
 53.44500  0.02963  0.02959 
 53.54500  0.03805  0.03798 
 53.64500  0.04846  0.04838 
 53.74500  0.06111  0.06100 
 53.84500  0.07621  0.07614 
 53.94500  0.09403  0.09401 
 54.04500  0.11476  0.11484 
 54.14500  0.13857  0.13872 
 54.24500  0.16561  0.16581 
 54.34500  0.19594  0.19612 
 54.44500  0.22953  0.22957 
 54.54500  0.26621  0.26599 
 54.64500  0.30562  0.30511 
 54.74500  0.34721  0.34664 
 54.84500  0.39033  0.39006 
 54.94500  0.43434  0.43491 
 55.04500  0.47913  0.48061 
 55.14500  0.52820  0.52658 
 55.24500  0.57261  0.57219 
 55.34500  0.61651  0.61686 
 55.44500  0.65943  0.66002 
 55.54500  0.70071  0.70118 
 55.64500  0.73973  0.73993 
 55.74500  0.77594  0.77589 
 55.84500  0.80904  0.80884 
 55.94500  0.83885  0.83866 
 56.04500  0.86537  0.86523 
 56.14500  0.88871  0.88867 
 56.24500  0.90899  0.90903 
 56.34500  0.92640  0.92647 
 56.44500  0.94114  0.94124 
 56.54500  0.95348  0.95356 
 56.64500  0.96366  0.96370 
 56.74500  0.97189  0.97194 
 56.84500  0.97852  0.97852 
 56.94500  0.98370  0.98372 
 57.04500  0.98771  0.98771 
 57.14500  0.99072  0.99072 
 57.24500  0.99292  0.99291 
 57.34500  0.99440  0.99440 
 57.44500  0.99529  0.99527 
 57.54500  0.99562  0.99559 
 57.64500  0.99541  0.99540 
 57.74500  0.99467  0.99465 
 57.84500  0.99335  0.99334 
 57.94500  0.99136  0.99135 
 58.04500  0.98857  0.98857 
 58.14500  0.98483  0.98483 
 58.24500  0.97994  0.97995 
 58.34500  0.97371  0.97374 
 58.44500  0.96590  0.96594 
 58.54500  0.95625  0.95632 
 58.64500  0.94449  0.94456 
 58.74500  0.93036  0.93044 
 58.84500  0.91365  0.91371 
 58.94500  0.89413  0.89410 
 59.04500  0.87159  0.87146 
 59.14500  0.84586  0.84569 
 59.24500  0.81689  0.81669 
 59.34500  0.78462  0.78449 
 59.44500  0.74917  0.74929 
 59.54500  0.71083  0.71121 
 59.64500  0.67002  0.67063 
 59.74500  0.62747  0.62792 
 59.84500  0.58375  0.58360 
 59.94500  0.53945  0.53815 
 60.04500  0.49166  0.49220 
 60.14500  0.44553  0.44640 
 60.24500  0.40138  0.40127 
 60.34500  0.35799  0.35743 
 60.44500  0.31594  0.31541 
 60.54500  0.27593  0.27562 
 60.64500  0.23850  0.23848 
 60.74500  0.20412  0.20428 
 60.84500  0.17295  0.17316 
 60.94500  0.14508  0.14524 
 61.04500  0.12046  0.12054 
 61.14500  0.09896  0.09894 
 61.24500  0.08038  0.08034 
 61.34500  0.06458  0.06449 
 61.44500  0.05129  0.05119 
 61.54500  0.04023  0.04017 
 61.64500  0.03122  0.03116 
 61.74500  0.02391  0.02391 
 61.84500  0.01810  0.01810 
 61.94500  0.01355  0.01354 
 62.04500  0.01003  0.01004 
 62.14500  0.00733  0.00733 
 62.24500  0.00529  0.00529 
 62.34500  0.00376  0.00378 
 62.44500  0.00267  0.00266 
 62.54500  0.00186  0.00186 
 62.64500  0.00129  0.00128 
 62.74500  0.00086  0.00087 
 62.84500  0.00057  0.00058 
 62.94500  0.00040  0.00038 
 63.04500  0.00025  0.00025 
 63.14500  0.00018  0.00017 
 63.24500  0.00009  0.00010 
 63.34500  0.00006  0.00010 
 63.44500  0.00004  0.00001 
 63.54500  0.00004  0.00000 
 63.64500  0.00000  0.00000 
 63.74500 -0.00000  0.00000 
 63.84500 -0.00000  0.00000 
 63.94500  0.00000  0.00000 
 64.04500  0.00001  0.00000 
 64.14500 -0.00000  0.00000 
