 17.00000 16.98260 
 20.00000 20.01875 
 20.00000 20.00250 
 22.00000 22.02366 
 18.00000 18.00331 
 23.00000 23.05446 
 19.00000 19.00605 
 21.00000 21.00330 
 22.00000 22.01517 
 21.00000 21.00216 
 23.00000 23.01350 
 20.00000 19.93189 
 20.00000 19.90570 
 17.00000 17.00226 
 22.00000 22.01567 
 21.00000 20.99787 
 20.00000 19.97756 
 18.00000 18.00170 
 17.00000 17.00674 
 22.00000 22.01221 
 22.00000 21.93490 
 19.00000 18.98544 
 20.00000 20.03392 
 19.00000 18.98959 
 20.00000 19.95603 
 22.00000 22.02585 
 20.00000 19.99204 
 18.00000 17.98853 
 21.00000 21.01375 
 23.00000 23.02749 
 23.00000 22.89762 
 20.00000 20.04423 
 21.00000 20.98050 
 20.00000 19.97130 
 22.00000 21.99333 
 22.00000 22.01018 
 20.00000 19.97213 
 19.00000 19.07438 
 22.00000 21.98647 
 19.00000 19.02609 
 17.00000 16.98069 
 21.00000 20.98374 
 17.00000 16.95871 
 21.00000 21.00859 
 19.00000 18.94867 
 18.00000 17.99135 
 17.00000 17.00408 
 22.00000 22.04128 
 22.00000 21.97955 
 20.00000 20.04119 
 19.00000 18.98669 
 20.00000 20.04087 
 20.00000 19.97370 
 22.00000 21.98651 
 21.00000 20.98550 
 21.00000 21.01484 
 21.00000 20.97991 
 19.00000 19.00876 
 18.00000 17.98385 
 19.00000 19.00786 
 21.00000 20.97187 
 19.00000 19.04650 
 21.00000 20.90719 
 20.00000 19.98973 
 19.00000 18.98270 
 20.00000 20.00881 
 23.00000 23.05940 
 21.00000 21.04330 
 21.00000 21.01460 
 17.00000 16.98343 
 23.00000 23.01444 
 21.00000 21.00188 
 19.00000 18.97908 
 20.00000 20.01533 
 18.00000 18.00987 
 19.00000 19.00667 
 20.00000 19.98148 
 20.00000 20.03277 
 19.00000 18.99402 
 23.00000 22.99590 
 19.00000 18.98173 
 17.00000 16.94072 
 19.00000 18.98570 
 22.00000 22.06371 
 20.00000 20.03440 
 18.00000 18.01649 
 19.00000 18.99705 
 17.00000 17.00589 
 20.00000 20.01034 
 23.00000 23.00633 
 21.00000 20.98386 
 22.00000 22.00492 
 20.00000 19.98231 
 21.00000 21.03322 
 20.00000 19.97502 
 23.00000 23.00516 
 21.00000 21.04040 
 19.00000 19.03756 
 21.00000 21.00511 
 18.00000 18.03260 
 20.00000 19.97708 
 20.00000 19.98125 
 21.00000 20.98672 
 22.00000 22.01927 
 22.00000 22.03329 
 22.00000 21.98078 
 20.00000 20.02994 
 19.00000 18.97959 
 23.00000 23.03047 
 21.00000 21.06368 
 18.00000 18.00919 
 22.00000 22.00699 
 21.00000 21.03274 
 23.00000 23.02039 
 22.00000 22.00008 
 21.00000 21.01628 
 18.00000 18.01215 
 18.00000 18.02269 
 23.00000 23.04427 
 18.00000 17.98915 
 21.00000 20.99118 
 19.00000 19.03431 
 20.00000 20.01173 
 17.00000 16.97592 
 22.00000 21.99637 
 22.00000 21.99848 
 19.00000 19.03632 
 18.00000 18.02831 
 20.00000 19.98189 
 23.00000 23.07808 
 18.00000 18.01999 
 21.00000 20.98014 
 19.00000 18.99671 
 21.00000 21.06510 
 19.00000 19.00450 
 22.00000 22.03177 
 19.00000 19.03537 
 19.00000 18.99670 
 20.00000 20.03068 
 20.00000 19.99156 
 18.00000 17.88324 
 20.00000 19.99118 
 18.00000 18.04872 
 18.00000 17.91215 
 21.00000 21.03444 
 21.00000 20.94877 
 17.00000 16.96453 
 18.00000 18.04423 
 18.00000 17.97342 
 18.00000 18.00445 
 21.00000 20.98592 
 18.00000 17.90613 
 19.00000 18.99898 
 20.00000 19.99398 
 22.00000 22.04760 
 18.00000 17.95774 
 20.00000 20.02718 
 19.00000 19.01745 
 20.00000 19.99417 
 19.00000 18.90361 
 22.00000 22.06351 
 20.00000 20.01783 
 21.00000 21.02626 
 18.00000 17.98464 
 20.00000 20.00988 
 22.00000 22.02451 
 21.00000 20.99199 
 21.00000 20.97362 
 17.00000 16.99947 
 19.00000 19.00056 
 18.00000 17.97914 
 21.00000 20.99549 
 21.00000 20.97399 
 18.00000 17.94477 
 21.00000 21.04649 
 19.00000 19.00370 
 21.00000 21.02916 
 18.00000 18.00019 
 19.00000 19.02329 
 20.00000 20.00625 
 19.00000 19.04979 
 20.00000 20.00739 
 21.00000 20.97876 
 21.00000 20.98847 
 22.00000 22.03861 
 19.00000 19.05461 
 20.00000 20.00451 
 21.00000 20.99140 
 20.00000 20.05718 
 19.00000 18.96180 
 20.00000 20.02300 
 21.00000 20.97702 
 19.00000 19.02036 
 18.00000 17.97617 
 20.00000 19.94141 
 21.00000 21.00848 
 20.00000 20.03975 
 18.00000 18.04767 
 19.00000 18.99202 
 21.00000 21.05110 
 19.00000 19.01412 
 21.00000 20.99051 
 22.00000 22.01195 
 21.00000 21.00715 
 23.00000 22.96214 
 20.00000 19.97658 
 20.00000 19.98639 
 22.00000 21.96714 
 23.00000 23.06760 
 19.00000 19.02396 
 20.00000 20.00723 
 19.00000 18.97887 
 20.00000 20.04053 
 20.00000 20.02769 
 23.00000 22.94672 
 20.00000 20.04854 
 22.00000 22.00228 
 20.00000 19.99629 
 18.00000 17.99241 
 21.00000 21.01313 
 23.00000 22.96223 
 17.00000 17.01149 
 20.00000 20.01522 
 19.00000 19.01722 
 22.00000 22.00771 
 23.00000 23.01650 
 19.00000 18.95355 
 19.00000 19.00605 
 22.00000 22.04321 
 20.00000 20.00128 
 17.00000 16.98853 
 18.00000 18.02100 
 19.00000 18.99138 
 21.00000 20.99283 
 18.00000 17.99615 
 21.00000 21.00065 
 19.00000 19.00674 
 23.00000 23.00573 
 20.00000 20.00232 
 20.00000 20.04658 
 21.00000 21.01959 
 19.00000 18.98809 
 18.00000 18.03663 
 20.00000 20.05016 
 20.00000 19.96416 
 20.00000 20.04589 
 19.00000 18.98521 
 22.00000 21.98904 
 21.00000 21.01241 
 20.00000 19.98022 
 21.00000 21.07435 
 19.00000 19.03227 
 20.00000 19.99793 
 20.00000 19.99180 
 17.00000 16.97478 
 18.00000 18.01211 
 19.00000 19.02459 
 17.00000 16.93082 
 18.00000 18.06275 
 21.00000 20.97706 
 22.00000 22.01758 
 19.00000 18.99738 
 20.00000 20.03306 
 22.00000 22.15904 
 20.00000 19.96664 
 22.00000 21.98043 
 21.00000 21.01692 
 23.00000 22.98832 
 20.00000 19.99265 
 22.00000 22.01580 
 20.00000 20.00086 
 22.00000 21.99711 
 23.00000 22.99390 
 18.00000 17.95443 
 22.00000 22.02052 
 19.00000 19.03294 
 22.00000 22.02107 
 17.00000 16.98603 
 22.00000 22.04893 
 20.00000 19.94607 
 22.00000 22.02337 
 20.00000 20.03465 
 18.00000 18.03506 
 21.00000 20.97158 
 23.00000 22.99234 
 22.00000 21.99177 
 17.00000 17.00447 
 19.00000 19.01609 
 20.00000 19.99381 
 22.00000 21.98868 
 21.00000 20.97819 
 23.00000 23.01470 
 22.00000 22.01036 
 23.00000 23.03363 
 20.00000 19.99924 
 18.00000 17.95924 
 20.00000 20.02387 
 22.00000 22.01108 
 19.00000 19.02819 
 21.00000 21.00101 
 19.00000 19.02230 
 21.00000 21.05485 
 22.00000 22.01477 
 21.00000 20.99970 
 22.00000 22.04236 
 19.00000 19.04730 
 18.00000 17.99821 
 20.00000 19.99130 
 21.00000 21.02127 
 22.00000 21.99968 
 21.00000 21.00764 
 18.00000 17.98799 
 22.00000 21.98816 
 18.00000 17.97543 
 19.00000 19.01279 
 18.00000 17.91913 
 18.00000 17.90328 
 22.00000 22.02147 
 20.00000 19.99792 
 21.00000 21.01220 
 19.00000 18.95350 
 22.00000 21.99949 
 22.00000 22.02175 
 19.00000 19.02104 
 20.00000 20.03654 
 20.00000 20.01969 
 19.00000 19.00814 
 21.00000 20.96617 
 21.00000 20.99925 
 21.00000 20.98373 
 18.00000 17.99894 
 22.00000 22.01615 
 20.00000 20.00636 
 21.00000 21.05481 
 22.00000 21.97801 
 19.00000 18.97570 
 22.00000 22.02891 
 22.00000 22.05000 
 19.00000 19.00306 
 18.00000 18.01257 
 22.00000 21.92261 
 22.00000 22.00335 
 22.00000 22.02610 
 18.00000 17.97612 
 19.00000 19.01377 
 22.00000 22.11445 
 22.00000 22.02531 
 20.00000 20.03557 
 20.00000 20.01031 
 18.00000 17.95269 
 18.00000 17.99026 
 18.00000 17.98337 
 22.00000 22.00001 
 22.00000 22.00049 
 19.00000 18.97005 
 20.00000 20.00735 
 22.00000 22.02183 
 22.00000 21.99798 
 21.00000 20.96347 
 18.00000 17.91794 
 22.00000 21.96928 
 23.00000 23.05372 
 19.00000 19.01009 
 21.00000 21.02589 
 23.00000 22.99347 
 19.00000 18.99220 
 20.00000 19.99360 
 21.00000 21.01703 
 23.00000 23.06031 
 20.00000 20.03249 
 21.00000 21.00892 
 21.00000 20.99750 
 23.00000 23.05340 
 21.00000 20.98984 
 18.00000 18.04686 
 21.00000 21.06531 
 20.00000 19.98308 
 20.00000 20.03507 
 19.00000 18.97602 
 23.00000 23.02706 
 21.00000 20.98988 
 20.00000 19.98520 
 19.00000 18.98958 
 21.00000 20.97340 
 17.00000 16.97622 
 22.00000 22.03432 
 22.00000 22.00967 
 23.00000 23.07031 
 20.00000 19.98625 
 22.00000 22.04622 
 22.00000 21.99017 
 22.00000 22.01513 
 21.00000 21.00405 
 22.00000 22.01976 
 20.00000 20.00406 
 22.00000 21.97639 
 22.00000 22.04783 
 19.00000 19.01668 
 23.00000 23.01406 
 18.00000 17.87921 
 17.00000 17.03187 
 22.00000 22.03008 
 22.00000 22.01444 
 20.00000 20.00204 
 20.00000 19.98692 
 22.00000 21.98710 
 19.00000 19.02751 
 19.00000 19.01062 
 21.00000 21.02433 
 19.00000 19.05459 
 20.00000 19.96285 
 18.00000 18.00556 
 22.00000 22.01209 
 21.00000 21.01011 
 18.00000 17.90368 
 18.00000 17.99412 
 19.00000 18.99469 
 18.00000 17.96011 
 17.00000 16.94906 
 19.00000 18.98919 
 22.00000 21.99482 
 20.00000 20.01578 
 18.00000 17.99483 
 21.00000 21.05176 
 18.00000 18.01845 
 19.00000 18.98665 
 20.00000 20.00144 
 23.00000 23.02339 
 23.00000 23.04416 
 22.00000 22.00384 
 22.00000 22.01077 
 19.00000 19.01555 
 19.00000 19.01253 
 22.00000 22.00448 
 20.00000 19.99447 
 20.00000 20.00731 
 20.00000 20.05622 
 20.00000 20.05390 
 21.00000 21.00309 
 22.00000 21.99127 
 17.00000 16.97857 
 20.00000 19.98102 
 20.00000 19.96651 
 22.00000 21.99952 
 19.00000 19.00191 
 23.00000 22.97771 
 23.00000 23.07272 
 23.00000 22.98797 
 18.00000 17.94380 
 20.00000 19.96098 
 20.00000 20.04700 
 21.00000 21.00912 
 18.00000 18.04410 
 22.00000 22.02901 
 20.00000 19.99046 
 22.00000 21.98897 
 23.00000 22.98106 
 17.00000 16.98863 
 21.00000 21.01312 
 20.00000 20.02549 
 19.00000 19.01447 
 20.00000 19.83927 
 17.00000 17.02470 
 19.00000 19.03238 
 22.00000 22.01360 
 20.00000 19.99940 
 18.00000 17.98150 
 21.00000 21.01299 
 18.00000 17.99571 
 19.00000 18.96367 
 18.00000 18.00638 
 20.00000 20.03320 
 18.00000 17.97704 
 22.00000 22.01161 
 23.00000 22.96988 
 22.00000 22.06264 
 22.00000 21.91965 
 20.00000 20.00647 
 21.00000 21.00920 
 17.00000 16.95460 
 20.00000 19.98723 
 20.00000 20.03891 
 22.00000 22.04402 
 21.00000 21.00529 
 18.00000 17.98729 
 22.00000 22.03086 
 21.00000 20.97402 
 23.00000 22.95128 
 20.00000 19.98313 
 20.00000 19.96865 
 18.00000 17.96920 
 21.00000 20.96860 
 23.00000 23.02533 
 17.00000 16.97136 
 21.00000 21.00834 
 17.00000 16.98662 
 20.00000 20.01393 
 18.00000 17.99963 
 22.00000 22.12923 
 20.00000 19.99739 
 21.00000 20.97872 
 18.00000 17.98133 
 22.00000 21.98143 
 18.00000 17.94319 
 20.00000 20.00327 
 23.00000 23.02207 
 18.00000 17.96304 
 22.00000 22.05875 
 21.00000 20.97707 
 18.00000 18.04564 
 21.00000 20.99884 
 22.00000 21.97917 
 23.00000 23.10721 
 23.00000 23.08189 
 19.00000 19.00580 
 21.00000 20.99236 
 20.00000 20.00552 
 19.00000 18.96657 
 22.00000 22.04164 
 23.00000 23.02035 
 21.00000 20.98862 
 21.00000 21.01528 
 19.00000 19.03980 
 22.00000 21.98627 
 23.00000 23.05727 
 18.00000 17.94554 
 21.00000 20.97429 
 22.00000 22.08062 
 20.00000 20.03690 
 21.00000 21.02076 
 21.00000 21.01163 
 19.00000 18.98805 
 20.00000 20.01459 
 21.00000 21.01693 
 17.00000 16.94371 
 18.00000 18.00636 
 22.00000 22.02449 
 18.00000 18.00352 
 20.00000 19.99547 
 20.00000 20.00706 
 19.00000 18.99887 
 19.00000 19.02562 
 18.00000 18.02836 
 17.00000 16.97744 
 18.00000 18.00805 
 22.00000 22.01258 
 17.00000 17.03463 
 21.00000 20.98167 
 19.00000 18.97369 
 20.00000 20.02119 
 23.00000 22.97923 
 21.00000 20.99505 
 19.00000 19.00827 
 18.00000 17.88095 
 18.00000 17.97877 
 21.00000 21.04068 
 22.00000 22.02283 
 21.00000 21.02526 
 18.00000 17.96573 
 18.00000 18.03883 
 21.00000 21.02239 
 17.00000 17.01822 
 20.00000 20.01495 
 17.00000 17.02280 
 18.00000 17.99567 
 22.00000 22.01931 
 18.00000 17.99708 
 22.00000 21.98363 
 22.00000 21.99041 
 19.00000 19.00490 
 20.00000 19.99396 
 18.00000 18.03331 
 18.00000 18.00207 
 20.00000 19.98525 
 22.00000 22.01184 
 21.00000 20.96321 
 22.00000 22.00741 
 23.00000 22.97420 
 21.00000 21.00868 
 18.00000 18.02850 
 21.00000 20.97929 
 19.00000 19.03790 
 17.00000 16.98564 
 18.00000 18.04382 
 18.00000 17.98064 
 19.00000 19.00601 
 20.00000 20.00692 
 18.00000 18.01833 
 19.00000 19.00117 
 20.00000 20.00287 
 17.00000 16.95358 
 21.00000 21.04316 
 18.00000 17.96505 
 21.00000 21.04776 
 17.00000 17.02379 
 23.00000 23.03430 
 22.00000 22.05716 
 20.00000 20.06329 
 22.00000 22.00950 
 22.00000 21.99000 
 20.00000 20.01760 
 19.00000 18.93744 
 19.00000 19.00096 
 18.00000 17.93986 
 19.00000 18.96596 
 18.00000 17.95917 
 22.00000 21.99706 
 21.00000 21.00538 
 19.00000 18.98494 
 20.00000 19.98789 
 17.00000 17.00470 
 20.00000 20.03701 
 21.00000 21.02092 
 21.00000 21.02713 
 18.00000 18.04873 
 18.00000 18.01836 
 18.00000 18.00150 
 19.00000 19.00538 
 18.00000 17.91898 
 21.00000 21.01732 
 22.00000 22.03410 
 21.00000 21.01992 
 20.00000 20.03685 
 19.00000 18.99791 
 22.00000 21.98251 
 19.00000 19.02112 
 17.00000 16.97554 
 19.00000 19.06273 
 19.00000 18.99295 
 21.00000 21.00948 
 22.00000 22.01491 
 22.00000 22.03196 
 21.00000 20.97094 
 21.00000 20.99943 
 23.00000 23.03190 
 20.00000 19.99088 
 23.00000 23.05442 
 19.00000 18.96454 
 21.00000 20.96286 
 19.00000 19.03411 
 23.00000 23.04796 
 18.00000 18.01007 
 19.00000 18.98081 
 18.00000 18.01456 
 23.00000 22.96923 
 19.00000 19.00877 
 19.00000 19.02975 
 23.00000 23.02803 
 20.00000 19.99972 
 19.00000 19.04253 
 22.00000 22.01002 
 18.00000 18.00575 
 21.00000 20.97911 
 22.00000 22.00304 
 22.00000 22.04112 
 17.00000 16.99229 
 19.00000 18.99854 
 23.00000 22.99677 
 20.00000 20.01547 
 17.00000 16.93615 
 21.00000 21.02976 
 20.00000 19.97591 
 17.00000 17.01867 
 21.00000 21.03887 
 21.00000 20.98101 
 19.00000 19.01457 
 18.00000 17.97203 
 18.00000 17.96786 
 19.00000 18.98913 
 22.00000 22.01512 
 19.00000 19.03994 
 18.00000 17.99217 
 19.00000 18.96931 
 19.00000 19.00822 
 19.00000 19.01363 
 19.00000 19.03151 
 20.00000 19.97144 
 21.00000 21.02498 
 20.00000 20.02307 
 22.00000 21.98386 
 20.00000 20.01099 
 17.00000 16.99858 
 20.00000 19.97058 
 23.00000 23.04720 
 23.00000 23.04868 
 20.00000 19.97880 
 22.00000 22.01154 
 19.00000 18.97809 
 20.00000 20.01861 
 22.00000 21.98674 
 18.00000 17.94261 
 23.00000 23.02734 
 22.00000 22.03824 
 19.00000 18.95827 
 20.00000 20.02830 
 20.00000 19.98630 
 23.00000 23.03200 
 20.00000 20.04772 
 21.00000 20.97219 
 21.00000 21.00776 
 19.00000 18.98173 
 20.00000 20.01849 
 21.00000 21.05805 
 23.00000 22.96844 
 22.00000 22.01157 
 18.00000 17.98163 
 19.00000 18.93895 
 21.00000 20.96353 
 20.00000 20.03477 
 18.00000 18.03753 
 18.00000 18.01961 
 19.00000 19.01578 
 20.00000 19.98284 
 18.00000 17.96329 
 21.00000 21.01813 
 20.00000 19.97956 
 18.00000 18.00441 
 18.00000 17.94920 
 18.00000 17.90091 
 19.00000 18.99618 
 22.00000 22.00993 
 21.00000 21.02837 
 20.00000 20.00552 
 18.00000 17.97166 
 22.00000 22.01838 
 17.00000 16.96712 
 22.00000 22.03424 
 18.00000 18.02248 
 22.00000 22.00258 
 19.00000 18.97159 
 20.00000 20.01571 
 21.00000 20.99247 
 21.00000 21.01004 
 17.00000 16.97529 
 18.00000 17.90981 
 19.00000 18.97311 
 21.00000 21.01668 
 23.00000 23.05562 
 21.00000 21.02902 
 18.00000 17.95874 
 21.00000 21.02253 
 19.00000 19.00725 
 20.00000 20.02108 
 21.00000 20.98556 
 22.00000 21.97025 
 22.00000 22.00032 
 22.00000 22.01163 
 19.00000 18.96200 
 19.00000 18.96975 
 22.00000 22.00691 
 18.00000 17.99080 
 23.00000 23.01994 
 21.00000 20.99332 
 22.00000 22.00753 
 19.00000 19.01929 
 22.00000 22.04172 
 19.00000 19.02879 
 20.00000 20.02663 
 20.00000 19.96812 
 17.00000 17.02821 
 17.00000 16.95436 
 20.00000 19.98129 
 21.00000 21.00232 
 22.00000 22.00325 
 22.00000 22.01617 
 18.00000 18.04284 
 20.00000 20.05616 
 18.00000 18.00706 
 19.00000 19.00903 
 22.00000 22.07841 
 22.00000 22.01051 
 20.00000 20.02671 
 21.00000 20.96071 
 23.00000 23.00348 
 23.00000 22.96483 
 19.00000 18.99970 
 21.00000 20.99431 
 19.00000 19.00713 
 21.00000 20.98768 
 21.00000 20.96557 
 19.00000 18.97628 
 20.00000 20.02972 
 19.00000 18.93938 
 20.00000 20.03737 
 21.00000 21.00377 
 20.00000 19.98331 
 20.00000 20.02820 
 21.00000 20.98710 
 21.00000 20.97044 
 19.00000 19.01659 
 22.00000 21.96079 
 22.00000 22.01647 
 21.00000 20.97183 
 17.00000 16.95594 
 19.00000 18.98449 
 20.00000 19.96250 
 20.00000 20.00746 
 20.00000 19.98745 
 21.00000 20.99564 
 21.00000 21.00454 
 23.00000 23.05573 
 22.00000 21.93650 
 22.00000 22.04124 
 20.00000 19.98337 
 18.00000 17.97357 
 21.00000 21.05446 
 23.00000 23.03094 
 17.00000 16.99157 
 20.00000 19.96468 
 20.00000 19.97113 
 20.00000 20.03478 
 17.00000 16.96935 
 20.00000 20.00512 
 22.00000 21.99850 
 19.00000 18.96651 
 23.00000 22.99194 
 22.00000 22.01605 
 22.00000 21.99143 
 20.00000 19.97383 
 21.00000 20.98794 
 17.00000 16.98567 
 22.00000 22.07122 
 18.00000 17.99850 
 17.00000 17.01077 
 22.00000 21.96094 
 21.00000 20.97804 
 22.00000 21.98614 
 21.00000 21.00526 
 21.00000 21.00512 
 22.00000 22.06291 
 17.00000 17.01922 
 21.00000 20.94274 
 17.00000 16.99126 
 21.00000 21.02308 
 23.00000 23.06878 
 23.00000 23.04087 
 20.00000 19.95819 
 20.00000 19.96930 
 21.00000 20.97952 
 20.00000 20.01545 
 19.00000 19.01460 
 23.00000 23.04506 
 19.00000 18.96838 
 23.00000 23.06367 
 23.00000 22.98526 
 21.00000 20.99674 
 18.00000 17.92070 
 22.00000 22.02236 
 21.00000 21.05620 
 20.00000 19.99568 
 21.00000 20.98921 
 19.00000 18.99246 
 21.00000 20.98881 
 17.00000 16.95053 
 23.00000 22.98330 
 21.00000 21.00074 
 23.00000 23.00139 
 20.00000 19.98709 
 21.00000 21.03128 
 18.00000 17.98230 
 20.00000 20.00403 
 18.00000 18.01979 
 22.00000 22.00852 
 23.00000 22.99288 
 17.00000 17.02279 
 21.00000 21.01095 
 19.00000 19.05936 
 18.00000 17.99523 
 18.00000 17.97886 
 19.00000 18.97669 
 22.00000 22.01619 
 18.00000 18.06786 
 19.00000 19.02333 
 18.00000 18.02229 
 20.00000 20.03236 
 21.00000 21.00130 
 22.00000 21.99941 
 21.00000 21.02344 
 21.00000 21.04319 
 20.00000 20.00158 
 22.00000 22.02471 
 20.00000 19.98669 
 23.00000 23.08280 
 21.00000 21.01205 
 22.00000 22.00522 
 22.00000 21.98771 
 23.00000 23.05870 
 19.00000 19.04211 
 22.00000 21.97607 
 23.00000 23.04950 
 18.00000 17.99530 
 22.00000 21.98623 
 19.00000 18.93910 
 22.00000 21.98463 
 22.00000 22.01037 
 21.00000 21.02457 
 18.00000 18.00500 
 17.00000 16.98712 
 20.00000 20.00050 
 18.00000 17.98730 
 19.00000 18.97743 
 23.00000 23.05394 
 18.00000 17.92700 
 22.00000 21.89033 
 18.00000 18.00317 
 20.00000 19.97962 
 19.00000 18.95815 
 22.00000 21.98759 
 20.00000 20.02840 
 22.00000 22.01800 
 19.00000 18.93756 
 19.00000 19.04127 
 23.00000 22.96571 
 21.00000 20.98344 
 18.00000 17.98676 
 20.00000 20.04004 
 17.00000 17.01311 
 23.00000 23.05434 
 19.00000 18.99157 
 22.00000 21.99240 
 18.00000 17.98392 
 22.00000 21.99852 
 22.00000 22.02420 
 20.00000 20.00359 
 21.00000 20.96476 
 19.00000 19.01236 
 20.00000 19.96359 
 21.00000 21.01996 
 19.00000 19.00898 
 18.00000 17.97848 
 19.00000 19.03270 
 18.00000 18.02862 
 19.00000 19.03417 
 19.00000 19.04321 
 19.00000 18.96673 
 18.00000 17.99355 
 22.00000 21.99949 
 18.00000 17.93026 
 21.00000 21.02379 
 18.00000 17.96770 
 17.00000 16.98330 
 19.00000 18.98667 
 18.00000 18.00268 
 22.00000 21.99599 
 19.00000 19.04772 
 19.00000 19.01343 
 21.00000 21.00842 
 17.00000 16.98343 
 21.00000 20.99680 
 17.00000 16.92763 
 23.00000 23.05172 
 18.00000 17.98319 
 22.00000 22.02356 
 18.00000 17.94572 
 23.00000 23.00013 
 17.00000 16.95108 
 18.00000 18.02431 
 22.00000 21.98997 
 23.00000 22.97800 
 18.00000 17.98946 
 23.00000 22.93896 
 19.00000 19.01604 
 18.00000 18.02039 
 22.00000 22.01244 
 20.00000 20.02486 
 23.00000 23.03801 
 22.00000 22.02613 
 23.00000 23.04149 
 23.00000 22.93161 
 18.00000 18.02038 
 19.00000 18.97052 
 22.00000 22.01053 
 20.00000 20.02751 
 19.00000 18.98185 
 18.00000 18.00777 
 22.00000 21.96062 
 20.00000 20.02010 
 23.00000 23.02294 
 21.00000 21.01890 
 17.00000 16.92935 
 18.00000 17.96829 
 18.00000 18.01420 
 20.00000 19.98591 
 22.00000 22.00818 
 22.00000 22.00996 
 23.00000 23.01343 
 19.00000 18.96803 
 22.00000 21.99603 
 21.00000 21.05396 
 18.00000 17.95982 
 20.00000 20.03590 
 22.00000 22.03252 
 18.00000 17.97666 
 19.00000 19.01701 
 22.00000 21.99125 
 21.00000 21.02364 
 19.00000 19.02354 
 20.00000 19.99254 
 23.00000 22.93159 
 23.00000 23.06353 
 21.00000 21.04378 
 18.00000 18.03320 
 17.00000 16.97954 
 22.00000 22.03865 
 22.00000 22.07620 
 22.00000 22.03677 
 20.00000 19.97998 
 22.00000 22.01050 
 19.00000 18.98269 
 19.00000 18.97980 
 20.00000 20.00892 
 20.00000 19.98576 
 20.00000 19.96549 
 20.00000 20.00653 
 18.00000 17.96901 
 20.00000 19.98096 
 22.00000 22.04168 
 22.00000 22.02273 
 20.00000 20.02256 
 23.00000 22.98126 
 22.00000 21.93070 
 20.00000 20.00610 
 20.00000 19.97704 
 21.00000 20.98835 
 22.00000 22.01791 
 20.00000 20.05350 
 20.00000 19.98493 
 22.00000 22.01143 
 22.00000 21.98209 
 20.00000 20.02067 
 22.00000 21.98594 
 18.00000 17.98731 
 18.00000 18.00283 
 19.00000 19.01068 
 17.00000 17.01681 
 22.00000 21.98635 
 21.00000 21.03113 
 21.00000 21.02919 
 19.00000 18.94014 
 21.00000 20.98274 
 22.00000 22.03007 
 18.00000 18.03336 
 20.00000 19.98823 
 19.00000 18.99437 
 22.00000 21.97890 
 18.00000 17.99940 
 20.00000 20.00681 
 20.00000 20.02424 
 18.00000 17.97595 
 22.00000 22.04857 
 21.00000 21.01190 
 22.00000 21.97160 
 21.00000 21.01871 
 21.00000 21.06707 
 21.00000 20.98587 
 20.00000 20.01278 
 21.00000 21.01689 
 21.00000 21.00517 
 21.00000 20.99756 
 20.00000 20.01338 
 21.00000 21.01519 
 20.00000 20.00029 
 22.00000 21.98947 
 20.00000 20.03921 
 19.00000 19.05755 
 18.00000 18.01452 
 23.00000 22.99979 
 18.00000 18.01398 
 23.00000 22.99895 
 18.00000 17.95765 
 22.00000 21.99156 
 20.00000 20.01809 
 20.00000 19.98209 
 20.00000 19.96087 
 23.00000 23.00854 
 22.00000 22.01976 
 17.00000 16.98116 
 19.00000 18.99734 
 21.00000 20.98314 
 21.00000 21.01252 
 19.00000 19.00713 
 18.00000 18.00245 
 21.00000 21.00478 
 17.00000 16.95854 
 18.00000 17.95964 
 22.00000 22.00833 
 21.00000 20.99569 
 21.00000 21.01297 
 22.00000 22.05754 
 18.00000 18.00274 
 19.00000 18.97617 
 20.00000 20.01412 
 18.00000 18.02517 
 19.00000 19.03139 
 22.00000 22.00609 
 18.00000 17.97871 
 19.00000 19.01144 
 20.00000 20.01958 
 22.00000 22.07243 
 19.00000 19.00880 
 18.00000 18.05442 
 22.00000 21.99577 
 22.00000 22.03668 
 19.00000 18.87998 
 21.00000 20.95746 
 20.00000 19.96236 
 20.00000 19.99119 
 20.00000 20.04539 
 22.00000 22.01379 
 20.00000 19.98123 
 21.00000 20.97143 
 21.00000 20.97413 
 18.00000 17.98746 
 19.00000 19.00088 
 20.00000 20.01970 
 20.00000 20.06500 
 21.00000 21.05035 
 18.00000 18.00823 
 21.00000 21.04546 
 19.00000 19.00694 
 17.00000 17.01380 
 21.00000 20.99630 
 19.00000 18.99055 
 19.00000 18.90180 
 21.00000 21.01938 
 22.00000 21.96230 
 23.00000 23.04583 
 22.00000 21.99699 
 21.00000 20.96235 
 18.00000 18.02467 
 19.00000 18.99021 
 22.00000 22.00064 
 20.00000 20.03634 
 23.00000 23.03182 
 22.00000 22.01426 
 19.00000 18.99904 
 18.00000 17.98560 
 19.00000 19.01987 
 19.00000 19.00199 
 22.00000 21.99257 
 22.00000 22.00552 
 22.00000 22.01227 
 18.00000 18.01536 
 19.00000 18.99315 
 20.00000 19.97052 
 19.00000 18.95074 
 22.00000 22.03891 
 23.00000 22.99805 
 19.00000 19.01374 
 23.00000 22.99740 
 18.00000 18.00764 
 17.00000 16.99011 
 22.00000 22.03337 
 23.00000 23.02851 
 21.00000 21.00722 
 20.00000 19.98545 
 18.00000 17.89217 
 20.00000 19.97977 
 21.00000 20.98960 
 19.00000 18.95186 
 18.00000 17.94984 
 22.00000 22.01913 
 18.00000 17.98248 
 17.00000 16.94577 
 19.00000 19.00763 
 19.00000 19.01166 
 19.00000 19.02270 
 21.00000 20.95890 
 22.00000 22.04602 
 20.00000 19.99620 
 23.00000 22.98340 
 17.00000 17.04386 
 20.00000 20.01395 
 20.00000 19.99419 
 23.00000 23.03408 
 20.00000 19.98169 
 20.00000 20.00146 
 22.00000 21.83987 
 22.00000 22.02423 
 22.00000 22.01179 
 20.00000 20.03211 
 21.00000 21.00022 
 20.00000 20.06028 
 19.00000 19.01736 
 21.00000 21.02441 
 21.00000 21.05268 
 20.00000 19.85982 
 21.00000 20.94647 
 21.00000 21.01456 
 22.00000 22.07543 
 18.00000 18.01679 
 17.00000 16.96220 
 18.00000 17.99108 
 22.00000 22.02638 
 19.00000 19.00694 
 22.00000 22.01953 
 22.00000 21.99653 
 20.00000 19.97821 
 20.00000 19.97538 
 19.00000 18.96567 
 22.00000 22.06140 
 22.00000 21.98248 
 20.00000 19.97512 
 18.00000 18.00963 
 18.00000 17.97092 
 21.00000 20.98237 
 20.00000 20.00498 
 21.00000 21.04742 
 18.00000 17.90181 
 21.00000 21.01998 
 21.00000 20.99750 
 22.00000 21.94446 
 23.00000 22.99780 
 21.00000 20.98797 
 22.00000 22.01792 
 19.00000 18.98249 
 19.00000 18.98133 
 21.00000 21.03533 
 22.00000 22.02444 
 22.00000 22.02282 
 17.00000 17.02877 
 20.00000 20.00262 
 18.00000 17.95909 
 19.00000 19.05560 
 21.00000 21.03534 
 22.00000 22.01606 
 21.00000 21.02566 
 21.00000 20.99380 
 23.00000 23.06848 
 18.00000 17.96061 
 18.00000 18.00558 
 20.00000 20.01709 
 17.00000 17.01702 
 20.00000 20.03052 
 18.00000 17.94977 
 20.00000 20.03498 
 18.00000 17.98172 
 21.00000 20.96851 
 19.00000 18.98999 
 17.00000 16.99433 
 19.00000 18.98065 
 19.00000 18.99155 
 17.00000 16.99336 
 21.00000 21.05904 
 21.00000 21.02331 
 18.00000 18.01861 
 23.00000 23.05784 
 19.00000 19.02179 
 21.00000 20.99060 
 22.00000 22.01234 
 19.00000 18.95239 
 20.00000 20.01972 
 22.00000 22.01010 
 22.00000 22.02709 
 22.00000 22.02747 
 23.00000 22.96749 
 22.00000 22.02187 
 18.00000 17.99383 
 22.00000 22.05522 
 19.00000 18.81174 
 20.00000 19.98596 
 20.00000 19.98938 
 20.00000 20.01291 
 21.00000 20.97004 
 20.00000 20.05596 
 21.00000 20.96370 
 23.00000 22.98959 
 19.00000 19.02571 
 23.00000 22.98541 
 18.00000 17.98121 
 18.00000 18.03216 
 18.00000 17.99505 
 20.00000 19.98506 
 23.00000 23.04972 
 21.00000 21.01560 
 21.00000 21.03089 
 19.00000 19.03801 
 20.00000 19.98478 
 19.00000 19.01624 
 19.00000 19.02337 
 22.00000 22.00698 
 21.00000 20.94063 
 20.00000 20.00788 
 17.00000 17.01550 
 21.00000 21.04119 
 19.00000 18.98313 
 23.00000 22.99906 
 21.00000 21.00320 
 19.00000 19.02942 
 22.00000 21.91584 
 18.00000 17.98160 
 19.00000 18.97776 
 21.00000 21.00882 
 19.00000 19.06037 
 22.00000 22.03388 
 19.00000 18.98157 
 18.00000 18.02074 
 22.00000 22.00679 
 20.00000 19.99882 
 20.00000 20.01283 
 20.00000 20.00828 
 22.00000 22.00059 
 22.00000 21.99229 
 17.00000 16.97723 
 20.00000 19.97260 
 22.00000 22.00466 
 22.00000 21.99729 
 20.00000 19.98948 
 21.00000 20.98863 
 20.00000 19.94483 
 23.00000 22.98957 
 19.00000 19.03068 
 18.00000 17.96678 
 18.00000 18.04086 
 22.00000 22.05272 
 18.00000 18.00366 
 19.00000 18.99138 
 20.00000 20.02170 
 21.00000 21.01592 
 18.00000 18.01207 
 20.00000 19.96428 
 19.00000 19.01251 
 21.00000 20.95597 
 22.00000 21.99216 
 20.00000 20.00077 
 23.00000 22.97907 
 20.00000 19.98913 
 17.00000 17.04716 
 19.00000 18.97324 
 18.00000 18.02554 
 22.00000 22.00852 
 22.00000 22.03310 
 18.00000 18.01727 
 19.00000 18.96072 
 21.00000 20.97823 
 18.00000 17.96074 
 21.00000 21.07234 
 18.00000 17.98842 
 18.00000 17.96984 
 20.00000 19.98139 
 21.00000 21.01831 
 18.00000 17.97629 
 18.00000 17.99841 
 21.00000 20.98002 
 19.00000 19.01512 
 20.00000 19.97130 
 20.00000 19.98396 
 22.00000 21.98749 
 23.00000 23.01621 
 22.00000 22.04636 
 21.00000 21.00984 
 19.00000 19.01800 
 19.00000 18.97856 
 22.00000 22.02677 
 19.00000 18.94696 
 20.00000 19.99210 
 23.00000 23.03475 
 21.00000 20.96471 
 23.00000 23.04281 
 17.00000 16.97066 
 20.00000 19.99065 
 20.00000 19.98202 
 19.00000 18.99770 
 19.00000 18.96674 
 21.00000 21.06034 
 22.00000 21.98926 
 20.00000 19.98155 
 23.00000 23.02460 
 19.00000 18.97812 
 21.00000 20.99710 
 21.00000 21.00009 
 20.00000 20.05758 
 21.00000 20.99977 
 22.00000 22.03050 
 17.00000 16.98918 
 22.00000 21.98312 
 23.00000 22.97988 
 23.00000 22.98805 
 20.00000 20.04302 
 20.00000 20.01374 
 22.00000 21.95906 
 17.00000 17.01941 
 18.00000 18.01118 
 20.00000 20.03082 
 17.00000 17.05225 
 23.00000 23.05331 
 19.00000 18.97356 
 18.00000 18.01168 
 21.00000 21.00210 
 20.00000 19.97986 
 21.00000 20.99162 
 21.00000 20.98975 
 21.00000 21.01939 
 19.00000 18.99435 
 22.00000 22.01798 
 20.00000 20.00965 
 19.00000 18.95812 
 18.00000 18.01703 
 21.00000 20.97136 
 19.00000 19.00265 
 20.00000 19.96414 
 19.00000 18.98062 
 17.00000 16.95176 
 23.00000 22.99924 
 19.00000 18.99012 
 19.00000 18.97358 
 18.00000 17.96884 
 22.00000 22.02213 
 17.00000 17.00765 
 20.00000 20.05347 
 20.00000 20.00626 
 19.00000 19.04769 
 18.00000 17.93446 
 22.00000 22.16779 
 22.00000 21.96459 
 20.00000 20.02722 
 22.00000 22.02023 
 22.00000 21.93531 
 21.00000 21.02441 
 18.00000 17.95043 
 19.00000 18.97434 
 19.00000 19.06711 
 18.00000 17.98696 
 22.00000 22.01316 
 20.00000 20.00491 
 18.00000 18.03048 
 22.00000 22.04976 
 19.00000 19.00654 
 22.00000 22.05855 
 20.00000 20.00512 
 19.00000 19.04960 
 20.00000 20.03334 
 19.00000 19.02850 
 22.00000 21.92888 
 18.00000 17.98491 
 22.00000 21.98517 
 20.00000 19.98504 
 20.00000 19.96992 
 20.00000 19.95694 
 20.00000 20.00188 
 21.00000 20.99756 
 18.00000 17.93670 
 20.00000 19.98310 
 21.00000 21.02304 
 21.00000 21.00531 
 18.00000 17.99163 
 21.00000 20.99563 
 17.00000 16.95789 
 20.00000 19.99607 
 22.00000 22.01283 
 18.00000 18.00940 
 22.00000 22.00950 
 18.00000 18.00997 
 21.00000 20.97534 
 22.00000 22.01985 
 19.00000 18.98875 
 23.00000 23.05148 
 22.00000 22.00275 
 18.00000 17.96211 
 19.00000 18.98222 
 20.00000 19.98182 
 21.00000 20.99525 
 18.00000 18.03143 
 19.00000 18.98686 
 21.00000 21.03569 
 23.00000 23.02415 
 21.00000 21.01081 
 18.00000 18.00506 
 21.00000 20.99819 
 23.00000 22.99950 
 22.00000 21.98913 
 23.00000 23.01699 
 22.00000 21.99272 
 17.00000 16.96348 
 22.00000 22.06634 
 22.00000 21.98369 
 18.00000 17.96437 
 22.00000 21.99524 
 17.00000 16.91778 
 20.00000 19.98460 
 20.00000 20.01259 
 21.00000 21.02676 
 19.00000 18.97784 
 17.00000 16.99709 
 22.00000 22.00454 
 23.00000 23.05135 
 21.00000 20.98366 
 18.00000 18.00314 
 19.00000 18.97649 
 19.00000 19.05557 
 22.00000 22.02292 
 20.00000 19.98693 
 18.00000 17.98059 
 19.00000 18.98761 
 18.00000 18.01354 
 20.00000 19.98144 
 18.00000 17.97803 
 20.00000 20.00279 
 21.00000 20.99726 
 22.00000 22.00509 
 23.00000 23.00447 
 22.00000 22.06813 
 22.00000 22.00798 
 22.00000 22.00020 
 21.00000 20.99392 
 21.00000 20.97284 
 19.00000 19.00028 
 19.00000 19.05448 
 20.00000 20.03994 
 21.00000 21.01783 
 21.00000 20.98799 
 18.00000 17.89130 
 18.00000 18.00414 
 22.00000 22.00490 
 22.00000 22.03154 
 19.00000 18.94716 
 22.00000 22.00669 
 18.00000 17.98877 
 22.00000 22.04500 
 22.00000 22.01164 
 21.00000 20.97921 
 22.00000 22.01065 
 19.00000 18.97577 
 22.00000 22.00787 
 23.00000 22.99861 
 22.00000 21.98968 
 18.00000 17.99762 
 19.00000 18.97609 
 21.00000 20.96542 
 18.00000 17.98059 
 21.00000 20.99474 
 19.00000 18.95713 
 20.00000 20.00187 
 21.00000 20.97917 
 21.00000 20.97499 
 21.00000 21.02762 
 23.00000 22.99187 
 19.00000 19.00823 
 21.00000 21.03587 
 19.00000 19.00246 
 19.00000 19.00282 
 19.00000 18.99943 
 17.00000 16.98876 
 18.00000 17.98176 
 21.00000 21.04153 
 20.00000 19.99798 
 23.00000 23.01083 
 21.00000 21.00858 
 21.00000 20.97238 
 21.00000 21.04286 
 21.00000 21.00907 
 17.00000 16.98721 
 18.00000 17.96881 
 23.00000 23.06276 
 20.00000 19.96461 
 23.00000 23.02159 
 18.00000 17.95040 
 19.00000 19.01202 
 19.00000 18.99460 
 19.00000 19.01962 
 22.00000 22.00896 
 22.00000 22.01848 
 21.00000 21.02601 
 23.00000 23.01096 
 20.00000 20.02467 
 23.00000 22.98998 
 18.00000 17.93625 
 23.00000 23.04839 
 18.00000 17.98889 
 22.00000 22.02825 
 22.00000 22.01754 
 22.00000 22.03842 
 19.00000 19.03404 
 22.00000 22.00413 
 20.00000 20.03835 
 18.00000 18.07060 
 21.00000 20.98997 
 22.00000 22.02071 
 22.00000 22.08686 
 21.00000 20.99884 
 21.00000 20.98402 
 17.00000 16.94413 
 20.00000 19.99315 
 18.00000 17.98860 
 23.00000 23.03409 
 18.00000 17.95375 
 21.00000 21.02832 
 19.00000 18.97876 
 22.00000 21.99739 
 21.00000 20.99863 
 19.00000 18.93820 
 18.00000 17.98823 
 19.00000 18.99686 
 17.00000 16.93485 
 19.00000 18.97149 
 20.00000 19.98101 
 23.00000 23.04456 
 18.00000 17.99065 
 20.00000 19.99724 
 21.00000 21.02297 
 19.00000 18.94779 
 20.00000 20.04875 
 20.00000 20.03575 
 18.00000 17.97269 
 18.00000 17.98363 
 20.00000 19.97760 
 18.00000 17.97585 
 20.00000 20.00656 
 18.00000 17.98362 
 19.00000 19.01531 
 18.00000 18.05438 
 20.00000 20.00126 
 21.00000 20.96515 
 22.00000 22.04612 
 19.00000 19.00616 
 22.00000 21.91380 
 19.00000 18.98822 
 22.00000 22.02958 
 17.00000 17.00774 
 19.00000 19.00278 
 23.00000 23.05088 
 23.00000 22.96254 
 19.00000 19.01124 
 23.00000 22.98806 
 19.00000 19.05317 
 23.00000 22.92021 
 21.00000 21.00862 
 20.00000 19.98863 
 20.00000 20.02490 
 21.00000 20.95875 
 21.00000 20.98404 
 19.00000 18.98932 
 19.00000 19.00189 
 23.00000 23.02737 
 19.00000 18.98847 
 22.00000 22.01999 
 21.00000 21.01478 
 21.00000 21.01663 
 19.00000 18.98748 
 22.00000 22.00036 
 20.00000 20.03245 
 20.00000 19.97674 
 18.00000 18.00114 
 23.00000 23.06492 
 20.00000 20.01386 
 23.00000 23.04348 
 18.00000 17.97182 
 18.00000 17.98659 
 18.00000 17.94316 
 22.00000 22.02408 
 22.00000 21.96419 
 22.00000 21.95227 
 21.00000 20.99450 
 23.00000 23.01793 
 21.00000 20.99659 
 20.00000 20.00317 
 21.00000 20.97222 
 19.00000 19.01576 
 22.00000 22.02181 
 22.00000 22.01887 
 22.00000 22.00876 
 19.00000 19.00282 
 22.00000 21.88943 
 20.00000 20.01236 
 23.00000 23.04348 
 18.00000 17.95348 
 20.00000 20.03463 
 18.00000 17.99395 
 18.00000 18.02918 
 20.00000 20.00618 
 20.00000 20.05607 
 21.00000 21.05340 
 22.00000 21.98806 
 19.00000 18.99268 
 23.00000 23.04326 
 19.00000 18.99611 
 17.00000 16.98919 
 22.00000 22.04669 
 19.00000 18.99254 
 21.00000 20.95320 
 22.00000 22.02856 
 20.00000 19.98736 
 22.00000 22.01260 
 21.00000 20.97471 
 23.00000 23.02066 
 21.00000 20.98208 
 22.00000 21.92381 
 20.00000 20.01366 
 21.00000 21.02027 
 20.00000 20.04600 
 20.00000 19.94484 
 20.00000 20.03293 
 18.00000 17.97775 
 19.00000 18.96699 
 23.00000 22.98189 
 20.00000 19.99429 
 20.00000 19.96696 
 20.00000 19.97595 
 19.00000 19.03034 
 22.00000 22.05923 
 19.00000 19.01113 
 18.00000 17.99655 
 20.00000 20.00198 
 18.00000 17.95208 
 23.00000 23.03162 
 19.00000 19.05221 
 21.00000 20.98470 
 19.00000 19.01614 
 21.00000 21.04204 
 21.00000 20.99437 
 18.00000 18.01424 
 19.00000 19.02941 
 18.00000 17.99817 
 21.00000 21.01446 
 19.00000 19.02372 
 20.00000 19.98851 
 22.00000 21.97657 
 21.00000 20.99637 
 20.00000 20.06976 
 21.00000 20.96877 
 18.00000 18.00499 
 21.00000 20.99041 
 23.00000 23.00097 
 22.00000 21.98472 
 19.00000 18.99641 
 21.00000 20.96409 
 23.00000 23.06808 
 17.00000 16.99380 
 17.00000 16.84251 
 19.00000 18.94987 
 23.00000 22.96808 
 19.00000 19.01162 
 22.00000 22.04724 
 17.00000 17.00993 
 22.00000 22.03010 
 20.00000 19.96943 
 20.00000 19.99090 
 22.00000 21.99598 
 21.00000 21.03980 
 18.00000 17.98338 
 20.00000 19.97078 
 21.00000 20.98531 
 18.00000 18.00158 
 22.00000 22.01430 
 20.00000 19.99250 
 20.00000 19.95414 
 18.00000 18.02057 
 19.00000 18.94500 
 20.00000 19.98693 
 18.00000 18.01104 
 17.00000 16.95707 
 18.00000 17.98100 
 22.00000 21.99790 
 22.00000 22.00939 
 19.00000 19.02965 
 17.00000 16.88010 
 20.00000 19.96814 
 19.00000 19.01817 
 21.00000 20.98484 
 18.00000 17.95273 
 18.00000 17.96213 
 21.00000 20.98078 
 22.00000 22.05591 
 19.00000 18.99199 
 19.00000 19.01911 
 17.00000 17.00878 
 19.00000 18.98256 
 18.00000 17.95742 
 18.00000 17.95656 
 20.00000 20.03497 
 20.00000 19.99709 
 22.00000 21.90098 
 22.00000 22.00573 
 21.00000 21.00895 
 22.00000 21.94036 
 18.00000 17.98673 
 22.00000 22.01615 
 20.00000 20.03512 
 21.00000 21.02052 
 21.00000 21.00413 
 18.00000 17.99949 
 22.00000 21.96568 
 22.00000 22.01081 
 17.00000 17.00413 
 18.00000 17.99197 
 20.00000 20.03113 
 22.00000 21.98257 
 18.00000 18.00624 
 18.00000 18.00524 
 18.00000 18.01706 
 18.00000 17.95064 
 23.00000 23.01216 
 17.00000 17.01568 
 18.00000 18.02172 
 22.00000 22.01860 
 18.00000 17.96254 
 20.00000 20.00270 
 18.00000 18.03887 
 19.00000 18.97542 
 19.00000 18.98821 
 22.00000 21.99705 
 18.00000 18.05254 
 22.00000 22.02317 
 21.00000 21.01676 
 18.00000 17.99560 
 21.00000 20.98856 
 21.00000 20.94627 
 19.00000 19.00270 
 22.00000 22.00713 
 18.00000 17.96462 
 21.00000 21.02311 
 17.00000 16.98310 
 22.00000 21.98007 
 19.00000 19.01070 
 19.00000 19.00713 
 18.00000 18.01534 
 17.00000 16.98825 
 17.00000 17.03283 
 21.00000 20.98114 
 22.00000 22.01017 
 19.00000 18.99636 
 22.00000 22.01092 
 20.00000 19.99167 
 20.00000 20.01369 
 22.00000 22.02248 
 22.00000 22.03513 
 18.00000 18.02967 
 19.00000 19.00535 
 19.00000 19.00289 
 19.00000 19.04203 
 22.00000 22.00295 
 19.00000 19.01658 
 22.00000 22.01798 
 20.00000 19.98637 
 23.00000 23.05952 
 22.00000 21.87485 
 18.00000 18.00756 
 18.00000 18.00301 
 20.00000 19.99890 
 20.00000 20.01441 
 21.00000 21.03419 
 18.00000 17.97065 
 19.00000 18.99550 
 18.00000 18.00784 
 19.00000 19.01363 
 22.00000 22.03087 
 21.00000 21.02675 
 21.00000 20.98756 
 17.00000 16.99356 
 20.00000 20.01536 
 18.00000 17.97015 
 21.00000 21.04019 
 20.00000 19.99533 
 23.00000 22.95829 
 23.00000 22.93556 
 19.00000 18.99794 
 22.00000 22.01720 
 18.00000 17.95899 
 22.00000 22.01633 
 19.00000 19.01403 
 18.00000 18.05001 
 20.00000 20.01620 
 18.00000 17.96762 
 23.00000 23.02386 
 18.00000 18.00276 
 20.00000 20.00053 
 22.00000 22.05151 
 21.00000 20.99372 
 22.00000 21.96771 
 21.00000 20.97350 
 21.00000 20.88178 
 20.00000 20.03156 
 18.00000 17.98959 
 21.00000 21.02832 
 22.00000 22.02857 
 18.00000 17.97552 
 22.00000 22.01346 
 19.00000 18.89331 
 19.00000 19.02268 
 19.00000 19.06296 
 21.00000 20.99961 
 22.00000 22.03922 
 21.00000 21.01110 
 19.00000 19.01702 
 22.00000 22.08311 
 23.00000 23.01913 
 22.00000 22.02083 
 22.00000 22.03930 
 19.00000 19.00133 
 20.00000 20.01265 
 19.00000 18.94168 
 22.00000 22.00542 
 19.00000 19.01306 
 19.00000 18.93794 
 22.00000 22.02685 
 20.00000 19.99033 
 20.00000 20.03284 
 19.00000 18.98590 
 20.00000 19.98690 
 18.00000 17.98894 
 19.00000 19.03905 
 18.00000 18.02883 
 21.00000 21.00204 
 18.00000 18.00978 
 22.00000 22.03761 
 19.00000 19.01626 
 18.00000 17.93657 
 21.00000 20.98582 
 21.00000 20.99713 
 22.00000 22.02606 
 19.00000 18.99425 
 20.00000 20.00347 
 19.00000 19.00741 
 18.00000 18.02153 
 23.00000 23.04751 
 19.00000 19.01451 
 20.00000 20.00404 
 22.00000 22.02630 
 20.00000 20.02947 
 18.00000 18.01373 
 21.00000 21.01942 
 19.00000 18.99800 
 21.00000 21.03444 
 18.00000 18.03724 
 18.00000 17.98126 
 20.00000 19.98757 
 18.00000 17.95449 
 18.00000 17.98752 
 23.00000 22.98968 
 23.00000 23.03759 
 22.00000 22.01399 
 22.00000 22.01364 
 22.00000 22.03099 
 21.00000 21.02370 
 20.00000 19.99608 
 22.00000 21.99664 
 18.00000 18.00547 
 18.00000 18.01892 
 18.00000 18.01209 
 22.00000 21.97015 
 22.00000 21.99103 
 22.00000 21.99200 
 19.00000 18.98354 
 21.00000 20.99656 
 18.00000 17.97682 
 23.00000 23.05841 
 18.00000 17.98837 
 18.00000 18.00070 
 19.00000 19.00492 
 21.00000 20.97922 
 22.00000 22.01783 
 18.00000 18.02454 
 21.00000 20.98026 
 18.00000 17.97871 
 20.00000 19.99052 
 22.00000 21.96934 
 21.00000 20.99240 
 20.00000 20.01901 
 21.00000 21.02349 
 18.00000 18.03142 
 21.00000 21.04520 
 20.00000 19.97786 
 18.00000 17.90313 
 21.00000 21.01297 
 19.00000 18.95378 
 17.00000 16.98642 
 22.00000 22.03002 
 18.00000 17.98009 
 18.00000 18.03423 
 21.00000 21.04362 
 20.00000 20.00600 
 18.00000 18.00314 
 17.00000 17.01195 
 21.00000 20.97086 
 18.00000 17.99050 
 18.00000 18.02219 
 21.00000 20.99856 
 19.00000 18.99279 
 18.00000 17.99661 
 22.00000 22.02049 
 22.00000 22.02322 
 19.00000 18.89982 
 22.00000 22.00885 
 22.00000 22.00057 
 18.00000 17.98314 
 23.00000 23.04179 
 19.00000 18.98462 
 18.00000 17.97140 
 21.00000 21.00493 
 19.00000 18.87072 
 20.00000 20.04614 
 20.00000 19.97131 
 22.00000 21.98397 
 20.00000 20.00853 
 19.00000 18.99760 
 18.00000 17.95736 
 20.00000 19.97378 
 19.00000 18.99201 
 22.00000 21.98901 
 19.00000 18.93888 
 23.00000 22.97295 
 20.00000 19.95071 
 18.00000 18.00992 
 20.00000 20.02478 
 19.00000 19.02024 
 21.00000 20.95470 
 18.00000 17.98676 
 21.00000 20.99198 
 20.00000 20.01756 
 21.00000 20.97920 
 19.00000 19.02672 
 18.00000 18.01807 
 20.00000 19.99923 
 19.00000 18.96354 
 21.00000 21.01089 
 19.00000 18.96719 
 21.00000 21.03897 
 21.00000 21.03797 
 20.00000 20.00912 
 21.00000 21.02368 
 21.00000 20.99066 
 20.00000 20.01293 
 18.00000 17.99805 
 20.00000 20.02900 
 21.00000 21.00449 
 18.00000 17.91544 
 23.00000 22.99391 
 21.00000 20.99435 
 20.00000 20.00896 
 22.00000 22.01551 
 22.00000 22.03729 
 22.00000 21.98773 
 20.00000 20.02445 
 22.00000 22.01527 
 18.00000 18.02185 
 20.00000 19.97425 
 17.00000 16.97327 
 18.00000 17.99499 
 17.00000 17.02216 
 22.00000 22.06652 
 21.00000 21.00874 
 19.00000 19.01130 
 18.00000 17.98051 
 22.00000 21.98155 
 22.00000 22.00554 
 22.00000 22.02486 
 20.00000 19.97426 
 22.00000 21.99358 
 19.00000 19.01596 
 23.00000 23.04295 
 20.00000 19.97110 
 18.00000 18.02808 
 20.00000 20.03308 
 21.00000 21.02072 
 21.00000 20.97536 
 17.00000 17.01106 
 22.00000 22.01326 
 21.00000 20.99650 
 20.00000 20.03710 
 22.00000 21.96946 
 18.00000 17.97223 
 20.00000 20.02578 
 22.00000 22.00637 
 17.00000 16.97523 
 18.00000 18.04572 
 19.00000 19.00552 
 22.00000 21.94729 
 19.00000 19.00034 
 19.00000 19.01995 
 21.00000 21.00562 
 18.00000 18.03925 
 18.00000 17.96478 
 19.00000 18.99666 
 18.00000 17.99490 
 23.00000 22.99468 
 21.00000 20.98992 
 20.00000 20.00461 
 22.00000 22.01170 
 19.00000 18.99387 
 22.00000 21.98280 
 21.00000 21.01639 
 18.00000 17.95301 
 17.00000 16.98637 
 20.00000 19.99707 
 21.00000 21.02385 
 22.00000 21.93013 
 19.00000 18.99859 
 22.00000 22.04416 
 19.00000 19.00011 
 22.00000 21.90634 
 18.00000 17.92003 
 18.00000 18.02626 
 21.00000 21.01339 
 20.00000 19.99857 
 20.00000 20.01462 
 20.00000 20.00881 
 20.00000 20.00278 
 22.00000 22.04889 
 22.00000 22.02555 
 20.00000 19.91214 
 18.00000 18.02950 
 18.00000 17.93928 
 22.00000 21.99791 
 17.00000 16.97703 
 20.00000 20.00237 
 21.00000 21.05508 
 22.00000 22.00186 
 21.00000 21.02646 
 23.00000 23.00817 
 21.00000 20.99944 
 19.00000 19.02821 
 18.00000 18.01206 
 21.00000 21.00253 
 20.00000 19.93885 
 21.00000 21.04285 
 22.00000 21.98201 
 22.00000 22.02298 
 18.00000 18.03816 
 22.00000 22.05195 
 20.00000 20.03122 
 19.00000 19.07188 
 17.00000 17.02085 
 18.00000 18.01910 
 21.00000 20.97394 
 22.00000 21.98073 
 18.00000 17.95210 
 18.00000 17.95471 
 19.00000 19.03015 
 20.00000 20.01287 
 22.00000 21.98645 
 17.00000 17.00953 
 20.00000 19.99947 
 20.00000 19.97277 
 20.00000 19.97759 
 17.00000 16.98800 
 20.00000 20.06501 
 21.00000 20.99674 
 22.00000 22.00700 
 20.00000 20.02014 
 18.00000 18.00183 
 18.00000 17.97598 
 18.00000 17.97544 
 17.00000 16.99193 
 20.00000 19.99326 
 22.00000 22.00212 
 21.00000 20.99874 
 23.00000 23.01025 
 20.00000 19.97951 
 22.00000 21.99646 
 22.00000 21.99955 
 18.00000 17.96724 
 21.00000 21.02147 
 19.00000 18.98798 
 22.00000 22.00024 
 22.00000 22.01925 
 19.00000 18.96463 
 19.00000 18.96403 
 18.00000 18.01776 
 22.00000 21.99359 
 20.00000 19.96479 
 19.00000 19.02453 
 23.00000 23.04216 
 23.00000 23.00245 
 19.00000 19.03404 
 17.00000 16.97683 
 20.00000 19.98835 
 19.00000 19.02538 
 17.00000 16.91455 
 18.00000 17.99610 
 19.00000 18.99810 
 19.00000 19.00904 
 19.00000 18.97470 
 21.00000 20.98421 
 21.00000 20.98455 
 19.00000 18.99832 
 20.00000 19.96767 
 20.00000 19.99765 
 21.00000 20.99657 
 19.00000 19.03699 
 22.00000 22.06724 
 22.00000 22.04705 
 21.00000 21.01813 
 19.00000 18.98688 
 23.00000 22.99659 
 22.00000 22.00147 
 23.00000 22.96443 
 17.00000 17.00033 
 20.00000 19.93983 
 21.00000 20.98295 
 18.00000 18.00438 
 19.00000 19.05035 
 20.00000 19.97944 
 21.00000 20.95529 
 21.00000 20.99827 
 18.00000 17.90442 
 22.00000 22.04464 
 20.00000 20.01664 
 19.00000 18.98482 
 22.00000 22.00310 
 23.00000 23.00196 
 22.00000 21.94970 
 19.00000 19.01147 
 22.00000 22.04090 
 18.00000 17.98778 
 22.00000 22.03322 
 23.00000 22.95946 
 20.00000 20.03306 
 21.00000 21.02307 
 17.00000 16.95966 
 22.00000 22.01500 
 21.00000 21.01876 
 22.00000 22.01197 
 22.00000 22.02601 
 20.00000 20.01594 
 18.00000 18.02448 
 20.00000 20.03108 
 19.00000 19.03153 
 22.00000 21.99300 
 19.00000 19.02205 
 19.00000 18.96716 
 18.00000 18.06839 
 21.00000 20.98686 
 22.00000 22.01609 
 21.00000 20.98705 
 21.00000 21.06700 
 19.00000 18.92650 
 22.00000 21.98166 
 20.00000 19.97677 
 18.00000 18.00526 
 23.00000 23.00546 
 22.00000 22.01614 
 21.00000 20.94657 
 22.00000 22.02095 
 23.00000 23.06021 
 23.00000 23.02277 
 20.00000 20.00131 
 20.00000 20.03422 
 21.00000 20.99169 
 23.00000 23.00000 
 22.00000 22.07873 
 17.00000 16.95571 
 18.00000 18.02042 
 19.00000 19.00382 
 22.00000 22.01628 
 22.00000 22.03975 
 18.00000 18.00093 
 20.00000 20.00077 
 20.00000 19.98085 
 23.00000 22.99336 
 18.00000 17.96391 
 23.00000 23.04438 
 23.00000 23.06523 
 22.00000 22.00004 
 20.00000 19.98467 
 17.00000 17.03136 
 20.00000 20.01521 
 19.00000 19.03965 
 17.00000 17.01254 
 17.00000 17.03799 
 19.00000 18.99145 
 20.00000 19.96845 
 20.00000 19.98203 
 20.00000 20.02048 
 22.00000 22.03032 
 21.00000 21.04863 
 19.00000 18.96341 
 19.00000 18.99738 
 22.00000 22.02479 
 22.00000 22.01503 
 18.00000 18.01022 
 19.00000 18.93931 
 22.00000 21.95824 
 22.00000 22.01273 
 21.00000 21.02129 
 18.00000 17.99134 
 22.00000 21.97452 
 20.00000 19.97037 
 20.00000 19.97836 
 21.00000 20.99915 
 22.00000 22.01281 
 20.00000 19.93905 
 18.00000 18.01140 
 20.00000 19.97232 
 17.00000 17.02498 
 19.00000 18.99235 
 20.00000 20.03298 
 21.00000 20.98830 
 19.00000 18.97696 
 19.00000 18.95523 
 19.00000 18.96208 
 19.00000 18.99155 
 18.00000 18.00837 
 17.00000 16.91290 
 19.00000 19.01478 
 23.00000 23.08336 
 23.00000 23.04938 
 20.00000 19.99419 
 21.00000 21.00173 
 21.00000 20.99622 
 21.00000 20.98875 
 22.00000 22.01711 
 20.00000 19.99869 
 20.00000 20.00802 
 18.00000 18.01678 
 17.00000 16.97248 
 20.00000 19.98810 
 22.00000 22.00680 
 23.00000 22.99507 
 18.00000 17.98520 
 19.00000 19.01038 
 20.00000 20.00533 
 21.00000 20.97836 
 20.00000 20.00621 
 22.00000 21.99941 
 21.00000 21.01606 
 19.00000 19.03817 
 20.00000 19.98831 
 18.00000 18.01757 
 19.00000 18.99130 
 22.00000 22.03945 
 21.00000 20.99462 
 20.00000 20.03567 
 21.00000 20.99692 
 20.00000 20.02061 
 19.00000 19.03528 
 20.00000 19.99971 
 18.00000 18.02731 
 22.00000 22.01938 
 17.00000 16.97666 
 22.00000 21.98374 
 18.00000 17.95520 
 18.00000 18.04626 
 23.00000 22.97714 
 21.00000 20.99676 
 20.00000 19.98316 
 22.00000 21.99802 
 20.00000 20.00449 
 21.00000 21.05473 
 20.00000 19.97858 
 20.00000 19.99798 
 18.00000 17.96666 
 18.00000 17.99934 
 20.00000 20.00936 
 20.00000 20.01086 
 20.00000 20.00110 
 21.00000 20.98065 
 20.00000 20.02933 
 18.00000 18.01553 
 18.00000 17.97745 
 21.00000 20.99920 
 20.00000 20.01002 
 19.00000 19.01375 
 22.00000 22.04810 
 18.00000 17.94061 
 22.00000 22.03667 
 23.00000 22.97222 
 18.00000 18.03947 
 19.00000 18.93395 
 19.00000 19.00968 
 22.00000 22.00912 
 21.00000 21.06075 
 20.00000 20.00628 
 17.00000 16.99134 
 21.00000 21.04089 
 17.00000 16.98928 
 20.00000 19.97267 
 19.00000 18.98421 
 20.00000 20.01533 
 18.00000 18.00954 
 21.00000 21.00166 
 20.00000 20.02812 
 22.00000 21.90084 
 18.00000 18.01705 
 20.00000 20.01066 
 21.00000 20.98563 
 19.00000 18.95644 
 22.00000 22.01871 
 22.00000 22.00248 
 22.00000 21.98101 
 21.00000 21.01485 
 22.00000 22.02869 
 21.00000 20.99025 
 20.00000 20.00082 
 23.00000 23.00524 
 17.00000 17.04068 
 18.00000 17.90852 
 23.00000 22.95919 
 21.00000 21.00449 
 18.00000 17.95078 
 22.00000 22.05001 
 21.00000 20.99469 
 23.00000 22.95806 
 20.00000 20.02849 
 19.00000 18.99682 
 19.00000 18.97708 
 18.00000 17.95146 
 19.00000 19.01882 
 21.00000 20.96066 
 18.00000 18.00622 
 19.00000 19.01966 
 19.00000 19.03446 
 21.00000 20.97030 
 18.00000 17.99487 
 22.00000 21.97493 
 20.00000 20.00846 
 20.00000 19.94923 
 21.00000 21.02500 
 21.00000 20.97344 
 21.00000 21.02153 
 20.00000 19.96433 
 20.00000 20.02410 
 22.00000 21.98408 
 18.00000 17.98246 
 18.00000 17.97803 
 22.00000 22.03545 
 20.00000 19.98042 
 19.00000 19.00882 
 20.00000 20.01073 
 17.00000 17.00244 
 19.00000 19.01800 
 18.00000 17.97839 
 21.00000 20.98194 
 20.00000 19.95530 
 18.00000 17.97091 
 21.00000 21.01014 
 18.00000 18.01469 
 19.00000 18.95108 
 22.00000 21.99912 
 20.00000 19.99917 
 21.00000 20.97889 
 19.00000 18.97721 
 22.00000 22.05221 
 21.00000 21.01835 
 22.00000 21.98420 
 19.00000 19.00474 
 22.00000 22.02724 
 19.00000 19.00327 
 17.00000 16.97822 
 21.00000 21.00887 
 17.00000 16.96103 
 19.00000 19.00712 
 19.00000 18.98872 
 19.00000 19.00244 
 18.00000 17.99048 
 22.00000 22.02047 
 19.00000 18.94701 
 19.00000 18.94964 
 22.00000 22.03343 
 21.00000 21.02142 
 18.00000 17.92159 
 22.00000 21.99517 
 21.00000 21.02723 
 23.00000 23.05611 
 23.00000 22.99840 
 17.00000 16.97253 
 20.00000 19.96602 
 21.00000 20.97227 
 23.00000 23.05225 
 21.00000 20.99617 
 17.00000 16.90979 
 22.00000 22.00078 
 19.00000 19.01786 
 22.00000 22.02150 
 19.00000 18.96644 
 18.00000 18.00669 
 18.00000 18.00643 
 21.00000 20.98054 
 19.00000 18.99439 
 22.00000 21.98504 
 18.00000 17.99624 
 19.00000 19.01264 
 19.00000 19.04393 
 18.00000 17.95047 
 19.00000 19.00337 
 20.00000 20.03506 
 19.00000 18.96951 
 18.00000 17.98321 
 20.00000 20.01165 
 21.00000 21.01288 
 18.00000 17.98497 
 20.00000 19.98356 
 19.00000 18.99792 
 19.00000 19.02945 
 20.00000 20.03799 
 17.00000 17.02961 
 19.00000 19.03110 
 18.00000 17.96575 
 19.00000 18.96134 
 19.00000 19.02933 
 21.00000 21.01196 
 22.00000 22.03026 
 19.00000 19.02599 
 21.00000 21.00848 
 21.00000 20.98226 
 22.00000 22.00284 
 19.00000 19.01349 
 19.00000 19.00847 
 18.00000 18.01386 
 19.00000 18.94604 
 23.00000 23.00453 
 20.00000 20.02414 
 17.00000 16.96941 
 20.00000 19.93425 
 21.00000 20.97408 
 21.00000 21.02409 
