 20.00000 19.94519 
 21.00000 20.96102 
 21.00000 21.01240 
 22.00000 21.96753 
 20.00000 19.95243 
 20.00000 20.00834 
 18.00000 17.98481 
 19.00000 18.95157 
 20.00000 19.95799 
 22.00000 22.01384 
 23.00000 22.97837 
 22.00000 21.90726 
 21.00000 20.98422 
 17.00000 16.93642 
 19.00000 18.94971 
 20.00000 20.02843 
 18.00000 17.97408 
 19.00000 18.95495 
 18.00000 17.98130 
 23.00000 22.85578 
 19.00000 18.99390 
 18.00000 17.94369 
 22.00000 21.97361 
 22.00000 22.03257 
 17.00000 16.93164 
 20.00000 19.97302 
 22.00000 21.97036 
 20.00000 19.96634 
 18.00000 18.01859 
 23.00000 22.98947 
 18.00000 17.90632 
 21.00000 20.98832 
 18.00000 17.98585 
 18.00000 17.95654 
 22.00000 21.89958 
 20.00000 19.94795 
 21.00000 20.98518 
 22.00000 21.99608 
 17.00000 16.96110 
 19.00000 18.95796 
 20.00000 19.70379 
 19.00000 18.95668 
 19.00000 18.97914 
 22.00000 21.98307 
 19.00000 18.94398 
 20.00000 20.08517 
 23.00000 22.87784 
 21.00000 20.82993 
 23.00000 22.91903 
 22.00000 22.06044 
 19.00000 18.91006 
 22.00000 21.93102 
 23.00000 22.91737 
 19.00000 19.01602 
 20.00000 19.99241 
 18.00000 17.98817 
 19.00000 19.01245 
 17.00000 17.02638 
 23.00000 23.03073 
 21.00000 21.07901 
 18.00000 17.98307 
 22.00000 21.99232 
 21.00000 21.03694 
 19.00000 19.02128 
 17.00000 16.96274 
 18.00000 18.01557 
 22.00000 21.92332 
 20.00000 19.98380 
 18.00000 17.99629 
 19.00000 19.00499 
 20.00000 19.99219 
 20.00000 20.05452 
 18.00000 18.01268 
 20.00000 19.94943 
 18.00000 18.05434 
 20.00000 20.00747 
 21.00000 20.98243 
 20.00000 20.02649 
 20.00000 20.01219 
 17.00000 16.95254 
 18.00000 18.04028 
 17.00000 16.99632 
 21.00000 21.02146 
 21.00000 21.05971 
 19.00000 18.97893 
 20.00000 20.00670 
 18.00000 17.94718 
 18.00000 17.99885 
 22.00000 21.97404 
 22.00000 21.92054 
 22.00000 21.99695 
 20.00000 19.97362 
 18.00000 17.98748 
 23.00000 23.01654 
 21.00000 21.00185 
 22.00000 21.93831 
 21.00000 21.00656 
 19.00000 19.02783 
 19.00000 18.96969 
 22.00000 21.97487 
 19.00000 18.99943 
 22.00000 22.00996 
 21.00000 21.10458 
 23.00000 23.03309 
 19.00000 19.03893 
 19.00000 19.03489 
 22.00000 21.98437 
 21.00000 20.98547 
 18.00000 17.99830 
 21.00000 21.03123 
 22.00000 22.03205 
 20.00000 19.89203 
 18.00000 17.95539 
 17.00000 16.98456 
 19.00000 18.99560 
 21.00000 20.99423 
 23.00000 23.03659 
 17.00000 17.15795 
 17.00000 16.96482 
 20.00000 19.95603 
 18.00000 18.00245 
 19.00000 18.92916 
 22.00000 21.97011 
 17.00000 16.94989 
 23.00000 22.82605 
 21.00000 21.01584 
 22.00000 21.98603 
 19.00000 19.02465 
 18.00000 17.99673 
 23.00000 23.06669 
 21.00000 21.01037 
 22.00000 21.96804 
 23.00000 23.10670 
 22.00000 21.95920 
 18.00000 17.95516 
 21.00000 20.96190 
 21.00000 21.05524 
 20.00000 20.01451 
 21.00000 20.96646 
 20.00000 19.98290 
 18.00000 18.01160 
 18.00000 17.98651 
 21.00000 21.00597 
 22.00000 22.06856 
 18.00000 17.96755 
 19.00000 18.98021 
 17.00000 16.94798 
 22.00000 22.06720 
 17.00000 17.00664 
 20.00000 19.99581 
 17.00000 16.95185 
 19.00000 18.98545 
 23.00000 23.03889 
 20.00000 20.00424 
 22.00000 22.03935 
 21.00000 21.01408 
 17.00000 17.04816 
 23.00000 22.95241 
 19.00000 19.03689 
 18.00000 17.98455 
 23.00000 22.95266 
 19.00000 19.05768 
 21.00000 21.00584 
 19.00000 19.03302 
 21.00000 20.96519 
 19.00000 19.01154 
 21.00000 20.95986 
 17.00000 16.95860 
 22.00000 21.91801 
 19.00000 19.00018 
 21.00000 21.02285 
 18.00000 18.00241 
 17.00000 17.01096 
 18.00000 18.06950 
 18.00000 17.96688 
 22.00000 21.96232 
 19.00000 18.94805 
 20.00000 20.02634 
 21.00000 21.08018 
 21.00000 20.96569 
 21.00000 21.01619 
 20.00000 19.97206 
 17.00000 16.95633 
 19.00000 19.01429 
 22.00000 22.00021 
 18.00000 17.97481 
 20.00000 20.01706 
 18.00000 18.01543 
 18.00000 17.93213 
 17.00000 16.93825 
 17.00000 16.95946 
 19.00000 19.02817 
 20.00000 20.00236 
 18.00000 18.00808 
 21.00000 20.94823 
 22.00000 22.07846 
 22.00000 21.97304 
 18.00000 18.02345 
 18.00000 18.00475 
 18.00000 17.94657 
 19.00000 19.01514 
 20.00000 19.97604 
 20.00000 19.95446 
 19.00000 18.98076 
 19.00000 18.97001 
 17.00000 16.97806 
 19.00000 19.04472 
 22.00000 21.96649 
 20.00000 19.98930 
 22.00000 22.02280 
 19.00000 18.97900 
 17.00000 16.94860 
 21.00000 20.97422 
 19.00000 18.92437 
 17.00000 16.99770 
 22.00000 21.97452 
 19.00000 18.99879 
 23.00000 22.98368 
 21.00000 21.00377 
 18.00000 17.97662 
 22.00000 21.92775 
 19.00000 18.95830 
 22.00000 21.97380 
 23.00000 22.95618 
 18.00000 18.00340 
 17.00000 17.02549 
 23.00000 23.07811 
 22.00000 21.96576 
 19.00000 19.06748 
 21.00000 21.01539 
 18.00000 17.96030 
 19.00000 18.98896 
 18.00000 18.06182 
 19.00000 19.03750 
 18.00000 17.94291 
 18.00000 17.98986 
 22.00000 21.99063 
 17.00000 16.97550 
 22.00000 21.99699 
 20.00000 19.90051 
 19.00000 19.01414 
 20.00000 19.98683 
 20.00000 19.99355 
 18.00000 18.02337 
 17.00000 17.00480 
 22.00000 21.98074 
 22.00000 22.03890 
 18.00000 17.99562 
 18.00000 18.02868 
 18.00000 17.99731 
 21.00000 21.04592 
 18.00000 17.98015 
 22.00000 22.00291 
 21.00000 20.98338 
 17.00000 16.98229 
 17.00000 17.11043 
 22.00000 22.03582 
 21.00000 20.92310 
 23.00000 22.97534 
 17.00000 17.01086 
 23.00000 23.03484 
 18.00000 18.00941 
 21.00000 21.01223 
 18.00000 18.12445 
 21.00000 21.03872 
 19.00000 18.94469 
 21.00000 20.98694 
 22.00000 21.96336 
 19.00000 18.98833 
 18.00000 18.03233 
 20.00000 19.97554 
 22.00000 21.96797 
 22.00000 21.95735 
 17.00000 16.99439 
 18.00000 18.04372 
 20.00000 19.98961 
 22.00000 21.91490 
 23.00000 23.00714 
 22.00000 22.04097 
 19.00000 19.02541 
 20.00000 19.97229 
 19.00000 19.05407 
 21.00000 20.97486 
 19.00000 18.99183 
 22.00000 21.96104 
 22.00000 21.96977 
 19.00000 19.00990 
 19.00000 19.02221 
 19.00000 19.03196 
 20.00000 19.91353 
 20.00000 19.91791 
 22.00000 22.00195 
 20.00000 20.03674 
 19.00000 19.04309 
 23.00000 22.98588 
 21.00000 20.92183 
 19.00000 19.03511 
 20.00000 19.97976 
 21.00000 21.00731 
 18.00000 17.95466 
 20.00000 20.02555 
 18.00000 17.98339 
 18.00000 17.99975 
 19.00000 19.01478 
 21.00000 21.06928 
 21.00000 21.02461 
 19.00000 18.96995 
 22.00000 21.98945 
 23.00000 23.03211 
 21.00000 20.98874 
 18.00000 18.00607 
 23.00000 22.96127 
 18.00000 17.98303 
 18.00000 17.96595 
 21.00000 21.06231 
 19.00000 18.96104 
 18.00000 17.92284 
 22.00000 21.91440 
 19.00000 19.00936 
 18.00000 17.97856 
 18.00000 18.03070 
 20.00000 19.98108 
 18.00000 18.03645 
 19.00000 19.03085 
 18.00000 18.01196 
 17.00000 16.97481 
 18.00000 18.03861 
 20.00000 19.98910 
 18.00000 18.06644 
 19.00000 19.01652 
 19.00000 19.03270 
 20.00000 19.97352 
 18.00000 18.02147 
 19.00000 19.06668 
 19.00000 18.92602 
 18.00000 18.02997 
 22.00000 22.03064 
 21.00000 20.95544 
 20.00000 19.98917 
 22.00000 21.97087 
 18.00000 18.01284 
 18.00000 17.98769 
 22.00000 22.02059 
 17.00000 17.01380 
 22.00000 21.96903 
 21.00000 20.94285 
 21.00000 21.01824 
 19.00000 18.96546 
 20.00000 20.00555 
 18.00000 18.02184 
 23.00000 22.94040 
 17.00000 17.06523 
 20.00000 19.99037 
 19.00000 18.99734 
 19.00000 18.99198 
 21.00000 21.01579 
 23.00000 23.03154 
 21.00000 20.95323 
 20.00000 19.99079 
 18.00000 18.11592 
 19.00000 19.01931 
 22.00000 22.04494 
 19.00000 19.02172 
 20.00000 19.93175 
 20.00000 20.02685 
 18.00000 17.93950 
 19.00000 18.98232 
 17.00000 17.01400 
 17.00000 16.99949 
 22.00000 21.99513 
 22.00000 21.89496 
 20.00000 19.99347 
 22.00000 21.89022 
 20.00000 19.92263 
 18.00000 18.03065 
 19.00000 19.08192 
 18.00000 18.00389 
 19.00000 18.97969 
 18.00000 18.00167 
 22.00000 22.04467 
 18.00000 17.96221 
 19.00000 19.03345 
 22.00000 21.90459 
 22.00000 21.93707 
 20.00000 20.03069 
 17.00000 17.03412 
 20.00000 20.03805 
 23.00000 23.05914 
 22.00000 21.97270 
 21.00000 20.95857 
 22.00000 21.92522 
 20.00000 19.96658 
 23.00000 22.87938 
 18.00000 17.99446 
 20.00000 19.98868 
 20.00000 20.01994 
 23.00000 22.98937 
 21.00000 20.97784 
 23.00000 22.96127 
 18.00000 18.02649 
 20.00000 19.98431 
 22.00000 21.84809 
 21.00000 20.93024 
 19.00000 19.00576 
 23.00000 23.01771 
 19.00000 19.09302 
 23.00000 22.97792 
 21.00000 21.08552 
 21.00000 21.01993 
 23.00000 22.96618 
 22.00000 21.89274 
 21.00000 21.06391 
 22.00000 22.00055 
 21.00000 20.97480 
 19.00000 18.95999 
 21.00000 21.02514 
 21.00000 21.02346 
 19.00000 19.03860 
 17.00000 16.96307 
 18.00000 17.96787 
 20.00000 19.92373 
 18.00000 18.02699 
 21.00000 21.05313 
 18.00000 17.97004 
 21.00000 20.97963 
 18.00000 18.01935 
 18.00000 17.99459 
 17.00000 16.99418 
 19.00000 19.08234 
 20.00000 19.95821 
 20.00000 19.95469 
 20.00000 19.99204 
 18.00000 17.98882 
 18.00000 18.01195 
 17.00000 17.01359 
 19.00000 18.97791 
 18.00000 18.01631 
 21.00000 20.98157 
 18.00000 18.04144 
 19.00000 19.04536 
 20.00000 20.02727 
 20.00000 20.00024 
 22.00000 21.94750 
 22.00000 21.90186 
 21.00000 20.93261 
 18.00000 17.96876 
 20.00000 19.96573 
 17.00000 16.95714 
 17.00000 17.10466 
 19.00000 18.99116 
 18.00000 17.97799 
 22.00000 21.99344 
 20.00000 19.95671 
 21.00000 20.94542 
 20.00000 20.01352 
 18.00000 18.03434 
 22.00000 22.00834 
 22.00000 22.07822 
 20.00000 19.98422 
 17.00000 17.04355 
 19.00000 19.01925 
 17.00000 17.01134 
 17.00000 17.00629 
 18.00000 18.01031 
 21.00000 20.93144 
 20.00000 20.05360 
 19.00000 19.04506 
 18.00000 17.97697 
 22.00000 22.02710 
 17.00000 16.94357 
 18.00000 17.97005 
 18.00000 18.02518 
 23.00000 23.04414 
 20.00000 19.94478 
 17.00000 16.95909 
 23.00000 22.98987 
 18.00000 18.01452 
 17.00000 16.97163 
 21.00000 20.98865 
 21.00000 20.96454 
 22.00000 21.77026 
 20.00000 19.95649 
 22.00000 21.99957 
 22.00000 22.05519 
 19.00000 18.93255 
 21.00000 20.98026 
 23.00000 22.91518 
 17.00000 16.87536 
 19.00000 19.01219 
 21.00000 20.96809 
 18.00000 18.01472 
 19.00000 19.01605 
 22.00000 22.01794 
 17.00000 16.94223 
 22.00000 22.00628 
 22.00000 22.07624 
 20.00000 19.97633 
 21.00000 21.02853 
 18.00000 18.10589 
 20.00000 20.01656 
 18.00000 17.95451 
 21.00000 21.08571 
 18.00000 17.99471 
 21.00000 21.04301 
 19.00000 19.01878 
 17.00000 17.01217 
 22.00000 21.97946 
 19.00000 19.02608 
 17.00000 16.95144 
 21.00000 20.98379 
 22.00000 22.08306 
 19.00000 19.02050 
 17.00000 16.98656 
 23.00000 23.05248 
 19.00000 18.98621 
 19.00000 18.99786 
 19.00000 19.03435 
 19.00000 18.97719 
 21.00000 20.92430 
 19.00000 19.01759 
 19.00000 18.95518 
 22.00000 22.00231 
 21.00000 21.04477 
 19.00000 19.03672 
 19.00000 18.96573 
 18.00000 18.00404 
 17.00000 16.96426 
 21.00000 20.96923 
 22.00000 21.97660 
 22.00000 21.93009 
 20.00000 19.91792 
 18.00000 18.03404 
 21.00000 21.01109 
 18.00000 17.98863 
 19.00000 18.97518 
 22.00000 22.05180 
 20.00000 19.97558 
 18.00000 18.00209 
 22.00000 22.02269 
 22.00000 21.96151 
 19.00000 18.99961 
 18.00000 17.96829 
 20.00000 19.94822 
 19.00000 19.03672 
 22.00000 21.98787 
 19.00000 19.06288 
 18.00000 17.95971 
 19.00000 18.95617 
 18.00000 17.98047 
 22.00000 21.97510 
 17.00000 16.99277 
 17.00000 16.91046 
 20.00000 20.03806 
 18.00000 18.08731 
 21.00000 20.86868 
 20.00000 20.02173 
 23.00000 22.94123 
 18.00000 17.96197 
 18.00000 18.02356 
 21.00000 21.02704 
 22.00000 21.91947 
 23.00000 22.90378 
 20.00000 20.04026 
 18.00000 17.91550 
 17.00000 16.96896 
 18.00000 18.04163 
 19.00000 19.03010 
 21.00000 20.95287 
 17.00000 16.97209 
 20.00000 19.99271 
 22.00000 21.97863 
 20.00000 19.94130 
 18.00000 18.00799 
 21.00000 20.96732 
 20.00000 19.94700 
 17.00000 16.90423 
 19.00000 19.02300 
 17.00000 17.01260 
 19.00000 19.00419 
 23.00000 22.96603 
 19.00000 19.00285 
 23.00000 23.04549 
 23.00000 22.89928 
 20.00000 19.95425 
 20.00000 20.00247 
 19.00000 18.99626 
 17.00000 16.97265 
 21.00000 20.95948 
 23.00000 22.92407 
 18.00000 18.00960 
 21.00000 20.96716 
 22.00000 22.00023 
 18.00000 18.04120 
 18.00000 18.02356 
 22.00000 21.99675 
 17.00000 16.91350 
 19.00000 19.01493 
 21.00000 20.97993 
 19.00000 18.99215 
 21.00000 20.99918 
 23.00000 22.98186 
 20.00000 20.06405 
 21.00000 21.03878 
 18.00000 17.99936 
 20.00000 20.01158 
 19.00000 18.95484 
 20.00000 19.90250 
 21.00000 21.00803 
 17.00000 17.02205 
 18.00000 18.04477 
 22.00000 21.98744 
 21.00000 20.99510 
 22.00000 21.99752 
 22.00000 21.98349 
 21.00000 20.97593 
 23.00000 22.97433 
 22.00000 21.97786 
 18.00000 17.99637 
 19.00000 18.96182 
 22.00000 21.94258 
 18.00000 18.03327 
 18.00000 17.96010 
 21.00000 21.08618 
 18.00000 18.00308 
 19.00000 18.95980 
 21.00000 21.04892 
 17.00000 16.94411 
 21.00000 21.03851 
 23.00000 23.04815 
 21.00000 21.05143 
 20.00000 19.97109 
 19.00000 19.06067 
 19.00000 19.01657 
 19.00000 18.96375 
 19.00000 18.88915 
 20.00000 19.98036 
 20.00000 20.00535 
 18.00000 17.98644 
 17.00000 16.98379 
 19.00000 18.95118 
 22.00000 22.04441 
 22.00000 22.03116 
 20.00000 20.00893 
 23.00000 23.04464 
 18.00000 18.00882 
 18.00000 18.04958 
 18.00000 18.04604 
 23.00000 22.92395 
 20.00000 19.99150 
 22.00000 21.99369 
 19.00000 18.99429 
 20.00000 19.96066 
 17.00000 16.94784 
 20.00000 19.93454 
 21.00000 20.93369 
 18.00000 17.96569 
 21.00000 21.06079 
 20.00000 20.02854 
 21.00000 21.02211 
 19.00000 18.99184 
 22.00000 21.99308 
 18.00000 17.98823 
 18.00000 17.98294 
 22.00000 22.00320 
 19.00000 18.98078 
 19.00000 19.02519 
 17.00000 17.01953 
 18.00000 17.97684 
 21.00000 20.93915 
 20.00000 19.96200 
 20.00000 20.00524 
 20.00000 19.97851 
 22.00000 22.02968 
 18.00000 17.99688 
 22.00000 21.96925 
 23.00000 23.02058 
 17.00000 16.94871 
 22.00000 22.00267 
 23.00000 22.97586 
 20.00000 19.97852 
 22.00000 21.99382 
 20.00000 19.96496 
 23.00000 22.91777 
 18.00000 17.94527 
 19.00000 19.06941 
 21.00000 20.97702 
 21.00000 21.02370 
 22.00000 22.03349 
 19.00000 18.99861 
 19.00000 19.00109 
 18.00000 17.98897 
 18.00000 17.87640 
 21.00000 20.96375 
 19.00000 19.01244 
 19.00000 18.94554 
 23.00000 22.98941 
 18.00000 17.91417 
 20.00000 20.00303 
 18.00000 18.07864 
 19.00000 19.00049 
 18.00000 17.99470 
 17.00000 16.92574 
 20.00000 20.00562 
 21.00000 21.00536 
 22.00000 21.98144 
 20.00000 19.98070 
 20.00000 20.06116 
 20.00000 19.97021 
 18.00000 17.98774 
 20.00000 19.95659 
 22.00000 21.90312 
 20.00000 20.01682 
 17.00000 17.00706 
 18.00000 18.05206 
 22.00000 22.01670 
 22.00000 22.06896 
 18.00000 18.04238 
 23.00000 22.88459 
 18.00000 18.01068 
 21.00000 20.94123 
 20.00000 19.98473 
 18.00000 17.99020 
 21.00000 20.95519 
 18.00000 17.94932 
 18.00000 18.00825 
 23.00000 22.92531 
 22.00000 21.94313 
 22.00000 22.08285 
 21.00000 21.00381 
 18.00000 17.94937 
 22.00000 22.01427 
 18.00000 18.01799 
 20.00000 19.95138 
 23.00000 22.94381 
 19.00000 18.96135 
 17.00000 16.92852 
 22.00000 21.99249 
 22.00000 21.89094 
 22.00000 22.00368 
 20.00000 20.00477 
 19.00000 19.01651 
 21.00000 21.05914 
 19.00000 18.96467 
 20.00000 19.98541 
 17.00000 16.94360 
 23.00000 22.99522 
 19.00000 19.05224 
 23.00000 23.07277 
 17.00000 16.92945 
 20.00000 19.97771 
 20.00000 19.98242 
 23.00000 22.92896 
 19.00000 19.03555 
 20.00000 19.98574 
 22.00000 22.06213 
 22.00000 21.83889 
 22.00000 21.99161 
 18.00000 17.97083 
 22.00000 22.01992 
 23.00000 22.96154 
 21.00000 21.00088 
 21.00000 20.99377 
 19.00000 19.01258 
 19.00000 19.01625 
 19.00000 18.97793 
 20.00000 19.99215 
 19.00000 19.09202 
 22.00000 21.97944 
 21.00000 20.96453 
 22.00000 21.88877 
 20.00000 19.97569 
 18.00000 18.06468 
 20.00000 20.00223 
 23.00000 23.02539 
 20.00000 20.04229 
 19.00000 19.05883 
 17.00000 16.95398 
 20.00000 19.99274 
 17.00000 17.00420 
 20.00000 19.99825 
 21.00000 20.94235 
 22.00000 22.06714 
 21.00000 20.89753 
 17.00000 16.97463 
 19.00000 18.97956 
 23.00000 23.00477 
 19.00000 19.03447 
 20.00000 19.97673 
 21.00000 20.98415 
 22.00000 22.04702 
 22.00000 21.99671 
 18.00000 17.96543 
 18.00000 17.98301 
 17.00000 16.97381 
 18.00000 17.94106 
 17.00000 16.98941 
 19.00000 19.02770 
 21.00000 20.96618 
 21.00000 21.05196 
 21.00000 21.06372 
 17.00000 16.96696 
 18.00000 18.01782 
 22.00000 21.93899 
 17.00000 16.99859 
 18.00000 18.04297 
 22.00000 21.96545 
 19.00000 18.90148 
 19.00000 18.74397 
 21.00000 20.98014 
 18.00000 17.92465 
 18.00000 17.93059 
 20.00000 20.07044 
 18.00000 17.98983 
 19.00000 18.99521 
 18.00000 18.02490 
 17.00000 17.02613 
 20.00000 19.94687 
 20.00000 19.97951 
 21.00000 20.97712 
 17.00000 17.03172 
 19.00000 19.01888 
 21.00000 20.95202 
 22.00000 21.97619 
 22.00000 22.00517 
 18.00000 17.86133 
 18.00000 18.03273 
 22.00000 21.98296 
 20.00000 19.93767 
 23.00000 22.94710 
 17.00000 16.99431 
 19.00000 18.96814 
 20.00000 20.03433 
 23.00000 22.86997 
 23.00000 23.02589 
 20.00000 19.95919 
 18.00000 18.03277 
 22.00000 21.96549 
 20.00000 19.96919 
 17.00000 17.00805 
 22.00000 22.02652 
 22.00000 22.04133 
 20.00000 20.01161 
 22.00000 21.95956 
 23.00000 23.00561 
 20.00000 20.08770 
 23.00000 22.88806 
 17.00000 16.98065 
 22.00000 21.97946 
 22.00000 21.96632 
 20.00000 19.98804 
 21.00000 21.02670 
 22.00000 22.03402 
 20.00000 20.01794 
 21.00000 20.99601 
 17.00000 16.98645 
 21.00000 21.05155 
 18.00000 17.96348 
 21.00000 20.99487 
 20.00000 19.98736 
 20.00000 19.98656 
 22.00000 21.99915 
 22.00000 21.96865 
 20.00000 19.91439 
 22.00000 21.95457 
 22.00000 21.98713 
 22.00000 21.97058 
 23.00000 23.00456 
 21.00000 21.03045 
 22.00000 22.00338 
 20.00000 19.94935 
 19.00000 19.01344 
 22.00000 21.97441 
 19.00000 19.04450 
 22.00000 22.03842 
 22.00000 21.96061 
 21.00000 21.01632 
 21.00000 21.00822 
 20.00000 20.02796 
 18.00000 17.94916 
 19.00000 19.03995 
 22.00000 22.01410 
 22.00000 21.98456 
 23.00000 23.07033 
 22.00000 21.97422 
 19.00000 19.02656 
 19.00000 19.03028 
 17.00000 16.95367 
 23.00000 23.02645 
 21.00000 20.98138 
 19.00000 19.06467 
 21.00000 21.02840 
 20.00000 19.90266 
 21.00000 21.02018 
 19.00000 18.97849 
 21.00000 20.95072 
 22.00000 22.00369 
 22.00000 21.96248 
 22.00000 22.01757 
 20.00000 19.95742 
 19.00000 18.95727 
 19.00000 18.99395 
 22.00000 21.92150 
 19.00000 18.95159 
 18.00000 17.98558 
 22.00000 22.03511 
 18.00000 18.07619 
 18.00000 17.98840 
 18.00000 17.89456 
 19.00000 19.00174 
 18.00000 17.97866 
 19.00000 18.99604 
 22.00000 21.99301 
 17.00000 17.02258 
 19.00000 18.93844 
 17.00000 17.06115 
 19.00000 18.93142 
 23.00000 22.91961 
 22.00000 21.89911 
 20.00000 20.01192 
 21.00000 21.00781 
 18.00000 17.99382 
 22.00000 21.99974 
 22.00000 22.01364 
 20.00000 19.97155 
 20.00000 19.99242 
 22.00000 21.96556 
 19.00000 18.99615 
 21.00000 21.02300 
 21.00000 20.95144 
 18.00000 18.00476 
 23.00000 22.97350 
 20.00000 19.98155 
 23.00000 23.00475 
 21.00000 21.00373 
 18.00000 17.98486 
 19.00000 19.01674 
 20.00000 19.99287 
 18.00000 18.00354 
 21.00000 21.02033 
 18.00000 17.97745 
 23.00000 23.00689 
 22.00000 21.93741 
 18.00000 18.01324 
 18.00000 17.90909 
 18.00000 17.96464 
 23.00000 23.01284 
 18.00000 18.01292 
 21.00000 20.96175 
 20.00000 20.01411 
 21.00000 20.94536 
 22.00000 21.88966 
 20.00000 20.08230 
 18.00000 18.03058 
 19.00000 18.96084 
 17.00000 17.03114 
 23.00000 22.92143 
 18.00000 17.96520 
 22.00000 21.93933 
 22.00000 21.88658 
 21.00000 20.97384 
 20.00000 19.98309 
 22.00000 21.97440 
 21.00000 21.02604 
 22.00000 21.97360 
 19.00000 19.02110 
 22.00000 21.86098 
 21.00000 20.96040 
 18.00000 17.89652 
 19.00000 18.94788 
 20.00000 19.94210 
 20.00000 20.06962 
 20.00000 19.94549 
 20.00000 19.97373 
 20.00000 19.93766 
 18.00000 17.91262 
 19.00000 19.06869 
 19.00000 18.92384 
 22.00000 22.05113 
 23.00000 23.03263 
 21.00000 20.92462 
 19.00000 18.95626 
 18.00000 17.97609 
 19.00000 19.04473 
 18.00000 17.96831 
 18.00000 17.97857 
 19.00000 19.04555 
 19.00000 19.01815 
 22.00000 21.96250 
 19.00000 19.08533 
 23.00000 22.94953 
 22.00000 21.96476 
 22.00000 22.00898 
 22.00000 22.05366 
 23.00000 22.99653 
 22.00000 21.93536 
 21.00000 20.98382 
 21.00000 21.07956 
 21.00000 20.95957 
 20.00000 19.98833 
 20.00000 19.99039 
 20.00000 19.97891 
 21.00000 20.97394 
 20.00000 19.86863 
 22.00000 21.95189 
 21.00000 20.96514 
 17.00000 16.99682 
 21.00000 21.01841 
 21.00000 20.93727 
 18.00000 18.01229 
 18.00000 18.02125 
 21.00000 20.96512 
 22.00000 21.97203 
 19.00000 18.97249 
 21.00000 20.92438 
 20.00000 20.05270 
 23.00000 22.94701 
 21.00000 20.97950 
 22.00000 21.89995 
 19.00000 18.87592 
 20.00000 20.08758 
 22.00000 21.97667 
 23.00000 22.97724 
 21.00000 20.95392 
 21.00000 20.99385 
 22.00000 21.99672 
 20.00000 19.99998 
 22.00000 21.99197 
 20.00000 20.00423 
 18.00000 17.99474 
 19.00000 19.01197 
 18.00000 17.98319 
 22.00000 22.00043 
 21.00000 21.02038 
 18.00000 18.03184 
 19.00000 18.94948 
 22.00000 22.09323 
 22.00000 21.96786 
 22.00000 22.00764 
 20.00000 20.06772 
 19.00000 19.00742 
 20.00000 19.96064 
 22.00000 22.00925 
 19.00000 19.01149 
 18.00000 17.99080 
 20.00000 19.97635 
 18.00000 17.99861 
 19.00000 19.02755 
 19.00000 19.03433 
 22.00000 21.98286 
 21.00000 20.97763 
 21.00000 20.99916 
 18.00000 17.94631 
 22.00000 21.90590 
 19.00000 19.08045 
 19.00000 19.04423 
 20.00000 20.02611 
 18.00000 17.99817 
 20.00000 19.95429 
 19.00000 18.96178 
 19.00000 18.90354 
 22.00000 21.97451 
 20.00000 19.99599 
 18.00000 17.97873 
 20.00000 19.91019 
 21.00000 21.03118 
 18.00000 17.98935 
 21.00000 21.04036 
 18.00000 18.04640 
 17.00000 16.94178 
 18.00000 18.01335 
 20.00000 19.97104 
 21.00000 20.99379 
 17.00000 16.96873 
 19.00000 19.03490 
 17.00000 17.02770 
 20.00000 19.96259 
 17.00000 16.94463 
 19.00000 18.99139 
 19.00000 18.99503 
 18.00000 18.03495 
 18.00000 17.99979 
 22.00000 21.98840 
 18.00000 17.96272 
 19.00000 18.98088 
 21.00000 20.92063 
 21.00000 21.01982 
 19.00000 18.95158 
 20.00000 19.90465 
 22.00000 21.88187 
 20.00000 20.03139 
 22.00000 21.96291 
 19.00000 18.89935 
 23.00000 23.02661 
 23.00000 22.97676 
 23.00000 23.04175 
 18.00000 18.05430 
 21.00000 21.02420 
 17.00000 17.01330 
 23.00000 22.96530 
 20.00000 20.05964 
 23.00000 22.97162 
 19.00000 18.98606 
 22.00000 22.03504 
 20.00000 19.91049 
 20.00000 20.02280 
 17.00000 16.99665 
 20.00000 19.99055 
 22.00000 21.97426 
 20.00000 19.95713 
 21.00000 21.01668 
 20.00000 19.99558 
 19.00000 19.02569 
 19.00000 19.03597 
 21.00000 20.94564 
 19.00000 19.02132 
 22.00000 21.98970 
 18.00000 17.93807 
 20.00000 20.00779 
 20.00000 19.95093 
 17.00000 16.98725 
 23.00000 22.91255 
 23.00000 22.89541 
 17.00000 16.93804 
 21.00000 20.83550 
 21.00000 21.02828 
 19.00000 19.00016 
 21.00000 20.97428 
 17.00000 17.00435 
 19.00000 19.01981 
 22.00000 22.00452 
 20.00000 20.04013 
 23.00000 22.95812 
 22.00000 21.97709 
 19.00000 19.01058 
 22.00000 21.98075 
 18.00000 18.03215 
 22.00000 22.05670 
 22.00000 21.99206 
 20.00000 19.98754 
 20.00000 19.96268 
 20.00000 19.94651 
 21.00000 20.91962 
 19.00000 19.05788 
 23.00000 22.91258 
 20.00000 19.98515 
 21.00000 20.99364 
 20.00000 19.99663 
 22.00000 21.94152 
 22.00000 21.97672 
 19.00000 18.97994 
 22.00000 22.03155 
 18.00000 17.94272 
 21.00000 20.93406 
 22.00000 21.94085 
 23.00000 22.93742 
 20.00000 19.91471 
 17.00000 17.08874 
 21.00000 20.95779 
 18.00000 18.01836 
 20.00000 20.07299 
 18.00000 17.93884 
 19.00000 18.99025 
 17.00000 17.00449 
 18.00000 18.05332 
 17.00000 17.00608 
 18.00000 18.03569 
 23.00000 22.98635 
 20.00000 20.00184 
 21.00000 21.08703 
 23.00000 23.00580 
 20.00000 20.06202 
 17.00000 17.04044 
 21.00000 20.99192 
 18.00000 18.03828 
 19.00000 18.98988 
 21.00000 20.98176 
 18.00000 18.03841 
 23.00000 22.67886 
 19.00000 18.92753 
 23.00000 22.84991 
 22.00000 22.06429 
 18.00000 17.95217 
 19.00000 18.91187 
 22.00000 21.97344 
 22.00000 22.01098 
 18.00000 17.96436 
 17.00000 16.94848 
 19.00000 18.98596 
 18.00000 18.01982 
 21.00000 20.90794 
 18.00000 17.98504 
 17.00000 16.96826 
 20.00000 19.98513 
 22.00000 21.94291 
 18.00000 18.07280 
 20.00000 19.90735 
 18.00000 17.92236 
 21.00000 21.03644 
 21.00000 21.00571 
 20.00000 20.01528 
 22.00000 22.01433 
 17.00000 17.00602 
 22.00000 21.98712 
 17.00000 17.08466 
 21.00000 20.99926 
 20.00000 20.00346 
 18.00000 18.01451 
 20.00000 19.99866 
 22.00000 21.90547 
 18.00000 17.98217 
 19.00000 18.96028 
 18.00000 18.03634 
 19.00000 18.91825 
 22.00000 21.99453 
 22.00000 22.03988 
 22.00000 22.00038 
 19.00000 19.03656 
 22.00000 21.89040 
 19.00000 18.99948 
 21.00000 21.01050 
 23.00000 23.04102 
 22.00000 22.02172 
 18.00000 18.03505 
 18.00000 17.96343 
 22.00000 21.93297 
 17.00000 16.98740 
 21.00000 21.01873 
 22.00000 21.93254 
 23.00000 23.02428 
 19.00000 19.03692 
 20.00000 20.02840 
 21.00000 20.99142 
 23.00000 22.86041 
 22.00000 21.98961 
 18.00000 17.93700 
 21.00000 20.93919 
 18.00000 18.01849 
 20.00000 20.00897 
 19.00000 18.97518 
 21.00000 20.97250 
 18.00000 18.01148 
 20.00000 19.95117 
 17.00000 16.99872 
 22.00000 21.95138 
 18.00000 17.98812 
 19.00000 19.00434 
 23.00000 22.90692 
 23.00000 22.98275 
 18.00000 17.99442 
 20.00000 19.97440 
 21.00000 20.91428 
 21.00000 20.99206 
 21.00000 20.92580 
 19.00000 19.05570 
 19.00000 19.02704 
 18.00000 18.02584 
 20.00000 20.01101 
 22.00000 21.98414 
 22.00000 22.04671 
 20.00000 19.87860 
 20.00000 20.00360 
 20.00000 19.99819 
 21.00000 20.99842 
 23.00000 22.87648 
 22.00000 21.96247 
 20.00000 19.98705 
 22.00000 21.96456 
 21.00000 21.03341 
 17.00000 17.03882 
 22.00000 21.97803 
 21.00000 21.01910 
 19.00000 18.97772 
 22.00000 21.98121 
 19.00000 18.91222 
 18.00000 18.00791 
 21.00000 21.00377 
 17.00000 17.02049 
 19.00000 19.01808 
 19.00000 19.03472 
 17.00000 17.01550 
 22.00000 22.08640 
 21.00000 21.04708 
 19.00000 19.01473 
 23.00000 22.95224 
 23.00000 22.89988 
 22.00000 21.98987 
 19.00000 18.96718 
 22.00000 21.94526 
 20.00000 19.98835 
 19.00000 19.01559 
 18.00000 18.05635 
 22.00000 21.97436 
 19.00000 19.00556 
 18.00000 17.95288 
 17.00000 16.99461 
 21.00000 20.99857 
 19.00000 19.00609 
 22.00000 21.91764 
 20.00000 20.01232 
 21.00000 20.96343 
 19.00000 19.04549 
 20.00000 19.98363 
 19.00000 19.00783 
 22.00000 22.02227 
 22.00000 21.98285 
 19.00000 19.03630 
 17.00000 17.00511 
 20.00000 19.97692 
 22.00000 21.98948 
 21.00000 20.98630 
 18.00000 18.00185 
 23.00000 22.93494 
 18.00000 17.97754 
 21.00000 20.97961 
 21.00000 20.96554 
 22.00000 21.99412 
 18.00000 18.02177 
 20.00000 19.99380 
 22.00000 22.05400 
 21.00000 20.97320 
 20.00000 20.02390 
 21.00000 20.97634 
 19.00000 18.97137 
 20.00000 19.93770 
 19.00000 18.99521 
 19.00000 18.90565 
 20.00000 19.98148 
 18.00000 17.95779 
 19.00000 19.02088 
 19.00000 19.00122 
 21.00000 20.94542 
 21.00000 20.95456 
 20.00000 19.92018 
 18.00000 17.98370 
 21.00000 21.00871 
 17.00000 16.99819 
 18.00000 18.05107 
 19.00000 19.01116 
 18.00000 17.94892 
 21.00000 21.04381 
 18.00000 18.01181 
 22.00000 22.05069 
 20.00000 20.00118 
 18.00000 18.03168 
 22.00000 22.03523 
 23.00000 22.93964 
 22.00000 21.97774 
 19.00000 19.01378 
 17.00000 17.02540 
 22.00000 22.03710 
 22.00000 22.02048 
 21.00000 21.01661 
 18.00000 18.04580 
 19.00000 18.95842 
 22.00000 21.98021 
 18.00000 17.97771 
 20.00000 19.99187 
 19.00000 19.02072 
 21.00000 20.97215 
 21.00000 20.96521 
 23.00000 23.02161 
 17.00000 16.98712 
 23.00000 23.03866 
 18.00000 17.93831 
 20.00000 19.97540 
 18.00000 17.98160 
 20.00000 19.98838 
 19.00000 18.91550 
 21.00000 21.02545 
 20.00000 19.97105 
 20.00000 20.05936 
 21.00000 21.00562 
 21.00000 20.95355 
 22.00000 22.02153 
 21.00000 20.97586 
 20.00000 19.96430 
 18.00000 17.99174 
 17.00000 17.00702 
 22.00000 21.96336 
 18.00000 18.00446 
 22.00000 22.00077 
 22.00000 22.01467 
 18.00000 17.97567 
 18.00000 18.02426 
 23.00000 22.97115 
 22.00000 21.89093 
 19.00000 18.99045 
 21.00000 21.04777 
 21.00000 21.00516 
 21.00000 20.95677 
 21.00000 20.99838 
 19.00000 18.96709 
 18.00000 17.98140 
 19.00000 19.02212 
 18.00000 18.03062 
 23.00000 23.00140 
 21.00000 20.96596 
 17.00000 16.99642 
 19.00000 19.00692 
 20.00000 19.94288 
 19.00000 19.05614 
 21.00000 20.95462 
 23.00000 22.92136 
 22.00000 22.02914 
 18.00000 18.04919 
 19.00000 18.99930 
 21.00000 21.01562 
 20.00000 20.02965 
 23.00000 23.01268 
 22.00000 21.96327 
 20.00000 19.96992 
 20.00000 20.00139 
 17.00000 16.97938 
 18.00000 18.13195 
 20.00000 19.95851 
 20.00000 20.04506 
 21.00000 21.00972 
 22.00000 22.02799 
 21.00000 21.01720 
 18.00000 17.98797 
 19.00000 18.99395 
 22.00000 22.00097 
 18.00000 18.00072 
 21.00000 20.89690 
 20.00000 19.97259 
 17.00000 16.98916 
 22.00000 22.00206 
 17.00000 16.99590 
 19.00000 19.01694 
 22.00000 21.99309 
 23.00000 23.02630 
 17.00000 16.91675 
 22.00000 21.99849 
 23.00000 23.11668 
 23.00000 22.96750 
 23.00000 22.86347 
 21.00000 20.94444 
 22.00000 21.93831 
 21.00000 20.95116 
 22.00000 21.98741 
 19.00000 18.96503 
 18.00000 18.00008 
 19.00000 19.01676 
 21.00000 20.99342 
 20.00000 19.95501 
 21.00000 21.13551 
 20.00000 19.98726 
 21.00000 20.95624 
 19.00000 19.02529 
 20.00000 19.95641 
 22.00000 21.96293 
 20.00000 19.95858 
 21.00000 21.05187 
 20.00000 19.96869 
 21.00000 21.01454 
 18.00000 17.99983 
 18.00000 17.94256 
 21.00000 20.98558 
 23.00000 22.94108 
 18.00000 18.02355 
 23.00000 22.98199 
 21.00000 20.95882 
 19.00000 19.02673 
 18.00000 18.02182 
 23.00000 22.92156 
 21.00000 20.96368 
 20.00000 19.93108 
 19.00000 19.01080 
 19.00000 18.97960 
 22.00000 21.94896 
 20.00000 20.01978 
 17.00000 17.02555 
 21.00000 21.01187 
 20.00000 19.96177 
 21.00000 20.96373 
 22.00000 22.10095 
 19.00000 19.01253 
 22.00000 21.93266 
 19.00000 19.12845 
 19.00000 18.94134 
 19.00000 18.89310 
 21.00000 20.98990 
 18.00000 17.99637 
 21.00000 20.97107 
 20.00000 20.01146 
 22.00000 21.89036 
 19.00000 18.98399 
 19.00000 19.04084 
 18.00000 18.00472 
 18.00000 17.95593 
 21.00000 20.96880 
 20.00000 19.97312 
 21.00000 21.07692 
 21.00000 21.01896 
 18.00000 18.06088 
 18.00000 17.93778 
 19.00000 19.04462 
 18.00000 17.99398 
 19.00000 19.05554 
 20.00000 19.97185 
 19.00000 18.95478 
 23.00000 22.96593 
 20.00000 19.86384 
 20.00000 19.98495 
 19.00000 19.00895 
 20.00000 19.97144 
 23.00000 23.11486 
 20.00000 20.00152 
 19.00000 19.01176 
 18.00000 17.98193 
 19.00000 19.01377 
 22.00000 21.94201 
 22.00000 22.04245 
 20.00000 19.91300 
 19.00000 19.01089 
 18.00000 18.00991 
 21.00000 20.92410 
 19.00000 18.95647 
 23.00000 22.85546 
 22.00000 21.99019 
 18.00000 17.98917 
 22.00000 22.00808 
 21.00000 21.00046 
 20.00000 19.98075 
 19.00000 18.92012 
 18.00000 18.02079 
 18.00000 17.96588 
 20.00000 20.04869 
 21.00000 21.02878 
 19.00000 19.00424 
 22.00000 21.93942 
 20.00000 19.96970 
 20.00000 20.01238 
 19.00000 18.98958 
 22.00000 21.94030 
 18.00000 18.00726 
 18.00000 17.99509 
 19.00000 18.97396 
 18.00000 18.00127 
 20.00000 20.03140 
 20.00000 19.97949 
 22.00000 21.88690 
 23.00000 22.96049 
 19.00000 19.04249 
 21.00000 21.03602 
 19.00000 18.94419 
 22.00000 21.94814 
 18.00000 18.00859 
 18.00000 18.06407 
 18.00000 17.99238 
 22.00000 22.07786 
 20.00000 20.01179 
 20.00000 20.01693 
 20.00000 19.95425 
 20.00000 19.97683 
 17.00000 17.02443 
 20.00000 20.00826 
 22.00000 22.03113 
 22.00000 22.01913 
 21.00000 21.01843 
 19.00000 18.98912 
 21.00000 21.01966 
 22.00000 21.98185 
 18.00000 18.01603 
 21.00000 21.00983 
 17.00000 16.98475 
 18.00000 18.01343 
 20.00000 20.00872 
 23.00000 23.05303 
 22.00000 22.01504 
 18.00000 17.99382 
 20.00000 19.92155 
 21.00000 21.01724 
 19.00000 18.99541 
 19.00000 18.95194 
 20.00000 19.99306 
 18.00000 18.03754 
 21.00000 21.01002 
 21.00000 20.97451 
 17.00000 16.96892 
 19.00000 18.95921 
 21.00000 20.98225 
 22.00000 21.99141 
 19.00000 18.93480 
 20.00000 19.99722 
 20.00000 20.00693 
 18.00000 18.00817 
 21.00000 21.04616 
 21.00000 20.95104 
 23.00000 22.87128 
 19.00000 19.02989 
 23.00000 22.94473 
 18.00000 18.02498 
 21.00000 20.96844 
 21.00000 20.94840 
 19.00000 18.99133 
 22.00000 21.88794 
 18.00000 17.99260 
 18.00000 18.03755 
 20.00000 20.05775 
 20.00000 20.02964 
 19.00000 18.94337 
 17.00000 16.98926 
 20.00000 20.00855 
 20.00000 19.96632 
 18.00000 17.99349 
 19.00000 19.02009 
 20.00000 19.93364 
 20.00000 20.02390 
 21.00000 21.02346 
 20.00000 19.94812 
 20.00000 20.05123 
 20.00000 19.97452 
 20.00000 19.95810 
 20.00000 20.02033 
 19.00000 19.01382 
 18.00000 18.03082 
 20.00000 19.93910 
 19.00000 18.91533 
 21.00000 20.97026 
 19.00000 19.06619 
 18.00000 17.95518 
 22.00000 22.02830 
 17.00000 17.02249 
 19.00000 18.95372 
 20.00000 19.95133 
 18.00000 18.01445 
 19.00000 18.98190 
 19.00000 18.99343 
 18.00000 17.99995 
 17.00000 17.01410 
 22.00000 21.98393 
 23.00000 23.03549 
 18.00000 17.88537 
 20.00000 19.97887 
 23.00000 22.95742 
 18.00000 17.97777 
 20.00000 19.93147 
 18.00000 17.99983 
 20.00000 19.90260 
 20.00000 20.02117 
 19.00000 18.99549 
 20.00000 20.01486 
 19.00000 19.07430 
 18.00000 18.02453 
 17.00000 16.96612 
 18.00000 17.98930 
 18.00000 17.93147 
 17.00000 17.11102 
 20.00000 20.02822 
 22.00000 21.92218 
 19.00000 18.99277 
 18.00000 17.99091 
 22.00000 21.90805 
 17.00000 17.04111 
 22.00000 21.99869 
 19.00000 19.00739 
 19.00000 19.00692 
 18.00000 18.04204 
 23.00000 23.03658 
 21.00000 21.04288 
 21.00000 21.05566 
 23.00000 22.76956 
 23.00000 22.99521 
 22.00000 22.05346 
 18.00000 17.99032 
 19.00000 19.01442 
 21.00000 21.01940 
 22.00000 22.03737 
 19.00000 18.99605 
 19.00000 19.01862 
 22.00000 21.98424 
 18.00000 17.98309 
 18.00000 18.05879 
 19.00000 19.07295 
 18.00000 17.99028 
 17.00000 17.00241 
 21.00000 21.04297 
 21.00000 20.93630 
 21.00000 21.05028 
 19.00000 18.99127 
 21.00000 20.99137 
 23.00000 22.85352 
 20.00000 20.03136 
 18.00000 17.95863 
 22.00000 21.98334 
 18.00000 17.98633 
 17.00000 17.01998 
 22.00000 21.97163 
 17.00000 16.98674 
 19.00000 19.03765 
 22.00000 21.91787 
 17.00000 16.96046 
 18.00000 17.97981 
 23.00000 22.93463 
 20.00000 20.05505 
 19.00000 19.00197 
 20.00000 19.95348 
 21.00000 20.97844 
 23.00000 22.83610 
 21.00000 20.96125 
 18.00000 17.99247 
 20.00000 19.97497 
 20.00000 20.00772 
 22.00000 21.89654 
 22.00000 21.97545 
 20.00000 19.99327 
 18.00000 17.96968 
 20.00000 19.99065 
 18.00000 17.99479 
 21.00000 20.99892 
 23.00000 23.01478 
 18.00000 18.01820 
 22.00000 21.97612 
 23.00000 22.98939 
 20.00000 20.00964 
 20.00000 19.97801 
 23.00000 22.89043 
 22.00000 21.95908 
 17.00000 16.98477 
 22.00000 21.98724 
 18.00000 18.01985 
 21.00000 21.05519 
 22.00000 21.93523 
 17.00000 17.00914 
 20.00000 19.99833 
 17.00000 16.98286 
 17.00000 17.01805 
 22.00000 22.15188 
 20.00000 20.03057 
 17.00000 16.95862 
 23.00000 23.00694 
 23.00000 22.99803 
 18.00000 17.97090 
 19.00000 19.03453 
 23.00000 22.92661 
 18.00000 17.98671 
 23.00000 23.04356 
 20.00000 20.06515 
 21.00000 20.99509 
 21.00000 20.96893 
 22.00000 21.94765 
 22.00000 21.97635 
 20.00000 19.93348 
 22.00000 22.02596 
 19.00000 19.01820 
 22.00000 22.08371 
 19.00000 18.99771 
 23.00000 22.99661 
 19.00000 19.02921 
 19.00000 18.96029 
 21.00000 21.07530 
 22.00000 21.98977 
 20.00000 19.95820 
 20.00000 20.03303 
 17.00000 16.96725 
 19.00000 19.01379 
 20.00000 20.01281 
 18.00000 18.03367 
 22.00000 21.94169 
 21.00000 21.02423 
 18.00000 17.96962 
 21.00000 20.93417 
 18.00000 18.02192 
 23.00000 22.97487 
 18.00000 17.97237 
 22.00000 21.97414 
 18.00000 17.97801 
 17.00000 17.05176 
 22.00000 21.96981 
 23.00000 23.00346 
 23.00000 23.20082 
 19.00000 18.99318 
 21.00000 20.94319 
 23.00000 22.83905 
 21.00000 20.99233 
 20.00000 19.99561 
 19.00000 19.06381 
 23.00000 22.93632 
 18.00000 17.98658 
 18.00000 17.94092 
 22.00000 21.95575 
 19.00000 18.99502 
 17.00000 17.05254 
 22.00000 21.98236 
 22.00000 22.04227 
 19.00000 19.01731 
 22.00000 22.02729 
 18.00000 17.95590 
 22.00000 22.01259 
 21.00000 21.03507 
 23.00000 22.97511 
 23.00000 22.90788 
 18.00000 17.89667 
 18.00000 17.96164 
 18.00000 17.99826 
 19.00000 18.97814 
 21.00000 20.96214 
 21.00000 20.99998 
 23.00000 22.93898 
 20.00000 19.96742 
 22.00000 22.00557 
 21.00000 20.96037 
 22.00000 21.99987 
 21.00000 20.97008 
 18.00000 18.02961 
 20.00000 20.01631 
 20.00000 19.98801 
 20.00000 19.92172 
 18.00000 18.03243 
 18.00000 17.98990 
 19.00000 18.96909 
 22.00000 21.91297 
 20.00000 19.92815 
 19.00000 18.96949 
 22.00000 22.01001 
 21.00000 20.96813 
 23.00000 23.04102 
 19.00000 19.01705 
 21.00000 21.02073 
 22.00000 22.03799 
 23.00000 22.96360 
 20.00000 19.99341 
 18.00000 18.02427 
 20.00000 19.95280 
 21.00000 21.01517 
 19.00000 19.00853 
 18.00000 18.03613 
 22.00000 21.96051 
 22.00000 21.98888 
 17.00000 17.00484 
 18.00000 18.02836 
 23.00000 22.96611 
 18.00000 17.99267 
 23.00000 23.07662 
 18.00000 18.02857 
 22.00000 22.00094 
 21.00000 21.02458 
 20.00000 19.96086 
 21.00000 20.96554 
 21.00000 21.00319 
 21.00000 21.02522 
 19.00000 18.99816 
 20.00000 20.04007 
 22.00000 22.02748 
 19.00000 19.00893 
 20.00000 19.96911 
 17.00000 17.02060 
 21.00000 20.96969 
 18.00000 18.01710 
 21.00000 21.01993 
 22.00000 22.00761 
 19.00000 19.00989 
 17.00000 16.86822 
 18.00000 17.96535 
 21.00000 21.02120 
 17.00000 16.97500 
 17.00000 17.00269 
 22.00000 22.01094 
 19.00000 18.96242 
 22.00000 22.06553 
 20.00000 20.04924 
 19.00000 19.03356 
 19.00000 18.93082 
 17.00000 16.96717 
 19.00000 19.00546 
 19.00000 19.00339 
 17.00000 17.01597 
 20.00000 19.88085 
 17.00000 16.95493 
 20.00000 19.97103 
 21.00000 20.96912 
 19.00000 19.00960 
 21.00000 21.01863 
 18.00000 17.98172 
 22.00000 21.95226 
 19.00000 19.01539 
 22.00000 22.05682 
 22.00000 21.99456 
 18.00000 17.95264 
 19.00000 18.97729 
 20.00000 19.99177 
 22.00000 21.98519 
 23.00000 22.96117 
 21.00000 20.90717 
 20.00000 20.01458 
 22.00000 21.97859 
 20.00000 20.03650 
 21.00000 20.93286 
 18.00000 18.01826 
 20.00000 19.98551 
 22.00000 21.91680 
 23.00000 23.04297 
 20.00000 19.98530 
 20.00000 19.96770 
 20.00000 20.00985 
 22.00000 21.98914 
 21.00000 21.02013 
 18.00000 18.03399 
 23.00000 22.95871 
 21.00000 21.05904 
 22.00000 21.97262 
 20.00000 19.97734 
 17.00000 17.08919 
 21.00000 21.10403 
 21.00000 21.08266 
 19.00000 18.96378 
 18.00000 18.01845 
 20.00000 19.97346 
 20.00000 19.97004 
 22.00000 22.02973 
 19.00000 18.98547 
 22.00000 21.98113 
 20.00000 19.95454 
 22.00000 21.89288 
 19.00000 18.95649 
 18.00000 18.07114 
 17.00000 17.04097 
 22.00000 21.98889 
 21.00000 21.04859 
 22.00000 22.01686 
 21.00000 21.06307 
 18.00000 17.96723 
 17.00000 16.99207 
 17.00000 17.02027 
 19.00000 19.03645 
 18.00000 18.01573 
 18.00000 17.99389 
 17.00000 17.04896 
 20.00000 20.00334 
 23.00000 22.94582 
 21.00000 21.02072 
 20.00000 20.02409 
 18.00000 17.99319 
 20.00000 19.98847 
 22.00000 21.99594 
 22.00000 22.03421 
 19.00000 18.99730 
 18.00000 17.90190 
 18.00000 18.02997 
 21.00000 20.95346 
 19.00000 19.08650 
 20.00000 20.00678 
 18.00000 18.02026 
 18.00000 18.01305 
 22.00000 21.92383 
 21.00000 21.05020 
 23.00000 22.96028 
 22.00000 21.96151 
 20.00000 20.00019 
 21.00000 20.95850 
 18.00000 17.97866 
 20.00000 19.99169 
 21.00000 21.02593 
 20.00000 20.00788 
 22.00000 21.96698 
 19.00000 19.02242 
 19.00000 18.93226 
 21.00000 21.01418 
 19.00000 19.02046 
 21.00000 21.04773 
 22.00000 21.95349 
 23.00000 22.59234 
 20.00000 20.05254 
 22.00000 21.95665 
 23.00000 22.90071 
 22.00000 21.99479 
 18.00000 17.97521 
 20.00000 20.00737 
 22.00000 21.99965 
 18.00000 18.06208 
 20.00000 19.99734 
 23.00000 22.91958 
 19.00000 18.94694 
 17.00000 17.07837 
 19.00000 18.99530 
 17.00000 16.98704 
 22.00000 21.93600 
 21.00000 20.99477 
 21.00000 20.99249 
 22.00000 22.02352 
 22.00000 21.91419 
 19.00000 19.01171 
 22.00000 21.97158 
 18.00000 17.91951 
 21.00000 20.97424 
 20.00000 19.96253 
 18.00000 18.02739 
 22.00000 22.05124 
 21.00000 21.01428 
 22.00000 21.99674 
 23.00000 22.92331 
 22.00000 21.93887 
 19.00000 19.01690 
 18.00000 18.02829 
 18.00000 18.01563 
 17.00000 17.03000 
 23.00000 22.93433 
 22.00000 22.07117 
 20.00000 20.03805 
 22.00000 21.94979 
 20.00000 19.95259 
 19.00000 18.93512 
 21.00000 20.90166 
 20.00000 20.03416 
 19.00000 18.96429 
 22.00000 21.99000 
 18.00000 17.94475 
 18.00000 17.99424 
 19.00000 18.94487 
 22.00000 21.99607 
 22.00000 22.05148 
 19.00000 18.98987 
 22.00000 21.99038 
 19.00000 19.00872 
 21.00000 21.00778 
 20.00000 20.02539 
 18.00000 17.97377 
 19.00000 18.86999 
 22.00000 22.05384 
 20.00000 19.98771 
 21.00000 21.00740 
 20.00000 19.96254 
 21.00000 21.06286 
 18.00000 18.05444 
 19.00000 18.96241 
 22.00000 21.94584 
 18.00000 17.98360 
 19.00000 19.02621 
 19.00000 19.01239 
 20.00000 19.99759 
 22.00000 21.94310 
 19.00000 18.99972 
 22.00000 21.92965 
 21.00000 21.02321 
 21.00000 21.01975 
 17.00000 16.99057 
 22.00000 21.98539 
 19.00000 19.00159 
 21.00000 20.91044 
 20.00000 20.02000 
 19.00000 19.02314 
 18.00000 18.05457 
 17.00000 17.00678 
 17.00000 17.01475 
 22.00000 22.02116 
 18.00000 17.96200 
 18.00000 18.02235 
 18.00000 18.01050 
 21.00000 20.97940 
 23.00000 22.92010 
 21.00000 20.99126 
 19.00000 18.95326 
 21.00000 21.00221 
 21.00000 21.02498 
 22.00000 22.00941 
 23.00000 22.86459 
 19.00000 18.97984 
 19.00000 19.01096 
 22.00000 21.97540 
 18.00000 18.03357 
 18.00000 18.03375 
 22.00000 22.07105 
 17.00000 16.94808 
 21.00000 21.00647 
 23.00000 23.11405 
 18.00000 18.03782 
 21.00000 21.06247 
 22.00000 22.00796 
 19.00000 18.98037 
 22.00000 22.05027 
 18.00000 18.04147 
 23.00000 22.91360 
 22.00000 22.02826 
 17.00000 17.02904 
 18.00000 18.04061 
 19.00000 19.00640 
 21.00000 21.01621 
 23.00000 23.04903 
 22.00000 21.90981 
 22.00000 22.00431 
 18.00000 18.02987 
 23.00000 22.89366 
 18.00000 17.99973 
 22.00000 21.95003 
 22.00000 21.98401 
 21.00000 20.99900 
 22.00000 21.99537 
 23.00000 22.97562 
 18.00000 18.00126 
 19.00000 18.96245 
 18.00000 17.90812 
 22.00000 22.00536 
 19.00000 19.03474 
 20.00000 20.04095 
 22.00000 22.02876 
 23.00000 22.99173 
 20.00000 20.00143 
 22.00000 21.85974 
 22.00000 22.09672 
 23.00000 22.96669 
 18.00000 18.00278 
 20.00000 19.92321 
 17.00000 16.94798 
 20.00000 20.01932 
 22.00000 22.00891 
 22.00000 22.01883 
 23.00000 22.93997 
 18.00000 17.99168 
 20.00000 19.99741 
 19.00000 18.93869 
 21.00000 20.87303 
 21.00000 21.06442 
 19.00000 19.01015 
 18.00000 17.99576 
 21.00000 21.01546 
 23.00000 22.96460 
 20.00000 19.94838 
 22.00000 21.99425 
 22.00000 21.96152 
 21.00000 21.03092 
 22.00000 22.02148 
 21.00000 21.03037 
 18.00000 17.98354 
 19.00000 19.05767 
 20.00000 19.99528 
 19.00000 19.04467 
 19.00000 19.02897 
 20.00000 19.99318 
 19.00000 19.05253 
 19.00000 19.01000 
 19.00000 19.01330 
 17.00000 16.95386 
 19.00000 19.01520 
 19.00000 18.98593 
 22.00000 22.01708 
 20.00000 19.97787 
 19.00000 19.03637 
 18.00000 18.02305 
 17.00000 16.96245 
 20.00000 20.03940 
 20.00000 20.00479 
 18.00000 18.01457 
 22.00000 21.97522 
 17.00000 17.00357 
 18.00000 17.97784 
 23.00000 22.98046 
 18.00000 18.07484 
 21.00000 20.95164 
 21.00000 20.87253 
 21.00000 21.02372 
 23.00000 23.03323 
 18.00000 17.99955 
 19.00000 18.99314 
 21.00000 20.95781 
 20.00000 19.92208 
 21.00000 20.96342 
 18.00000 18.06134 
 17.00000 17.05421 
 17.00000 16.99068 
 20.00000 20.02346 
 21.00000 21.02529 
 22.00000 21.94053 
 19.00000 18.89846 
 20.00000 19.99948 
 21.00000 20.98375 
 21.00000 21.00934 
 21.00000 20.93424 
 18.00000 17.93907 
 22.00000 22.03570 
 22.00000 22.03138 
 20.00000 19.91704 
 20.00000 19.97308 
 20.00000 20.00482 
 17.00000 17.00976 
 22.00000 21.97054 
 21.00000 21.02935 
 20.00000 19.97041 
 19.00000 18.93310 
 21.00000 20.95270 
 22.00000 21.91794 
 20.00000 20.05499 
 22.00000 22.01820 
 19.00000 19.02514 
 22.00000 21.96541 
 17.00000 16.86015 
 19.00000 18.99298 
 20.00000 19.95721 
 20.00000 19.97395 
 18.00000 17.92206 
 21.00000 21.08834 
 18.00000 17.99509 
 21.00000 21.04739 
 18.00000 18.00192 
 19.00000 18.98570 
 17.00000 16.97502 
 20.00000 19.98880 
 23.00000 23.06100 
 23.00000 22.93195 
 19.00000 18.93869 
 18.00000 18.00592 
 19.00000 19.02182 
 17.00000 16.98809 
 23.00000 22.91326 
 20.00000 19.97756 
 17.00000 16.72424 
 19.00000 18.97753 
 20.00000 19.94541 
 21.00000 20.95383 
 19.00000 18.94477 
 20.00000 20.00155 
 21.00000 21.02410 
 21.00000 20.97753 
 19.00000 18.96137 
 20.00000 19.97196 
 21.00000 20.97979 
 19.00000 18.99938 
 22.00000 21.96540 
 18.00000 18.00316 
 21.00000 20.97989 
 20.00000 19.97944 
 22.00000 21.98284 
 19.00000 18.97061 
 20.00000 19.92279 
 19.00000 19.07759 
 19.00000 18.95338 
 18.00000 18.05220 
 18.00000 17.97862 
 18.00000 17.99495 
 17.00000 16.98911 
 19.00000 19.02458 
 18.00000 17.99281 
 18.00000 17.86543 
 17.00000 16.89334 
 23.00000 22.99448 
 18.00000 17.94724 
 22.00000 21.99420 
 19.00000 19.01546 
 19.00000 18.92435 
 23.00000 22.95427 
 23.00000 22.92126 
 22.00000 22.01113 
 19.00000 18.99233 
 20.00000 19.96407 
 20.00000 20.03344 
 21.00000 21.03867 
 19.00000 19.01814 
 22.00000 22.06101 
 20.00000 20.03107 
 18.00000 17.96453 
 19.00000 18.95090 
 18.00000 17.95835 
 22.00000 21.95810 
 22.00000 21.92949 
 18.00000 17.99503 
 23.00000 23.00979 
 19.00000 18.98192 
 18.00000 17.97534 
 23.00000 22.97168 
 22.00000 21.97009 
 19.00000 19.03590 
 22.00000 21.91239 
 18.00000 18.02914 
 20.00000 19.88198 
 18.00000 17.93285 
 18.00000 18.04139 
 18.00000 18.00664 
 20.00000 19.97596 
 18.00000 18.00530 
 22.00000 22.03041 
 19.00000 18.99429 
 18.00000 17.99919 
 20.00000 19.99047 
 18.00000 17.98041 
 22.00000 22.01165 
 23.00000 23.05694 
 18.00000 17.92967 
 18.00000 17.93817 
 20.00000 19.96546 
 22.00000 22.03251 
 20.00000 19.94913 
 20.00000 20.01310 
 21.00000 21.00430 
 17.00000 17.01769 
 18.00000 17.98875 
 22.00000 22.04161 
 19.00000 19.04941 
 18.00000 18.01311 
 18.00000 17.95592 
 18.00000 17.99251 
 22.00000 21.93386 
 20.00000 19.96284 
 21.00000 20.94854 
 19.00000 19.01693 
 23.00000 23.04236 
 18.00000 17.92965 
 21.00000 20.95267 
 22.00000 21.99205 
 20.00000 19.91680 
 22.00000 21.99067 
 19.00000 19.02737 
 19.00000 18.95508 
 19.00000 19.03633 
 20.00000 19.97250 
 18.00000 17.95430 
 20.00000 19.98775 
 21.00000 21.01961 
 17.00000 16.97765 
 19.00000 18.94351 
 22.00000 21.96423 
 18.00000 18.06158 
 20.00000 20.03500 
 18.00000 17.98961 
 23.00000 22.92621 
 18.00000 17.99713 
 20.00000 20.01669 
 19.00000 19.02003 
 19.00000 18.99826 
 19.00000 18.99749 
 19.00000 19.05627 
 19.00000 18.96284 
 19.00000 18.98023 
 18.00000 18.04972 
 20.00000 19.98967 
 19.00000 18.89917 
 21.00000 20.97665 
 20.00000 19.94479 
 20.00000 19.99002 
 19.00000 18.97041 
 18.00000 17.89808 
 23.00000 23.05991 
 23.00000 22.99913 
 22.00000 22.00485 
 18.00000 18.02449 
 18.00000 18.04862 
 20.00000 19.99802 
 19.00000 18.95801 
 19.00000 19.06874 
 21.00000 20.96530 
 22.00000 21.93029 
 21.00000 21.03615 
 19.00000 18.94442 
 21.00000 21.01238 
 19.00000 18.87767 
 23.00000 22.99127 
 19.00000 18.99077 
 17.00000 17.00374 
 22.00000 22.04664 
 17.00000 16.96167 
 18.00000 17.99865 
 19.00000 18.99532 
 21.00000 21.01853 
 23.00000 22.83960 
 18.00000 18.01881 
 20.00000 19.99938 
 22.00000 21.93856 
 21.00000 20.97748 
 21.00000 20.97838 
 23.00000 23.01134 
 23.00000 23.04205 
 22.00000 21.99875 
 17.00000 16.97531 
 19.00000 19.01656 
 20.00000 19.98445 
 18.00000 17.96109 
 19.00000 19.00509 
 20.00000 19.96750 
 22.00000 22.01709 
 20.00000 19.90896 
 18.00000 17.95636 
 19.00000 18.94710 
 23.00000 23.18405 
 18.00000 17.99114 
 17.00000 17.02762 
 21.00000 20.99634 
 22.00000 21.93697 
 18.00000 18.01749 
 20.00000 19.98682 
 19.00000 19.03125 
 18.00000 17.98859 
 22.00000 22.00797 
 22.00000 21.99295 
 18.00000 18.04561 
 22.00000 21.89181 
 17.00000 17.03802 
 23.00000 22.72914 
 17.00000 16.95638 
 18.00000 17.96215 
 21.00000 20.89337 
 23.00000 22.95644 
 20.00000 20.01244 
 19.00000 18.96644 
 22.00000 22.06592 
 20.00000 19.98593 
 23.00000 23.07138 
 17.00000 17.00117 
 23.00000 22.95242 
 20.00000 20.02826 
 22.00000 22.02432 
 21.00000 21.02122 
 20.00000 19.99065 
 18.00000 18.07909 
 18.00000 18.04300 
 18.00000 17.93791 
 19.00000 18.99846 
 17.00000 16.91439 
 23.00000 23.01431 
 21.00000 21.02371 
 21.00000 21.00766 
 19.00000 18.99803 
 19.00000 19.02103 
 19.00000 18.94942 
 23.00000 22.93514 
 21.00000 21.09509 
 19.00000 18.96091 
 19.00000 19.00279 
 19.00000 18.97103 
 21.00000 20.97921 
 19.00000 18.94322 
 23.00000 23.00451 
 17.00000 17.01398 
 21.00000 21.00389 
 19.00000 19.05183 
 18.00000 17.97182 
 19.00000 18.98760 
 20.00000 20.01435 
 23.00000 23.07741 
 22.00000 21.99810 
 19.00000 19.04267 
 18.00000 17.99928 
 18.00000 17.95480 
 20.00000 19.97209 
 18.00000 17.95812 
 19.00000 18.94358 
 23.00000 23.00067 
 20.00000 19.93133 
 23.00000 23.08979 
 23.00000 22.92766 
 23.00000 22.93884 
 23.00000 22.92259 
 19.00000 18.85110 
 19.00000 18.97796 
 19.00000 18.98541 
 18.00000 17.98838 
 20.00000 19.93343 
 18.00000 18.00339 
 19.00000 19.00843 
 20.00000 19.97945 
 18.00000 18.00118 
 18.00000 18.00555 
 18.00000 17.95720 
 22.00000 21.93825 
 21.00000 21.01248 
 17.00000 17.02915 
 20.00000 20.03703 
 19.00000 18.99052 
 18.00000 18.07788 
 18.00000 17.94322 
 18.00000 17.92989 
 17.00000 16.91048 
 19.00000 19.02572 
 18.00000 18.04332 
 21.00000 20.94374 
 20.00000 20.01551 
 22.00000 22.01023 
 22.00000 21.99986 
 22.00000 21.97678 
 17.00000 16.99708 
 18.00000 18.02760 
 19.00000 18.92597 
 21.00000 21.04655 
 21.00000 21.09748 
 18.00000 17.94729 
 22.00000 21.99886 
 21.00000 21.08978 
 21.00000 20.99668 
 19.00000 19.02251 
 17.00000 17.01861 
 20.00000 19.98134 
 23.00000 23.02757 
 19.00000 19.01837 
 20.00000 19.96889 
 19.00000 19.03906 
 22.00000 21.97746 
 23.00000 23.03211 
 19.00000 18.99936 
 21.00000 21.02527 
 22.00000 21.89528 
 21.00000 20.99459 
 22.00000 22.00997 
 19.00000 19.04621 
 20.00000 19.96952 
 19.00000 19.01911 
 22.00000 21.93576 
 20.00000 19.96083 
 18.00000 17.99916 
 22.00000 22.06590 
 19.00000 19.02283 
 23.00000 23.07254 
 19.00000 18.94365 
 20.00000 19.98399 
 22.00000 22.00812 
 21.00000 20.92136 
 17.00000 16.93085 
 20.00000 20.08288 
