 17.00000 17.04265 
 19.00000 18.96955 
 20.00000 20.05964 
 22.00000 22.03717 
 20.00000 20.06218 
 21.00000 21.02965 
 20.00000 20.04100 
 19.00000 19.06258 
 18.00000 18.03121 
 21.00000 21.03810 
 18.00000 18.02237 
 21.00000 21.01693 
 22.00000 22.04816 
 19.00000 19.03109 
 21.00000 21.05269 
 20.00000 19.97194 
 22.00000 22.00789 
 19.00000 18.97950 
 22.00000 22.05005 
 18.00000 18.02962 
 22.00000 21.98964 
 23.00000 23.04731 
 19.00000 18.99868 
 21.00000 20.99051 
 19.00000 18.81175 
 21.00000 21.02530 
 20.00000 19.97028 
 21.00000 20.98681 
 22.00000 21.99176 
 18.00000 18.01295 
 23.00000 22.99744 
 19.00000 18.97719 
 18.00000 17.95355 
 22.00000 21.99883 
 20.00000 19.96224 
 18.00000 17.94802 
 23.00000 23.01970 
 20.00000 19.96769 
 22.00000 22.05448 
 22.00000 22.02279 
 17.00000 17.11188 
 22.00000 22.00866 
 20.00000 19.99774 
 18.00000 18.03676 
 18.00000 17.88300 
 20.00000 20.01768 
 19.00000 19.00896 
 22.00000 22.02502 
 21.00000 21.02269 
 20.00000 20.02798 
 18.00000 18.04560 
 22.00000 21.99300 
 23.00000 23.02467 
 22.00000 22.01164 
 23.00000 23.03909 
 20.00000 20.02769 
 18.00000 17.94993 
 19.00000 18.98200 
 17.00000 17.01260 
 19.00000 18.97348 
 18.00000 17.96581 
 18.00000 17.92513 
 17.00000 16.98597 
 21.00000 21.01623 
 23.00000 23.03033 
 20.00000 19.98477 
 19.00000 18.96025 
 22.00000 22.04760 
 22.00000 22.02187 
 23.00000 23.00785 
 21.00000 20.99122 
 22.00000 22.03330 
 18.00000 17.99283 
 22.00000 22.02823 
 22.00000 21.99326 
 22.00000 22.01025 
 22.00000 22.00468 
 18.00000 17.97095 
 22.00000 22.01195 
 19.00000 18.93216 
 18.00000 17.95959 
 21.00000 20.97976 
 22.00000 22.00214 
 19.00000 18.96299 
 18.00000 18.01138 
 21.00000 21.07260 
 20.00000 19.96774 
 22.00000 22.02882 
 22.00000 22.05271 
 21.00000 21.02058 
 21.00000 21.01681 
 22.00000 22.03110 
 22.00000 22.01889 
 17.00000 16.96628 
 18.00000 18.01638 
 22.00000 22.06222 
 18.00000 18.02498 
 20.00000 19.98537 
 20.00000 20.02451 
 20.00000 20.03381 
 21.00000 21.06016 
 20.00000 20.00843 
 17.00000 17.00045 
 20.00000 19.97470 
 21.00000 21.00638 
 18.00000 18.00218 
 21.00000 21.00451 
 21.00000 21.03446 
 23.00000 23.02709 
 17.00000 16.97620 
 19.00000 18.95861 
 22.00000 21.99944 
 23.00000 22.99878 
 19.00000 19.01611 
 19.00000 19.00763 
 21.00000 21.05915 
 21.00000 21.02120 
 21.00000 20.89408 
 18.00000 18.09535 
 19.00000 19.02002 
 18.00000 17.95233 
 21.00000 21.02297 
 20.00000 20.01696 
 18.00000 17.97710 
 22.00000 21.98660 
 19.00000 18.98981 
 18.00000 17.94165 
 20.00000 19.94609 
 22.00000 22.01615 
 17.00000 16.94060 
 18.00000 18.00780 
 18.00000 17.94273 
 19.00000 18.93479 
 18.00000 17.99978 
 20.00000 20.02296 
 21.00000 21.04933 
 22.00000 22.00024 
 21.00000 20.99771 
 19.00000 18.96761 
 18.00000 18.04577 
 17.00000 17.03099 
 22.00000 22.00883 
 18.00000 17.98736 
 19.00000 18.96223 
 23.00000 22.99461 
 22.00000 22.06212 
 19.00000 19.00854 
 17.00000 16.91956 
 21.00000 20.99917 
 19.00000 18.98731 
 22.00000 21.97720 
 22.00000 22.00101 
 21.00000 21.07457 
 21.00000 21.00367 
 20.00000 19.99263 
 21.00000 20.98581 
 17.00000 17.00766 
 20.00000 19.98815 
 18.00000 17.97031 
 18.00000 17.90235 
 19.00000 19.03258 
 18.00000 17.96570 
 19.00000 19.01890 
 20.00000 20.00109 
 21.00000 21.02635 
 20.00000 19.99847 
 20.00000 20.09338 
 17.00000 17.03143 
 20.00000 20.01560 
 20.00000 20.00276 
 22.00000 22.03873 
 22.00000 21.99038 
 20.00000 19.99146 
 19.00000 18.99757 
 18.00000 17.95549 
 20.00000 20.02125 
 20.00000 19.99074 
 21.00000 21.03771 
 19.00000 18.98847 
 18.00000 17.98645 
 18.00000 17.98948 
 21.00000 21.01138 
 19.00000 19.04224 
 21.00000 21.03640 
 20.00000 19.98523 
 18.00000 18.04205 
 21.00000 21.00337 
 22.00000 22.00832 
 19.00000 19.08604 
 18.00000 17.98170 
 17.00000 17.07668 
 21.00000 21.02758 
 17.00000 16.95947 
 23.00000 22.99946 
 23.00000 23.00025 
 21.00000 20.98851 
 20.00000 20.02146 
 22.00000 22.01399 
 20.00000 20.03460 
 23.00000 22.97222 
 18.00000 18.00305 
 21.00000 21.07665 
 21.00000 20.98917 
 20.00000 20.01706 
 20.00000 20.05567 
 20.00000 19.99533 
 20.00000 19.99009 
 18.00000 18.01276 
 21.00000 20.95209 
 19.00000 19.04248 
 19.00000 18.98918 
 23.00000 23.04042 
 19.00000 18.94033 
 21.00000 21.01060 
 18.00000 17.95900 
 20.00000 20.02945 
 22.00000 22.02654 
 22.00000 22.09726 
 21.00000 21.03207 
 19.00000 19.00716 
 21.00000 21.02578 
 23.00000 22.95633 
 20.00000 20.01745 
 20.00000 19.97448 
 20.00000 20.01191 
 17.00000 17.04621 
 20.00000 19.99228 
 20.00000 20.02103 
 22.00000 22.02278 
 20.00000 20.06048 
 21.00000 21.02492 
 19.00000 19.04920 
 18.00000 17.95683 
 21.00000 21.01865 
 20.00000 19.94307 
 22.00000 21.99881 
 22.00000 22.01782 
 19.00000 19.00643 
 21.00000 21.03871 
 23.00000 22.96236 
 21.00000 21.00467 
 23.00000 22.99753 
 18.00000 18.02021 
 19.00000 19.04510 
 20.00000 19.99564 
 20.00000 19.99437 
 21.00000 20.99767 
 20.00000 20.02039 
 17.00000 16.95607 
 22.00000 21.99196 
 18.00000 17.98113 
 19.00000 19.02792 
 18.00000 17.97821 
 22.00000 22.05567 
 21.00000 21.03723 
 19.00000 19.08611 
 17.00000 16.98901 
 18.00000 17.94682 
 21.00000 20.98906 
 17.00000 17.00029 
 20.00000 19.96785 
 20.00000 20.03151 
 19.00000 18.98904 
 18.00000 17.81631 
 20.00000 20.00572 
 19.00000 18.99591 
 19.00000 19.00803 
 21.00000 21.00001 
 18.00000 17.92665 
 18.00000 17.95314 
 22.00000 22.04418 
 22.00000 22.01350 
 21.00000 21.02496 
 19.00000 19.00389 
 18.00000 17.96053 
 23.00000 22.99617 
 19.00000 19.00805 
 21.00000 21.01637 
 20.00000 19.98990 
 18.00000 18.03506 
 19.00000 19.00661 
 19.00000 19.00158 
 19.00000 19.01117 
 20.00000 20.01617 
 22.00000 22.05596 
 18.00000 18.00127 
 22.00000 21.97661 
 18.00000 17.98454 
 20.00000 20.00438 
 22.00000 22.06322 
 23.00000 23.07571 
 19.00000 18.96152 
 18.00000 17.98485 
 19.00000 18.96487 
 20.00000 19.99256 
 23.00000 23.04603 
 20.00000 19.99525 
 19.00000 19.00708 
 19.00000 18.95781 
 21.00000 21.02931 
 18.00000 18.01043 
 18.00000 17.95632 
 19.00000 18.97549 
 18.00000 17.94554 
 18.00000 17.96636 
 18.00000 17.99090 
 22.00000 21.99745 
 22.00000 22.00901 
 17.00000 17.00937 
 21.00000 21.03558 
 22.00000 22.01094 
 23.00000 23.05197 
 19.00000 19.00571 
 22.00000 21.99273 
 19.00000 19.01366 
 22.00000 22.01333 
 19.00000 18.99229 
 19.00000 19.00323 
 19.00000 19.00290 
 20.00000 20.01666 
 18.00000 17.95245 
 19.00000 19.02074 
 18.00000 17.97048 
 22.00000 22.00306 
 19.00000 19.01240 
 18.00000 18.02110 
 18.00000 17.98128 
 21.00000 20.99742 
 20.00000 20.00897 
 20.00000 20.01175 
 17.00000 16.96117 
 21.00000 21.03064 
 20.00000 20.04310 
 17.00000 16.96981 
 22.00000 21.94316 
 21.00000 21.05072 
 20.00000 19.97053 
 22.00000 22.07683 
 19.00000 18.99704 
 21.00000 20.97602 
 22.00000 21.96340 
 17.00000 16.95298 
 20.00000 19.97842 
 21.00000 21.01133 
 20.00000 20.00184 
 19.00000 18.89296 
 18.00000 17.97553 
 18.00000 18.03596 
 21.00000 21.02676 
 22.00000 22.06844 
 23.00000 23.05883 
 21.00000 20.95905 
 20.00000 19.97672 
 19.00000 19.00511 
 20.00000 20.00657 
 21.00000 21.09507 
 20.00000 19.96702 
 19.00000 18.90374 
 21.00000 20.99763 
 17.00000 16.99810 
 22.00000 22.01925 
 19.00000 19.01569 
 18.00000 18.00695 
 23.00000 22.97330 
 23.00000 22.98410 
 23.00000 23.04842 
 21.00000 21.07575 
 20.00000 19.93360 
 19.00000 18.98346 
 22.00000 22.00577 
 18.00000 17.92584 
 22.00000 22.04980 
 19.00000 18.99616 
 23.00000 23.06237 
 22.00000 22.02212 
 17.00000 16.94646 
 19.00000 19.02983 
 18.00000 18.01024 
 18.00000 17.98172 
 20.00000 19.96653 
 22.00000 21.97483 
 20.00000 20.01252 
 20.00000 20.01504 
 21.00000 21.03347 
 17.00000 17.03072 
 20.00000 19.94119 
 18.00000 17.98578 
 20.00000 19.94009 
 22.00000 22.05307 
 20.00000 19.99761 
 22.00000 21.98564 
 18.00000 18.03057 
 21.00000 20.98178 
 19.00000 18.97043 
 21.00000 21.01395 
 22.00000 21.97309 
 19.00000 19.03027 
 23.00000 22.99001 
 18.00000 17.96533 
 17.00000 17.02745 
 17.00000 16.97419 
 18.00000 17.98345 
 20.00000 19.98166 
 21.00000 20.99831 
 22.00000 22.10377 
 21.00000 21.03990 
 22.00000 22.02552 
 19.00000 18.97717 
 21.00000 21.01693 
 19.00000 18.82945 
 22.00000 21.99836 
 22.00000 22.03201 
 19.00000 19.02220 
 18.00000 18.00396 
 22.00000 21.89903 
 22.00000 22.03015 
 21.00000 21.00758 
 18.00000 17.98819 
 23.00000 23.07552 
 21.00000 21.07207 
 21.00000 20.97864 
 19.00000 19.01071 
 22.00000 22.03458 
 23.00000 22.96154 
 18.00000 18.00800 
 21.00000 21.01638 
 18.00000 17.98726 
 19.00000 19.02531 
 21.00000 20.99021 
 18.00000 18.00584 
 18.00000 17.95466 
 21.00000 21.01543 
 19.00000 19.02897 
 21.00000 20.97898 
 17.00000 17.00596 
 19.00000 18.99029 
 19.00000 19.03679 
 19.00000 18.95102 
 19.00000 18.98678 
 19.00000 18.98560 
 17.00000 17.03127 
 19.00000 19.00660 
 22.00000 21.99456 
 19.00000 18.98683 
 22.00000 21.99319 
 21.00000 20.96259 
 21.00000 20.96851 
 18.00000 18.01811 
 19.00000 19.01864 
 21.00000 21.04527 
 19.00000 19.01163 
 20.00000 20.04361 
 18.00000 18.01484 
 20.00000 20.00523 
 20.00000 20.02774 
 20.00000 20.01808 
 19.00000 18.95733 
 20.00000 19.97891 
 21.00000 21.01714 
 17.00000 17.00459 
 18.00000 18.00387 
 19.00000 19.02444 
 22.00000 21.91998 
 19.00000 19.02284 
 23.00000 23.03129 
 23.00000 23.06004 
 20.00000 19.99853 
 19.00000 19.00824 
 21.00000 20.93986 
 18.00000 17.98949 
 19.00000 18.98892 
 19.00000 18.99982 
 21.00000 21.03112 
 21.00000 20.99183 
 18.00000 17.97052 
 21.00000 20.98812 
 22.00000 21.96386 
 23.00000 23.04086 
 21.00000 21.02255 
 21.00000 20.97381 
 22.00000 21.99779 
 22.00000 22.02970 
 23.00000 23.03755 
 21.00000 21.01474 
 22.00000 22.05865 
 21.00000 21.00681 
 21.00000 21.00189 
 22.00000 22.01454 
 22.00000 21.99068 
 22.00000 22.01286 
 19.00000 19.00909 
 20.00000 20.01149 
 19.00000 18.98810 
 18.00000 17.96578 
 18.00000 17.96048 
 20.00000 19.98078 
 22.00000 22.02689 
 18.00000 18.03062 
 18.00000 17.83860 
 20.00000 20.03462 
 22.00000 21.94585 
 18.00000 17.98877 
 19.00000 18.98863 
 21.00000 20.97615 
 22.00000 22.01695 
 19.00000 18.99764 
 19.00000 18.95124 
 18.00000 17.99110 
 19.00000 19.03949 
 19.00000 19.01603 
 21.00000 20.97673 
 18.00000 17.97887 
 19.00000 18.98323 
 17.00000 16.93543 
 21.00000 20.98275 
 21.00000 21.00587 
 22.00000 22.02788 
 22.00000 21.99130 
 21.00000 21.00092 
 19.00000 18.94030 
 19.00000 19.03828 
 19.00000 19.04989 
 18.00000 17.99292 
 19.00000 19.01144 
 19.00000 18.97220 
 21.00000 21.06384 
 19.00000 19.04024 
 17.00000 16.99344 
 20.00000 19.99503 
 18.00000 18.04107 
 21.00000 21.04083 
 18.00000 17.98581 
 20.00000 20.05781 
 17.00000 17.01122 
 23.00000 22.99057 
 18.00000 17.99704 
 17.00000 16.92784 
 18.00000 17.95847 
 19.00000 19.02475 
 22.00000 22.06332 
 21.00000 20.97060 
 18.00000 18.02457 
 21.00000 20.99039 
 22.00000 21.97182 
 20.00000 20.01405 
 21.00000 21.04271 
 21.00000 21.00166 
 21.00000 21.00891 
 22.00000 22.06040 
 20.00000 20.01468 
 19.00000 18.96890 
 22.00000 22.00152 
 22.00000 22.04087 
 17.00000 17.04156 
 18.00000 17.96152 
 21.00000 21.09507 
 21.00000 21.01545 
 18.00000 18.00218 
 19.00000 19.00638 
 18.00000 17.99557 
 19.00000 18.99082 
 21.00000 20.96134 
 19.00000 19.00287 
 21.00000 20.97892 
 21.00000 21.00255 
 18.00000 17.96616 
 20.00000 19.98751 
 22.00000 22.04443 
 22.00000 22.04717 
 19.00000 19.02587 
 20.00000 19.96720 
 21.00000 20.94882 
 18.00000 17.98074 
 22.00000 22.02701 
 18.00000 17.94784 
 17.00000 17.02386 
 18.00000 17.99166 
 19.00000 18.99585 
 21.00000 20.98684 
 21.00000 21.05333 
 20.00000 20.01385 
 19.00000 18.90091 
 21.00000 20.98707 
 18.00000 18.01349 
 20.00000 19.97193 
 18.00000 18.00478 
 23.00000 23.03708 
 19.00000 18.96833 
 18.00000 17.99097 
 20.00000 19.98598 
 21.00000 20.98148 
 18.00000 18.00675 
 19.00000 19.03994 
 19.00000 19.01328 
 22.00000 22.01928 
 18.00000 18.12350 
 18.00000 17.99447 
 18.00000 17.91552 
 20.00000 20.03966 
 21.00000 20.98430 
 20.00000 19.98084 
 17.00000 17.00053 
 19.00000 19.02776 
 22.00000 22.06502 
 18.00000 17.97674 
 19.00000 18.96522 
 21.00000 21.02050 
 17.00000 17.01578 
 22.00000 21.98865 
 19.00000 19.03873 
 22.00000 22.03648 
 19.00000 18.93398 
 19.00000 19.02912 
 20.00000 20.03116 
 19.00000 18.97783 
 17.00000 16.90678 
 18.00000 17.99797 
 19.00000 18.98005 
 22.00000 22.01041 
 19.00000 19.00279 
 18.00000 17.99274 
 21.00000 20.99565 
 21.00000 21.01644 
 21.00000 20.98110 
 19.00000 19.00517 
 22.00000 21.98310 
 18.00000 17.97311 
 18.00000 17.98894 
 21.00000 21.07477 
 21.00000 21.05593 
 21.00000 21.03095 
 22.00000 22.05365 
 21.00000 21.03470 
 20.00000 20.02684 
 22.00000 21.98552 
 19.00000 19.02850 
 21.00000 21.00762 
 23.00000 23.03487 
 19.00000 18.99848 
 22.00000 21.94546 
 20.00000 19.97818 
 21.00000 21.02037 
 22.00000 21.96365 
 21.00000 21.03938 
 19.00000 18.97090 
 18.00000 17.96880 
 18.00000 17.95517 
 20.00000 20.06909 
 23.00000 22.97800 
 18.00000 17.92520 
 20.00000 20.04332 
 20.00000 20.06413 
 17.00000 17.03516 
 22.00000 21.99847 
 21.00000 21.01302 
 21.00000 21.01555 
 22.00000 22.04415 
 21.00000 20.97697 
 21.00000 21.06554 
 20.00000 20.04600 
 18.00000 17.99173 
 22.00000 22.03267 
 22.00000 21.97792 
 20.00000 20.00960 
 22.00000 22.04771 
 20.00000 19.99641 
 21.00000 21.01149 
 21.00000 20.99564 
 22.00000 21.98981 
 21.00000 21.02921 
 17.00000 16.99115 
 20.00000 20.02260 
 20.00000 19.99646 
 19.00000 19.01200 
 20.00000 20.00101 
 22.00000 22.01611 
 23.00000 23.04170 
 18.00000 17.99312 
 23.00000 22.98081 
 19.00000 18.98965 
 21.00000 21.01091 
 17.00000 17.04055 
 23.00000 23.04147 
 22.00000 22.00506 
 21.00000 20.94964 
 22.00000 22.06680 
 18.00000 17.95674 
 22.00000 22.05370 
 21.00000 21.00374 
 22.00000 22.00897 
 22.00000 22.06469 
 21.00000 20.99094 
 21.00000 21.04333 
 20.00000 20.01753 
 21.00000 21.02918 
 20.00000 19.97262 
 21.00000 21.00395 
 21.00000 21.02761 
 21.00000 21.02001 
 21.00000 20.98914 
 20.00000 20.06414 
 18.00000 18.03958 
 20.00000 20.00882 
 21.00000 21.07936 
 20.00000 19.96618 
 21.00000 21.03363 
 17.00000 16.97076 
 21.00000 21.00926 
 19.00000 19.01329 
 18.00000 18.00670 
 20.00000 19.97205 
 20.00000 20.01828 
 22.00000 21.98691 
 19.00000 19.00537 
 19.00000 19.02523 
 19.00000 19.06163 
 22.00000 22.03084 
 23.00000 23.00680 
 17.00000 17.07144 
 22.00000 21.99162 
 19.00000 19.01272 
 17.00000 17.01173 
 22.00000 22.02112 
 23.00000 22.99451 
 19.00000 18.96791 
 21.00000 21.06712 
 19.00000 19.03003 
 17.00000 16.91233 
 21.00000 20.97706 
 23.00000 23.04479 
 21.00000 21.02407 
 21.00000 21.00427 
 21.00000 21.01431 
 20.00000 19.93182 
 22.00000 21.99116 
 18.00000 17.98422 
 18.00000 17.98758 
 19.00000 19.00647 
 18.00000 17.99119 
 21.00000 21.03826 
 21.00000 21.00453 
 22.00000 22.04760 
 22.00000 22.02582 
 23.00000 22.98792 
 22.00000 22.04796 
 20.00000 19.99069 
 21.00000 21.03493 
 20.00000 19.97986 
 18.00000 17.98275 
 21.00000 21.00390 
 20.00000 20.02424 
 20.00000 20.07104 
 21.00000 21.03035 
 19.00000 19.01338 
 19.00000 18.96881 
 18.00000 17.96920 
 18.00000 17.92842 
 19.00000 19.01803 
 21.00000 21.01820 
 21.00000 21.00799 
 18.00000 18.01924 
 23.00000 23.01005 
 21.00000 21.00829 
 21.00000 21.00960 
 22.00000 21.99838 
 21.00000 20.98472 
 20.00000 19.96983 
 20.00000 20.01743 
 22.00000 21.98490 
 20.00000 19.95038 
 19.00000 19.00302 
 19.00000 19.03233 
 21.00000 20.99932 
 18.00000 18.05224 
 19.00000 18.96537 
 20.00000 20.01757 
 22.00000 21.97858 
 19.00000 18.99401 
 17.00000 17.00742 
 23.00000 23.04879 
 22.00000 21.97396 
 20.00000 19.99791 
 22.00000 21.89649 
 23.00000 23.05242 
 21.00000 20.98736 
 22.00000 22.09750 
 20.00000 19.99998 
 22.00000 22.04281 
 20.00000 20.02909 
 19.00000 18.97867 
 20.00000 19.97388 
 18.00000 17.98388 
 18.00000 17.96508 
 23.00000 23.07501 
 20.00000 19.95598 
 23.00000 23.04954 
 20.00000 20.00234 
 22.00000 22.05139 
 21.00000 21.04495 
 20.00000 20.01906 
 19.00000 18.95918 
 22.00000 22.03697 
 22.00000 21.96546 
 22.00000 21.98327 
 19.00000 19.04381 
 21.00000 21.03726 
 22.00000 21.98968 
 18.00000 18.01700 
 18.00000 18.02092 
 22.00000 22.00975 
 19.00000 19.07558 
 17.00000 17.01992 
 23.00000 22.98419 
 22.00000 22.03248 
 18.00000 17.95651 
 18.00000 17.99029 
 18.00000 18.00317 
 22.00000 21.98344 
 23.00000 23.00290 
 20.00000 20.01373 
 22.00000 21.97993 
 17.00000 16.98242 
 17.00000 16.97574 
 20.00000 19.97411 
 21.00000 21.11755 
 18.00000 17.97048 
 19.00000 19.02629 
 20.00000 19.99090 
 23.00000 22.98691 
 17.00000 16.97938 
 18.00000 18.05030 
 23.00000 23.00762 
 19.00000 18.99332 
 17.00000 17.01107 
 21.00000 20.97017 
 23.00000 23.01732 
 20.00000 20.01847 
 21.00000 21.04585 
 17.00000 16.99343 
 21.00000 21.01179 
 19.00000 18.97912 
 21.00000 20.99156 
 20.00000 20.00732 
 17.00000 16.94194 
 21.00000 21.04864 
 23.00000 22.99210 
 17.00000 16.98763 
 19.00000 19.02869 
 18.00000 18.00988 
 23.00000 22.98906 
 17.00000 16.99319 
 21.00000 21.00047 
 20.00000 19.96706 
 18.00000 18.05247 
 19.00000 19.00427 
 22.00000 22.01713 
 19.00000 18.98389 
 23.00000 23.01520 
 20.00000 20.01968 
 18.00000 17.86211 
 21.00000 21.00949 
 20.00000 19.98248 
 19.00000 18.98103 
 21.00000 21.02347 
 22.00000 22.05822 
 21.00000 21.04057 
 20.00000 19.97314 
 22.00000 21.98264 
 18.00000 17.97296 
 20.00000 19.98651 
 20.00000 19.98730 
 21.00000 21.01263 
 22.00000 22.00430 
 21.00000 21.03145 
 21.00000 21.01644 
 18.00000 18.01726 
 21.00000 21.01162 
 21.00000 21.03736 
 22.00000 22.01561 
 20.00000 19.99685 
 23.00000 23.02072 
 18.00000 17.99993 
 17.00000 16.93318 
 18.00000 17.91451 
 22.00000 21.98137 
 19.00000 19.01778 
 17.00000 16.96000 
 22.00000 22.01500 
 21.00000 20.97405 
 21.00000 21.00315 
 21.00000 21.02893 
 22.00000 21.99438 
 22.00000 21.99160 
 21.00000 21.01672 
 23.00000 23.00473 
 18.00000 17.99299 
 21.00000 20.95760 
 20.00000 20.04431 
 21.00000 21.00717 
 22.00000 22.04718 
 20.00000 19.98258 
 19.00000 18.98121 
 22.00000 21.98915 
 22.00000 21.93127 
 22.00000 21.99246 
 21.00000 20.99399 
 23.00000 23.04347 
 21.00000 21.02066 
 17.00000 17.00029 
 17.00000 16.96619 
 20.00000 20.01770 
 18.00000 17.92591 
 19.00000 19.00127 
 20.00000 20.00001 
 19.00000 19.02738 
 21.00000 21.01704 
 21.00000 20.96925 
 20.00000 20.04242 
 21.00000 20.99715 
 21.00000 20.98245 
 17.00000 16.93939 
 20.00000 19.99735 
 23.00000 23.02100 
 21.00000 21.01502 
 22.00000 22.00223 
 20.00000 20.00996 
 21.00000 21.04866 
 22.00000 22.03839 
 22.00000 21.96371 
 23.00000 23.00012 
 22.00000 22.02501 
 21.00000 20.99882 
 23.00000 23.06088 
 19.00000 18.96734 
 22.00000 22.04055 
 20.00000 19.98989 
 22.00000 21.97991 
 22.00000 21.98488 
 21.00000 21.01704 
 19.00000 19.04529 
 21.00000 20.99480 
 20.00000 20.03813 
 22.00000 22.05396 
 21.00000 21.02819 
 18.00000 18.02317 
 20.00000 19.99994 
 22.00000 21.99451 
 21.00000 21.00842 
 22.00000 22.02078 
 18.00000 17.97985 
 19.00000 18.98048 
 20.00000 20.00004 
 21.00000 20.98993 
 19.00000 18.96438 
 19.00000 19.00645 
 21.00000 21.09550 
 20.00000 20.00936 
 22.00000 22.02282 
 20.00000 19.98315 
 21.00000 21.02002 
 19.00000 18.97891 
 21.00000 20.94111 
 18.00000 18.00334 
 21.00000 21.03665 
 20.00000 19.99844 
 20.00000 19.99998 
 21.00000 20.99704 
 21.00000 20.99990 
 20.00000 20.02661 
 19.00000 19.00594 
 17.00000 17.01170 
 21.00000 20.99116 
 21.00000 20.98898 
 21.00000 20.99270 
 17.00000 16.95960 
 21.00000 21.01255 
 21.00000 21.00833 
 20.00000 19.97216 
 17.00000 16.98902 
 18.00000 17.94602 
 18.00000 17.95248 
 19.00000 19.03418 
 20.00000 19.99140 
 17.00000 16.96112 
 18.00000 17.98398 
 19.00000 18.97931 
 20.00000 20.01377 
 22.00000 22.04729 
 17.00000 16.96110 
 23.00000 23.05634 
 21.00000 20.99531 
 19.00000 18.98247 
 18.00000 17.99680 
 19.00000 18.99475 
 22.00000 21.98864 
 19.00000 19.02358 
 19.00000 18.98772 
 22.00000 22.04463 
 19.00000 18.97707 
 21.00000 21.01211 
 20.00000 19.99754 
 19.00000 18.96327 
 17.00000 17.02653 
 19.00000 19.00175 
 17.00000 16.99675 
 20.00000 19.84369 
 18.00000 17.97375 
 19.00000 18.88799 
 18.00000 17.97155 
 18.00000 17.98802 
 22.00000 22.05006 
 22.00000 22.00879 
 21.00000 21.02629 
 18.00000 17.94156 
 20.00000 19.96705 
 23.00000 23.03332 
 21.00000 21.02298 
 19.00000 19.00440 
 19.00000 19.00004 
 21.00000 21.03949 
 21.00000 20.98423 
 21.00000 20.97262 
 18.00000 18.03791 
 17.00000 17.00423 
 19.00000 19.00819 
 21.00000 21.03407 
 22.00000 22.01252 
 20.00000 19.99454 
 21.00000 21.01203 
 20.00000 19.98622 
 19.00000 18.98285 
 17.00000 16.96532 
 22.00000 21.96131 
 18.00000 17.98420 
 18.00000 18.01315 
 21.00000 21.01347 
 20.00000 20.03279 
 18.00000 17.98924 
 17.00000 16.97839 
 19.00000 19.00081 
 17.00000 16.92423 
 21.00000 21.02314 
 20.00000 20.01944 
 18.00000 18.02662 
 19.00000 19.02968 
 18.00000 17.93939 
 22.00000 22.02413 
 19.00000 19.00916 
 17.00000 16.97755 
 21.00000 21.00524 
 21.00000 21.05486 
 21.00000 21.01648 
 21.00000 20.98224 
 17.00000 16.94597 
 20.00000 19.98059 
 20.00000 20.02869 
 19.00000 19.01720 
 23.00000 23.00678 
 20.00000 20.02811 
 19.00000 18.99280 
 20.00000 20.07210 
 18.00000 18.02568 
 19.00000 18.99250 
 18.00000 17.98354 
 18.00000 17.98327 
 17.00000 16.90893 
 21.00000 21.06805 
 22.00000 22.01780 
 19.00000 18.93617 
 21.00000 21.05385 
 21.00000 21.02247 
 19.00000 19.01287 
 18.00000 18.01378 
 18.00000 18.01445 
 19.00000 19.00189 
 18.00000 18.00214 
 18.00000 17.96824 
 22.00000 22.00523 
 22.00000 21.97820 
 18.00000 18.02115 
 18.00000 18.01922 
 20.00000 20.00192 
 18.00000 18.01336 
 20.00000 19.97764 
 23.00000 23.04345 
 18.00000 17.94830 
 19.00000 19.04413 
 23.00000 22.94465 
 20.00000 20.03631 
 21.00000 21.05644 
 22.00000 21.97505 
 19.00000 18.99191 
 22.00000 22.10422 
 22.00000 22.02597 
 20.00000 19.97659 
 22.00000 22.00526 
 22.00000 22.01018 
 18.00000 18.02421 
 19.00000 19.01987 
 17.00000 16.96216 
 21.00000 20.99035 
 21.00000 21.02330 
 20.00000 19.96812 
 19.00000 18.96433 
 21.00000 20.99913 
 23.00000 23.03487 
 19.00000 19.03984 
 20.00000 20.02425 
 21.00000 21.02815 
 18.00000 17.97622 
 22.00000 22.02287 
 19.00000 19.04660 
 18.00000 17.96384 
 22.00000 22.02981 
 20.00000 20.00239 
 22.00000 22.01621 
 23.00000 22.97464 
 19.00000 18.98128 
 21.00000 21.01758 
 22.00000 22.01841 
 21.00000 20.97255 
 23.00000 22.98523 
 18.00000 17.98551 
 23.00000 22.73703 
 18.00000 17.97534 
 22.00000 22.06678 
 19.00000 19.01790 
 20.00000 19.96259 
 20.00000 20.00563 
 21.00000 20.98808 
 20.00000 20.01261 
 18.00000 18.01374 
 21.00000 21.01343 
 19.00000 18.96439 
 20.00000 20.04355 
 18.00000 17.98032 
 18.00000 18.02790 
 22.00000 22.01464 
 19.00000 18.99642 
 19.00000 18.98840 
 21.00000 20.99219 
 23.00000 23.02687 
 17.00000 17.04110 
 18.00000 17.99049 
 18.00000 17.99677 
 20.00000 19.98333 
 20.00000 20.06360 
 21.00000 21.02076 
 21.00000 20.92424 
 17.00000 16.99106 
 21.00000 21.01034 
 21.00000 21.01261 
 19.00000 18.98977 
 20.00000 20.06024 
 23.00000 22.98387 
 20.00000 20.01451 
 21.00000 20.99462 
 22.00000 22.05106 
 22.00000 22.00421 
 19.00000 19.00985 
 19.00000 19.04090 
 19.00000 18.96759 
 21.00000 21.00290 
 21.00000 21.01127 
 19.00000 18.98186 
 18.00000 17.98481 
 20.00000 19.97213 
 21.00000 20.99594 
 18.00000 17.95734 
 20.00000 20.00022 
 21.00000 21.02846 
 22.00000 21.90902 
 18.00000 17.92610 
 19.00000 19.03890 
 17.00000 16.98125 
 18.00000 17.93284 
 19.00000 19.02342 
 21.00000 21.08288 
 21.00000 21.03300 
 22.00000 21.98798 
 20.00000 20.02374 
 20.00000 20.00327 
 21.00000 21.03570 
 20.00000 19.96190 
 19.00000 19.02903 
 18.00000 17.95438 
 19.00000 18.94862 
 22.00000 22.05494 
 22.00000 21.99062 
 17.00000 16.95716 
 19.00000 19.10899 
 23.00000 23.08746 
 19.00000 19.02903 
 22.00000 21.97942 
 18.00000 17.99145 
 18.00000 17.94809 
 21.00000 21.02877 
 20.00000 19.99120 
 18.00000 18.01723 
 22.00000 22.03116 
 23.00000 23.00217 
 21.00000 21.03910 
 22.00000 21.99866 
 19.00000 19.08678 
 22.00000 21.99959 
 22.00000 21.99813 
 18.00000 17.97708 
 20.00000 20.00236 
 21.00000 20.99452 
 20.00000 20.03333 
 22.00000 21.97406 
 22.00000 22.07045 
 20.00000 20.02729 
 18.00000 17.99322 
 18.00000 18.00226 
 21.00000 20.98131 
 21.00000 21.05968 
 19.00000 18.98461 
 19.00000 18.96371 
 21.00000 21.04068 
 18.00000 17.99458 
 20.00000 20.03088 
 19.00000 19.05249 
 18.00000 18.03667 
 18.00000 18.03809 
 22.00000 22.07697 
 21.00000 21.01670 
 21.00000 21.02663 
 17.00000 16.89539 
 20.00000 20.00966 
 21.00000 21.07213 
 18.00000 17.92584 
 19.00000 18.99918 
 21.00000 21.00607 
 19.00000 19.03650 
 18.00000 17.97186 
 19.00000 18.93584 
 23.00000 23.06047 
 18.00000 18.04383 
 21.00000 20.99346 
 18.00000 17.98985 
 20.00000 19.97658 
 22.00000 21.90850 
 18.00000 18.00450 
 18.00000 17.98619 
 21.00000 21.00890 
 20.00000 20.07363 
 20.00000 19.98234 
 20.00000 19.99820 
 21.00000 21.01207 
 22.00000 21.98890 
 19.00000 19.00957 
 23.00000 23.01973 
 22.00000 22.04743 
 22.00000 22.00512 
 19.00000 18.99095 
 17.00000 16.95100 
 20.00000 20.01285 
 20.00000 19.97606 
 19.00000 18.95112 
 23.00000 22.98944 
 19.00000 19.04259 
 19.00000 19.02329 
 21.00000 21.00855 
 21.00000 21.01264 
 22.00000 22.00621 
 22.00000 22.05336 
 22.00000 21.98552 
 18.00000 17.98071 
 17.00000 16.97805 
 18.00000 17.98282 
 22.00000 21.96526 
 18.00000 17.99881 
 19.00000 18.98669 
 22.00000 22.00288 
 21.00000 21.02519 
 19.00000 18.98121 
 21.00000 21.01073 
 22.00000 22.00786 
 19.00000 18.96621 
 21.00000 20.98814 
 17.00000 16.97469 
 21.00000 20.98306 
 20.00000 20.00212 
 23.00000 23.01396 
 19.00000 19.01834 
 20.00000 20.03876 
 19.00000 19.01680 
 23.00000 22.99870 
 22.00000 21.98290 
 19.00000 19.04298 
 19.00000 19.00975 
 18.00000 17.97690 
 18.00000 18.02513 
 17.00000 16.99666 
 22.00000 21.98105 
 21.00000 20.97587 
 22.00000 21.98727 
 20.00000 19.99210 
 22.00000 22.02733 
 19.00000 19.02434 
 19.00000 19.01906 
 22.00000 22.00022 
 20.00000 20.04522 
 20.00000 20.02923 
 22.00000 21.97285 
 19.00000 18.98489 
 19.00000 19.04670 
 19.00000 19.05335 
 22.00000 22.05757 
 19.00000 18.99067 
 22.00000 21.97003 
 19.00000 19.04545 
 19.00000 18.99540 
 22.00000 22.07351 
 17.00000 16.96590 
 18.00000 18.01784 
 21.00000 21.03532 
 18.00000 17.96879 
 18.00000 18.01256 
 20.00000 20.02883 
 23.00000 22.91326 
 19.00000 19.03613 
 22.00000 22.01383 
 19.00000 19.00436 
 20.00000 20.03227 
 18.00000 18.04251 
 21.00000 21.00290 
 20.00000 20.00956 
 21.00000 20.99861 
 23.00000 23.03898 
 19.00000 18.98275 
 19.00000 18.99121 
 22.00000 21.99649 
 17.00000 17.00749 
 19.00000 19.00072 
 19.00000 19.00698 
 20.00000 20.00219 
 21.00000 20.98405 
 20.00000 20.01649 
 22.00000 22.00309 
 18.00000 17.98974 
 19.00000 18.99055 
 17.00000 16.98848 
 20.00000 19.99802 
 23.00000 23.02210 
 18.00000 18.00134 
 22.00000 22.01132 
 17.00000 17.04878 
 20.00000 19.99441 
 21.00000 20.99107 
 19.00000 18.99261 
 18.00000 17.95733 
 20.00000 20.02418 
 19.00000 18.89687 
 23.00000 22.99806 
 23.00000 22.96439 
 20.00000 20.00641 
 19.00000 19.01515 
 21.00000 21.00807 
 22.00000 22.10230 
 20.00000 19.97723 
 21.00000 21.06348 
 18.00000 17.96985 
 21.00000 21.02356 
 19.00000 19.01115 
 21.00000 21.00633 
 22.00000 21.96944 
 22.00000 22.05332 
 21.00000 21.05446 
 22.00000 22.04258 
 18.00000 17.91435 
 20.00000 20.06824 
 20.00000 19.98737 
 21.00000 20.99597 
 22.00000 22.01525 
 19.00000 18.97389 
 18.00000 18.00581 
 21.00000 21.02589 
 20.00000 19.99493 
 20.00000 19.97765 
 20.00000 19.97411 
 19.00000 19.02763 
 20.00000 19.99027 
 18.00000 18.00807 
 19.00000 19.00427 
 22.00000 21.98255 
 22.00000 22.01050 
 22.00000 21.99022 
 22.00000 22.04960 
 22.00000 22.04045 
 19.00000 19.05725 
 20.00000 20.02129 
 18.00000 18.00312 
 18.00000 17.95224 
 20.00000 19.98297 
 22.00000 21.99630 
 21.00000 20.97082 
 21.00000 21.04142 
 18.00000 18.01052 
 18.00000 18.00919 
 22.00000 22.01673 
 21.00000 21.09319 
 19.00000 19.02313 
 18.00000 18.02068 
 21.00000 21.02869 
 22.00000 22.04491 
 18.00000 17.98860 
 18.00000 17.96769 
 21.00000 21.01963 
 22.00000 22.02073 
 17.00000 16.97510 
 17.00000 16.92931 
 18.00000 17.82407 
 21.00000 21.00498 
 20.00000 20.02663 
 20.00000 20.03019 
 21.00000 20.97761 
 22.00000 22.02613 
 21.00000 21.03779 
 21.00000 21.02665 
 20.00000 19.95223 
 17.00000 16.94236 
 22.00000 22.02284 
 21.00000 21.01410 
 21.00000 20.96774 
 18.00000 18.00645 
 22.00000 22.02950 
 18.00000 17.99213 
 22.00000 22.06625 
 22.00000 22.01796 
 23.00000 23.04985 
 17.00000 16.98295 
 21.00000 21.08094 
 23.00000 23.03504 
 22.00000 22.00346 
 22.00000 22.03503 
 22.00000 22.00742 
 22.00000 22.00484 
 22.00000 22.03683 
 22.00000 21.96609 
 22.00000 22.01053 
 21.00000 21.00521 
 20.00000 20.03980 
 23.00000 23.00651 
 18.00000 17.99192 
 23.00000 23.03963 
 21.00000 20.96630 
 21.00000 21.02685 
 18.00000 18.02975 
 20.00000 19.98238 
 21.00000 20.99056 
 22.00000 22.01974 
 23.00000 23.04600 
 20.00000 20.02967 
 18.00000 17.98421 
 22.00000 22.01643 
 19.00000 19.00809 
 21.00000 20.96574 
 18.00000 17.96604 
 20.00000 19.96416 
 20.00000 20.09015 
 17.00000 17.03213 
 18.00000 17.96674 
 23.00000 23.00876 
 19.00000 18.98447 
 21.00000 20.96228 
 21.00000 21.04707 
 19.00000 19.03167 
 21.00000 21.01417 
 22.00000 21.97535 
 17.00000 17.04317 
 21.00000 20.97641 
 17.00000 17.02160 
 20.00000 20.01943 
 21.00000 21.02205 
 17.00000 17.01096 
 21.00000 21.03403 
 20.00000 20.11081 
 21.00000 21.03466 
 19.00000 19.00454 
 19.00000 19.04254 
 18.00000 17.98282 
 21.00000 20.99321 
 20.00000 19.98811 
 19.00000 18.97568 
 21.00000 20.98208 
 21.00000 21.04212 
 18.00000 17.98176 
 18.00000 18.02207 
 23.00000 22.99834 
 19.00000 19.04006 
 18.00000 18.00364 
 22.00000 22.04275 
 22.00000 22.02833 
 22.00000 22.02729 
 21.00000 21.03643 
 23.00000 22.97923 
 21.00000 21.02823 
 18.00000 18.01965 
 20.00000 20.03477 
 19.00000 19.02195 
 18.00000 17.85479 
 19.00000 19.01946 
 20.00000 20.02280 
 21.00000 20.98424 
 19.00000 18.94688 
 17.00000 16.93769 
 20.00000 19.99503 
 20.00000 20.01367 
 18.00000 17.98378 
 21.00000 20.99578 
 19.00000 18.96134 
 18.00000 17.96236 
 20.00000 20.02212 
 23.00000 23.01723 
 22.00000 22.03300 
 21.00000 20.96591 
 18.00000 17.94620 
 22.00000 22.03254 
 21.00000 20.98439 
 19.00000 19.01889 
 20.00000 19.97874 
 21.00000 20.99903 
 20.00000 20.02745 
 21.00000 20.99061 
 20.00000 20.04407 
 17.00000 16.99055 
 17.00000 16.97048 
 20.00000 19.97553 
 21.00000 21.02229 
 20.00000 19.98892 
 20.00000 19.98696 
 21.00000 20.97399 
 21.00000 21.03318 
 22.00000 22.02142 
 19.00000 18.99010 
 22.00000 22.01879 
 23.00000 23.00767 
 17.00000 16.95909 
 21.00000 20.99659 
 20.00000 20.03670 
 20.00000 20.00317 
 20.00000 20.00568 
 17.00000 16.97697 
 22.00000 22.01850 
 22.00000 22.06250 
 18.00000 17.95414 
 21.00000 21.02027 
 18.00000 17.99363 
 21.00000 20.98980 
 17.00000 17.03095 
 18.00000 18.00001 
 21.00000 20.96755 
 19.00000 18.92911 
 17.00000 17.01810 
 21.00000 21.04142 
 20.00000 20.00434 
 21.00000 21.00131 
 19.00000 18.98440 
 20.00000 20.03813 
 20.00000 20.02925 
 21.00000 21.01905 
 23.00000 23.02345 
 20.00000 20.06598 
 19.00000 19.00664 
 22.00000 22.00929 
 21.00000 21.02690 
 21.00000 21.03381 
 23.00000 23.02476 
 18.00000 18.00063 
 17.00000 16.84849 
 18.00000 18.00365 
 22.00000 21.97177 
 18.00000 18.03918 
 21.00000 21.09161 
 18.00000 18.00745 
 19.00000 18.94077 
 17.00000 16.97958 
 21.00000 20.97534 
 21.00000 21.00071 
 18.00000 17.96022 
 21.00000 21.00945 
 22.00000 22.05716 
 21.00000 20.95845 
 21.00000 21.04300 
 19.00000 19.00970 
 19.00000 19.02401 
 23.00000 23.03290 
 21.00000 20.97085 
 21.00000 21.04631 
 23.00000 23.06277 
 21.00000 21.02646 
 18.00000 17.97401 
 22.00000 21.95309 
 19.00000 19.03272 
 19.00000 18.96370 
 17.00000 16.94278 
 19.00000 19.02104 
 22.00000 22.03605 
 19.00000 18.97526 
 21.00000 21.03277 
 17.00000 17.04598 
 19.00000 19.04029 
 21.00000 20.99694 
 22.00000 22.02021 
 17.00000 16.99762 
 21.00000 20.97355 
 18.00000 17.98834 
 18.00000 17.98586 
 21.00000 21.01398 
 19.00000 18.99321 
 23.00000 23.04595 
 17.00000 17.02092 
 18.00000 18.03146 
 22.00000 21.98351 
 20.00000 20.01908 
 18.00000 18.01554 
 23.00000 22.98461 
 19.00000 18.94844 
 21.00000 20.95884 
 21.00000 20.98049 
 20.00000 20.00558 
 19.00000 18.98047 
 18.00000 17.99887 
 19.00000 18.94805 
 22.00000 22.00426 
 21.00000 21.06798 
 19.00000 18.98859 
 21.00000 21.02243 
 20.00000 19.97670 
 20.00000 19.99478 
 20.00000 20.00334 
 21.00000 20.98279 
 22.00000 22.01357 
 21.00000 21.03045 
 18.00000 17.94770 
 21.00000 21.03119 
 18.00000 17.97602 
 18.00000 18.00286 
 18.00000 17.97947 
 21.00000 21.04940 
 21.00000 21.05588 
 21.00000 21.00271 
 19.00000 18.99060 
 19.00000 18.96588 
 21.00000 21.00639 
 21.00000 21.00541 
 19.00000 19.01127 
 18.00000 17.98970 
 21.00000 21.01217 
 22.00000 22.04965 
 18.00000 18.01719 
 19.00000 19.00220 
 20.00000 20.00461 
 21.00000 21.00869 
 19.00000 19.03593 
 22.00000 22.01929 
 18.00000 17.95917 
 20.00000 19.96892 
 18.00000 17.98930 
 19.00000 19.01024 
 21.00000 21.06538 
 20.00000 19.97735 
 20.00000 19.95083 
 21.00000 21.03916 
 20.00000 19.99517 
 22.00000 22.03265 
 21.00000 21.03443 
 19.00000 18.92073 
 17.00000 17.00342 
 18.00000 17.99077 
 19.00000 18.98210 
 18.00000 17.95540 
 21.00000 20.95207 
 18.00000 18.01152 
 22.00000 21.91477 
 20.00000 20.02324 
 22.00000 22.01347 
 17.00000 17.00874 
 20.00000 19.97077 
 18.00000 18.01801 
 18.00000 18.02790 
 22.00000 22.02132 
 22.00000 21.90671 
 19.00000 19.04909 
 22.00000 22.02550 
 18.00000 18.02102 
 21.00000 21.01465 
 18.00000 18.00754 
 20.00000 20.03077 
 20.00000 19.94050 
 21.00000 21.00735 
 20.00000 19.98396 
 20.00000 20.06514 
 23.00000 23.04913 
 18.00000 17.93612 
 21.00000 21.02089 
 23.00000 22.94891 
 18.00000 17.91600 
 22.00000 21.96954 
 17.00000 16.91166 
 22.00000 22.04339 
 21.00000 21.04253 
 19.00000 18.95742 
 18.00000 17.92803 
 23.00000 23.08909 
 20.00000 20.03140 
 20.00000 19.99851 
 18.00000 17.95294 
 18.00000 17.97874 
 20.00000 20.02134 
 18.00000 17.96260 
 21.00000 21.02255 
 20.00000 19.97413 
 20.00000 20.03382 
 19.00000 19.02848 
 23.00000 22.95997 
 22.00000 22.04223 
 22.00000 21.93525 
 20.00000 20.00560 
 21.00000 21.00272 
 21.00000 21.00445 
 19.00000 18.97059 
 17.00000 17.00147 
 21.00000 20.94738 
 19.00000 18.97268 
 22.00000 21.90249 
 20.00000 19.95950 
 19.00000 18.97494 
 18.00000 18.00865 
 22.00000 22.03543 
 18.00000 18.00444 
 22.00000 21.97534 
 18.00000 17.94759 
 23.00000 23.02575 
 22.00000 22.00937 
 21.00000 21.04131 
 22.00000 22.00679 
 17.00000 17.01845 
 22.00000 22.01543 
 21.00000 21.02769 
 17.00000 16.97480 
 22.00000 21.98308 
 19.00000 19.03588 
 20.00000 20.01927 
 17.00000 16.91256 
 20.00000 20.00788 
 22.00000 22.09688 
 18.00000 17.97891 
 20.00000 20.03842 
 18.00000 18.00745 
 20.00000 19.98560 
 21.00000 20.99056 
 22.00000 22.03902 
 19.00000 18.92424 
 21.00000 21.03000 
 18.00000 18.01942 
 18.00000 17.96555 
 21.00000 21.00922 
 22.00000 21.92764 
 21.00000 21.01245 
 21.00000 21.02473 
 20.00000 20.02217 
 20.00000 19.97006 
 22.00000 21.98817 
 22.00000 21.97304 
 22.00000 22.05028 
 21.00000 21.00072 
 21.00000 20.99942 
 20.00000 20.01204 
 21.00000 21.14198 
 21.00000 21.04144 
 20.00000 20.06339 
 21.00000 21.04010 
 17.00000 17.01603 
 22.00000 22.03900 
 19.00000 19.01056 
 23.00000 22.99563 
 19.00000 19.01177 
 17.00000 16.97052 
 19.00000 18.98661 
 20.00000 20.04892 
 22.00000 21.89015 
 22.00000 22.01661 
 20.00000 20.01460 
 22.00000 22.01104 
 21.00000 21.00924 
 19.00000 19.05434 
 21.00000 20.99418 
 21.00000 20.98485 
 18.00000 18.00994 
 21.00000 20.96514 
 17.00000 16.96850 
 18.00000 17.99109 
 21.00000 21.04535 
 21.00000 21.07106 
 19.00000 18.97920 
 20.00000 19.97838 
 18.00000 18.06317 
 22.00000 22.02765 
 21.00000 21.03926 
 21.00000 20.99660 
 18.00000 17.94195 
 18.00000 17.97668 
 17.00000 16.97541 
 23.00000 23.01175 
 19.00000 18.99647 
 22.00000 22.05092 
 19.00000 19.00936 
 17.00000 16.99646 
 18.00000 18.03697 
 21.00000 21.00918 
 20.00000 19.97950 
 22.00000 22.02768 
 22.00000 22.01346 
 21.00000 20.99006 
 18.00000 17.97011 
 18.00000 17.95828 
 21.00000 20.98710 
 19.00000 18.99743 
 18.00000 18.00957 
 19.00000 19.04114 
 19.00000 19.00180 
 18.00000 17.95005 
 20.00000 20.00297 
 20.00000 19.96513 
 18.00000 17.98864 
 20.00000 20.02218 
 18.00000 17.92315 
 20.00000 19.95686 
 18.00000 17.96367 
 18.00000 18.00486 
 19.00000 19.00057 
 20.00000 19.95997 
 22.00000 21.96259 
 22.00000 22.00817 
 18.00000 18.01866 
 21.00000 21.01278 
 21.00000 21.01165 
 18.00000 17.97506 
 22.00000 22.04511 
 21.00000 20.96670 
 21.00000 21.05156 
 19.00000 19.03697 
 20.00000 20.01196 
 21.00000 21.00901 
 17.00000 17.02017 
 21.00000 20.99434 
 20.00000 19.97977 
 22.00000 22.04287 
 21.00000 21.02615 
 20.00000 19.99873 
 22.00000 22.00744 
 19.00000 18.97429 
 22.00000 22.02857 
 22.00000 22.07752 
 19.00000 19.00733 
 23.00000 23.01345 
 22.00000 22.00741 
 17.00000 16.92471 
 19.00000 19.01355 
 22.00000 21.97203 
 22.00000 21.97921 
 21.00000 20.98922 
 22.00000 22.04269 
 18.00000 17.98029 
 20.00000 19.98443 
 18.00000 17.95939 
 19.00000 19.02942 
 21.00000 21.15776 
 19.00000 18.96152 
 20.00000 19.98082 
 17.00000 16.97182 
 19.00000 18.94587 
 21.00000 20.88122 
 22.00000 21.99694 
 19.00000 19.00549 
 22.00000 22.02133 
 18.00000 18.02091 
 22.00000 21.96776 
 17.00000 17.00152 
 20.00000 20.04909 
 20.00000 19.96738 
 17.00000 16.95718 
 23.00000 22.96437 
 21.00000 21.03497 
 19.00000 19.01001 
 22.00000 21.98945 
 19.00000 19.02927 
 19.00000 18.99122 
 19.00000 18.97964 
 23.00000 23.05309 
 19.00000 18.98336 
 19.00000 19.01395 
 20.00000 20.02780 
 22.00000 22.00290 
 22.00000 21.99477 
 19.00000 19.02717 
 23.00000 23.03485 
 18.00000 17.99006 
 17.00000 16.96649 
 21.00000 20.99266 
 19.00000 19.08654 
 19.00000 18.98170 
 19.00000 18.98187 
 22.00000 21.98146 
 21.00000 21.01673 
 21.00000 21.07570 
 21.00000 21.02162 
 19.00000 19.01161 
 19.00000 19.00114 
 20.00000 19.96197 
 21.00000 21.00422 
 19.00000 18.94954 
 18.00000 18.00992 
 23.00000 22.90045 
 20.00000 19.94860 
 21.00000 21.03019 
 22.00000 22.02137 
 19.00000 19.01681 
 18.00000 18.01570 
 22.00000 22.00865 
 21.00000 20.97087 
 19.00000 18.99912 
 20.00000 20.01156 
 21.00000 21.05831 
 22.00000 22.03403 
 18.00000 17.98784 
 21.00000 21.01516 
 21.00000 21.00128 
 19.00000 18.97053 
 18.00000 17.99888 
 19.00000 19.01209 
 23.00000 22.98975 
 22.00000 21.99913 
 22.00000 21.98465 
 20.00000 19.96324 
 17.00000 16.95441 
 22.00000 22.06738 
 23.00000 23.01695 
 21.00000 21.03343 
 18.00000 18.02874 
 20.00000 20.00909 
 21.00000 21.04439 
 19.00000 18.94860 
 22.00000 22.04777 
 19.00000 18.94494 
 20.00000 20.02309 
 22.00000 21.99813 
 22.00000 22.03155 
 19.00000 19.09018 
 23.00000 23.01526 
 22.00000 22.03645 
 23.00000 22.97825 
 18.00000 18.01002 
 19.00000 19.02565 
 21.00000 21.02183 
 19.00000 19.01674 
 21.00000 21.01047 
 17.00000 16.97222 
 22.00000 21.97017 
 23.00000 22.94330 
 22.00000 22.03812 
 19.00000 18.96461 
 21.00000 20.96051 
 21.00000 21.05771 
 20.00000 20.03408 
 19.00000 18.97679 
 20.00000 19.97928 
 21.00000 20.99576 
 19.00000 18.98766 
 21.00000 20.96871 
 21.00000 20.99361 
 21.00000 20.96729 
 22.00000 22.04356 
 17.00000 17.02464 
 20.00000 20.03981 
 17.00000 17.02173 
 21.00000 21.03886 
 21.00000 21.04141 
 22.00000 21.98014 
 21.00000 21.00530 
 22.00000 22.05350 
 17.00000 16.98318 
 19.00000 19.01424 
 21.00000 21.00148 
 22.00000 22.01937 
 21.00000 21.02114 
 22.00000 21.86228 
 19.00000 18.98246 
 23.00000 23.03275 
 22.00000 21.98734 
 18.00000 17.95972 
 18.00000 17.96815 
 20.00000 20.05449 
 22.00000 22.00163 
 21.00000 20.82038 
 21.00000 21.03665 
 19.00000 18.95963 
 21.00000 20.97105 
 21.00000 21.02364 
 19.00000 18.99934 
 21.00000 21.02848 
 18.00000 18.02544 
 19.00000 19.02708 
 20.00000 20.00857 
 20.00000 20.03315 
 23.00000 22.97606 
 20.00000 19.96395 
 22.00000 21.99423 
 21.00000 21.05208 
 22.00000 22.01444 
 20.00000 19.98898 
 18.00000 17.97898 
 22.00000 22.00074 
 21.00000 21.05163 
 18.00000 17.98957 
 19.00000 19.01152 
 21.00000 21.03064 
 23.00000 23.03376 
 20.00000 20.06093 
 19.00000 19.03827 
 21.00000 21.00299 
 18.00000 18.03246 
 22.00000 21.99963 
 22.00000 22.05455 
 20.00000 20.00728 
 20.00000 20.00140 
 19.00000 19.01626 
 20.00000 20.05622 
 19.00000 19.02392 
 17.00000 16.99799 
 18.00000 18.02927 
 18.00000 18.00141 
 21.00000 21.08012 
 21.00000 20.98504 
 18.00000 17.97078 
 22.00000 21.98688 
 17.00000 16.95733 
 20.00000 19.98199 
 18.00000 18.01264 
 19.00000 19.04189 
 21.00000 21.03888 
 20.00000 19.95866 
 21.00000 21.03792 
 22.00000 21.99953 
 19.00000 18.98669 
 19.00000 18.95875 
 19.00000 19.00517 
 23.00000 23.03910 
 18.00000 18.01622 
 21.00000 21.02430 
 22.00000 22.05864 
 22.00000 22.03120 
 20.00000 20.01448 
 18.00000 18.03314 
 20.00000 20.02079 
 20.00000 19.99829 
 21.00000 21.01913 
 19.00000 18.97595 
 19.00000 19.01222 
 21.00000 21.00530 
 18.00000 17.95917 
 18.00000 17.98363 
 19.00000 18.92115 
 22.00000 22.05930 
 22.00000 22.04634 
 19.00000 19.05724 
 20.00000 20.01653 
 17.00000 16.93412 
 19.00000 19.05734 
 18.00000 17.99561 
 19.00000 18.94027 
 19.00000 19.00573 
 18.00000 18.01709 
 21.00000 20.96815 
 21.00000 20.98645 
 21.00000 21.07172 
 21.00000 21.03865 
 18.00000 17.98764 
 19.00000 19.04662 
 21.00000 20.98775 
 18.00000 17.98639 
 21.00000 20.98488 
 21.00000 20.98434 
 22.00000 21.97890 
 19.00000 18.97007 
 22.00000 22.02429 
 22.00000 21.94972 
 22.00000 22.01193 
 21.00000 21.00298 
 21.00000 21.01029 
 19.00000 19.01826 
 20.00000 20.02461 
 20.00000 20.06399 
 20.00000 19.98391 
 20.00000 20.06212 
 19.00000 19.00806 
 20.00000 19.98160 
 21.00000 21.05283 
 22.00000 22.06561 
 21.00000 21.01857 
 18.00000 17.95982 
 20.00000 19.98527 
 20.00000 19.97320 
 21.00000 21.04040 
 23.00000 22.98842 
 23.00000 23.02585 
 20.00000 19.96499 
 21.00000 21.02201 
 23.00000 22.99137 
 20.00000 20.01997 
 20.00000 20.02685 
 18.00000 17.99802 
 18.00000 17.85462 
 21.00000 21.01988 
 21.00000 20.96036 
 18.00000 17.97094 
 21.00000 21.01519 
 18.00000 17.96185 
 20.00000 20.03808 
 18.00000 18.00126 
 18.00000 17.98751 
 21.00000 21.02484 
 21.00000 20.99909 
 20.00000 19.98122 
 22.00000 21.99408 
 21.00000 21.00647 
 18.00000 17.99546 
 22.00000 21.99004 
 18.00000 17.97231 
 22.00000 21.97421 
 18.00000 17.99649 
 22.00000 21.99923 
 22.00000 22.02472 
 21.00000 21.07750 
 22.00000 22.03693 
 19.00000 18.99486 
 21.00000 20.97431 
 20.00000 19.99676 
 19.00000 19.04239 
 22.00000 22.02917 
 20.00000 19.96830 
 19.00000 18.98901 
 19.00000 19.03356 
 18.00000 18.03937 
 21.00000 20.99244 
 23.00000 23.03136 
 22.00000 22.01115 
 22.00000 22.01384 
 17.00000 17.00684 
 20.00000 20.04499 
 19.00000 19.01756 
 22.00000 22.02773 
 21.00000 20.95094 
 20.00000 19.97518 
 22.00000 22.02907 
 21.00000 20.95741 
 23.00000 23.04872 
 18.00000 18.00979 
 19.00000 18.98240 
 21.00000 21.02553 
 20.00000 20.04167 
 17.00000 17.02760 
 22.00000 22.01541 
 20.00000 20.01345 
 18.00000 17.99463 
 21.00000 21.00193 
 21.00000 20.99988 
 19.00000 18.96925 
 22.00000 22.00437 
 21.00000 21.05972 
 20.00000 19.99467 
 17.00000 16.99866 
 22.00000 22.00362 
 21.00000 21.02201 
 23.00000 23.05525 
 20.00000 20.04025 
 20.00000 20.01527 
 20.00000 19.96888 
 22.00000 22.03793 
 21.00000 20.99440 
 19.00000 18.99999 
 19.00000 19.01924 
 22.00000 22.02515 
 23.00000 22.98755 
 21.00000 21.02489 
 21.00000 21.05862 
 17.00000 16.96315 
 19.00000 19.01833 
 22.00000 22.04315 
 17.00000 17.00883 
 22.00000 22.07961 
 22.00000 22.00495 
 17.00000 16.96867 
 23.00000 22.95886 
 20.00000 19.99338 
 21.00000 21.03570 
 20.00000 20.03005 
 22.00000 21.95456 
 18.00000 18.00472 
 17.00000 16.98179 
 23.00000 23.03928 
 17.00000 17.00268 
 22.00000 22.04161 
 18.00000 18.01487 
 21.00000 21.01946 
 21.00000 20.96012 
 20.00000 19.99031 
 20.00000 20.02397 
 19.00000 18.97316 
 21.00000 21.03643 
 22.00000 21.97742 
 20.00000 20.07322 
 19.00000 18.94598 
 20.00000 20.05424 
 22.00000 22.03057 
 19.00000 19.02917 
 20.00000 19.97780 
 21.00000 21.02182 
 19.00000 19.05090 
 20.00000 20.02923 
 23.00000 23.05257 
 17.00000 16.91670 
 21.00000 20.97215 
 20.00000 20.02514 
 23.00000 22.98424 
 17.00000 16.90652 
 19.00000 19.01434 
 20.00000 19.99138 
 20.00000 19.98110 
 20.00000 19.94338 
 17.00000 16.90252 
 18.00000 18.02384 
 22.00000 21.98626 
 22.00000 22.00482 
 21.00000 21.03569 
 20.00000 20.02842 
 19.00000 19.02302 
 21.00000 21.08444 
 21.00000 20.98954 
 21.00000 20.96997 
 21.00000 20.97372 
 19.00000 19.01358 
 22.00000 22.02427 
 19.00000 18.99271 
 19.00000 19.05755 
 23.00000 22.99260 
 23.00000 22.97691 
 22.00000 21.93986 
 22.00000 21.97839 
 19.00000 19.01556 
 21.00000 20.99103 
 22.00000 22.01256 
 20.00000 19.97941 
 20.00000 20.06238 
 22.00000 22.04375 
 20.00000 19.99927 
 20.00000 20.00079 
 18.00000 18.01829 
 22.00000 21.98570 
 20.00000 20.00339 
 19.00000 18.93261 
 23.00000 22.97609 
 21.00000 21.07589 
 20.00000 20.03413 
 19.00000 19.00256 
 19.00000 18.97102 
 19.00000 18.95839 
 20.00000 20.01123 
 22.00000 22.05859 
 20.00000 19.99539 
 20.00000 20.03420 
 22.00000 22.01393 
 21.00000 21.05423 
 22.00000 22.01967 
 22.00000 22.02883 
 20.00000 19.99392 
 18.00000 17.99973 
 21.00000 21.04528 
 19.00000 19.01187 
 20.00000 20.02449 
 22.00000 21.92877 
 19.00000 19.01164 
 20.00000 20.03456 
 20.00000 19.97219 
 18.00000 18.00027 
 22.00000 21.97115 
 23.00000 23.04140 
 20.00000 20.03627 
 20.00000 20.06140 
 18.00000 17.99296 
 18.00000 18.00391 
 17.00000 16.91514 
 22.00000 21.90578 
 22.00000 22.02388 
 18.00000 17.98801 
 23.00000 23.06048 
 19.00000 18.99261 
 18.00000 17.94941 
 22.00000 22.01991 
 20.00000 20.00477 
 20.00000 20.05946 
 21.00000 21.03313 
 19.00000 19.04794 
 18.00000 17.96758 
 19.00000 19.00057 
 22.00000 22.05456 
 20.00000 20.00476 
 21.00000 20.99969 
 20.00000 19.97361 
 23.00000 22.98571 
 21.00000 21.03623 
 19.00000 19.01728 
 17.00000 16.98132 
 21.00000 21.01413 
 21.00000 20.98928 
 18.00000 17.95441 
 22.00000 22.01319 
 22.00000 21.99912 
 18.00000 18.00923 
 19.00000 19.00013 
 21.00000 21.00765 
 20.00000 20.04448 
 22.00000 22.06028 
 21.00000 20.96201 
 17.00000 16.93426 
 23.00000 23.00756 
 21.00000 21.01272 
 22.00000 22.16015 
 17.00000 16.97483 
 22.00000 22.04201 
 20.00000 20.01008 
 19.00000 19.03393 
 20.00000 19.97439 
 21.00000 21.05186 
 17.00000 16.96852 
 22.00000 22.02543 
 19.00000 19.08989 
 22.00000 22.04493 
 19.00000 18.97132 
 21.00000 21.11275 
 19.00000 19.00788 
 21.00000 20.96547 
 21.00000 20.97442 
 18.00000 18.01871 
 21.00000 21.04485 
 21.00000 21.00744 
 19.00000 19.05102 
 19.00000 18.97242 
 19.00000 18.99409 
 18.00000 17.91914 
 22.00000 22.04998 
 20.00000 20.05100 
 21.00000 21.00825 
 19.00000 18.96730 
 20.00000 19.94225 
 23.00000 23.05211 
 20.00000 19.97498 
 20.00000 19.97767 
 23.00000 23.04240 
 22.00000 21.98468 
 20.00000 20.00024 
 21.00000 21.02389 
 21.00000 21.06093 
 20.00000 19.98261 
 21.00000 21.01946 
 19.00000 18.98056 
 20.00000 20.02534 
 21.00000 21.02642 
 21.00000 21.12684 
 17.00000 16.90619 
 17.00000 16.98779 
 18.00000 18.01865 
 20.00000 20.01343 
 20.00000 20.01252 
 19.00000 19.00649 
 18.00000 17.98728 
 20.00000 20.02698 
 21.00000 21.03946 
 21.00000 21.02046 
 19.00000 19.03657 
 22.00000 21.98678 
 22.00000 21.91978 
 23.00000 22.96542 
 18.00000 17.97928 
 18.00000 18.01371 
 23.00000 23.00706 
 20.00000 19.94492 
 22.00000 22.03543 
 17.00000 17.00621 
 20.00000 20.00848 
 21.00000 21.00748 
 20.00000 19.99690 
 17.00000 16.93878 
 20.00000 19.96818 
 23.00000 23.00978 
 21.00000 21.01368 
 19.00000 18.97902 
 23.00000 22.99517 
 21.00000 21.01298 
 19.00000 18.98971 
 20.00000 19.95638 
 21.00000 20.98936 
 19.00000 18.81739 
 17.00000 17.01578 
 22.00000 22.03347 
 22.00000 22.05509 
 21.00000 21.04992 
 20.00000 19.99856 
 21.00000 21.05377 
 19.00000 19.00815 
 18.00000 17.98552 
 19.00000 18.96223 
 21.00000 21.06901 
 22.00000 22.02017 
 18.00000 17.98770 
 18.00000 18.00679 
 22.00000 22.02973 
 17.00000 16.96034 
 22.00000 22.04067 
 18.00000 17.97907 
 19.00000 19.03792 
 22.00000 21.99108 
 21.00000 21.05576 
 20.00000 19.99125 
 20.00000 19.99616 
 19.00000 19.02613 
 18.00000 17.99354 
 20.00000 19.97106 
 17.00000 17.01046 
 21.00000 20.95125 
 19.00000 18.99453 
 19.00000 19.01001 
 19.00000 18.94620 
 19.00000 18.89748 
 21.00000 21.05380 
 23.00000 22.98422 
 21.00000 21.07570 
 20.00000 19.96822 
 22.00000 21.99554 
 21.00000 21.03302 
 18.00000 17.94034 
 20.00000 19.98405 
 21.00000 20.94308 
 20.00000 20.01903 
 21.00000 20.97508 
 17.00000 17.00155 
 22.00000 21.99817 
 19.00000 18.99298 
 19.00000 18.99510 
 19.00000 18.97231 
 18.00000 17.98739 
 17.00000 17.02910 
 20.00000 20.02752 
 21.00000 21.02270 
 22.00000 22.00798 
 18.00000 18.02302 
 23.00000 22.97847 
 22.00000 21.97735 
 18.00000 17.97339 
 23.00000 23.02540 
 18.00000 17.97936 
 21.00000 20.99909 
 18.00000 17.97866 
 19.00000 19.04554 
 22.00000 22.03666 
 20.00000 20.00411 
 19.00000 19.01295 
 21.00000 20.99900 
 19.00000 19.01944 
 19.00000 19.03725 
 22.00000 22.00697 
 21.00000 21.01070 
 22.00000 21.99176 
 18.00000 18.00650 
 18.00000 18.02087 
 21.00000 21.01141 
 17.00000 16.98935 
 21.00000 21.00905 
 21.00000 20.97491 
 20.00000 19.99549 
 20.00000 19.99154 
 18.00000 17.97300 
 20.00000 20.04897 
 22.00000 22.01554 
 20.00000 19.99076 
 22.00000 22.00605 
 18.00000 17.94461 
 21.00000 21.00136 
 18.00000 17.99586 
 21.00000 21.03771 
 21.00000 21.03200 
 21.00000 20.99444 
 19.00000 19.00541 
 19.00000 18.98719 
 21.00000 20.99450 
 20.00000 19.98921 
 20.00000 20.03231 
 20.00000 19.97870 
 20.00000 19.98851 
 20.00000 19.99450 
 17.00000 17.03466 
 22.00000 22.02576 
