 23.00000 22.93818 
 19.00000 18.99224 
 23.00000 23.00177 
 19.00000 18.97238 
 21.00000 20.93601 
 21.00000 20.95866 
 20.00000 19.91333 
 19.00000 18.91151 
 23.00000 23.00178 
 19.00000 19.01290 
 20.00000 19.92660 
 19.00000 18.97208 
 22.00000 22.00268 
 20.00000 20.03487 
 23.00000 22.95529 
 22.00000 21.98452 
 22.00000 21.96197 
 19.00000 19.05344 
 17.00000 16.95741 
 21.00000 21.02795 
 21.00000 20.93759 
 18.00000 17.95983 
 22.00000 21.99202 
 22.00000 22.01771 
 21.00000 20.97423 
 20.00000 19.97963 
 22.00000 21.90844 
 17.00000 17.02720 
 22.00000 21.97767 
 20.00000 19.90393 
 18.00000 18.04547 
 19.00000 18.99905 
 22.00000 22.03594 
 22.00000 21.97001 
 23.00000 22.90916 
 21.00000 20.99331 
 23.00000 22.98651 
 19.00000 18.97336 
 21.00000 21.00889 
 18.00000 18.03232 
 23.00000 22.81505 
 21.00000 20.94496 
 19.00000 18.95979 
 20.00000 19.98589 
 22.00000 21.92101 
 22.00000 21.99690 
 23.00000 23.02018 
 20.00000 19.97742 
 22.00000 21.87191 
 19.00000 19.03148 
 22.00000 22.01468 
 20.00000 20.06174 
 20.00000 19.97553 
 19.00000 18.98005 
 19.00000 19.03727 
 22.00000 21.97541 
 20.00000 19.98821 
 20.00000 20.01153 
 22.00000 22.00942 
 22.00000 21.97426 
 22.00000 21.99591 
 19.00000 18.98061 
 22.00000 21.89838 
 18.00000 17.98226 
 22.00000 21.96668 
 21.00000 21.00877 
 23.00000 22.98181 
 20.00000 19.97635 
 19.00000 18.96092 
 20.00000 19.93921 
 22.00000 21.94454 
 21.00000 20.99033 
 23.00000 22.95680 
 19.00000 19.02743 
 18.00000 17.97666 
 21.00000 21.01688 
 23.00000 22.97415 
 18.00000 18.03026 
 19.00000 18.96663 
 17.00000 16.98789 
 18.00000 17.94016 
 20.00000 20.00611 
 22.00000 21.89583 
 19.00000 18.96977 
 19.00000 18.95271 
 22.00000 22.00978 
 19.00000 19.00440 
 17.00000 16.96735 
 22.00000 21.96678 
 21.00000 20.98498 
 19.00000 18.96646 
 22.00000 21.93995 
 22.00000 21.96899 
 20.00000 20.05292 
 21.00000 20.98298 
 22.00000 21.90231 
 21.00000 20.89462 
 19.00000 18.97736 
 21.00000 20.95897 
 21.00000 21.00169 
 20.00000 19.99903 
 22.00000 21.94539 
 20.00000 20.07585 
 19.00000 19.03681 
 21.00000 20.98822 
 20.00000 19.99669 
 20.00000 19.95813 
 18.00000 18.00051 
 18.00000 18.00473 
 23.00000 22.98274 
 20.00000 20.04872 
 18.00000 17.95072 
 22.00000 21.91243 
 17.00000 17.01050 
 20.00000 19.95131 
 19.00000 18.94950 
 18.00000 18.01011 
 17.00000 16.84318 
 18.00000 18.00555 
 18.00000 17.98088 
 22.00000 21.99299 
 20.00000 19.98723 
 18.00000 17.97493 
 20.00000 20.00025 
 22.00000 21.91098 
 19.00000 19.00551 
 19.00000 18.98680 
 19.00000 19.02109 
 22.00000 21.98433 
 17.00000 16.95935 
 20.00000 20.00958 
 21.00000 21.05276 
 20.00000 20.02042 
 22.00000 21.95630 
 20.00000 19.92237 
 20.00000 19.93155 
 19.00000 19.04148 
 22.00000 21.96355 
 19.00000 18.99288 
 22.00000 21.95230 
 17.00000 16.96677 
 19.00000 19.03392 
 18.00000 18.01844 
 20.00000 20.03753 
 22.00000 21.91783 
 21.00000 20.98346 
 20.00000 20.01387 
 17.00000 16.99709 
 20.00000 19.96951 
 19.00000 19.00444 
 23.00000 22.88383 
 20.00000 19.98884 
 22.00000 21.96829 
 20.00000 20.00330 
 20.00000 19.99660 
 20.00000 20.04129 
 20.00000 19.97798 
 18.00000 18.00481 
 19.00000 18.94464 
 18.00000 17.95744 
 18.00000 17.92004 
 19.00000 18.95690 
 18.00000 17.93997 
 21.00000 21.02163 
 18.00000 17.98801 
 21.00000 20.97226 
 22.00000 21.95530 
 20.00000 19.99438 
 18.00000 17.96688 
 19.00000 18.96014 
 22.00000 22.03643 
 19.00000 18.95622 
 20.00000 19.96738 
 22.00000 21.99451 
 18.00000 18.01697 
 20.00000 20.02048 
 20.00000 20.01673 
 22.00000 22.02091 
 22.00000 21.97897 
 22.00000 21.99064 
 19.00000 19.01112 
 20.00000 20.02060 
 22.00000 21.97963 
 20.00000 19.98717 
 20.00000 19.99728 
 20.00000 19.90515 
 20.00000 20.00370 
 22.00000 21.96559 
 17.00000 16.92879 
 20.00000 19.96044 
 20.00000 19.91712 
 20.00000 19.99613 
 20.00000 19.98263 
 19.00000 19.03150 
 23.00000 22.98540 
 20.00000 19.98128 
 18.00000 17.98691 
 17.00000 16.94721 
 20.00000 19.91091 
 22.00000 21.89537 
 22.00000 21.95408 
 18.00000 18.00199 
 22.00000 21.96993 
 21.00000 20.96522 
 17.00000 17.03754 
 22.00000 21.98845 
 22.00000 21.98914 
 18.00000 17.97060 
 17.00000 17.01005 
 19.00000 19.01648 
 20.00000 20.03246 
 22.00000 21.95006 
 19.00000 19.00746 
 18.00000 17.93441 
 18.00000 18.03394 
 18.00000 17.98724 
 19.00000 19.00456 
 23.00000 22.96558 
 19.00000 18.99513 
 20.00000 20.00430 
 21.00000 20.99956 
 20.00000 19.94646 
 18.00000 17.96883 
 18.00000 18.01718 
 21.00000 20.96235 
 19.00000 18.99742 
 17.00000 16.85248 
 20.00000 20.01523 
 21.00000 20.97575 
 23.00000 23.00121 
 18.00000 18.01708 
 22.00000 21.98685 
 19.00000 18.95169 
 20.00000 20.04184 
 18.00000 17.96083 
 19.00000 18.94358 
 21.00000 21.01914 
 17.00000 17.00965 
 18.00000 17.95117 
 22.00000 21.97082 
 18.00000 17.99026 
 17.00000 16.96340 
 20.00000 20.02296 
 17.00000 16.93635 
 22.00000 21.97374 
 18.00000 17.98985 
 22.00000 21.99580 
 21.00000 20.96404 
 20.00000 20.02461 
 19.00000 19.03606 
 20.00000 19.93449 
 20.00000 19.93855 
 17.00000 16.99986 
 22.00000 21.99540 
 20.00000 20.00243 
 18.00000 17.97171 
 22.00000 21.96189 
 23.00000 22.98002 
 20.00000 20.01929 
 18.00000 18.00243 
 19.00000 19.03464 
 20.00000 19.90022 
 18.00000 18.02157 
 20.00000 19.93242 
 20.00000 20.01142 
 20.00000 19.96967 
 18.00000 17.93794 
 21.00000 21.00325 
 19.00000 18.95822 
 18.00000 17.95440 
 19.00000 18.99912 
 19.00000 18.99545 
 21.00000 20.99550 
 18.00000 17.93914 
 18.00000 17.95680 
 17.00000 16.95565 
 18.00000 18.02611 
 17.00000 17.03812 
 20.00000 19.99838 
 23.00000 22.95501 
 18.00000 18.02198 
 21.00000 20.97622 
 22.00000 22.07110 
 19.00000 18.98035 
 22.00000 21.91721 
 18.00000 17.98666 
 17.00000 17.06828 
 22.00000 21.96038 
 20.00000 20.00494 
 20.00000 19.99319 
 20.00000 19.99596 
 22.00000 21.96846 
 19.00000 18.94322 
 17.00000 16.97722 
 18.00000 18.02187 
 19.00000 19.02705 
 19.00000 19.01302 
 19.00000 18.98913 
 20.00000 19.99656 
 21.00000 21.02214 
 22.00000 21.97157 
 18.00000 17.97802 
 19.00000 18.99550 
 20.00000 19.98838 
 19.00000 18.90165 
 19.00000 19.04481 
 21.00000 20.95532 
 21.00000 20.96812 
 20.00000 20.04738 
 19.00000 18.95834 
 22.00000 21.98690 
 22.00000 21.98608 
 19.00000 18.96341 
 17.00000 16.93356 
 19.00000 19.00273 
 20.00000 20.00012 
 22.00000 21.86020 
 18.00000 18.02153 
 22.00000 22.05408 
 22.00000 21.99140 
 22.00000 21.98473 
 22.00000 21.97017 
 18.00000 17.95108 
 23.00000 22.91851 
 18.00000 17.98543 
 21.00000 20.93495 
 20.00000 20.00479 
 21.00000 20.99529 
 22.00000 22.02027 
 19.00000 19.01743 
 22.00000 22.05989 
 20.00000 19.98876 
 21.00000 20.99004 
 21.00000 20.94556 
 17.00000 17.02944 
 19.00000 19.01603 
 20.00000 19.97634 
 20.00000 19.94964 
 18.00000 17.91492 
 20.00000 20.00660 
 23.00000 22.96678 
 20.00000 19.99194 
 20.00000 19.97859 
 20.00000 19.96979 
 20.00000 20.00896 
 19.00000 18.96735 
 18.00000 18.01042 
 19.00000 18.96246 
 20.00000 20.03480 
 18.00000 18.00707 
 22.00000 22.01861 
 20.00000 19.95399 
 21.00000 20.90444 
 20.00000 19.95071 
 21.00000 20.97631 
 21.00000 20.98307 
 19.00000 19.01432 
 19.00000 19.02682 
 19.00000 19.01021 
 17.00000 16.98789 
 19.00000 19.01817 
 22.00000 21.96480 
 22.00000 21.95642 
 19.00000 18.97360 
 22.00000 22.01698 
 18.00000 17.96149 
 20.00000 19.97304 
 20.00000 19.94874 
 18.00000 18.00030 
 20.00000 20.02589 
 21.00000 21.07215 
 20.00000 19.97589 
 23.00000 22.94211 
 20.00000 19.99988 
 17.00000 16.93751 
 21.00000 20.93915 
 17.00000 16.90107 
 19.00000 18.95389 
 21.00000 20.97769 
 17.00000 16.91195 
 22.00000 22.03574 
 22.00000 22.00249 
 22.00000 21.97702 
 19.00000 18.95316 
 23.00000 22.93424 
 22.00000 21.99033 
 19.00000 18.94951 
 17.00000 16.99788 
 22.00000 21.97029 
 21.00000 20.97177 
 23.00000 22.95646 
 23.00000 23.00152 
 23.00000 22.93828 
 19.00000 18.99585 
 20.00000 20.00776 
 19.00000 18.99793 
 18.00000 17.92868 
 19.00000 18.93282 
 20.00000 19.97569 
 17.00000 17.00012 
 23.00000 22.91439 
 18.00000 17.89546 
 21.00000 21.06319 
 18.00000 17.98292 
 23.00000 22.94257 
 19.00000 19.02264 
 22.00000 22.02804 
 22.00000 21.97845 
 18.00000 17.99817 
 20.00000 19.95538 
 22.00000 21.94733 
 18.00000 17.98096 
 20.00000 20.03795 
 21.00000 20.94797 
 20.00000 19.85733 
 22.00000 22.03968 
 18.00000 17.98983 
 21.00000 20.98447 
 23.00000 23.02326 
 19.00000 18.93671 
 22.00000 22.03483 
 18.00000 17.97661 
 20.00000 20.02539 
 22.00000 21.90565 
 20.00000 19.99701 
 21.00000 21.02041 
 22.00000 21.97743 
 17.00000 17.02026 
 20.00000 20.03482 
 17.00000 17.01139 
 21.00000 21.00225 
 22.00000 21.98527 
 20.00000 19.95461 
 17.00000 17.00719 
 20.00000 20.00417 
 20.00000 20.03334 
 17.00000 16.94277 
 19.00000 19.00151 
 20.00000 19.97938 
 18.00000 17.97777 
 23.00000 22.93490 
 20.00000 19.98238 
 21.00000 20.95774 
 18.00000 18.03972 
 20.00000 19.98407 
 21.00000 20.92089 
 17.00000 17.00750 
 18.00000 18.00587 
 18.00000 17.94439 
 23.00000 22.96226 
 18.00000 17.98791 
 19.00000 19.02520 
 20.00000 20.02150 
 21.00000 20.96026 
 20.00000 19.98444 
 21.00000 20.95667 
 22.00000 21.99968 
 20.00000 19.97713 
 22.00000 21.95684 
 20.00000 19.98237 
 22.00000 21.95436 
 21.00000 20.95150 
 23.00000 22.85321 
 20.00000 19.92974 
 19.00000 18.99292 
 21.00000 20.97840 
 21.00000 21.02388 
 20.00000 20.00918 
 20.00000 19.97646 
 20.00000 19.95659 
 20.00000 19.98428 
 18.00000 17.99090 
 18.00000 18.07400 
 22.00000 21.98175 
 18.00000 17.98164 
 22.00000 21.86334 
 23.00000 22.96604 
 23.00000 22.94508 
 22.00000 21.99820 
 20.00000 20.04506 
 20.00000 19.98808 
 19.00000 18.99641 
 23.00000 22.96885 
 20.00000 19.96599 
 20.00000 20.03410 
 18.00000 18.03623 
 23.00000 22.94102 
 22.00000 21.98524 
 19.00000 18.97029 
 23.00000 22.97784 
 22.00000 21.98959 
 19.00000 19.02655 
 22.00000 21.94858 
 20.00000 19.96165 
 17.00000 16.99874 
 20.00000 19.97136 
 19.00000 18.98921 
 21.00000 20.98241 
 20.00000 19.96946 
 20.00000 19.96457 
 22.00000 22.02645 
 18.00000 18.00468 
 19.00000 18.99919 
 20.00000 20.02363 
 19.00000 19.01534 
 17.00000 17.00911 
 20.00000 19.94426 
 21.00000 21.01401 
 22.00000 21.97691 
 22.00000 22.04832 
 20.00000 19.97309 
 20.00000 20.01568 
 18.00000 18.04041 
 17.00000 16.95157 
 20.00000 19.96527 
 20.00000 19.99009 
 19.00000 19.02053 
 18.00000 17.97171 
 18.00000 18.02695 
 17.00000 16.99507 
 19.00000 18.97354 
 22.00000 21.99402 
 19.00000 19.03936 
 18.00000 17.98864 
 17.00000 17.04618 
 21.00000 20.98151 
 22.00000 21.97728 
 19.00000 18.93795 
 18.00000 17.96911 
 20.00000 20.00554 
 19.00000 19.03191 
 20.00000 19.93843 
 23.00000 23.01152 
 21.00000 20.96966 
 20.00000 19.99873 
 21.00000 21.02742 
 18.00000 18.00809 
 19.00000 18.99620 
 22.00000 22.03329 
 22.00000 21.97346 
 20.00000 19.97102 
 20.00000 19.93892 
 17.00000 17.01088 
 17.00000 17.06110 
 21.00000 20.97160 
 19.00000 19.03660 
 20.00000 19.99563 
 20.00000 20.00061 
 20.00000 19.99155 
 18.00000 17.98372 
 17.00000 17.00398 
 23.00000 22.86334 
 19.00000 18.98993 
 17.00000 16.98879 
 21.00000 20.92873 
 19.00000 19.03401 
 19.00000 18.99043 
 22.00000 21.98070 
 22.00000 22.00723 
 18.00000 18.00855 
 20.00000 19.91825 
 21.00000 21.01543 
 22.00000 22.05803 
 20.00000 20.00324 
 17.00000 16.85612 
 18.00000 17.95180 
 21.00000 21.02179 
 20.00000 19.96153 
 21.00000 21.01759 
 18.00000 17.94637 
 22.00000 21.90379 
 17.00000 17.01939 
 19.00000 18.97951 
 23.00000 22.98365 
 21.00000 20.99139 
 20.00000 20.01357 
 20.00000 19.99558 
 17.00000 16.96117 
 20.00000 19.99238 
 20.00000 20.02752 
 19.00000 19.03108 
 20.00000 19.96253 
 20.00000 20.04408 
 20.00000 20.01573 
 21.00000 20.94554 
 22.00000 22.02680 
 23.00000 22.94953 
 22.00000 22.09494 
 20.00000 20.00815 
 21.00000 21.00313 
 20.00000 20.04511 
 22.00000 21.94828 
 22.00000 21.99156 
 20.00000 19.94118 
 17.00000 16.95735 
 18.00000 18.00406 
 21.00000 21.01070 
 18.00000 17.99042 
 23.00000 22.88057 
 19.00000 18.99888 
 18.00000 17.99964 
 20.00000 19.98290 
 19.00000 19.03649 
 22.00000 22.00183 
 23.00000 22.94891 
 19.00000 19.06844 
 22.00000 22.02679 
 20.00000 19.97787 
 20.00000 19.98520 
 23.00000 23.01629 
 17.00000 16.98191 
 19.00000 19.00620 
 20.00000 19.97643 
 19.00000 19.03950 
 22.00000 22.04935 
 22.00000 21.93368 
 20.00000 20.03649 
 19.00000 19.02737 
 20.00000 20.00117 
 20.00000 19.97447 
 18.00000 17.94836 
 21.00000 21.01477 
 19.00000 19.02473 
 21.00000 20.96256 
 20.00000 19.97006 
 18.00000 17.95266 
 20.00000 19.95894 
 19.00000 19.04188 
 22.00000 21.95369 
 22.00000 21.98810 
 20.00000 19.99073 
 21.00000 20.98126 
 20.00000 19.98558 
 21.00000 20.96287 
 17.00000 16.98990 
 20.00000 19.95472 
 21.00000 20.97155 
 18.00000 17.96557 
 22.00000 22.04371 
 18.00000 18.04871 
 17.00000 16.91367 
 20.00000 20.03096 
 19.00000 18.94259 
 18.00000 18.02014 
 20.00000 20.02334 
 19.00000 18.95953 
 19.00000 18.95414 
 23.00000 22.90829 
 22.00000 21.91846 
 19.00000 18.98314 
 23.00000 22.87926 
 21.00000 20.92662 
 20.00000 20.00439 
 18.00000 17.97205 
 18.00000 18.04607 
 18.00000 18.01089 
 19.00000 18.98969 
 22.00000 21.94153 
 19.00000 18.98414 
 19.00000 18.93855 
 21.00000 20.99202 
 22.00000 21.99351 
 17.00000 17.00047 
 18.00000 17.99352 
 21.00000 20.96099 
 19.00000 18.98684 
 20.00000 19.97024 
 19.00000 19.00273 
 20.00000 19.95147 
 20.00000 19.99731 
 20.00000 19.99598 
 21.00000 20.91710 
 17.00000 17.03585 
 19.00000 19.04177 
 20.00000 20.01002 
 17.00000 16.95913 
 23.00000 22.94247 
 21.00000 21.01431 
 20.00000 20.00730 
 18.00000 18.02701 
 18.00000 17.93979 
 23.00000 22.95140 
 20.00000 19.97308 
 19.00000 18.97944 
 20.00000 20.01695 
 22.00000 21.98961 
 18.00000 18.01406 
 23.00000 22.96563 
 22.00000 22.00822 
 19.00000 18.98274 
 22.00000 22.00277 
 21.00000 20.93496 
 20.00000 19.93782 
 21.00000 20.99119 
 19.00000 19.01008 
 18.00000 18.01749 
 21.00000 20.98460 
 20.00000 20.01960 
 22.00000 21.98039 
 20.00000 19.99135 
 20.00000 19.91266 
 18.00000 17.89901 
 21.00000 21.00199 
 22.00000 21.97246 
 23.00000 23.01379 
 22.00000 21.98414 
 20.00000 19.97195 
 19.00000 18.96149 
 18.00000 17.96547 
 20.00000 20.00589 
 20.00000 19.85004 
 22.00000 22.00258 
 17.00000 17.02503 
 22.00000 21.98774 
 20.00000 19.97583 
 22.00000 21.99917 
 18.00000 17.98840 
 22.00000 21.95021 
 17.00000 17.02922 
 20.00000 19.96375 
 19.00000 18.99029 
 21.00000 20.97110 
 20.00000 19.98368 
 19.00000 19.03404 
 19.00000 18.99144 
 20.00000 19.99645 
 20.00000 20.02172 
 17.00000 16.98155 
 19.00000 18.98724 
 18.00000 17.96761 
 19.00000 18.98741 
 19.00000 18.98819 
 22.00000 21.96852 
 17.00000 16.91341 
 20.00000 20.00577 
 20.00000 19.95651 
 21.00000 21.00190 
 23.00000 22.94607 
 21.00000 20.98958 
 22.00000 22.01683 
 20.00000 19.99890 
 19.00000 18.98992 
 19.00000 18.99674 
 20.00000 19.96085 
 21.00000 21.00980 
 19.00000 19.05879 
 19.00000 19.04625 
 17.00000 16.85639 
 20.00000 19.95759 
 20.00000 19.97462 
 21.00000 20.91240 
 23.00000 22.87210 
 20.00000 20.02448 
 19.00000 18.98994 
 21.00000 21.07451 
 18.00000 17.90421 
 19.00000 18.99662 
 18.00000 17.95657 
 19.00000 19.01266 
 21.00000 20.96907 
 23.00000 22.90824 
 23.00000 22.98205 
 22.00000 21.97473 
 21.00000 20.95937 
 19.00000 19.04165 
 22.00000 21.99563 
 19.00000 18.89269 
 21.00000 20.97752 
 20.00000 19.92262 
 20.00000 20.07352 
 19.00000 18.99005 
 23.00000 22.98494 
 19.00000 19.00866 
 20.00000 19.98677 
 23.00000 22.91991 
 19.00000 18.97959 
 23.00000 22.88393 
 18.00000 17.93650 
 18.00000 18.00219 
 20.00000 19.95258 
 22.00000 21.94329 
 19.00000 18.99823 
 20.00000 19.90259 
 23.00000 22.91080 
 20.00000 20.01180 
 23.00000 22.96108 
 20.00000 19.99438 
 20.00000 19.98195 
 21.00000 21.04227 
 18.00000 18.02862 
 21.00000 20.98230 
 20.00000 19.99896 
 22.00000 21.99788 
 23.00000 23.02023 
 19.00000 18.99945 
 20.00000 19.99311 
 20.00000 20.00304 
 20.00000 19.97298 
 22.00000 21.99345 
 21.00000 20.95700 
 18.00000 17.97479 
 21.00000 20.99464 
 19.00000 18.97222 
 17.00000 17.02505 
 22.00000 21.99939 
 19.00000 19.04720 
 17.00000 16.98981 
 22.00000 21.92723 
 21.00000 20.97598 
 22.00000 21.98219 
 17.00000 16.92616 
 23.00000 22.92443 
 20.00000 20.03109 
 19.00000 19.00008 
 22.00000 21.97425 
 18.00000 18.01181 
 17.00000 17.01019 
 19.00000 19.03653 
 23.00000 22.98235 
 20.00000 19.99571 
 17.00000 17.04834 
 19.00000 18.93572 
 21.00000 20.95150 
 20.00000 19.99583 
 20.00000 20.05036 
 22.00000 21.93272 
 19.00000 19.02618 
 22.00000 21.96070 
 17.00000 17.03501 
 22.00000 21.97366 
 22.00000 21.98822 
 19.00000 18.98130 
 23.00000 23.03074 
 20.00000 20.03521 
 17.00000 17.00944 
 23.00000 22.93431 
 22.00000 21.95065 
 18.00000 17.94063 
 18.00000 18.01241 
 20.00000 19.95701 
 18.00000 18.02787 
 21.00000 20.95986 
 22.00000 22.00234 
 17.00000 17.00702 
 22.00000 21.96941 
 22.00000 21.86325 
 22.00000 21.97061 
 20.00000 20.04754 
 22.00000 21.94802 
 22.00000 21.91729 
 20.00000 19.98996 
 22.00000 22.00232 
 22.00000 21.95685 
 23.00000 22.90469 
 17.00000 17.05216 
 22.00000 21.97522 
 20.00000 20.01044 
 23.00000 22.97990 
 21.00000 21.02284 
 20.00000 20.01801 
 18.00000 17.94325 
 21.00000 20.97393 
 17.00000 17.05239 
 21.00000 20.99877 
 17.00000 16.95898 
 19.00000 19.01745 
 18.00000 17.98134 
 18.00000 18.00596 
 20.00000 20.04281 
 17.00000 16.98895 
 21.00000 20.99722 
 19.00000 19.02499 
 23.00000 22.93653 
 19.00000 19.00500 
 20.00000 19.94739 
 21.00000 20.88595 
 20.00000 19.95627 
 19.00000 18.98925 
 20.00000 20.00617 
 20.00000 19.97921 
 23.00000 22.91906 
 17.00000 17.00607 
 17.00000 16.96701 
 17.00000 16.97373 
 17.00000 16.98705 
 18.00000 17.99364 
 19.00000 18.99105 
 17.00000 16.93854 
 19.00000 18.98395 
 20.00000 19.95257 
 19.00000 18.97085 
 18.00000 17.93981 
 22.00000 21.90758 
 23.00000 22.93975 
 19.00000 18.97983 
 21.00000 21.01252 
 20.00000 19.96115 
 18.00000 17.89865 
 20.00000 20.01282 
 20.00000 20.00572 
 19.00000 18.96463 
 23.00000 22.97735 
 20.00000 19.96118 
 23.00000 22.93261 
 21.00000 21.00394 
 18.00000 18.00490 
 18.00000 17.96346 
 20.00000 20.01969 
 20.00000 20.02435 
 20.00000 19.99080 
 21.00000 20.99866 
 19.00000 18.98396 
 17.00000 16.96551 
 21.00000 20.93162 
 18.00000 17.96200 
 18.00000 17.94363 
 21.00000 20.99796 
 17.00000 17.03443 
 22.00000 21.96068 
 19.00000 18.99578 
 18.00000 17.99122 
 23.00000 23.01348 
 23.00000 22.92032 
 20.00000 20.02218 
 20.00000 19.96957 
 20.00000 20.01103 
 23.00000 22.96331 
 20.00000 19.96774 
 20.00000 19.95423 
 19.00000 19.02955 
 22.00000 22.03334 
 22.00000 21.98256 
 19.00000 18.95466 
 20.00000 20.00811 
 20.00000 19.98536 
 19.00000 18.95501 
 19.00000 19.03895 
 20.00000 20.01194 
 18.00000 17.99920 
 22.00000 22.02823 
 17.00000 17.01483 
 22.00000 21.99409 
 22.00000 22.03137 
 20.00000 20.00388 
 20.00000 19.92990 
 18.00000 17.99880 
 22.00000 21.97379 
 20.00000 20.05243 
 20.00000 19.98959 
 23.00000 22.97615 
 23.00000 22.93211 
 22.00000 22.00451 
 17.00000 16.99810 
 19.00000 19.05999 
 17.00000 16.96491 
 20.00000 19.97724 
 18.00000 18.00453 
 23.00000 22.97408 
 17.00000 17.02159 
 19.00000 19.00158 
 23.00000 22.92902 
 22.00000 21.99388 
 18.00000 18.01305 
 21.00000 20.99008 
 19.00000 19.00871 
 17.00000 17.03561 
 18.00000 18.00956 
 21.00000 20.98478 
 17.00000 16.98952 
 18.00000 17.98000 
 20.00000 19.94606 
 22.00000 21.97923 
 20.00000 20.02978 
 22.00000 21.99176 
 17.00000 16.94167 
 19.00000 19.04819 
 19.00000 18.99445 
 17.00000 16.91516 
 20.00000 20.02262 
 23.00000 22.97994 
 21.00000 20.94397 
 19.00000 18.95653 
 22.00000 21.98896 
 20.00000 19.98403 
 20.00000 19.98979 
 17.00000 16.96674 
 21.00000 20.98328 
 19.00000 19.00004 
 21.00000 20.94151 
 22.00000 22.00283 
 18.00000 17.96520 
 19.00000 19.00750 
 21.00000 21.00464 
 18.00000 18.00215 
 23.00000 22.95659 
 18.00000 17.93385 
 22.00000 21.97575 
 20.00000 19.97194 
 23.00000 22.93964 
 21.00000 20.97815 
 21.00000 20.99694 
 22.00000 22.07338 
 23.00000 22.90245 
 20.00000 19.94880 
 19.00000 18.93777 
 22.00000 21.94599 
 21.00000 20.95971 
 19.00000 18.99069 
 21.00000 21.00484 
 21.00000 20.98333 
 22.00000 21.98741 
 22.00000 21.99070 
 23.00000 22.98395 
 22.00000 21.99599 
 22.00000 21.98292 
 20.00000 20.01231 
 20.00000 19.93977 
 18.00000 18.03356 
 17.00000 16.95651 
 22.00000 21.97354 
 18.00000 18.06304 
 18.00000 17.94587 
 21.00000 20.93320 
 20.00000 19.98253 
 20.00000 20.01398 
 20.00000 20.02089 
 22.00000 22.00804 
 21.00000 20.94290 
 20.00000 19.99158 
 19.00000 19.01070 
 19.00000 18.97187 
 21.00000 20.97290 
 18.00000 17.96602 
 20.00000 19.99578 
 22.00000 21.97197 
 19.00000 19.01631 
 19.00000 19.02706 
 21.00000 20.99269 
 20.00000 19.97835 
 21.00000 20.97120 
 18.00000 17.99308 
 19.00000 19.02318 
 19.00000 19.01178 
 21.00000 20.90580 
 19.00000 18.99064 
 19.00000 18.99580 
 19.00000 19.01553 
 21.00000 21.00061 
 21.00000 20.96405 
 20.00000 19.95693 
 19.00000 18.93899 
 20.00000 20.00316 
 19.00000 18.93878 
 21.00000 20.94289 
 20.00000 19.96994 
 20.00000 19.98708 
 19.00000 18.97083 
 20.00000 20.01526 
 21.00000 20.96587 
 17.00000 16.96383 
 19.00000 19.00989 
 22.00000 21.96962 
 19.00000 18.99383 
 18.00000 18.09917 
 19.00000 19.05185 
 18.00000 17.99077 
 22.00000 21.96819 
 17.00000 16.94356 
 17.00000 16.97865 
 21.00000 20.97299 
 20.00000 19.99965 
 18.00000 18.02597 
 21.00000 20.92082 
 23.00000 22.95801 
 17.00000 16.98063 
 23.00000 23.00602 
 20.00000 19.96502 
 18.00000 17.99593 
 19.00000 18.98101 
 22.00000 22.00565 
 21.00000 20.93985 
 20.00000 19.94870 
 22.00000 21.96856 
 19.00000 18.97063 
 19.00000 19.02587 
 18.00000 18.01303 
 19.00000 18.92801 
 19.00000 18.95329 
 21.00000 20.97372 
 22.00000 21.99193 
 19.00000 19.02552 
 17.00000 16.95609 
 23.00000 22.97007 
 22.00000 22.02874 
 19.00000 19.01939 
 18.00000 17.99931 
 18.00000 17.97665 
 21.00000 20.94749 
 18.00000 17.91619 
 20.00000 19.97856 
 20.00000 20.05806 
 23.00000 22.93113 
 20.00000 19.99301 
 18.00000 17.94602 
 19.00000 18.98520 
 20.00000 19.99857 
 20.00000 19.95408 
 18.00000 17.98709 
 20.00000 20.00055 
 21.00000 20.97274 
 20.00000 19.94113 
 21.00000 20.98543 
 21.00000 21.01275 
 20.00000 19.99082 
 19.00000 19.00154 
 20.00000 19.99162 
 22.00000 21.89251 
 18.00000 17.99869 
 19.00000 19.04027 
 20.00000 19.98801 
 21.00000 21.01825 
 22.00000 21.86976 
 20.00000 19.95454 
 19.00000 18.87671 
 20.00000 20.01417 
 21.00000 20.99628 
 21.00000 20.94592 
 22.00000 21.99398 
 20.00000 19.99786 
 20.00000 20.02114 
 22.00000 21.99692 
 18.00000 17.98428 
 18.00000 17.96770 
 17.00000 17.03143 
 23.00000 23.00918 
 18.00000 17.94647 
 20.00000 20.02946 
 19.00000 19.04407 
 18.00000 17.92335 
 19.00000 19.03711 
 22.00000 21.99406 
 19.00000 19.02291 
 22.00000 22.02799 
 20.00000 19.98466 
 22.00000 22.02685 
 20.00000 19.97748 
 21.00000 20.98484 
 21.00000 20.99098 
 22.00000 21.96372 
 20.00000 20.02496 
 20.00000 20.02015 
 18.00000 18.01061 
 21.00000 20.93992 
 17.00000 17.06516 
 17.00000 17.03527 
 20.00000 19.92804 
 20.00000 19.95922 
 20.00000 19.96138 
 22.00000 21.95742 
 23.00000 22.93251 
 22.00000 22.03362 
 18.00000 17.99046 
 20.00000 19.97910 
 18.00000 18.12066 
 20.00000 20.01413 
 20.00000 19.99754 
 18.00000 17.95480 
 19.00000 19.01274 
 19.00000 18.93188 
 18.00000 18.03256 
 22.00000 21.96742 
 23.00000 22.86627 
 18.00000 17.96721 
 23.00000 23.00101 
 20.00000 20.00399 
 18.00000 17.99685 
 23.00000 23.00112 
 22.00000 21.84492 
 19.00000 19.08847 
 22.00000 21.91606 
 19.00000 19.00027 
 22.00000 21.97912 
 18.00000 17.93449 
 17.00000 16.99647 
 20.00000 19.96737 
 18.00000 17.98374 
 21.00000 20.94592 
 21.00000 20.98890 
 22.00000 21.97769 
 19.00000 18.91229 
 19.00000 18.92619 
 23.00000 23.01528 
 21.00000 21.01381 
 19.00000 18.98103 
 18.00000 17.94505 
 17.00000 17.00951 
 20.00000 19.99158 
 20.00000 20.01972 
 21.00000 20.98311 
 21.00000 21.03110 
 23.00000 22.96127 
 23.00000 22.96011 
 18.00000 18.01618 
 18.00000 17.95871 
 17.00000 16.96502 
 20.00000 19.95727 
 22.00000 21.97387 
 21.00000 20.99910 
 19.00000 18.98180 
 22.00000 21.97182 
 19.00000 18.96208 
 21.00000 21.00400 
 17.00000 17.07140 
 21.00000 21.02829 
 19.00000 19.04967 
 22.00000 22.01136 
 21.00000 20.98586 
 20.00000 19.95271 
 18.00000 17.99169 
 19.00000 18.94578 
 18.00000 18.03463 
 19.00000 19.00120 
 22.00000 22.01654 
 20.00000 19.91323 
 20.00000 20.00964 
 21.00000 20.99847 
 18.00000 17.99622 
 19.00000 18.94582 
 17.00000 16.96365 
 21.00000 21.01277 
 22.00000 22.03213 
 18.00000 17.95972 
 23.00000 23.02290 
 20.00000 19.95759 
 22.00000 22.03183 
 22.00000 22.04919 
 22.00000 21.95397 
 20.00000 19.95361 
 20.00000 20.00815 
 20.00000 20.04909 
 23.00000 22.95583 
 17.00000 17.01325 
 23.00000 22.82202 
 22.00000 21.95311 
 22.00000 21.92432 
 20.00000 20.05789 
 23.00000 22.88385 
 18.00000 17.97056 
 22.00000 22.01300 
 20.00000 19.97870 
 22.00000 21.88042 
 18.00000 18.02414 
 19.00000 19.00988 
 21.00000 20.98238 
 21.00000 21.01131 
 20.00000 20.01813 
 22.00000 22.01073 
 20.00000 19.98871 
 20.00000 20.00203 
 18.00000 18.00121 
 22.00000 21.93179 
 20.00000 19.97723 
 18.00000 18.03108 
 23.00000 22.92533 
 20.00000 19.94958 
 20.00000 19.94425 
 22.00000 21.91467 
 19.00000 19.02037 
 18.00000 18.00960 
 21.00000 20.96165 
 18.00000 18.03203 
 21.00000 20.94890 
 17.00000 17.00566 
 17.00000 17.07236 
 22.00000 21.96634 
 18.00000 17.99292 
 20.00000 20.01921 
 18.00000 17.98434 
 23.00000 22.92542 
 20.00000 20.02590 
 19.00000 19.04297 
 22.00000 21.85243 
 22.00000 22.00156 
 17.00000 16.88090 
 17.00000 17.04711 
 19.00000 19.00564 
 17.00000 16.98113 
 22.00000 22.01278 
 17.00000 16.94599 
 21.00000 20.93770 
 22.00000 22.01451 
 19.00000 19.03629 
 20.00000 20.00046 
 20.00000 19.92283 
 22.00000 21.93622 
 22.00000 21.91638 
 20.00000 20.01088 
 23.00000 22.95562 
 20.00000 19.99069 
 20.00000 19.96074 
 21.00000 20.94997 
 22.00000 21.97030 
 17.00000 17.00846 
 18.00000 17.89138 
 22.00000 21.93355 
 17.00000 16.99806 
 22.00000 21.99686 
 20.00000 19.99114 
 22.00000 21.97897 
 22.00000 22.01745 
 20.00000 20.01944 
 22.00000 21.91473 
 22.00000 22.02523 
 22.00000 22.05813 
 20.00000 19.94920 
 21.00000 20.95611 
 23.00000 22.97594 
 20.00000 19.99649 
 19.00000 18.96350 
 20.00000 20.01082 
 20.00000 20.00241 
 19.00000 18.97061 
 21.00000 21.01734 
 22.00000 21.93681 
 22.00000 22.04660 
 17.00000 17.07670 
 22.00000 21.97381 
 20.00000 19.99535 
 21.00000 20.97809 
 20.00000 20.05464 
 19.00000 18.99303 
 21.00000 20.93565 
 18.00000 17.98398 
 20.00000 19.97559 
 20.00000 19.98376 
 18.00000 17.93866 
 20.00000 19.92099 
 21.00000 21.01767 
 19.00000 19.00751 
 20.00000 20.01901 
 19.00000 18.97202 
 21.00000 21.00870 
 19.00000 19.00917 
 20.00000 20.00410 
 19.00000 18.99084 
 20.00000 20.00590 
 17.00000 17.00916 
 19.00000 18.97778 
 19.00000 18.99768 
 20.00000 19.99423 
 18.00000 18.00195 
 20.00000 19.97298 
 18.00000 17.95339 
 21.00000 20.96247 
 21.00000 20.99711 
 20.00000 20.01940 
 22.00000 21.99490 
 20.00000 19.98921 
 21.00000 20.94662 
 20.00000 20.04304 
 23.00000 22.96629 
 22.00000 21.97535 
 22.00000 21.97011 
 20.00000 19.85716 
 19.00000 19.03840 
 19.00000 18.96382 
 18.00000 17.97691 
 17.00000 16.99357 
 20.00000 20.03767 
 18.00000 17.99923 
 21.00000 20.91672 
 18.00000 17.98119 
 22.00000 21.94470 
 20.00000 19.98190 
 20.00000 20.04802 
 22.00000 21.93246 
 20.00000 20.01163 
 18.00000 18.00696 
 20.00000 19.94905 
 21.00000 20.98418 
 21.00000 20.97743 
 20.00000 19.99529 
 19.00000 18.95419 
 21.00000 21.02093 
 18.00000 17.84571 
 23.00000 22.94260 
 18.00000 17.96802 
 18.00000 17.98340 
 18.00000 18.04078 
 20.00000 19.95433 
 18.00000 18.03708 
 19.00000 18.95202 
 22.00000 21.98270 
 22.00000 22.01171 
 18.00000 17.95061 
 18.00000 18.02354 
 22.00000 21.93023 
 17.00000 16.89213 
 20.00000 20.00857 
 23.00000 22.95754 
 23.00000 22.96913 
 20.00000 20.00002 
 20.00000 19.97888 
 22.00000 21.98722 
 23.00000 22.99859 
 22.00000 22.02029 
 17.00000 16.96230 
 19.00000 18.94137 
 18.00000 18.03619 
 20.00000 19.94863 
 19.00000 18.99404 
 20.00000 19.99816 
 22.00000 21.98492 
 20.00000 19.91688 
 20.00000 20.00299 
 20.00000 19.96285 
 17.00000 17.00177 
 18.00000 18.05235 
 20.00000 20.00265 
 21.00000 21.00335 
 22.00000 22.02379 
 19.00000 18.97758 
 18.00000 17.98746 
 20.00000 19.94557 
 20.00000 20.02222 
 17.00000 16.87480 
 19.00000 19.01019 
 20.00000 19.98424 
 21.00000 21.01217 
 21.00000 20.94800 
 17.00000 16.94148 
 23.00000 22.94667 
 22.00000 21.98712 
 19.00000 18.99611 
 22.00000 21.98592 
 22.00000 21.94674 
 20.00000 19.93120 
 21.00000 20.96177 
 23.00000 22.95857 
 22.00000 21.97138 
 19.00000 18.96174 
 20.00000 20.01314 
 18.00000 17.98739 
 22.00000 21.95229 
 20.00000 20.01176 
 18.00000 17.97227 
 19.00000 19.04190 
 20.00000 19.99079 
 18.00000 17.97900 
 23.00000 23.00062 
 20.00000 19.92721 
 22.00000 21.96777 
 18.00000 17.99438 
 19.00000 19.01254 
 17.00000 17.00392 
 21.00000 21.01535 
 19.00000 18.99300 
 19.00000 19.01664 
 18.00000 17.94739 
 18.00000 17.95651 
 18.00000 18.05036 
 22.00000 21.94971 
 22.00000 22.04476 
 22.00000 21.98101 
 17.00000 17.02700 
 18.00000 18.05714 
 22.00000 21.98856 
 22.00000 22.03170 
 19.00000 18.94615 
 21.00000 20.97563 
 19.00000 19.01639 
 19.00000 18.99673 
 19.00000 18.99408 
 23.00000 22.93587 
 21.00000 20.93962 
 19.00000 19.01794 
 22.00000 21.86907 
 19.00000 19.08460 
 19.00000 19.07040 
 19.00000 18.99138 
 17.00000 16.99766 
 18.00000 17.94149 
 21.00000 20.97659 
 20.00000 20.04834 
 21.00000 20.93662 
 23.00000 22.92615 
 20.00000 19.99060 
 22.00000 22.03469 
 21.00000 20.97828 
 20.00000 19.92837 
 19.00000 18.98001 
 20.00000 19.97177 
 18.00000 17.98341 
 20.00000 20.02559 
 17.00000 16.94157 
 22.00000 21.98220 
 22.00000 22.02852 
 20.00000 20.01907 
 22.00000 21.98053 
 23.00000 22.99891 
 17.00000 16.98494 
 18.00000 17.91693 
 19.00000 18.87066 
 22.00000 21.97115 
 19.00000 19.00270 
 21.00000 21.02664 
 20.00000 20.02362 
 20.00000 19.99595 
 19.00000 18.99696 
 22.00000 22.02785 
 20.00000 19.98779 
 20.00000 19.99145 
 20.00000 20.04489 
 17.00000 17.01035 
 21.00000 20.97648 
 18.00000 17.97961 
 20.00000 19.98401 
 21.00000 20.97879 
 21.00000 21.07805 
 19.00000 19.00483 
 19.00000 18.98793 
 20.00000 20.04629 
 20.00000 20.02389 
 18.00000 18.02448 
 17.00000 17.07029 
 17.00000 17.01406 
 21.00000 21.01788 
 20.00000 19.98890 
 22.00000 21.85377 
 19.00000 18.95004 
 19.00000 18.93951 
 17.00000 17.00773 
 20.00000 19.99415 
 20.00000 19.99490 
 19.00000 18.95265 
 19.00000 18.96214 
 20.00000 20.01981 
 18.00000 18.00739 
 22.00000 21.91096 
 20.00000 19.98801 
 22.00000 21.96926 
 22.00000 21.99176 
 17.00000 16.88293 
 21.00000 21.02583 
 23.00000 22.96738 
 22.00000 22.03913 
 22.00000 21.91038 
 18.00000 17.94936 
 22.00000 21.99141 
 22.00000 21.96030 
 20.00000 19.98042 
 23.00000 22.94192 
 21.00000 21.03457 
 17.00000 17.03240 
 22.00000 22.04367 
 19.00000 18.98571 
 22.00000 22.03745 
 19.00000 18.98851 
 22.00000 22.00077 
 20.00000 19.97872 
 23.00000 22.88001 
 17.00000 17.00585 
 19.00000 19.01643 
 23.00000 22.93610 
 20.00000 20.01947 
 17.00000 17.04981 
 18.00000 18.02440 
 21.00000 20.94730 
 18.00000 18.06404 
 23.00000 22.91805 
 20.00000 19.97964 
 18.00000 17.97554 
 19.00000 18.98845 
 17.00000 17.02410 
 19.00000 18.96989 
 19.00000 18.96209 
 22.00000 21.99073 
 18.00000 17.95229 
 19.00000 18.94387 
 20.00000 19.98585 
 20.00000 19.99683 
 23.00000 22.96502 
 18.00000 17.92934 
 20.00000 20.03447 
 21.00000 20.93620 
 22.00000 22.03400 
 20.00000 19.95524 
 19.00000 19.02886 
 19.00000 18.96924 
 23.00000 22.92265 
 21.00000 20.95000 
 22.00000 22.00159 
 21.00000 21.01680 
 23.00000 22.95420 
 20.00000 19.91562 
 22.00000 22.00000 
 23.00000 22.97631 
 18.00000 17.99383 
 23.00000 23.00258 
 21.00000 20.94807 
 23.00000 22.97957 
 18.00000 17.95452 
 20.00000 19.94097 
 21.00000 21.02655 
 17.00000 17.03050 
 22.00000 21.98228 
 22.00000 22.02967 
 20.00000 20.03257 
 21.00000 21.02820 
 19.00000 18.98927 
 19.00000 18.99975 
 22.00000 22.07529 
 20.00000 19.95196 
 22.00000 22.02327 
 22.00000 21.98031 
 21.00000 20.93635 
 19.00000 18.99176 
 23.00000 23.02908 
 20.00000 19.92881 
 20.00000 19.99352 
 20.00000 20.01045 
 21.00000 20.93255 
 19.00000 18.98773 
 17.00000 16.97452 
 20.00000 19.95522 
 23.00000 22.95591 
 22.00000 21.95701 
 20.00000 19.98000 
 20.00000 19.99708 
 19.00000 18.99182 
 20.00000 19.96799 
 22.00000 22.01160 
 18.00000 18.00748 
 21.00000 20.92729 
 21.00000 21.00708 
 19.00000 19.01036 
 18.00000 18.00196 
 19.00000 19.05237 
 21.00000 21.00698 
 17.00000 17.01072 
 18.00000 18.02338 
 20.00000 19.98043 
 22.00000 21.98096 
 20.00000 19.95744 
 18.00000 17.98075 
 18.00000 17.97639 
 19.00000 19.01204 
 18.00000 17.97019 
 18.00000 17.94213 
 19.00000 18.94256 
 18.00000 18.06560 
 21.00000 20.97378 
 22.00000 21.94281 
 23.00000 22.95634 
 20.00000 19.99731 
 18.00000 17.94159 
 21.00000 20.96141 
 23.00000 22.93318 
 18.00000 17.95781 
 19.00000 19.01360 
 18.00000 17.97511 
 19.00000 19.00951 
 22.00000 21.83299 
 18.00000 18.00407 
 17.00000 16.90722 
 21.00000 21.00552 
 19.00000 19.00714 
 22.00000 22.05231 
 19.00000 18.99747 
 22.00000 22.05170 
 20.00000 19.99721 
 22.00000 21.96457 
 19.00000 18.97331 
 19.00000 18.95387 
 20.00000 20.01342 
 21.00000 20.93982 
 23.00000 22.82195 
 17.00000 16.98946 
 20.00000 19.98853 
 22.00000 21.83001 
 21.00000 21.00005 
 21.00000 20.98754 
 21.00000 21.03005 
 20.00000 19.98126 
 19.00000 19.09784 
 22.00000 21.98285 
 21.00000 20.96811 
 21.00000 20.95896 
 19.00000 18.97807 
 21.00000 20.94470 
 19.00000 19.01258 
 18.00000 17.96790 
 17.00000 16.85580 
 19.00000 19.03127 
 23.00000 22.91349 
 21.00000 21.00198 
 19.00000 18.97582 
 18.00000 17.94210 
 19.00000 18.93171 
 21.00000 21.09794 
 20.00000 19.94791 
 18.00000 17.98790 
 19.00000 18.99965 
 22.00000 22.03564 
 23.00000 22.90350 
 19.00000 18.98248 
 20.00000 20.04737 
 20.00000 19.92327 
 21.00000 21.00420 
 22.00000 21.99310 
 18.00000 17.99926 
 18.00000 17.98797 
 19.00000 18.98767 
 19.00000 18.97589 
 18.00000 17.96059 
 20.00000 19.99731 
 19.00000 18.99139 
 22.00000 21.88981 
 20.00000 19.97888 
 23.00000 22.82616 
 20.00000 19.95219 
 19.00000 18.98948 
 22.00000 21.94001 
 18.00000 18.05219 
 19.00000 18.94850 
 19.00000 19.01949 
 18.00000 17.98695 
 23.00000 22.81825 
 20.00000 19.82990 
 23.00000 22.97904 
 18.00000 17.96656 
 22.00000 22.02841 
 18.00000 18.00582 
 17.00000 16.99397 
 21.00000 21.00268 
 20.00000 19.97331 
 19.00000 19.03343 
 19.00000 18.98719 
 21.00000 20.94459 
 21.00000 21.01795 
 23.00000 22.98039 
 19.00000 18.94400 
 21.00000 20.94977 
 18.00000 17.96326 
 22.00000 22.02930 
 19.00000 18.99625 
 17.00000 16.98284 
 21.00000 20.97909 
 23.00000 22.96941 
 21.00000 20.99002 
 19.00000 18.96818 
 18.00000 17.98104 
 23.00000 23.01005 
 22.00000 21.96768 
 19.00000 18.98542 
 20.00000 19.85211 
 23.00000 22.97658 
 22.00000 21.98512 
 22.00000 21.93345 
 19.00000 18.97290 
 20.00000 19.99152 
 21.00000 21.03220 
 20.00000 19.93916 
 19.00000 18.98147 
 18.00000 17.94475 
 17.00000 16.98920 
 19.00000 19.03288 
 22.00000 21.99371 
 20.00000 19.97274 
 18.00000 17.96286 
 18.00000 18.02729 
 19.00000 18.96356 
 23.00000 22.97811 
 22.00000 21.94954 
 22.00000 21.83902 
 21.00000 21.01700 
 22.00000 21.93483 
 21.00000 20.97551 
 17.00000 17.03694 
 20.00000 20.02497 
 17.00000 16.92087 
 19.00000 19.03671 
 23.00000 22.87787 
 23.00000 22.81026 
 21.00000 21.01390 
 19.00000 19.04077 
 19.00000 18.99099 
 20.00000 20.01830 
 19.00000 18.84505 
 20.00000 20.01882 
 20.00000 20.04772 
 20.00000 19.89175 
 21.00000 21.00845 
 17.00000 16.93435 
 20.00000 20.01281 
 21.00000 21.01331 
 20.00000 19.97108 
 22.00000 22.05223 
 20.00000 20.02553 
 20.00000 19.99674 
 22.00000 21.94129 
 19.00000 19.01213 
 18.00000 18.01386 
 17.00000 16.99436 
 21.00000 20.94664 
 20.00000 20.00613 
 19.00000 18.96969 
 18.00000 17.92499 
 18.00000 17.97626 
 22.00000 21.98570 
 21.00000 20.97251 
 22.00000 22.00703 
 18.00000 18.05474 
 17.00000 17.01275 
 18.00000 18.01472 
 21.00000 21.00140 
 20.00000 20.06811 
 18.00000 18.02397 
 20.00000 19.96234 
 19.00000 18.98347 
 18.00000 18.03270 
 18.00000 17.98574 
 20.00000 19.95267 
 18.00000 17.97840 
 21.00000 21.00660 
 17.00000 17.01927 
 19.00000 18.98420 
 20.00000 19.99980 
 20.00000 20.02356 
 19.00000 19.01727 
 22.00000 21.98645 
 22.00000 21.99423 
 18.00000 17.98817 
 22.00000 21.95840 
 17.00000 16.96714 
 23.00000 22.95098 
 21.00000 21.00142 
 21.00000 20.98586 
 20.00000 20.01637 
 18.00000 18.02199 
 20.00000 19.98102 
 17.00000 16.96060 
 20.00000 19.96549 
 22.00000 21.99567 
 19.00000 19.01475 
 21.00000 20.97031 
 22.00000 21.94556 
 18.00000 18.02126 
 20.00000 20.05354 
 21.00000 21.01357 
 17.00000 16.96416 
 18.00000 17.98593 
 22.00000 22.00833 
 22.00000 21.99143 
 20.00000 20.07319 
 20.00000 20.03939 
 21.00000 21.03049 
 18.00000 17.94353 
 23.00000 22.91925 
 18.00000 18.03624 
 17.00000 17.01074 
 22.00000 22.05090 
 21.00000 20.94774 
 17.00000 16.99480 
 17.00000 16.85736 
 19.00000 19.02498 
 21.00000 20.97378 
 20.00000 20.01970 
 23.00000 22.78976 
 22.00000 21.99082 
 19.00000 18.93057 
 19.00000 18.99523 
 19.00000 18.94629 
 23.00000 22.97783 
 19.00000 19.00303 
 20.00000 19.90214 
 17.00000 17.00091 
 18.00000 18.05154 
 19.00000 19.04240 
 20.00000 19.92657 
 19.00000 18.97235 
 22.00000 22.01965 
 19.00000 19.01798 
 18.00000 17.94268 
 19.00000 18.91373 
 22.00000 21.99005 
 21.00000 20.96323 
 17.00000 16.95089 
 20.00000 19.98276 
 23.00000 23.01149 
 23.00000 22.93461 
 18.00000 18.02992 
 19.00000 18.95870 
 23.00000 22.96888 
 18.00000 18.02441 
 20.00000 19.97701 
 20.00000 20.02882 
 18.00000 17.98284 
 23.00000 22.99920 
 22.00000 21.99078 
 19.00000 19.02949 
 21.00000 20.94737 
 21.00000 21.01709 
 18.00000 17.96257 
 19.00000 18.94311 
 22.00000 21.98226 
 20.00000 20.00123 
 19.00000 18.99009 
 18.00000 17.98188 
 20.00000 19.97872 
 21.00000 21.02489 
 20.00000 20.02645 
 17.00000 16.99654 
 17.00000 16.99748 
 23.00000 22.97338 
 22.00000 22.01853 
 20.00000 19.96736 
 22.00000 22.00519 
 18.00000 17.96872 
 18.00000 18.00020 
 22.00000 22.01025 
 17.00000 16.95933 
 20.00000 19.99995 
 17.00000 16.86465 
 18.00000 17.94816 
 22.00000 21.99608 
 21.00000 20.97419 
 22.00000 21.98532 
 18.00000 17.99408 
 21.00000 20.94458 
 19.00000 19.01485 
 19.00000 19.00623 
 19.00000 18.95433 
 20.00000 20.00822 
 22.00000 21.91653 
 23.00000 22.91259 
 21.00000 21.00627 
 19.00000 18.97615 
 17.00000 16.93945 
 21.00000 20.99877 
 19.00000 18.98729 
 19.00000 19.01925 
 21.00000 20.97575 
 22.00000 22.01513 
 21.00000 21.00296 
 23.00000 22.98353 
 17.00000 16.95154 
 17.00000 17.03321 
 20.00000 20.02473 
 20.00000 19.96482 
 20.00000 19.99629 
 19.00000 18.85162 
 19.00000 18.94733 
 22.00000 22.03934 
 22.00000 21.94482 
 18.00000 17.97401 
 21.00000 21.01277 
 19.00000 19.02881 
 18.00000 17.94773 
 20.00000 20.05743 
 23.00000 22.97498 
 21.00000 21.00106 
 22.00000 21.90766 
 21.00000 20.94915 
 19.00000 18.90088 
 21.00000 20.91008 
 21.00000 20.97951 
 21.00000 21.03294 
 18.00000 17.98366 
 18.00000 17.99158 
 21.00000 20.98583 
 19.00000 19.00572 
 21.00000 20.95170 
 20.00000 19.97192 
 20.00000 19.93733 
 20.00000 19.99240 
 20.00000 19.96837 
 22.00000 21.99230 
 21.00000 21.02024 
 19.00000 18.94482 
 21.00000 21.00010 
 23.00000 22.84456 
 21.00000 20.97115 
 19.00000 19.00646 
 17.00000 16.85893 
 21.00000 20.95020 
 18.00000 18.03330 
 18.00000 17.97273 
 20.00000 19.96618 
 22.00000 21.90221 
 22.00000 21.96567 
 20.00000 19.97389 
 23.00000 22.96273 
 19.00000 18.97255 
 22.00000 21.99460 
 21.00000 20.99702 
 17.00000 17.02845 
 22.00000 21.99294 
 19.00000 19.00328 
 23.00000 22.99433 
 21.00000 21.00563 
 18.00000 17.93560 
 19.00000 19.04098 
 18.00000 18.00207 
 21.00000 20.98607 
 21.00000 21.02363 
 20.00000 20.00717 
 22.00000 22.00912 
 20.00000 20.02223 
 19.00000 18.93890 
 21.00000 21.01074 
 19.00000 18.98346 
 19.00000 19.01330 
 17.00000 17.04247 
 20.00000 19.99970 
 22.00000 21.90756 
 19.00000 18.99729 
 22.00000 21.94331 
 17.00000 16.98400 
 18.00000 17.97866 
 19.00000 19.03518 
 23.00000 23.00551 
 18.00000 17.96753 
 19.00000 19.01215 
 22.00000 22.01538 
 20.00000 19.99993 
 22.00000 21.92367 
 22.00000 22.00996 
 20.00000 20.00240 
 20.00000 19.94060 
 21.00000 20.99517 
 19.00000 19.02058 
 20.00000 20.01401 
 18.00000 17.98950 
 18.00000 18.01566 
 21.00000 20.98168 
 20.00000 20.00808 
 20.00000 20.02509 
 17.00000 17.06648 
 19.00000 18.91355 
 22.00000 21.96502 
 22.00000 21.96256 
 22.00000 22.01853 
 23.00000 22.96086 
 22.00000 22.00324 
 21.00000 20.99907 
 22.00000 21.95727 
 19.00000 19.00617 
 20.00000 19.93747 
 21.00000 20.95369 
 20.00000 19.97366 
 20.00000 19.98190 
 19.00000 19.02216 
 20.00000 19.95804 
 18.00000 18.03409 
 18.00000 17.92628 
 21.00000 21.02039 
 21.00000 20.96578 
 19.00000 19.00730 
 18.00000 18.04713 
 22.00000 21.98381 
 23.00000 22.96142 
 19.00000 19.06376 
 20.00000 19.98445 
 18.00000 18.02570 
 20.00000 20.02857 
 21.00000 20.99052 
 19.00000 18.98769 
 19.00000 19.01575 
 21.00000 20.96573 
 17.00000 16.98092 
 22.00000 22.01502 
 20.00000 19.99354 
 20.00000 20.04290 
 17.00000 16.95838 
 22.00000 21.99420 
 22.00000 22.00959 
 19.00000 18.97983 
 22.00000 21.95293 
 19.00000 19.08102 
 19.00000 18.98412 
 22.00000 22.00841 
 20.00000 20.03526 
 22.00000 21.96637 
 19.00000 19.02552 
 18.00000 18.06354 
 18.00000 17.96066 
 19.00000 18.99336 
 22.00000 22.04565 
 23.00000 22.94318 
 20.00000 19.99997 
 18.00000 18.00419 
 19.00000 18.98477 
 22.00000 22.00803 
 20.00000 19.98385 
 19.00000 19.00947 
 18.00000 18.02652 
 21.00000 21.00161 
 18.00000 18.02860 
 19.00000 18.98974 
 20.00000 20.02691 
 22.00000 22.00127 
 22.00000 22.02260 
 20.00000 19.98252 
 20.00000 20.00470 
 18.00000 17.99964 
 21.00000 21.01627 
 17.00000 17.03343 
 18.00000 17.99775 
 22.00000 21.98237 
 20.00000 19.99128 
 19.00000 19.04205 
 21.00000 20.96167 
 20.00000 19.93582 
 22.00000 21.96630 
 18.00000 18.01297 
 19.00000 19.00769 
 17.00000 17.01819 
 19.00000 19.00695 
 20.00000 19.94752 
 19.00000 19.01214 
 18.00000 17.92422 
 18.00000 18.01465 
 22.00000 21.98666 
 19.00000 19.02340 
 22.00000 21.99647 
 21.00000 21.02235 
 23.00000 22.94121 
 20.00000 19.99849 
 20.00000 20.03292 
 17.00000 17.06275 
 19.00000 18.95854 
 17.00000 17.03851 
 23.00000 22.95218 
 17.00000 17.08051 
 20.00000 20.03123 
 18.00000 17.98843 
 21.00000 21.00386 
 18.00000 17.98137 
 17.00000 16.86506 
 22.00000 21.95819 
 21.00000 21.02060 
 19.00000 19.07971 
 22.00000 21.90646 
 22.00000 21.97203 
 19.00000 18.94043 
 20.00000 19.94992 
 18.00000 18.00415 
 19.00000 18.97253 
 20.00000 19.97341 
 22.00000 22.03043 
 20.00000 20.04536 
 20.00000 19.91210 
 20.00000 19.95134 
 20.00000 19.99423 
 18.00000 18.00999 
 20.00000 19.97823 
 17.00000 16.94086 
 23.00000 22.92581 
 20.00000 19.99409 
 22.00000 21.97513 
 21.00000 20.96377 
 21.00000 20.97888 
 18.00000 18.00983 
 23.00000 22.94599 
 23.00000 22.98818 
 18.00000 17.96610 
 23.00000 22.95333 
 18.00000 17.96133 
 22.00000 22.01042 
 18.00000 18.05541 
 20.00000 20.02808 
 18.00000 18.01574 
 22.00000 21.98965 
 19.00000 18.94576 
 21.00000 20.96312 
 21.00000 21.02012 
 19.00000 19.02908 
 18.00000 18.04896 
 21.00000 20.93664 
 20.00000 20.04462 
 21.00000 20.94767 
 22.00000 22.01242 
 17.00000 16.97008 
 19.00000 19.03945 
 22.00000 22.00604 
 20.00000 19.95380 
 18.00000 17.94010 
 18.00000 18.01544 
 17.00000 16.93622 
 19.00000 19.03294 
 22.00000 21.99344 
 22.00000 21.82510 
 19.00000 18.94883 
 20.00000 19.99488 
 22.00000 21.96398 
 22.00000 21.96472 
 17.00000 16.85339 
 19.00000 18.99503 
 17.00000 17.05944 
 23.00000 22.96209 
 22.00000 21.95591 
 22.00000 21.97676 
 22.00000 21.98181 
 22.00000 22.01203 
 22.00000 21.91582 
 19.00000 18.95221 
 19.00000 19.04894 
 20.00000 20.00804 
 21.00000 21.00197 
 22.00000 21.99164 
 19.00000 19.00896 
 19.00000 18.97729 
 22.00000 21.93090 
 21.00000 20.89453 
 19.00000 19.00502 
 18.00000 17.98790 
 19.00000 18.99798 
 20.00000 19.92978 
 20.00000 19.96363 
 19.00000 19.01329 
 22.00000 21.98819 
 21.00000 20.94394 
 20.00000 20.01204 
 21.00000 20.95559 
 21.00000 20.92365 
 21.00000 20.95892 
 20.00000 19.96967 
 18.00000 17.99348 
 17.00000 17.03704 
 21.00000 20.97121 
 22.00000 22.05230 
 18.00000 18.05373 
 19.00000 18.80868 
 20.00000 19.90951 
 22.00000 21.97676 
 20.00000 20.02720 
 20.00000 19.99358 
 17.00000 17.06731 
 18.00000 17.92991 
 20.00000 19.98824 
 20.00000 20.02090 
 20.00000 19.96363 
 18.00000 18.02212 
 17.00000 16.95428 
 18.00000 17.98762 
 21.00000 20.97382 
 22.00000 21.99463 
 22.00000 22.02238 
 19.00000 19.03711 
 17.00000 17.01025 
 19.00000 19.02629 
 20.00000 20.04167 
 18.00000 18.02707 
 17.00000 16.95650 
 18.00000 18.01689 
 18.00000 17.97709 
 17.00000 16.96134 
 17.00000 16.89268 
 22.00000 22.00484 
 23.00000 22.96020 
 22.00000 21.92143 
 21.00000 21.00046 
 17.00000 17.09071 
 22.00000 21.89114 
 19.00000 18.97786 
 20.00000 19.90545 
 18.00000 18.02168 
 19.00000 18.99872 
 20.00000 20.04949 
 21.00000 20.98488 
 21.00000 20.95902 
 21.00000 20.94943 
 22.00000 21.97119 
 21.00000 20.98166 
 19.00000 18.99315 
 22.00000 21.98015 
 22.00000 21.98286 
 22.00000 21.96312 
 19.00000 19.04303 
 18.00000 17.97710 
 19.00000 19.00969 
 23.00000 23.00483 
 23.00000 22.85974 
 19.00000 19.03380 
 19.00000 19.04423 
 20.00000 19.97323 
 23.00000 22.95980 
 20.00000 20.03582 
 18.00000 17.96501 
 22.00000 21.98873 
 21.00000 20.92268 
 23.00000 22.95378 
 22.00000 21.95354 
 17.00000 16.95676 
 19.00000 19.09378 
 23.00000 23.00051 
 21.00000 21.01754 
 20.00000 20.01442 
 22.00000 21.95901 
 21.00000 21.00244 
 22.00000 22.04482 
 20.00000 19.97253 
 21.00000 20.91222 
 18.00000 18.03780 
 20.00000 19.94847 
 18.00000 18.02183 
 17.00000 17.01377 
 20.00000 20.01046 
 22.00000 22.01353 
 21.00000 20.98635 
 22.00000 21.94527 
 20.00000 20.03324 
 19.00000 18.99275 
 19.00000 18.97061 
 20.00000 19.99747 
 18.00000 17.98297 
 20.00000 20.04843 
 22.00000 21.89869 
 21.00000 20.98531 
 19.00000 18.99502 
 19.00000 18.95827 
 20.00000 19.97812 
 20.00000 19.98661 
 18.00000 18.00471 
 22.00000 21.98760 
 17.00000 17.01567 
 18.00000 17.99785 
 20.00000 19.94257 
 20.00000 20.01658 
 23.00000 22.96921 
 22.00000 22.02834 
 22.00000 21.88672 
 22.00000 22.01512 
 23.00000 23.01917 
 21.00000 20.92847 
 19.00000 18.97626 
 21.00000 20.94535 
 20.00000 19.94021 
 22.00000 21.93609 
 20.00000 20.00068 
 19.00000 19.05483 
 21.00000 20.99373 
 17.00000 16.99487 
 18.00000 17.94423 
 20.00000 19.99284 
 21.00000 20.94718 
 19.00000 18.99170 
 17.00000 16.85876 
 20.00000 20.02463 
 20.00000 20.03064 
 20.00000 19.97251 
 21.00000 21.08889 
 18.00000 17.99146 
 21.00000 21.00065 
 21.00000 20.98232 
 22.00000 22.05620 
 20.00000 19.97510 
 19.00000 18.96679 
 19.00000 19.01850 
 18.00000 18.01220 
 23.00000 22.94893 
 17.00000 17.04219 
 21.00000 20.99463 
 18.00000 18.01589 
 20.00000 19.99912 
 17.00000 17.01894 
 19.00000 18.98619 
 18.00000 17.98006 
 22.00000 22.01597 
 18.00000 17.96051 
 19.00000 18.97752 
 18.00000 17.95575 
 20.00000 19.96430 
 21.00000 20.90217 
 20.00000 19.97539 
 21.00000 20.97402 
 18.00000 18.04408 
 20.00000 20.01723 
 22.00000 21.97566 
 21.00000 20.98981 
 19.00000 18.96474 
 23.00000 23.01789 
 22.00000 21.88417 
 23.00000 22.86486 
 22.00000 21.97257 
 18.00000 17.98486 
 22.00000 21.96173 
 19.00000 19.02304 
 19.00000 19.08806 
 20.00000 19.97252 
 20.00000 19.98974 
 19.00000 18.99749 
 22.00000 21.96570 
 17.00000 16.84932 
 22.00000 21.96808 
 18.00000 17.94940 
 19.00000 18.97020 
 20.00000 20.02428 
 20.00000 19.98392 
 17.00000 16.95910 
 22.00000 21.97452 
 22.00000 22.02488 
 18.00000 18.05005 
 22.00000 22.01589 
 21.00000 20.97997 
 20.00000 20.00581 
 18.00000 18.03255 
 20.00000 19.95174 
 23.00000 22.97042 
 19.00000 19.00774 
 23.00000 22.91563 
 17.00000 16.99697 
 18.00000 18.00058 
 18.00000 18.01692 
 20.00000 19.97866 
 18.00000 18.01158 
 22.00000 22.01646 
 22.00000 21.94242 
 22.00000 22.02920 
 22.00000 22.02631 
 18.00000 18.04282 
 23.00000 22.97338 
 22.00000 22.03812 
 21.00000 20.96277 
 22.00000 21.98323 
 17.00000 16.85440 
 23.00000 23.01245 
 22.00000 22.00832 
 22.00000 21.99688 
 19.00000 19.03548 
 22.00000 22.01727 
 21.00000 21.00812 
 20.00000 19.97245 
 18.00000 17.99487 
 18.00000 18.01882 
 20.00000 20.03230 
 20.00000 20.01013 
 17.00000 17.03468 
 20.00000 19.99323 
 18.00000 17.87425 
 18.00000 17.96789 
 22.00000 21.96905 
 19.00000 18.98373 
 21.00000 20.97548 
 21.00000 20.95404 
 21.00000 20.99761 
 18.00000 18.06829 
 21.00000 20.96210 
 20.00000 20.01519 
 19.00000 18.99769 
 20.00000 19.98119 
 21.00000 20.96747 
 18.00000 18.00823 
 23.00000 22.93539 
 19.00000 18.98407 
 22.00000 21.98238 
 19.00000 18.98220 
 22.00000 22.03808 
 23.00000 22.95975 
 17.00000 17.00018 
 20.00000 19.99224 
 19.00000 18.97691 
 23.00000 22.95124 
 20.00000 20.00396 
 20.00000 19.99191 
 22.00000 21.98551 
 20.00000 19.98748 
 21.00000 20.99220 
 19.00000 19.04356 
 18.00000 17.99183 
 19.00000 19.03074 
 22.00000 22.02766 
 21.00000 21.01762 
 19.00000 19.01121 
 19.00000 18.97704 
 21.00000 20.97557 
 21.00000 20.96155 
 22.00000 21.96493 
 22.00000 22.00512 
 18.00000 17.98514 
 18.00000 18.02936 
 19.00000 18.96552 
 18.00000 17.98703 
 18.00000 18.00221 
 18.00000 17.98992 
 22.00000 22.02446 
 22.00000 21.91255 
 20.00000 20.01440 
 17.00000 16.99017 
 21.00000 20.99021 
 22.00000 21.97697 
 22.00000 21.98210 
 19.00000 18.94999 
 20.00000 19.96254 
 19.00000 19.04273 
 21.00000 21.01545 
 20.00000 20.05342 
 17.00000 16.86028 
 17.00000 16.99043 
 20.00000 20.00237 
 18.00000 17.91271 
 23.00000 22.94939 
 20.00000 20.01429 
 21.00000 21.01447 
