 18.00000 18.05650 
 22.00000 21.99920 
 23.00000 22.90338 
 19.00000 18.91830 
 20.00000 19.97825 
 23.00000 22.84512 
 23.00000 22.96434 
 19.00000 19.03972 
 19.00000 18.97075 
 20.00000 19.95816 
 20.00000 19.81455 
 19.00000 18.90299 
 22.00000 21.96231 
 18.00000 17.92175 
 20.00000 19.89217 
 19.00000 18.94346 
 22.00000 21.89823 
 21.00000 20.99047 
 18.00000 17.98472 
 17.00000 16.87315 
 22.00000 21.92369 
 22.00000 21.98445 
 21.00000 20.94239 
 21.00000 20.95983 
 18.00000 17.98150 
 20.00000 19.94447 
 22.00000 21.89057 
 17.00000 16.94430 
 18.00000 17.95966 
 20.00000 19.83417 
 17.00000 16.96800 
 22.00000 21.99810 
 18.00000 17.92530 
 22.00000 21.93651 
 17.00000 17.00814 
 18.00000 17.95843 
 20.00000 19.96689 
 20.00000 19.92340 
 23.00000 22.96379 
 19.00000 19.00381 
 18.00000 18.12092 
 22.00000 21.88587 
 21.00000 20.80139 
 19.00000 18.99294 
 21.00000 20.94280 
 21.00000 20.89688 
 22.00000 21.87548 
 23.00000 23.05605 
 20.00000 19.87372 
 22.00000 21.98414 
 20.00000 19.89562 
 22.00000 22.03954 
 22.00000 21.91735 
 18.00000 17.99145 
 23.00000 22.99987 
 19.00000 18.97199 
 19.00000 18.94633 
 23.00000 22.93225 
 18.00000 18.00206 
 22.00000 21.85970 
 20.00000 19.87331 
 22.00000 22.00692 
 17.00000 16.87357 
 23.00000 23.02698 
 21.00000 20.93021 
 22.00000 21.96478 
 22.00000 21.92419 
 19.00000 18.93426 
 22.00000 21.95499 
 20.00000 19.91448 
 17.00000 16.82174 
 21.00000 20.91848 
 19.00000 18.94838 
 22.00000 21.91600 
 20.00000 19.93577 
 21.00000 20.91407 
 21.00000 20.78443 
 18.00000 17.93461 
 19.00000 18.91402 
 18.00000 17.95146 
 21.00000 20.93174 
 19.00000 18.84033 
 22.00000 21.91192 
 20.00000 19.99908 
 18.00000 18.03183 
 18.00000 17.97763 
 22.00000 21.96225 
 18.00000 17.99930 
 21.00000 20.89895 
 18.00000 17.88329 
 20.00000 19.93723 
 18.00000 17.84068 
 21.00000 20.94464 
 19.00000 18.93548 
 19.00000 18.93596 
 23.00000 22.89221 
 20.00000 19.89712 
 20.00000 19.85596 
 22.00000 21.97170 
 18.00000 17.95644 
 20.00000 19.92355 
 22.00000 21.94029 
 19.00000 18.89047 
 23.00000 22.98627 
 22.00000 21.95637 
 17.00000 16.99239 
 19.00000 18.95309 
 22.00000 21.99142 
 17.00000 16.98795 
 18.00000 17.94551 
 21.00000 20.98839 
 20.00000 19.89970 
 17.00000 16.94558 
 18.00000 17.93262 
 19.00000 18.93718 
 18.00000 17.85771 
 18.00000 17.95289 
 17.00000 16.91547 
 21.00000 20.93483 
 21.00000 21.00461 
 18.00000 17.91306 
 19.00000 18.98148 
 22.00000 22.01991 
 20.00000 19.85180 
 22.00000 21.84837 
 19.00000 18.88862 
 22.00000 21.98911 
 18.00000 17.92240 
 21.00000 20.95028 
 23.00000 22.89183 
 21.00000 21.05910 
 18.00000 17.93400 
 20.00000 19.95307 
 22.00000 21.92843 
 23.00000 22.94367 
 22.00000 21.95889 
 19.00000 19.03941 
 19.00000 18.87869 
 22.00000 22.00207 
 19.00000 18.92792 
 23.00000 22.94800 
 21.00000 20.92421 
 20.00000 19.96938 
 21.00000 20.83853 
 17.00000 16.95692 
 22.00000 21.97489 
 18.00000 17.90821 
 17.00000 16.97668 
 17.00000 16.90655 
 21.00000 20.95480 
 19.00000 18.92526 
 22.00000 21.90084 
 17.00000 16.97019 
 19.00000 18.99135 
 21.00000 20.96833 
 23.00000 22.97900 
 17.00000 16.99358 
 18.00000 17.97653 
 19.00000 18.87157 
 21.00000 20.98754 
 22.00000 21.88641 
 19.00000 18.85346 
 23.00000 22.92587 
 18.00000 17.90839 
 19.00000 18.95894 
 21.00000 20.97579 
 20.00000 19.89090 
 18.00000 17.96166 
 17.00000 16.98020 
 20.00000 19.88445 
 21.00000 20.92211 
 22.00000 21.94830 
 23.00000 22.91680 
 22.00000 21.92461 
 22.00000 22.03136 
 20.00000 19.93174 
 19.00000 18.96892 
 18.00000 17.99369 
 22.00000 21.84473 
 18.00000 17.97136 
 22.00000 21.97054 
 21.00000 20.96939 
 17.00000 16.94351 
 21.00000 20.87530 
 21.00000 20.96343 
 18.00000 17.99397 
 19.00000 18.99217 
 18.00000 17.96188 
 21.00000 21.00779 
 22.00000 21.98102 
 17.00000 16.97449 
 21.00000 20.87210 
 20.00000 19.98733 
 21.00000 20.95925 
 20.00000 19.97651 
 18.00000 17.91049 
 22.00000 21.99726 
 19.00000 18.97861 
 23.00000 22.94367 
 17.00000 16.93343 
 21.00000 20.92285 
 22.00000 21.98508 
 17.00000 16.94893 
 22.00000 21.98372 
 20.00000 20.00362 
 18.00000 17.86055 
 20.00000 19.90512 
 19.00000 19.06209 
 21.00000 20.98121 
 22.00000 21.87848 
 21.00000 20.89739 
 21.00000 20.91660 
 22.00000 22.01269 
 18.00000 18.05437 
 19.00000 18.85482 
 22.00000 21.99309 
 18.00000 17.96235 
 18.00000 17.91788 
 17.00000 16.95053 
 19.00000 18.87262 
 18.00000 18.06630 
 20.00000 19.93924 
 22.00000 22.01470 
 18.00000 17.97968 
 22.00000 21.94807 
 18.00000 18.00635 
 21.00000 20.96354 
 20.00000 19.93983 
 22.00000 21.87262 
 23.00000 22.90888 
 22.00000 21.96968 
 18.00000 17.88488 
 19.00000 18.92445 
 21.00000 20.91903 
 20.00000 19.95522 
 22.00000 21.94005 
 18.00000 17.95302 
 18.00000 17.94194 
 18.00000 17.93806 
 18.00000 17.87906 
 18.00000 17.93863 
 22.00000 21.98516 
 18.00000 18.02531 
 21.00000 21.04047 
 18.00000 17.83115 
 22.00000 21.91782 
 21.00000 20.91650 
 22.00000 21.96138 
 21.00000 20.96544 
 21.00000 20.93886 
 22.00000 21.95640 
 19.00000 18.99066 
 17.00000 16.96227 
 22.00000 21.88287 
 19.00000 18.91583 
 21.00000 21.02013 
 18.00000 17.94061 
 20.00000 20.01455 
 22.00000 21.89030 
 21.00000 20.91562 
 23.00000 22.98019 
 23.00000 22.93459 
 22.00000 22.01726 
 21.00000 20.86137 
 21.00000 20.92297 
 19.00000 18.93822 
 23.00000 22.94190 
 18.00000 17.85513 
 19.00000 18.93338 
 21.00000 20.89158 
 22.00000 21.98809 
 19.00000 18.93159 
 18.00000 17.90731 
 17.00000 16.86375 
 21.00000 20.90657 
 22.00000 21.96229 
 20.00000 19.87179 
 20.00000 19.91239 
 21.00000 20.96936 
 18.00000 17.96670 
 21.00000 20.92531 
 18.00000 17.94477 
 18.00000 17.99157 
 19.00000 18.92400 
 23.00000 22.93208 
 19.00000 19.04335 
 22.00000 21.97801 
 21.00000 20.93291 
 20.00000 19.89224 
 22.00000 21.91477 
 23.00000 22.92227 
 20.00000 19.90013 
 18.00000 17.93001 
 20.00000 19.93898 
 21.00000 21.05845 
 19.00000 18.85583 
 20.00000 19.93488 
 20.00000 19.84848 
 22.00000 21.98662 
 22.00000 21.93999 
 22.00000 21.96874 
 22.00000 21.98267 
 21.00000 20.97312 
 19.00000 18.95716 
 17.00000 16.91054 
 22.00000 21.93125 
 19.00000 18.93349 
 22.00000 21.94123 
 19.00000 18.92267 
 20.00000 19.95691 
 18.00000 17.95165 
 23.00000 22.89592 
 20.00000 19.97330 
 19.00000 18.95435 
 20.00000 19.94209 
 22.00000 21.91917 
 22.00000 21.94305 
 20.00000 19.88378 
 20.00000 19.98773 
 20.00000 19.98242 
 22.00000 21.92700 
 22.00000 21.87448 
 21.00000 20.90030 
 17.00000 16.90536 
 21.00000 20.96723 
 18.00000 17.98589 
 21.00000 20.92071 
 19.00000 18.97201 
 20.00000 19.95051 
 19.00000 18.92722 
 19.00000 18.91502 
 20.00000 19.95260 
 22.00000 21.94413 
 22.00000 21.93117 
 17.00000 16.99088 
 22.00000 21.99890 
 21.00000 20.94824 
 23.00000 22.96229 
 19.00000 19.00775 
 21.00000 21.05141 
 23.00000 22.92258 
 19.00000 18.99469 
 21.00000 20.94412 
 17.00000 16.90986 
 20.00000 19.90961 
 20.00000 19.98306 
 18.00000 17.96471 
 18.00000 18.03342 
 21.00000 21.00382 
 22.00000 21.94991 
 23.00000 22.92438 
 17.00000 16.91073 
 22.00000 21.98300 
 19.00000 18.93705 
 18.00000 17.87315 
 22.00000 21.94341 
 23.00000 22.99319 
 19.00000 18.95458 
 21.00000 20.93217 
 23.00000 22.92988 
 18.00000 17.97068 
 20.00000 19.87221 
 21.00000 20.91688 
 23.00000 22.93773 
 17.00000 16.90662 
 22.00000 21.98821 
 20.00000 19.90609 
 23.00000 22.80645 
 19.00000 18.99201 
 22.00000 22.02928 
 18.00000 18.01825 
 19.00000 18.93781 
 22.00000 21.89294 
 23.00000 22.89879 
 19.00000 18.98120 
 22.00000 21.92251 
 21.00000 20.99441 
 18.00000 18.02970 
 20.00000 19.88953 
 22.00000 21.94078 
 18.00000 17.98998 
 20.00000 19.92075 
 19.00000 18.89784 
 21.00000 20.87750 
 18.00000 18.05649 
 22.00000 21.92660 
 18.00000 17.93600 
 22.00000 22.01939 
 21.00000 20.91388 
 18.00000 17.95728 
 23.00000 22.86736 
 19.00000 18.96585 
 21.00000 20.88818 
 21.00000 20.96873 
 19.00000 19.00802 
 22.00000 21.90203 
 22.00000 21.92150 
 18.00000 17.86960 
 20.00000 19.85797 
 23.00000 22.93118 
 18.00000 18.01658 
 19.00000 19.02979 
 18.00000 17.94724 
 23.00000 22.98923 
 18.00000 17.91893 
 18.00000 17.95793 
 20.00000 20.04074 
 22.00000 21.85140 
 18.00000 17.91082 
 20.00000 19.90652 
 18.00000 17.91617 
 20.00000 19.94679 
 20.00000 19.96540 
 20.00000 19.91080 
 22.00000 21.88747 
 21.00000 20.91840 
 22.00000 22.02581 
 22.00000 21.96835 
 22.00000 21.92652 
 22.00000 21.95721 
 17.00000 16.91627 
 21.00000 20.93853 
 21.00000 20.94517 
 17.00000 16.94245 
 21.00000 21.08659 
 21.00000 20.94219 
 19.00000 18.94420 
 18.00000 17.92584 
 22.00000 21.94837 
 20.00000 19.96428 
 18.00000 17.94824 
 19.00000 18.87893 
 19.00000 19.01789 
 22.00000 22.01393 
 17.00000 16.99024 
 21.00000 20.89590 
 21.00000 21.01234 
 22.00000 22.01446 
 18.00000 17.93915 
 22.00000 21.99173 
 18.00000 18.05403 
 22.00000 21.94983 
 19.00000 18.92861 
 20.00000 19.90988 
 18.00000 17.90109 
 22.00000 21.96971 
 21.00000 20.98926 
 19.00000 18.95409 
 21.00000 20.93774 
 22.00000 21.99036 
 21.00000 21.00396 
 18.00000 18.02762 
 18.00000 18.02031 
 18.00000 17.92819 
 21.00000 20.97325 
 22.00000 21.96028 
 20.00000 19.88438 
 21.00000 20.92698 
 21.00000 20.92489 
 17.00000 16.99066 
 21.00000 20.91967 
 18.00000 18.03289 
 17.00000 16.93553 
 19.00000 18.99120 
 21.00000 20.90304 
 23.00000 22.93444 
 18.00000 17.91869 
 19.00000 18.87024 
 19.00000 18.97845 
 22.00000 21.98585 
 19.00000 19.03334 
 21.00000 20.94614 
 18.00000 17.89968 
 17.00000 16.95162 
 19.00000 18.90787 
 20.00000 19.89506 
 23.00000 22.91668 
 22.00000 21.95676 
 19.00000 18.90843 
 17.00000 16.97100 
 22.00000 22.05211 
 22.00000 21.94703 
 20.00000 19.88932 
 18.00000 17.88287 
 21.00000 20.99331 
 20.00000 19.96209 
 21.00000 20.90221 
 22.00000 21.97258 
 18.00000 17.95740 
 21.00000 20.73979 
 21.00000 20.91973 
 19.00000 18.93669 
 20.00000 19.87133 
 20.00000 19.91268 
 23.00000 22.94351 
 21.00000 20.93565 
 22.00000 21.99377 
 19.00000 18.89702 
 21.00000 20.88947 
 21.00000 20.98030 
 18.00000 17.96727 
 22.00000 21.91538 
 20.00000 19.93719 
 23.00000 22.96968 
 18.00000 17.96554 
 22.00000 21.96999 
 21.00000 20.87297 
 20.00000 19.91321 
 17.00000 16.94600 
 18.00000 18.00591 
 18.00000 17.91694 
 17.00000 16.97158 
 19.00000 19.02812 
 23.00000 22.87594 
 19.00000 19.01401 
 18.00000 17.95638 
 20.00000 19.94858 
 20.00000 19.95405 
 20.00000 19.95085 
 20.00000 19.90747 
 19.00000 19.01165 
 19.00000 18.92220 
 22.00000 21.94578 
 22.00000 21.98188 
 20.00000 19.90453 
 21.00000 20.87617 
 17.00000 16.92294 
 21.00000 20.94616 
 22.00000 21.99400 
 19.00000 18.99439 
 20.00000 19.95194 
 21.00000 20.91997 
 23.00000 22.90245 
 23.00000 22.84242 
 20.00000 19.97704 
 21.00000 20.90136 
 22.00000 21.91788 
 22.00000 21.92248 
 21.00000 21.02613 
 21.00000 20.89918 
 19.00000 18.98806 
 18.00000 18.04615 
 17.00000 16.96875 
 22.00000 21.99356 
 18.00000 17.97734 
 18.00000 17.94102 
 19.00000 18.97245 
 18.00000 17.98237 
 21.00000 20.96328 
 22.00000 21.97455 
 18.00000 17.94322 
 19.00000 18.95011 
 19.00000 18.91270 
 23.00000 22.91387 
 19.00000 18.88669 
 18.00000 17.95293 
 22.00000 21.80754 
 22.00000 21.95028 
 21.00000 20.91347 
 20.00000 19.97524 
 22.00000 22.02019 
 17.00000 17.04352 
 19.00000 18.94061 
 19.00000 18.91771 
 17.00000 16.92884 
 21.00000 20.90218 
 18.00000 17.92012 
 20.00000 19.91805 
 23.00000 22.94120 
 19.00000 18.96595 
 22.00000 21.89015 
 17.00000 16.94060 
 22.00000 21.89799 
 21.00000 20.73385 
 18.00000 17.96128 
 18.00000 17.98381 
 17.00000 16.94768 
 22.00000 22.00498 
 21.00000 20.91502 
 22.00000 21.95919 
 19.00000 18.95722 
 20.00000 19.97507 
 22.00000 21.98161 
 18.00000 18.01632 
 20.00000 19.93245 
 20.00000 19.94792 
 22.00000 21.95884 
 18.00000 17.98910 
 20.00000 19.93686 
 22.00000 21.96279 
 17.00000 16.96339 
 22.00000 21.93283 
 22.00000 21.92214 
 18.00000 17.91076 
 20.00000 20.04689 
 21.00000 20.95507 
 20.00000 19.92198 
 20.00000 19.96177 
 20.00000 19.90899 
 18.00000 17.94596 
 21.00000 21.06145 
 23.00000 22.94809 
 20.00000 19.94748 
 20.00000 19.89889 
 19.00000 18.92105 
 21.00000 20.96416 
 17.00000 16.92787 
 19.00000 18.92459 
 19.00000 19.00722 
 21.00000 20.89302 
 20.00000 20.06610 
 22.00000 22.00156 
 22.00000 21.91935 
 18.00000 18.01894 
 18.00000 18.00515 
 18.00000 17.95879 
 22.00000 21.94180 
 21.00000 20.94360 
 22.00000 21.89977 
 22.00000 21.90926 
 21.00000 20.89538 
 22.00000 21.92405 
 21.00000 21.03034 
 21.00000 20.95417 
 19.00000 18.94695 
 20.00000 19.96667 
 20.00000 19.91220 
 22.00000 21.87536 
 17.00000 16.95620 
 19.00000 18.90594 
 20.00000 19.95189 
 22.00000 21.87753 
 18.00000 18.00890 
 22.00000 21.96351 
 18.00000 17.95886 
 22.00000 21.94053 
 23.00000 22.86413 
 22.00000 22.00311 
 17.00000 16.87635 
 19.00000 19.01490 
 22.00000 21.92374 
 19.00000 18.95833 
 19.00000 18.93190 
 18.00000 17.94231 
 17.00000 16.94486 
 19.00000 18.91950 
 19.00000 18.96399 
 22.00000 21.87622 
 18.00000 17.88112 
 22.00000 22.00051 
 20.00000 19.91102 
 20.00000 19.97323 
 18.00000 17.96368 
 20.00000 19.92481 
 20.00000 19.94953 
 22.00000 21.95524 
 19.00000 19.05558 
 17.00000 16.84887 
 21.00000 20.98861 
 21.00000 20.84641 
 18.00000 17.91393 
 21.00000 20.95905 
 18.00000 18.00180 
 21.00000 21.02079 
 22.00000 21.93959 
 20.00000 19.88686 
 17.00000 16.90789 
 21.00000 20.94036 
 18.00000 17.90344 
 20.00000 19.95107 
 20.00000 19.98856 
 20.00000 19.96230 
 20.00000 19.93551 
 21.00000 20.93855 
 20.00000 19.90744 
 21.00000 21.00419 
 22.00000 21.93605 
 18.00000 17.93489 
 22.00000 21.93392 
 21.00000 20.92176 
 18.00000 17.92983 
 18.00000 18.05935 
 22.00000 21.88267 
 17.00000 16.91680 
 22.00000 21.92930 
 22.00000 21.90055 
 18.00000 17.99339 
 17.00000 16.89964 
 21.00000 21.02129 
 18.00000 17.99919 
 20.00000 19.90272 
 22.00000 21.94031 
 22.00000 21.95581 
 18.00000 17.89492 
 22.00000 21.92499 
 21.00000 20.91662 
 22.00000 21.96397 
 21.00000 21.00700 
 18.00000 17.94645 
 21.00000 20.91468 
 23.00000 22.96014 
 21.00000 20.89207 
 18.00000 17.94611 
 21.00000 20.99870 
 17.00000 16.97876 
 22.00000 21.95742 
 23.00000 22.95149 
 21.00000 20.87688 
 21.00000 20.98393 
 18.00000 18.00672 
 20.00000 19.90491 
 22.00000 21.88448 
 17.00000 17.05951 
 21.00000 20.92371 
 22.00000 21.90493 
 21.00000 20.95694 
 20.00000 19.94633 
 23.00000 22.90279 
 23.00000 22.91959 
 18.00000 17.90428 
 20.00000 19.84780 
 23.00000 22.87140 
 22.00000 21.90409 
 21.00000 20.92632 
 21.00000 20.98376 
 22.00000 22.02906 
 20.00000 19.90678 
 17.00000 16.95807 
 18.00000 17.95413 
 22.00000 21.99595 
 19.00000 18.95091 
 20.00000 19.94877 
 21.00000 20.94281 
 17.00000 16.96512 
 22.00000 21.91545 
 22.00000 21.95569 
 18.00000 17.92687 
 22.00000 21.89660 
 18.00000 17.91294 
 22.00000 21.97348 
 21.00000 20.88063 
 19.00000 19.05728 
 20.00000 19.93622 
 21.00000 20.98494 
 23.00000 22.97287 
 23.00000 23.01277 
 18.00000 17.95226 
 21.00000 20.94775 
 22.00000 21.96198 
 20.00000 19.92874 
 20.00000 19.96100 
 22.00000 21.87941 
 21.00000 20.92478 
 20.00000 19.84121 
 19.00000 18.96332 
 19.00000 19.02391 
 22.00000 22.01644 
 21.00000 21.00156 
 19.00000 18.92877 
 17.00000 16.97700 
 20.00000 19.99436 
 20.00000 19.91765 
 22.00000 21.95930 
 22.00000 21.98019 
 18.00000 17.94257 
 18.00000 17.93510 
 20.00000 19.91731 
 18.00000 17.98434 
 18.00000 17.84770 
 21.00000 20.95485 
 20.00000 19.86137 
 21.00000 20.87449 
 21.00000 20.96566 
 20.00000 19.91131 
 19.00000 19.08857 
 20.00000 19.85554 
 19.00000 18.92907 
 19.00000 19.00828 
 21.00000 20.89651 
 21.00000 20.91034 
 20.00000 19.88984 
 22.00000 21.99375 
 17.00000 16.90381 
 22.00000 21.95688 
 21.00000 20.90651 
 18.00000 17.91474 
 20.00000 19.91142 
 18.00000 17.99889 
 18.00000 17.90727 
 18.00000 17.96599 
 18.00000 17.97129 
 21.00000 20.96761 
 20.00000 19.87328 
 22.00000 21.94277 
 22.00000 21.94141 
 23.00000 22.98848 
 20.00000 19.89554 
 22.00000 21.90916 
 19.00000 18.91030 
 18.00000 17.92895 
 19.00000 19.00009 
 19.00000 19.16049 
 19.00000 18.96935 
 17.00000 17.04779 
 22.00000 21.92409 
 20.00000 19.93734 
 18.00000 17.96245 
 18.00000 17.94394 
 19.00000 18.95655 
 22.00000 21.96505 
 21.00000 21.00940 
 18.00000 18.08410 
 23.00000 22.93976 
 18.00000 17.96172 
 22.00000 21.92829 
 21.00000 20.94337 
 20.00000 20.01428 
 22.00000 21.94288 
 20.00000 19.95237 
 23.00000 22.91869 
 22.00000 21.99113 
 21.00000 20.96347 
 23.00000 23.00309 
 21.00000 20.95373 
 19.00000 19.08853 
 20.00000 19.88465 
 23.00000 22.99646 
 21.00000 20.93346 
 17.00000 16.96678 
 21.00000 20.91929 
 18.00000 18.01844 
 17.00000 16.92516 
 22.00000 21.95644 
 19.00000 18.92162 
 21.00000 20.98989 
 23.00000 22.83389 
 22.00000 21.94600 
 21.00000 20.87532 
 21.00000 20.88363 
 19.00000 18.94989 
 18.00000 17.97128 
 23.00000 22.87158 
 20.00000 19.96244 
 23.00000 22.94007 
 17.00000 16.87051 
 18.00000 17.84738 
 20.00000 19.90632 
 20.00000 19.93592 
 22.00000 21.93752 
 18.00000 17.88531 
 19.00000 18.90904 
 21.00000 20.91587 
 19.00000 18.94165 
 20.00000 20.03147 
 18.00000 17.95667 
 20.00000 19.89240 
 17.00000 16.93733 
 20.00000 19.91998 
 18.00000 17.93444 
 18.00000 17.92433 
 18.00000 17.91133 
 18.00000 17.96585 
 19.00000 18.92311 
 18.00000 17.90925 
 20.00000 20.06306 
 18.00000 17.96413 
 18.00000 18.02122 
 20.00000 19.92370 
 22.00000 21.92300 
 19.00000 19.02066 
 21.00000 20.96831 
 21.00000 21.02499 
 17.00000 16.92534 
 21.00000 21.03618 
 19.00000 18.95740 
 20.00000 19.88654 
 22.00000 21.94987 
 18.00000 17.95232 
 21.00000 20.93331 
 20.00000 19.97307 
 20.00000 19.92469 
 17.00000 16.96784 
 23.00000 22.90126 
 23.00000 22.91106 
 17.00000 16.94460 
 22.00000 21.97372 
 18.00000 18.06488 
 21.00000 20.99112 
 18.00000 17.96640 
 22.00000 21.92985 
 17.00000 16.97953 
 20.00000 19.89702 
 22.00000 21.90847 
 20.00000 19.89007 
 21.00000 20.96374 
 18.00000 17.93340 
 21.00000 20.97469 
 17.00000 17.02269 
 21.00000 20.98405 
 21.00000 21.01421 
 20.00000 19.89628 
 22.00000 21.92965 
 22.00000 21.88560 
 23.00000 22.88109 
 22.00000 22.02648 
 18.00000 17.98436 
 22.00000 21.99619 
 19.00000 18.94791 
 21.00000 20.97385 
 19.00000 19.01246 
 18.00000 17.88790 
 22.00000 21.99837 
 22.00000 22.00729 
 22.00000 21.95593 
 17.00000 16.87450 
 18.00000 18.05929 
 17.00000 16.99180 
 18.00000 17.87338 
 19.00000 18.87673 
 18.00000 17.95192 
 21.00000 21.00071 
 17.00000 16.96710 
 20.00000 19.92581 
 21.00000 20.97761 
 18.00000 17.92964 
 20.00000 19.91544 
 22.00000 21.98764 
 20.00000 19.89850 
 18.00000 17.87907 
 21.00000 20.95763 
 20.00000 20.04289 
 18.00000 17.95814 
 20.00000 19.99330 
 22.00000 21.99334 
 21.00000 20.96272 
 18.00000 17.94481 
 22.00000 21.92948 
 20.00000 19.89928 
 18.00000 17.91183 
 19.00000 18.90046 
 20.00000 19.92428 
 19.00000 18.84291 
 20.00000 19.94604 
 19.00000 18.95463 
 18.00000 18.03193 
 19.00000 18.89250 
 18.00000 17.96081 
 17.00000 16.91472 
 19.00000 18.90702 
 20.00000 20.01570 
 22.00000 21.88937 
 21.00000 20.89312 
 22.00000 21.99485 
 21.00000 20.96229 
 22.00000 21.96795 
 22.00000 22.01904 
 20.00000 19.98416 
 23.00000 22.90996 
 18.00000 17.87277 
 17.00000 16.95764 
 19.00000 18.95916 
 21.00000 20.86996 
 20.00000 19.98051 
 19.00000 19.01127 
 20.00000 19.96355 
 18.00000 17.89159 
 20.00000 19.98631 
 22.00000 21.96632 
 20.00000 20.01847 
 21.00000 21.07082 
 23.00000 22.97789 
 17.00000 16.95356 
 19.00000 18.99650 
 19.00000 18.85391 
 21.00000 21.04869 
 18.00000 17.95955 
 22.00000 21.95232 
 22.00000 21.93510 
 19.00000 18.91466 
 20.00000 20.01303 
 22.00000 21.96510 
 22.00000 21.97991 
 20.00000 19.91936 
 19.00000 18.99622 
 21.00000 20.96136 
 20.00000 19.93427 
 18.00000 17.89318 
 19.00000 18.93698 
 22.00000 21.95543 
 23.00000 22.92434 
 18.00000 17.95529 
 19.00000 18.97416 
 21.00000 20.93616 
 20.00000 19.94688 
 23.00000 22.90080 
 23.00000 22.94410 
 22.00000 21.84411 
 22.00000 21.89037 
 19.00000 18.96762 
 23.00000 22.87189 
 18.00000 17.96692 
 18.00000 18.00108 
 18.00000 18.09010 
 20.00000 19.90215 
 21.00000 20.94774 
 22.00000 21.95488 
 19.00000 19.00982 
 19.00000 18.98120 
 20.00000 19.88000 
 20.00000 19.86253 
 22.00000 21.88021 
 21.00000 20.89890 
 22.00000 21.96983 
 18.00000 17.90177 
 21.00000 20.83927 
 22.00000 21.91479 
 22.00000 21.90872 
 20.00000 19.86253 
 22.00000 22.00423 
 17.00000 16.87820 
 19.00000 18.99420 
 17.00000 16.91115 
 19.00000 19.03897 
 19.00000 18.91811 
 20.00000 19.97415 
 21.00000 21.00518 
 21.00000 20.89624 
 22.00000 21.98741 
 19.00000 18.95892 
 20.00000 19.97976 
 20.00000 19.95679 
 23.00000 22.97031 
 20.00000 19.91945 
 21.00000 20.90436 
 18.00000 18.01605 
 18.00000 17.98078 
 18.00000 18.02367 
 18.00000 17.92272 
 23.00000 22.94948 
 18.00000 17.98230 
 22.00000 21.94298 
 21.00000 20.99337 
 18.00000 17.97212 
 19.00000 18.98592 
 20.00000 19.85097 
 22.00000 21.92246 
 20.00000 19.95630 
 18.00000 17.97040 
 23.00000 22.99242 
 22.00000 21.90742 
 18.00000 17.85864 
 19.00000 18.93147 
 21.00000 20.91790 
 22.00000 21.91439 
 19.00000 18.99648 
 21.00000 20.95988 
 20.00000 20.05465 
 23.00000 22.91970 
 22.00000 21.96301 
 22.00000 21.98320 
 18.00000 18.00300 
 19.00000 18.92874 
 20.00000 19.96752 
 18.00000 17.95052 
 22.00000 21.89498 
 21.00000 21.02365 
 21.00000 20.97343 
 19.00000 18.97233 
 18.00000 17.94757 
 21.00000 20.91095 
 20.00000 19.93000 
 22.00000 21.99882 
 18.00000 17.97823 
 18.00000 17.95105 
 22.00000 21.95285 
 19.00000 18.95419 
 20.00000 19.93046 
 20.00000 19.99603 
 22.00000 21.98614 
 23.00000 22.90036 
 19.00000 18.98052 
 20.00000 19.96038 
 22.00000 21.92758 
 21.00000 20.79521 
 19.00000 18.85654 
 18.00000 17.99936 
 19.00000 19.03588 
 23.00000 22.89611 
 18.00000 18.01667 
 18.00000 17.92730 
 18.00000 17.96401 
 22.00000 21.99446 
 23.00000 22.99497 
 20.00000 20.04085 
 23.00000 22.99347 
 20.00000 19.92611 
 20.00000 19.90603 
 18.00000 17.96470 
 22.00000 21.90023 
 20.00000 19.97378 
 22.00000 21.94092 
 20.00000 19.90133 
 21.00000 20.97079 
 19.00000 18.97639 
 21.00000 20.96943 
 23.00000 22.99175 
 22.00000 21.95106 
 22.00000 21.99522 
 20.00000 19.95218 
 19.00000 19.02318 
 18.00000 17.95154 
 18.00000 17.96377 
 22.00000 21.92004 
 17.00000 16.94241 
 20.00000 19.97006 
 22.00000 21.97494 
 17.00000 16.93437 
 20.00000 19.94824 
 20.00000 19.94766 
 19.00000 18.99445 
 17.00000 17.02732 
 18.00000 17.84935 
 22.00000 21.93853 
 18.00000 17.92027 
 22.00000 21.99480 
 22.00000 21.95996 
 23.00000 22.96040 
 22.00000 21.93277 
 19.00000 18.98219 
 19.00000 18.95165 
 22.00000 21.90385 
 21.00000 20.94557 
 18.00000 17.93401 
 20.00000 19.90521 
 17.00000 16.89664 
 21.00000 20.93070 
 18.00000 17.91064 
 18.00000 17.98449 
 19.00000 19.00639 
 20.00000 19.93218 
 17.00000 16.93439 
 21.00000 20.94679 
 19.00000 18.89625 
 20.00000 19.90804 
 19.00000 18.96113 
 21.00000 20.94864 
 20.00000 19.89685 
 18.00000 17.91331 
 21.00000 20.89425 
 17.00000 16.93121 
 19.00000 18.96184 
 22.00000 21.93711 
 22.00000 21.94253 
 18.00000 17.94203 
 17.00000 16.96939 
 22.00000 21.95552 
 17.00000 16.77319 
 22.00000 21.92610 
 18.00000 17.96007 
 17.00000 16.90222 
 19.00000 18.88044 
 22.00000 22.00605 
 17.00000 16.91226 
 22.00000 21.90806 
 23.00000 22.93448 
 21.00000 20.90461 
 19.00000 18.86707 
 21.00000 20.96772 
 17.00000 16.91195 
 21.00000 21.04181 
 17.00000 16.88638 
 17.00000 16.95251 
 20.00000 20.01106 
 21.00000 20.90492 
 17.00000 16.91609 
 20.00000 20.01451 
 21.00000 20.90498 
 20.00000 19.76866 
 18.00000 17.98336 
 22.00000 21.86150 
 22.00000 21.99193 
 20.00000 19.93573 
 18.00000 17.99008 
 20.00000 19.95949 
 22.00000 21.90952 
 22.00000 22.01478 
 18.00000 17.96207 
 22.00000 21.97839 
 18.00000 17.96030 
 21.00000 20.97405 
 22.00000 21.96900 
 22.00000 21.96989 
 17.00000 16.92547 
 19.00000 18.93201 
 21.00000 20.87762 
 20.00000 19.98192 
 19.00000 18.95505 
 21.00000 20.93930 
 19.00000 18.93182 
 21.00000 20.90577 
 20.00000 19.90785 
 17.00000 16.93946 
 18.00000 17.94662 
 21.00000 21.00319 
 17.00000 16.91139 
 19.00000 18.96775 
 19.00000 18.95376 
 18.00000 17.93691 
 21.00000 20.99267 
 19.00000 18.97110 
 22.00000 21.98671 
 19.00000 18.94957 
 20.00000 20.00514 
 18.00000 17.90777 
 23.00000 22.99895 
 21.00000 20.97331 
 17.00000 16.84913 
 22.00000 22.03632 
 22.00000 22.01345 
 20.00000 19.93125 
 17.00000 17.02837 
 22.00000 21.86736 
 22.00000 21.92956 
 18.00000 18.00994 
 19.00000 19.00172 
 23.00000 22.95990 
 18.00000 17.90934 
 21.00000 20.87415 
 23.00000 22.90505 
 18.00000 17.94370 
 18.00000 17.99479 
 20.00000 19.99434 
 22.00000 21.91684 
 19.00000 18.95196 
 19.00000 18.90209 
 18.00000 17.91815 
 22.00000 21.93267 
 21.00000 20.90615 
 18.00000 18.04555 
 17.00000 16.90534 
 19.00000 18.95047 
 19.00000 19.01894 
 17.00000 16.91599 
 22.00000 21.92658 
 22.00000 21.90976 
 21.00000 20.97395 
 22.00000 21.88706 
 19.00000 18.88244 
 20.00000 19.96928 
 20.00000 19.93652 
 20.00000 19.94914 
 22.00000 22.00099 
 21.00000 20.91861 
 22.00000 21.87290 
 22.00000 21.84064 
 17.00000 16.92906 
 21.00000 21.00416 
 20.00000 19.98194 
 21.00000 20.97909 
 19.00000 18.92748 
 18.00000 17.89138 
 22.00000 21.93437 
 22.00000 21.99342 
 21.00000 20.92222 
 19.00000 18.92357 
 18.00000 17.94508 
 23.00000 22.93056 
 19.00000 19.03169 
 21.00000 20.95753 
 23.00000 22.99211 
 20.00000 19.96288 
 19.00000 18.92903 
 17.00000 16.96874 
 20.00000 19.91037 
 18.00000 17.96908 
 18.00000 17.92649 
 23.00000 22.91506 
 23.00000 23.02729 
 17.00000 16.90863 
 23.00000 22.95114 
 18.00000 17.94602 
 17.00000 16.90496 
 21.00000 21.00123 
 17.00000 16.98889 
 17.00000 16.97235 
 22.00000 21.88285 
 20.00000 20.04071 
 19.00000 18.96825 
 22.00000 21.95965 
 22.00000 21.92024 
 22.00000 21.93298 
 22.00000 21.88926 
 19.00000 18.97536 
 18.00000 18.01987 
 21.00000 20.94345 
 22.00000 21.87040 
 21.00000 20.91069 
 23.00000 22.90056 
 22.00000 21.98366 
 22.00000 21.91115 
 18.00000 17.95223 
 22.00000 21.87807 
 17.00000 16.93596 
 17.00000 17.01924 
 22.00000 21.92084 
 17.00000 16.93533 
 17.00000 16.99730 
 22.00000 21.93301 
 19.00000 18.91460 
 22.00000 21.93159 
 17.00000 16.92306 
 20.00000 20.00365 
 19.00000 18.90219 
 18.00000 17.99057 
 23.00000 22.98225 
 23.00000 22.86942 
 19.00000 18.97963 
 19.00000 19.00373 
 22.00000 21.88240 
 21.00000 21.08608 
 21.00000 20.97020 
 18.00000 17.91325 
 18.00000 18.00564 
 18.00000 17.84537 
 20.00000 19.99132 
 20.00000 20.00362 
 19.00000 18.92937 
 19.00000 18.98039 
 18.00000 17.88759 
 21.00000 21.01757 
 21.00000 20.95105 
 22.00000 21.96665 
 21.00000 21.05269 
 21.00000 20.95910 
 19.00000 18.92906 
 17.00000 16.86767 
 18.00000 17.89594 
 18.00000 17.95225 
 21.00000 20.94279 
 21.00000 20.94981 
 22.00000 21.95798 
 21.00000 20.92778 
 21.00000 20.95600 
 21.00000 20.96623 
 20.00000 19.94944 
 22.00000 21.88528 
 17.00000 16.96882 
 18.00000 17.99572 
 18.00000 18.00526 
 21.00000 20.96720 
 19.00000 18.95892 
 22.00000 21.98093 
 21.00000 20.91139 
 22.00000 21.97061 
 19.00000 18.88323 
 23.00000 22.90358 
 17.00000 16.87981 
 19.00000 18.98089 
 23.00000 22.95798 
 17.00000 16.92019 
 18.00000 17.91127 
 18.00000 17.85310 
 17.00000 16.98063 
 18.00000 18.11602 
 20.00000 19.93245 
 20.00000 19.97511 
 21.00000 20.94995 
 18.00000 17.95705 
 18.00000 17.96629 
 22.00000 21.94238 
 21.00000 20.88586 
 20.00000 19.95192 
 20.00000 19.91175 
 21.00000 20.95007 
 17.00000 16.90808 
 18.00000 17.84060 
 17.00000 16.94854 
 21.00000 20.93934 
 19.00000 18.93741 
 22.00000 21.96064 
 18.00000 17.97024 
 21.00000 20.95046 
 22.00000 21.98280 
 22.00000 21.95910 
 17.00000 16.94769 
 22.00000 21.89597 
 20.00000 19.94494 
 20.00000 19.92622 
 21.00000 20.87823 
 22.00000 21.92780 
 21.00000 20.90662 
 19.00000 18.99954 
 19.00000 18.98003 
 20.00000 19.95266 
 21.00000 20.89238 
 21.00000 21.08034 
 20.00000 19.89145 
 17.00000 16.94771 
 21.00000 20.92444 
 19.00000 18.87689 
 18.00000 17.94447 
 17.00000 16.93608 
 22.00000 22.01943 
 20.00000 19.89174 
 19.00000 19.03454 
 20.00000 19.96974 
 17.00000 16.86661 
 18.00000 17.91436 
 17.00000 17.02451 
 19.00000 18.92593 
 22.00000 21.99174 
 20.00000 19.99005 
 20.00000 19.86917 
 21.00000 20.83327 
 20.00000 19.95454 
 20.00000 19.94237 
 23.00000 22.96923 
 19.00000 19.01782 
 20.00000 19.91904 
 21.00000 20.91207 
 20.00000 19.97237 
 20.00000 19.92884 
 21.00000 20.99837 
 20.00000 19.92197 
 21.00000 20.97594 
 17.00000 16.93427 
 23.00000 23.00916 
 19.00000 19.00006 
 20.00000 19.92092 
 22.00000 21.93292 
 21.00000 20.98880 
 22.00000 22.01250 
 18.00000 17.93809 
 22.00000 21.92715 
 23.00000 22.90775 
 22.00000 21.90725 
 22.00000 21.89478 
 19.00000 18.94473 
 21.00000 20.74391 
 21.00000 20.91121 
 22.00000 21.97954 
 20.00000 19.91275 
 23.00000 23.02531 
 20.00000 19.89749 
 23.00000 22.91722 
 22.00000 21.84032 
 23.00000 23.00320 
 17.00000 16.90577 
 23.00000 23.02451 
 19.00000 18.96975 
 20.00000 19.93268 
 17.00000 16.95472 
 20.00000 19.93458 
 23.00000 22.97810 
 23.00000 22.96949 
 20.00000 19.90893 
 17.00000 16.90159 
 19.00000 18.87190 
 18.00000 17.96145 
 21.00000 20.92062 
 21.00000 20.86212 
 20.00000 19.89303 
 19.00000 18.88546 
 22.00000 21.94242 
 17.00000 16.95136 
 17.00000 16.93502 
 21.00000 20.94439 
 21.00000 20.97024 
 19.00000 19.01821 
 18.00000 17.86223 
 22.00000 21.91538 
 18.00000 18.00746 
 18.00000 17.94850 
 18.00000 18.04535 
 18.00000 17.94847 
 18.00000 17.96821 
 19.00000 18.88273 
 18.00000 17.91697 
 21.00000 20.77339 
 22.00000 21.93130 
 22.00000 21.97858 
 23.00000 22.94463 
 20.00000 19.90580 
 17.00000 16.90837 
 22.00000 21.97511 
 22.00000 21.88715 
 18.00000 17.96762 
 21.00000 20.93516 
 20.00000 19.88487 
 18.00000 18.02851 
 21.00000 20.96073 
 22.00000 21.92551 
 22.00000 21.92931 
 18.00000 17.97087 
 19.00000 19.00169 
 22.00000 21.94969 
 21.00000 20.95811 
 23.00000 22.92291 
 22.00000 21.95335 
 19.00000 18.96182 
 20.00000 20.03984 
 22.00000 21.88811 
 18.00000 17.93776 
 22.00000 21.87985 
 19.00000 18.94922 
 19.00000 18.98117 
 20.00000 19.94573 
 20.00000 19.97264 
 20.00000 19.97027 
 19.00000 18.97145 
 19.00000 18.97194 
 19.00000 18.93899 
 21.00000 20.99380 
 20.00000 19.96176 
 21.00000 20.95621 
 22.00000 22.03153 
 23.00000 23.01493 
 23.00000 22.96767 
 17.00000 16.90259 
 19.00000 18.92361 
 20.00000 19.94283 
 20.00000 19.95832 
 21.00000 20.96509 
 21.00000 20.98141 
 20.00000 20.00328 
 22.00000 22.00216 
 21.00000 20.99954 
 23.00000 22.98427 
 17.00000 16.90264 
 18.00000 17.95705 
 21.00000 20.87626 
 19.00000 19.03381 
 22.00000 21.98449 
 18.00000 17.95442 
 21.00000 20.87943 
 22.00000 21.95254 
 17.00000 16.92416 
 19.00000 19.04505 
 17.00000 16.98043 
 20.00000 19.97779 
 19.00000 18.87907 
 19.00000 18.85504 
 17.00000 16.98828 
 18.00000 17.90706 
 18.00000 17.93669 
 19.00000 19.01174 
 23.00000 22.88904 
 22.00000 22.01143 
 18.00000 17.92567 
 22.00000 21.91220 
 18.00000 17.90957 
 18.00000 18.04408 
 21.00000 20.97048 
 21.00000 21.00649 
 19.00000 18.94154 
 18.00000 18.01038 
 22.00000 21.94962 
 20.00000 19.95126 
 21.00000 20.87754 
 22.00000 21.97664 
 20.00000 19.90630 
 23.00000 22.96942 
 21.00000 20.92402 
 23.00000 22.87810 
 21.00000 20.98620 
 18.00000 17.95218 
 22.00000 21.93428 
 23.00000 22.84049 
 18.00000 17.89355 
 20.00000 19.92493 
 21.00000 20.94647 
 22.00000 21.93322 
 22.00000 21.99319 
 17.00000 16.93572 
 18.00000 18.03094 
 20.00000 20.06843 
 23.00000 22.91841 
 21.00000 20.93884 
 21.00000 20.99032 
 20.00000 19.85679 
 18.00000 17.97918 
 20.00000 20.02911 
 18.00000 17.92846 
 21.00000 20.99016 
 23.00000 22.90547 
 22.00000 21.95535 
 18.00000 17.91234 
 20.00000 19.93717 
 21.00000 20.97178 
 21.00000 20.89260 
 17.00000 16.85063 
 23.00000 22.92374 
 21.00000 20.92657 
 20.00000 20.04376 
 17.00000 16.94606 
 19.00000 18.99839 
 22.00000 21.88288 
 21.00000 20.99765 
 21.00000 20.91175 
 21.00000 20.90636 
 17.00000 16.87477 
 18.00000 18.06639 
 17.00000 16.94584 
 17.00000 16.92356 
 17.00000 16.94633 
 21.00000 20.94392 
 19.00000 18.88240 
 21.00000 20.99431 
 21.00000 20.96099 
 22.00000 22.02406 
 20.00000 20.08143 
 19.00000 18.94495 
 21.00000 20.93275 
 21.00000 20.99478 
 22.00000 21.96508 
 22.00000 21.91823 
 22.00000 21.93223 
 19.00000 18.95846 
 20.00000 19.96045 
 22.00000 21.97277 
 22.00000 21.91116 
 22.00000 21.96167 
 20.00000 19.95240 
 22.00000 21.92263 
 18.00000 17.98594 
 19.00000 18.98008 
 18.00000 17.95664 
 20.00000 19.90155 
 21.00000 20.93558 
 20.00000 19.92570 
 23.00000 22.91082 
 20.00000 19.96705 
 19.00000 18.89141 
 22.00000 21.91811 
 21.00000 20.89840 
 22.00000 21.77916 
 22.00000 22.02400 
 20.00000 19.94944 
 20.00000 19.88919 
 20.00000 20.01192 
 18.00000 17.95086 
 20.00000 19.89099 
 18.00000 17.94656 
 22.00000 21.92236 
 21.00000 20.94516 
 19.00000 18.99893 
 21.00000 20.94018 
 19.00000 18.91930 
 21.00000 20.93667 
 18.00000 17.91418 
 19.00000 18.87890 
 22.00000 21.92605 
 22.00000 21.92548 
 22.00000 21.90918 
 23.00000 22.91909 
 18.00000 17.91373 
 18.00000 17.96937 
 17.00000 16.91515 
 21.00000 20.90866 
 23.00000 22.99418 
 18.00000 17.96062 
 20.00000 19.95206 
 20.00000 19.81572 
 21.00000 21.06288 
 22.00000 21.93145 
 21.00000 20.91380 
 20.00000 19.97785 
 21.00000 20.91331 
 21.00000 21.02943 
 20.00000 19.88806 
 21.00000 20.99914 
 22.00000 21.93450 
 20.00000 19.95632 
 19.00000 18.92924 
 22.00000 21.93338 
 19.00000 18.97772 
 17.00000 16.91010 
 23.00000 22.95730 
 17.00000 16.92381 
 17.00000 16.92201 
 21.00000 20.99145 
 19.00000 19.00620 
 17.00000 16.87406 
 19.00000 18.92776 
 17.00000 16.95835 
 19.00000 18.92257 
 19.00000 19.03016 
 18.00000 17.97379 
 20.00000 19.95474 
 18.00000 17.95532 
 18.00000 17.98563 
 22.00000 21.92819 
 17.00000 16.93961 
 22.00000 21.93397 
 22.00000 21.81419 
 23.00000 22.94406 
 22.00000 21.91263 
 21.00000 20.97914 
 18.00000 17.86489 
 17.00000 16.91249 
 18.00000 17.84782 
 21.00000 20.99779 
 22.00000 21.99082 
 22.00000 21.95237 
 22.00000 21.86403 
 22.00000 22.01751 
 23.00000 22.93559 
 23.00000 22.96805 
 18.00000 17.93681 
 18.00000 17.91759 
 20.00000 19.94856 
 19.00000 18.90277 
 22.00000 21.92405 
 20.00000 19.95982 
 19.00000 18.86960 
 21.00000 20.95942 
 20.00000 19.85033 
 18.00000 17.83927 
 22.00000 21.99072 
 19.00000 18.89448 
 20.00000 19.96149 
 20.00000 19.95078 
 21.00000 20.89726 
 20.00000 19.90548 
 19.00000 18.94413 
 21.00000 20.89298 
 19.00000 19.01109 
 17.00000 16.91505 
 21.00000 20.90476 
 17.00000 16.87597 
 19.00000 18.91868 
 20.00000 20.06767 
 21.00000 20.96338 
 18.00000 18.01095 
 20.00000 19.90816 
 22.00000 21.89348 
 21.00000 20.92574 
 22.00000 21.89306 
 21.00000 20.93027 
 17.00000 17.00625 
 21.00000 20.73768 
 21.00000 20.88331 
 23.00000 23.00457 
 20.00000 19.93450 
 21.00000 21.01953 
 18.00000 17.98366 
 17.00000 16.95940 
 18.00000 17.87035 
 18.00000 17.91576 
 22.00000 21.96627 
 21.00000 20.87965 
 22.00000 21.93138 
 17.00000 16.98031 
 17.00000 16.95604 
 19.00000 18.92975 
 18.00000 17.89374 
 22.00000 21.95475 
 22.00000 21.98532 
 20.00000 19.89030 
 21.00000 21.00058 
 21.00000 20.91802 
 22.00000 21.91151 
 22.00000 21.97293 
 22.00000 21.94824 
 19.00000 18.86417 
 18.00000 18.00779 
 18.00000 17.98024 
 20.00000 19.90641 
 17.00000 16.92006 
 18.00000 17.94016 
 21.00000 21.02108 
 22.00000 21.95273 
 20.00000 19.88208 
 20.00000 19.92119 
 20.00000 19.84095 
 17.00000 17.00611 
 18.00000 17.86882 
 18.00000 17.94640 
 17.00000 16.98428 
 19.00000 18.86603 
 21.00000 21.05523 
 23.00000 22.99584 
 20.00000 19.91266 
 17.00000 16.92240 
 22.00000 21.99573 
 22.00000 21.97039 
 18.00000 17.98030 
 19.00000 18.96332 
 22.00000 21.93959 
 19.00000 18.95510 
 23.00000 22.96347 
 20.00000 19.87136 
 17.00000 17.02650 
 21.00000 21.05891 
 21.00000 20.96858 
 21.00000 20.91818 
 20.00000 19.92013 
 18.00000 17.98489 
 21.00000 20.96662 
 20.00000 19.98485 
 18.00000 17.82720 
 21.00000 21.06524 
 20.00000 19.98355 
 23.00000 22.96001 
 19.00000 18.83655 
 21.00000 20.98059 
 17.00000 16.91546 
 19.00000 19.00634 
 20.00000 19.90985 
 21.00000 20.92493 
 23.00000 22.87736 
 18.00000 18.02286 
 19.00000 18.87488 
 19.00000 19.01346 
 19.00000 19.02987 
 22.00000 22.00903 
 17.00000 16.92356 
 17.00000 17.00610 
 19.00000 18.95152 
 18.00000 17.98019 
 18.00000 17.96312 
 21.00000 20.94729 
 22.00000 21.95244 
 21.00000 20.93976 
 18.00000 17.94438 
 23.00000 22.93493 
 18.00000 17.94619 
 21.00000 20.90714 
 20.00000 19.92913 
 22.00000 21.96553 
 22.00000 21.93556 
 22.00000 21.91726 
 21.00000 20.94857 
 18.00000 17.91915 
 22.00000 21.99957 
 23.00000 22.89625 
 22.00000 22.00033 
 19.00000 18.92345 
 21.00000 20.98215 
 19.00000 18.93866 
 22.00000 21.97546 
 17.00000 16.89161 
 19.00000 18.99762 
 18.00000 17.92714 
 22.00000 21.88060 
 21.00000 20.96049 
 21.00000 20.92156 
 21.00000 20.88730 
 17.00000 16.91893 
 22.00000 21.98176 
 17.00000 16.88257 
 19.00000 18.94319 
 20.00000 19.90362 
 22.00000 21.98512 
 17.00000 16.90820 
 18.00000 17.97224 
 23.00000 22.94613 
 17.00000 16.88061 
 20.00000 19.94861 
 19.00000 19.02033 
 17.00000 16.97379 
 19.00000 18.94179 
 19.00000 18.92409 
 18.00000 17.96050 
 17.00000 16.94056 
 20.00000 19.92149 
 20.00000 19.94355 
 23.00000 22.91320 
 19.00000 18.89443 
 17.00000 16.93663 
 21.00000 21.12441 
 22.00000 22.00451 
 18.00000 17.95880 
 18.00000 17.94651 
 21.00000 20.98706 
 21.00000 20.94845 
 17.00000 16.93880 
 18.00000 17.93283 
 18.00000 17.97954 
 18.00000 18.02649 
 22.00000 21.99392 
 21.00000 21.02261 
 18.00000 18.03259 
 19.00000 18.86901 
 21.00000 20.97375 
 17.00000 16.89356 
 19.00000 19.00670 
 19.00000 18.95328 
 18.00000 17.90394 
 21.00000 20.92374 
 17.00000 16.91200 
 20.00000 19.91959 
 20.00000 19.97427 
 17.00000 16.90430 
 21.00000 20.92990 
 21.00000 20.97823 
 22.00000 22.03036 
 20.00000 19.91643 
 21.00000 20.92138 
 23.00000 22.90918 
 22.00000 21.95895 
 23.00000 23.02494 
 19.00000 18.96025 
 21.00000 21.00692 
 20.00000 19.97334 
 22.00000 21.84514 
 22.00000 21.88312 
 20.00000 19.92222 
 22.00000 21.96337 
 20.00000 19.94221 
 19.00000 18.91677 
 21.00000 20.89330 
 20.00000 19.95672 
 17.00000 16.94443 
 22.00000 21.89734 
 20.00000 19.91609 
 23.00000 22.93729 
 22.00000 21.92450 
 18.00000 17.92755 
 20.00000 19.93892 
 19.00000 18.91443 
 23.00000 22.98340 
 21.00000 20.93352 
 17.00000 16.92534 
 17.00000 16.85734 
 20.00000 19.91499 
 21.00000 20.90539 
 20.00000 19.91839 
 21.00000 20.97410 
 23.00000 22.86670 
 22.00000 21.79401 
 19.00000 18.87223 
 18.00000 17.91223 
 19.00000 18.88470 
 18.00000 17.88601 
 23.00000 22.94924 
 22.00000 22.01980 
 18.00000 17.94944 
 21.00000 21.04655 
 19.00000 18.93522 
 21.00000 20.96828 
 18.00000 17.96322 
 18.00000 17.95107 
 20.00000 19.96143 
 21.00000 20.92057 
 22.00000 21.91846 
 17.00000 16.90434 
 23.00000 22.91123 
 20.00000 19.93019 
 19.00000 18.93858 
 23.00000 22.94991 
 22.00000 21.94978 
 17.00000 16.89950 
 21.00000 20.91756 
 18.00000 17.88884 
 19.00000 19.05865 
 18.00000 17.94528 
 22.00000 21.93519 
 23.00000 22.92153 
 21.00000 20.98020 
 18.00000 17.93305 
 19.00000 18.98818 
 23.00000 23.10682 
 21.00000 20.90170 
 22.00000 21.91187 
 17.00000 16.93158 
 22.00000 21.87273 
 21.00000 20.95880 
 20.00000 19.96369 
 21.00000 21.00471 
 19.00000 18.97687 
 21.00000 20.95434 
 17.00000 16.91746 
 18.00000 17.99888 
 17.00000 16.91407 
 21.00000 21.00195 
 18.00000 17.97932 
 19.00000 18.83592 
 17.00000 17.00501 
 20.00000 19.94500 
 22.00000 21.89160 
 17.00000 16.92815 
 22.00000 21.99287 
 19.00000 18.93422 
 21.00000 21.09946 
 23.00000 22.95513 
 21.00000 20.97790 
 20.00000 19.92399 
 18.00000 17.89331 
 20.00000 20.25216 
 21.00000 20.97291 
 22.00000 21.88896 
 23.00000 22.87630 
 22.00000 21.90502 
 22.00000 21.94256 
 21.00000 20.95049 
 17.00000 17.07738 
 17.00000 16.91455 
 18.00000 18.00782 
 17.00000 16.87235 
 18.00000 17.84853 
 21.00000 20.99338 
 21.00000 20.98552 
 19.00000 18.92199 
 18.00000 17.94431 
 18.00000 17.99665 
 20.00000 19.97998 
 20.00000 19.96239 
 23.00000 22.92268 
 19.00000 19.03523 
 18.00000 17.95096 
 21.00000 21.05756 
 20.00000 19.90616 
 20.00000 19.93370 
 19.00000 18.98204 
 22.00000 21.86035 
 18.00000 17.94714 
 22.00000 21.90834 
 22.00000 21.98681 
 19.00000 18.91702 
 23.00000 23.00038 
 23.00000 22.89881 
 21.00000 21.01647 
 21.00000 21.00413 
 23.00000 22.92556 
 22.00000 21.89906 
 23.00000 22.91420 
 20.00000 19.97439 
 20.00000 19.89439 
 19.00000 18.94764 
 20.00000 19.90734 
 23.00000 22.97767 
 21.00000 20.96597 
 19.00000 19.06782 
 20.00000 19.97973 
 22.00000 21.96056 
 19.00000 18.87409 
 22.00000 21.94110 
 22.00000 22.00321 
 21.00000 20.97429 
 19.00000 18.93727 
 21.00000 20.92112 
 22.00000 21.93673 
 17.00000 16.93999 
 22.00000 21.92204 
 22.00000 21.89254 
 22.00000 21.89186 
 20.00000 19.91739 
 19.00000 19.00833 
 23.00000 22.94756 
 22.00000 21.88432 
 21.00000 21.03973 
 22.00000 21.94892 
 20.00000 19.93021 
 21.00000 20.92062 
 17.00000 17.06324 
 17.00000 16.87466 
 22.00000 21.97203 
 20.00000 19.98461 
 19.00000 18.94775 
 22.00000 21.92420 
 21.00000 20.87888 
 18.00000 17.93593 
 20.00000 19.90686 
 20.00000 19.96583 
 20.00000 19.96960 
 19.00000 18.94905 
 19.00000 19.05524 
 22.00000 21.88284 
 22.00000 21.98272 
 17.00000 16.98020 
 22.00000 21.93284 
 20.00000 19.90820 
 21.00000 20.97672 
 22.00000 21.98070 
 23.00000 22.92925 
 21.00000 21.00230 
 18.00000 17.98070 
 17.00000 16.95747 
 18.00000 17.91666 
 22.00000 21.88109 
 22.00000 21.91806 
 22.00000 22.00388 
 19.00000 18.95484 
 18.00000 18.00628 
 19.00000 18.99878 
 20.00000 19.93116 
 19.00000 18.96197 
 20.00000 20.03248 
 23.00000 22.88818 
 22.00000 21.90184 
 19.00000 18.95380 
 18.00000 17.94899 
 20.00000 19.92954 
 20.00000 19.96066 
 22.00000 21.89297 
 21.00000 21.08030 
 20.00000 19.91095 
 20.00000 19.85929 
 22.00000 21.92111 
 22.00000 21.95766 
 20.00000 19.89818 
 17.00000 16.93874 
 20.00000 19.90950 
 20.00000 19.96053 
 21.00000 21.01963 
 22.00000 21.87245 
 17.00000 16.98445 
 17.00000 16.99980 
 19.00000 18.96329 
 19.00000 18.98346 
 19.00000 18.86894 
 18.00000 17.92811 
 20.00000 19.92333 
 22.00000 21.91522 
 18.00000 17.88025 
 22.00000 21.79039 
 17.00000 16.96647 
 23.00000 23.04087 
 19.00000 18.95923 
 22.00000 21.86835 
 17.00000 17.00826 
 20.00000 19.97927 
 18.00000 17.90053 
 18.00000 17.98890 
 22.00000 21.90621 
 18.00000 17.92200 
 17.00000 16.95870 
 19.00000 18.99608 
 17.00000 16.94288 
 22.00000 21.99992 
 19.00000 18.89797 
 17.00000 17.00414 
 18.00000 17.92843 
 22.00000 21.98600 
 22.00000 21.99912 
 22.00000 21.97384 
 22.00000 21.90505 
 21.00000 20.96262 
 17.00000 16.94664 
 21.00000 20.83621 
 17.00000 16.92871 
 21.00000 21.04809 
 22.00000 21.89063 
 17.00000 16.99295 
 20.00000 20.02839 
 20.00000 19.80697 
 18.00000 17.98443 
 21.00000 20.97097 
 23.00000 23.00769 
 21.00000 20.93417 
 19.00000 18.92039 
 23.00000 22.95249 
 19.00000 18.93937 
 23.00000 22.94284 
 21.00000 20.96112 
 21.00000 20.90887 
 19.00000 19.00875 
 17.00000 16.93605 
 23.00000 22.98991 
 22.00000 21.96976 
 23.00000 22.93678 
 18.00000 17.90191 
 20.00000 20.05831 
 18.00000 18.04082 
 21.00000 20.79745 
 19.00000 19.00598 
 20.00000 20.02804 
 19.00000 18.91733 
 21.00000 20.93723 
 18.00000 17.97617 
 22.00000 21.92112 
 22.00000 22.00108 
 21.00000 20.90660 
 19.00000 18.94207 
 19.00000 18.94999 
 22.00000 21.94491 
 23.00000 23.01208 
 20.00000 20.03828 
 18.00000 17.94791 
 21.00000 20.91902 
 21.00000 20.90262 
 21.00000 20.97122 
 20.00000 19.92430 
 23.00000 22.98967 
 22.00000 21.95954 
 20.00000 19.90068 
 21.00000 20.99010 
 22.00000 22.00165 
 21.00000 21.05002 
 20.00000 19.95178 
 21.00000 20.95540 
 17.00000 16.92543 
 22.00000 21.89006 
 22.00000 21.89675 
 21.00000 20.96191 
 18.00000 17.89871 
 21.00000 20.95741 
 22.00000 21.77299 
 20.00000 19.99524 
 23.00000 22.90675 
 21.00000 20.91697 
 21.00000 20.94353 
 23.00000 22.88354 
 21.00000 20.99751 
 22.00000 22.00999 
 18.00000 18.03628 
 20.00000 19.94702 
 17.00000 16.94773 
 22.00000 21.94508 
 21.00000 20.89607 
 19.00000 18.87285 
 20.00000 19.95324 
 19.00000 18.95396 
 20.00000 19.98161 
 22.00000 22.01057 
 20.00000 20.06429 
 19.00000 18.93642 
 19.00000 18.98271 
 21.00000 20.92694 
 20.00000 20.05305 
 19.00000 18.90782 
 22.00000 21.97642 
 23.00000 22.90846 
 22.00000 21.88773 
 17.00000 16.85133 
 22.00000 21.97823 
 23.00000 22.90735 
 21.00000 21.00049 
 18.00000 17.93214 
 21.00000 20.97295 
 19.00000 18.87185 
 20.00000 19.94029 
 18.00000 18.07512 
 20.00000 19.82970 
 22.00000 21.92799 
 22.00000 22.02715 
 21.00000 20.87714 
 20.00000 19.99987 
 22.00000 21.92683 
 22.00000 22.02211 
 19.00000 18.95194 
 19.00000 19.00889 
 21.00000 20.98150 
 19.00000 18.95143 
 20.00000 19.94874 
 18.00000 17.93585 
 21.00000 20.97581 
 17.00000 16.90677 
 21.00000 20.92912 
 18.00000 17.93869 
 17.00000 16.94573 
 20.00000 19.92376 
 20.00000 19.90087 
 18.00000 17.97245 
 21.00000 21.07107 
 20.00000 20.02957 
 18.00000 17.98016 
 17.00000 16.89944 
 20.00000 19.96585 
 18.00000 17.94858 
 18.00000 17.90036 
 22.00000 21.97820 
 19.00000 18.92347 
 17.00000 16.93517 
 22.00000 21.99648 
 23.00000 22.94242 
 21.00000 20.93338 
 21.00000 20.98240 
 21.00000 20.98905 
 18.00000 17.87906 
 19.00000 18.98541 
 22.00000 21.98783 
 19.00000 18.97073 
 22.00000 21.97132 
 22.00000 21.90699 
 22.00000 21.96147 
 22.00000 21.95427 
 21.00000 20.92398 
 23.00000 22.99864 
 21.00000 20.93509 
 21.00000 20.92874 
 23.00000 22.91503 
 17.00000 16.91884 
 21.00000 20.95396 
 22.00000 21.97226 
 19.00000 18.99038 
 19.00000 18.94409 
 21.00000 21.07512 
 22.00000 21.99977 
 19.00000 18.84169 
 20.00000 19.97603 
 20.00000 20.04556 
 21.00000 20.92095 
 23.00000 22.89292 
 17.00000 16.95265 
 21.00000 20.81064 
 18.00000 17.93759 
 23.00000 22.89301 
 19.00000 18.95938 
 20.00000 19.92230 
 19.00000 19.00517 
 20.00000 19.92137 
 20.00000 19.98153 
 22.00000 21.96035 
 22.00000 21.94593 
 18.00000 17.98939 
 18.00000 17.94831 
 21.00000 21.01075 
 20.00000 19.97614 
 19.00000 18.98199 
 19.00000 18.96624 
 23.00000 22.94227 
 22.00000 21.77343 
 20.00000 20.05409 
 20.00000 19.98409 
 23.00000 23.02708 
 21.00000 21.02352 
 20.00000 19.87713 
 22.00000 21.87023 
 22.00000 21.97694 
 18.00000 18.02760 
 18.00000 17.94098 
 19.00000 19.00400 
 20.00000 20.05879 
 22.00000 21.87608 
 17.00000 16.94215 
 22.00000 21.92403 
 20.00000 19.95695 
 19.00000 18.94945 
 23.00000 22.93552 
 18.00000 18.01478 
 23.00000 22.86472 
 20.00000 19.95977 
 21.00000 20.89752 
 22.00000 21.97565 
 22.00000 21.96266 
 22.00000 21.93023 
 22.00000 21.89984 
 21.00000 20.84935 
 21.00000 20.94869 
 21.00000 20.98586 
 22.00000 21.94680 
 22.00000 21.98332 
 17.00000 16.89992 
 18.00000 17.95968 
 18.00000 17.95881 
 21.00000 21.05935 
 17.00000 16.94707 
 19.00000 18.86050 
 21.00000 20.88847 
 22.00000 21.98534 
 17.00000 16.88941 
 22.00000 21.95614 
 20.00000 19.90873 
 18.00000 17.91214 
 18.00000 17.99672 
 21.00000 20.84844 
 20.00000 19.99376 
 23.00000 22.99358 
 21.00000 21.01044 
 22.00000 21.96246 
 22.00000 21.99236 
 18.00000 17.96828 
 22.00000 21.96760 
 20.00000 19.92770 
 19.00000 19.02429 
 19.00000 18.94733 
 21.00000 21.02603 
 20.00000 19.97351 
 18.00000 18.02706 
 22.00000 21.94263 
 21.00000 20.96620 
 17.00000 16.94827 
 20.00000 19.90335 
 20.00000 19.89676 
 22.00000 21.95513 
 21.00000 20.93515 
 17.00000 16.95272 
 19.00000 18.97246 
 22.00000 21.88547 
 20.00000 19.93801 
 21.00000 20.88572 
 23.00000 22.83989 
 17.00000 16.94390 
 23.00000 23.00695 
 19.00000 18.92428 
 22.00000 21.92938 
 19.00000 18.88132 
 23.00000 23.00731 
 19.00000 18.94664 
 17.00000 16.89129 
 22.00000 21.99667 
 19.00000 18.87601 
 21.00000 20.95843 
 20.00000 19.83085 
 19.00000 18.87583 
 17.00000 16.94933 
 19.00000 18.96270 
 22.00000 21.97976 
 22.00000 21.96202 
 18.00000 17.95444 
 21.00000 20.92563 
 20.00000 19.94393 
 21.00000 21.01747 
 18.00000 17.98182 
 19.00000 18.91965 
 21.00000 20.92307 
 20.00000 19.93058 
 22.00000 21.98545 
 20.00000 19.96447 
 20.00000 19.93490 
 23.00000 22.93060 
 22.00000 21.92981 
 22.00000 21.97761 
 20.00000 19.88668 
 19.00000 19.04380 
 18.00000 17.96380 
 18.00000 17.97828 
 20.00000 20.06151 
 20.00000 19.94155 
 21.00000 20.91797 
 18.00000 17.94272 
 19.00000 18.90368 
 22.00000 21.85283 
 18.00000 17.96617 
 21.00000 20.96554 
 17.00000 16.96622 
 20.00000 19.93328 
 23.00000 22.95652 
 22.00000 21.93837 
 21.00000 21.00227 
 22.00000 21.96284 
 19.00000 18.94821 
 20.00000 19.94936 
 21.00000 20.92194 
 20.00000 19.96386 
 22.00000 22.03682 
 17.00000 16.97049 
 22.00000 22.02492 
 20.00000 20.03608 
 20.00000 19.95000 
 20.00000 19.94040 
 22.00000 21.92936 
 20.00000 19.94660 
 21.00000 20.94375 
 18.00000 17.89345 
 21.00000 20.94892 
 23.00000 22.86050 
 20.00000 19.93201 
 20.00000 20.01770 
 22.00000 21.90478 
 23.00000 22.91657 
 21.00000 20.97914 
 18.00000 18.06218 
 20.00000 19.99054 
 18.00000 17.94247 
 17.00000 16.91177 
 22.00000 21.95050 
 22.00000 21.96183 
 17.00000 16.93248 
 21.00000 20.90034 
 21.00000 20.97397 
 19.00000 18.92512 
 19.00000 18.96322 
 22.00000 21.95251 
 19.00000 18.93612 
 19.00000 18.98786 
 22.00000 21.95893 
 21.00000 20.98114 
 22.00000 22.01693 
 20.00000 19.94997 
 19.00000 18.87131 
 18.00000 17.94355 
 21.00000 21.02118 
 19.00000 19.04076 
 22.00000 21.96717 
 18.00000 17.97433 
 21.00000 20.92089 
 18.00000 18.01706 
 23.00000 23.02727 
 21.00000 21.03666 
 20.00000 19.83996 
 22.00000 22.00167 
 17.00000 17.00020 
 20.00000 20.06949 
 21.00000 20.93624 
 19.00000 18.87293 
 18.00000 17.99753 
 23.00000 22.95584 
 22.00000 21.96504 
 22.00000 21.98490 
 22.00000 21.93159 
 21.00000 20.87771 
 20.00000 19.92646 
 21.00000 20.93551 
 19.00000 18.92457 
 21.00000 21.00346 
 21.00000 20.97120 
 20.00000 20.03954 
 22.00000 21.97668 
 17.00000 16.95223 
 23.00000 22.90281 
 18.00000 17.95649 
 21.00000 20.98721 
