 23.00000 22.99796 
 20.00000 20.03229 
 21.00000 21.00589 
 19.00000 19.00524 
 22.00000 22.04730 
 19.00000 18.94760 
 20.00000 20.07142 
 20.00000 19.89879 
 21.00000 21.05141 
 19.00000 19.01404 
 18.00000 17.95163 
 22.00000 21.89550 
 20.00000 20.01964 
 23.00000 23.07736 
 19.00000 19.02589 
 19.00000 19.04844 
 19.00000 19.09283 
 21.00000 21.03788 
 17.00000 17.01520 
 18.00000 18.04154 
 19.00000 19.03124 
 22.00000 22.03016 
 22.00000 22.11208 
 20.00000 20.00451 
 20.00000 19.96566 
 22.00000 22.02903 
 20.00000 19.99407 
 19.00000 19.07615 
 22.00000 22.04433 
 18.00000 17.91588 
 21.00000 20.88118 
 20.00000 19.98306 
 20.00000 20.01541 
 19.00000 19.10233 
 20.00000 19.92416 
 21.00000 21.02935 
 18.00000 18.05403 
 21.00000 20.94346 
 22.00000 22.07052 
 21.00000 21.02724 
 23.00000 22.87852 
 19.00000 19.08066 
 17.00000 17.11773 
 22.00000 22.03427 
 22.00000 22.03773 
 22.00000 21.98861 
 19.00000 19.08907 
 21.00000 21.06940 
 17.00000 16.98788 
 19.00000 18.98531 
 20.00000 20.03948 
 19.00000 19.06643 
 18.00000 18.00944 
 21.00000 21.02816 
 21.00000 21.00650 
 22.00000 22.03388 
 18.00000 18.03982 
 21.00000 21.05336 
 22.00000 22.02860 
 18.00000 18.02787 
 22.00000 21.98345 
 20.00000 20.00249 
 19.00000 19.02318 
 21.00000 21.11087 
 23.00000 23.06638 
 18.00000 17.99823 
 20.00000 19.95203 
 20.00000 20.04041 
 18.00000 18.02132 
 20.00000 20.06352 
 17.00000 17.12267 
 21.00000 20.97091 
 23.00000 23.14814 
 20.00000 19.96164 
 21.00000 21.00026 
 18.00000 18.00627 
 21.00000 20.92871 
 21.00000 20.98748 
 20.00000 20.05006 
 17.00000 17.00497 
 20.00000 19.97153 
 21.00000 21.05567 
 19.00000 19.02745 
 20.00000 20.03721 
 21.00000 20.99030 
 23.00000 22.97762 
 18.00000 18.06705 
 17.00000 16.98989 
 22.00000 22.00369 
 22.00000 21.89861 
 19.00000 19.01734 
 20.00000 20.05543 
 22.00000 22.06679 
 18.00000 18.01652 
 20.00000 20.03315 
 17.00000 16.99259 
 23.00000 23.09623 
 19.00000 19.00075 
 21.00000 21.00761 
 19.00000 19.01496 
 20.00000 20.10009 
 20.00000 19.95322 
 17.00000 17.07326 
 18.00000 18.02139 
 23.00000 23.08784 
 18.00000 18.04752 
 20.00000 20.01541 
 20.00000 20.06850 
 21.00000 20.97418 
 20.00000 19.98403 
 19.00000 19.08556 
 19.00000 18.99631 
 21.00000 20.98007 
 17.00000 17.05513 
 19.00000 19.05738 
 17.00000 17.04378 
 18.00000 18.06228 
 17.00000 16.96762 
 21.00000 20.84976 
 22.00000 22.06064 
 20.00000 20.05954 
 21.00000 21.05290 
 20.00000 19.98350 
 18.00000 18.05278 
 19.00000 19.02738 
 18.00000 18.04786 
 20.00000 20.00170 
 20.00000 19.99325 
 22.00000 22.05408 
 18.00000 17.98700 
 21.00000 20.99270 
 18.00000 18.07608 
 18.00000 17.99140 
 22.00000 22.10229 
 20.00000 20.08692 
 19.00000 19.07357 
 22.00000 22.15014 
 18.00000 18.05509 
 20.00000 20.00745 
 20.00000 20.01699 
 22.00000 22.03267 
 22.00000 21.99374 
 21.00000 21.07983 
 19.00000 19.31643 
 21.00000 20.98685 
 19.00000 19.01568 
 23.00000 23.08233 
 21.00000 21.00850 
 22.00000 22.02237 
 20.00000 20.03824 
 17.00000 17.02370 
 19.00000 19.07447 
 21.00000 20.96143 
 20.00000 20.02754 
 19.00000 19.02341 
 18.00000 18.07202 
 23.00000 22.99421 
 23.00000 23.11521 
 20.00000 20.01722 
 20.00000 19.95038 
 23.00000 22.98328 
 20.00000 20.03701 
 21.00000 21.08829 
 21.00000 21.06037 
 20.00000 20.01582 
 21.00000 21.05058 
 22.00000 22.04039 
 23.00000 23.02071 
 19.00000 18.99385 
 19.00000 19.04311 
 17.00000 17.04447 
 18.00000 18.02604 
 18.00000 18.02708 
 20.00000 20.01705 
 21.00000 21.02138 
 18.00000 18.04736 
 21.00000 20.97571 
 23.00000 22.93175 
 18.00000 18.01517 
 21.00000 21.00817 
 20.00000 19.97744 
 22.00000 22.08066 
 18.00000 18.03330 
 19.00000 19.05878 
 19.00000 19.03073 
 22.00000 22.04476 
 20.00000 20.02962 
 22.00000 22.04357 
 19.00000 18.98409 
 18.00000 18.02340 
 23.00000 22.98329 
 19.00000 19.08133 
 22.00000 22.05189 
 18.00000 18.01249 
 18.00000 18.04816 
 18.00000 18.02041 
 20.00000 19.99253 
 20.00000 19.97711 
 20.00000 20.05433 
 21.00000 20.96535 
 22.00000 22.08579 
 19.00000 18.96369 
 22.00000 22.08132 
 21.00000 20.98276 
 23.00000 23.01978 
 18.00000 18.01315 
 20.00000 19.99931 
 19.00000 19.06156 
 17.00000 16.94634 
 20.00000 20.14425 
 22.00000 22.01398 
 23.00000 23.07379 
 20.00000 20.01210 
 18.00000 18.00951 
 22.00000 22.07511 
 20.00000 20.00368 
 21.00000 20.97016 
 17.00000 17.02142 
 20.00000 20.01524 
 18.00000 18.05583 
 22.00000 21.82365 
 20.00000 20.09890 
 20.00000 19.99341 
 23.00000 23.10980 
 22.00000 22.02998 
 22.00000 22.02796 
 20.00000 20.01750 
 18.00000 18.03867 
 18.00000 18.03871 
 21.00000 21.01130 
 22.00000 22.08697 
 19.00000 19.02041 
 18.00000 17.94437 
 19.00000 19.04730 
 21.00000 20.92603 
 18.00000 18.03437 
 17.00000 16.98396 
 17.00000 17.06006 
 18.00000 18.07905 
 22.00000 21.98190 
 22.00000 22.01202 
 20.00000 20.01126 
 22.00000 21.99432 
 19.00000 19.02645 
 18.00000 18.03465 
 20.00000 20.02470 
 20.00000 20.03534 
 22.00000 22.03303 
 22.00000 22.05508 
 22.00000 22.02768 
 20.00000 19.99916 
 22.00000 22.00670 
 19.00000 19.09360 
 20.00000 20.11369 
 21.00000 21.00134 
 22.00000 21.97693 
 22.00000 22.02590 
 23.00000 23.08024 
 18.00000 17.96248 
 21.00000 21.05524 
 18.00000 18.02780 
 20.00000 20.06465 
 20.00000 20.05500 
 22.00000 22.04229 
 18.00000 18.07924 
 19.00000 19.03391 
 21.00000 21.02713 
 22.00000 21.91962 
 20.00000 19.97195 
 20.00000 19.98596 
 20.00000 20.02880 
 19.00000 19.01736 
 22.00000 21.96251 
 19.00000 19.03021 
 20.00000 20.03831 
 20.00000 20.02201 
 21.00000 20.92216 
 17.00000 17.07765 
 19.00000 19.02126 
 18.00000 18.05551 
 20.00000 20.07003 
 21.00000 21.04421 
 22.00000 22.00970 
 21.00000 21.09098 
 17.00000 16.97145 
 19.00000 19.07038 
 23.00000 23.09596 
 22.00000 22.08907 
 20.00000 20.04122 
 19.00000 18.93213 
 18.00000 17.98085 
 17.00000 16.83143 
 19.00000 19.02411 
 18.00000 17.89729 
 23.00000 23.02143 
 18.00000 18.06019 
 20.00000 20.06294 
 19.00000 19.02869 
 20.00000 20.09931 
 22.00000 22.08897 
 19.00000 18.99719 
 21.00000 21.04225 
 21.00000 20.99412 
 18.00000 18.02707 
 19.00000 18.90275 
 20.00000 19.90404 
 17.00000 17.05648 
 18.00000 18.02617 
 18.00000 17.97582 
 20.00000 20.05706 
 22.00000 22.02682 
 21.00000 20.98154 
 22.00000 22.08808 
 20.00000 19.97193 
 21.00000 21.09728 
 19.00000 19.06514 
 20.00000 19.89869 
 21.00000 20.92686 
 20.00000 20.04897 
 18.00000 18.02725 
 21.00000 21.02050 
 20.00000 19.99440 
 20.00000 20.01947 
 17.00000 17.02997 
 19.00000 19.06112 
 22.00000 21.91862 
 22.00000 22.10932 
 19.00000 19.01509 
 18.00000 18.06331 
 21.00000 21.10026 
 21.00000 21.01557 
 22.00000 22.05118 
 18.00000 18.00261 
 23.00000 23.07058 
 18.00000 17.97710 
 18.00000 17.98766 
 19.00000 19.02428 
 21.00000 21.11219 
 19.00000 19.04558 
 20.00000 19.99799 
 21.00000 20.86373 
 23.00000 23.03149 
 19.00000 19.03052 
 22.00000 22.02330 
 18.00000 18.08587 
 20.00000 20.05978 
 21.00000 21.02878 
 21.00000 20.98155 
 20.00000 20.03106 
 20.00000 20.05347 
 21.00000 20.96577 
 22.00000 22.00196 
 20.00000 20.05198 
 19.00000 19.05900 
 18.00000 18.06981 
 18.00000 17.95681 
 18.00000 18.02477 
 18.00000 18.10034 
 22.00000 21.93570 
 22.00000 22.02974 
 21.00000 20.98131 
 17.00000 16.83705 
 22.00000 22.08155 
 21.00000 21.02597 
 21.00000 21.02675 
 22.00000 22.03286 
 20.00000 20.09378 
 18.00000 18.02796 
 23.00000 23.00651 
 19.00000 19.05909 
 18.00000 18.00472 
 20.00000 20.02146 
 20.00000 19.99786 
 18.00000 17.97492 
 20.00000 19.96932 
 23.00000 23.04935 
 19.00000 18.86915 
 21.00000 20.98955 
 18.00000 18.02894 
 17.00000 16.92168 
 22.00000 21.96526 
 20.00000 20.01394 
 20.00000 19.94693 
 19.00000 19.01587 
 23.00000 22.99978 
 17.00000 16.99262 
 19.00000 19.02562 
 18.00000 17.95776 
 22.00000 22.01764 
 20.00000 20.01925 
 23.00000 22.82490 
 21.00000 21.05667 
 18.00000 18.00391 
 21.00000 20.99246 
 20.00000 20.01599 
 20.00000 19.98540 
 23.00000 22.93793 
 19.00000 19.06624 
 18.00000 18.00931 
 22.00000 22.03795 
 23.00000 23.04457 
 19.00000 19.12275 
 20.00000 19.99701 
 21.00000 21.12159 
 17.00000 17.01801 
 18.00000 17.99110 
 21.00000 21.01544 
 18.00000 18.01770 
 21.00000 21.06295 
 18.00000 18.13440 
 19.00000 19.02259 
 19.00000 19.08750 
 20.00000 20.00739 
 23.00000 22.98455 
 19.00000 19.26983 
 17.00000 17.04678 
 20.00000 20.01633 
 21.00000 21.03609 
 17.00000 17.03279 
 18.00000 18.00595 
 22.00000 21.98663 
 19.00000 19.06370 
 21.00000 21.11180 
 21.00000 20.94573 
 21.00000 20.96802 
 21.00000 21.01425 
 22.00000 22.05247 
 17.00000 17.05362 
 18.00000 17.92244 
 19.00000 18.97085 
 21.00000 21.03855 
 18.00000 18.05487 
 22.00000 21.97447 
 21.00000 21.05487 
 23.00000 23.00079 
 22.00000 22.01339 
 19.00000 19.01093 
 20.00000 20.06211 
 21.00000 20.99399 
 22.00000 22.01315 
 23.00000 22.99894 
 18.00000 18.02134 
 19.00000 18.98437 
 21.00000 20.98526 
 17.00000 17.01313 
 19.00000 18.99573 
 17.00000 16.97568 
 22.00000 22.05732 
 22.00000 22.03948 
 20.00000 20.00462 
 19.00000 19.03175 
 20.00000 20.06067 
 22.00000 22.04039 
 20.00000 19.99867 
 20.00000 20.07283 
 22.00000 21.95019 
 17.00000 16.99990 
 22.00000 22.08370 
 19.00000 19.02485 
 23.00000 22.99457 
 22.00000 22.08371 
 20.00000 19.89249 
 20.00000 19.99148 
 22.00000 22.01774 
 19.00000 19.02202 
 23.00000 22.97495 
 21.00000 21.03320 
 18.00000 18.05105 
 20.00000 20.11714 
 18.00000 18.02549 
 20.00000 19.99096 
 19.00000 19.06437 
 18.00000 18.06170 
 22.00000 22.07395 
 22.00000 22.08913 
 17.00000 16.95763 
 21.00000 20.86607 
 21.00000 21.03097 
 18.00000 18.00703 
 19.00000 19.07475 
 19.00000 19.04336 
 20.00000 19.99867 
 19.00000 19.00561 
 18.00000 18.04371 
 20.00000 20.00232 
 20.00000 19.98186 
 18.00000 18.05239 
 22.00000 21.98679 
 21.00000 21.05868 
 21.00000 20.92762 
 19.00000 19.02597 
 21.00000 21.09825 
 17.00000 16.82101 
 18.00000 18.04221 
 17.00000 17.02545 
 22.00000 22.08168 
 20.00000 20.02082 
 18.00000 18.00192 
 22.00000 22.01736 
 20.00000 20.05331 
 22.00000 21.97369 
 19.00000 18.95320 
 22.00000 21.99129 
 18.00000 18.08696 
 21.00000 21.03672 
 19.00000 18.96029 
 19.00000 19.19404 
 19.00000 19.00535 
 18.00000 18.03296 
 22.00000 21.99359 
 18.00000 18.03422 
 18.00000 18.05745 
 23.00000 22.96561 
 18.00000 17.99255 
 21.00000 21.09548 
 19.00000 19.05152 
 18.00000 18.02747 
 20.00000 20.02170 
 20.00000 20.09426 
 18.00000 17.91171 
 20.00000 19.85629 
 21.00000 20.95821 
 20.00000 19.92354 
 22.00000 21.98780 
 18.00000 17.98614 
 20.00000 20.11835 
 18.00000 18.01113 
 17.00000 17.01457 
 20.00000 20.00932 
 22.00000 21.96187 
 21.00000 21.00328 
 22.00000 22.07522 
 21.00000 20.99310 
 17.00000 17.05943 
 20.00000 20.06856 
 18.00000 18.13667 
 18.00000 18.01454 
 18.00000 18.02867 
 22.00000 22.07964 
 22.00000 21.99735 
 21.00000 21.11882 
 22.00000 22.04161 
 19.00000 19.10221 
 23.00000 23.04991 
 19.00000 19.00570 
 18.00000 18.02995 
 19.00000 18.89870 
 19.00000 19.02677 
 22.00000 22.07391 
 20.00000 20.00142 
 17.00000 17.02452 
 17.00000 16.99830 
 20.00000 20.05254 
 22.00000 22.03067 
 18.00000 18.05740 
 22.00000 22.04143 
 21.00000 20.99965 
 22.00000 22.06396 
 19.00000 19.01544 
 21.00000 21.04482 
 20.00000 19.97689 
 22.00000 21.98886 
 19.00000 19.02639 
 19.00000 18.94268 
 17.00000 16.87469 
 20.00000 20.02992 
 21.00000 21.05784 
 19.00000 19.02126 
 22.00000 22.06647 
 19.00000 19.02522 
 20.00000 19.99956 
 19.00000 19.07627 
 18.00000 18.02577 
 21.00000 20.92806 
 21.00000 21.02862 
 23.00000 23.04129 
 18.00000 18.03050 
 19.00000 18.94111 
 20.00000 19.99541 
 18.00000 17.97589 
 21.00000 21.06671 
 18.00000 18.04282 
 22.00000 22.03393 
 22.00000 22.04404 
 22.00000 22.10154 
 20.00000 20.02609 
 21.00000 21.03908 
 22.00000 21.98355 
 20.00000 20.00516 
 18.00000 18.00165 
 19.00000 19.06515 
 22.00000 22.08728 
 20.00000 20.04809 
 21.00000 21.01617 
 23.00000 22.98333 
 21.00000 20.83025 
 19.00000 19.00412 
 20.00000 20.01794 
 23.00000 23.08876 
 20.00000 19.97230 
 23.00000 23.06685 
 23.00000 23.00758 
 21.00000 21.10646 
 21.00000 21.04966 
 19.00000 18.99696 
 21.00000 20.99962 
 22.00000 22.03490 
 17.00000 17.11139 
 21.00000 21.00511 
 18.00000 18.02917 
 23.00000 22.98039 
 20.00000 20.05635 
 20.00000 20.00962 
 20.00000 20.05571 
 22.00000 21.99906 
 22.00000 22.10729 
 21.00000 21.06760 
 18.00000 18.04503 
 19.00000 19.07747 
 20.00000 19.95663 
 20.00000 19.98111 
 22.00000 22.10420 
 21.00000 20.98343 
 21.00000 21.02170 
 19.00000 19.06539 
 18.00000 18.03588 
 18.00000 18.03504 
 20.00000 19.88142 
 21.00000 20.96639 
 18.00000 17.98591 
 22.00000 22.05340 
 18.00000 17.99143 
 19.00000 19.06011 
 21.00000 21.00937 
 18.00000 18.00152 
 18.00000 18.04086 
 19.00000 19.01262 
 22.00000 22.04433 
 18.00000 18.04123 
 21.00000 20.88033 
 17.00000 16.91144 
 20.00000 20.06863 
 20.00000 20.03453 
 18.00000 18.05386 
 17.00000 17.05419 
 18.00000 17.93403 
 18.00000 17.96480 
 23.00000 22.91161 
 22.00000 22.01129 
 20.00000 20.00574 
 23.00000 23.09502 
 22.00000 22.05271 
 23.00000 23.02260 
 19.00000 19.02377 
 20.00000 19.98523 
 22.00000 22.07324 
 22.00000 22.14237 
 17.00000 17.09358 
 21.00000 21.04056 
 17.00000 17.15923 
 18.00000 18.06995 
 22.00000 22.07687 
 17.00000 16.96107 
 21.00000 21.01859 
 19.00000 19.00892 
 19.00000 19.03002 
 22.00000 22.01618 
 19.00000 19.02157 
 17.00000 17.04579 
 22.00000 22.05780 
 22.00000 22.05006 
 22.00000 22.05269 
 17.00000 17.07306 
 18.00000 18.04830 
 18.00000 18.09027 
 19.00000 19.03561 
 21.00000 21.01313 
 18.00000 18.06961 
 18.00000 17.98150 
 20.00000 20.08060 
 18.00000 18.04211 
 23.00000 23.00949 
 18.00000 18.01247 
 21.00000 21.05939 
 18.00000 17.96450 
 20.00000 20.11652 
 21.00000 21.01872 
 19.00000 19.02463 
 22.00000 22.01340 
 21.00000 21.02493 
 21.00000 21.04607 
 19.00000 19.07380 
 19.00000 19.07752 
 18.00000 18.07931 
 21.00000 21.09841 
 23.00000 22.95290 
 19.00000 19.06883 
 20.00000 20.03722 
 19.00000 19.00343 
 20.00000 19.99522 
 20.00000 20.04827 
 17.00000 17.04338 
 20.00000 20.04562 
 20.00000 19.91224 
 20.00000 20.00124 
 22.00000 22.06214 
 23.00000 23.00760 
 22.00000 21.91731 
 19.00000 19.06222 
 22.00000 22.04885 
 21.00000 21.13402 
 19.00000 19.01189 
 18.00000 18.01885 
 19.00000 19.03353 
 20.00000 20.04154 
 22.00000 22.06458 
 21.00000 21.00575 
 21.00000 21.02763 
 22.00000 22.04144 
 17.00000 17.04403 
 19.00000 19.04259 
 17.00000 17.05308 
 19.00000 19.08582 
 18.00000 18.00653 
 21.00000 21.00561 
 22.00000 22.11558 
 20.00000 20.06011 
 21.00000 21.02033 
 20.00000 20.00567 
 22.00000 22.03199 
 22.00000 22.02842 
 18.00000 18.03714 
 19.00000 19.02709 
 21.00000 20.98684 
 19.00000 19.05280 
 18.00000 18.01442 
 18.00000 18.06727 
 20.00000 20.00432 
 18.00000 18.06810 
 22.00000 22.06608 
 20.00000 20.00157 
 22.00000 22.15088 
 18.00000 18.03564 
 23.00000 23.13560 
 22.00000 22.07586 
 18.00000 18.00555 
 18.00000 18.05290 
 20.00000 20.00502 
 18.00000 18.01560 
 22.00000 22.06107 
 22.00000 22.05476 
 23.00000 22.93014 
 19.00000 19.03131 
 19.00000 19.03463 
 18.00000 18.02978 
 19.00000 19.10105 
 20.00000 19.99720 
 19.00000 19.03586 
 22.00000 22.04152 
 22.00000 21.91901 
 23.00000 23.08834 
 18.00000 18.05770 
 21.00000 21.06568 
 23.00000 23.04873 
 21.00000 20.94827 
 23.00000 22.90571 
 20.00000 20.02426 
 19.00000 18.99758 
 17.00000 17.02974 
 19.00000 19.02939 
 19.00000 19.05944 
 18.00000 17.98795 
 22.00000 21.94885 
 18.00000 18.00581 
 18.00000 17.98160 
 19.00000 19.04043 
 17.00000 17.02462 
 19.00000 19.02707 
 21.00000 21.06583 
 23.00000 23.06336 
 21.00000 20.94348 
 19.00000 18.99166 
 18.00000 18.04374 
 21.00000 21.05299 
 20.00000 20.01870 
 17.00000 17.00867 
 20.00000 20.04316 
 20.00000 19.97795 
 18.00000 18.04652 
 22.00000 22.05400 
 19.00000 18.99310 
 22.00000 22.04754 
 22.00000 21.98562 
 17.00000 17.04976 
 18.00000 18.07924 
 21.00000 21.01611 
 20.00000 20.05526 
 19.00000 19.08062 
 18.00000 17.98752 
 18.00000 17.99142 
 23.00000 23.00140 
 20.00000 19.87861 
 19.00000 18.95465 
 18.00000 18.01730 
 20.00000 20.04220 
 19.00000 19.02636 
 18.00000 18.01310 
 21.00000 21.02446 
 20.00000 20.04973 
 19.00000 19.07917 
 19.00000 18.97832 
 23.00000 23.00655 
 21.00000 20.90440 
 21.00000 20.97352 
 21.00000 21.02647 
 21.00000 20.96755 
 19.00000 18.97353 
 20.00000 19.99373 
 18.00000 18.05910 
 18.00000 18.01064 
 23.00000 23.05656 
 17.00000 17.00027 
 22.00000 22.06846 
 22.00000 22.05318 
 22.00000 21.89814 
 22.00000 22.03200 
 22.00000 22.12989 
 18.00000 18.02828 
 20.00000 20.04014 
 17.00000 17.06270 
 21.00000 20.98391 
 18.00000 18.00627 
 19.00000 19.09240 
 18.00000 18.00003 
 17.00000 16.97009 
 19.00000 18.99252 
 20.00000 19.91881 
 20.00000 20.06725 
 21.00000 21.03014 
 20.00000 20.03498 
 22.00000 22.05867 
 19.00000 18.97514 
 22.00000 22.10894 
 18.00000 18.04166 
 17.00000 17.05580 
 18.00000 18.09792 
 20.00000 20.00179 
 20.00000 19.99994 
 22.00000 22.08872 
 22.00000 22.01642 
 17.00000 17.11341 
 20.00000 20.04423 
 19.00000 19.08236 
 23.00000 23.12261 
 17.00000 17.04257 
 18.00000 17.98158 
 17.00000 17.04296 
 18.00000 18.04845 
 20.00000 20.02172 
 22.00000 21.97845 
 18.00000 18.00535 
 19.00000 19.04960 
 20.00000 20.01644 
 22.00000 21.96218 
 23.00000 23.00021 
 21.00000 20.98402 
 23.00000 23.06046 
 19.00000 19.01857 
 21.00000 21.05097 
 22.00000 22.02180 
 21.00000 21.06656 
 22.00000 22.00491 
 17.00000 17.00904 
 22.00000 21.98163 
 20.00000 20.01442 
 23.00000 23.08344 
 19.00000 19.03743 
 22.00000 22.05737 
 20.00000 20.12210 
 20.00000 20.05150 
 19.00000 19.01093 
 19.00000 19.00947 
 18.00000 17.98846 
 17.00000 17.00149 
 18.00000 18.00900 
 22.00000 21.99108 
 22.00000 22.03310 
 19.00000 19.02891 
 20.00000 19.98927 
 18.00000 17.96262 
 20.00000 20.00681 
 19.00000 18.99235 
 19.00000 18.97686 
 19.00000 19.01005 
 19.00000 18.98659 
 18.00000 18.06898 
 20.00000 20.04511 
 19.00000 18.99055 
 22.00000 22.08214 
 20.00000 20.01487 
 19.00000 19.00811 
 20.00000 19.96863 
 19.00000 19.12522 
 21.00000 20.90158 
 22.00000 21.99719 
 18.00000 18.01067 
 22.00000 22.04730 
 22.00000 22.11703 
 23.00000 23.02837 
 23.00000 23.04673 
 18.00000 18.06681 
 20.00000 20.00405 
 19.00000 18.94946 
 21.00000 21.05510 
 19.00000 19.12486 
 18.00000 18.01621 
 22.00000 21.97569 
 19.00000 18.92478 
 18.00000 18.06265 
 20.00000 20.00708 
 22.00000 22.09063 
 20.00000 20.02196 
 19.00000 19.00929 
 22.00000 22.08214 
 20.00000 20.06325 
 18.00000 18.05546 
 20.00000 19.99125 
 19.00000 18.96141 
 17.00000 17.01813 
 18.00000 18.01354 
 21.00000 21.02006 
 23.00000 22.92301 
 19.00000 19.04970 
 20.00000 20.09319 
 22.00000 22.05216 
 20.00000 20.02713 
 20.00000 19.99630 
 18.00000 18.07862 
 21.00000 21.06161 
 21.00000 21.07090 
 17.00000 17.07054 
 20.00000 20.03158 
 21.00000 21.02352 
 22.00000 22.10829 
 22.00000 22.03278 
 17.00000 17.00634 
 22.00000 22.04355 
 19.00000 19.10191 
 20.00000 19.99423 
 23.00000 23.08268 
 20.00000 19.97770 
 22.00000 21.99088 
 21.00000 21.05081 
 21.00000 21.00203 
 19.00000 18.94471 
 22.00000 22.12576 
 21.00000 20.95321 
 23.00000 22.81937 
 19.00000 19.07138 
 20.00000 20.02569 
 18.00000 18.01024 
 20.00000 20.09503 
 21.00000 21.05771 
 21.00000 21.06746 
 20.00000 20.07305 
 19.00000 19.05254 
 20.00000 20.01087 
 19.00000 19.07260 
 23.00000 23.10438 
 22.00000 22.03805 
 23.00000 22.94048 
 22.00000 22.07325 
 20.00000 20.02381 
 18.00000 18.10416 
 19.00000 19.03934 
 18.00000 17.97080 
 21.00000 21.07262 
 17.00000 16.91949 
 18.00000 18.08246 
 23.00000 23.07816 
 21.00000 21.01426 
 18.00000 17.95289 
 20.00000 20.01139 
 23.00000 23.05349 
 22.00000 22.05141 
 18.00000 17.90982 
 18.00000 18.08457 
 19.00000 19.01776 
 23.00000 23.06803 
 21.00000 21.00600 
 18.00000 18.08391 
 18.00000 17.99591 
 18.00000 18.15829 
 17.00000 16.97510 
 23.00000 22.84346 
 21.00000 21.05450 
 18.00000 18.01235 
 19.00000 19.08304 
 18.00000 17.98789 
 19.00000 18.98972 
 20.00000 20.02121 
 22.00000 21.98037 
 23.00000 23.02785 
 20.00000 20.08872 
 17.00000 17.01764 
 17.00000 16.92747 
 20.00000 20.05651 
 18.00000 18.14137 
 18.00000 18.05542 
 18.00000 18.03758 
 20.00000 20.13340 
 22.00000 21.98689 
 20.00000 19.95311 
 21.00000 21.02691 
 22.00000 22.03202 
 18.00000 18.00882 
 19.00000 19.06254 
 21.00000 20.91812 
 20.00000 20.03973 
 17.00000 17.04270 
 22.00000 21.96197 
 17.00000 16.95258 
 20.00000 20.02633 
 17.00000 17.11151 
 20.00000 20.03209 
 20.00000 20.03347 
 22.00000 22.01719 
 20.00000 20.05413 
 22.00000 22.08359 
 20.00000 20.06731 
 22.00000 22.06202 
 22.00000 22.05704 
 19.00000 19.05174 
 22.00000 22.09108 
 21.00000 20.95763 
 18.00000 17.96042 
 20.00000 20.00719 
 18.00000 18.06736 
 23.00000 23.00822 
 20.00000 20.03095 
 18.00000 18.01034 
 22.00000 21.99181 
 22.00000 22.07475 
 21.00000 20.96861 
 19.00000 19.00552 
 18.00000 18.05690 
 18.00000 18.03047 
 21.00000 21.03436 
 22.00000 22.07742 
 19.00000 19.03962 
 17.00000 17.04632 
 22.00000 22.12266 
 19.00000 19.02353 
 23.00000 23.04724 
 21.00000 21.03103 
 20.00000 20.05446 
 20.00000 20.00609 
 18.00000 17.96076 
 21.00000 21.00557 
 20.00000 20.06835 
 20.00000 19.98877 
 20.00000 20.03722 
 22.00000 21.97242 
 21.00000 20.99636 
 20.00000 19.88988 
 22.00000 22.09976 
 20.00000 19.93994 
 20.00000 19.94251 
 17.00000 17.00204 
 20.00000 20.10960 
 22.00000 21.95988 
 20.00000 20.00870 
 22.00000 21.88509 
 18.00000 18.05379 
 19.00000 18.96962 
 21.00000 21.06451 
 18.00000 18.03259 
 20.00000 20.01312 
 17.00000 16.98258 
 17.00000 17.02340 
 21.00000 20.95136 
 21.00000 21.04769 
 22.00000 22.04928 
 17.00000 17.06848 
 18.00000 18.06190 
 21.00000 21.04138 
 20.00000 19.90259 
 21.00000 20.98375 
 19.00000 18.95066 
 23.00000 22.97896 
 22.00000 21.96303 
 20.00000 20.06860 
 23.00000 23.05939 
 21.00000 21.01712 
 18.00000 18.02657 
 21.00000 21.02702 
 18.00000 18.01065 
 22.00000 21.98026 
 23.00000 22.98724 
 22.00000 22.07019 
 18.00000 17.98524 
 19.00000 19.00276 
 19.00000 19.03630 
 19.00000 18.98259 
 22.00000 21.95886 
 21.00000 21.00125 
 18.00000 18.04311 
 20.00000 19.99865 
 22.00000 22.05701 
 20.00000 20.04643 
 20.00000 20.05756 
 20.00000 20.01021 
 21.00000 21.05234 
 18.00000 18.00312 
 20.00000 20.05913 
 19.00000 19.03437 
 21.00000 20.96222 
 18.00000 17.98805 
 21.00000 20.98672 
 21.00000 21.00959 
 22.00000 21.97623 
 18.00000 18.09215 
 18.00000 18.00540 
 19.00000 18.98319 
 20.00000 20.00675 
 19.00000 19.00148 
 20.00000 19.96751 
 17.00000 17.00718 
 21.00000 21.03204 
 20.00000 20.05679 
 19.00000 19.04709 
 22.00000 22.04469 
 18.00000 18.08881 
 18.00000 17.94114 
 20.00000 19.99949 
 20.00000 20.09279 
 21.00000 21.11846 
 22.00000 21.99000 
 19.00000 19.03999 
 19.00000 19.02495 
 22.00000 22.06826 
 19.00000 18.98857 
 21.00000 21.01113 
 20.00000 20.03992 
 20.00000 19.94375 
 19.00000 19.06373 
 22.00000 22.01921 
 22.00000 21.95457 
 20.00000 20.09197 
 20.00000 20.06704 
 20.00000 20.05413 
 22.00000 22.04767 
 20.00000 20.10293 
 19.00000 18.86234 
 20.00000 20.05207 
 20.00000 19.98890 
 22.00000 21.94913 
 19.00000 19.08771 
 22.00000 22.04961 
 20.00000 20.01800 
 21.00000 21.03874 
 22.00000 22.05691 
 22.00000 22.03438 
 22.00000 22.06931 
 21.00000 21.03699 
 22.00000 22.09227 
 17.00000 17.01944 
 22.00000 21.95562 
 19.00000 18.93021 
 23.00000 23.01657 
 17.00000 17.04917 
 20.00000 19.96056 
 20.00000 20.04634 
 18.00000 18.03337 
 20.00000 20.02630 
 20.00000 20.04364 
 18.00000 18.05006 
 17.00000 17.33448 
 18.00000 18.06290 
 19.00000 19.04826 
 19.00000 18.98472 
 18.00000 18.01121 
 18.00000 18.00721 
 17.00000 17.14228 
 20.00000 20.03818 
 21.00000 21.09040 
 20.00000 19.99437 
 19.00000 19.00886 
 22.00000 22.04360 
 17.00000 16.97711 
 18.00000 17.95810 
 17.00000 17.04222 
 18.00000 18.14523 
 19.00000 18.98507 
 20.00000 20.06023 
 19.00000 19.03933 
 22.00000 22.10757 
 18.00000 18.08958 
 20.00000 20.03444 
 18.00000 18.05660 
 19.00000 18.99810 
 21.00000 21.03898 
 21.00000 21.02615 
 22.00000 21.96016 
 19.00000 18.99576 
 20.00000 19.95571 
 22.00000 22.04296 
 20.00000 20.05436 
 22.00000 21.87566 
 22.00000 22.02134 
 17.00000 17.00338 
 20.00000 20.03170 
 23.00000 22.98905 
 18.00000 18.09856 
 18.00000 17.98428 
 20.00000 20.05530 
 19.00000 19.02438 
 20.00000 19.94825 
 22.00000 22.06448 
 20.00000 20.03133 
 23.00000 22.94444 
 19.00000 19.06643 
 20.00000 20.05403 
 22.00000 22.04517 
 22.00000 21.95674 
 22.00000 22.05978 
 21.00000 21.06522 
 19.00000 19.00799 
 18.00000 17.99992 
 21.00000 21.02184 
 23.00000 22.95356 
 20.00000 20.04296 
 19.00000 19.10511 
 20.00000 20.01708 
 21.00000 21.05867 
 21.00000 21.01297 
 20.00000 20.00398 
 23.00000 23.06996 
 20.00000 19.98000 
 19.00000 19.09754 
 23.00000 23.15182 
 22.00000 22.01634 
 20.00000 19.96052 
 22.00000 22.09319 
 22.00000 22.11089 
 22.00000 22.00320 
 23.00000 22.92847 
 17.00000 17.02035 
 18.00000 18.03793 
 22.00000 22.05138 
 21.00000 20.98905 
 20.00000 20.01184 
 19.00000 19.00276 
 18.00000 17.98807 
 18.00000 18.10192 
 17.00000 17.04871 
 22.00000 22.04282 
 21.00000 21.01811 
 19.00000 19.00970 
 19.00000 18.96221 
 22.00000 21.99948 
 18.00000 18.06993 
 20.00000 20.00209 
 18.00000 18.08454 
 20.00000 20.01639 
 20.00000 20.05236 
 17.00000 16.96797 
 22.00000 22.11767 
 21.00000 20.94931 
 22.00000 22.07289 
 21.00000 21.06696 
 17.00000 17.07778 
 19.00000 19.01783 
 18.00000 18.04237 
 22.00000 22.05581 
 21.00000 21.06996 
 21.00000 21.03202 
 21.00000 21.10906 
 17.00000 17.00345 
 21.00000 21.02842 
 18.00000 18.06515 
 19.00000 19.01663 
 22.00000 22.01352 
 21.00000 20.94492 
 20.00000 20.05003 
 20.00000 20.15403 
 23.00000 23.00800 
 21.00000 20.98832 
 20.00000 20.03153 
 19.00000 19.04086 
 20.00000 20.04011 
 20.00000 20.16183 
 18.00000 18.04062 
 22.00000 22.03772 
 17.00000 17.05961 
 19.00000 19.07617 
 22.00000 21.99837 
 23.00000 22.86196 
 20.00000 20.01940 
 19.00000 19.08416 
 21.00000 20.99806 
 20.00000 19.99200 
 18.00000 18.02468 
 19.00000 18.99382 
 20.00000 19.95322 
 18.00000 18.01159 
 22.00000 22.00224 
 18.00000 18.05155 
 21.00000 21.03314 
 20.00000 20.07337 
 17.00000 17.04194 
 21.00000 21.03766 
 21.00000 21.07399 
 22.00000 22.00684 
 21.00000 21.11184 
 22.00000 22.00245 
 23.00000 23.16116 
 20.00000 20.03818 
 18.00000 17.96081 
 21.00000 20.97461 
 20.00000 20.11430 
 19.00000 19.08642 
 20.00000 19.94849 
 20.00000 20.05470 
 20.00000 20.04293 
 23.00000 22.98281 
 20.00000 20.02602 
 19.00000 18.90050 
 18.00000 18.08604 
 22.00000 22.04900 
 19.00000 19.05867 
 20.00000 20.11096 
 22.00000 22.05527 
 22.00000 21.97875 
 17.00000 17.11363 
 19.00000 19.02400 
 21.00000 21.00898 
 21.00000 21.05003 
 19.00000 19.00719 
 18.00000 18.08016 
 18.00000 18.02336 
 18.00000 18.14697 
 20.00000 20.03273 
 22.00000 22.02024 
 21.00000 20.98538 
 18.00000 18.01184 
 19.00000 19.03592 
 21.00000 21.02975 
 22.00000 22.02699 
 19.00000 19.02371 
 19.00000 18.99696 
 20.00000 20.06646 
 20.00000 20.09225 
 22.00000 22.08308 
 18.00000 18.09314 
 21.00000 20.91750 
 21.00000 21.01077 
 21.00000 21.03936 
 20.00000 19.97790 
 19.00000 19.06164 
 17.00000 17.04897 
 18.00000 18.02570 
 21.00000 20.95790 
 22.00000 21.95802 
 21.00000 20.94464 
 22.00000 22.09145 
 20.00000 20.04696 
 18.00000 18.00146 
 22.00000 21.94223 
 19.00000 19.04131 
 21.00000 20.97434 
 20.00000 20.03786 
 22.00000 22.02808 
 19.00000 19.02783 
 19.00000 19.09546 
 20.00000 20.04181 
 17.00000 17.04604 
 21.00000 20.95550 
 20.00000 20.01601 
 18.00000 18.02757 
 19.00000 18.99490 
 22.00000 22.03753 
 18.00000 17.94959 
 18.00000 18.00160 
 23.00000 22.83123 
 20.00000 20.00045 
 20.00000 20.02437 
 19.00000 19.01920 
 18.00000 17.95672 
 19.00000 19.09187 
 18.00000 17.98269 
 20.00000 19.83256 
 22.00000 22.05413 
 20.00000 20.02494 
 20.00000 19.98280 
 23.00000 23.03541 
 21.00000 20.94819 
 17.00000 16.91917 
 19.00000 19.02080 
 19.00000 19.03678 
 18.00000 18.05486 
 18.00000 18.00975 
 22.00000 22.12370 
 17.00000 16.90249 
 23.00000 23.12551 
 21.00000 21.01012 
 19.00000 18.96431 
 19.00000 19.02522 
 23.00000 22.96684 
 20.00000 20.01908 
 20.00000 20.01080 
 22.00000 22.06934 
 20.00000 20.01409 
 22.00000 22.06147 
 22.00000 21.91857 
 20.00000 20.02979 
 23.00000 23.01853 
 22.00000 21.94195 
 19.00000 18.97179 
 20.00000 20.09031 
 21.00000 21.00837 
 21.00000 20.94866 
 22.00000 22.08803 
 19.00000 18.98691 
 22.00000 22.08183 
 17.00000 16.91390 
 18.00000 17.99113 
 21.00000 21.01160 
 19.00000 19.00038 
 18.00000 17.99265 
 19.00000 19.02992 
 21.00000 20.95267 
 22.00000 22.04368 
 21.00000 21.14155 
 21.00000 21.05619 
 19.00000 19.08301 
 19.00000 19.04442 
 19.00000 18.97955 
 21.00000 20.91311 
 22.00000 21.98860 
 17.00000 16.99851 
 18.00000 18.01554 
 21.00000 21.11017 
 22.00000 22.07032 
 18.00000 17.95706 
 19.00000 18.87471 
 21.00000 21.02427 
 19.00000 19.03822 
 21.00000 21.11271 
 21.00000 21.05016 
 21.00000 21.01706 
 22.00000 22.07759 
 19.00000 19.01452 
 21.00000 21.02188 
 23.00000 23.02435 
 18.00000 18.07255 
 21.00000 21.04559 
 18.00000 18.05979 
 18.00000 18.13399 
 20.00000 20.09947 
 23.00000 22.93185 
 22.00000 22.03106 
 21.00000 21.01681 
 21.00000 21.02813 
 20.00000 20.03065 
 20.00000 19.97897 
 19.00000 18.99026 
 20.00000 20.06797 
 20.00000 19.90677 
 22.00000 21.92378 
 20.00000 19.98718 
 22.00000 22.02881 
 20.00000 20.00992 
 23.00000 22.99568 
 20.00000 20.05040 
 18.00000 17.92942 
 21.00000 20.96762 
 18.00000 17.98978 
 17.00000 17.20458 
 21.00000 21.03813 
 20.00000 20.04274 
 21.00000 21.06027 
 18.00000 18.02879 
 19.00000 19.09917 
 20.00000 20.06803 
 20.00000 19.97158 
 19.00000 18.99576 
 20.00000 20.07275 
 18.00000 18.02962 
 22.00000 22.03350 
 19.00000 18.97912 
 18.00000 18.03671 
 19.00000 18.94598 
 22.00000 21.98381 
 20.00000 19.95223 
 19.00000 19.06019 
 20.00000 20.09039 
 21.00000 20.90330 
 21.00000 21.05564 
 21.00000 21.06517 
 23.00000 23.00283 
 23.00000 22.98281 
 19.00000 18.98759 
 20.00000 19.99160 
 21.00000 21.08909 
 19.00000 19.01600 
 18.00000 18.00814 
 22.00000 22.04391 
 20.00000 20.06702 
 22.00000 22.00038 
 18.00000 18.02691 
 20.00000 20.10168 
 19.00000 19.10326 
 19.00000 19.03097 
 21.00000 21.05102 
 22.00000 21.96192 
 21.00000 21.09862 
 19.00000 19.06297 
 18.00000 18.03466 
 19.00000 19.01775 
 18.00000 18.04251 
 20.00000 19.99788 
 19.00000 19.06759 
 20.00000 20.00518 
 23.00000 22.99134 
 21.00000 21.04607 
 20.00000 20.04791 
 23.00000 22.99235 
 19.00000 19.01614 
 20.00000 20.03672 
 19.00000 19.01439 
 22.00000 22.00289 
 20.00000 20.01134 
 19.00000 18.99841 
 19.00000 19.01915 
 18.00000 18.02680 
 17.00000 17.03817 
 21.00000 21.02334 
 21.00000 21.01052 
 22.00000 22.06477 
 18.00000 18.05758 
 20.00000 19.99173 
 21.00000 20.95689 
 21.00000 21.05080 
 20.00000 20.04025 
 19.00000 19.03699 
 17.00000 16.99455 
 21.00000 21.08094 
 19.00000 19.00324 
 22.00000 22.12593 
 18.00000 18.01968 
 23.00000 22.99650 
 22.00000 21.99279 
 17.00000 16.97550 
 19.00000 19.02888 
 22.00000 22.02994 
 22.00000 22.07804 
 21.00000 20.98227 
 20.00000 20.04581 
 20.00000 20.07257 
 23.00000 23.07505 
 23.00000 23.02075 
 19.00000 19.06312 
 19.00000 18.93705 
 18.00000 18.04102 
 17.00000 17.04081 
 20.00000 20.08020 
 19.00000 18.94120 
 18.00000 18.06005 
 19.00000 19.02296 
 22.00000 22.04344 
 18.00000 17.91931 
 20.00000 19.97995 
 18.00000 18.00104 
 21.00000 20.99520 
 21.00000 20.98150 
 17.00000 17.02639 
 17.00000 16.95542 
 17.00000 17.04442 
 18.00000 18.01606 
 19.00000 19.02270 
 23.00000 23.09390 
 18.00000 18.02701 
 20.00000 20.00356 
 19.00000 18.92063 
 22.00000 22.07368 
 21.00000 21.02291 
 21.00000 21.09506 
 19.00000 18.99816 
 18.00000 17.99588 
 19.00000 18.96370 
 21.00000 20.98511 
 21.00000 21.00029 
 23.00000 23.13072 
 18.00000 18.00174 
 21.00000 21.02886 
 20.00000 19.87740 
 22.00000 22.07703 
 18.00000 18.04307 
 21.00000 20.99435 
 20.00000 19.94462 
 18.00000 18.01180 
 23.00000 23.00177 
 18.00000 18.15322 
 19.00000 19.08112 
 22.00000 22.04854 
 21.00000 21.03180 
 22.00000 22.04275 
 22.00000 21.98396 
 20.00000 19.95865 
 21.00000 20.93178 
 19.00000 19.03379 
 23.00000 23.05654 
 22.00000 22.05812 
 19.00000 19.00149 
 19.00000 19.03759 
 18.00000 18.00742 
 21.00000 21.01363 
 20.00000 20.10701 
 20.00000 20.07455 
 18.00000 17.96490 
 19.00000 19.04027 
 21.00000 20.98376 
 19.00000 18.98299 
 20.00000 19.99000 
 18.00000 18.03400 
 22.00000 22.06142 
 20.00000 20.10300 
 22.00000 22.05360 
 18.00000 18.05631 
 18.00000 18.01299 
 22.00000 22.08188 
 17.00000 17.02063 
 19.00000 19.09120 
 18.00000 18.05644 
 21.00000 20.97413 
 21.00000 21.07099 
 21.00000 21.00345 
 18.00000 18.04599 
 19.00000 19.07322 
 21.00000 21.00029 
 20.00000 20.11743 
 23.00000 22.99802 
 18.00000 17.95086 
 19.00000 19.04611 
 23.00000 23.00407 
 19.00000 19.00829 
 19.00000 19.03446 
 22.00000 22.03202 
 19.00000 19.02694 
 22.00000 21.86815 
 19.00000 19.00695 
 22.00000 22.02443 
 20.00000 19.98544 
 18.00000 18.01362 
 18.00000 18.00659 
 20.00000 20.03418 
 17.00000 16.99113 
 20.00000 20.03816 
 18.00000 18.02486 
 21.00000 21.05035 
 21.00000 21.12650 
 17.00000 17.22272 
 23.00000 23.05767 
 17.00000 16.90538 
 20.00000 20.08863 
 20.00000 20.08240 
 17.00000 17.05518 
 22.00000 21.98561 
 20.00000 19.98307 
 23.00000 23.02993 
 22.00000 22.07782 
 22.00000 22.05804 
 18.00000 17.95023 
 18.00000 17.95441 
 21.00000 20.95897 
 20.00000 19.95023 
 23.00000 22.98990 
 18.00000 18.00932 
 19.00000 19.00286 
 21.00000 20.98665 
 20.00000 20.04458 
 18.00000 18.04281 
 18.00000 18.01455 
 21.00000 20.90373 
 21.00000 21.03736 
 20.00000 20.01853 
 22.00000 21.98306 
 19.00000 19.03841 
 22.00000 21.95581 
 22.00000 22.05550 
 20.00000 19.96982 
 17.00000 16.83727 
 18.00000 18.00869 
 23.00000 22.93810 
 23.00000 22.97293 
 18.00000 18.00133 
 20.00000 20.04470 
 19.00000 19.06926 
 18.00000 18.02378 
 17.00000 17.02765 
 22.00000 22.08737 
 20.00000 20.02924 
 22.00000 22.07610 
 20.00000 19.95035 
 20.00000 19.97221 
 18.00000 17.97486 
 20.00000 20.06995 
 20.00000 20.05397 
 20.00000 20.06426 
 21.00000 21.04716 
 17.00000 17.03866 
 18.00000 18.02035 
 19.00000 19.03829 
 17.00000 17.01700 
 20.00000 20.09587 
 19.00000 19.00372 
 18.00000 18.06462 
 19.00000 19.07781 
 17.00000 16.95536 
 21.00000 21.04618 
 18.00000 18.03661 
 20.00000 19.97066 
 21.00000 20.98928 
 22.00000 21.95749 
 22.00000 21.91864 
 23.00000 22.98058 
 20.00000 19.95141 
 22.00000 22.07450 
 20.00000 19.94513 
 22.00000 22.07147 
 21.00000 21.01348 
 22.00000 22.03881 
 17.00000 16.96379 
 19.00000 18.99272 
 18.00000 18.01881 
 22.00000 21.99395 
 21.00000 21.11108 
 21.00000 21.00270 
 23.00000 23.04133 
 21.00000 20.92689 
 19.00000 19.01851 
 22.00000 22.06767 
 19.00000 19.03972 
 22.00000 22.07939 
 22.00000 22.06077 
 21.00000 21.02210 
 18.00000 18.06260 
 17.00000 17.01210 
 21.00000 21.03504 
 17.00000 17.14287 
 19.00000 18.94659 
 20.00000 20.02823 
 22.00000 22.07693 
 20.00000 20.01073 
 23.00000 22.74306 
 20.00000 19.99353 
 19.00000 18.99668 
 22.00000 22.03175 
 22.00000 21.92883 
 21.00000 21.05029 
 22.00000 22.10675 
 19.00000 18.88205 
 18.00000 18.01444 
 17.00000 17.02008 
 17.00000 16.96178 
 22.00000 22.04349 
 21.00000 21.03169 
 22.00000 22.00529 
 18.00000 18.09248 
 23.00000 23.02024 
 21.00000 21.09893 
 19.00000 19.00526 
 22.00000 22.04468 
 17.00000 17.13233 
 23.00000 23.04320 
 20.00000 20.04289 
 21.00000 21.03851 
 20.00000 20.03051 
 18.00000 18.05240 
 19.00000 19.02555 
 22.00000 22.02674 
 23.00000 23.10152 
 20.00000 19.95167 
 22.00000 21.98849 
 19.00000 19.01668 
 21.00000 20.99290 
 20.00000 20.05959 
 18.00000 17.95294 
 20.00000 20.06087 
 18.00000 18.07965 
 18.00000 17.92516 
 22.00000 21.98605 
 19.00000 19.00171 
 22.00000 22.03174 
 20.00000 20.08546 
 20.00000 20.07001 
 22.00000 21.93973 
 19.00000 19.06520 
 20.00000 20.02130 
 20.00000 20.04748 
 22.00000 21.98859 
 20.00000 20.01319 
 17.00000 17.04385 
 18.00000 18.05072 
 22.00000 22.07518 
 18.00000 17.98502 
 19.00000 19.03748 
 19.00000 18.99926 
 19.00000 19.03125 
 17.00000 17.05509 
 21.00000 20.93177 
 22.00000 21.87478 
 22.00000 22.04917 
 21.00000 21.01940 
 22.00000 22.01553 
 19.00000 19.09726 
 23.00000 22.95950 
 18.00000 18.01549 
 20.00000 20.01019 
 22.00000 22.01509 
 22.00000 22.05517 
 18.00000 18.04299 
 19.00000 19.05600 
 21.00000 21.03649 
 23.00000 23.09811 
 20.00000 19.98412 
 22.00000 22.08583 
 18.00000 18.04708 
 20.00000 20.09308 
 17.00000 17.00153 
 21.00000 21.03051 
 22.00000 22.06391 
 20.00000 20.04984 
 18.00000 17.96394 
 21.00000 20.78901 
 22.00000 22.01196 
 18.00000 18.00269 
 22.00000 22.08578 
 20.00000 19.99640 
 20.00000 20.00491 
 19.00000 18.95934 
 21.00000 21.10834 
 23.00000 22.97979 
 20.00000 20.15327 
 21.00000 21.05181 
 19.00000 19.01658 
 21.00000 21.07330 
 19.00000 19.09278 
 18.00000 18.01748 
 19.00000 18.96042 
 19.00000 19.00738 
 20.00000 19.98916 
 22.00000 21.98951 
 17.00000 17.06358 
 22.00000 21.97068 
 22.00000 22.08611 
 19.00000 19.04720 
 19.00000 19.01104 
 21.00000 21.01671 
 21.00000 21.01039 
 19.00000 19.01916 
 17.00000 17.02488 
 18.00000 17.99946 
 17.00000 16.88076 
 18.00000 18.01602 
 19.00000 19.01912 
 18.00000 18.00397 
 21.00000 20.99623 
 18.00000 18.01103 
 22.00000 21.56448 
 20.00000 20.00809 
 20.00000 20.03586 
 20.00000 20.03349 
 21.00000 21.02142 
 20.00000 20.06368 
 18.00000 18.01824 
 22.00000 21.94515 
 22.00000 21.99549 
 22.00000 22.03321 
 17.00000 17.02141 
 22.00000 22.05843 
 20.00000 20.05275 
 17.00000 17.01501 
 17.00000 16.97878 
 21.00000 21.02457 
 21.00000 21.03015 
 20.00000 20.04048 
 17.00000 17.01652 
 18.00000 18.03394 
 20.00000 19.94056 
 21.00000 20.97926 
 19.00000 19.04866 
 20.00000 19.94707 
 20.00000 20.07868 
 20.00000 20.06672 
 19.00000 19.06031 
 18.00000 18.03399 
 18.00000 18.03401 
 21.00000 21.08809 
 20.00000 19.93964 
 22.00000 22.06011 
 19.00000 19.03355 
 22.00000 21.96326 
 20.00000 19.99243 
 18.00000 18.01612 
 19.00000 19.05547 
 18.00000 18.07252 
 19.00000 18.97448 
 22.00000 22.02661 
 18.00000 18.02539 
 22.00000 22.03037 
 17.00000 17.13220 
 19.00000 19.10661 
 20.00000 19.90937 
 20.00000 20.00158 
 21.00000 20.83712 
 17.00000 16.99328 
 18.00000 18.07434 
 19.00000 19.05147 
 21.00000 20.95416 
 20.00000 19.96986 
 20.00000 20.09317 
 17.00000 16.91126 
 19.00000 19.01448 
 20.00000 20.01673 
 20.00000 20.11419 
 21.00000 21.01439 
 21.00000 20.97099 
 19.00000 18.94977 
 21.00000 20.99457 
 18.00000 18.04328 
 19.00000 19.03496 
 18.00000 18.06478 
 22.00000 22.01567 
 23.00000 22.89597 
 22.00000 21.99539 
 20.00000 19.97910 
 19.00000 19.03683 
 20.00000 20.03703 
 19.00000 18.99143 
 18.00000 17.99155 
 22.00000 22.02234 
 18.00000 18.05089 
 20.00000 20.07399 
 20.00000 19.94800 
 19.00000 18.96531 
 21.00000 21.01495 
 18.00000 18.04952 
 20.00000 19.93871 
 21.00000 21.10937 
 18.00000 17.96514 
 18.00000 18.00639 
 17.00000 17.04780 
 22.00000 22.00804 
 19.00000 19.06091 
 20.00000 20.01411 
 21.00000 21.10465 
 21.00000 21.08120 
 22.00000 22.02243 
 20.00000 20.03255 
 19.00000 19.03731 
 21.00000 20.62916 
 21.00000 21.00005 
 20.00000 20.06853 
 22.00000 21.94093 
 19.00000 18.96013 
 20.00000 20.05559 
 18.00000 17.98843 
 21.00000 21.03640 
 19.00000 19.05260 
 20.00000 20.03827 
 22.00000 21.98969 
 19.00000 19.04009 
 22.00000 22.01573 
 20.00000 19.96806 
 23.00000 22.98338 
 20.00000 20.04267 
 23.00000 23.05719 
 20.00000 20.03063 
 19.00000 18.94315 
 19.00000 18.96175 
 23.00000 23.05979 
 19.00000 19.02195 
 19.00000 18.97173 
 20.00000 19.98656 
 21.00000 21.03398 
 21.00000 21.02999 
 18.00000 18.05357 
 21.00000 20.71446 
 22.00000 22.12695 
 18.00000 18.01657 
 23.00000 22.83506 
 18.00000 18.02899 
 21.00000 21.03232 
 20.00000 20.06152 
 18.00000 18.02184 
 21.00000 20.94522 
 18.00000 17.98003 
 20.00000 19.94751 
 22.00000 21.88548 
 20.00000 20.04363 
 21.00000 21.02776 
 20.00000 19.99561 
 22.00000 21.98773 
 20.00000 19.96837 
 21.00000 21.03314 
 18.00000 18.02199 
 21.00000 20.90384 
 21.00000 21.00522 
 17.00000 17.00440 
 22.00000 21.96561 
 18.00000 18.03682 
 17.00000 17.05796 
 18.00000 18.03894 
 19.00000 19.07926 
 22.00000 22.06604 
 22.00000 22.14740 
 20.00000 20.04426 
 19.00000 18.97799 
 21.00000 21.00735 
 21.00000 20.99279 
 22.00000 22.09102 
 21.00000 21.01202 
 17.00000 17.01753 
 19.00000 19.08279 
 17.00000 16.99393 
 18.00000 18.02912 
 20.00000 20.05778 
 19.00000 19.02722 
 22.00000 22.00591 
 22.00000 22.11060 
 23.00000 23.02677 
 19.00000 19.07487 
 21.00000 21.06767 
 18.00000 17.97103 
 21.00000 21.01927 
 21.00000 21.08406 
 23.00000 23.07854 
 17.00000 16.98532 
 19.00000 19.02441 
 22.00000 22.08316 
 20.00000 20.04338 
 21.00000 21.04087 
 17.00000 16.94491 
 19.00000 18.94246 
 19.00000 19.08970 
 22.00000 22.03449 
 22.00000 21.95881 
 20.00000 19.99560 
 18.00000 18.01387 
 21.00000 21.00058 
 21.00000 21.05540 
 19.00000 18.93392 
 18.00000 17.97381 
 19.00000 18.97919 
 18.00000 18.04249 
 21.00000 20.97649 
 20.00000 20.07988 
 22.00000 21.92391 
 20.00000 19.98953 
 18.00000 17.97809 
 18.00000 18.03527 
 18.00000 18.01915 
 21.00000 21.07494 
 18.00000 18.00927 
 20.00000 20.02779 
 22.00000 22.14215 
 20.00000 20.13373 
 21.00000 20.98192 
 21.00000 20.96579 
 20.00000 20.05672 
 20.00000 20.03497 
 19.00000 19.09592 
 19.00000 18.93815 
 17.00000 17.01659 
 22.00000 22.00461 
 20.00000 20.00913 
 21.00000 20.96761 
 18.00000 18.00475 
 18.00000 17.99459 
 20.00000 20.05823 
 22.00000 22.04481 
 22.00000 22.04496 
 21.00000 21.03026 
 22.00000 21.96478 
 18.00000 18.05841 
 18.00000 18.02043 
 21.00000 20.99110 
 21.00000 20.88722 
 19.00000 19.07499 
 19.00000 19.03842 
 21.00000 21.02054 
 20.00000 20.06582 
 20.00000 20.00907 
 19.00000 19.06697 
 23.00000 23.03543 
 22.00000 22.03078 
 21.00000 20.93442 
 19.00000 19.06439 
 18.00000 17.97846 
 21.00000 21.05073 
 22.00000 22.03475 
 18.00000 18.02072 
 20.00000 20.04042 
 21.00000 21.03805 
 19.00000 18.95178 
 20.00000 20.04586 
 21.00000 21.06505 
 19.00000 18.94483 
 21.00000 21.06588 
 18.00000 18.04488 
 18.00000 17.99269 
 20.00000 20.01733 
 22.00000 22.12266 
 21.00000 20.91614 
 21.00000 20.97252 
 19.00000 19.09069 
 18.00000 17.99344 
 20.00000 20.01515 
 20.00000 19.88718 
 19.00000 18.97507 
 21.00000 21.05016 
 20.00000 20.05951 
 18.00000 18.00608 
 22.00000 22.07447 
 21.00000 21.02226 
 17.00000 16.94295 
 20.00000 20.03770 
 18.00000 17.97783 
 23.00000 23.07002 
 20.00000 20.02794 
 18.00000 18.03555 
 18.00000 18.00548 
 23.00000 23.06950 
 19.00000 19.04776 
 19.00000 18.96469 
 18.00000 18.01613 
 19.00000 19.03312 
 17.00000 16.89007 
 22.00000 22.02502 
 18.00000 18.15058 
 23.00000 23.05844 
 20.00000 19.99691 
 22.00000 21.99704 
 20.00000 19.98472 
 18.00000 17.96152 
 18.00000 18.00980 
 19.00000 18.99736 
 21.00000 21.07873 
 17.00000 17.04855 
 18.00000 17.97483 
 20.00000 20.05154 
 19.00000 19.04941 
 21.00000 21.10208 
 21.00000 21.09558 
 19.00000 19.02778 
 20.00000 19.95697 
 21.00000 21.02445 
 21.00000 21.01400 
 19.00000 18.99506 
 20.00000 19.98898 
 22.00000 21.93843 
 19.00000 18.94972 
 23.00000 22.99409 
 21.00000 20.93812 
 22.00000 21.99052 
 23.00000 23.14629 
 19.00000 19.03946 
 20.00000 20.03988 
 22.00000 22.06663 
 21.00000 21.05031 
 19.00000 18.97172 
 18.00000 18.03976 
 22.00000 21.95951 
 19.00000 18.99318 
 18.00000 18.05893 
 21.00000 21.06532 
 19.00000 18.96323 
 20.00000 20.03624 
 19.00000 19.04221 
 21.00000 20.99760 
 20.00000 20.02805 
 18.00000 17.93436 
 22.00000 22.08814 
 22.00000 21.97671 
 20.00000 20.05593 
 20.00000 20.03782 
 19.00000 18.97252 
 19.00000 19.03687 
 21.00000 21.03052 
 22.00000 22.08305 
 19.00000 19.00708 
 18.00000 17.97675 
 19.00000 19.07110 
 17.00000 17.04503 
 22.00000 22.00509 
 20.00000 20.00647 
 21.00000 20.97974 
 23.00000 23.00185 
 21.00000 20.89626 
 22.00000 22.08153 
 17.00000 17.04939 
 21.00000 21.07719 
 22.00000 22.05794 
 22.00000 21.99361 
 21.00000 20.99200 
 21.00000 21.02427 
 19.00000 19.03006 
 22.00000 22.09698 
 18.00000 18.02259 
 18.00000 18.04017 
 20.00000 20.04770 
 19.00000 18.97595 
 22.00000 22.03871 
 20.00000 20.00687 
 19.00000 18.98970 
 19.00000 19.01838 
 22.00000 22.01955 
 19.00000 19.03124 
 21.00000 20.93481 
 21.00000 21.00571 
 22.00000 22.09959 
 18.00000 17.95175 
 23.00000 23.03684 
 19.00000 18.96614 
 22.00000 21.95422 
 21.00000 20.94417 
 22.00000 22.09703 
 17.00000 17.04600 
 21.00000 21.03509 
 22.00000 21.98558 
 21.00000 20.98876 
 22.00000 21.96031 
 18.00000 17.91531 
 19.00000 19.06492 
 19.00000 19.06145 
 19.00000 19.05594 
 23.00000 22.99502 
 23.00000 22.99352 
 22.00000 22.12231 
 20.00000 20.05818 
 21.00000 21.09765 
 20.00000 19.98385 
 20.00000 20.04440 
 19.00000 19.02316 
 21.00000 21.02352 
 22.00000 22.06519 
 21.00000 21.02085 
 18.00000 18.00002 
 18.00000 17.98601 
 21.00000 21.01341 
 20.00000 20.04739 
 21.00000 21.03436 
 17.00000 17.03969 
 23.00000 23.05794 
 19.00000 18.97757 
 17.00000 17.00812 
 21.00000 20.95304 
 22.00000 22.11677 
 18.00000 18.05818 
 19.00000 19.03805 
 18.00000 18.01960 
 20.00000 20.04744 
 21.00000 20.96094 
 18.00000 17.97233 
 20.00000 20.06253 
 20.00000 20.04203 
 21.00000 21.00570 
 19.00000 19.08078 
 18.00000 18.06748 
 20.00000 20.01967 
 20.00000 20.03858 
 22.00000 22.01988 
 22.00000 22.00283 
 21.00000 21.12411 
 19.00000 19.07654 
 19.00000 19.06414 
 18.00000 18.01506 
 18.00000 17.97461 
 20.00000 20.04291 
 20.00000 20.04628 
 21.00000 21.10960 
 20.00000 19.96998 
 18.00000 18.03989 
 19.00000 19.02607 
 21.00000 21.02701 
 23.00000 23.14254 
 22.00000 21.81425 
 22.00000 22.04614 
 20.00000 20.03613 
 22.00000 22.05291 
 23.00000 23.15268 
 22.00000 22.08429 
 18.00000 17.99150 
 21.00000 20.92348 
 21.00000 20.93976 
 18.00000 18.06865 
 18.00000 17.96839 
 21.00000 20.95698 
 19.00000 18.98214 
 19.00000 19.01686 
 20.00000 20.04743 
 22.00000 22.05056 
 22.00000 22.07969 
 18.00000 18.03949 
 21.00000 21.00718 
 17.00000 17.05894 
 20.00000 20.01170 
 22.00000 22.13363 
 19.00000 19.05080 
 19.00000 19.06471 
 21.00000 20.90572 
 21.00000 20.97953 
 20.00000 20.00526 
 22.00000 22.04073 
 21.00000 21.11017 
 22.00000 22.04974 
 20.00000 20.05454 
 18.00000 18.04032 
 17.00000 16.99309 
 21.00000 20.98814 
 21.00000 21.00524 
 20.00000 20.04667 
 19.00000 18.95205 
 20.00000 20.13446 
 19.00000 19.06687 
 18.00000 18.01645 
 20.00000 20.05202 
 22.00000 22.11327 
 23.00000 23.04943 
 22.00000 22.05280 
 17.00000 16.99216 
 18.00000 18.05147 
 18.00000 18.02372 
 20.00000 20.06521 
 21.00000 21.02864 
 23.00000 23.07167 
 19.00000 19.04757 
 22.00000 22.08727 
 21.00000 21.12151 
 21.00000 21.03719 
 18.00000 17.96579 
 20.00000 20.03968 
 17.00000 16.96094 
 19.00000 18.99764 
 22.00000 21.97852 
 22.00000 21.96692 
 17.00000 16.84056 
 18.00000 18.05829 
 22.00000 22.05340 
 20.00000 20.05917 
 18.00000 18.04510 
 20.00000 20.04762 
 22.00000 21.99740 
 22.00000 21.92459 
 22.00000 21.99131 
 19.00000 19.07835 
 19.00000 19.06479 
 18.00000 18.02581 
 21.00000 21.01645 
 21.00000 21.03767 
 23.00000 23.06367 
 20.00000 20.01790 
 22.00000 22.08661 
 20.00000 20.09398 
 22.00000 22.01242 
 22.00000 22.03209 
 22.00000 22.08188 
 18.00000 18.03940 
 18.00000 17.99718 
 21.00000 21.11188 
 22.00000 22.00582 
 23.00000 22.97184 
 23.00000 23.05515 
 18.00000 18.13350 
 22.00000 22.02161 
 20.00000 20.05958 
 18.00000 18.05173 
 22.00000 22.03745 
 19.00000 18.94612 
 19.00000 19.02458 
 18.00000 18.01758 
 17.00000 17.04439 
 20.00000 19.96030 
 21.00000 20.79887 
 22.00000 22.09798 
 22.00000 22.04609 
 18.00000 18.05672 
 18.00000 18.03337 
 20.00000 20.00721 
 20.00000 20.04057 
 19.00000 18.98714 
 18.00000 18.06970 
 20.00000 20.01089 
 20.00000 20.00130 
 17.00000 17.01076 
 18.00000 18.03561 
 20.00000 20.06923 
 20.00000 20.07412 
 20.00000 20.01921 
 19.00000 19.00354 
 19.00000 19.04733 
 21.00000 20.97970 
 22.00000 22.02073 
 20.00000 19.99964 
 18.00000 18.06212 
 18.00000 17.97742 
 19.00000 18.93529 
 20.00000 19.98763 
 20.00000 20.07126 
 19.00000 18.97187 
 21.00000 21.03577 
 19.00000 18.94793 
 22.00000 22.00152 
 20.00000 20.14522 
 21.00000 21.02066 
 21.00000 21.02847 
 21.00000 20.95815 
 21.00000 21.01156 
 20.00000 19.99820 
 18.00000 17.97724 
 18.00000 18.01183 
 21.00000 21.04816 
 21.00000 20.94576 
 23.00000 22.99041 
 20.00000 20.01782 
 20.00000 20.02282 
 20.00000 20.06346 
 17.00000 16.99836 
 18.00000 18.00723 
 22.00000 22.05478 
 22.00000 22.05906 
 19.00000 19.05782 
 17.00000 17.01276 
 20.00000 19.95547 
 18.00000 17.99885 
 22.00000 22.11341 
 20.00000 20.05132 
 22.00000 22.12045 
 19.00000 18.99544 
 20.00000 20.03519 
 21.00000 21.01703 
 18.00000 18.05600 
 22.00000 22.00620 
 21.00000 20.96392 
 18.00000 18.07395 
 20.00000 19.95073 
 17.00000 17.05935 
 18.00000 18.05855 
 22.00000 21.91696 
 20.00000 19.96639 
 20.00000 19.97982 
 21.00000 20.94416 
 23.00000 23.00069 
 20.00000 20.09936 
 19.00000 19.00244 
 21.00000 21.06037 
 22.00000 22.00814 
 17.00000 17.00098 
 18.00000 18.01886 
 22.00000 22.11130 
 19.00000 19.04779 
 19.00000 19.01037 
 20.00000 20.07335 
 21.00000 21.11394 
 21.00000 21.03280 
 21.00000 21.02950 
 22.00000 21.93897 
 21.00000 21.02010 
 20.00000 19.99328 
 21.00000 21.03312 
 21.00000 21.03029 
 17.00000 16.99115 
 21.00000 21.00039 
 22.00000 22.06396 
 21.00000 21.04121 
 22.00000 21.98151 
 19.00000 19.02542 
 22.00000 22.02848 
 21.00000 21.10949 
 21.00000 21.04751 
 19.00000 19.01578 
 20.00000 19.98820 
 23.00000 22.96233 
 19.00000 18.99079 
 17.00000 17.04321 
 20.00000 19.89076 
 22.00000 21.99117 
 17.00000 17.04570 
 23.00000 23.10113 
 19.00000 18.98214 
 21.00000 21.05439 
 19.00000 19.01009 
 22.00000 22.06242 
 18.00000 18.04933 
 18.00000 18.01423 
 22.00000 22.02683 
 20.00000 20.01846 
 23.00000 22.99454 
 20.00000 20.00975 
 19.00000 19.03339 
 21.00000 21.04125 
 23.00000 23.02803 
 21.00000 21.05575 
