 21.00000 20.91185 
 20.00000 19.92797 
 17.00000 17.02424 
 21.00000 21.02434 
 18.00000 18.08398 
 18.00000 18.00859 
 21.00000 21.00584 
 18.00000 17.97214 
 17.00000 16.99988 
 21.00000 20.98382 
 18.00000 17.97735 
 20.00000 20.00118 
 18.00000 17.99408 
 23.00000 22.95493 
 21.00000 21.05401 
 21.00000 20.95975 
 20.00000 20.07435 
 22.00000 21.95036 
 20.00000 19.99070 
 22.00000 22.01687 
 22.00000 21.97282 
 17.00000 16.97322 
 18.00000 17.99875 
 19.00000 18.93293 
 23.00000 22.97228 
 18.00000 17.97906 
 22.00000 22.00958 
 22.00000 21.98875 
 20.00000 19.98254 
 18.00000 17.94934 
 23.00000 22.87659 
 20.00000 19.93696 
 22.00000 22.06989 
 20.00000 20.05894 
 21.00000 21.01728 
 22.00000 21.98497 
 18.00000 18.02797 
 22.00000 22.00246 
 18.00000 17.96727 
 21.00000 20.93993 
 21.00000 20.83234 
 20.00000 20.02279 
 20.00000 20.03713 
 22.00000 22.03037 
 19.00000 18.96917 
 18.00000 18.00826 
 18.00000 18.00775 
 23.00000 23.02398 
 17.00000 16.96425 
 18.00000 17.92931 
 18.00000 18.03558 
 18.00000 17.92231 
 22.00000 21.94079 
 21.00000 21.00111 
 21.00000 21.07299 
 19.00000 18.99323 
 22.00000 22.00120 
 19.00000 18.97112 
 19.00000 18.94623 
 19.00000 18.99053 
 22.00000 21.99811 
 21.00000 20.94919 
 17.00000 16.93152 
 17.00000 16.93189 
 20.00000 19.98209 
 18.00000 17.96287 
 21.00000 21.00200 
 22.00000 21.97247 
 17.00000 16.96197 
 19.00000 19.01465 
 23.00000 23.04265 
 19.00000 19.00811 
 17.00000 17.02751 
 19.00000 18.99395 
 20.00000 20.01216 
 21.00000 20.97159 
 23.00000 23.00574 
 22.00000 21.94909 
 20.00000 19.94859 
 17.00000 16.98794 
 19.00000 18.96598 
 23.00000 22.95664 
 21.00000 20.96268 
 19.00000 18.90718 
 19.00000 18.96864 
 21.00000 20.99233 
 22.00000 22.00238 
 20.00000 19.99472 
 20.00000 19.98949 
 22.00000 21.98987 
 21.00000 21.02481 
 20.00000 20.00119 
 19.00000 19.02077 
 18.00000 17.96278 
 22.00000 22.04935 
 21.00000 20.99742 
 20.00000 19.96024 
 19.00000 18.96090 
 20.00000 19.99939 
 20.00000 19.98260 
 19.00000 18.99530 
 22.00000 22.01958 
 22.00000 22.01899 
 20.00000 19.97305 
 19.00000 18.97254 
 23.00000 23.06202 
 19.00000 18.98960 
 19.00000 18.94984 
 23.00000 22.97259 
 23.00000 22.97727 
 19.00000 18.93432 
 20.00000 20.02660 
 21.00000 21.02658 
 17.00000 17.00155 
 19.00000 18.98128 
 19.00000 18.98380 
 18.00000 17.95385 
 17.00000 17.09682 
 19.00000 19.07350 
 18.00000 17.99812 
 22.00000 22.09859 
 23.00000 23.00011 
 22.00000 22.04389 
 22.00000 21.98753 
 20.00000 19.95590 
 22.00000 21.99871 
 21.00000 20.95361 
 21.00000 20.91080 
 19.00000 19.00370 
 21.00000 20.97900 
 21.00000 20.93449 
 22.00000 21.95000 
 17.00000 16.97267 
 19.00000 18.94133 
 21.00000 20.99677 
 19.00000 19.00965 
 17.00000 16.93673 
 21.00000 20.97276 
 20.00000 19.92429 
 20.00000 20.01137 
 17.00000 17.09071 
 21.00000 20.97170 
 21.00000 20.91710 
 19.00000 18.94000 
 21.00000 21.01309 
 20.00000 20.06005 
 23.00000 22.98676 
 19.00000 18.89941 
 18.00000 18.01725 
 20.00000 19.94153 
 18.00000 17.95447 
 22.00000 22.09091 
 19.00000 18.98932 
 20.00000 19.97362 
 21.00000 20.98118 
 18.00000 18.02577 
 21.00000 21.00906 
 23.00000 22.94401 
 20.00000 19.95438 
 19.00000 19.00817 
 18.00000 17.96569 
 20.00000 19.95264 
 18.00000 17.97293 
 21.00000 20.99216 
 22.00000 21.95237 
 18.00000 17.94986 
 19.00000 19.02652 
 21.00000 20.92778 
 17.00000 16.98089 
 19.00000 18.93978 
 20.00000 19.96112 
 17.00000 16.93524 
 17.00000 16.99664 
 19.00000 19.02540 
 20.00000 19.96842 
 21.00000 20.96382 
 20.00000 19.99274 
 21.00000 20.98234 
 19.00000 18.98951 
 22.00000 21.97536 
 20.00000 19.94145 
 21.00000 20.92678 
 19.00000 18.99860 
 21.00000 21.03845 
 21.00000 20.99567 
 21.00000 20.95759 
 20.00000 19.97752 
 20.00000 19.97867 
 21.00000 20.90960 
 18.00000 17.96171 
 21.00000 21.00317 
 21.00000 21.04730 
 19.00000 18.93422 
 23.00000 23.01838 
 18.00000 18.06846 
 18.00000 17.94168 
 22.00000 22.02362 
 22.00000 21.93022 
 21.00000 21.02626 
 21.00000 21.02426 
 19.00000 18.93812 
 21.00000 20.98635 
 20.00000 19.96379 
 20.00000 19.99699 
 18.00000 17.97751 
 19.00000 19.02754 
 19.00000 19.01219 
 18.00000 17.95659 
 19.00000 18.92133 
 20.00000 19.93754 
 22.00000 21.97911 
 20.00000 19.97945 
 20.00000 19.93970 
 18.00000 17.98235 
 20.00000 20.06604 
 22.00000 22.02104 
 21.00000 20.99247 
 17.00000 16.93336 
 17.00000 16.93300 
 21.00000 20.97514 
 22.00000 21.92220 
 19.00000 19.01047 
 22.00000 22.03943 
 23.00000 22.95064 
 20.00000 20.04792 
 18.00000 18.01357 
 18.00000 17.96020 
 21.00000 20.94858 
 19.00000 19.00150 
 17.00000 17.02336 
 22.00000 21.97676 
 20.00000 19.94394 
 19.00000 18.91185 
 21.00000 21.00457 
 22.00000 21.97539 
 17.00000 16.95666 
 18.00000 17.97229 
 17.00000 17.00291 
 21.00000 20.94121 
 23.00000 23.00380 
 21.00000 20.98348 
 19.00000 18.98882 
 21.00000 20.94668 
 21.00000 20.91667 
 19.00000 19.02311 
 22.00000 21.97950 
 19.00000 18.94691 
 20.00000 20.03970 
 19.00000 18.96962 
 21.00000 20.98993 
 18.00000 17.91100 
 20.00000 19.97424 
 21.00000 20.99865 
 18.00000 18.00386 
 23.00000 22.97433 
 17.00000 17.01467 
 21.00000 20.90839 
 17.00000 16.93036 
 21.00000 20.93241 
 17.00000 16.98685 
 20.00000 19.96386 
 21.00000 21.01387 
 19.00000 18.95472 
 21.00000 21.08758 
 22.00000 21.94100 
 19.00000 19.03918 
 18.00000 17.96375 
 22.00000 22.00112 
 20.00000 19.97031 
 18.00000 17.97025 
 19.00000 18.95342 
 21.00000 20.99793 
 22.00000 21.98807 
 18.00000 17.96861 
 18.00000 17.96141 
 19.00000 19.01080 
 22.00000 21.98060 
 22.00000 21.91937 
 21.00000 20.98177 
 21.00000 21.02474 
 20.00000 19.98732 
 19.00000 18.95625 
 22.00000 21.90780 
 18.00000 17.99674 
 21.00000 21.01477 
 18.00000 17.94724 
 20.00000 19.99706 
 19.00000 18.94429 
 18.00000 18.00823 
 20.00000 19.96004 
 22.00000 22.01201 
 22.00000 22.01891 
 19.00000 18.94675 
 19.00000 18.99941 
 18.00000 17.90943 
 22.00000 21.99470 
 18.00000 17.96887 
 20.00000 19.97709 
 20.00000 19.93395 
 21.00000 20.99921 
 20.00000 19.95207 
 20.00000 19.99622 
 20.00000 19.99587 
 22.00000 22.01716 
 18.00000 17.97349 
 20.00000 19.95365 
 20.00000 20.02031 
 20.00000 20.00718 
 18.00000 17.98002 
 18.00000 18.03193 
 20.00000 19.99044 
 19.00000 19.04526 
 22.00000 21.99865 
 22.00000 21.94894 
 20.00000 20.02059 
 22.00000 22.06782 
 19.00000 18.99634 
 22.00000 21.97938 
 19.00000 18.93066 
 22.00000 22.04523 
 19.00000 19.02950 
 19.00000 19.01472 
 18.00000 17.94427 
 23.00000 23.03806 
 19.00000 18.95359 
 19.00000 18.99391 
 19.00000 18.98428 
 21.00000 21.04027 
 22.00000 22.04278 
 18.00000 17.97944 
 20.00000 19.93366 
 18.00000 17.99431 
 18.00000 17.98033 
 17.00000 17.03102 
 19.00000 18.94656 
 18.00000 17.99984 
 21.00000 20.99747 
 23.00000 22.99036 
 18.00000 17.93942 
 20.00000 19.90530 
 23.00000 22.98712 
 21.00000 20.98217 
 21.00000 20.99431 
 18.00000 18.01875 
 21.00000 20.96097 
 19.00000 18.97836 
 19.00000 18.95992 
 19.00000 18.97561 
 20.00000 19.95646 
 20.00000 19.96920 
 19.00000 19.04217 
 18.00000 17.96129 
 22.00000 21.93612 
 19.00000 18.97750 
 19.00000 18.98084 
 18.00000 18.01511 
 20.00000 19.95095 
 22.00000 22.02155 
 21.00000 21.01108 
 17.00000 17.07675 
 21.00000 21.01221 
 22.00000 21.96344 
 19.00000 18.92831 
 21.00000 21.05239 
 20.00000 20.00826 
 17.00000 16.97538 
 19.00000 19.02721 
 17.00000 16.93373 
 20.00000 19.93105 
 18.00000 17.93661 
 22.00000 22.00435 
 22.00000 21.99771 
 21.00000 20.95850 
 22.00000 22.00328 
 22.00000 21.93444 
 17.00000 17.02017 
 21.00000 20.98819 
 19.00000 18.96806 
 19.00000 18.93640 
 17.00000 16.96173 
 20.00000 20.02110 
 19.00000 19.00005 
 23.00000 23.00166 
 20.00000 20.01056 
 21.00000 20.90866 
 18.00000 17.95354 
 19.00000 18.94830 
 18.00000 17.93953 
 20.00000 20.02344 
 19.00000 18.93587 
 20.00000 19.99837 
 17.00000 17.01185 
 21.00000 20.99579 
 20.00000 19.99004 
 20.00000 19.99058 
 20.00000 19.95366 
 18.00000 17.96445 
 19.00000 19.01326 
 18.00000 17.99182 
 17.00000 17.08693 
 21.00000 20.91728 
 18.00000 17.85010 
 19.00000 18.97727 
 17.00000 16.97168 
 17.00000 16.94730 
 19.00000 18.99636 
 18.00000 17.98433 
 19.00000 18.99157 
 20.00000 19.97279 
 17.00000 16.95547 
 22.00000 22.00534 
 19.00000 18.97371 
 20.00000 19.98839 
 20.00000 19.99483 
 22.00000 22.03649 
 20.00000 19.95372 
 19.00000 18.95130 
 21.00000 20.95642 
 22.00000 22.03627 
 18.00000 17.99628 
 20.00000 20.02853 
 19.00000 18.95706 
 20.00000 20.02965 
 21.00000 21.02114 
 21.00000 20.94633 
 19.00000 18.98712 
 19.00000 18.92127 
 17.00000 17.00443 
 17.00000 16.97931 
 22.00000 21.97010 
 22.00000 21.98532 
 21.00000 20.95911 
 20.00000 20.00276 
 18.00000 17.98364 
 21.00000 21.00512 
 22.00000 21.98107 
 21.00000 20.91183 
 20.00000 19.96135 
 20.00000 19.99423 
 22.00000 22.00070 
 21.00000 20.91156 
 20.00000 20.00213 
 19.00000 19.02425 
 22.00000 21.99874 
 22.00000 21.99249 
 17.00000 17.00887 
 19.00000 18.92508 
 20.00000 19.99732 
 17.00000 17.02932 
 23.00000 23.02147 
 19.00000 18.95087 
 19.00000 18.88571 
 21.00000 20.89883 
 19.00000 18.94393 
 19.00000 18.99158 
 20.00000 20.01224 
 22.00000 22.05781 
 19.00000 18.96334 
 19.00000 18.97121 
 21.00000 21.01223 
 19.00000 18.93372 
 23.00000 22.87082 
 22.00000 21.93223 
 20.00000 19.96306 
 23.00000 23.06061 
 17.00000 17.02107 
 21.00000 20.98532 
 21.00000 20.97417 
 19.00000 19.01503 
 18.00000 17.95618 
 22.00000 21.94656 
 19.00000 18.96772 
 18.00000 17.96660 
 20.00000 19.97444 
 20.00000 20.03126 
 17.00000 16.92269 
 23.00000 22.96630 
 20.00000 20.06588 
 18.00000 17.97611 
 21.00000 20.97901 
 18.00000 17.98054 
 19.00000 18.98220 
 20.00000 20.00822 
 18.00000 17.93811 
 19.00000 19.02157 
 20.00000 19.99313 
 21.00000 20.97184 
 23.00000 22.96535 
 21.00000 20.99667 
 23.00000 23.00110 
 19.00000 18.95004 
 18.00000 18.00023 
 22.00000 21.98455 
 22.00000 21.95053 
 19.00000 18.97653 
 19.00000 18.95881 
 19.00000 18.96039 
 19.00000 18.94966 
 21.00000 21.07106 
 19.00000 19.00578 
 20.00000 20.00732 
 18.00000 17.92080 
 22.00000 22.01720 
 18.00000 18.03885 
 21.00000 20.99369 
 19.00000 19.04974 
 19.00000 18.97255 
 19.00000 18.96508 
 19.00000 19.00149 
 22.00000 21.90462 
 18.00000 17.96584 
 23.00000 23.07440 
 20.00000 19.94447 
 21.00000 20.98421 
 23.00000 22.95978 
 22.00000 22.02204 
 22.00000 22.01785 
 18.00000 17.95448 
 20.00000 20.02299 
 19.00000 18.98797 
 18.00000 17.99037 
 20.00000 20.03294 
 20.00000 19.94281 
 22.00000 22.00762 
 19.00000 19.00215 
 21.00000 21.04830 
 19.00000 19.00918 
 21.00000 20.95172 
 22.00000 21.99149 
 22.00000 22.01814 
 22.00000 21.96600 
 19.00000 18.99997 
 17.00000 17.00849 
 19.00000 18.97954 
 19.00000 18.99657 
 20.00000 19.99595 
 23.00000 22.99118 
 22.00000 21.95117 
 18.00000 17.96984 
 20.00000 19.98993 
 23.00000 22.95723 
 21.00000 20.94099 
 22.00000 21.99514 
 20.00000 20.00471 
 20.00000 19.99931 
 19.00000 19.02419 
 23.00000 22.97791 
 22.00000 22.04368 
 20.00000 20.02811 
 22.00000 21.99941 
 17.00000 16.97730 
 18.00000 17.92726 
 20.00000 19.95845 
 17.00000 17.07589 
 19.00000 18.97396 
 19.00000 19.00988 
 22.00000 21.97673 
 21.00000 20.93048 
 19.00000 18.94361 
 21.00000 20.91300 
 22.00000 22.09065 
 19.00000 18.91461 
 20.00000 19.95155 
 23.00000 22.97900 
 17.00000 16.95805 
 18.00000 17.94936 
 21.00000 20.98391 
 21.00000 21.02236 
 18.00000 17.97261 
 18.00000 17.95026 
 22.00000 22.01162 
 22.00000 22.00178 
 22.00000 21.96241 
 23.00000 23.00478 
 22.00000 21.98422 
 21.00000 20.87638 
 23.00000 23.06791 
 19.00000 18.98715 
 20.00000 19.99754 
 21.00000 20.96827 
 18.00000 17.99212 
 17.00000 16.98298 
 20.00000 19.95691 
 21.00000 20.89583 
 18.00000 17.97949 
 18.00000 17.98655 
 20.00000 20.05996 
 22.00000 21.93079 
 21.00000 20.96601 
 18.00000 17.97672 
 21.00000 20.98207 
 19.00000 18.95526 
 19.00000 19.04884 
 20.00000 19.99073 
 18.00000 17.98662 
 19.00000 19.07355 
 19.00000 18.95136 
 21.00000 20.92622 
 19.00000 18.97531 
 21.00000 21.01740 
 18.00000 17.92352 
 19.00000 19.01060 
 20.00000 19.97768 
 18.00000 18.01137 
 21.00000 21.02090 
 22.00000 21.95134 
 20.00000 20.01032 
 22.00000 21.99703 
 20.00000 20.01734 
 17.00000 16.97035 
 18.00000 17.99154 
 20.00000 19.93748 
 22.00000 21.97212 
 19.00000 18.90412 
 22.00000 21.92986 
 19.00000 18.89765 
 18.00000 17.97577 
 22.00000 21.96496 
 22.00000 22.08068 
 22.00000 22.01827 
 18.00000 17.95316 
 21.00000 21.03299 
 18.00000 17.93599 
 19.00000 18.99776 
 19.00000 19.00962 
 20.00000 19.96261 
 22.00000 21.95371 
 20.00000 19.96865 
 19.00000 18.99025 
 18.00000 17.95076 
 18.00000 17.99453 
 19.00000 18.99949 
 22.00000 21.96606 
 20.00000 20.00732 
 18.00000 17.90530 
 20.00000 19.98763 
 18.00000 18.00310 
 17.00000 16.98374 
 19.00000 19.04081 
 21.00000 21.04664 
 17.00000 16.96585 
 19.00000 18.96889 
 20.00000 19.96420 
 18.00000 17.95265 
 23.00000 23.02403 
 19.00000 18.92934 
 19.00000 18.90854 
 22.00000 22.02682 
 23.00000 23.00993 
 21.00000 20.95590 
 19.00000 18.97826 
 18.00000 18.09276 
 21.00000 20.90721 
 20.00000 20.06862 
 20.00000 20.00175 
 22.00000 21.97097 
 17.00000 16.91847 
 23.00000 23.02468 
 18.00000 17.98771 
 20.00000 20.01695 
 22.00000 21.95215 
 19.00000 19.02077 
 20.00000 19.98267 
 20.00000 19.92906 
 20.00000 20.04295 
 19.00000 18.94248 
 18.00000 18.01788 
 22.00000 21.98607 
 22.00000 21.94178 
 18.00000 17.98977 
 19.00000 18.97970 
 18.00000 18.05044 
 21.00000 21.03879 
 22.00000 21.95496 
 21.00000 20.95941 
 19.00000 18.95611 
 20.00000 20.04541 
 22.00000 21.94933 
 22.00000 22.03692 
 20.00000 20.00921 
 21.00000 20.96105 
 21.00000 20.91247 
 22.00000 21.94558 
 23.00000 23.01678 
 17.00000 16.97214 
 18.00000 18.00460 
 19.00000 18.98349 
 17.00000 16.99771 
 20.00000 19.98481 
 21.00000 21.01614 
 18.00000 18.00325 
 17.00000 16.98556 
 19.00000 19.01605 
 19.00000 18.95749 
 22.00000 21.99483 
 18.00000 17.96369 
 17.00000 16.98964 
 20.00000 19.98649 
 21.00000 21.02041 
 20.00000 19.99957 
 21.00000 21.01759 
 17.00000 17.00354 
 19.00000 18.94659 
 23.00000 23.06360 
 21.00000 21.01095 
 18.00000 18.00093 
 19.00000 18.98980 
 21.00000 21.03655 
 19.00000 18.95365 
 21.00000 20.89859 
 17.00000 16.98745 
 18.00000 18.00269 
 18.00000 17.98904 
 19.00000 18.94023 
 22.00000 21.97686 
 18.00000 17.98492 
 20.00000 19.96658 
 19.00000 19.01071 
 17.00000 17.09749 
 22.00000 21.95811 
 20.00000 19.98313 
 19.00000 18.96023 
 20.00000 19.99362 
 23.00000 22.98121 
 20.00000 19.98923 
 20.00000 20.02264 
 20.00000 19.92201 
 19.00000 18.91458 
 21.00000 20.99986 
 17.00000 16.96439 
 20.00000 19.98992 
 18.00000 18.00806 
 19.00000 18.98325 
 18.00000 18.03187 
 22.00000 22.05143 
 18.00000 17.96644 
 22.00000 21.96119 
 21.00000 20.94817 
 22.00000 21.94837 
 18.00000 17.99176 
 20.00000 19.96488 
 17.00000 16.92198 
 22.00000 22.02541 
 17.00000 17.04167 
 18.00000 17.98720 
 20.00000 19.95364 
 19.00000 19.01820 
 18.00000 17.93354 
 18.00000 17.96749 
 18.00000 17.98472 
 18.00000 18.05005 
 22.00000 22.01465 
 21.00000 20.99195 
 20.00000 19.98048 
 18.00000 17.94363 
 18.00000 17.84849 
 21.00000 20.95191 
 19.00000 18.94553 
 20.00000 20.00709 
 19.00000 18.91014 
 17.00000 16.89450 
 18.00000 18.04660 
 18.00000 18.00482 
 19.00000 18.98223 
 21.00000 20.98579 
 21.00000 20.99340 
 18.00000 17.99403 
 20.00000 20.00094 
 22.00000 22.02584 
 21.00000 21.03683 
 20.00000 19.99274 
 17.00000 16.99728 
 21.00000 21.00628 
 18.00000 17.98014 
 23.00000 22.99229 
 19.00000 18.99076 
 18.00000 17.95844 
 18.00000 17.94883 
 17.00000 16.98249 
 17.00000 16.99915 
 22.00000 21.97565 
 18.00000 17.93811 
 19.00000 18.98223 
 20.00000 20.02678 
 20.00000 19.97782 
 17.00000 16.94645 
 18.00000 17.97505 
 20.00000 20.01724 
 18.00000 17.99113 
 18.00000 17.93437 
 22.00000 22.04091 
 21.00000 20.99289 
 22.00000 22.00130 
 22.00000 22.00901 
 22.00000 22.00516 
 18.00000 18.07809 
 18.00000 18.00072 
 20.00000 19.99261 
 18.00000 17.96418 
 18.00000 17.98604 
 20.00000 19.93573 
 18.00000 18.08680 
 21.00000 21.03049 
 18.00000 17.98697 
 19.00000 19.04960 
 21.00000 20.97572 
 18.00000 17.89349 
 22.00000 21.87856 
 22.00000 22.05273 
 20.00000 20.01375 
 21.00000 20.93419 
 21.00000 20.87153 
 22.00000 21.96315 
 21.00000 20.99980 
 19.00000 19.01627 
 19.00000 19.03872 
 22.00000 21.94526 
 20.00000 19.95481 
 18.00000 18.02671 
 17.00000 17.00701 
 20.00000 20.00094 
 21.00000 20.96905 
 19.00000 18.97969 
 19.00000 18.97472 
 20.00000 20.03252 
 22.00000 21.97708 
 18.00000 17.95180 
 19.00000 19.02816 
 21.00000 20.99623 
 20.00000 19.97190 
 22.00000 21.91445 
 18.00000 17.99381 
 18.00000 18.03838 
 18.00000 17.96464 
 19.00000 18.92855 
 21.00000 20.93890 
 22.00000 22.05667 
 17.00000 16.98938 
 17.00000 16.99664 
 19.00000 18.97483 
 18.00000 17.93446 
 18.00000 17.97484 
 19.00000 18.97912 
 21.00000 20.98228 
 23.00000 22.98943 
 22.00000 21.93261 
 18.00000 17.93819 
 20.00000 19.98069 
 19.00000 18.95102 
 23.00000 23.02619 
 22.00000 22.01454 
 19.00000 18.94955 
 21.00000 20.98612 
 17.00000 16.92551 
 17.00000 17.01077 
 20.00000 20.01154 
 23.00000 23.04063 
 18.00000 18.04128 
 19.00000 18.97160 
 21.00000 20.93160 
 21.00000 20.95800 
 20.00000 19.99939 
 20.00000 20.00036 
 22.00000 21.98790 
 18.00000 17.99388 
 20.00000 19.93558 
 23.00000 22.93089 
 19.00000 18.98644 
 18.00000 17.96581 
 18.00000 17.88797 
 18.00000 17.95269 
 19.00000 18.95480 
 23.00000 23.04169 
 19.00000 19.01598 
 19.00000 18.98004 
 20.00000 19.98432 
 19.00000 19.00959 
 19.00000 18.99471 
 22.00000 21.99464 
 18.00000 17.97526 
 20.00000 20.00313 
 21.00000 20.94985 
 21.00000 20.96968 
 19.00000 18.96648 
 19.00000 19.01543 
 22.00000 22.01482 
 18.00000 17.95794 
 19.00000 18.95725 
 21.00000 21.06410 
 17.00000 16.97421 
 17.00000 16.94719 
 20.00000 20.03109 
 21.00000 20.99775 
 21.00000 21.01754 
 23.00000 23.04305 
 22.00000 21.94839 
 20.00000 19.94393 
 17.00000 16.97371 
 21.00000 20.95151 
 19.00000 19.01600 
 19.00000 18.94182 
 21.00000 20.99191 
 22.00000 22.01287 
 23.00000 22.96106 
 21.00000 20.99076 
 21.00000 21.03257 
 17.00000 16.98726 
 20.00000 20.02399 
 23.00000 22.99496 
 21.00000 20.99097 
 19.00000 18.96784 
 21.00000 20.95788 
 19.00000 18.99695 
 20.00000 19.98862 
 18.00000 18.03103 
 18.00000 17.97156 
 19.00000 18.89345 
 21.00000 20.93719 
 21.00000 20.96964 
 21.00000 21.01871 
 21.00000 20.91896 
 21.00000 21.01716 
 20.00000 20.00335 
 21.00000 20.92715 
 20.00000 20.04073 
 21.00000 20.97692 
 23.00000 23.00231 
 18.00000 17.96653 
 22.00000 22.00629 
 23.00000 23.02067 
 18.00000 17.98737 
 21.00000 21.00672 
 18.00000 17.95240 
 20.00000 19.93816 
 20.00000 20.05128 
 21.00000 20.92606 
 20.00000 19.97354 
 18.00000 17.96348 
 20.00000 19.97417 
 22.00000 21.98372 
 22.00000 21.96375 
 23.00000 23.02327 
 18.00000 18.03449 
 20.00000 20.01727 
 21.00000 20.96919 
 19.00000 18.94629 
 20.00000 19.98934 
 21.00000 20.93295 
 22.00000 22.02345 
 17.00000 16.95819 
 21.00000 20.97451 
 18.00000 18.02220 
 18.00000 17.98322 
 22.00000 21.94609 
 19.00000 18.98257 
 20.00000 20.02686 
 22.00000 21.95279 
 20.00000 19.99250 
 21.00000 20.99646 
 17.00000 16.92511 
 23.00000 23.01522 
 19.00000 18.93454 
 21.00000 20.93203 
 19.00000 18.96175 
 18.00000 17.96454 
 21.00000 20.98698 
 20.00000 19.95757 
 17.00000 16.98947 
 18.00000 17.99954 
 18.00000 17.93985 
 19.00000 18.95448 
 20.00000 19.97687 
 20.00000 19.98641 
 21.00000 20.97005 
 18.00000 17.95056 
 19.00000 19.03439 
 22.00000 22.01154 
 17.00000 16.96189 
 18.00000 17.99242 
 17.00000 16.93316 
 21.00000 20.99438 
 19.00000 18.94246 
 19.00000 18.98509 
 21.00000 20.97732 
 21.00000 20.99497 
 19.00000 18.99780 
 19.00000 18.95062 
 21.00000 21.01761 
 17.00000 17.03140 
 19.00000 19.03852 
 21.00000 20.96045 
 19.00000 18.96477 
 20.00000 19.99285 
 20.00000 19.95180 
 20.00000 20.00443 
 18.00000 17.95393 
 19.00000 18.98903 
 20.00000 19.98833 
 23.00000 23.00872 
 18.00000 17.98429 
 19.00000 18.95615 
 22.00000 21.93461 
 21.00000 20.84671 
 20.00000 19.95628 
 21.00000 20.95588 
 18.00000 17.93158 
 22.00000 22.02043 
 22.00000 22.01545 
 19.00000 18.92656 
 19.00000 18.92090 
 18.00000 18.00192 
 20.00000 19.99549 
 23.00000 22.98959 
 22.00000 22.01577 
 18.00000 18.02336 
 22.00000 21.98829 
 19.00000 19.01058 
 22.00000 21.98148 
 21.00000 20.98283 
 23.00000 22.98930 
 22.00000 21.97222 
 17.00000 16.92325 
 22.00000 22.05608 
 22.00000 22.00886 
 20.00000 19.98150 
 20.00000 19.98880 
 20.00000 20.02018 
 22.00000 21.94493 
 20.00000 20.04306 
 18.00000 17.96093 
 22.00000 22.00283 
 19.00000 18.98855 
 19.00000 18.97991 
 19.00000 18.99582 
 22.00000 21.93295 
 18.00000 18.00063 
 19.00000 18.90436 
 22.00000 21.94880 
 19.00000 19.00007 
 19.00000 19.06547 
 23.00000 23.00654 
 19.00000 18.96598 
 21.00000 21.00076 
 18.00000 17.99532 
 20.00000 20.02149 
 22.00000 21.93767 
 22.00000 22.01981 
 19.00000 18.96285 
 19.00000 18.97986 
 19.00000 18.98035 
 19.00000 18.98662 
 20.00000 20.04191 
 20.00000 19.98679 
 17.00000 17.02091 
 20.00000 19.94654 
 19.00000 19.00666 
 18.00000 18.00239 
 22.00000 22.00536 
 20.00000 20.00807 
 21.00000 21.00058 
 19.00000 18.88568 
 20.00000 20.01391 
 22.00000 22.02018 
 22.00000 22.00783 
 20.00000 19.96478 
 21.00000 20.91895 
 23.00000 23.08183 
 22.00000 21.95523 
 17.00000 16.97242 
 21.00000 21.00041 
 18.00000 17.98981 
 19.00000 18.95907 
 19.00000 19.03137 
 21.00000 21.02130 
 19.00000 18.98224 
 17.00000 16.98050 
 22.00000 21.95501 
 18.00000 17.97592 
 21.00000 21.01921 
 21.00000 20.96933 
 18.00000 17.96650 
 17.00000 16.99604 
 21.00000 20.94037 
 20.00000 20.03620 
 22.00000 21.99452 
 19.00000 18.96544 
 18.00000 17.98503 
 21.00000 21.04909 
 22.00000 22.02518 
 21.00000 21.00106 
 21.00000 20.93285 
 21.00000 20.99511 
 18.00000 18.05318 
 18.00000 17.98379 
 20.00000 19.95976 
 20.00000 19.95731 
 20.00000 19.95525 
 19.00000 18.98307 
 18.00000 17.95997 
 19.00000 18.90335 
 21.00000 20.95737 
 21.00000 21.02766 
 21.00000 21.00042 
 18.00000 17.91818 
 21.00000 21.00066 
 18.00000 18.06928 
 20.00000 19.99795 
 22.00000 22.02181 
 18.00000 17.98475 
 22.00000 22.03947 
 20.00000 20.05687 
 19.00000 19.04050 
 21.00000 20.94181 
 19.00000 18.91749 
 18.00000 17.96619 
 18.00000 17.93269 
 21.00000 21.02438 
 18.00000 17.93533 
 22.00000 21.98522 
 20.00000 19.99176 
 19.00000 18.92340 
 22.00000 21.93600 
 18.00000 17.96049 
 19.00000 19.10451 
 18.00000 17.96742 
 22.00000 22.05018 
 22.00000 21.99004 
 18.00000 17.94492 
 20.00000 19.97840 
 19.00000 18.96161 
 18.00000 17.96881 
 20.00000 20.01213 
 21.00000 20.95992 
 19.00000 19.00557 
 21.00000 20.98997 
 19.00000 18.91080 
 21.00000 20.97417 
 21.00000 20.95671 
 18.00000 17.94808 
 20.00000 20.00884 
 20.00000 19.96983 
 23.00000 23.06953 
 20.00000 19.94188 
 21.00000 20.94432 
 20.00000 20.03528 
 22.00000 21.97056 
 20.00000 19.98217 
 22.00000 21.97678 
 19.00000 18.92006 
 19.00000 18.93964 
 19.00000 18.96015 
 22.00000 21.98242 
 18.00000 17.94279 
 21.00000 20.95061 
 21.00000 20.97853 
 19.00000 18.96632 
 18.00000 17.94153 
 20.00000 19.98539 
 20.00000 19.97495 
 17.00000 16.99236 
 22.00000 22.01747 
 22.00000 21.98460 
 18.00000 18.01772 
 22.00000 22.01352 
 19.00000 18.98217 
 19.00000 19.00470 
 19.00000 18.94280 
 21.00000 21.00547 
 18.00000 17.97491 
 18.00000 17.92049 
 23.00000 22.98471 
 22.00000 21.89548 
 21.00000 20.91598 
 17.00000 16.96510 
 19.00000 18.96393 
 21.00000 20.92356 
 17.00000 16.98411 
 17.00000 16.85295 
 19.00000 19.01146 
 20.00000 19.96704 
 18.00000 17.93154 
 22.00000 22.07353 
 18.00000 17.95278 
 21.00000 20.98020 
 22.00000 21.98132 
 20.00000 19.89256 
 23.00000 22.94113 
 20.00000 20.06345 
 20.00000 19.98058 
 21.00000 20.90754 
 19.00000 18.94222 
 22.00000 22.02135 
 22.00000 21.96319 
 21.00000 21.01646 
 19.00000 18.94170 
 22.00000 21.97056 
 20.00000 20.01105 
 22.00000 21.94658 
 22.00000 22.04433 
 21.00000 20.96072 
 20.00000 20.00814 
 20.00000 19.99729 
 21.00000 20.99830 
 17.00000 17.03072 
 22.00000 21.98629 
 22.00000 21.99115 
 19.00000 18.96605 
 19.00000 18.94763 
 19.00000 18.96055 
 19.00000 19.00256 
 21.00000 21.04629 
 18.00000 18.05755 
 18.00000 17.99964 
 22.00000 21.96997 
 20.00000 19.97370 
 19.00000 18.93013 
 18.00000 17.98826 
 22.00000 22.12437 
 22.00000 21.98051 
 18.00000 17.96528 
 20.00000 19.84085 
 18.00000 17.98267 
 19.00000 18.97773 
 21.00000 20.95727 
 22.00000 22.01399 
 18.00000 17.97873 
 20.00000 19.96981 
 20.00000 19.98865 
 21.00000 21.01300 
 21.00000 20.99747 
 21.00000 20.96869 
 21.00000 20.92363 
 18.00000 18.03618 
 19.00000 18.98853 
 22.00000 22.01248 
 22.00000 21.97934 
 19.00000 19.02960 
 17.00000 17.00747 
 22.00000 21.92560 
 21.00000 20.91921 
 17.00000 17.02705 
 18.00000 17.93793 
 22.00000 21.93331 
 19.00000 18.94021 
 18.00000 17.94680 
 21.00000 20.94354 
 22.00000 22.05323 
 19.00000 18.93735 
 22.00000 22.05728 
 18.00000 17.98212 
 22.00000 21.98647 
 19.00000 18.95931 
 23.00000 23.07194 
 19.00000 18.98680 
 19.00000 18.96524 
 23.00000 23.01929 
 21.00000 20.96139 
 17.00000 17.04485 
 21.00000 20.98241 
 18.00000 17.89948 
 23.00000 23.02233 
 20.00000 20.01513 
 19.00000 18.95604 
 21.00000 20.98276 
 19.00000 18.98064 
 20.00000 20.01966 
 21.00000 21.01706 
 17.00000 16.92527 
 19.00000 19.03913 
 19.00000 18.97745 
 21.00000 20.92603 
 20.00000 20.01561 
 21.00000 20.95310 
 19.00000 19.01854 
 20.00000 19.95511 
 20.00000 19.95662 
 19.00000 18.99724 
 17.00000 16.93254 
 23.00000 23.04066 
 19.00000 18.97906 
 18.00000 17.99743 
 17.00000 16.97184 
 20.00000 19.98056 
 18.00000 18.02917 
 21.00000 21.00179 
 20.00000 19.95186 
 18.00000 17.99385 
 20.00000 20.00825 
 19.00000 19.01776 
 22.00000 21.96120 
 19.00000 19.00989 
 20.00000 19.95981 
 22.00000 22.01603 
 21.00000 20.95963 
 20.00000 19.96366 
 21.00000 20.95968 
 21.00000 21.03806 
 20.00000 19.99985 
 19.00000 18.97596 
 20.00000 20.00054 
 19.00000 18.97446 
 19.00000 19.01325 
 19.00000 18.96425 
 17.00000 16.96035 
 22.00000 22.00340 
 19.00000 19.00602 
 22.00000 22.01160 
 20.00000 20.00705 
 20.00000 20.00949 
 18.00000 17.99058 
 23.00000 23.03158 
 18.00000 17.96981 
 22.00000 21.98447 
 22.00000 21.90261 
 23.00000 22.99694 
 19.00000 18.95482 
 17.00000 17.00055 
 20.00000 19.98556 
 17.00000 16.94229 
 21.00000 20.94512 
 19.00000 18.99977 
 19.00000 19.00296 
 19.00000 19.06238 
 20.00000 20.00655 
 19.00000 18.94397 
 18.00000 18.01971 
 20.00000 20.02109 
 23.00000 22.97433 
 19.00000 18.94621 
 21.00000 20.95356 
 23.00000 23.03549 
 18.00000 17.96672 
 18.00000 17.95066 
 20.00000 20.05043 
 22.00000 22.01026 
 18.00000 17.96632 
 20.00000 20.00027 
 21.00000 20.98590 
 22.00000 21.97858 
 22.00000 21.95143 
 17.00000 16.98327 
 20.00000 19.99033 
 20.00000 19.93966 
 19.00000 18.97654 
 22.00000 21.93264 
 22.00000 21.93660 
 21.00000 20.96219 
 21.00000 21.00468 
 18.00000 18.01500 
 21.00000 20.98082 
 19.00000 18.96182 
 20.00000 19.90305 
 19.00000 18.92314 
 20.00000 19.97640 
 18.00000 17.99358 
 22.00000 21.98159 
 20.00000 19.99348 
 20.00000 19.97013 
 22.00000 21.99361 
 21.00000 20.95640 
 17.00000 16.94706 
 19.00000 19.01278 
 19.00000 18.98447 
 21.00000 20.99971 
 22.00000 21.99905 
 22.00000 21.99978 
 17.00000 17.00486 
 18.00000 17.95078 
 22.00000 21.98194 
 21.00000 20.99307 
 19.00000 19.01254 
 21.00000 20.93433 
 19.00000 19.00353 
 21.00000 20.98865 
 21.00000 20.91394 
 20.00000 20.00045 
 23.00000 23.02746 
 19.00000 19.04235 
 19.00000 18.97403 
 18.00000 17.99782 
 22.00000 22.04333 
 19.00000 18.97134 
 19.00000 18.94551 
 18.00000 17.94966 
 20.00000 19.68353 
 21.00000 20.94951 
 18.00000 17.95382 
 19.00000 18.98401 
 20.00000 19.99939 
 20.00000 19.98486 
 20.00000 19.97262 
 18.00000 17.98657 
 19.00000 18.99355 
 18.00000 18.01273 
 18.00000 17.96839 
 18.00000 17.90596 
 22.00000 21.97720 
 17.00000 16.97806 
 21.00000 20.99427 
 21.00000 21.02162 
 21.00000 21.04822 
 19.00000 18.92745 
 20.00000 20.02727 
 22.00000 21.98695 
 17.00000 16.98557 
 18.00000 18.01111 
 22.00000 21.98304 
 19.00000 18.94339 
 20.00000 19.86863 
 19.00000 18.97842 
 19.00000 18.96305 
 19.00000 18.97050 
 18.00000 17.95426 
 21.00000 21.09318 
 18.00000 17.99427 
 20.00000 19.92723 
 17.00000 16.94299 
 22.00000 21.97208 
 18.00000 17.95652 
 21.00000 21.01718 
 18.00000 18.01397 
 22.00000 21.98968 
 21.00000 20.91780 
 21.00000 21.02715 
 21.00000 20.92595 
 17.00000 16.98970 
 20.00000 19.95584 
 20.00000 19.99527 
 19.00000 18.95522 
 20.00000 20.00486 
 19.00000 18.95973 
 20.00000 20.08595 
 21.00000 20.94481 
 22.00000 22.08107 
 19.00000 19.01338 
 20.00000 19.95662 
 20.00000 19.99970 
 19.00000 19.03573 
 23.00000 23.01410 
 20.00000 19.98864 
 21.00000 21.04070 
 18.00000 17.98301 
 17.00000 16.93441 
 19.00000 18.99815 
 22.00000 22.00420 
 18.00000 17.90482 
 21.00000 21.05626 
 21.00000 20.90297 
 17.00000 16.93146 
 17.00000 16.99531 
 17.00000 17.01325 
 20.00000 19.96879 
 19.00000 18.95081 
 21.00000 21.05001 
 17.00000 16.94381 
 19.00000 18.91364 
 23.00000 23.02024 
 22.00000 22.01160 
 18.00000 17.98735 
 19.00000 18.91655 
 18.00000 17.98611 
 19.00000 19.02217 
 20.00000 19.94937 
 19.00000 19.00824 
 21.00000 20.97888 
 23.00000 23.01202 
 19.00000 19.02896 
 19.00000 18.96819 
 18.00000 17.97585 
 22.00000 22.01127 
 20.00000 19.95905 
 18.00000 18.01153 
 21.00000 21.01077 
 21.00000 20.91862 
 19.00000 18.92863 
 18.00000 17.99048 
 20.00000 19.96560 
 18.00000 18.03943 
 20.00000 19.85733 
 22.00000 22.02941 
 21.00000 20.99710 
 18.00000 17.94834 
 19.00000 18.94628 
 21.00000 20.92092 
 22.00000 21.94177 
 21.00000 20.97939 
 22.00000 22.05234 
 19.00000 18.98676 
 19.00000 18.93407 
 21.00000 20.96693 
 23.00000 23.04709 
 20.00000 19.98921 
 18.00000 17.91121 
 22.00000 21.94387 
 22.00000 21.95759 
 20.00000 20.01628 
 19.00000 18.96244 
 22.00000 21.96310 
 18.00000 18.02065 
 17.00000 17.01515 
 18.00000 17.99827 
 18.00000 17.95775 
 19.00000 18.93812 
 19.00000 19.01265 
 18.00000 17.95745 
 21.00000 21.04963 
 17.00000 16.96889 
 19.00000 18.93335 
 18.00000 17.98579 
 19.00000 19.00342 
 22.00000 22.02496 
 19.00000 18.96156 
 19.00000 18.92692 
 22.00000 21.96768 
 18.00000 17.97405 
 17.00000 16.95241 
 23.00000 23.00020 
 22.00000 21.91739 
 22.00000 22.03631 
 21.00000 20.99250 
 18.00000 18.03154 
 20.00000 19.98704 
 22.00000 22.02951 
 20.00000 19.95265 
 18.00000 17.99784 
 18.00000 17.98633 
 18.00000 18.00948 
 19.00000 19.01136 
 17.00000 16.94452 
 21.00000 20.92980 
 20.00000 20.01354 
 18.00000 17.89730 
 19.00000 18.98181 
 22.00000 22.04752 
 20.00000 20.01409 
 17.00000 16.96967 
 23.00000 23.03181 
 21.00000 20.95290 
 21.00000 20.99289 
 19.00000 18.89420 
 21.00000 20.94493 
 23.00000 23.02186 
 18.00000 18.00774 
 21.00000 20.98913 
 23.00000 22.93440 
 18.00000 17.96351 
 21.00000 21.00177 
 20.00000 19.94179 
 21.00000 21.01804 
 18.00000 17.93078 
 18.00000 17.94156 
 21.00000 20.92025 
 20.00000 19.95970 
 19.00000 18.92117 
 20.00000 19.98319 
 18.00000 18.00008 
 18.00000 17.99251 
 22.00000 21.93087 
 19.00000 18.95864 
 20.00000 19.90454 
 19.00000 18.96952 
 17.00000 16.95139 
 20.00000 20.01805 
 21.00000 20.98073 
 22.00000 21.95009 
 17.00000 17.00435 
 20.00000 20.00659 
 18.00000 18.00034 
 18.00000 17.96591 
 20.00000 20.00400 
 21.00000 20.97407 
 23.00000 23.02516 
 20.00000 19.94184 
 19.00000 18.98182 
 19.00000 18.97871 
 20.00000 19.93531 
 21.00000 20.98174 
 23.00000 22.99835 
 21.00000 20.95416 
 21.00000 20.99026 
 22.00000 22.05238 
 17.00000 16.95489 
 21.00000 20.95981 
 19.00000 19.02358 
 18.00000 17.98928 
 18.00000 17.99149 
 20.00000 19.98967 
 20.00000 19.97699 
 23.00000 23.06256 
 21.00000 21.01836 
 18.00000 17.99655 
 19.00000 19.04657 
 19.00000 19.00283 
 17.00000 16.95052 
 19.00000 18.94768 
 20.00000 19.97036 
 21.00000 21.04483 
 21.00000 20.92196 
 17.00000 16.97851 
 19.00000 18.98899 
 17.00000 17.00229 
 18.00000 17.96883 
 21.00000 20.99023 
 22.00000 21.96213 
 22.00000 21.98867 
 19.00000 19.00942 
 20.00000 19.92242 
 21.00000 20.94145 
 20.00000 19.97054 
 20.00000 19.92930 
 20.00000 19.95818 
 20.00000 19.94869 
 17.00000 17.00506 
 21.00000 20.97381 
 20.00000 19.95226 
 22.00000 21.96533 
 22.00000 21.97915 
 17.00000 16.99279 
 19.00000 19.01736 
 20.00000 19.94416 
 17.00000 16.97281 
 17.00000 17.00472 
 22.00000 21.93250 
 19.00000 19.05189 
 22.00000 21.97995 
 23.00000 23.02257 
 20.00000 19.95348 
 19.00000 19.00650 
 22.00000 21.93133 
 18.00000 18.00801 
 17.00000 16.97065 
 19.00000 18.94957 
 19.00000 18.96693 
 17.00000 16.98052 
 21.00000 20.97933 
 22.00000 21.97321 
 20.00000 19.93705 
 22.00000 21.96635 
 19.00000 18.93958 
 22.00000 21.96300 
 22.00000 21.97009 
 19.00000 19.00060 
 21.00000 21.01529 
 17.00000 16.97521 
 19.00000 18.96827 
 20.00000 19.93983 
 22.00000 21.98722 
 20.00000 19.93667 
 17.00000 17.02207 
 19.00000 18.94476 
 22.00000 21.94643 
 22.00000 22.04347 
 18.00000 17.97248 
 21.00000 20.95375 
 17.00000 17.00512 
 21.00000 20.95808 
 19.00000 19.04001 
 23.00000 23.05112 
 18.00000 17.96474 
 20.00000 19.95400 
 19.00000 18.97186 
 20.00000 20.00397 
 17.00000 16.88542 
 18.00000 17.92640 
 17.00000 16.99157 
 21.00000 21.01573 
 18.00000 17.99014 
 20.00000 19.95092 
 19.00000 19.02031 
 19.00000 19.01009 
 23.00000 23.02109 
 19.00000 18.95932 
 22.00000 22.00341 
 19.00000 18.91742 
 17.00000 16.97244 
 18.00000 17.96508 
 22.00000 21.93442 
 17.00000 16.94394 
 19.00000 18.93369 
 17.00000 16.95372 
 18.00000 17.99859 
 22.00000 22.05480 
 22.00000 22.01706 
 20.00000 19.98248 
 23.00000 23.00024 
 20.00000 20.00082 
 18.00000 18.04630 
 19.00000 18.98483 
 21.00000 20.99390 
 19.00000 18.97385 
 21.00000 20.99566 
 22.00000 22.01328 
 17.00000 16.92890 
 22.00000 21.99729 
 22.00000 22.04917 
 17.00000 17.02382 
 20.00000 19.99100 
 17.00000 16.97293 
 19.00000 19.03105 
 22.00000 22.02895 
 22.00000 22.01672 
 21.00000 20.93439 
 19.00000 18.95564 
 18.00000 17.99203 
 21.00000 21.01701 
 21.00000 20.95462 
 22.00000 22.00579 
 21.00000 20.99742 
 19.00000 18.94460 
 22.00000 22.09377 
 21.00000 20.91782 
 19.00000 18.95822 
 22.00000 21.95649 
 21.00000 20.98922 
 19.00000 18.93915 
 19.00000 18.98272 
 20.00000 20.02338 
 22.00000 21.96744 
 18.00000 17.92499 
 18.00000 17.99884 
 17.00000 16.99616 
 18.00000 18.00670 
 23.00000 23.05760 
 22.00000 22.02827 
 20.00000 19.93748 
 21.00000 21.02469 
 20.00000 19.94898 
 22.00000 21.94612 
 19.00000 18.84949 
 17.00000 17.00155 
 20.00000 20.01130 
 18.00000 17.97847 
 20.00000 19.99536 
 20.00000 19.98699 
 19.00000 18.98962 
 22.00000 21.95461 
 21.00000 20.97185 
 22.00000 22.05645 
 19.00000 18.96606 
 20.00000 19.93333 
 23.00000 23.00039 
 20.00000 20.01621 
 19.00000 18.98043 
 20.00000 20.06080 
 18.00000 17.97390 
 21.00000 20.98369 
 19.00000 18.91496 
 19.00000 18.97195 
 17.00000 16.94808 
 21.00000 20.97318 
 20.00000 19.99574 
 18.00000 17.90994 
 21.00000 21.00255 
 20.00000 19.97208 
 20.00000 19.93677 
 23.00000 23.20353 
 23.00000 23.00648 
 20.00000 19.94464 
 22.00000 21.97747 
 19.00000 18.97226 
 20.00000 20.02045 
 21.00000 21.02038 
 19.00000 19.01331 
 22.00000 21.96687 
 19.00000 18.94717 
 20.00000 19.98462 
 21.00000 20.97810 
 18.00000 18.00612 
 18.00000 18.03385 
 21.00000 20.96698 
 18.00000 17.93618 
 22.00000 22.05538 
 21.00000 21.04201 
 19.00000 18.99927 
 17.00000 16.92451 
 20.00000 19.93457 
 20.00000 20.00751 
 19.00000 18.94363 
 21.00000 20.98867 
 21.00000 20.97628 
 18.00000 17.95584 
 18.00000 17.94253 
 19.00000 18.98128 
 22.00000 21.96096 
 21.00000 20.98011 
 18.00000 17.94111 
 21.00000 20.99700 
 19.00000 18.96499 
 19.00000 18.98689 
 19.00000 18.95651 
 18.00000 18.03625 
 18.00000 17.96326 
 19.00000 18.90157 
 18.00000 17.96048 
 21.00000 20.99021 
 21.00000 21.01321 
 19.00000 19.03374 
 22.00000 21.90324 
 22.00000 22.03003 
 21.00000 21.00569 
 20.00000 20.00201 
 19.00000 18.94951 
 20.00000 19.95976 
 19.00000 18.94978 
 19.00000 18.97947 
 19.00000 18.98283 
 18.00000 17.97971 
 18.00000 17.94873 
 20.00000 20.04637 
 19.00000 18.94506 
 19.00000 18.96791 
 22.00000 21.89861 
 22.00000 21.94806 
 18.00000 17.97215 
 21.00000 20.95115 
 21.00000 20.98498 
 21.00000 20.93108 
 20.00000 19.81406 
 22.00000 22.01026 
 21.00000 20.99992 
 18.00000 17.97408 
 20.00000 20.00391 
 20.00000 20.00220 
 19.00000 18.95374 
 22.00000 21.98095 
 17.00000 17.01612 
 21.00000 20.93035 
 19.00000 18.97362 
 21.00000 20.97127 
 21.00000 20.94960 
 18.00000 17.94135 
 19.00000 18.99982 
 20.00000 19.99846 
 22.00000 21.96847 
 18.00000 17.93640 
 23.00000 22.95878 
 21.00000 20.98432 
 19.00000 18.93612 
 21.00000 20.94328 
 22.00000 21.93890 
 18.00000 17.95916 
 22.00000 21.98838 
 23.00000 22.96075 
 21.00000 20.98760 
 20.00000 19.94494 
 18.00000 17.96104 
 19.00000 18.95228 
 17.00000 16.97027 
 21.00000 20.92347 
 18.00000 17.94773 
 22.00000 21.98538 
 19.00000 18.96980 
 19.00000 19.03220 
 23.00000 22.96917 
 23.00000 23.07332 
 22.00000 21.94089 
 18.00000 17.97968 
 18.00000 17.96184 
 20.00000 20.00121 
 21.00000 20.94148 
 19.00000 18.89310 
 20.00000 19.95612 
 20.00000 20.02931 
 18.00000 17.96379 
 17.00000 16.96933 
 22.00000 22.00177 
 19.00000 18.96398 
 17.00000 16.99114 
 17.00000 17.00107 
 19.00000 19.01902 
 21.00000 21.03309 
 20.00000 19.92663 
 21.00000 20.92171 
 23.00000 22.96058 
 20.00000 19.97030 
 20.00000 19.94573 
 19.00000 18.99481 
 18.00000 17.93302 
 21.00000 20.95593 
 21.00000 20.96379 
 21.00000 21.03460 
 21.00000 20.95636 
 19.00000 18.89043 
 19.00000 18.94967 
 21.00000 20.91295 
 20.00000 19.99444 
 19.00000 18.97159 
 20.00000 19.96726 
 22.00000 21.99296 
 17.00000 16.97725 
 17.00000 16.99488 
 22.00000 21.99824 
 18.00000 17.96429 
 17.00000 16.97819 
 20.00000 19.98732 
 19.00000 18.99616 
 18.00000 17.93410 
 20.00000 19.96404 
 17.00000 16.96354 
 19.00000 19.01861 
 20.00000 19.94156 
 19.00000 18.98866 
 21.00000 21.03330 
 17.00000 17.02714 
 19.00000 18.94328 
 19.00000 18.99024 
 22.00000 22.01222 
 18.00000 18.01534 
 21.00000 20.97520 
 18.00000 17.97755 
 18.00000 17.94149 
 22.00000 21.97367 
 21.00000 20.97137 
 22.00000 21.98113 
 21.00000 21.03952 
 18.00000 18.01409 
 22.00000 22.00877 
 18.00000 17.96643 
 21.00000 20.95493 
 19.00000 18.96327 
 20.00000 20.02002 
 17.00000 16.99137 
 22.00000 22.00077 
 17.00000 16.99277 
 18.00000 17.95642 
 19.00000 18.98997 
 21.00000 21.00153 
 18.00000 18.05134 
 19.00000 19.02502 
 18.00000 18.01887 
 22.00000 21.96523 
 22.00000 21.98823 
 19.00000 18.94846 
 21.00000 20.96648 
 23.00000 23.02754 
 20.00000 20.03481 
 21.00000 20.98756 
 21.00000 20.92720 
 18.00000 17.94987 
 18.00000 18.06054 
 23.00000 23.05637 
 19.00000 18.99536 
 22.00000 21.98259 
 22.00000 22.05529 
 21.00000 21.01252 
 21.00000 21.00577 
 22.00000 21.98838 
 23.00000 22.92275 
 21.00000 20.97327 
 22.00000 21.98913 
 23.00000 23.01116 
 19.00000 18.96605 
 18.00000 17.99606 
 20.00000 19.96477 
 23.00000 23.02282 
 18.00000 17.95381 
 19.00000 19.03901 
 22.00000 21.99479 
 18.00000 17.97145 
 21.00000 20.95830 
 23.00000 22.94159 
 19.00000 19.00653 
 19.00000 19.13386 
 19.00000 18.99038 
 20.00000 19.96497 
 19.00000 18.87387 
 17.00000 16.97292 
 18.00000 17.97754 
 18.00000 17.92423 
 20.00000 19.96297 
 20.00000 19.98152 
 20.00000 19.94023 
 19.00000 18.90057 
 22.00000 22.02333 
 18.00000 17.99097 
 19.00000 18.97462 
 21.00000 20.92853 
 23.00000 23.00677 
 20.00000 19.93282 
 18.00000 17.97262 
 17.00000 16.98120 
 17.00000 16.97897 
 19.00000 18.98684 
 21.00000 21.01692 
 18.00000 17.97839 
 22.00000 21.99578 
 19.00000 18.92777 
 20.00000 19.95035 
 18.00000 17.94047 
 22.00000 21.93294 
 18.00000 17.98040 
 22.00000 21.95081 
 20.00000 19.99178 
 20.00000 19.95246 
 19.00000 19.01415 
 18.00000 18.05290 
 18.00000 18.00315 
 19.00000 18.95831 
 18.00000 18.00608 
 17.00000 16.99011 
 22.00000 21.98967 
 17.00000 16.95462 
 22.00000 21.94918 
 22.00000 21.92519 
 22.00000 21.96021 
 19.00000 19.07977 
 17.00000 17.03228 
 22.00000 22.01834 
 22.00000 21.96364 
 18.00000 18.00026 
 18.00000 17.98506 
 19.00000 18.98146 
 22.00000 21.99672 
 21.00000 21.01382 
 22.00000 22.01744 
 21.00000 20.99826 
 19.00000 19.00233 
 18.00000 17.93064 
 21.00000 21.00575 
 19.00000 18.96513 
 21.00000 21.06954 
 17.00000 17.01672 
 18.00000 17.97245 
 18.00000 17.93884 
 21.00000 20.97344 
 22.00000 22.08507 
 21.00000 21.00414 
 22.00000 22.05256 
 18.00000 18.00003 
 19.00000 18.97892 
 20.00000 19.98640 
 18.00000 17.94650 
 23.00000 22.99021 
 18.00000 17.90872 
 21.00000 20.93549 
 18.00000 17.99596 
 23.00000 22.97385 
 18.00000 17.98611 
 20.00000 19.95171 
 21.00000 20.90271 
 21.00000 20.97138 
 19.00000 18.94134 
 19.00000 19.00458 
 20.00000 19.99378 
 18.00000 17.95125 
 17.00000 16.98140 
 20.00000 20.08589 
 22.00000 21.99749 
 20.00000 19.93027 
 22.00000 21.99866 
 22.00000 21.94702 
 21.00000 20.95522 
 22.00000 22.00602 
 18.00000 17.95377 
 20.00000 19.99767 
 17.00000 17.00174 
 22.00000 22.01790 
 20.00000 20.00188 
 18.00000 17.98444 
 22.00000 21.96997 
 19.00000 19.00069 
 17.00000 17.00142 
 18.00000 18.01717 
 22.00000 21.95189 
 21.00000 20.91940 
 17.00000 16.96777 
 18.00000 18.05660 
 17.00000 16.91604 
 20.00000 19.94086 
 20.00000 19.99908 
 19.00000 18.90871 
 19.00000 18.97653 
 21.00000 20.94011 
 19.00000 18.93372 
 19.00000 18.98424 
 21.00000 20.97813 
 20.00000 19.98082 
 21.00000 20.99888 
 19.00000 18.99100 
 18.00000 18.03683 
 17.00000 16.92067 
 19.00000 18.97865 
 20.00000 19.96223 
 19.00000 18.91559 
 20.00000 20.03161 
 22.00000 21.96478 
 20.00000 19.96713 
 19.00000 18.96938 
 18.00000 17.98258 
 23.00000 22.95800 
 22.00000 22.07840 
 20.00000 19.95239 
 20.00000 19.92213 
 19.00000 18.93832 
 20.00000 19.91704 
 18.00000 17.96416 
 18.00000 17.90323 
 20.00000 19.99444 
 22.00000 21.96733 
 18.00000 18.06456 
 21.00000 20.96814 
 18.00000 18.01342 
 20.00000 20.00438 
 22.00000 21.95226 
 20.00000 19.95258 
 20.00000 19.95350 
 17.00000 17.00031 
 21.00000 20.99085 
 23.00000 22.98256 
 21.00000 21.04064 
 23.00000 22.98870 
 22.00000 21.98850 
 18.00000 17.98433 
 18.00000 18.00871 
 18.00000 17.92960 
 19.00000 19.09226 
 22.00000 21.96583 
 22.00000 22.00670 
 20.00000 19.96807 
 19.00000 18.98239 
 20.00000 19.94909 
 17.00000 16.97106 
 21.00000 20.93129 
 22.00000 22.06475 
 19.00000 19.00567 
 18.00000 17.97320 
 21.00000 20.97101 
 23.00000 23.03942 
 20.00000 19.96796 
 23.00000 23.04468 
 20.00000 19.93926 
 20.00000 19.96222 
 18.00000 17.94427 
 21.00000 21.10209 
 20.00000 20.00368 
 18.00000 17.95095 
 21.00000 20.98312 
 19.00000 18.98930 
 19.00000 18.97550 
 17.00000 16.98509 
 18.00000 18.00881 
 22.00000 21.95559 
 20.00000 19.95509 
 22.00000 22.01071 
 22.00000 22.00446 
 18.00000 17.96377 
 18.00000 17.97958 
 21.00000 21.03121 
 23.00000 23.06188 
 23.00000 23.04522 
 20.00000 19.97627 
 18.00000 17.98139 
 21.00000 21.02496 
 19.00000 18.99045 
 23.00000 23.01755 
 19.00000 18.97423 
 22.00000 22.00634 
 22.00000 21.95610 
 20.00000 19.95288 
 18.00000 18.07643 
 20.00000 19.95308 
 22.00000 22.05174 
 22.00000 21.99135 
 19.00000 18.90407 
 21.00000 20.92147 
 23.00000 23.00093 
 21.00000 20.97630 
 17.00000 16.93377 
 20.00000 19.93859 
 19.00000 18.96039 
 18.00000 17.93633 
 22.00000 22.01055 
 21.00000 20.98274 
 19.00000 18.98119 
 20.00000 19.93822 
 19.00000 19.04009 
 18.00000 17.97182 
 21.00000 21.04939 
 19.00000 18.93761 
 19.00000 18.93350 
 21.00000 21.01997 
 19.00000 18.99025 
 19.00000 18.92883 
 19.00000 19.01540 
 18.00000 17.92935 
 23.00000 22.99004 
 19.00000 19.02055 
 17.00000 16.94931 
 21.00000 20.98226 
 18.00000 17.95259 
 20.00000 20.00628 
 19.00000 19.02948 
 17.00000 16.95349 
 17.00000 16.94838 
 22.00000 22.08434 
 20.00000 19.97182 
 23.00000 23.00275 
 18.00000 17.95219 
 22.00000 21.97830 
 18.00000 17.98205 
 23.00000 22.99627 
 19.00000 18.92962 
 20.00000 19.97069 
 19.00000 19.03014 
 21.00000 20.97020 
 23.00000 23.03326 
 19.00000 18.96977 
 22.00000 21.98271 
 21.00000 20.95370 
 20.00000 19.97661 
 19.00000 18.97192 
 22.00000 21.98910 
 18.00000 18.03892 
 18.00000 17.96628 
 18.00000 18.06981 
 20.00000 19.93814 
 19.00000 18.98961 
 21.00000 21.00769 
 20.00000 19.96974 
 22.00000 21.99104 
 20.00000 19.98341 
 20.00000 20.01859 
 20.00000 19.98464 
 22.00000 22.01060 
 17.00000 17.01453 
 18.00000 17.96415 
 20.00000 20.00624 
 22.00000 22.01127 
 21.00000 20.93511 
 17.00000 17.00199 
 18.00000 17.95514 
 19.00000 19.03513 
 21.00000 21.05029 
 18.00000 17.90804 
 18.00000 17.97335 
 20.00000 20.01010 
 18.00000 17.94699 
 21.00000 21.03149 
 18.00000 17.99349 
 18.00000 17.96793 
 20.00000 20.02463 
 19.00000 18.95762 
 23.00000 22.96410 
 20.00000 19.97831 
 20.00000 19.96762 
 19.00000 18.96230 
 19.00000 18.98803 
 18.00000 17.97834 
 20.00000 20.00232 
 23.00000 22.96147 
 18.00000 17.97293 
 23.00000 22.99555 
 20.00000 19.95264 
 22.00000 21.95236 
 20.00000 19.96684 
 18.00000 17.91589 
 19.00000 18.90288 
 20.00000 19.99420 
 18.00000 17.98896 
 19.00000 18.91787 
 21.00000 21.03171 
 22.00000 22.00655 
 18.00000 17.95420 
 20.00000 19.99220 
 21.00000 21.02499 
 18.00000 17.96773 
 21.00000 21.01267 
 20.00000 20.00935 
 20.00000 19.99446 
 19.00000 18.93459 
 19.00000 18.96947 
 18.00000 18.04957 
 22.00000 21.94847 
 19.00000 19.00406 
 21.00000 20.98999 
 22.00000 22.06534 
 20.00000 20.00882 
 20.00000 20.01491 
 19.00000 19.03306 
 20.00000 19.97377 
 17.00000 16.98206 
 20.00000 19.95218 
 17.00000 17.02429 
 22.00000 21.91985 
 22.00000 21.95178 
 18.00000 17.93762 
 20.00000 19.94568 
 17.00000 17.02727 
 20.00000 20.02302 
 17.00000 16.98740 
 23.00000 23.02675 
 18.00000 18.09171 
 17.00000 16.95222 
 19.00000 18.93587 
 21.00000 20.98574 
 23.00000 22.99305 
 23.00000 22.99470 
 22.00000 21.96713 
 22.00000 22.00561 
 20.00000 19.98417 
 19.00000 18.98544 
 18.00000 17.97251 
 18.00000 17.97271 
 18.00000 18.08881 
 22.00000 21.97766 
 20.00000 20.02348 
 19.00000 18.99518 
 17.00000 17.00583 
 19.00000 19.01506 
 19.00000 18.92985 
 20.00000 19.98004 
 21.00000 20.96663 
 22.00000 21.96233 
 22.00000 21.97620 
 18.00000 18.00139 
 19.00000 18.96641 
 17.00000 16.93212 
 21.00000 20.95290 
 18.00000 18.01425 
 19.00000 18.99572 
 21.00000 21.01032 
 19.00000 18.96870 
 20.00000 19.99599 
 20.00000 19.97421 
 19.00000 18.90366 
 18.00000 18.01044 
 22.00000 21.99598 
 23.00000 22.99406 
 19.00000 18.99490 
 20.00000 20.02028 
 18.00000 18.04148 
 19.00000 18.89267 
 21.00000 20.87589 
 22.00000 22.05486 
 17.00000 16.97382 
 22.00000 21.94014 
 22.00000 22.01647 
 17.00000 17.02901 
 20.00000 20.00094 
 18.00000 17.97105 
 20.00000 20.03293 
 22.00000 21.94768 
 18.00000 18.01962 
 21.00000 20.99843 
 17.00000 16.92810 
 22.00000 22.04818 
 19.00000 18.97470 
 19.00000 18.98829 
 17.00000 16.92986 
 21.00000 20.96316 
 22.00000 21.96047 
 20.00000 19.90710 
 22.00000 22.00733 
 20.00000 19.97308 
 20.00000 19.98894 
 22.00000 22.00850 
 22.00000 21.93193 
 22.00000 22.02329 
 18.00000 17.96519 
 20.00000 19.95851 
 20.00000 19.94398 
 20.00000 20.06618 
 20.00000 20.00075 
 19.00000 18.96175 
 22.00000 21.97479 
 19.00000 19.01428 
 18.00000 17.91804 
 20.00000 19.98845 
 18.00000 17.96430 
 22.00000 22.05415 
 18.00000 17.96072 
 22.00000 22.06378 
 21.00000 20.91279 
 21.00000 21.01829 
 20.00000 19.97954 
 21.00000 20.97055 
 20.00000 20.04793 
 20.00000 20.00484 
 23.00000 23.06881 
 19.00000 18.99166 
 17.00000 16.97169 
 21.00000 21.02483 
 17.00000 16.97708 
 21.00000 20.94289 
 22.00000 21.90339 
 19.00000 19.05865 
 20.00000 20.03237 
 21.00000 20.94086 
 22.00000 21.99470 
 20.00000 19.95491 
 22.00000 22.03106 
 19.00000 18.96396 
 18.00000 17.93493 
 21.00000 20.97361 
 18.00000 17.95449 
 18.00000 17.99403 
 19.00000 18.94715 
 18.00000 18.00599 
 19.00000 18.96966 
 20.00000 19.90936 
 19.00000 19.00557 
 21.00000 21.01396 
 19.00000 19.00771 
 21.00000 21.00957 
 20.00000 19.98056 
 23.00000 22.96574 
 18.00000 17.99989 
 20.00000 19.99853 
 18.00000 17.95651 
 23.00000 22.99409 
 18.00000 17.96466 
 21.00000 21.05136 
 23.00000 22.97854 
 18.00000 17.92504 
 22.00000 21.95700 
 19.00000 19.00696 
 21.00000 20.95311 
 22.00000 21.96185 
 22.00000 21.92170 
 18.00000 17.98750 
 18.00000 17.96064 
 20.00000 19.97875 
 21.00000 21.06137 
 22.00000 21.98150 
 19.00000 19.04154 
 21.00000 21.01122 
 18.00000 17.95979 
 21.00000 21.02031 
 19.00000 18.94870 
 21.00000 20.94187 
 22.00000 22.00017 
 21.00000 20.95862 
 21.00000 21.02617 
 19.00000 19.03476 
 20.00000 19.98014 
 20.00000 20.04339 
 17.00000 16.97261 
 20.00000 20.02373 
 21.00000 20.97967 
 20.00000 20.02312 
 19.00000 18.93068 
 18.00000 17.96762 
 18.00000 18.00660 
 22.00000 21.94933 
 20.00000 20.02470 
 19.00000 19.02334 
 19.00000 18.96218 
 20.00000 19.98914 
 19.00000 18.96427 
 18.00000 17.97822 
 22.00000 22.04684 
 22.00000 21.99864 
 22.00000 22.03026 
 19.00000 19.00922 
 21.00000 20.90185 
 18.00000 18.02200 
 21.00000 21.02250 
 23.00000 23.02799 
 21.00000 20.98349 
 22.00000 22.02703 
 19.00000 19.00452 
 19.00000 18.98437 
 23.00000 23.03328 
 21.00000 21.00345 
 19.00000 18.95115 
 18.00000 17.95809 
 20.00000 20.00575 
 20.00000 20.01139 
 20.00000 20.00470 
 22.00000 21.92420 
 19.00000 18.94193 
 20.00000 20.00533 
 22.00000 22.01964 
 18.00000 17.97781 
 18.00000 17.94741 
 17.00000 16.96596 
 21.00000 20.95139 
 19.00000 18.98150 
 19.00000 18.97966 
 19.00000 18.93587 
 17.00000 16.93339 
 19.00000 18.95325 
 19.00000 18.97291 
 22.00000 22.00122 
 20.00000 19.82100 
 19.00000 18.99367 
 20.00000 19.97472 
 23.00000 22.96603 
 22.00000 21.98274 
 19.00000 18.96387 
 19.00000 18.96739 
 20.00000 19.91712 
 18.00000 17.99067 
 20.00000 20.00022 
 18.00000 17.98653 
 22.00000 21.96413 
 18.00000 17.93654 
 21.00000 20.93669 
 18.00000 17.95969 
 18.00000 18.00350 
 19.00000 18.97867 
 17.00000 16.98845 
 17.00000 17.00970 
 21.00000 20.90855 
 19.00000 19.04764 
