 23.00000 23.00250 
 19.00000 19.01883 
 21.00000 20.98824 
 18.00000 18.01764 
 22.00000 21.98577 
 19.00000 19.01481 
 17.00000 17.03244 
 17.00000 16.98142 
 18.00000 18.02793 
 22.00000 22.01043 
 23.00000 22.98464 
 22.00000 21.98557 
 22.00000 21.89314 
 21.00000 20.99573 
 20.00000 20.02171 
 18.00000 17.99740 
 19.00000 19.03138 
 22.00000 22.00117 
 19.00000 18.92531 
 22.00000 22.04212 
 21.00000 21.10002 
 18.00000 17.97902 
 18.00000 17.99588 
 18.00000 18.01071 
 20.00000 20.05601 
 19.00000 19.00000 
 21.00000 20.95993 
 20.00000 19.97379 
 21.00000 20.99729 
 23.00000 23.01505 
 21.00000 21.04382 
 19.00000 19.03480 
 19.00000 19.01557 
 19.00000 19.02812 
 22.00000 22.11287 
 22.00000 22.09217 
 21.00000 20.98040 
 18.00000 18.00363 
 19.00000 19.00777 
 21.00000 21.00707 
 23.00000 22.80915 
 22.00000 22.00787 
 19.00000 18.97250 
 19.00000 19.01388 
 21.00000 21.05901 
 18.00000 17.96950 
 20.00000 20.11337 
 17.00000 17.09408 
 20.00000 19.99560 
 20.00000 19.98236 
 22.00000 22.02742 
 19.00000 18.97621 
 20.00000 20.02054 
 20.00000 19.98338 
 20.00000 20.00414 
 20.00000 19.98182 
 20.00000 20.05911 
 18.00000 18.02857 
 21.00000 20.98469 
 19.00000 19.01401 
 22.00000 22.05108 
 21.00000 21.00469 
 18.00000 17.91813 
 21.00000 20.98743 
 18.00000 17.99573 
 22.00000 22.00926 
 23.00000 23.02893 
 21.00000 21.00790 
 17.00000 16.97393 
 19.00000 19.00092 
 17.00000 16.99433 
 20.00000 20.00772 
 22.00000 21.99251 
 18.00000 17.93700 
 18.00000 18.02660 
 19.00000 19.03499 
 20.00000 20.05024 
 20.00000 20.01277 
 19.00000 19.01369 
 23.00000 23.03626 
 20.00000 20.03998 
 21.00000 20.99021 
 21.00000 20.94954 
 19.00000 19.02830 
 20.00000 20.04374 
 17.00000 17.02425 
 18.00000 17.97321 
 19.00000 18.94122 
 21.00000 21.00352 
 23.00000 23.06046 
 22.00000 22.00029 
 18.00000 18.00470 
 21.00000 21.02745 
 20.00000 20.00747 
 21.00000 21.01976 
 19.00000 19.00046 
 17.00000 16.99188 
 21.00000 20.99924 
 22.00000 22.02477 
 19.00000 19.00120 
 21.00000 21.00572 
 21.00000 20.96928 
 19.00000 19.05491 
 18.00000 18.00403 
 20.00000 20.02378 
 19.00000 19.02504 
 19.00000 18.99350 
 19.00000 18.99057 
 21.00000 21.08391 
 18.00000 17.97849 
 22.00000 21.97755 
 23.00000 23.03298 
 22.00000 22.00353 
 23.00000 23.04725 
 21.00000 21.01735 
 19.00000 19.02401 
 23.00000 22.96028 
 17.00000 16.96055 
 21.00000 21.07936 
 23.00000 22.96408 
 19.00000 19.01660 
 19.00000 18.99099 
 21.00000 20.98438 
 20.00000 20.06533 
 22.00000 22.01419 
 18.00000 17.99340 
 21.00000 21.01128 
 18.00000 18.01990 
 21.00000 21.01949 
 22.00000 22.09510 
 18.00000 18.03914 
 20.00000 20.03817 
 22.00000 22.02063 
 20.00000 19.93964 
 17.00000 17.03633 
 18.00000 17.97892 
 23.00000 22.96511 
 18.00000 17.99793 
 19.00000 19.03222 
 21.00000 21.00791 
 19.00000 18.96885 
 18.00000 17.98194 
 22.00000 21.98239 
 22.00000 21.91979 
 22.00000 22.00257 
 22.00000 21.96311 
 21.00000 20.95123 
 21.00000 21.07989 
 22.00000 22.06499 
 22.00000 22.00684 
 17.00000 16.99663 
 21.00000 21.04391 
 17.00000 16.97152 
 22.00000 22.00941 
 19.00000 19.03958 
 22.00000 22.02390 
 23.00000 23.02145 
 21.00000 20.96432 
 19.00000 19.01138 
 20.00000 19.93494 
 21.00000 20.93845 
 19.00000 19.00885 
 20.00000 20.01642 
 21.00000 20.99714 
 21.00000 20.93140 
 20.00000 19.96773 
 21.00000 21.01171 
 17.00000 17.01949 
 21.00000 21.01855 
 21.00000 21.07222 
 23.00000 22.98877 
 17.00000 16.99409 
 23.00000 23.00777 
 21.00000 21.01033 
 19.00000 19.01234 
 18.00000 18.02296 
 21.00000 21.04386 
 17.00000 17.00516 
 19.00000 18.97483 
 19.00000 18.98427 
 17.00000 17.00406 
 21.00000 20.98524 
 21.00000 21.07034 
 22.00000 22.05949 
 19.00000 19.04291 
 18.00000 18.00759 
 22.00000 22.01545 
 21.00000 20.97508 
 18.00000 17.98687 
 20.00000 20.01096 
 23.00000 23.03590 
 22.00000 22.05065 
 21.00000 21.00331 
 21.00000 21.01784 
 21.00000 20.98737 
 20.00000 19.96115 
 21.00000 20.98807 
 19.00000 18.99811 
 17.00000 17.01280 
 22.00000 21.99727 
 21.00000 21.01872 
 22.00000 22.01450 
 17.00000 16.98463 
 22.00000 22.02659 
 18.00000 17.96597 
 23.00000 23.00695 
 18.00000 18.03403 
 20.00000 19.89002 
 20.00000 20.04380 
 22.00000 21.99257 
 20.00000 20.02285 
 18.00000 18.00258 
 19.00000 19.01648 
 18.00000 18.02685 
 23.00000 23.05161 
 21.00000 20.98972 
 20.00000 20.00628 
 22.00000 21.91277 
 18.00000 18.00947 
 19.00000 19.02671 
 23.00000 23.00707 
 19.00000 18.97747 
 21.00000 20.98262 
 21.00000 20.96075 
 19.00000 19.04588 
 20.00000 20.01306 
 17.00000 16.99942 
 18.00000 18.02685 
 18.00000 18.00502 
 21.00000 20.98418 
 20.00000 19.93977 
 19.00000 19.00304 
 18.00000 18.01084 
 22.00000 22.04570 
 19.00000 18.98889 
 17.00000 16.99035 
 22.00000 22.00269 
 23.00000 23.04707 
 18.00000 17.98046 
 22.00000 22.02066 
 19.00000 18.99624 
 22.00000 21.96895 
 22.00000 22.02192 
 18.00000 17.96956 
 23.00000 22.98958 
 21.00000 20.99930 
 18.00000 17.99163 
 19.00000 19.04081 
 20.00000 19.99553 
 18.00000 18.00403 
 18.00000 18.00695 
 17.00000 17.02227 
 23.00000 23.01945 
 22.00000 21.96822 
 21.00000 20.97888 
 22.00000 22.00340 
 17.00000 16.99394 
 23.00000 22.99611 
 18.00000 17.94823 
 22.00000 22.01319 
 18.00000 18.01195 
 17.00000 17.05234 
 21.00000 21.03011 
 19.00000 19.09342 
 18.00000 18.03807 
 21.00000 21.08114 
 20.00000 19.99021 
 23.00000 23.03092 
 19.00000 19.03015 
 18.00000 18.03049 
 18.00000 17.98330 
 18.00000 18.01108 
 23.00000 23.08272 
 23.00000 23.03884 
 18.00000 18.03661 
 22.00000 21.94909 
 22.00000 21.97524 
 21.00000 20.99021 
 19.00000 19.04034 
 19.00000 19.01399 
 22.00000 21.97962 
 18.00000 18.00667 
 22.00000 22.02595 
 21.00000 21.01906 
 19.00000 19.00016 
 20.00000 19.88178 
 17.00000 17.01169 
 21.00000 21.01686 
 21.00000 21.03459 
 22.00000 22.04338 
 19.00000 18.96162 
 19.00000 19.06693 
 19.00000 19.01792 
 23.00000 23.10402 
 19.00000 19.00150 
 22.00000 21.99526 
 22.00000 22.02019 
 22.00000 22.00437 
 22.00000 22.00843 
 20.00000 20.00673 
 19.00000 18.98406 
 19.00000 18.97268 
 21.00000 21.03005 
 20.00000 20.02580 
 22.00000 22.03876 
 17.00000 17.01992 
 22.00000 22.01076 
 20.00000 20.01225 
 20.00000 20.01034 
 20.00000 19.97385 
 21.00000 20.98657 
 19.00000 18.89778 
 19.00000 19.03320 
 19.00000 19.01957 
 19.00000 18.97892 
 21.00000 21.02900 
 21.00000 20.87122 
 22.00000 21.98827 
 19.00000 19.01712 
 21.00000 21.00013 
 19.00000 18.98716 
 22.00000 22.02364 
 18.00000 18.02822 
 21.00000 21.03620 
 20.00000 20.04282 
 20.00000 20.02598 
 20.00000 20.00758 
 20.00000 20.02348 
 21.00000 20.97576 
 21.00000 21.00225 
 17.00000 17.03103 
 19.00000 18.96445 
 22.00000 22.05031 
 19.00000 19.02468 
 22.00000 22.02412 
 18.00000 17.99261 
 19.00000 19.05153 
 17.00000 17.04964 
 20.00000 19.97178 
 20.00000 20.01157 
 19.00000 19.16667 
 21.00000 21.02339 
 19.00000 19.04179 
 22.00000 22.05912 
 18.00000 18.02571 
 19.00000 19.01413 
 19.00000 18.97122 
 20.00000 20.03497 
 18.00000 17.98767 
 21.00000 20.99872 
 19.00000 18.92115 
 22.00000 22.05537 
 18.00000 18.03370 
 21.00000 21.02137 
 21.00000 21.04542 
 22.00000 21.99293 
 18.00000 18.01489 
 18.00000 18.02432 
 22.00000 21.95765 
 19.00000 19.01822 
 20.00000 19.99042 
 19.00000 19.10349 
 21.00000 21.02049 
 20.00000 19.96818 
 19.00000 18.99471 
 18.00000 17.97848 
 21.00000 20.99273 
 23.00000 23.05483 
 22.00000 22.01266 
 19.00000 19.00076 
 20.00000 20.05808 
 21.00000 20.99543 
 23.00000 23.05609 
 19.00000 18.97792 
 19.00000 19.01258 
 19.00000 19.03055 
 18.00000 17.99976 
 20.00000 20.04279 
 21.00000 21.06478 
 18.00000 18.04721 
 21.00000 21.04165 
 18.00000 18.02172 
 23.00000 22.96842 
 22.00000 22.00739 
 23.00000 22.99695 
 18.00000 18.00585 
 19.00000 19.01561 
 18.00000 18.02983 
 21.00000 20.99315 
 20.00000 19.97627 
 23.00000 22.98843 
 18.00000 18.02360 
 19.00000 18.97223 
 21.00000 21.03020 
 22.00000 22.00931 
 21.00000 21.03150 
 21.00000 20.94010 
 23.00000 23.01531 
 23.00000 23.03907 
 19.00000 18.96394 
 23.00000 22.99047 
 20.00000 19.99868 
 20.00000 19.94681 
 21.00000 21.00989 
 22.00000 21.89506 
 21.00000 21.01424 
 20.00000 20.01013 
 19.00000 19.01391 
 18.00000 17.97609 
 22.00000 21.98264 
 22.00000 22.02670 
 21.00000 21.00171 
 21.00000 20.95758 
 17.00000 16.99720 
 21.00000 20.92453 
 23.00000 22.98463 
 19.00000 19.00750 
 20.00000 19.98329 
 21.00000 20.97803 
 18.00000 17.97242 
 17.00000 17.00788 
 20.00000 20.04057 
 22.00000 22.02772 
 22.00000 21.98836 
 18.00000 18.03500 
 18.00000 18.02163 
 22.00000 22.00655 
 23.00000 23.04651 
 17.00000 16.97568 
 20.00000 19.99398 
 22.00000 22.08031 
 18.00000 17.97294 
 17.00000 17.00496 
 23.00000 23.01018 
 23.00000 23.00317 
 20.00000 20.02313 
 18.00000 17.97733 
 19.00000 19.02332 
 18.00000 17.97065 
 19.00000 19.02169 
 23.00000 22.99401 
 20.00000 19.97306 
 22.00000 22.00246 
 22.00000 22.00917 
 17.00000 17.02976 
 22.00000 21.98049 
 20.00000 20.01409 
 23.00000 23.02365 
 22.00000 22.04748 
 19.00000 19.02905 
 20.00000 20.09825 
 18.00000 17.90633 
 22.00000 22.00328 
 20.00000 20.00061 
 22.00000 21.96638 
 19.00000 18.98435 
 19.00000 19.05523 
 19.00000 18.99207 
 19.00000 19.01426 
 23.00000 23.02220 
 21.00000 21.01741 
 20.00000 20.02380 
 21.00000 20.94409 
 17.00000 17.01587 
 18.00000 18.04647 
 18.00000 17.99353 
 21.00000 21.00966 
 19.00000 19.02394 
 20.00000 19.97993 
 20.00000 20.00633 
 19.00000 18.96987 
 20.00000 20.03314 
 23.00000 22.93744 
 17.00000 16.98505 
 23.00000 23.04564 
 20.00000 19.98481 
 19.00000 19.16482 
 21.00000 21.01557 
 18.00000 18.00199 
 22.00000 21.96708 
 19.00000 18.99303 
 18.00000 17.98556 
 19.00000 18.99441 
 20.00000 19.96531 
 19.00000 19.00902 
 18.00000 17.99850 
 19.00000 19.01793 
 17.00000 17.03023 
 20.00000 20.02037 
 20.00000 20.06544 
 22.00000 22.01895 
 21.00000 21.02043 
 19.00000 19.11423 
 20.00000 20.02032 
 21.00000 21.04035 
 19.00000 18.98860 
 18.00000 18.02625 
 22.00000 22.00826 
 19.00000 19.06839 
 22.00000 21.96512 
 21.00000 21.04128 
 19.00000 19.06673 
 19.00000 19.04383 
 22.00000 22.04499 
 20.00000 20.01132 
 20.00000 20.07456 
 22.00000 22.04670 
 20.00000 20.03032 
 21.00000 21.07452 
 22.00000 22.03757 
 20.00000 19.95888 
 19.00000 19.03406 
 22.00000 21.98040 
 22.00000 22.09299 
 19.00000 19.02131 
 18.00000 17.99040 
 20.00000 20.01457 
 21.00000 21.02507 
 18.00000 18.03380 
 23.00000 23.09857 
 17.00000 16.97082 
 22.00000 22.01612 
 17.00000 16.99211 
 19.00000 19.01820 
 23.00000 23.06842 
 22.00000 21.98380 
 21.00000 21.06690 
 23.00000 23.03609 
 21.00000 20.99815 
 19.00000 19.02475 
 21.00000 20.99675 
 20.00000 20.00493 
 21.00000 20.98463 
 17.00000 17.06734 
 19.00000 19.06334 
 20.00000 19.97086 
 17.00000 17.05760 
 21.00000 21.03870 
 18.00000 17.97972 
 21.00000 20.98732 
 19.00000 19.00992 
 18.00000 18.01800 
 20.00000 19.98835 
 17.00000 17.02657 
 19.00000 18.99924 
 21.00000 20.99817 
 20.00000 19.95108 
 18.00000 18.00563 
 21.00000 21.03048 
 21.00000 21.02656 
 23.00000 23.02022 
 17.00000 16.99535 
 19.00000 18.99337 
 19.00000 18.99333 
 22.00000 21.99995 
 19.00000 18.98618 
 23.00000 23.00645 
 20.00000 20.02239 
 22.00000 22.00622 
 22.00000 21.99621 
 20.00000 20.07889 
 17.00000 17.03012 
 21.00000 21.01084 
 20.00000 19.96061 
 17.00000 16.99320 
 18.00000 18.03141 
 21.00000 20.98814 
 19.00000 19.02234 
 19.00000 19.00354 
 20.00000 19.97275 
 21.00000 20.96195 
 20.00000 20.03437 
 21.00000 21.04472 
 20.00000 20.07057 
 22.00000 22.09381 
 17.00000 17.03546 
 19.00000 19.04704 
 20.00000 20.03539 
 20.00000 19.99899 
 18.00000 17.97385 
 21.00000 20.99373 
 22.00000 22.00909 
 18.00000 18.04419 
 22.00000 22.00519 
 22.00000 22.00802 
 22.00000 22.02068 
 21.00000 21.02989 
 22.00000 22.00179 
 23.00000 23.02589 
 22.00000 22.01009 
 22.00000 21.95974 
 20.00000 19.95358 
 21.00000 20.98825 
 18.00000 18.02079 
 20.00000 20.00301 
 21.00000 21.05280 
 20.00000 20.02759 
 19.00000 19.07637 
 23.00000 22.99871 
 20.00000 20.02409 
 19.00000 18.96224 
 19.00000 19.08434 
 19.00000 18.97684 
 17.00000 17.02068 
 22.00000 22.07120 
 22.00000 22.04602 
 17.00000 17.04310 
 19.00000 19.04549 
 21.00000 21.00100 
 21.00000 21.03049 
 20.00000 19.97939 
 19.00000 19.02635 
 20.00000 20.01945 
 18.00000 17.90909 
 22.00000 22.02957 
 21.00000 21.07753 
 19.00000 19.03817 
 19.00000 19.01624 
 21.00000 21.03295 
 20.00000 20.01844 
 18.00000 18.02609 
 20.00000 20.02004 
 18.00000 17.94738 
 18.00000 18.02833 
 21.00000 21.06785 
 19.00000 19.03743 
 20.00000 20.01696 
 17.00000 17.04448 
 17.00000 16.98488 
 18.00000 17.97287 
 19.00000 18.96254 
 18.00000 18.01864 
 18.00000 18.01238 
 22.00000 22.01894 
 18.00000 18.02356 
 20.00000 19.99882 
 19.00000 19.01708 
 18.00000 17.97974 
 21.00000 21.04430 
 21.00000 20.92007 
 18.00000 18.04226 
 20.00000 19.97961 
 19.00000 18.96778 
 23.00000 22.96840 
 23.00000 23.05419 
 18.00000 18.00375 
 18.00000 17.99596 
 17.00000 17.07174 
 22.00000 22.01786 
 21.00000 21.00409 
 23.00000 22.99786 
 22.00000 22.00014 
 17.00000 17.03505 
 23.00000 23.01584 
 18.00000 17.97803 
 20.00000 19.94181 
 23.00000 22.96670 
 17.00000 17.01739 
 18.00000 17.94069 
 19.00000 18.94168 
 20.00000 20.03687 
 21.00000 21.02679 
 19.00000 18.92780 
 20.00000 19.97787 
 22.00000 22.02178 
 21.00000 21.02870 
 22.00000 22.05868 
 19.00000 19.00521 
 17.00000 17.05271 
 19.00000 18.96110 
 21.00000 21.00093 
 22.00000 21.96672 
 21.00000 21.01247 
 19.00000 19.02213 
 18.00000 18.02553 
 17.00000 17.00528 
 21.00000 21.02541 
 20.00000 20.04582 
 20.00000 19.95846 
 22.00000 21.98504 
 18.00000 17.99857 
 23.00000 23.00682 
 20.00000 20.00912 
 18.00000 17.97119 
 17.00000 16.98510 
 22.00000 21.94641 
 19.00000 18.96587 
 20.00000 19.95409 
 19.00000 19.00933 
 20.00000 19.97952 
 17.00000 17.01611 
 22.00000 22.05208 
 18.00000 17.97639 
 21.00000 21.02413 
 18.00000 17.97838 
 19.00000 19.01946 
 22.00000 22.01653 
 18.00000 17.98081 
 20.00000 20.03064 
 20.00000 19.99689 
 17.00000 17.00338 
 19.00000 18.95284 
 18.00000 17.96018 
 19.00000 19.02452 
 22.00000 21.97527 
 19.00000 19.00738 
 19.00000 19.07177 
 22.00000 22.04293 
 20.00000 20.06220 
 22.00000 22.01288 
 21.00000 20.94978 
 21.00000 21.00019 
 21.00000 20.92516 
 22.00000 22.01961 
 20.00000 20.03294 
 18.00000 18.01967 
 18.00000 18.01957 
 19.00000 18.98476 
 19.00000 18.95613 
 17.00000 17.04675 
 22.00000 22.01344 
 17.00000 17.03548 
 22.00000 22.00188 
 21.00000 20.98041 
 21.00000 21.04664 
 18.00000 18.01129 
 21.00000 21.00082 
 21.00000 21.05597 
 20.00000 20.00492 
 18.00000 17.97987 
 22.00000 21.95132 
 22.00000 22.01175 
 19.00000 19.01112 
 17.00000 16.93994 
 21.00000 21.00216 
 20.00000 20.00616 
 20.00000 20.05021 
 23.00000 23.04692 
 20.00000 20.02871 
 19.00000 18.99418 
 20.00000 20.00694 
 23.00000 22.97998 
 20.00000 20.01466 
 22.00000 21.92627 
 19.00000 18.98289 
 18.00000 18.01800 
 21.00000 21.00272 
 17.00000 16.99365 
 20.00000 20.00830 
 19.00000 18.94747 
 22.00000 21.96636 
 17.00000 17.04908 
 22.00000 22.04554 
 22.00000 22.01022 
 20.00000 19.97270 
 20.00000 19.99393 
 21.00000 20.99878 
 20.00000 20.09658 
 22.00000 21.98081 
 17.00000 17.05043 
 23.00000 23.04098 
 21.00000 20.98100 
 19.00000 19.00307 
 20.00000 20.01691 
 20.00000 20.01557 
 17.00000 16.91660 
 22.00000 21.94262 
 19.00000 18.99210 
 17.00000 17.05095 
 19.00000 19.05785 
 22.00000 22.02366 
 21.00000 21.00048 
 22.00000 21.95533 
 23.00000 23.00305 
 21.00000 21.02099 
 21.00000 20.99860 
 17.00000 16.99690 
 20.00000 19.98273 
 22.00000 22.02442 
 22.00000 21.99363 
 20.00000 20.01001 
 20.00000 19.97957 
 20.00000 20.01382 
 21.00000 20.99170 
 20.00000 19.96890 
 22.00000 21.89571 
 21.00000 21.02433 
 22.00000 21.99053 
 22.00000 22.04037 
 21.00000 20.95454 
 20.00000 20.00884 
 19.00000 19.00229 
 22.00000 22.05135 
 21.00000 20.98451 
 18.00000 17.98261 
 22.00000 22.00699 
 21.00000 21.03183 
 22.00000 22.01017 
 18.00000 17.99367 
 22.00000 21.98652 
 22.00000 22.04862 
 22.00000 22.01398 
 18.00000 17.96478 
 21.00000 20.92555 
 21.00000 20.98176 
 22.00000 22.01276 
 18.00000 18.03069 
 20.00000 20.04592 
 21.00000 21.02793 
 19.00000 19.02225 
 18.00000 17.97560 
 23.00000 23.01914 
 21.00000 20.98032 
 20.00000 20.00998 
 19.00000 18.98614 
 21.00000 21.04076 
 20.00000 20.02780 
 21.00000 20.98345 
 21.00000 20.97716 
 23.00000 23.06832 
 17.00000 17.01477 
 23.00000 23.03681 
 20.00000 20.04576 
 19.00000 19.01368 
 21.00000 21.05201 
 22.00000 22.01188 
 20.00000 20.03410 
 19.00000 19.00738 
 19.00000 18.99965 
 22.00000 22.01022 
 20.00000 20.01270 
 23.00000 23.01205 
 20.00000 20.15010 
 20.00000 19.99667 
 20.00000 20.01674 
 23.00000 23.07001 
 21.00000 20.97302 
 19.00000 18.96346 
 22.00000 22.03783 
 19.00000 18.99128 
 21.00000 20.95783 
 19.00000 19.00434 
 22.00000 22.02656 
 22.00000 22.03957 
 17.00000 17.06429 
 21.00000 20.96171 
 17.00000 17.00020 
 21.00000 20.97815 
 20.00000 19.94785 
 22.00000 22.03093 
 19.00000 19.03415 
 18.00000 17.98156 
 18.00000 17.99853 
 23.00000 23.03148 
 23.00000 23.02876 
 19.00000 19.03727 
 23.00000 23.06715 
 21.00000 20.98270 
 18.00000 17.99076 
 22.00000 22.01742 
 18.00000 17.99439 
 19.00000 18.99857 
 21.00000 20.99656 
 23.00000 23.08300 
 20.00000 19.97568 
 19.00000 19.01603 
 21.00000 20.97188 
 21.00000 21.00707 
 19.00000 19.00877 
 20.00000 20.00589 
 20.00000 20.00894 
 18.00000 17.97797 
 21.00000 21.05083 
 18.00000 18.01633 
 19.00000 19.01325 
 17.00000 17.03716 
 18.00000 18.01332 
 19.00000 18.94675 
 19.00000 19.05275 
 21.00000 21.03235 
 19.00000 18.98895 
 23.00000 22.97000 
 22.00000 22.10133 
 21.00000 20.98319 
 22.00000 22.02081 
 19.00000 19.01524 
 20.00000 20.00706 
 17.00000 16.99622 
 20.00000 20.03279 
 17.00000 16.99836 
 18.00000 17.98966 
 23.00000 23.02734 
 21.00000 20.93006 
 20.00000 20.01957 
 18.00000 18.02517 
 20.00000 20.04434 
 20.00000 20.02129 
 21.00000 21.02319 
 21.00000 20.96299 
 19.00000 18.98636 
 21.00000 21.06800 
 23.00000 23.01543 
 21.00000 21.02842 
 19.00000 19.18103 
 18.00000 18.00181 
 22.00000 21.97249 
 18.00000 17.97639 
 21.00000 21.03556 
 17.00000 16.97162 
 21.00000 21.04934 
 21.00000 21.02466 
 21.00000 21.00340 
 20.00000 20.02849 
 22.00000 22.00918 
 23.00000 23.02555 
 18.00000 18.02458 
 17.00000 17.02278 
 23.00000 22.96774 
 18.00000 17.98796 
 20.00000 20.02082 
 21.00000 21.07319 
 22.00000 21.99800 
 19.00000 18.98696 
 21.00000 20.97958 
 22.00000 21.98294 
 18.00000 18.02463 
 19.00000 19.03044 
 18.00000 17.99630 
 17.00000 17.05410 
 21.00000 21.01518 
 20.00000 19.99090 
 17.00000 16.94243 
 17.00000 16.99614 
 22.00000 22.00112 
 21.00000 21.00442 
 18.00000 17.99904 
 21.00000 21.00846 
 22.00000 22.03988 
 18.00000 17.97623 
 22.00000 22.02176 
 21.00000 21.02053 
 23.00000 23.02837 
 17.00000 16.98563 
 21.00000 21.03338 
 18.00000 18.02014 
 22.00000 21.95161 
 21.00000 20.99589 
 22.00000 21.97492 
 21.00000 20.97178 
 23.00000 22.99807 
 23.00000 23.07088 
 18.00000 17.97730 
 23.00000 23.01196 
 22.00000 22.05851 
 20.00000 20.05883 
 18.00000 18.01527 
 19.00000 18.98717 
 23.00000 22.95988 
 23.00000 23.03994 
 18.00000 18.01063 
 21.00000 21.04445 
 18.00000 18.03733 
 22.00000 22.00513 
 21.00000 21.00327 
 22.00000 22.02970 
 23.00000 23.01262 
 18.00000 17.96584 
 22.00000 22.01462 
 18.00000 17.96021 
 23.00000 22.97731 
 19.00000 19.03981 
 17.00000 16.98590 
 22.00000 22.01875 
 18.00000 17.95626 
 21.00000 21.01041 
 21.00000 20.99482 
 18.00000 17.97447 
 18.00000 18.04444 
 20.00000 20.03151 
 23.00000 22.99543 
 20.00000 19.99853 
 18.00000 17.96634 
 18.00000 18.02982 
 21.00000 21.02754 
 19.00000 19.01346 
 23.00000 23.08865 
 21.00000 21.02000 
 18.00000 18.01210 
 19.00000 19.01850 
 19.00000 18.91932 
 18.00000 17.97872 
 20.00000 20.02510 
 20.00000 20.00000 
 17.00000 16.98345 
 23.00000 22.96790 
 20.00000 20.00433 
 19.00000 18.96995 
 22.00000 22.00841 
 21.00000 21.02913 
 19.00000 19.00549 
 18.00000 17.95102 
 22.00000 22.01809 
 23.00000 23.01036 
 21.00000 21.02441 
 23.00000 23.03657 
 18.00000 18.02711 
 21.00000 21.04430 
 18.00000 18.04863 
 21.00000 21.03161 
 21.00000 21.04952 
 22.00000 21.96749 
 21.00000 20.98148 
 19.00000 19.00030 
 19.00000 18.96239 
 18.00000 18.03514 
 20.00000 19.99381 
 18.00000 17.98850 
 22.00000 21.96924 
 22.00000 21.95766 
 17.00000 17.06438 
 21.00000 21.00983 
 19.00000 19.01711 
 21.00000 21.02516 
 19.00000 19.04213 
 21.00000 20.98385 
 18.00000 17.97407 
 21.00000 20.96866 
 18.00000 18.04129 
 21.00000 21.07037 
 22.00000 21.99759 
 19.00000 19.04647 
 20.00000 20.02832 
 21.00000 21.02078 
 20.00000 20.01644 
 20.00000 19.97768 
 21.00000 20.99733 
 18.00000 17.93946 
 20.00000 20.02805 
 19.00000 19.07927 
 21.00000 20.96453 
 17.00000 17.05678 
 18.00000 18.00775 
 20.00000 19.99984 
 19.00000 18.96352 
 22.00000 22.01757 
 21.00000 21.03814 
 20.00000 20.01439 
 18.00000 18.01376 
 20.00000 20.02399 
 18.00000 17.97934 
 19.00000 19.04255 
 21.00000 21.02352 
 22.00000 22.04672 
 19.00000 19.02784 
 21.00000 21.01075 
 22.00000 21.97567 
 20.00000 19.94049 
 19.00000 18.98260 
 22.00000 22.01449 
 22.00000 21.99087 
 18.00000 17.89116 
 21.00000 21.01813 
 19.00000 19.03846 
 20.00000 20.01995 
 17.00000 17.03374 
 21.00000 21.04139 
 19.00000 19.01327 
 19.00000 19.01415 
 23.00000 23.02546 
 22.00000 21.99855 
 19.00000 19.02857 
 21.00000 21.02025 
 20.00000 20.02617 
 19.00000 19.01554 
 20.00000 20.05924 
 18.00000 18.03539 
 20.00000 20.00674 
 21.00000 21.03767 
 18.00000 18.01001 
 17.00000 16.99621 
 19.00000 18.96839 
 21.00000 21.03025 
 20.00000 20.00824 
 19.00000 18.97244 
 22.00000 21.99417 
 19.00000 18.95174 
 17.00000 17.00185 
 20.00000 19.96860 
 20.00000 20.03033 
 17.00000 16.98676 
 19.00000 18.92069 
 22.00000 21.98726 
 23.00000 22.89422 
 20.00000 20.00522 
 18.00000 18.01135 
 18.00000 18.04896 
 19.00000 19.00729 
 20.00000 20.02804 
 21.00000 20.94939 
 21.00000 21.00925 
 18.00000 17.97563 
 20.00000 20.01639 
 19.00000 19.05237 
 20.00000 20.02982 
 22.00000 21.95793 
 22.00000 22.01150 
 20.00000 20.00343 
 21.00000 20.98891 
 19.00000 18.96228 
 21.00000 21.03257 
 22.00000 22.01142 
 21.00000 21.02103 
 20.00000 20.01090 
 20.00000 20.01367 
 22.00000 22.02813 
 19.00000 19.01060 
 22.00000 21.99905 
 21.00000 21.00619 
 21.00000 21.01321 
 21.00000 21.02197 
 17.00000 17.05049 
 21.00000 20.96434 
 20.00000 19.99904 
 23.00000 22.91990 
 18.00000 18.03744 
 21.00000 21.12656 
 19.00000 19.00708 
 18.00000 18.03069 
 21.00000 21.00826 
 20.00000 19.95539 
 21.00000 21.01110 
 18.00000 18.00402 
 18.00000 17.98938 
 23.00000 23.06990 
 22.00000 22.03362 
 20.00000 20.01724 
 21.00000 21.02305 
 19.00000 18.97998 
 20.00000 19.97604 
 22.00000 22.01475 
 17.00000 16.99012 
 18.00000 18.00421 
 17.00000 17.01990 
 23.00000 23.00598 
 21.00000 21.03851 
 22.00000 22.01000 
 20.00000 19.94554 
 23.00000 23.07328 
 18.00000 18.05711 
 20.00000 20.03790 
 20.00000 19.98211 
 20.00000 19.95878 
 21.00000 20.98124 
 23.00000 22.95074 
 19.00000 19.03290 
 19.00000 18.98473 
 22.00000 22.03985 
 22.00000 22.01348 
 21.00000 20.97844 
 22.00000 21.99708 
 22.00000 22.03032 
 19.00000 19.00930 
 22.00000 22.06101 
 20.00000 19.99665 
 18.00000 18.02263 
 20.00000 20.01931 
 22.00000 22.00804 
 22.00000 21.95330 
 22.00000 22.01392 
 19.00000 18.99212 
 17.00000 17.04452 
 21.00000 20.90304 
 19.00000 19.02764 
 21.00000 21.00670 
 20.00000 20.02034 
 19.00000 19.03671 
 21.00000 21.02267 
 20.00000 19.90656 
 21.00000 20.96150 
 22.00000 22.01718 
 20.00000 19.97927 
 21.00000 20.95370 
 18.00000 17.97485 
 21.00000 20.97482 
 20.00000 20.03360 
 19.00000 19.02097 
 20.00000 19.97753 
 22.00000 21.96881 
 21.00000 20.99726 
 23.00000 23.04294 
 18.00000 17.95100 
 21.00000 20.97590 
 21.00000 21.01464 
 18.00000 17.98124 
 20.00000 20.05717 
 20.00000 19.95495 
 21.00000 21.03249 
 18.00000 18.04967 
 21.00000 21.01782 
 19.00000 19.05107 
 19.00000 19.01325 
 17.00000 16.94917 
 21.00000 20.96551 
 22.00000 22.00498 
 20.00000 19.95927 
 21.00000 20.97588 
 22.00000 22.01078 
 18.00000 17.95769 
 18.00000 17.91200 
 20.00000 19.98106 
 18.00000 18.02567 
 22.00000 22.06119 
 18.00000 17.95990 
 20.00000 20.03297 
 18.00000 18.02602 
 18.00000 18.00172 
 18.00000 17.93485 
 20.00000 20.06160 
 19.00000 19.02243 
 20.00000 19.99108 
 21.00000 21.04250 
 21.00000 20.95375 
 21.00000 21.01660 
 18.00000 18.01440 
 19.00000 19.01625 
 19.00000 18.97628 
 18.00000 17.97522 
 22.00000 22.00697 
 22.00000 22.10752 
 21.00000 20.97731 
 17.00000 17.03249 
 19.00000 19.02859 
 20.00000 20.14329 
 19.00000 18.98832 
 22.00000 22.01715 
 19.00000 19.02459 
 21.00000 21.03950 
 22.00000 21.99792 
 19.00000 19.04122 
 22.00000 21.98371 
 22.00000 21.99168 
 20.00000 20.00587 
 21.00000 20.96048 
 20.00000 19.94393 
 20.00000 20.00317 
 21.00000 21.03370 
 17.00000 17.11269 
 22.00000 22.00362 
 21.00000 20.98779 
 19.00000 18.95731 
 20.00000 19.98622 
 21.00000 21.02215 
 18.00000 18.01960 
 18.00000 18.02096 
 18.00000 18.03122 
 23.00000 23.07101 
 22.00000 22.04083 
 21.00000 21.05295 
 19.00000 19.04918 
 20.00000 20.03733 
 22.00000 22.03217 
 20.00000 19.98152 
 21.00000 21.01587 
 19.00000 19.01588 
 19.00000 19.02014 
 22.00000 21.97533 
 19.00000 19.00016 
 23.00000 22.95099 
 21.00000 21.04502 
 20.00000 20.02885 
 22.00000 21.99536 
 22.00000 22.00920 
 23.00000 22.97036 
 23.00000 23.07387 
 21.00000 20.97949 
 18.00000 17.94963 
 18.00000 18.02621 
 21.00000 20.98124 
 21.00000 21.06615 
 18.00000 18.01327 
 21.00000 21.03164 
 18.00000 17.96974 
 19.00000 18.98566 
 17.00000 16.99044 
 19.00000 18.99484 
 22.00000 21.98330 
 18.00000 17.95155 
 22.00000 22.04080 
 22.00000 21.95868 
 21.00000 21.08196 
 21.00000 20.97979 
 22.00000 21.97348 
 20.00000 20.05478 
 18.00000 18.02173 
 22.00000 22.00552 
 21.00000 20.96156 
 21.00000 21.07847 
 23.00000 22.96617 
 19.00000 18.99264 
 22.00000 21.99865 
 18.00000 18.03877 
 22.00000 22.03087 
 22.00000 22.02287 
 21.00000 21.02660 
 21.00000 20.96903 
 22.00000 22.04165 
 20.00000 20.05552 
 20.00000 19.98504 
 22.00000 22.00231 
 22.00000 21.95185 
 23.00000 23.06549 
 20.00000 19.97438 
 22.00000 22.02308 
 22.00000 22.03207 
 17.00000 17.02208 
 20.00000 19.92222 
 22.00000 21.97432 
 22.00000 22.01397 
 19.00000 19.02819 
 18.00000 18.02484 
 22.00000 22.00250 
 23.00000 22.93150 
 21.00000 21.00024 
 18.00000 18.07957 
 19.00000 19.02683 
 18.00000 17.96472 
 21.00000 21.00791 
 20.00000 19.93634 
 21.00000 21.01532 
 21.00000 20.99694 
 18.00000 18.05441 
 21.00000 20.98281 
 23.00000 22.99028 
 21.00000 20.99281 
 19.00000 19.04963 
 23.00000 23.03789 
 18.00000 18.03125 
 21.00000 20.99583 
 19.00000 19.01513 
 18.00000 18.03854 
 17.00000 16.98712 
 20.00000 20.00298 
 22.00000 22.00693 
 20.00000 20.02444 
 18.00000 17.97833 
 20.00000 19.99341 
 23.00000 22.96997 
 20.00000 19.98216 
 20.00000 20.01311 
 19.00000 19.03922 
 21.00000 20.99737 
 22.00000 22.01040 
 20.00000 20.04159 
 20.00000 20.02104 
 20.00000 20.02959 
 21.00000 21.02507 
 19.00000 19.01480 
 21.00000 21.01093 
 19.00000 19.01237 
 22.00000 21.95475 
 22.00000 21.88765 
 23.00000 23.00076 
 17.00000 16.97937 
 18.00000 17.98544 
 21.00000 21.04174 
 19.00000 19.03082 
 19.00000 18.96670 
 18.00000 17.99981 
 18.00000 17.96877 
 22.00000 22.00952 
 20.00000 20.00279 
 19.00000 19.06529 
 21.00000 21.02583 
 19.00000 19.03696 
 22.00000 21.98834 
 18.00000 18.01414 
 23.00000 23.06938 
 21.00000 21.03799 
 19.00000 19.03211 
 22.00000 22.01714 
 20.00000 20.00106 
 19.00000 19.02008 
 18.00000 17.97059 
 22.00000 21.99526 
 21.00000 20.85282 
 23.00000 23.04708 
 21.00000 21.03167 
 21.00000 21.01591 
 20.00000 20.03069 
 22.00000 22.01020 
 20.00000 20.01635 
 17.00000 16.96443 
 20.00000 19.99399 
 22.00000 22.00760 
 18.00000 18.03020 
 19.00000 18.98242 
 20.00000 19.99629 
 17.00000 17.01437 
 22.00000 22.04119 
 22.00000 21.97730 
 19.00000 18.98682 
 20.00000 20.00696 
 18.00000 18.01609 
 19.00000 19.06773 
 22.00000 21.97465 
 19.00000 18.99515 
 20.00000 19.96068 
 19.00000 19.01878 
 21.00000 21.03966 
 19.00000 19.02363 
 18.00000 18.02348 
 21.00000 20.99663 
 17.00000 17.03010 
 19.00000 19.10115 
 19.00000 19.02925 
 20.00000 19.98154 
 22.00000 21.98759 
 21.00000 21.01715 
 18.00000 18.00371 
 22.00000 21.99628 
 19.00000 18.99342 
 18.00000 17.98464 
 21.00000 21.06481 
 19.00000 18.99880 
 21.00000 20.98106 
 17.00000 17.00354 
 18.00000 18.01198 
 21.00000 21.02586 
 20.00000 20.02848 
 20.00000 20.01513 
 17.00000 16.99669 
 21.00000 20.97425 
 17.00000 16.97905 
 23.00000 23.12928 
 19.00000 18.94005 
 22.00000 22.02919 
 22.00000 22.04804 
 22.00000 22.02067 
 20.00000 20.06159 
 21.00000 21.02191 
 18.00000 18.01942 
 22.00000 22.03354 
 21.00000 20.97572 
 21.00000 20.99688 
 19.00000 18.98387 
 19.00000 18.97505 
 20.00000 20.01681 
 22.00000 21.99159 
 21.00000 20.99832 
 18.00000 18.02865 
 21.00000 21.01560 
 17.00000 16.98395 
 21.00000 21.00912 
 20.00000 20.00098 
 22.00000 21.99220 
 21.00000 21.03374 
 18.00000 18.00140 
 18.00000 17.98351 
 23.00000 22.95328 
 20.00000 20.03285 
 19.00000 19.01366 
 21.00000 21.01917 
 17.00000 17.01664 
 19.00000 18.99512 
 19.00000 19.00110 
 19.00000 19.01364 
 19.00000 19.07978 
 22.00000 21.98390 
 17.00000 16.98799 
 23.00000 23.06337 
 21.00000 21.02397 
 20.00000 20.01291 
 20.00000 20.00834 
 23.00000 22.98497 
 20.00000 19.96126 
 21.00000 21.00479 
 17.00000 17.05101 
 21.00000 21.05346 
 19.00000 18.82723 
 18.00000 17.99985 
 22.00000 21.99364 
 20.00000 20.01303 
 21.00000 21.06774 
 22.00000 21.98316 
 18.00000 18.03665 
 23.00000 23.07630 
 18.00000 17.99480 
 22.00000 21.95532 
 21.00000 21.06275 
 18.00000 18.02278 
 18.00000 18.00931 
 20.00000 19.99310 
 19.00000 19.06107 
 18.00000 17.98342 
 19.00000 19.01796 
 19.00000 19.02969 
 22.00000 22.00528 
 21.00000 20.98136 
 19.00000 18.97900 
 18.00000 18.02695 
 18.00000 17.95316 
 21.00000 20.94724 
 19.00000 19.04048 
 22.00000 22.03219 
 21.00000 20.98369 
 20.00000 20.03868 
 22.00000 22.00007 
 21.00000 20.99360 
 22.00000 22.03469 
 20.00000 20.04726 
 20.00000 20.05721 
 20.00000 20.04064 
 22.00000 21.97516 
 20.00000 19.95304 
 20.00000 19.94563 
 18.00000 17.96417 
 17.00000 17.02557 
 18.00000 17.98543 
 22.00000 22.00428 
 18.00000 18.01390 
 22.00000 22.01887 
 21.00000 20.94265 
 22.00000 21.99513 
 21.00000 21.02593 
 18.00000 17.95905 
 23.00000 23.01816 
 21.00000 20.99662 
 19.00000 19.01347 
 18.00000 17.94357 
 18.00000 18.00617 
 22.00000 22.00614 
 20.00000 19.99966 
 19.00000 18.99703 
 18.00000 17.99846 
 22.00000 22.00613 
 17.00000 16.97251 
 23.00000 23.06264 
 21.00000 20.98988 
 22.00000 22.00163 
 21.00000 21.01072 
 18.00000 17.98730 
 23.00000 23.02028 
 17.00000 16.99929 
 21.00000 21.00164 
 18.00000 17.98648 
 21.00000 20.98674 
 19.00000 18.99436 
 19.00000 19.00047 
 20.00000 20.02697 
 20.00000 19.99200 
 20.00000 19.96062 
 23.00000 22.98709 
 18.00000 18.02296 
 20.00000 20.04972 
 21.00000 21.01556 
 20.00000 20.01393 
 19.00000 18.98826 
 18.00000 17.97346 
 18.00000 18.00406 
 22.00000 22.01265 
 23.00000 23.00073 
 22.00000 21.99892 
 22.00000 22.01858 
 23.00000 23.04846 
 18.00000 18.02115 
 23.00000 23.02941 
 21.00000 21.00230 
 19.00000 19.02642 
 23.00000 22.94945 
 19.00000 18.99143 
 19.00000 19.02849 
 17.00000 17.11248 
 17.00000 17.02042 
 22.00000 22.01859 
 20.00000 20.03344 
 18.00000 17.94405 
 17.00000 16.96436 
 21.00000 21.04989 
 23.00000 23.04743 
 23.00000 22.98987 
 18.00000 18.00410 
 23.00000 23.03213 
 18.00000 17.98948 
 19.00000 19.01082 
 19.00000 18.98020 
 19.00000 18.98827 
 18.00000 18.01643 
 19.00000 18.98197 
 18.00000 18.03926 
 19.00000 18.98063 
 18.00000 17.96066 
 19.00000 18.91096 
 18.00000 18.01444 
 23.00000 23.04171 
 20.00000 19.97644 
 17.00000 17.03171 
 23.00000 23.11966 
 21.00000 21.07031 
 21.00000 21.02151 
 20.00000 19.92338 
 22.00000 22.02420 
 18.00000 18.01590 
 23.00000 23.02828 
 21.00000 21.00217 
 20.00000 19.97196 
 21.00000 21.01493 
 17.00000 17.03526 
 21.00000 20.98599 
 18.00000 18.02780 
 17.00000 17.04854 
 18.00000 17.96777 
 21.00000 21.01915 
 22.00000 21.98348 
 22.00000 22.02158 
 19.00000 19.03605 
 21.00000 21.08450 
 18.00000 17.99791 
 18.00000 17.99660 
 19.00000 18.97548 
 22.00000 22.01965 
 17.00000 17.00560 
 22.00000 21.99729 
 18.00000 17.96983 
 20.00000 20.09842 
 19.00000 18.96998 
 21.00000 21.05816 
 21.00000 20.97428 
 21.00000 20.98908 
 20.00000 20.00792 
 22.00000 22.01962 
 23.00000 23.02361 
 22.00000 21.96843 
 22.00000 21.98369 
 22.00000 22.04552 
 19.00000 19.05774 
 23.00000 22.98341 
 19.00000 19.02227 
 21.00000 20.99698 
 21.00000 21.05090 
 20.00000 19.90084 
 20.00000 20.01625 
 21.00000 20.97762 
 17.00000 16.99561 
 17.00000 17.01330 
 20.00000 20.04176 
 22.00000 22.04352 
 19.00000 18.99960 
 22.00000 22.00559 
 22.00000 22.03603 
 19.00000 19.01738 
 21.00000 21.01127 
 21.00000 21.11357 
 20.00000 20.03500 
 23.00000 23.03400 
 23.00000 23.06784 
 18.00000 17.99212 
 21.00000 21.00743 
 21.00000 21.05237 
 18.00000 18.03862 
 18.00000 18.01288 
 19.00000 18.96475 
 19.00000 18.97584 
 20.00000 19.91917 
 19.00000 18.96732 
 18.00000 18.05876 
 22.00000 21.99253 
 22.00000 22.01100 
 23.00000 22.97355 
 18.00000 18.01156 
 19.00000 19.01174 
 17.00000 16.96309 
 20.00000 19.95632 
 19.00000 19.04723 
 18.00000 18.00655 
 17.00000 16.97497 
 19.00000 18.96152 
 21.00000 20.95515 
 22.00000 21.96104 
 20.00000 20.01452 
 18.00000 17.92215 
 20.00000 20.00702 
 21.00000 21.02516 
 22.00000 22.04227 
 20.00000 19.99109 
 18.00000 18.02576 
 22.00000 22.01036 
 22.00000 22.05776 
 20.00000 20.02751 
 22.00000 22.05091 
 20.00000 19.98381 
 20.00000 19.95023 
 21.00000 21.01531 
 17.00000 16.99702 
 18.00000 18.04301 
 17.00000 17.05820 
 18.00000 17.99849 
 19.00000 19.01403 
 19.00000 18.97519 
 23.00000 22.98174 
 22.00000 21.98769 
 17.00000 17.05030 
 21.00000 21.05547 
 18.00000 17.98051 
 19.00000 18.98828 
 23.00000 23.10706 
 21.00000 21.03204 
 19.00000 18.94138 
 17.00000 17.01809 
 18.00000 17.95671 
 19.00000 19.02003 
 22.00000 22.00639 
 22.00000 22.01545 
 21.00000 21.06259 
 22.00000 22.04584 
 22.00000 22.00939 
 22.00000 21.98656 
 22.00000 22.02081 
 21.00000 20.95583 
 19.00000 18.98787 
 17.00000 17.01614 
 21.00000 21.03255 
 22.00000 22.01565 
 19.00000 19.03089 
 22.00000 21.99766 
 22.00000 22.04747 
 22.00000 22.01002 
 22.00000 22.00064 
 21.00000 20.94918 
 19.00000 18.93536 
 22.00000 22.02481 
 23.00000 23.02610 
 20.00000 19.98615 
 18.00000 18.02044 
 19.00000 18.98147 
 20.00000 20.03985 
 20.00000 20.01085 
 18.00000 17.98105 
 23.00000 23.10745 
 20.00000 19.92518 
 19.00000 19.00810 
 20.00000 20.06567 
 22.00000 22.00769 
 20.00000 20.04766 
 23.00000 23.00465 
 18.00000 17.97803 
 20.00000 19.97036 
 21.00000 21.05671 
 21.00000 21.03318 
 22.00000 21.89858 
 20.00000 19.98886 
 19.00000 18.99691 
 19.00000 19.05636 
 22.00000 21.99689 
 17.00000 16.98475 
 19.00000 19.00120 
 21.00000 20.81478 
 19.00000 19.02213 
 19.00000 19.01949 
 22.00000 22.01428 
 18.00000 17.97177 
 22.00000 21.94368 
 20.00000 20.04891 
 18.00000 17.98859 
 18.00000 17.99798 
 22.00000 22.00934 
 19.00000 18.97076 
 19.00000 19.01737 
 17.00000 17.02476 
 22.00000 22.05762 
 18.00000 17.98531 
 19.00000 18.98595 
 23.00000 23.11932 
 20.00000 19.99166 
 21.00000 21.01527 
 20.00000 19.93312 
 19.00000 19.00930 
 18.00000 18.00595 
 18.00000 18.01800 
 19.00000 18.99323 
 19.00000 19.02827 
 21.00000 21.00399 
 20.00000 19.99770 
 23.00000 22.99686 
 21.00000 20.95780 
 18.00000 17.99618 
 20.00000 19.96022 
 20.00000 19.99938 
 20.00000 19.98393 
 18.00000 17.99673 
 20.00000 19.96525 
 22.00000 22.03424 
 23.00000 23.02077 
 17.00000 17.02795 
 21.00000 21.00900 
 19.00000 18.98799 
 22.00000 21.97850 
 21.00000 21.00352 
 22.00000 22.03377 
 22.00000 21.99791 
 23.00000 22.97703 
 18.00000 18.00426 
 18.00000 17.98110 
 18.00000 17.96347 
 21.00000 21.03006 
 22.00000 21.99459 
 20.00000 20.01237 
 23.00000 23.01342 
 20.00000 19.97782 
 23.00000 23.01471 
 22.00000 22.02215 
 17.00000 17.03672 
 20.00000 19.95826 
 21.00000 21.01308 
 20.00000 19.99680 
 21.00000 20.98416 
 18.00000 18.01693 
 22.00000 21.98370 
 21.00000 21.03453 
 20.00000 20.05807 
 20.00000 20.00198 
 21.00000 20.97610 
 18.00000 17.99682 
 20.00000 20.00339 
 20.00000 20.04817 
 22.00000 22.07298 
 22.00000 21.99878 
 18.00000 18.01556 
 20.00000 20.00258 
 18.00000 18.01912 
 21.00000 21.02018 
 18.00000 18.03390 
 19.00000 18.98175 
 18.00000 17.99778 
 18.00000 18.01017 
 18.00000 18.04897 
 19.00000 19.03538 
 18.00000 18.01185 
 22.00000 22.00029 
 21.00000 20.96718 
 21.00000 20.92962 
 18.00000 17.95629 
 20.00000 19.95862 
 19.00000 18.99832 
 17.00000 16.98814 
 22.00000 21.99888 
 20.00000 19.95086 
 19.00000 19.00466 
 22.00000 22.02732 
 22.00000 21.98530 
 22.00000 22.00669 
 20.00000 19.96018 
 21.00000 21.00021 
 18.00000 18.04161 
 17.00000 17.02555 
 23.00000 23.07673 
 18.00000 17.96448 
 19.00000 19.00618 
 23.00000 23.03876 
 19.00000 18.97585 
 21.00000 20.99518 
 21.00000 21.08561 
 21.00000 21.00782 
 22.00000 22.03423 
 18.00000 18.00674 
 17.00000 17.00922 
 20.00000 20.02189 
 20.00000 20.01730 
 23.00000 23.05904 
 18.00000 18.12910 
 21.00000 21.06562 
 22.00000 22.07604 
 19.00000 19.03440 
 18.00000 18.00177 
 18.00000 17.99272 
 21.00000 21.04156 
 20.00000 20.04303 
 22.00000 22.02272 
 21.00000 21.02668 
 19.00000 18.97516 
 18.00000 18.02415 
 18.00000 18.04362 
 22.00000 22.03453 
 18.00000 17.91123 
 22.00000 22.00783 
 23.00000 23.04628 
 19.00000 18.99760 
 21.00000 20.98868 
 21.00000 21.01163 
 17.00000 17.03133 
 21.00000 21.02213 
 22.00000 22.05457 
 22.00000 22.00269 
 17.00000 17.00075 
 22.00000 22.05070 
 22.00000 21.98267 
 22.00000 21.96390 
 19.00000 18.99637 
 19.00000 19.00461 
 21.00000 21.01941 
 19.00000 18.93701 
 17.00000 16.97829 
 20.00000 20.06511 
 20.00000 20.01555 
 22.00000 22.00154 
 19.00000 19.00943 
 19.00000 19.00108 
 21.00000 21.02837 
 22.00000 22.02028 
 22.00000 22.00804 
 19.00000 19.00266 
 20.00000 20.01032 
 20.00000 20.01578 
 21.00000 20.98887 
 20.00000 19.99556 
 23.00000 23.12027 
 22.00000 22.04392 
 21.00000 21.04807 
 18.00000 17.99512 
 18.00000 17.99080 
 21.00000 21.01787 
 22.00000 22.05137 
 21.00000 20.98247 
 19.00000 19.06069 
 17.00000 16.99272 
 23.00000 23.05036 
 18.00000 18.01190 
 22.00000 21.99343 
 17.00000 16.96938 
 21.00000 21.05921 
 19.00000 19.02393 
 23.00000 22.98094 
 18.00000 17.99243 
 19.00000 19.01274 
 19.00000 19.03411 
 22.00000 22.03271 
 23.00000 22.96717 
 18.00000 18.00441 
 18.00000 18.01282 
 21.00000 21.01520 
 22.00000 22.04905 
 18.00000 18.04004 
 21.00000 21.01301 
 22.00000 21.97611 
 21.00000 20.98430 
 22.00000 21.97002 
 23.00000 23.04050 
 20.00000 19.96285 
 23.00000 22.97346 
 18.00000 18.01705 
 21.00000 20.97899 
 17.00000 17.06154 
 18.00000 17.97088 
 23.00000 23.00433 
 23.00000 22.98574 
 22.00000 22.02844 
 20.00000 19.88985 
 21.00000 20.99613 
 18.00000 17.99017 
 20.00000 20.01676 
 21.00000 21.02150 
 18.00000 17.99747 
 22.00000 22.00989 
 19.00000 19.05309 
 20.00000 19.92826 
 22.00000 21.90888 
 17.00000 16.97998 
 22.00000 22.01217 
 21.00000 20.98423 
 21.00000 21.00312 
 20.00000 19.99410 
 22.00000 22.02667 
 22.00000 22.00713 
 17.00000 17.01748 
 18.00000 18.00152 
 22.00000 22.03845 
 19.00000 18.98803 
 17.00000 17.04228 
 23.00000 23.03490 
 19.00000 19.00886 
 20.00000 19.99513 
 22.00000 22.02330 
 20.00000 20.00586 
 20.00000 20.01466 
 18.00000 18.01917 
 21.00000 20.94141 
 19.00000 19.01403 
 23.00000 22.96696 
 18.00000 18.04744 
 20.00000 19.96031 
 20.00000 19.95691 
 18.00000 17.97275 
 20.00000 20.01115 
 23.00000 22.97873 
 19.00000 19.02139 
 19.00000 18.99521 
 21.00000 20.97577 
 21.00000 20.91771 
 17.00000 17.01729 
 21.00000 20.98113 
 22.00000 22.02044 
 23.00000 22.99862 
 19.00000 18.99624 
 22.00000 22.00563 
 21.00000 20.97199 
 22.00000 21.97207 
 21.00000 21.00708 
 21.00000 21.03709 
 21.00000 20.99807 
 21.00000 20.99211 
 21.00000 21.03398 
 22.00000 21.99756 
 18.00000 18.01810 
 20.00000 20.01680 
 21.00000 21.03030 
 20.00000 20.05600 
 21.00000 20.96315 
 19.00000 18.93944 
 20.00000 19.99618 
 22.00000 21.99576 
 21.00000 20.99746 
 20.00000 20.01193 
 21.00000 20.98879 
 23.00000 22.96561 
 18.00000 17.95516 
 17.00000 16.97035 
 21.00000 21.03964 
 19.00000 19.00488 
 21.00000 20.99037 
 21.00000 21.02984 
 21.00000 21.04115 
 20.00000 19.94779 
 20.00000 20.00472 
 17.00000 16.97626 
 20.00000 19.92277 
 22.00000 22.00479 
 22.00000 21.96652 
 21.00000 20.97046 
 19.00000 19.02508 
 17.00000 16.99279 
 23.00000 23.03551 
 18.00000 17.99060 
 21.00000 21.01988 
 21.00000 20.98209 
 17.00000 16.94760 
 18.00000 17.97484 
 22.00000 22.02055 
 19.00000 19.03097 
 19.00000 19.02587 
 17.00000 17.04234 
 19.00000 19.01235 
 20.00000 20.00994 
 18.00000 18.02819 
 18.00000 17.96491 
 18.00000 17.99583 
 20.00000 20.01658 
 21.00000 21.02017 
 22.00000 22.04056 
 22.00000 22.03582 
 22.00000 22.00455 
 21.00000 21.02241 
 21.00000 21.00614 
 21.00000 21.01402 
 21.00000 21.03248 
 20.00000 20.01873 
 22.00000 21.98694 
 22.00000 22.01926 
 22.00000 22.04506 
 23.00000 22.97458 
 22.00000 21.98945 
 22.00000 22.02815 
 21.00000 21.06081 
 21.00000 21.01573 
 23.00000 22.99972 
 22.00000 21.99800 
 20.00000 20.05181 
 17.00000 16.96541 
 19.00000 18.97997 
 20.00000 19.99912 
 17.00000 16.98814 
 21.00000 21.06108 
 19.00000 19.06614 
 21.00000 21.02427 
 18.00000 18.04713 
 22.00000 22.02301 
 19.00000 19.04395 
 21.00000 21.01506 
 19.00000 19.00327 
 20.00000 20.03298 
 20.00000 20.01244 
 19.00000 19.16849 
 21.00000 21.03164 
 22.00000 21.97805 
 19.00000 18.99753 
 19.00000 18.96555 
 20.00000 19.98754 
 21.00000 20.97392 
 19.00000 18.98490 
 20.00000 19.97728 
 22.00000 21.97625 
 21.00000 20.94827 
 18.00000 17.97522 
 17.00000 17.02198 
 17.00000 17.03346 
 20.00000 20.01616 
 20.00000 19.98422 
 20.00000 19.99284 
 22.00000 22.02690 
 19.00000 19.00373 
 21.00000 21.01910 
 18.00000 18.01207 
 19.00000 19.00520 
 22.00000 21.98913 
 22.00000 21.98902 
 21.00000 21.05009 
 20.00000 19.99257 
 19.00000 19.00054 
 23.00000 22.98327 
 20.00000 20.00190 
 18.00000 18.01748 
 19.00000 19.00963 
 17.00000 17.05067 
 21.00000 21.01839 
 22.00000 22.00523 
 19.00000 19.02399 
 21.00000 21.00509 
 19.00000 19.01891 
 21.00000 21.02540 
 21.00000 21.04171 
 22.00000 22.00483 
 19.00000 19.06066 
 17.00000 16.99217 
 19.00000 18.99709 
 21.00000 20.95526 
 19.00000 18.97761 
 17.00000 16.98733 
 19.00000 19.00165 
 22.00000 22.01053 
 18.00000 18.02065 
 20.00000 20.03694 
 17.00000 17.02099 
 18.00000 18.01703 
 21.00000 21.00537 
 23.00000 23.00717 
 21.00000 20.96067 
 20.00000 20.06849 
 20.00000 19.99085 
 23.00000 22.99838 
 22.00000 21.97336 
 18.00000 18.04010 
 17.00000 17.06944 
 23.00000 23.01419 
 20.00000 20.00992 
 17.00000 17.00805 
 21.00000 21.01182 
 17.00000 17.05925 
 23.00000 23.00565 
 22.00000 21.98581 
 19.00000 19.02172 
 17.00000 16.95562 
 22.00000 22.00785 
 19.00000 18.97992 
 19.00000 19.03543 
 23.00000 23.07645 
 20.00000 19.97109 
 23.00000 22.98817 
 20.00000 20.04065 
 20.00000 20.00785 
 23.00000 23.04084 
 22.00000 22.01333 
 18.00000 17.99246 
 21.00000 20.98770 
 19.00000 18.99634 
 22.00000 22.02603 
 19.00000 18.98949 
 22.00000 22.04278 
 22.00000 22.01640 
 22.00000 22.00710 
 20.00000 20.02720 
 20.00000 19.98238 
 20.00000 19.96671 
 19.00000 19.05511 
 20.00000 19.92502 
 18.00000 18.00396 
 23.00000 23.07751 
 20.00000 20.02517 
 17.00000 17.00318 
 19.00000 18.98535 
 19.00000 18.99163 
 22.00000 22.02605 
 21.00000 21.00790 
 19.00000 18.93722 
 21.00000 21.04115 
 18.00000 17.92577 
 17.00000 16.91325 
 21.00000 21.04166 
 22.00000 22.01795 
 22.00000 22.00672 
 17.00000 16.98962 
 23.00000 22.99635 
 18.00000 17.94889 
 19.00000 19.13424 
 21.00000 21.01986 
 22.00000 22.01301 
 19.00000 18.93667 
 22.00000 22.01471 
 17.00000 17.01467 
 20.00000 20.04592 
 21.00000 21.00043 
 22.00000 21.97976 
 20.00000 19.98739 
 19.00000 18.99326 
 18.00000 17.99260 
 20.00000 19.97101 
 21.00000 21.01472 
 22.00000 21.96253 
 19.00000 19.03545 
 19.00000 18.96175 
 18.00000 18.00804 
 17.00000 17.02718 
 22.00000 21.98193 
 18.00000 17.94174 
 22.00000 21.99275 
 20.00000 20.01695 
 19.00000 18.99137 
 19.00000 19.03495 
 18.00000 17.96712 
 19.00000 18.98197 
 21.00000 21.02985 
 21.00000 21.05375 
 23.00000 23.03561 
 20.00000 19.98019 
 20.00000 20.01613 
 23.00000 23.07227 
 20.00000 19.97967 
 23.00000 22.99702 
 19.00000 19.00467 
 19.00000 19.00811 
 22.00000 22.05043 
 18.00000 17.95623 
 21.00000 20.94800 
 18.00000 18.01460 
 20.00000 19.96015 
 19.00000 19.00469 
 21.00000 21.06150 
 21.00000 21.01166 
 21.00000 21.01640 
 18.00000 18.00424 
 18.00000 18.00777 
 19.00000 18.99467 
 21.00000 20.97047 
 18.00000 18.01673 
 18.00000 17.97320 
 21.00000 20.98065 
 22.00000 21.96749 
 19.00000 18.93471 
 19.00000 18.97564 
 19.00000 19.00297 
 19.00000 18.92781 
 17.00000 16.96993 
 22.00000 21.99301 
 19.00000 19.00580 
 22.00000 22.04487 
 22.00000 22.00006 
 21.00000 20.96730 
 22.00000 22.00011 
 18.00000 17.99349 
 17.00000 17.05141 
 22.00000 22.04264 
 21.00000 21.04210 
 22.00000 21.97814 
 21.00000 21.02504 
 22.00000 22.04184 
 18.00000 18.05013 
 20.00000 19.98135 
 18.00000 17.97684 
 23.00000 23.10845 
 19.00000 19.02784 
 19.00000 19.03045 
 19.00000 19.01401 
 18.00000 18.02868 
 19.00000 18.95379 
 22.00000 21.99575 
 21.00000 20.99537 
 21.00000 20.92967 
 19.00000 19.02416 
 20.00000 19.95759 
 21.00000 21.00342 
 22.00000 21.99558 
 21.00000 20.93366 
 18.00000 17.97811 
 23.00000 23.02663 
 22.00000 21.99863 
 23.00000 23.05411 
 21.00000 21.01804 
 22.00000 22.09533 
 18.00000 17.96969 
 20.00000 20.02095 
 20.00000 20.05013 
 19.00000 18.98091 
 22.00000 22.08074 
 20.00000 20.04944 
 21.00000 20.99445 
 21.00000 21.01496 
 22.00000 21.99455 
 20.00000 19.93636 
 20.00000 20.00205 
 19.00000 18.97168 
 23.00000 23.03731 
 19.00000 18.99110 
 22.00000 21.98823 
 22.00000 22.02483 
 18.00000 17.97336 
 21.00000 20.97992 
 23.00000 22.99629 
 20.00000 19.94152 
 21.00000 20.99829 
 21.00000 20.98511 
 21.00000 21.00210 
 22.00000 22.02622 
 18.00000 17.99589 
 18.00000 18.02729 
 20.00000 20.03848 
 18.00000 17.96948 
 22.00000 22.01083 
 20.00000 19.97086 
 22.00000 21.96968 
 20.00000 20.03101 
 17.00000 17.06586 
 19.00000 19.06770 
 21.00000 21.03773 
 23.00000 22.87256 
 21.00000 21.01175 
 19.00000 19.08538 
 21.00000 20.98325 
 21.00000 21.03881 
 18.00000 18.03399 
 18.00000 17.96824 
 19.00000 19.02457 
 22.00000 22.05288 
 18.00000 18.00694 
 22.00000 21.99185 
 22.00000 22.00669 
 22.00000 21.99457 
 22.00000 21.99599 
 19.00000 19.02001 
 18.00000 17.99724 
 20.00000 20.02763 
 18.00000 18.01886 
 17.00000 16.99191 
 19.00000 19.03464 
 20.00000 20.04650 
 22.00000 22.01225 
 22.00000 22.00037 
 21.00000 21.00496 
 20.00000 19.95056 
 23.00000 23.02049 
 22.00000 22.02598 
 22.00000 21.96742 
 17.00000 16.98840 
 18.00000 18.01156 
 20.00000 19.99121 
 21.00000 21.02845 
 17.00000 17.01605 
 18.00000 17.95419 
 20.00000 19.93938 
 21.00000 20.97051 
 20.00000 20.00660 
 22.00000 21.95076 
 23.00000 23.00057 
 21.00000 20.98204 
 18.00000 18.00220 
 23.00000 23.12844 
 21.00000 21.05619 
 23.00000 23.01442 
 17.00000 17.00680 
 18.00000 18.02900 
 19.00000 19.05274 
 22.00000 21.97998 
 19.00000 19.04911 
 20.00000 19.98261 
 22.00000 22.00880 
 22.00000 22.00664 
 21.00000 21.00623 
 19.00000 19.04876 
 21.00000 20.90523 
 19.00000 19.02087 
 23.00000 23.03286 
 20.00000 20.00997 
 22.00000 22.00346 
 18.00000 18.00691 
 21.00000 20.99485 
 20.00000 20.03247 
 20.00000 19.97763 
 18.00000 17.97569 
 17.00000 16.99479 
 17.00000 17.00593 
 22.00000 22.00180 
 23.00000 23.00202 
 20.00000 19.98467 
 22.00000 22.01635 
 22.00000 21.95397 
 20.00000 20.02752 
 22.00000 22.02520 
 23.00000 23.05371 
 19.00000 19.00021 
 20.00000 20.03188 
 20.00000 19.99575 
 20.00000 20.01779 
 18.00000 17.99343 
 19.00000 19.02763 
 22.00000 22.02951 
 20.00000 20.03238 
 23.00000 23.02517 
 19.00000 19.01811 
 19.00000 19.03306 
 21.00000 20.96778 
 21.00000 20.98437 
 19.00000 19.02314 
 20.00000 19.97006 
 20.00000 19.99355 
 17.00000 17.01595 
 20.00000 20.01785 
 19.00000 19.00642 
 22.00000 22.02038 
 22.00000 21.99820 
 17.00000 17.01241 
 17.00000 17.00024 
 22.00000 22.00255 
 19.00000 18.96930 
 17.00000 16.94802 
 18.00000 18.03236 
 22.00000 22.03118 
 20.00000 20.04088 
 21.00000 21.08220 
 17.00000 17.01100 
 22.00000 22.06265 
 22.00000 22.03798 
 18.00000 18.01662 
 19.00000 19.03249 
 18.00000 18.01378 
 19.00000 19.02972 
 21.00000 21.02369 
 19.00000 18.98604 
 21.00000 21.03645 
 20.00000 20.04206 
 18.00000 17.95998 
 21.00000 21.02534 
 21.00000 21.07061 
 17.00000 17.05477 
 22.00000 22.04843 
 19.00000 19.02335 
 20.00000 20.02726 
 19.00000 19.03110 
 21.00000 21.06319 
 23.00000 23.00405 
 22.00000 22.01065 
 20.00000 20.03105 
 18.00000 17.98051 
 20.00000 19.99869 
 21.00000 20.97935 
 22.00000 22.03269 
 20.00000 20.00818 
 18.00000 18.01775 
 22.00000 22.05123 
 20.00000 19.96883 
 19.00000 19.02558 
 22.00000 22.01229 
 21.00000 21.04699 
 19.00000 19.02193 
 22.00000 22.01141 
 19.00000 19.02312 
 19.00000 18.93537 
 22.00000 22.03402 
 22.00000 21.99853 
 18.00000 17.95289 
 23.00000 22.99722 
 20.00000 19.99634 
 20.00000 20.02516 
 19.00000 19.02365 
 21.00000 21.01885 
 21.00000 20.97869 
 23.00000 22.95896 
 21.00000 20.98232 
 21.00000 20.97424 
 21.00000 21.02124 
 19.00000 18.95972 
 23.00000 23.02260 
 23.00000 22.99715 
 18.00000 18.02041 
 21.00000 21.03529 
 20.00000 20.01397 
 19.00000 19.02478 
 19.00000 18.98863 
 22.00000 22.00894 
 19.00000 18.95470 
 19.00000 19.02315 
 20.00000 19.99769 
 21.00000 21.01902 
 17.00000 17.00290 
 18.00000 17.95497 
 19.00000 18.98356 
 21.00000 21.01685 
 21.00000 21.01053 
 17.00000 17.04335 
 20.00000 20.00595 
