  0.04500  0.61005  0.61010 
  0.14500  0.61004  0.61010 
  0.24500  0.60999  0.61005 
  0.34500  0.60995  0.61000 
  0.44500  0.60991  0.60996 
  0.54500  0.60984  0.60990 
  0.64500  0.60975  0.60980 
  0.74500  0.60967  0.60972 
  0.84500  0.60955  0.60962 
  0.94500  0.60944  0.60948 
  1.04500  0.60930  0.60936 
  1.14500  0.60915  0.60922 
  1.24500  0.60899  0.60905 
  1.34500  0.60882  0.60888 
  1.44500  0.60863  0.60870 
  1.54500  0.60844  0.60850 
  1.64500  0.60823  0.60829 
  1.74500  0.60799  0.60807 
  1.84500  0.60776  0.60782 
  1.94500  0.60750  0.60758 
  2.04500  0.60725  0.60732 
  2.14500  0.60697  0.60705 
  2.24500  0.60668  0.60676 
  2.34500  0.60637  0.60647 
  2.44500  0.60606  0.60615 
  2.54500  0.60573  0.60584 
  2.64500  0.60540  0.60551 
  2.74500  0.60504  0.60515 
  2.84500  0.60469  0.60480 
  2.94500  0.60432  0.60444 
  3.04500  0.60394  0.60406 
  3.14500  0.60356  0.60366 
  3.24500  0.60314  0.60326 
  3.34500  0.60273  0.60285 
  3.44500  0.60231  0.60243 
  3.54500  0.60186  0.60200 
  3.64500  0.60142  0.60156 
  3.74500  0.60097  0.60110 
  3.84500  0.60050  0.60064 
  3.94500  0.60003  0.60016 
  4.04500  0.59954  0.59970 
  4.14500  0.59904  0.59920 
  4.24500  0.59854  0.59870 
  4.34500  0.59803  0.59820 
  4.44500  0.59751  0.59765 
  4.54500  0.59698  0.59715 
  4.64500  0.59645  0.59660 
  4.74500  0.59590  0.59605 
  4.84500  0.59534  0.59551 
  4.94500  0.59479  0.59494 
  5.04500  0.59421  0.59437 
  5.14500  0.59363  0.59380 
  5.24500  0.59306  0.59322 
  5.34500  0.59246  0.59263 
  5.44500  0.59187  0.59203 
  5.54500  0.59127  0.59143 
  5.64500  0.59065  0.59082 
  5.74500  0.59005  0.59021 
  5.84500  0.58942  0.58959 
  5.94500  0.58880  0.58896 
  6.04500  0.58816  0.58832 
  6.14500  0.58752  0.58769 
  6.24500  0.58687  0.58704 
  6.34500  0.58622  0.58640 
  6.44500  0.58558  0.58573 
  6.54500  0.58492  0.58507 
  6.64500  0.58425  0.58443 
  6.74500  0.58359  0.58377 
  6.84500  0.58292  0.58308 
  6.94500  0.58226  0.58240 
  7.04500  0.58157  0.58173 
  7.14500  0.58088  0.58105 
  7.24500  0.58021  0.58037 
  7.34500  0.57953  0.57968 
  7.44500  0.57884  0.57899 
  7.54500  0.57815  0.57830 
  7.64500  0.57745  0.57760 
  7.74500  0.57675  0.57691 
  7.84500  0.57607  0.57621 
  7.94500  0.57537  0.57551 
  8.04500  0.57467  0.57481 
  8.14500  0.57397  0.57411 
  8.24500  0.57327  0.57341 
  8.34500  0.57256  0.57271 
  8.44500  0.57186  0.57200 
  8.54500  0.57116  0.57129 
  8.64500  0.57045  0.57059 
  8.74500  0.56975  0.56989 
  8.84500  0.56904  0.56918 
  8.94500  0.56835  0.56848 
  9.04500  0.56764  0.56777 
  9.14500  0.56693  0.56707 
  9.24500  0.56624  0.56637 
  9.34500  0.56554  0.56567 
  9.44500  0.56483  0.56497 
  9.54500  0.56414  0.56427 
  9.64500  0.56345  0.56357 
  9.74500  0.56275  0.56288 
  9.84500  0.56205  0.56218 
  9.94500  0.56137  0.56150 
 10.04500  0.56068  0.56080 
 10.14500  0.55999  0.56012 
 10.24500  0.55930  0.55943 
 10.34500  0.55862  0.55875 
 10.44500  0.55795  0.55807 
 10.54500  0.55728  0.55740 
 10.64500  0.55660  0.55673 
 10.74500  0.55593  0.55607 
 10.84500  0.55527  0.55540 
 10.94500  0.55460  0.55473 
 11.04500  0.55395  0.55407 
 11.14500  0.55328  0.55340 
 11.24500  0.55263  0.55277 
 11.34500  0.55199  0.55210 
 11.44500  0.55134  0.55147 
 11.54500  0.55071  0.55083 
 11.64500  0.55007  0.55020 
 11.74500  0.54944  0.54956 
 11.84500  0.54881  0.54894 
 11.94500  0.54818  0.54831 
 12.04500  0.54758  0.54770 
 12.14500  0.54696  0.54709 
 12.24500  0.54635  0.54647 
 12.34500  0.54575  0.54587 
 12.44500  0.54515  0.54527 
 12.54500  0.54456  0.54468 
 12.64500  0.54397  0.54410 
 12.74500  0.54339  0.54352 
 12.84500  0.54281  0.54294 
 12.94500  0.54224  0.54237 
 13.04500  0.54167  0.54180 
 13.14500  0.54112  0.54124 
 13.24500  0.54056  0.54068 
 13.34500  0.54001  0.54014 
 13.44500  0.53945  0.53959 
 13.54500  0.53892  0.53905 
 13.64500  0.53839  0.53852 
 13.74500  0.53787  0.53800 
 13.84500  0.53734  0.53746 
 13.94500  0.53684  0.53695 
 14.04500  0.53632  0.53645 
 14.14500  0.53581  0.53595 
 14.24500  0.53531  0.53545 
 14.34500  0.53482  0.53495 
 14.44500  0.53433  0.53445 
 14.54500  0.53385  0.53400 
 14.64500  0.53338  0.53350 
 14.74500  0.53291  0.53305 
 14.84500  0.53245  0.53258 
 14.94500  0.53200  0.53212 
 15.04500  0.53154  0.53168 
 15.14500  0.53110  0.53123 
 15.24500  0.53066  0.53079 
 15.34500  0.53022  0.53036 
 15.44500  0.52980  0.52993 
 15.54500  0.52937  0.52951 
 15.64500  0.52896  0.52910 
 15.74500  0.52854  0.52868 
 15.84500  0.52815  0.52828 
 15.94500  0.52775  0.52788 
 16.04500  0.52736  0.52750 
 16.14500  0.52697  0.52711 
 16.24500  0.52659  0.52673 
 16.34500  0.52621  0.52635 
 16.44500  0.52586  0.52599 
 16.54500  0.52548  0.52563 
 16.64500  0.52513  0.52527 
 16.74500  0.52478  0.52492 
 16.84500  0.52443  0.52458 
 16.94500  0.52409  0.52423 
 17.04500  0.52376  0.52389 
 17.14500  0.52344  0.52358 
 17.24500  0.52311  0.52325 
 17.34500  0.52279  0.52293 
 17.44500  0.52248  0.52262 
 17.54500  0.52217  0.52231 
 17.64500  0.52187  0.52201 
 17.74500  0.52157  0.52171 
 17.84500  0.52128  0.52143 
 17.94500  0.52100  0.52114 
 18.04500  0.52072  0.52086 
 18.14500  0.52044  0.52058 
 18.24500  0.52017  0.52031 
 18.34500  0.51990  0.52005 
 18.44500  0.51965  0.51978 
 18.54500  0.51938  0.51952 
 18.64500  0.51913  0.51928 
 18.74500  0.51889  0.51902 
 18.84500  0.51865  0.51880 
 18.94500  0.51842  0.51855 
 19.04500  0.51818  0.51832 
 19.14500  0.51796  0.51810 
 19.24500  0.51773  0.51788 
 19.34500  0.51751  0.51766 
 19.44500  0.51730  0.51744 
 19.54500  0.51709  0.51723 
 19.64500  0.51689  0.51703 
 19.74500  0.51669  0.51683 
 19.84500  0.51649  0.51663 
 19.94500  0.51630  0.51643 
 20.04500  0.51612  0.51625 
 20.14500  0.51592  0.51606 
 20.24500  0.51575  0.51588 
 20.34500  0.51558  0.51570 
 20.44500  0.51541  0.51554 
 20.54500  0.51524  0.51536 
 20.64500  0.51507  0.51520 
 20.74500  0.51492  0.51504 
 20.84500  0.51476  0.51487 
 20.94500  0.51460  0.51473 
 21.04500  0.51445  0.51456 
 21.14500  0.51430  0.51443 
 21.24500  0.51416  0.51427 
 21.34500  0.51403  0.51414 
 21.44500  0.51389  0.51400 
 21.54500  0.51376  0.51386 
 21.64500  0.51363  0.51374 
 21.74500  0.51350  0.51362 
 21.84500  0.51338  0.51348 
 21.94500  0.51326  0.51336 
 22.04500  0.51315  0.51324 
 22.14500  0.51302  0.51313 
 22.24500  0.51292  0.51301 
 22.34500  0.51281  0.51290 
 22.44500  0.51270  0.51279 
 22.54500  0.51260  0.51269 
 22.64500  0.51250  0.51258 
 22.74500  0.51241  0.51248 
 22.84500  0.51231  0.51239 
 22.94500  0.51222  0.51229 
 23.04500  0.51213  0.51220 
 23.14500  0.51202  0.51210 
 23.24500  0.51196  0.51202 
 23.34500  0.51186  0.51193 
 23.44500  0.51179  0.51185 
 23.54500  0.51172  0.51177 
 23.64500  0.51163  0.51170 
 23.74500  0.51157  0.51160 
 23.84500  0.51147  0.51153 
 23.94500  0.51142  0.51147 
 24.04500  0.51135  0.51140 
 24.14500  0.51128  0.51131 
 24.24500  0.51120  0.51126 
 24.34500  0.51116  0.51120 
 24.44500  0.51106  0.51112 
 24.54500  0.51103  0.51108 
 24.64500  0.51097  0.51100 
 24.74500  0.51090  0.51095 
 24.84500  0.51086  0.51090 
 24.94500  0.51080  0.51082 
 25.04500  0.51077  0.51080 
 25.14500  0.51069  0.51071 
 25.24500  0.51065  0.51070 
 25.34500  0.51061  0.51061 
 25.44500  0.51055  0.51060 
 25.54500  0.51051  0.51052 
 25.64500  0.51046  0.51050 
 25.74500  0.51041  0.51044 
 25.84500  0.51038  0.51040 
 25.94500  0.51034  0.51038 
 26.04500  0.51032  0.51030 
 26.14500  0.51025  0.51030 
 26.24500  0.51022  0.51024 
 26.34500  0.51018  0.51020 
 26.44500  0.51015  0.51020 
 26.54500  0.51011  0.51012 
 26.64500  0.51008  0.51010 
 26.74500  0.51004  0.51010 
 26.84500  0.51001  0.51002 
 26.94500  0.50997  0.51000 
 27.04500  0.50993  0.51000 
 27.14500  0.50990  0.50996 
 27.24500  0.50989  0.50990 
 27.34500  0.50986  0.50990 
 27.44500  0.50985  0.50990 
 27.54500  0.50984  0.50984 
 27.64500  0.50978  0.50980 
 27.74500  0.50977  0.50980 
 27.84500  0.50975  0.50980 
 27.94500  0.50970  0.50976 
 28.04500  0.50969  0.50970 
 28.14500  0.50968  0.50970 
 28.24500  0.50964  0.50970 
 28.34500  0.50962  0.50970 
 28.44500  0.50960  0.50964 
 28.54500  0.50957  0.50960 
 28.64500  0.50956  0.50960 
 28.74500  0.50955  0.50960 
 28.84500  0.50955  0.50960 
 28.94500  0.50952  0.50960 
 29.04500  0.50952  0.50951 
 29.14500  0.50951  0.50950 
 29.24500  0.50950  0.50950 
 29.34500  0.50946  0.50950 
 29.44500  0.50944  0.50950 
 29.54500  0.50944  0.50950 
 29.64500  0.50941  0.50949 
 29.74500  0.50937  0.50940 
 29.84500  0.50936  0.50940 
 29.94500  0.50936  0.50940 
 30.04500  0.50936  0.50940 
 30.14500  0.50935  0.50940 
 30.24500  0.50933  0.50940 
 30.34500  0.50933  0.50940 
 30.44500  0.50934  0.50940 
 30.54500  0.50933  0.50931 
 30.64500  0.50933  0.50930 
 30.74500  0.50930  0.50930 
 30.84500  0.50928  0.50930 
 30.94500  0.50926  0.50930 
 31.04500  0.50926  0.50930 
 31.14500  0.50926  0.50930 
 31.24500  0.50924  0.50930 
 31.34500  0.50923  0.50930 
 31.44500  0.50923  0.50930 
 31.54500  0.50923  0.50920 
 31.64500  0.50922  0.50920 
 31.74500  0.50923  0.50920 
 31.84500  0.50920  0.50920 
 31.94500  0.50919  0.50920 
 32.04500  0.50919  0.50920 
 32.14500  0.50919  0.50920 
 32.24500  0.50920  0.50920 
 32.34500  0.50918  0.50920 
 32.44500  0.50917  0.50920 
 32.54500  0.50916  0.50918 
 32.64500  0.50916  0.50910 
 32.74500  0.50916  0.50910 
 32.84500  0.50915  0.50910 
 32.94500  0.50914  0.50910 
 33.04500  0.50911  0.50910 
 33.14500  0.50911  0.50910 
 33.24500  0.50911  0.50910 
 33.34500  0.50910  0.50910 
 33.44500  0.50910  0.50910 
 33.54500  0.50910  0.50910 
 33.64500  0.50906  0.50902 
 33.74500  0.50904  0.50900 
 33.84500  0.50904  0.50900 
 33.94500  0.50903  0.50900 
 34.04500  0.50904  0.50900 
 34.14500  0.50901  0.50900 
 34.24500  0.50900  0.50900 
 34.34500  0.50900  0.50900 
 34.44500  0.50900  0.50900 
 34.54500  0.50899  0.50890 
 34.64500  0.50896  0.50890 
 34.74500  0.50893  0.50890 
 34.84500  0.50892  0.50890 
 34.94500  0.50891  0.50890 
 35.04500  0.50889  0.50890 
 35.14500  0.50888  0.50890 
 35.24500  0.50887  0.50883 
 35.34500  0.50887  0.50880 
 35.44500  0.50885  0.50880 
 35.54500  0.50883  0.50880 
 35.64500  0.50883  0.50880 
 35.74500  0.50882  0.50880 
 35.84500  0.50877  0.50873 
 35.94500  0.50875  0.50870 
 36.04500  0.50875  0.50870 
 36.14500  0.50871  0.50870 
 36.24500  0.50868  0.50870 
 36.34500  0.50867  0.50864 
 36.44500  0.50865  0.50860 
 36.54500  0.50862  0.50860 
 36.64500  0.50860  0.50860 
 36.74500  0.50857  0.50859 
 36.84500  0.50855  0.50850 
 36.94500  0.50855  0.50850 
 37.04500  0.50852  0.50850 
 37.14500  0.50850  0.50848 
 37.24500  0.50847  0.50840 
 37.34500  0.50840  0.50840 
 37.44500  0.50839  0.50840 
 37.54500  0.50836  0.50833 
 37.64500  0.50834  0.50830 
 37.74500  0.50831  0.50830 
 37.84500  0.50826  0.50824 
 37.94500  0.50824  0.50820 
 38.04500  0.50821  0.50820 
 38.14500  0.50817  0.50813 
 38.24500  0.50811  0.50810 
 38.34500  0.50808  0.50810 
 38.44500  0.50806  0.50800 
 38.54500  0.50802  0.50800 
 38.64500  0.50798  0.50794 
 38.74500  0.50792  0.50790 
 38.84500  0.50788  0.50787 
 38.94500  0.50784  0.50780 
 39.04500  0.50779  0.50779 
 39.14500  0.50777  0.50770 
 39.24500  0.50769  0.50769 
 39.34500  0.50764  0.50760 
 39.44500  0.50761  0.50758 
 39.54500  0.50755  0.50750 
 39.64500  0.50747  0.50746 
 39.74500  0.50742  0.50740 
 39.84500  0.50737  0.50733 
 39.94500  0.50732  0.50730 
 40.04500  0.50725  0.50720 
 40.14500  0.50719  0.50715 
 40.24500  0.50711  0.50710 
 40.34500  0.50706  0.50701 
 40.44500  0.50699  0.50695 
 40.54500  0.50693  0.50689 
 40.64500  0.50683  0.50680 
 40.74500  0.50679  0.50672 
 40.84500  0.50670  0.50665 
 40.94500  0.50663  0.50658 
 41.04500  0.50655  0.50650 
 41.14500  0.50646  0.50640 
 41.24500  0.50639  0.50632 
 41.34500  0.50629  0.50623 
 41.44500  0.50620  0.50614 
 41.54500  0.50611  0.50605 
 41.64500  0.50601  0.50595 
 41.74500  0.50593  0.50585 
 41.84500  0.50583  0.50575 
 41.94500  0.50573  0.50565 
 42.04500  0.50562  0.50554 
 42.14500  0.50552  0.50544 
 42.24500  0.50541  0.50533 
 42.34500  0.50528  0.50521 
 42.44500  0.50518  0.50508 
 42.54500  0.50506  0.50497 
 42.64500  0.50494  0.50485 
 42.74500  0.50482  0.50473 
 42.84500  0.50469  0.50459 
 42.94500  0.50456  0.50446 
 43.04500  0.50443  0.50433 
 43.14500  0.50430  0.50419 
 43.24500  0.50415  0.50405 
 43.34500  0.50401  0.50390 
 43.44500  0.50386  0.50375 
 43.54500  0.50371  0.50360 
 43.64500  0.50356  0.50345 
 43.74500  0.50340  0.50328 
 43.84500  0.50324  0.50312 
 43.94500  0.50307  0.50295 
 44.04500  0.50292  0.50278 
 44.14500  0.50274  0.50262 
 44.24500  0.50256  0.50244 
 44.34500  0.50237  0.50225 
 44.44500  0.50220  0.50207 
 44.54500  0.50201  0.50187 
 44.64500  0.50181  0.50169 
 44.74500  0.50162  0.50149 
 44.84500  0.50142  0.50129 
 44.94500  0.50120  0.50108 
 45.04500  0.50100  0.50087 
 45.14500  0.50078  0.50066 
 45.24500  0.50058  0.50043 
 45.34500  0.50034  0.50021 
 45.44500  0.50012  0.49998 
 45.54500  0.49989  0.49975 
 45.64500  0.49965  0.49951 
 45.74500  0.49940  0.49928 
 45.84500  0.49916  0.49902 
 45.94500  0.49890  0.49878 
 46.04500  0.49864  0.49851 
 46.14500  0.49839  0.49825 
 46.24500  0.49812  0.49799 
 46.34500  0.49784  0.49771 
 46.44500  0.49757  0.49744 
 46.54500  0.49729  0.49716 
 46.64500  0.49700  0.49687 
 46.74500  0.49671  0.49657 
 46.84500  0.49641  0.49628 
 46.94500  0.49612  0.49598 
 47.04500  0.49580  0.49567 
 47.14500  0.49549  0.49535 
 47.24500  0.49517  0.49504 
 47.34500  0.49484  0.49472 
 47.44500  0.49451  0.49438 
 47.54500  0.49418  0.49405 
 47.64500  0.49384  0.49372 
 47.74500  0.49349  0.49335 
 47.84500  0.49314  0.49301 
 47.94500  0.49278  0.49265 
 48.04500  0.49242  0.49229 
 48.14500  0.49204  0.49191 
 48.24500  0.49167  0.49154 
 48.34500  0.49129  0.49116 
 48.44500  0.49090  0.49077 
 48.54500  0.49050  0.49038 
 48.64500  0.49011  0.48998 
 48.74500  0.48970  0.48958 
 48.84500  0.48930  0.48917 
 48.94500  0.48888  0.48875 
 49.04500  0.48845  0.48833 
 49.14500  0.48803  0.48791 
 49.24500  0.48759  0.48747 
 49.34500  0.48715  0.48703 
 49.44500  0.48671  0.48659 
 49.54500  0.48625  0.48613 
 49.64500  0.48580  0.48568 
 49.74500  0.48533  0.48520 
 49.84500  0.48487  0.48475 
 49.94500  0.48439  0.48426 
 50.04500  0.48390  0.48380 
 50.14500  0.48342  0.48330 
 50.24500  0.48293  0.48280 
 50.34500  0.48243  0.48230 
 50.44500  0.48192  0.48180 
 50.54500  0.48141  0.48130 
 50.64500  0.48090  0.48078 
 50.74500  0.48036  0.48025 
 50.84500  0.47984  0.47973 
 50.94500  0.47931  0.47920 
 51.04500  0.47878  0.47865 
 51.14500  0.47822  0.47811 
 51.24500  0.47768  0.47756 
 51.34500  0.47712  0.47701 
 51.44500  0.47656  0.47644 
 51.54500  0.47599  0.47587 
 51.64500  0.47541  0.47530 
 51.74500  0.47484  0.47473 
 51.84500  0.47426  0.47414 
 51.94500  0.47367  0.47355 
 52.04500  0.47308  0.47296 
 52.14500  0.47248  0.47237 
 52.24500  0.47188  0.47176 
 52.34500  0.47127  0.47115 
 52.44500  0.47065  0.47054 
 52.54500  0.47004  0.46992 
 52.64500  0.46941  0.46930 
 52.74500  0.46879  0.46868 
 52.84500  0.46815  0.46804 
 52.94500  0.46752  0.46740 
 53.04500  0.46688  0.46677 
 53.14500  0.46624  0.46612 
 53.24500  0.46559  0.46547 
 53.34500  0.46494  0.46483 
 53.44500  0.46429  0.46417 
 53.54500  0.46362  0.46350 
 53.64500  0.46296  0.46283 
 53.74500  0.46230  0.46217 
 53.84500  0.46163  0.46150 
 53.94500  0.46096  0.46083 
 54.04500  0.46028  0.46017 
 54.14500  0.45960  0.45949 
 54.24500  0.45893  0.45880 
 54.34500  0.45823  0.45812 
 54.44500  0.45754  0.45743 
 54.54500  0.45687  0.45674 
 54.64500  0.45618  0.45606 
 54.74500  0.45549  0.45537 
 54.84500  0.45479  0.45467 
 54.94500  0.45409  0.45397 
 55.04500  0.45340  0.45327 
 55.14500  0.45270  0.45258 
 55.24500  0.45201  0.45188 
 55.34500  0.45130  0.45118 
 55.44500  0.45060  0.45047 
 55.54500  0.44990  0.44977 
 55.64500  0.44919  0.44907 
 55.74500  0.44850  0.44836 
 55.84500  0.44780  0.44766 
 55.94500  0.44709  0.44696 
 56.04500  0.44639  0.44625 
 56.14500  0.44569  0.44555 
 56.24500  0.44499  0.44485 
 56.34500  0.44429  0.44415 
 56.44500  0.44359  0.44345 
 56.54500  0.44290  0.44275 
 56.64500  0.44220  0.44205 
 56.74500  0.44150  0.44136 
 56.84500  0.44080  0.44067 
 56.94500  0.44012  0.43997 
 57.04500  0.43943  0.43928 
 57.14500  0.43874  0.43860 
 57.24500  0.43807  0.43791 
 57.34500  0.43738  0.43723 
 57.44500  0.43670  0.43656 
 57.54500  0.43603  0.43587 
 57.64500  0.43536  0.43520 
 57.74500  0.43470  0.43453 
 57.84500  0.43402  0.43387 
 57.94500  0.43337  0.43321 
 58.04500  0.43271  0.43257 
 58.14500  0.43206  0.43190 
 58.24500  0.43142  0.43127 
 58.34500  0.43078  0.43062 
 58.44500  0.43014  0.42999 
 58.54500  0.42952  0.42936 
 58.64500  0.42888  0.42874 
 58.74500  0.42827  0.42811 
 58.84500  0.42766  0.42750 
 58.94500  0.42705  0.42689 
 59.04500  0.42645  0.42629 
 59.14500  0.42586  0.42571 
 59.24500  0.42528  0.42512 
 59.34500  0.42469  0.42454 
 59.44500  0.42412  0.42397 
 59.54500  0.42355  0.42341 
 59.64500  0.42299  0.42285 
 59.74500  0.42244  0.42230 
 59.84500  0.42190  0.42175 
 59.94500  0.42137  0.42123 
 60.04500  0.42084  0.42070 
 60.14500  0.42033  0.42020 
 60.24500  0.41982  0.41970 
 60.34500  0.41932  0.41920 
 60.44500  0.41883  0.41870 
 60.54500  0.41835  0.41821 
 60.64500  0.41787  0.41775 
 60.74500  0.41742  0.41730 
 60.84500  0.41697  0.41684 
 60.94500  0.41652  0.41641 
 61.04500  0.41609  0.41598 
 61.14500  0.41567  0.41556 
 61.24500  0.41527  0.41516 
 61.34500  0.41486  0.41476 
 61.44500  0.41447  0.41437 
 61.54500  0.41409  0.41400 
 61.64500  0.41374  0.41364 
 61.74500  0.41337  0.41328 
 61.84500  0.41304  0.41295 
 61.94500  0.41270  0.41262 
 62.04500  0.41237  0.41229 
 62.14500  0.41207  0.41199 
 62.24500  0.41178  0.41170 
 62.34500  0.41149  0.41141 
 62.44500  0.41123  0.41115 
 62.54500  0.41096  0.41090 
 62.64500  0.41071  0.41065 
 62.74500  0.41048  0.41042 
 62.84500  0.41026  0.41020 
 62.94500  0.41006  0.40999 
 63.04500  0.40985  0.40980 
 63.14500  0.40967  0.40962 
 63.24500  0.40950  0.40945 
 63.34500  0.40935  0.40930 
 63.44500  0.40921  0.40915 
 63.54500  0.40908  0.40903 
 63.64500  0.40897  0.40892 
 63.74500  0.40885  0.40881 
 63.84500  0.40876  0.40872 
 63.94500  0.40869  0.40865 
 64.04500  0.40861  0.40860 
 64.14500  0.40858  0.40852 
 64.24500  0.40856  0.40850 
 64.34500  0.40854  0.40850 
