  0.04500  0.79629  0.79637 
  0.14500  0.79605  0.79611 
  0.24500  0.79554  0.79560 
  0.34500  0.79476  0.79483 
  0.44500  0.79373  0.79379 
  0.54500  0.79242  0.79248 
  0.64500  0.79087  0.79094 
  0.74500  0.78906  0.78910 
  0.84500  0.78699  0.78706 
  0.94500  0.78468  0.78477 
  1.04500  0.78214  0.78222 
  1.14500  0.77935  0.77943 
  1.24500  0.77632  0.77642 
  1.34500  0.77308  0.77316 
  1.44500  0.76960  0.76971 
  1.54500  0.76593  0.76602 
  1.64500  0.76204  0.76210 
  1.74500  0.75794  0.75806 
  1.84500  0.75367  0.75377 
  1.94500  0.74919  0.74929 
  2.04500  0.74456  0.74467 
  2.14500  0.73974  0.73986 
  2.24500  0.73477  0.73490 
  2.34500  0.72964  0.72978 
  2.44500  0.72439  0.72453 
  2.54500  0.71900  0.71914 
  2.64500  0.71349  0.71364 
  2.74500  0.70787  0.70802 
  2.84500  0.70216  0.70232 
  2.94500  0.69634  0.69652 
  3.04500  0.69045  0.69065 
  3.14500  0.68453  0.68470 
  3.24500  0.67853  0.67870 
  3.34500  0.67247  0.67269 
  3.44500  0.66641  0.66660 
  3.54500  0.66030  0.66051 
  3.64500  0.65420  0.65442 
  3.74500  0.64810  0.64832 
  3.84500  0.64200  0.64223 
  3.94500  0.63594  0.63620 
  4.04500  0.62990  0.63015 
  4.14500  0.62393  0.62420 
  4.24500  0.61800  0.61825 
  4.34500  0.61215  0.61240 
  4.44500  0.60637  0.60663 
  4.54500  0.60067  0.60094 
  4.64500  0.59507  0.59535 
  4.74500  0.58957  0.58987 
  4.84500  0.58422  0.58451 
  4.94500  0.57896  0.57928 
  5.04500  0.57386  0.57415 
  5.14500  0.56890  0.56920 
  5.24500  0.56407  0.56440 
  5.34500  0.55942  0.55973 
  5.44500  0.55492  0.55524 
  5.54500  0.55060  0.55092 
  5.64500  0.54645  0.54680 
  5.74500  0.54248  0.54282 
  5.84500  0.53869  0.53904 
  5.94500  0.53511  0.53545 
  6.04500  0.53172  0.53206 
  6.14500  0.52852  0.52886 
  6.24500  0.52551  0.52586 
  6.34500  0.52270  0.52305 
  6.44500  0.52010  0.52045 
  6.54500  0.51770  0.51806 
  6.64500  0.51549  0.51585 
  6.74500  0.51351  0.51385 
  6.84500  0.51170  0.51206 
  6.94500  0.51010  0.51046 
  7.04500  0.50872  0.50907 
  7.14500  0.50749  0.50786 
  7.24500  0.50647  0.50685 
  7.34500  0.50563  0.50599 
  7.44500  0.50498  0.50533 
  7.54500  0.50449  0.50486 
  7.64500  0.50419  0.50454 
  7.74500  0.50404  0.50440 
  7.84500  0.50404  0.50440 
  7.94500  0.50419  0.50456 
  8.04500  0.50450  0.50485 
  8.14500  0.50493  0.50528 
  8.24500  0.50547  0.50583 
  8.34500  0.50616  0.50651 
  8.44500  0.50695  0.50729 
  8.54500  0.50783  0.50816 
  8.64500  0.50880  0.50915 
  8.74500  0.50986  0.51018 
  8.84500  0.51096  0.51130 
  8.94500  0.51217  0.51248 
  9.04500  0.51340  0.51373 
  9.14500  0.51468  0.51499 
  9.24500  0.51600  0.51630 
  9.34500  0.51733  0.51763 
  9.44500  0.51869  0.51897 
  9.54500  0.52003  0.52033 
  9.64500  0.52138  0.52167 
  9.74500  0.52271  0.52299 
  9.84500  0.52401  0.52429 
  9.94500  0.52529  0.52555 
 10.04500  0.52651  0.52678 
 10.14500  0.52770  0.52796 
 10.24500  0.52882  0.52908 
 10.34500  0.52989  0.53015 
 10.44500  0.53088  0.53114 
 10.54500  0.53180  0.53203 
 10.64500  0.53263  0.53286 
 10.74500  0.53337  0.53360 
 10.84500  0.53401  0.53425 
 10.94500  0.53456  0.53480 
 11.04500  0.53501  0.53524 
 11.14500  0.53536  0.53558 
 11.24500  0.53559  0.53581 
 11.34500  0.53571  0.53593 
 11.44500  0.53573  0.53595 
 11.54500  0.53563  0.53585 
 11.64500  0.53542  0.53562 
 11.74500  0.53509  0.53531 
 11.84500  0.53466  0.53485 
 11.94500  0.53410  0.53432 
 12.04500  0.53343  0.53366 
 12.14500  0.53268  0.53290 
 12.24500  0.53183  0.53203 
 12.34500  0.53085  0.53105 
 12.44500  0.52979  0.53000 
 12.54500  0.52864  0.52884 
 12.64500  0.52740  0.52761 
 12.74500  0.52607  0.52629 
 12.84500  0.52468  0.52488 
 12.94500  0.52320  0.52343 
 13.04500  0.52169  0.52190 
 13.14500  0.52010  0.52031 
 13.24500  0.51847  0.51868 
 13.34500  0.51679  0.51701 
 13.44500  0.51508  0.51530 
 13.54500  0.51336  0.51357 
 13.64500  0.51159  0.51181 
 13.74500  0.50982  0.51005 
 13.84500  0.50805  0.50828 
 13.94500  0.50629  0.50652 
 14.04500  0.50454  0.50478 
 14.14500  0.50281  0.50304 
 14.24500  0.50112  0.50135 
 14.34500  0.49946  0.49969 
 14.44500  0.49785  0.49808 
 14.54500  0.49629  0.49651 
 14.64500  0.49479  0.49501 
 14.74500  0.49335  0.49357 
 14.84500  0.49197  0.49220 
 14.94500  0.49067  0.49093 
 15.04500  0.48947  0.48972 
 15.14500  0.48836  0.48862 
 15.24500  0.48735  0.48759 
 15.34500  0.48644  0.48669 
 15.44500  0.48563  0.48587 
 15.54500  0.48492  0.48517 
 15.64500  0.48433  0.48457 
 15.74500  0.48385  0.48411 
 15.84500  0.48349  0.48374 
 15.94500  0.48325  0.48349 
 16.04500  0.48313  0.48339 
 16.14500  0.48312  0.48338 
 16.24500  0.48322  0.48347 
 16.34500  0.48347  0.48372 
 16.44500  0.48381  0.48407 
 16.54500  0.48428  0.48453 
 16.64500  0.48486  0.48510 
 16.74500  0.48557  0.48580 
 16.84500  0.48636  0.48660 
 16.94500  0.48727  0.48751 
 17.04500  0.48827  0.48852 
 17.14500  0.48937  0.48961 
 17.24500  0.49056  0.49081 
 17.34500  0.49185  0.49207 
 17.44500  0.49320  0.49343 
 17.54500  0.49463  0.49485 
 17.64500  0.49614  0.49635 
 17.74500  0.49768  0.49791 
 17.84500  0.49930  0.49951 
 17.94500  0.50095  0.50115 
 18.04500  0.50263  0.50285 
 18.14500  0.50435  0.50457 
 18.24500  0.50610  0.50630 
 18.34500  0.50785  0.50805 
 18.44500  0.50961  0.50980 
 18.54500  0.51137  0.51157 
 18.64500  0.51312  0.51330 
 18.74500  0.51484  0.51503 
 18.84500  0.51655  0.51672 
 18.94500  0.51820  0.51838 
 19.04500  0.51981  0.52000 
 19.14500  0.52139  0.52158 
 19.24500  0.52292  0.52309 
 19.34500  0.52437  0.52453 
 19.44500  0.52575  0.52590 
 19.54500  0.52705  0.52720 
 19.64500  0.52827  0.52841 
 19.74500  0.52940  0.52955 
 19.84500  0.53044  0.53055 
 19.94500  0.53138  0.53152 
 20.04500  0.53220  0.53235 
 20.14500  0.53294  0.53307 
 20.24500  0.53355  0.53368 
 20.34500  0.53405  0.53419 
 20.44500  0.53444  0.53458 
 20.54500  0.53470  0.53484 
 20.64500  0.53485  0.53498 
 20.74500  0.53488  0.53500 
 20.84500  0.53480  0.53492 
 20.94500  0.53459  0.53471 
 21.04500  0.53426  0.53438 
 21.14500  0.53382  0.53395 
 21.24500  0.53326  0.53339 
 21.34500  0.53260  0.53272 
 21.44500  0.53182  0.53193 
 21.54500  0.53093  0.53105 
 21.64500  0.52995  0.53005 
 21.74500  0.52886  0.52899 
 21.84500  0.52769  0.52782 
 21.94500  0.52643  0.52656 
 22.04500  0.52510  0.52522 
 22.14500  0.52368  0.52380 
 22.24500  0.52220  0.52233 
 22.34500  0.52065  0.52078 
 22.44500  0.51905  0.51919 
 22.54500  0.51741  0.51755 
 22.64500  0.51574  0.51587 
 22.74500  0.51402  0.51416 
 22.84500  0.51229  0.51242 
 22.94500  0.51054  0.51068 
 23.04500  0.50878  0.50892 
 23.14500  0.50701  0.50716 
 23.24500  0.50528  0.50542 
 23.34500  0.50354  0.50369 
 23.44500  0.50184  0.50198 
 23.54500  0.50017  0.50032 
 23.64500  0.49855  0.49869 
 23.74500  0.49697  0.49711 
 23.84500  0.49545  0.49560 
 23.94500  0.49399  0.49413 
 24.04500  0.49259  0.49273 
 24.14500  0.49127  0.49142 
 24.24500  0.49004  0.49019 
 24.34500  0.48890  0.48904 
 24.44500  0.48785  0.48795 
 24.54500  0.48688  0.48703 
 24.64500  0.48603  0.48618 
 24.74500  0.48529  0.48544 
 24.84500  0.48465  0.48480 
 24.94500  0.48413  0.48427 
 25.04500  0.48372  0.48386 
 25.14500  0.48344  0.48358 
 25.24500  0.48326  0.48341 
 25.34500  0.48322  0.48333 
 25.44500  0.48327  0.48342 
 25.54500  0.48347  0.48360 
 25.64500  0.48376  0.48390 
 25.74500  0.48419  0.48431 
 25.84500  0.48473  0.48485 
 25.94500  0.48538  0.48550 
 26.04500  0.48613  0.48626 
 26.14500  0.48699  0.48712 
 26.24500  0.48798  0.48805 
 26.34500  0.48903  0.48915 
 26.44500  0.49018  0.49030 
 26.54500  0.49143  0.49154 
 26.64500  0.49276  0.49287 
 26.74500  0.49417  0.49426 
 26.84500  0.49564  0.49575 
 26.94500  0.49717  0.49726 
 27.04500  0.49875  0.49884 
 27.14500  0.50040  0.50048 
 27.24500  0.50206  0.50215 
 27.34500  0.50377  0.50386 
 27.44500  0.50551  0.50558 
 27.54500  0.50725  0.50732 
 27.64500  0.50902  0.50908 
 27.74500  0.51079  0.51085 
 27.84500  0.51254  0.51260 
 27.94500  0.51426  0.51432 
 28.04500  0.51598  0.51603 
 28.14500  0.51765  0.51771 
 28.24500  0.51929  0.51934 
 28.34500  0.52090  0.52093 
 28.44500  0.52244  0.52245 
 28.54500  0.52392  0.52394 
 28.64500  0.52532  0.52535 
 28.74500  0.52665  0.52668 
 28.84500  0.52792  0.52794 
 28.94500  0.52908  0.52910 
 29.04500  0.53015  0.53015 
 29.14500  0.53113  0.53115 
 29.24500  0.53200  0.53201 
 29.34500  0.53279  0.53279 
 29.44500  0.53344  0.53345 
 29.54500  0.53399  0.53400 
 29.64500  0.53441  0.53442 
 29.74500  0.53474  0.53473 
 29.84500  0.53494  0.53494 
 29.94500  0.53501  0.53500 
 30.04500  0.53498  0.53498 
 30.14500  0.53482  0.53482 
 30.24500  0.53455  0.53455 
 30.34500  0.53415  0.53414 
 30.44500  0.53364  0.53363 
 30.54500  0.53302  0.53300 
 30.64500  0.53228  0.53227 
 30.74500  0.53143  0.53143 
 30.84500  0.53049  0.53045 
 30.94500  0.52945  0.52944 
 31.04500  0.52832  0.52831 
 31.14500  0.52709  0.52708 
 31.24500  0.52579  0.52577 
 31.34500  0.52440  0.52440 
 31.44500  0.52295  0.52295 
 31.54500  0.52142  0.52142 
 31.64500  0.51985  0.51986 
 31.74500  0.51823  0.51822 
 31.84500  0.51656  0.51655 
 31.94500  0.51487  0.51486 
 32.04500  0.51314  0.51314 
 32.14500  0.51140  0.51140 
 32.24500  0.50964  0.50964 
 32.34500  0.50788  0.50788 
 32.44500  0.50613  0.50612 
 32.54500  0.50439  0.50440 
 32.64500  0.50266  0.50269 
 32.74500  0.50099  0.50100 
 32.84500  0.49935  0.49935 
 32.94500  0.49773  0.49775 
 33.04500  0.49621  0.49620 
 33.14500  0.49471  0.49472 
 33.24500  0.49329  0.49330 
 33.34500  0.49193  0.49195 
 33.44500  0.49067  0.49068 
 33.54500  0.48949  0.48950 
 33.64500  0.48839  0.48841 
 33.74500  0.48740  0.48742 
 33.84500  0.48650  0.48651 
 33.94500  0.48572  0.48573 
 34.04500  0.48503  0.48504 
 34.14500  0.48447  0.48447 
 34.24500  0.48401  0.48402 
 34.34500  0.48367  0.48368 
 34.44500  0.48345  0.48345 
 34.54500  0.48335  0.48335 
 34.64500  0.48337  0.48338 
 34.74500  0.48351  0.48351 
 34.84500  0.48377  0.48376 
 34.94500  0.48413  0.48412 
 35.04500  0.48463  0.48462 
 35.14500  0.48523  0.48522 
 35.24500  0.48593  0.48593 
 35.34500  0.48675  0.48676 
 35.44500  0.48768  0.48765 
 35.54500  0.48870  0.48869 
 35.64500  0.48983  0.48981 
 35.74500  0.49103  0.49103 
 35.84500  0.49233  0.49230 
 35.94500  0.49370  0.49367 
 36.04500  0.49517  0.49511 
 36.14500  0.49667  0.49662 
 36.24500  0.49823  0.49818 
 36.34500  0.49985  0.49980 
 36.44500  0.50150  0.50145 
 36.54500  0.50319  0.50315 
 36.64500  0.50492  0.50488 
 36.74500  0.50667  0.50660 
 36.84500  0.50842  0.50837 
 36.94500  0.51018  0.51012 
 37.04500  0.51195  0.51188 
 37.14500  0.51369  0.51361 
 37.24500  0.51540  0.51533 
 37.34500  0.51710  0.51702 
 37.44500  0.51875  0.51867 
 37.54500  0.52037  0.52028 
 37.64500  0.52194  0.52185 
 37.74500  0.52344  0.52335 
 37.84500  0.52489  0.52478 
 37.94500  0.52624  0.52613 
 38.04500  0.52753  0.52743 
 38.14500  0.52875  0.52862 
 38.24500  0.52985  0.52975 
 38.34500  0.53087  0.53075 
 38.44500  0.53178  0.53168 
 38.54500  0.53260  0.53247 
 38.64500  0.53331  0.53319 
 38.74500  0.53391  0.53378 
 38.84500  0.53439  0.53426 
 38.94500  0.53475  0.53462 
 39.04500  0.53500  0.53486 
 39.14500  0.53512  0.53500 
 39.24500  0.53514  0.53500 
 39.34500  0.53503  0.53490 
 39.44500  0.53480  0.53467 
 39.54500  0.53445  0.53432 
 39.64500  0.53399  0.53385 
 39.74500  0.53342  0.53328 
 39.84500  0.53272  0.53258 
 39.94500  0.53193  0.53180 
 40.04500  0.53102  0.53088 
 40.14500  0.53001  0.52987 
 40.24500  0.52893  0.52879 
 40.34500  0.52774  0.52759 
 40.44500  0.52646  0.52633 
 40.54500  0.52511  0.52497 
 40.64500  0.52368  0.52355 
 40.74500  0.52219  0.52205 
 40.84500  0.52065  0.52051 
 40.94500  0.51903  0.51890 
 41.04500  0.51738  0.51725 
 41.14500  0.51571  0.51557 
 41.24500  0.51399  0.51385 
 41.34500  0.51225  0.51211 
 41.44500  0.51050  0.51037 
 41.54500  0.50873  0.50860 
 41.64500  0.50697  0.50685 
 41.74500  0.50523  0.50510 
 41.84500  0.50352  0.50339 
 41.94500  0.50181  0.50168 
 42.04500  0.50015  0.50003 
 42.14500  0.49853  0.49840 
 42.24500  0.49695  0.49683 
 42.34500  0.49545  0.49532 
 42.44500  0.49399  0.49387 
 42.54500  0.49262  0.49250 
 42.64500  0.49132  0.49120 
 42.74500  0.49009  0.48998 
 42.84500  0.48896  0.48885 
 42.94500  0.48793  0.48785 
 43.04500  0.48699  0.48688 
 43.14500  0.48617  0.48604 
 43.24500  0.48543  0.48531 
 43.34500  0.48482  0.48471 
 43.44500  0.48431  0.48420 
 43.54500  0.48393  0.48382 
 43.64500  0.48366  0.48353 
 43.74500  0.48351  0.48339 
 43.84500  0.48348  0.48334 
 43.94500  0.48357  0.48344 
 44.04500  0.48377  0.48365 
 44.14500  0.48410  0.48396 
 44.24500  0.48454  0.48440 
 44.34500  0.48510  0.48495 
 44.44500  0.48575  0.48563 
 44.54500  0.48655  0.48640 
 44.64500  0.48744  0.48727 
 44.74500  0.48841  0.48825 
 44.84500  0.48949  0.48935 
 44.94500  0.49066  0.49051 
 45.04500  0.49192  0.49177 
 45.14500  0.49326  0.49310 
 45.24500  0.49467  0.49452 
 45.34500  0.49616  0.49600 
 45.44500  0.49771  0.49753 
 45.54500  0.49930  0.49913 
 45.64500  0.50095  0.50078 
 45.74500  0.50262  0.50245 
 45.84500  0.50433  0.50416 
 45.94500  0.50607  0.50590 
 46.04500  0.50783  0.50765 
 46.14500  0.50959  0.50940 
 46.24500  0.51136  0.51115 
 46.34500  0.51310  0.51290 
 46.44500  0.51484  0.51462 
 46.54500  0.51654  0.51632 
 46.64500  0.51821  0.51800 
 46.74500  0.51984  0.51962 
 46.84500  0.52141  0.52121 
 46.94500  0.52297  0.52275 
 47.04500  0.52440  0.52419 
 47.14500  0.52581  0.52560 
 47.24500  0.52714  0.52691 
 47.34500  0.52837  0.52814 
 47.44500  0.52953  0.52929 
 47.54500  0.53058  0.53035 
 47.64500  0.53154  0.53131 
 47.74500  0.53239  0.53216 
 47.84500  0.53316  0.53290 
 47.94500  0.53379  0.53354 
 48.04500  0.53432  0.53408 
 48.14500  0.53473  0.53448 
 48.24500  0.53502  0.53478 
 48.34500  0.53521  0.53496 
 48.44500  0.53526  0.53500 
 48.54500  0.53519  0.53495 
 48.64500  0.53500  0.53476 
 48.74500  0.53472  0.53447 
 48.84500  0.53429  0.53405 
 48.94500  0.53375  0.53351 
 49.04500  0.53310  0.53286 
 49.14500  0.53235  0.53211 
 49.24500  0.53149  0.53125 
 49.34500  0.53053  0.53025 
 49.44500  0.52947  0.52923 
 49.54500  0.52831  0.52808 
 49.64500  0.52706  0.52683 
 49.74500  0.52573  0.52550 
 49.84500  0.52432  0.52410 
 49.94500  0.52286  0.52265 
 50.04500  0.52133  0.52110 
 50.14500  0.51973  0.51951 
 50.24500  0.51810  0.51788 
 50.34500  0.51642  0.51620 
 50.44500  0.51471  0.51449 
 50.54500  0.51297  0.51275 
 50.64500  0.51122  0.51100 
 50.74500  0.50944  0.50922 
 50.84500  0.50767  0.50746 
 50.94500  0.50590  0.50570 
 51.04500  0.50417  0.50395 
 51.14500  0.50244  0.50223 
 51.24500  0.50074  0.50055 
 51.34500  0.49909  0.49888 
 51.44500  0.49747  0.49727 
 51.54500  0.49590  0.49570 
 51.64500  0.49441  0.49421 
 51.74500  0.49296  0.49277 
 51.84500  0.49160  0.49140 
 51.94500  0.49032  0.49013 
 52.04500  0.48912  0.48891 
 52.14500  0.48800  0.48781 
 52.24500  0.48699  0.48677 
 52.34500  0.48607  0.48587 
 52.44500  0.48525  0.48505 
 52.54500  0.48453  0.48433 
 52.64500  0.48394  0.48372 
 52.74500  0.48342  0.48321 
 52.84500  0.48304  0.48282 
 52.94500  0.48276  0.48256 
 53.04500  0.48259  0.48238 
 53.14500  0.48255  0.48230 
 53.24500  0.48259  0.48239 
 53.34500  0.48278  0.48256 
 53.44500  0.48307  0.48284 
 53.54500  0.48344  0.48322 
 53.64500  0.48393  0.48371 
 53.74500  0.48452  0.48429 
 53.84500  0.48522  0.48497 
 53.94500  0.48599  0.48574 
 54.04500  0.48685  0.48659 
 54.14500  0.48778  0.48755 
 54.24500  0.48879  0.48855 
 54.34500  0.48988  0.48961 
 54.44500  0.49102  0.49075 
 54.54500  0.49221  0.49194 
 54.64500  0.49345  0.49317 
 54.74500  0.49471  0.49444 
 54.84500  0.49603  0.49573 
 54.94500  0.49732  0.49704 
 55.04500  0.49865  0.49837 
 55.14500  0.49998  0.49970 
 55.24500  0.50131  0.50101 
 55.34500  0.50261  0.50231 
 55.44500  0.50388  0.50357 
 55.54500  0.50513  0.50480 
 55.64500  0.50630  0.50599 
 55.74500  0.50743  0.50711 
 55.84500  0.50850  0.50815 
 55.94500  0.50947  0.50915 
 56.04500  0.51037  0.51004 
 56.14500  0.51117  0.51083 
 56.24500  0.51186  0.51152 
 56.34500  0.51244  0.51210 
 56.44500  0.51291  0.51256 
 56.54500  0.51324  0.51288 
 56.64500  0.51342  0.51307 
 56.74500  0.51345  0.51310 
 56.84500  0.51334  0.51299 
 56.94500  0.51306  0.51271 
 57.04500  0.51263  0.51225 
 57.14500  0.51200  0.51165 
 57.24500  0.51119  0.51084 
 57.34500  0.51021  0.50985 
 57.44500  0.50905  0.50868 
 57.54500  0.50769  0.50734 
 57.64500  0.50612  0.50577 
 57.74500  0.50437  0.50401 
 57.84500  0.50240  0.50206 
 57.94500  0.50025  0.49990 
 58.04500  0.49788  0.49753 
 58.14500  0.49531  0.49495 
 58.24500  0.49255  0.49220 
 58.34500  0.48956  0.48923 
 58.44500  0.48639  0.48605 
 58.54500  0.48302  0.48268 
 58.64500  0.47944  0.47910 
 58.74500  0.47568  0.47536 
 58.84500  0.47173  0.47140 
 58.94500  0.46759  0.46727 
 59.04500  0.46328  0.46296 
 59.14500  0.45878  0.45848 
 59.24500  0.45414  0.45382 
 59.34500  0.44930  0.44902 
 59.44500  0.44434  0.44405 
 59.54500  0.43923  0.43893 
 59.64500  0.43397  0.43369 
 59.74500  0.42858  0.42830 
 59.84500  0.42309  0.42281 
 59.94500  0.41747  0.41720 
 60.04500  0.41173  0.41149 
 60.14500  0.40594  0.40568 
 60.24500  0.40004  0.39980 
 60.34500  0.39409  0.39380 
 60.44500  0.38807  0.38780 
 60.54500  0.38200  0.38177 
 60.64500  0.37589  0.37566 
 60.74500  0.36975  0.36954 
 60.84500  0.36360  0.36339 
 60.94500  0.35744  0.35724 
 61.04500  0.35130  0.35110 
 61.14500  0.34516  0.34498 
 61.24500  0.33906  0.33890 
 61.34500  0.33303  0.33283 
 61.44500  0.32702  0.32686 
 61.54500  0.32110  0.32093 
 61.64500  0.31524  0.31507 
 61.74500  0.30946  0.30932 
 61.84500  0.30381  0.30366 
 61.94500  0.29825  0.29810 
 62.04500  0.29281  0.29268 
 62.14500  0.28751  0.28738 
 62.24500  0.28235  0.28225 
 62.34500  0.27734  0.27725 
 62.44500  0.27250  0.27239 
 62.54500  0.26781  0.26772 
 62.64500  0.26333  0.26323 
 62.74500  0.25902  0.25892 
 62.84500  0.25491  0.25480 
 62.94500  0.25100  0.25092 
 63.04500  0.24731  0.24723 
 63.14500  0.24385  0.24377 
 63.24500  0.24061  0.24053 
 63.34500  0.23759  0.23752 
 63.44500  0.23482  0.23476 
 63.54500  0.23229  0.23223 
 63.64500  0.23003  0.22995 
 63.74500  0.22799  0.22793 
 63.84500  0.22623  0.22617 
 63.94500  0.22473  0.22468 
 64.04500  0.22348  0.22342 
 64.14500  0.22252  0.22246 
 64.24500  0.22180  0.22176 
 64.34500  0.22137  0.22131 
