  0.04500  0.54617  0.54680 
  0.14500  0.54618  0.54680 
  0.24500  0.54618  0.54680 
  0.34500  0.54619  0.54680 
  0.44500  0.54617  0.54680 
  0.54500  0.54614  0.54680 
  0.64500  0.54615  0.54680 
  0.74500  0.54614  0.54680 
  0.84500  0.54612  0.54680 
  0.94500  0.54613  0.54680 
  1.04500  0.54614  0.54680 
  1.14500  0.54612  0.54680 
  1.24500  0.54611  0.54680 
  1.34500  0.54612  0.54680 
  1.44500  0.54609  0.54671 
  1.54500  0.54605  0.54670 
  1.64500  0.54605  0.54670 
  1.74500  0.54605  0.54670 
  1.84500  0.54606  0.54670 
  1.94500  0.54602  0.54670 
  2.04500  0.54597  0.54662 
  2.14500  0.54597  0.54660 
  2.24500  0.54596  0.54660 
  2.34500  0.54597  0.54660 
  2.44500  0.54590  0.54659 
  2.54500  0.54588  0.54650 
  2.64500  0.54588  0.54650 
  2.74500  0.54586  0.54650 
  2.84500  0.54581  0.54648 
  2.94500  0.54578  0.54640 
  3.04500  0.54577  0.54640 
  3.14500  0.54575  0.54640 
  3.24500  0.54573  0.54633 
  3.34500  0.54570  0.54630 
  3.44500  0.54564  0.54630 
  3.54500  0.54563  0.54624 
  3.64500  0.54558  0.54620 
  3.74500  0.54556  0.54620 
  3.84500  0.54558  0.54613 
  3.94500  0.54549  0.54610 
  4.04500  0.54547  0.54610 
  4.14500  0.54543  0.54600 
  4.24500  0.54537  0.54600 
  4.34500  0.54535  0.54595 
  4.44500  0.54533  0.54590 
  4.54500  0.54527  0.54589 
  4.64500  0.54523  0.54580 
  4.74500  0.54520  0.54580 
  4.84500  0.54511  0.54571 
  4.94500  0.54511  0.54570 
  5.04500  0.54504  0.54563 
  5.14500  0.54501  0.54560 
  5.24500  0.54495  0.54554 
  5.34500  0.54491  0.54550 
  5.44500  0.54486  0.54544 
  5.54500  0.54482  0.54540 
  5.64500  0.54478  0.54533 
  5.74500  0.54469  0.54530 
  5.84500  0.54465  0.54522 
  5.94500  0.54460  0.54520 
  6.04500  0.54454  0.54510 
  6.14500  0.54449  0.54508 
  6.24500  0.54443  0.54500 
  6.34500  0.54437  0.54495 
  6.44500  0.54430  0.54490 
  6.54500  0.54424  0.54482 
  6.64500  0.54420  0.54478 
  6.74500  0.54415  0.54470 
  6.84500  0.54405  0.54464 
  6.94500  0.54401  0.54460 
  7.04500  0.54395  0.54450 
  7.14500  0.54390  0.54445 
  7.24500  0.54380  0.54440 
  7.34500  0.54375  0.54430 
  7.44500  0.54369  0.54425 
  7.54500  0.54362  0.54419 
  7.64500  0.54354  0.54410 
  7.74500  0.54348  0.54403 
  7.84500  0.54339  0.54397 
  7.94500  0.54333  0.54390 
  8.04500  0.54327  0.54381 
  8.14500  0.54316  0.54375 
  8.24500  0.54310  0.54368 
  8.34500  0.54304  0.54360 
  8.44500  0.54296  0.54351 
  8.54500  0.54289  0.54344 
  8.64500  0.54282  0.54337 
  8.74500  0.54273  0.54329 
  8.84500  0.54265  0.54320 
  8.94500  0.54256  0.54312 
  9.04500  0.54248  0.54304 
  9.14500  0.54241  0.54296 
  9.24500  0.54232  0.54288 
  9.34500  0.54223  0.54280 
  9.44500  0.54217  0.54270 
  9.54500  0.54208  0.54262 
  9.64500  0.54198  0.54254 
  9.74500  0.54191  0.54245 
  9.84500  0.54182  0.54236 
  9.94500  0.54173  0.54228 
 10.04500  0.54163  0.54219 
 10.14500  0.54154  0.54210 
 10.24500  0.54146  0.54200 
 10.34500  0.54136  0.54191 
 10.44500  0.54128  0.54181 
 10.54500  0.54119  0.54172 
 10.64500  0.54109  0.54163 
 10.74500  0.54100  0.54153 
 10.84500  0.54089  0.54144 
 10.94500  0.54080  0.54134 
 11.04500  0.54071  0.54124 
 11.14500  0.54061  0.54115 
 11.24500  0.54052  0.54105 
 11.34500  0.54041  0.54095 
 11.44500  0.54032  0.54085 
 11.54500  0.54022  0.54075 
 11.64500  0.54012  0.54064 
 11.74500  0.54002  0.54054 
 11.84500  0.53992  0.54044 
 11.94500  0.53981  0.54033 
 12.04500  0.53972  0.54023 
 12.14500  0.53960  0.54013 
 12.24500  0.53951  0.54002 
 12.34500  0.53941  0.53991 
 12.44500  0.53929  0.53981 
 12.54500  0.53919  0.53969 
 12.64500  0.53909  0.53958 
 12.74500  0.53897  0.53947 
 12.84500  0.53886  0.53936 
 12.94500  0.53874  0.53925 
 13.04500  0.53865  0.53914 
 13.14500  0.53854  0.53903 
 13.24500  0.53842  0.53892 
 13.34500  0.53831  0.53881 
 13.44500  0.53821  0.53868 
 13.54500  0.53808  0.53857 
 13.64500  0.53798  0.53846 
 13.74500  0.53786  0.53834 
 13.84500  0.53775  0.53823 
 13.94500  0.53763  0.53811 
 14.04500  0.53752  0.53798 
 14.14500  0.53740  0.53786 
 14.24500  0.53727  0.53775 
 14.34500  0.53716  0.53763 
 14.44500  0.53705  0.53750 
 14.54500  0.53693  0.53738 
 14.64500  0.53681  0.53726 
 14.74500  0.53669  0.53714 
 14.84500  0.53656  0.53702 
 14.94500  0.53645  0.53688 
 15.04500  0.53632  0.53676 
 15.14500  0.53618  0.53664 
 15.24500  0.53607  0.53652 
 15.34500  0.53594  0.53638 
 15.44500  0.53581  0.53625 
 15.54500  0.53570  0.53613 
 15.64500  0.53557  0.53600 
 15.74500  0.53543  0.53587 
 15.84500  0.53531  0.53574 
 15.94500  0.53519  0.53562 
 16.04500  0.53507  0.53547 
 16.14500  0.53492  0.53535 
 16.24500  0.53480  0.53522 
 16.34500  0.53467  0.53507 
 16.44500  0.53454  0.53495 
 16.54500  0.53440  0.53482 
 16.64500  0.53427  0.53467 
 16.74500  0.53414  0.53455 
 16.84500  0.53401  0.53441 
 16.94500  0.53388  0.53427 
 17.04500  0.53374  0.53414 
 17.14500  0.53362  0.53400 
 17.24500  0.53345  0.53386 
 17.34500  0.53333  0.53373 
 17.44500  0.53319  0.53357 
 17.54500  0.53306  0.53345 
 17.64500  0.53291  0.53331 
 17.74500  0.53279  0.53316 
 17.84500  0.53264  0.53303 
 17.94500  0.53250  0.53287 
 18.04500  0.53236  0.53274 
 18.14500  0.53222  0.53259 
 18.24500  0.53208  0.53245 
 18.34500  0.53193  0.53231 
 18.44500  0.53181  0.53216 
 18.54500  0.53166  0.53203 
 18.64500  0.53152  0.53187 
 18.74500  0.53138  0.53174 
 18.84500  0.53123  0.53157 
 18.94500  0.53108  0.53144 
 19.04500  0.53093  0.53129 
 19.14500  0.53079  0.53115 
 19.24500  0.53064  0.53099 
 19.34500  0.53049  0.53085 
 19.44500  0.53034  0.53069 
 19.54500  0.53021  0.53055 
 19.64500  0.53006  0.53040 
 19.74500  0.52991  0.53025 
 19.84500  0.52978  0.53010 
 19.94500  0.52961  0.52995 
 20.04500  0.52946  0.52979 
 20.14500  0.52932  0.52965 
 20.24500  0.52917  0.52949 
 20.34500  0.52902  0.52934 
 20.44500  0.52886  0.52918 
 20.54500  0.52872  0.52904 
 20.64500  0.52856  0.52887 
 20.74500  0.52841  0.52873 
 20.84500  0.52825  0.52856 
 20.94500  0.52810  0.52842 
 21.04500  0.52794  0.52825 
 21.14500  0.52779  0.52810 
 21.24500  0.52763  0.52795 
 21.34500  0.52748  0.52778 
 21.44500  0.52733  0.52764 
 21.54500  0.52717  0.52746 
 21.64500  0.52703  0.52732 
 21.74500  0.52686  0.52715 
 21.84500  0.52670  0.52700 
 21.94500  0.52655  0.52684 
 22.04500  0.52639  0.52668 
 22.14500  0.52623  0.52652 
 22.24500  0.52607  0.52636 
 22.34500  0.52592  0.52620 
 22.44500  0.52576  0.52604 
 22.54500  0.52561  0.52587 
 22.64500  0.52543  0.52572 
 22.74500  0.52526  0.52555 
 22.84500  0.52511  0.52539 
 22.94500  0.52497  0.52524 
 23.04500  0.52480  0.52506 
 23.14500  0.52463  0.52490 
 23.24500  0.52447  0.52474 
 23.34500  0.52431  0.52457 
 23.44500  0.52416  0.52442 
 23.54500  0.52399  0.52425 
 23.64500  0.52383  0.52408 
 23.74500  0.52366  0.52392 
 23.84500  0.52351  0.52375 
 23.94500  0.52334  0.52358 
 24.04500  0.52319  0.52342 
 24.14500  0.52302  0.52325 
 24.24500  0.52285  0.52308 
 24.34500  0.52269  0.52292 
 24.44500  0.52253  0.52275 
 24.54500  0.52236  0.52258 
 24.64500  0.52218  0.52242 
 24.74500  0.52203  0.52225 
 24.84500  0.52184  0.52208 
 24.94500  0.52170  0.52192 
 25.04500  0.52154  0.52175 
 25.14500  0.52137  0.52158 
 25.24500  0.52119  0.52141 
 25.34500  0.52103  0.52124 
 25.44500  0.52088  0.52106 
 25.54500  0.52070  0.52090 
 25.64500  0.52054  0.52074 
 25.74500  0.52036  0.52056 
 25.84500  0.52018  0.52038 
 25.94500  0.52002  0.52022 
 26.04500  0.51985  0.52005 
 26.14500  0.51968  0.51988 
 26.24500  0.51952  0.51970 
 26.34500  0.51935  0.51954 
 26.44500  0.51919  0.51936 
 26.54500  0.51903  0.51919 
 26.64500  0.51886  0.51902 
 26.74500  0.51869  0.51885 
 26.84500  0.51852  0.51867 
 26.94500  0.51836  0.51850 
 27.04500  0.51818  0.51834 
 27.14500  0.51801  0.51815 
 27.24500  0.51784  0.51798 
 27.34500  0.51767  0.51781 
 27.44500  0.51749  0.51764 
 27.54500  0.51732  0.51746 
 27.64500  0.51714  0.51728 
 27.74500  0.51698  0.51712 
 27.84500  0.51681  0.51694 
 27.94500  0.51664  0.51676 
 28.04500  0.51647  0.51659 
 28.14500  0.51629  0.51642 
 28.24500  0.51612  0.51625 
 28.34500  0.51596  0.51606 
 28.44500  0.51579  0.51589 
 28.54500  0.51562  0.51572 
 28.64500  0.51544  0.51555 
 28.74500  0.51526  0.51536 
 28.84500  0.51510  0.51519 
 28.94500  0.51492  0.51502 
 29.04500  0.51476  0.51484 
 29.14500  0.51458  0.51466 
 29.24500  0.51440  0.51448 
 29.34500  0.51423  0.51432 
 29.44500  0.51405  0.51414 
 29.54500  0.51388  0.51396 
 29.64500  0.51371  0.51378 
 29.74500  0.51354  0.51361 
 29.84500  0.51336  0.51344 
 29.94500  0.51318  0.51325 
 30.04500  0.51302  0.51308 
 30.14500  0.51283  0.51290 
 30.24500  0.51267  0.51273 
 30.34500  0.51250  0.51255 
 30.44500  0.51232  0.51236 
 30.54500  0.51215  0.51219 
 30.64500  0.51196  0.51202 
 30.74500  0.51180  0.51184 
 30.84500  0.51162  0.51166 
 30.94500  0.51145  0.51148 
 31.04500  0.51126  0.51131 
 31.14500  0.51111  0.51114 
 31.24500  0.51092  0.51095 
 31.34500  0.51074  0.51077 
 31.44500  0.51058  0.51060 
 31.54500  0.51039  0.51042 
 31.64500  0.51023  0.51025 
 31.74500  0.51005  0.51006 
 31.84500  0.50987  0.50989 
 31.94500  0.50970  0.50971 
 32.04500  0.50952  0.50954 
 32.14500  0.50936  0.50935 
 32.24500  0.50917  0.50918 
 32.34500  0.50900  0.50900 
 32.44500  0.50883  0.50883 
 32.54500  0.50866  0.50865 
 32.64500  0.50848  0.50846 
 32.74500  0.50831  0.50829 
 32.84500  0.50814  0.50812 
 32.94500  0.50796  0.50794 
 33.04500  0.50779  0.50776 
 33.14500  0.50761  0.50758 
 33.24500  0.50743  0.50741 
 33.34500  0.50725  0.50723 
 33.44500  0.50708  0.50705 
 33.54500  0.50691  0.50687 
 33.64500  0.50674  0.50670 
 33.74500  0.50655  0.50652 
 33.84500  0.50639  0.50635 
 33.94500  0.50621  0.50616 
 34.04500  0.50604  0.50599 
 34.14500  0.50586  0.50582 
 34.24500  0.50569  0.50564 
 34.34500  0.50552  0.50546 
 34.44500  0.50535  0.50528 
 34.54500  0.50518  0.50510 
 34.64500  0.50500  0.50493 
 34.74500  0.50482  0.50475 
 34.84500  0.50464  0.50458 
 34.94500  0.50449  0.50440 
 35.04500  0.50431  0.50423 
 35.14500  0.50413  0.50405 
 35.24500  0.50395  0.50387 
 35.34500  0.50380  0.50370 
 35.44500  0.50361  0.50352 
 35.54500  0.50345  0.50335 
 35.64500  0.50327  0.50316 
 35.74500  0.50310  0.50300 
 35.84500  0.50292  0.50282 
 35.94500  0.50276  0.50265 
 36.04500  0.50258  0.50246 
 36.14500  0.50241  0.50230 
 36.24500  0.50223  0.50212 
 36.34500  0.50207  0.50195 
 36.44500  0.50190  0.50176 
 36.54500  0.50173  0.50160 
 36.64500  0.50155  0.50142 
 36.74500  0.50139  0.50125 
 36.84500  0.50121  0.50107 
 36.94500  0.50105  0.50090 
 37.04500  0.50088  0.50073 
 37.14500  0.50071  0.50055 
 37.24500  0.50054  0.50038 
 37.34500  0.50037  0.50020 
 37.44500  0.50019  0.50004 
 37.54500  0.50002  0.49986 
 37.64500  0.49985  0.49968 
 37.74500  0.49969  0.49952 
 37.84500  0.49951  0.49935 
 37.94500  0.49935  0.49916 
 38.04500  0.49918  0.49900 
 38.14500  0.49901  0.49884 
 38.24500  0.49884  0.49865 
 38.34500  0.49867  0.49848 
 38.44500  0.49851  0.49832 
 38.54500  0.49833  0.49815 
 38.64500  0.49816  0.49797 
 38.74500  0.49800  0.49780 
 38.84500  0.49784  0.49764 
 38.94500  0.49767  0.49746 
 39.04500  0.49748  0.49730 
 39.14500  0.49731  0.49713 
 39.24500  0.49715  0.49695 
 39.34500  0.49698  0.49678 
 39.44500  0.49682  0.49662 
 39.54500  0.49666  0.49645 
 39.64500  0.49649  0.49628 
 39.74500  0.49633  0.49612 
 39.84500  0.49617  0.49595 
 39.94500  0.49601  0.49578 
 40.04500  0.49583  0.49562 
 40.14500  0.49567  0.49545 
 40.24500  0.49552  0.49528 
 40.34500  0.49536  0.49512 
 40.44500  0.49519  0.49495 
 40.54500  0.49503  0.49478 
 40.64500  0.49486  0.49462 
 40.74500  0.49469  0.49445 
 40.84500  0.49451  0.49428 
 40.94500  0.49437  0.49412 
 41.04500  0.49422  0.49395 
 41.14500  0.49404  0.49379 
 41.24500  0.49389  0.49364 
 41.34500  0.49373  0.49346 
 41.44500  0.49358  0.49330 
 41.54500  0.49341  0.49314 
 41.64500  0.49324  0.49298 
 41.74500  0.49307  0.49282 
 41.84500  0.49293  0.49265 
 41.94500  0.49277  0.49249 
 42.04500  0.49262  0.49234 
 42.14500  0.49245  0.49216 
 42.24500  0.49230  0.49202 
 42.34500  0.49215  0.49185 
 42.44500  0.49198  0.49169 
 42.54500  0.49183  0.49154 
 42.64500  0.49167  0.49136 
 42.74500  0.49149  0.49122 
 42.84500  0.49136  0.49105 
 42.94500  0.49120  0.49090 
 43.04500  0.49105  0.49074 
 43.14500  0.49089  0.49058 
 43.24500  0.49073  0.49044 
 43.34500  0.49059  0.49026 
 43.44500  0.49044  0.49012 
 43.54500  0.49028  0.48996 
 43.64500  0.49012  0.48981 
 43.74500  0.48997  0.48965 
 43.84500  0.48982  0.48950 
 43.94500  0.48966  0.48935 
 44.04500  0.48952  0.48919 
 44.14500  0.48935  0.48904 
 44.24500  0.48922  0.48888 
 44.34500  0.48906  0.48874 
 44.44500  0.48891  0.48857 
 44.54500  0.48877  0.48844 
 44.64500  0.48861  0.48827 
 44.74500  0.48847  0.48814 
 44.84500  0.48832  0.48797 
 44.94500  0.48817  0.48784 
 45.04500  0.48803  0.48767 
 45.14500  0.48788  0.48754 
 45.24500  0.48774  0.48737 
 45.34500  0.48759  0.48724 
 45.44500  0.48744  0.48709 
 45.54500  0.48731  0.48694 
 45.64500  0.48716  0.48679 
 45.74500  0.48701  0.48665 
 45.84500  0.48687  0.48651 
 45.94500  0.48672  0.48636 
 46.04500  0.48657  0.48622 
 46.14500  0.48644  0.48606 
 46.24500  0.48630  0.48593 
 46.34500  0.48616  0.48577 
 46.44500  0.48602  0.48564 
 46.54500  0.48588  0.48550 
 46.64500  0.48574  0.48536 
 46.74500  0.48559  0.48523 
 46.84500  0.48546  0.48507 
 46.94500  0.48532  0.48494 
 47.04500  0.48519  0.48480 
 47.14500  0.48505  0.48466 
 47.24500  0.48493  0.48453 
 47.34500  0.48478  0.48438 
 47.44500  0.48465  0.48425 
 47.54500  0.48451  0.48411 
 47.64500  0.48438  0.48397 
 47.74500  0.48424  0.48384 
 47.84500  0.48412  0.48371 
 47.94500  0.48397  0.48357 
 48.04500  0.48384  0.48344 
 48.14500  0.48371  0.48331 
 48.24500  0.48358  0.48317 
 48.34500  0.48346  0.48304 
 48.44500  0.48333  0.48291 
 48.54500  0.48320  0.48277 
 48.64500  0.48307  0.48265 
 48.74500  0.48295  0.48252 
 48.84500  0.48282  0.48238 
 48.94500  0.48269  0.48226 
 49.04500  0.48257  0.48214 
 49.14500  0.48244  0.48200 
 49.24500  0.48231  0.48187 
 49.34500  0.48220  0.48175 
 49.44500  0.48207  0.48163 
 49.54500  0.48195  0.48150 
 49.64500  0.48183  0.48137 
 49.74500  0.48170  0.48125 
 49.84500  0.48160  0.48113 
 49.94500  0.48147  0.48102 
 50.04500  0.48135  0.48088 
 50.14500  0.48122  0.48076 
 50.24500  0.48111  0.48065 
 50.34500  0.48099  0.48053 
 50.44500  0.48087  0.48041 
 50.54500  0.48076  0.48028 
 50.64500  0.48064  0.48017 
 50.74500  0.48053  0.48005 
 50.84500  0.48041  0.47994 
 50.94500  0.48031  0.47983 
 51.04500  0.48018  0.47971 
 51.14500  0.48008  0.47959 
 51.24500  0.47997  0.47948 
 51.34500  0.47985  0.47936 
 51.44500  0.47974  0.47925 
 51.54500  0.47965  0.47914 
 51.64500  0.47953  0.47903 
 51.74500  0.47943  0.47892 
 51.84500  0.47931  0.47882 
 51.94500  0.47921  0.47871 
 52.04500  0.47911  0.47859 
 52.14500  0.47900  0.47849 
 52.24500  0.47889  0.47838 
 52.34500  0.47880  0.47827 
 52.44500  0.47869  0.47817 
 52.54500  0.47858  0.47807 
 52.64500  0.47848  0.47796 
 52.74500  0.47838  0.47786 
 52.84500  0.47828  0.47776 
 52.94500  0.47818  0.47766 
 53.04500  0.47809  0.47755 
 53.14500  0.47798  0.47745 
 53.24500  0.47788  0.47736 
 53.34500  0.47779  0.47726 
 53.44500  0.47770  0.47716 
 53.54500  0.47760  0.47706 
 53.64500  0.47751  0.47697 
 53.74500  0.47741  0.47687 
 53.84500  0.47730  0.47678 
 53.94500  0.47723  0.47668 
 54.04500  0.47714  0.47659 
 54.14500  0.47703  0.47650 
 54.24500  0.47695  0.47640 
 54.34500  0.47687  0.47631 
 54.44500  0.47677  0.47622 
 54.54500  0.47668  0.47613 
 54.64500  0.47660  0.47604 
 54.74500  0.47653  0.47596 
 54.84500  0.47644  0.47587 
 54.94500  0.47634  0.47579 
 55.04500  0.47625  0.47570 
 55.14500  0.47617  0.47561 
 55.24500  0.47610  0.47553 
 55.34500  0.47601  0.47545 
 55.44500  0.47595  0.47537 
 55.54500  0.47585  0.47529 
 55.64500  0.47576  0.47520 
 55.74500  0.47570  0.47512 
 55.84500  0.47561  0.47505 
 55.94500  0.47552  0.47497 
 56.04500  0.47545  0.47490 
 56.14500  0.47537  0.47480 
 56.24500  0.47531  0.47474 
 56.34500  0.47523  0.47467 
 56.44500  0.47514  0.47460 
 56.54500  0.47509  0.47451 
 56.64500  0.47501  0.47445 
 56.74500  0.47495  0.47439 
 56.84500  0.47488  0.47430 
 56.94500  0.47480  0.47423 
 57.04500  0.47473  0.47418 
 57.14500  0.47467  0.47410 
 57.24500  0.47459  0.47402 
 57.34500  0.47455  0.47398 
 57.44500  0.47447  0.47390 
 57.54500  0.47441  0.47383 
 57.64500  0.47434  0.47379 
 57.74500  0.47427  0.47370 
 57.84500  0.47423  0.47365 
 57.94500  0.47415  0.47360 
 58.04500  0.47412  0.47351 
 58.14500  0.47405  0.47348 
 58.24500  0.47400  0.47340 
 58.34500  0.47393  0.47336 
 58.44500  0.47390  0.47330 
 58.54500  0.47381  0.47324 
 58.64500  0.47378  0.47320 
 58.74500  0.47371  0.47312 
 58.84500  0.47367  0.47310 
 58.94500  0.47362  0.47301 
 59.04500  0.47356  0.47300 
 59.14500  0.47350  0.47291 
 59.24500  0.47346  0.47290 
 59.34500  0.47341  0.47281 
 59.44500  0.47336  0.47280 
 59.54500  0.47334  0.47272 
 59.64500  0.47328  0.47270 
 59.74500  0.47327  0.47264 
 59.84500  0.47320  0.47260 
 59.94500  0.47317  0.47257 
 60.04500  0.47312  0.47250 
 60.14500  0.47308  0.47250 
 60.24500  0.47303  0.47242 
 60.34500  0.47301  0.47240 
 60.44500  0.47295  0.47238 
 60.54500  0.47295  0.47230 
 60.64500  0.47289  0.47230 
 60.74500  0.47283  0.47225 
 60.84500  0.47283  0.47220 
 60.94500  0.47280  0.47220 
 61.04500  0.47275  0.47215 
 61.14500  0.47274  0.47210 
 61.24500  0.47270  0.47210 
 61.34500  0.47268  0.47207 
 61.44500  0.47265  0.47200 
 61.54500  0.47260  0.47200 
 61.64500  0.47260  0.47200 
 61.74500  0.47259  0.47194 
 61.84500  0.47256  0.47190 
 61.94500  0.47251  0.47190 
 62.04500  0.47251  0.47190 
 62.14500  0.47252  0.47186 
 62.24500  0.47244  0.47180 
 62.34500  0.47244  0.47180 
 62.44500  0.47244  0.47180 
 62.54500  0.47243  0.47180 
 62.64500  0.47243  0.47177 
 62.74500  0.47237  0.47170 
 62.84500  0.47234  0.47170 
 62.94500  0.47236  0.47170 
 63.04500  0.47235  0.47170 
 63.14500  0.47236  0.47170 
 63.24500  0.47236  0.47170 
 63.34500  0.47229  0.47170 
 63.44500  0.47228  0.47162 
 63.54500  0.47229  0.47160 
 63.64500  0.47228  0.47160 
 63.74500  0.47227  0.47160 
 63.84500  0.47225  0.47160 
 63.94500  0.47226  0.47160 
 64.04500  0.47227  0.47160 
 64.14500  0.47225  0.47160 
 64.24500  0.47225  0.47160 
 64.34500  0.47225  0.47160 
