  0.04500  1.00001  1.00000 
  0.14500  1.00001  1.00000 
  0.24500  1.00001  1.00000 
  0.34500  1.00001  1.00000 
  0.44500  1.00001  1.00000 
  0.54500  1.00001  1.00000 
  0.64500  1.00000  1.00000 
  0.74500  1.00000  1.00000 
  0.84500  1.00000  1.00000 
  0.94500  1.00000  1.00000 
  1.04500  1.00001  1.00000 
  1.14500  1.00001  1.00000 
  1.24500  1.00001  1.00000 
  1.34500  1.00002  1.00000 
  1.44500  1.00001  1.00000 
  1.54500  1.00001  1.00000 
  1.64500  1.00000  1.00000 
  1.74500  1.00000  1.00000 
  1.84500  0.99997  1.00000 
  1.94500  0.99995  0.99991 
  2.04500  0.99990  0.99990 
  2.14500  0.99982  0.99979 
  2.24500  0.99966  0.99966 
  2.34500  0.99943  0.99943 
  2.44500  0.99906  0.99905 
  2.54500  0.99848  0.99848 
  2.64500  0.99758  0.99759 
  2.74500  0.99624  0.99624 
  2.84500  0.99428  0.99427 
  2.94500  0.99143  0.99143 
  3.04500  0.98745  0.98739 
  3.14500  0.98191  0.98186 
  3.24500  0.97441  0.97434 
  3.34500  0.96444  0.96438 
  3.44500  0.95150  0.95144 
  3.54500  0.93501  0.93499 
  3.64500  0.91450  0.91453 
  3.74500  0.88950  0.88956 
  3.84500  0.85969  0.85980 
  3.94500  0.82489  0.82497 
  4.04500  0.78513  0.78511 
  4.14500  0.74056  0.74043 
  4.24500  0.69160  0.69139 
  4.34500  0.63891  0.63867 
  4.44500  0.58336  0.58315 
  4.54500  0.52603  0.52595 
  4.64500  0.46812  0.46820 
  4.74500  0.41091  0.41112 
  4.84500  0.35561  0.35584 
  4.94500  0.30325  0.30346 
  5.04500  0.25473  0.25483 
  5.14500  0.21062  0.21062 
  5.24500  0.17135  0.17127 
  5.34500  0.13707  0.13699 
  5.44500  0.10776  0.10767 
  5.54500  0.08323  0.08320 
  5.64500  0.06315  0.06316 
  5.74500  0.04706  0.04711 
  5.84500  0.03443  0.03448 
  5.94500  0.02474  0.02481 
  6.04500  0.01746  0.01749 
  6.14500  0.01209  0.01215 
  6.24500  0.00825  0.00825 
  6.34500  0.00553  0.00554 
  6.44500  0.00365  0.00365 
  6.54500  0.00240  0.00239 
  6.64500  0.00162  0.00162 
  6.74500  0.00117  0.00118 
  6.84500  0.00101  0.00100 
  6.94500  0.00111  0.00111 
  7.04500  0.00148  0.00147 
  7.14500  0.00216  0.00217 
  7.24500  0.00328  0.00328 
  7.34500  0.00497  0.00497 
  7.44500  0.00745  0.00747 
  7.54500  0.01097  0.01101 
  7.64500  0.01592  0.01597 
  7.74500  0.02267  0.02272 
  7.84500  0.03169  0.03175 
  7.94500  0.04352  0.04358 
  8.04500  0.05867  0.05869 
  8.14500  0.07769  0.07767 
  8.24500  0.10104  0.10097 
  8.34500  0.12910  0.12900 
  8.44500  0.16209  0.16200 
  8.54500  0.20009  0.20007 
  8.64500  0.24299  0.24307 
  8.74500  0.29044  0.29063 
  8.84500  0.34188  0.34213 
  8.94500  0.39653  0.39675 
  9.04500  0.45335  0.45348 
  9.14500  0.51120  0.51118 
  9.24500  0.56882  0.56862 
  9.34500  0.62492  0.62469 
  9.44500  0.67844  0.67820 
  9.54500  0.72841  0.72826 
  9.64500  0.77415  0.77412 
  9.74500  0.81520  0.81524 
  9.84500  0.85127  0.85135 
  9.94500  0.88233  0.88241 
 10.04500  0.90853  0.90859 
 10.14500  0.93017  0.93016 
 10.24500  0.94763  0.94758 
 10.34500  0.96143  0.96136 
 10.44500  0.97211  0.97203 
 10.54500  0.98019  0.98014 
 10.64500  0.98620  0.98615 
 10.74500  0.99055  0.99051 
 10.84500  0.99365  0.99362 
 10.94500  0.99579  0.99580 
 11.04500  0.99727  0.99727 
 11.14500  0.99824  0.99824 
 11.24500  0.99884  0.99884 
 11.34500  0.99919  0.99920 
 11.44500  0.99935  0.99934 
 11.54500  0.99931  0.99930 
 11.64500  0.99910  0.99910 
 11.74500  0.99867  0.99868 
 11.84500  0.99795  0.99794 
 11.94500  0.99684  0.99685 
 12.04500  0.99516  0.99517 
 12.14500  0.99272  0.99272 
 12.24500  0.98926  0.98923 
 12.34500  0.98441  0.98435 
 12.44500  0.97775  0.97769 
 12.54500  0.96888  0.96881 
 12.64500  0.95722  0.95715 
 12.74500  0.94226  0.94221 
 12.84500  0.92347  0.92347 
 12.94500  0.90036  0.90041 
 13.04500  0.87258  0.87267 
 13.14500  0.83984  0.83994 
 13.24500  0.80210  0.80212 
 13.34500  0.75946  0.75939 
 13.44500  0.71226  0.71208 
 13.54500  0.66101  0.66075 
 13.64500  0.60653  0.60630 
 13.74500  0.54978  0.54965 
 13.84500  0.49195  0.49197 
 13.94500  0.43430  0.43448 
 14.04500  0.37808  0.37834 
 14.14500  0.32440  0.32462 
 14.24500  0.27421  0.27435 
 14.34500  0.22823  0.22827 
 14.44500  0.18693  0.18688 
 14.54500  0.15057  0.15047 
 14.64500  0.11924  0.11915 
 14.74500  0.09278  0.09272 
 14.84500  0.07092  0.07091 
 14.94500  0.05322  0.05326 
 15.04500  0.03925  0.03932 
 15.14500  0.02841  0.02847 
 15.24500  0.02020  0.02025 
 15.34500  0.01410  0.01414 
 15.44500  0.00967  0.00969 
 15.54500  0.00652  0.00654 
 15.64500  0.00433  0.00434 
 15.74500  0.00285  0.00284 
 15.84500  0.00191  0.00189 
 15.94500  0.00132  0.00133 
 16.04500  0.00105  0.00104 
 16.14500  0.00104  0.00104 
 16.24500  0.00129  0.00129 
 16.34500  0.00184  0.00184 
 16.44500  0.00277  0.00277 
 16.54500  0.00420  0.00417 
 16.64500  0.00632  0.00632 
 16.74500  0.00937  0.00940 
 16.84500  0.01370  0.01371 
 16.94500  0.01964  0.01970 
 17.04500  0.02765  0.02773 
 17.14500  0.03827  0.03832 
 17.24500  0.05199  0.05202 
 17.34500  0.06936  0.06935 
 17.44500  0.09086  0.09082 
 17.54500  0.11696  0.11687 
 17.64500  0.14789  0.14781 
 17.74500  0.18385  0.18380 
 17.84500  0.22476  0.22479 
 17.94500  0.27038  0.27054 
 18.04500  0.32025  0.32049 
 18.14500  0.37369  0.37394 
 18.24500  0.42975  0.42992 
 18.34500  0.48734  0.48737 
 18.44500  0.54520  0.54508 
 18.54500  0.60207  0.60185 
 18.64500  0.65678  0.65652 
 18.74500  0.70832  0.70813 
 18.84500  0.75587  0.75578 
 18.94500  0.79887  0.79890 
 19.04500  0.83702  0.83709 
 19.14500  0.87013  0.87023 
 19.24500  0.89833  0.89840 
 19.34500  0.92178  0.92180 
 19.44500  0.94090  0.94088 
 19.54500  0.95615  0.95610 
 19.64500  0.96805  0.96798 
 19.74500  0.97715  0.97709 
 19.84500  0.98394  0.98391 
 19.94500  0.98892  0.98889 
 20.04500  0.99250  0.99249 
 20.14500  0.99500  0.99499 
 20.24500  0.99673  0.99673 
 20.34500  0.99788  0.99789 
 20.44500  0.99863  0.99863 
 20.54500  0.99908  0.99908 
 20.64500  0.99930  0.99929 
 20.74500  0.99935  0.99935 
 20.84500  0.99920  0.99921 
 20.94500  0.99888  0.99889 
 21.04500  0.99830  0.99828 
 21.14500  0.99734  0.99733 
 21.24500  0.99594  0.99593 
 21.34500  0.99385  0.99382 
 21.44500  0.99083  0.99079 
 21.54500  0.98659  0.98655 
 21.64500  0.98074  0.98068 
 21.74500  0.97285  0.97276 
 21.84500  0.96238  0.96231 
 21.94500  0.94885  0.94879 
 22.04500  0.93169  0.93170 
 22.14500  0.91043  0.91046 
 22.24500  0.88459  0.88468 
 22.34500  0.85391  0.85402 
 22.44500  0.81825  0.81830 
 22.54500  0.77761  0.77757 
 22.64500  0.73223  0.73208 
 22.74500  0.68255  0.68234 
 22.84500  0.62930  0.62904 
 22.94500  0.57334  0.57317 
 23.04500  0.51582  0.51577 
 23.14500  0.45794  0.45805 
 23.24500  0.40098  0.40120 
 23.34500  0.34613  0.34638 
 23.44500  0.29439  0.29459 
 23.54500  0.24662  0.24669 
 23.64500  0.20332  0.20333 
 23.74500  0.16494  0.16485 
 23.84500  0.13153  0.13144 
 23.94500  0.10310  0.10302 
 24.04500  0.07939  0.07937 
 24.14500  0.06003  0.06006 
 24.24500  0.04459  0.04464 
 24.34500  0.03252  0.03258 
 24.44500  0.02330  0.02336 
 24.54500  0.01638  0.01644 
 24.64500  0.01132  0.01137 
 24.74500  0.00768  0.00770 
 24.84500  0.00514  0.00513 
 24.94500  0.00340  0.00339 
 25.04500  0.00224  0.00225 
 25.14500  0.00152  0.00151 
 25.24500  0.00113  0.00114 
 25.34500  0.00101  0.00100 
 25.44500  0.00115  0.00117 
 25.54500  0.00158  0.00156 
 25.64500  0.00233  0.00235 
 25.74500  0.00354  0.00353 
 25.84500  0.00535  0.00534 
 25.94500  0.00799  0.00799 
 26.04500  0.01173  0.01179 
 26.14500  0.01697  0.01701 
 26.24500  0.02407  0.02415 
 26.34500  0.03356  0.03363 
 26.44500  0.04593  0.04598 
 26.54500  0.06174  0.06175 
 26.64500  0.08148  0.08146 
 26.74500  0.10564  0.10556 
 26.84500  0.13454  0.13445 
 26.94500  0.16843  0.16836 
 27.04500  0.20731  0.20731 
 27.14500  0.25104  0.25115 
 27.24500  0.29925  0.29944 
 27.34500  0.35130  0.35154 
 27.44500  0.40642  0.40661 
 27.54500  0.46352  0.46362 
 27.64500  0.52141  0.52136 
 27.74500  0.57885  0.57866 
 27.84500  0.63458  0.63433 
 27.94500  0.68754  0.68731 
 28.04500  0.73680  0.73668 
 28.14500  0.78174  0.78175 
 28.24500  0.82192  0.82200 
 28.34500  0.85709  0.85720 
 28.44500  0.88729  0.88740 
 28.54500  0.91267  0.91271 
 28.64500  0.93352  0.93351 
 28.74500  0.95031  0.95026 
 28.84500  0.96353  0.96347 
 28.94500  0.97370  0.97365 
 29.04500  0.98139  0.98133 
 29.14500  0.98707  0.98701 
 29.24500  0.99117  0.99114 
 29.34500  0.99408  0.99407 
 29.44500  0.99609  0.99610 
 29.54500  0.99747  0.99744 
 29.64500  0.99836  0.99836 
 29.74500  0.99893  0.99893 
 29.84500  0.99922  0.99923 
 29.94500  0.99936  0.99935 
 30.04500  0.99928  0.99928 
 30.14500  0.99904  0.99905 
 30.24500  0.99857  0.99858 
 30.34500  0.99779  0.99779 
 30.44500  0.99659  0.99659 
 30.54500  0.99480  0.99478 
 30.64500  0.99221  0.99218 
 30.74500  0.98850  0.98848 
 30.84500  0.98337  0.98332 
 30.94500  0.97637  0.97630 
 31.04500  0.96703  0.96696 
 31.14500  0.95484  0.95478 
 31.24500  0.93924  0.93919 
 31.34500  0.91970  0.91974 
 31.44500  0.89580  0.89588 
 31.54500  0.86715  0.86725 
 31.64500  0.83355  0.83362 
 31.74500  0.79493  0.79495 
 31.84500  0.75147  0.75136 
 31.94500  0.70348  0.70330 
 32.04500  0.65162  0.65137 
 32.14500  0.59665  0.59643 
 32.24500  0.53962  0.53952 
 32.34500  0.48174  0.48178 
 32.44500  0.42426  0.42443 
 32.54500  0.36839  0.36865 
 32.64500  0.31527  0.31549 
 32.74500  0.26577  0.26591 
 32.84500  0.22058  0.22061 
 32.94500  0.18015  0.18008 
 33.04500  0.14468  0.14459 
 33.14500  0.11422  0.11412 
 33.24500  0.08859  0.08855 
 33.34500  0.06751  0.06751 
 33.44500  0.05051  0.05058 
 33.54500  0.03712  0.03719 
 33.64500  0.02677  0.02685 
 33.74500  0.01898  0.01903 
 33.84500  0.01321  0.01325 
 33.94500  0.00903  0.00904 
 34.04500  0.00606  0.00608 
 34.14500  0.00403  0.00403 
 34.24500  0.00265  0.00266 
 34.34500  0.00177  0.00177 
 34.44500  0.00126  0.00125 
 34.54500  0.00102  0.00103 
 34.64500  0.00106  0.00106 
 34.74500  0.00136  0.00136 
 34.84500  0.00197  0.00196 
 34.94500  0.00297  0.00297 
 35.04500  0.00450  0.00452 
 35.14500  0.00678  0.00681 
 35.24500  0.01004  0.01005 
 35.34500  0.01460  0.01466 
 35.44500  0.02090  0.02094 
 35.54500  0.02933  0.02941 
 35.64500  0.04045  0.04051 
 35.74500  0.05476  0.05483 
 35.84500  0.07282  0.07284 
 35.94500  0.09513  0.09507 
 36.04500  0.12205  0.12195 
 36.14500  0.15386  0.15378 
 36.24500  0.19070  0.19066 
 36.34500  0.23245  0.23250 
 36.44500  0.27887  0.27904 
 36.54500  0.32944  0.32969 
 36.64500  0.38340  0.38366 
 36.74500  0.43983  0.43999 
 36.84500  0.49755  0.49756 
 36.94500  0.55532  0.55519 
 37.04500  0.61190  0.61167 
 37.14500  0.66613  0.66589 
 37.24500  0.71700  0.71682 
 37.34500  0.76380  0.76373 
 37.44500  0.80597  0.80600 
 37.54500  0.84321  0.84331 
 37.64500  0.87547  0.87555 
 37.74500  0.90278  0.90286 
 37.84500  0.92546  0.92546 
 37.94500  0.94386  0.94384 
 38.04500  0.95848  0.95841 
 38.14500  0.96985  0.96979 
 38.24500  0.97849  0.97843 
 38.34500  0.98494  0.98489 
 38.44500  0.98964  0.98961 
 38.54500  0.99300  0.99300 
 38.64500  0.99535  0.99536 
 38.74500  0.99697  0.99696 
 38.84500  0.99804  0.99803 
 38.94500  0.99872  0.99873 
 39.04500  0.99912  0.99913 
 39.14500  0.99932  0.99932 
 39.24500  0.99934  0.99933 
 39.34500  0.99916  0.99917 
 39.44500  0.99880  0.99880 
 39.54500  0.99816  0.99816 
 39.64500  0.99715  0.99715 
 39.74500  0.99563  0.99562 
 39.84500  0.99338  0.99337 
 39.94500  0.99017  0.99016 
 40.04500  0.98569  0.98565 
 40.14500  0.97951  0.97945 
 40.24500  0.97120  0.97113 
 40.34500  0.96024  0.96018 
 40.44500  0.94609  0.94606 
 40.54500  0.92826  0.92825 
 40.64500  0.90621  0.90626 
 40.74500  0.87954  0.87963 
 40.84500  0.84799  0.84808 
 40.94500  0.81144  0.81148 
 41.04500  0.76993  0.76988 
 41.14500  0.72376  0.72360 
 41.24500  0.67340  0.67316 
 41.34500  0.61959  0.61936 
 41.44500  0.56328  0.56312 
 41.54500  0.50560  0.50558 
 41.64500  0.44779  0.44794 
 41.74500  0.39112  0.39135 
 41.84500  0.33676  0.33699 
 41.94500  0.28568  0.28584 
 42.04500  0.23863  0.23871 
 42.14500  0.19621  0.19617 
 42.24500  0.15867  0.15859 
 42.34500  0.12616  0.12608 
 42.44500  0.09857  0.09852 
 42.54500  0.07566  0.07565 
 42.64500  0.05704  0.05708 
 42.74500  0.04223  0.04228 
 42.84500  0.03070  0.03078 
 42.94500  0.02191  0.02200 
 43.04500  0.01537  0.01541 
 43.14500  0.01059  0.01063 
 43.24500  0.00716  0.00718 
 43.34500  0.00476  0.00477 
 43.44500  0.00314  0.00315 
 43.54500  0.00207  0.00208 
 43.64500  0.00143  0.00142 
 43.74500  0.00109  0.00109 
 43.84500  0.00101  0.00101 
 43.94500  0.00120  0.00121 
 44.04500  0.00167  0.00168 
 44.14500  0.00250  0.00249 
 44.24500  0.00380  0.00381 
 44.34500  0.00574  0.00575 
 44.44500  0.00856  0.00857 
 44.54500  0.01253  0.01259 
 44.64500  0.01806  0.01811 
 44.74500  0.02557  0.02564 
 44.84500  0.03550  0.03559 
 44.94500  0.04844  0.04850 
 45.04500  0.06491  0.06493 
 45.14500  0.08539  0.08537 
 45.24500  0.11037  0.11029 
 45.34500  0.14015  0.14006 
 45.44500  0.17492  0.17486 
 45.54500  0.21468  0.21469 
 45.64500  0.25922  0.25935 
 45.74500  0.30816  0.30837 
 45.84500  0.36083  0.36108 
 45.94500  0.41636  0.41656 
 46.04500  0.47370  0.47377 
 46.14500  0.53161  0.53152 
 46.24500  0.58882  0.58860 
 46.34500  0.64414  0.64388 
 46.44500  0.69651  0.69631 
 46.54500  0.74506  0.74496 
 46.64500  0.78918  0.78917 
 46.74500  0.82849  0.82855 
 46.84500  0.86279  0.86290 
 46.94500  0.89211  0.89218 
 47.04500  0.91666  0.91670 
 47.14500  0.93676  0.93676 
 47.24500  0.95287  0.95283 
 47.34500  0.96551  0.96545 
 47.44500  0.97523  0.97517 
 47.54500  0.98251  0.98246 
 47.64500  0.98789  0.98784 
 47.74500  0.99176  0.99174 
 47.84500  0.99449  0.99449 
 47.94500  0.99638  0.99637 
 48.04500  0.99765  0.99765 
 48.14500  0.99847  0.99848 
 48.24500  0.99899  0.99899 
 48.34500  0.99925  0.99926 
 48.44500  0.99935  0.99935 
 48.54500  0.99925  0.99926 
 48.64500  0.99897  0.99897 
 48.74500  0.99845  0.99845 
 48.84500  0.99761  0.99763 
 48.94500  0.99631  0.99633 
 49.04500  0.99441  0.99440 
 49.14500  0.99164  0.99161 
 49.24500  0.98772  0.98767 
 49.34500  0.98228  0.98223 
 49.44500  0.97490  0.97484 
 49.54500  0.96510  0.96505 
 49.64500  0.95234  0.95230 
 49.74500  0.93607  0.93606 
 49.84500  0.91581  0.91585 
 49.94500  0.89110  0.89118 
 50.04500  0.86159  0.86168 
 50.14500  0.82711  0.82717 
 50.24500  0.78761  0.78760 
 50.34500  0.74331  0.74320 
 50.44500  0.69461  0.69438 
 50.54500  0.64212  0.64188 
 50.64500  0.58671  0.58650 
 50.74500  0.52944  0.52936 
 50.84500  0.47153  0.47160 
 50.94500  0.41424  0.41446 
 51.04500  0.35880  0.35904 
 51.14500  0.30625  0.30646 
 51.24500  0.25747  0.25759 
 51.34500  0.21309  0.21310 
 51.44500  0.17353  0.17347 
 51.54500  0.13895  0.13886 
 51.64500  0.10936  0.10929 
 51.74500  0.08456  0.08454 
 51.84500  0.06422  0.06423 
 51.94500  0.04790  0.04796 
 52.04500  0.03507  0.03515 
 52.14500  0.02523  0.02530 
 52.24500  0.01784  0.01789 
 52.34500  0.01236  0.01241 
 52.44500  0.00843  0.00844 
 52.54500  0.00565  0.00567 
 52.64500  0.00374  0.00374 
 52.74500  0.00246  0.00245 
 52.84500  0.00165  0.00164 
 52.94500  0.00120  0.00119 
 53.04500  0.00101  0.00101 
 53.14500  0.00110  0.00109 
 53.24500  0.00144  0.00145 
 53.34500  0.00211  0.00209 
 53.44500  0.00320  0.00319 
 53.54500  0.00484  0.00484 
 53.64500  0.00727  0.00729 
 53.74500  0.01072  0.01076 
 53.84500  0.01558  0.01562 
 53.94500  0.02221  0.02227 
 54.04500  0.03108  0.03114 
 54.14500  0.04273  0.04278 
 54.24500  0.05766  0.05770 
 54.34500  0.07644  0.07643 
 54.44500  0.09953  0.09945 
 54.54500  0.12730  0.12720 
 54.64500  0.15999  0.15992 
 54.74500  0.19770  0.19770 
 54.84500  0.24032  0.24041 
 54.94500  0.28751  0.28771 
 55.04500  0.33873  0.33897 
 55.14500  0.39320  0.39345 
 55.24500  0.44994  0.45008 
 55.34500  0.50778  0.50776 
 55.44500  0.56542  0.56526 
 55.54500  0.62167  0.62144 
 55.64500  0.67536  0.67514 
 55.74500  0.72557  0.72541 
 55.84500  0.77157  0.77153 
 55.94500  0.81289  0.81295 
 56.04500  0.84927  0.84936 
 56.14500  0.88063  0.88072 
 56.24500  0.90710  0.90715 
 56.34500  0.92899  0.92900 
 56.44500  0.94670  0.94666 
 56.54500  0.96070  0.96064 
 56.64500  0.97156  0.97148 
 56.74500  0.97976  0.97972 
 56.84500  0.98587  0.98585 
 56.94500  0.99032  0.99030 
 57.04500  0.99348  0.99346 
 57.14500  0.99569  0.99567 
 57.24500  0.99718  0.99720 
 57.34500  0.99819  0.99819 
 57.44500  0.99882  0.99881 
 57.54500  0.99916  0.99918 
 57.64500  0.99934  0.99933 
 57.74500  0.99932  0.99931 
 57.84500  0.99911  0.99911 
 57.94500  0.99870  0.99869 
 58.04500  0.99801  0.99802 
 58.14500  0.99690  0.99692 
 58.24500  0.99528  0.99528 
 58.34500  0.99289  0.99289 
 58.44500  0.98949  0.98946 
 58.54500  0.98473  0.98469 
 58.64500  0.97821  0.97815 
 58.74500  0.96947  0.96939 
 58.84500  0.95800  0.95793 
 58.94500  0.94324  0.94319 
 59.04500  0.92468  0.92469 
 59.14500  0.90185  0.90189 
 59.24500  0.87434  0.87444 
 59.34500  0.84191  0.84201 
 59.44500  0.80446  0.80450 
 59.54500  0.76212  0.76207 
 59.64500  0.71516  0.71498 
 59.74500  0.66415  0.66390 
 59.84500  0.60982  0.60959 
 59.94500  0.55317  0.55306 
 60.04500  0.49539  0.49540 
 60.14500  0.43768  0.43783 
 60.24500  0.38134  0.38158 
 60.34500  0.32747  0.32774 
 60.44500  0.27706  0.27721 
 60.54500  0.23081  0.23086 
 60.64500  0.18922  0.18917 
 60.74500  0.15258  0.15249 
 60.84500  0.12095  0.12086 
 60.94500  0.09421  0.09417 
 61.04500  0.07208  0.07208 
 61.14500  0.05416  0.05422 
 61.24500  0.03997  0.04003 
 61.34500  0.02895  0.02903 
 61.44500  0.02062  0.02067 
 61.54500  0.01441  0.01444 
 61.64500  0.00988  0.00990 
 61.74500  0.00664  0.00665 
 61.84500  0.00439  0.00442 
 61.94500  0.00285  0.00284 
 62.04500  0.00181  0.00181 
 62.14500  0.00113  0.00112 
 62.24500  0.00069  0.00069 
 62.34500  0.00040  0.00041 
 62.44500  0.00023  0.00024 
 62.54500  0.00013  0.00014 
 62.64500  0.00006  0.00010 
 62.74500  0.00003  0.00002 
 62.84500  0.00002  0.00000 
 62.94500 -0.00000  0.00000 
 63.04500 -0.00001  0.00000 
 63.14500 -0.00001  0.00000 
 63.24500 -0.00001  0.00000 
 63.34500 -0.00002  0.00000 
 63.44500 -0.00001  0.00000 
 63.54500 -0.00001  0.00000 
 63.64500 -0.00000  0.00000 
 63.74500 -0.00000  0.00000 
 63.84500 -0.00000  0.00000 
 63.94500 -0.00000  0.00000 
 64.04500 -0.00000  0.00000 
 64.14500 -0.00001  0.00000 
 64.24500 -0.00001  0.00000 
 64.34500 -0.00001  0.00000 
