  0.04500  0.75617  0.75571 
  0.14500  0.75597  0.75554 
  0.24500  0.75561  0.75519 
  0.34500  0.75506  0.75462 
  0.44500  0.75432  0.75389 
  0.54500  0.75339  0.75295 
  0.64500  0.75228  0.75186 
  0.74500  0.75098  0.75056 
  0.84500  0.74953  0.74909 
  0.94500  0.74788  0.74745 
  1.04500  0.74607  0.74564 
  1.14500  0.74409  0.74365 
  1.24500  0.74193  0.74150 
  1.34500  0.73963  0.73917 
  1.44500  0.73714  0.73669 
  1.54500  0.73452  0.73408 
  1.64500  0.73173  0.73131 
  1.74500  0.72883  0.72835 
  1.84500  0.72576  0.72532 
  1.94500  0.72257  0.72215 
  2.04500  0.71926  0.71882 
  2.14500  0.71582  0.71539 
  2.24500  0.71229  0.71183 
  2.34500  0.70862  0.70817 
  2.44500  0.70485  0.70441 
  2.54500  0.70100  0.70055 
  2.64500  0.69704  0.69660 
  2.74500  0.69302  0.69258 
  2.84500  0.68890  0.68846 
  2.94500  0.68473  0.68429 
  3.04500  0.68053  0.68005 
  3.14500  0.67625  0.67578 
  3.24500  0.67193  0.67145 
  3.34500  0.66755  0.66707 
  3.44500  0.66315  0.66268 
  3.54500  0.65873  0.65825 
  3.64500  0.65430  0.65381 
  3.74500  0.64985  0.64937 
  3.84500  0.64540  0.64492 
  3.94500  0.64097  0.64048 
  4.04500  0.63653  0.63604 
  4.14500  0.63212  0.63164 
  4.24500  0.62775  0.62725 
  4.34500  0.62343  0.62289 
  4.44500  0.61911  0.61859 
  4.54500  0.61486  0.61432 
  4.64500  0.61061  0.61011 
  4.74500  0.60648  0.60595 
  4.84500  0.60238  0.60187 
  4.94500  0.59837  0.59782 
  5.04500  0.59441  0.59390 
  5.14500  0.59054  0.59004 
  5.24500  0.58679  0.58625 
  5.34500  0.58309  0.58255 
  5.44500  0.57950  0.57896 
  5.54500  0.57601  0.57546 
  5.64500  0.57261  0.57207 
  5.74500  0.56931  0.56877 
  5.84500  0.56613  0.56558 
  5.94500  0.56306  0.56253 
  6.04500  0.56011  0.55955 
  6.14500  0.55727  0.55669 
  6.24500  0.55453  0.55397 
  6.34500  0.55189  0.55134 
  6.44500  0.54941  0.54885 
  6.54500  0.54702  0.54646 
  6.64500  0.54476  0.54421 
  6.74500  0.54264  0.54207 
  6.84500  0.54062  0.54003 
  6.94500  0.53871  0.53814 
  7.04500  0.53691  0.53636 
  7.14500  0.53525  0.53469 
  7.24500  0.53369  0.53315 
  7.34500  0.53226  0.53170 
  7.44500  0.53092  0.53036 
  7.54500  0.52969  0.52915 
  7.64500  0.52856  0.52805 
  7.74500  0.52755  0.52705 
  7.84500  0.52663  0.52610 
  7.94500  0.52582  0.52528 
  8.04500  0.52510  0.52456 
  8.14500  0.52446  0.52392 
  8.24500  0.52388  0.52335 
  8.34500  0.52341  0.52288 
  8.44500  0.52302  0.52249 
  8.54500  0.52268  0.52216 
  8.64500  0.52243  0.52190 
  8.74500  0.52220  0.52170 
  8.84500  0.52207  0.52155 
  8.94500  0.52197  0.52148 
  9.04500  0.52190  0.52140 
  9.14500  0.52191  0.52140 
  9.24500  0.52195  0.52148 
  9.34500  0.52202  0.52153 
  9.44500  0.52211  0.52164 
  9.54500  0.52222  0.52176 
  9.64500  0.52236  0.52190 
  9.74500  0.52251  0.52205 
  9.84500  0.52266  0.52222 
  9.94500  0.52285  0.52239 
 10.04500  0.52302  0.52256 
 10.14500  0.52318  0.52274 
 10.24500  0.52333  0.52289 
 10.34500  0.52349  0.52304 
 10.44500  0.52361  0.52317 
 10.54500  0.52372  0.52329 
 10.64500  0.52382  0.52339 
 10.74500  0.52388  0.52346 
 10.84500  0.52393  0.52350 
 10.94500  0.52394  0.52350 
 11.04500  0.52392  0.52350 
 11.14500  0.52387  0.52345 
 11.24500  0.52377  0.52336 
 11.34500  0.52365  0.52324 
 11.44500  0.52349  0.52307 
 11.54500  0.52330  0.52288 
 11.64500  0.52305  0.52264 
 11.74500  0.52276  0.52236 
 11.84500  0.52245  0.52205 
 11.94500  0.52209  0.52167 
 12.04500  0.52169  0.52128 
 12.14500  0.52124  0.52084 
 12.24500  0.52078  0.52035 
 12.34500  0.52026  0.51985 
 12.44500  0.51972  0.51932 
 12.54500  0.51915  0.51873 
 12.64500  0.51852  0.51812 
 12.74500  0.51789  0.51747 
 12.84500  0.51722  0.51680 
 12.94500  0.51650  0.51611 
 13.04500  0.51581  0.51539 
 13.14500  0.51506  0.51465 
 13.24500  0.51429  0.51390 
 13.34500  0.51353  0.51313 
 13.44500  0.51276  0.51234 
 13.54500  0.51197  0.51156 
 13.64500  0.51117  0.51076 
 13.74500  0.51040  0.50996 
 13.84500  0.50958  0.50916 
 13.94500  0.50878  0.50838 
 14.04500  0.50801  0.50759 
 14.14500  0.50724  0.50683 
 14.24500  0.50649  0.50607 
 14.34500  0.50574  0.50533 
 14.44500  0.50502  0.50461 
 14.54500  0.50433  0.50391 
 14.64500  0.50368  0.50324 
 14.74500  0.50304  0.50261 
 14.84500  0.50242  0.50201 
 14.94500  0.50186  0.50144 
 15.04500  0.50132  0.50090 
 15.14500  0.50084  0.50040 
 15.24500  0.50039  0.49997 
 15.34500  0.49999  0.49956 
 15.44500  0.49964  0.49920 
 15.54500  0.49931  0.49889 
 15.64500  0.49905  0.49862 
 15.74500  0.49885  0.49841 
 15.84500  0.49867  0.49825 
 15.94500  0.49856  0.49813 
 16.04500  0.49848  0.49810 
 16.14500  0.49850  0.49810 
 16.24500  0.49854  0.49811 
 16.34500  0.49864  0.49822 
 16.44500  0.49877  0.49836 
 16.54500  0.49898  0.49856 
 16.64500  0.49922  0.49880 
 16.74500  0.49951  0.49912 
 16.84500  0.49984  0.49945 
 16.94500  0.50024  0.49984 
 17.04500  0.50065  0.50027 
 17.14500  0.50114  0.50075 
 17.24500  0.50166  0.50125 
 17.34500  0.50221  0.50181 
 17.44500  0.50277  0.50239 
 17.54500  0.50340  0.50300 
 17.64500  0.50404  0.50364 
 17.74500  0.50470  0.50432 
 17.84500  0.50539  0.50501 
 17.94500  0.50610  0.50572 
 18.04500  0.50683  0.50645 
 18.14500  0.50756  0.50720 
 18.24500  0.50830  0.50795 
 18.34500  0.50906  0.50870 
 18.44500  0.50982  0.50945 
 18.54500  0.51056  0.51023 
 18.64500  0.51131  0.51097 
 18.74500  0.51204  0.51171 
 18.84500  0.51278  0.51245 
 18.94500  0.51349  0.51316 
 19.04500  0.51419  0.51386 
 19.14500  0.51489  0.51453 
 19.24500  0.51554  0.51520 
 19.34500  0.51616  0.51581 
 19.44500  0.51672  0.51641 
 19.54500  0.51728  0.51697 
 19.64500  0.51780  0.51750 
 19.74500  0.51828  0.51799 
 19.84500  0.51872  0.51843 
 19.94500  0.51914  0.51884 
 20.04500  0.51950  0.51918 
 20.14500  0.51978  0.51951 
 20.24500  0.52005  0.51978 
 20.34500  0.52027  0.51999 
 20.44500  0.52044  0.52015 
 20.54500  0.52054  0.52027 
 20.64500  0.52062  0.52030 
 20.74500  0.52064  0.52030 
 20.84500  0.52057  0.52030 
 20.94500  0.52048  0.52022 
 21.04500  0.52034  0.52007 
 21.14500  0.52012  0.51989 
 21.24500  0.51989  0.51964 
 21.34500  0.51963  0.51935 
 21.44500  0.51929  0.51902 
 21.54500  0.51889  0.51863 
 21.64500  0.51846  0.51821 
 21.74500  0.51800  0.51775 
 21.84500  0.51749  0.51724 
 21.94500  0.51694  0.51669 
 22.04500  0.51635  0.51611 
 22.14500  0.51575  0.51550 
 22.24500  0.51513  0.51487 
 22.34500  0.51443  0.51420 
 22.44500  0.51375  0.51351 
 22.54500  0.51303  0.51279 
 22.64500  0.51231  0.51207 
 22.74500  0.51160  0.51133 
 22.84500  0.51085  0.51057 
 22.94500  0.51008  0.50983 
 23.04500  0.50932  0.50907 
 23.14500  0.50854  0.50830 
 23.24500  0.50779  0.50755 
 23.34500  0.50704  0.50680 
 23.44500  0.50630  0.50607 
 23.54500  0.50559  0.50535 
 23.64500  0.50488  0.50465 
 23.74500  0.50420  0.50397 
 23.84500  0.50356  0.50330 
 23.94500  0.50291  0.50268 
 24.04500  0.50228  0.50207 
 24.14500  0.50174  0.50151 
 24.24500  0.50120  0.50096 
 24.34500  0.50070  0.50048 
 24.44500  0.50022  0.50002 
 24.54500  0.49984  0.49960 
 24.64500  0.49946  0.49925 
 24.74500  0.49915  0.49892 
 24.84500  0.49888  0.49865 
 24.94500  0.49863  0.49841 
 25.04500  0.49845  0.49824 
 25.14500  0.49832  0.49812 
 25.24500  0.49824  0.49803 
 25.34500  0.49822  0.49800 
 25.44500  0.49823  0.49804 
 25.54500  0.49831  0.49813 
 25.64500  0.49845  0.49825 
 25.74500  0.49862  0.49843 
 25.84500  0.49887  0.49868 
 25.94500  0.49915  0.49895 
 26.04500  0.49946  0.49928 
 26.14500  0.49981  0.49964 
 26.24500  0.50021  0.50007 
 26.34500  0.50069  0.50051 
 26.44500  0.50119  0.50102 
 26.54500  0.50172  0.50156 
 26.64500  0.50229  0.50213 
 26.74500  0.50290  0.50274 
 26.84500  0.50354  0.50337 
 26.94500  0.50419  0.50403 
 27.04500  0.50484  0.50471 
 27.14500  0.50556  0.50542 
 27.24500  0.50627  0.50615 
 27.34500  0.50702  0.50687 
 27.44500  0.50776  0.50763 
 27.54500  0.50850  0.50837 
 27.64500  0.50927  0.50915 
 27.74500  0.51002  0.50990 
 27.84500  0.51078  0.51065 
 27.94500  0.51151  0.51140 
 28.04500  0.51224  0.51215 
 28.14500  0.51295  0.51286 
 28.24500  0.51367  0.51357 
 28.34500  0.51434  0.51427 
 28.44500  0.51500  0.51493 
 28.54500  0.51565  0.51556 
 28.64500  0.51625  0.51617 
 28.74500  0.51681  0.51674 
 28.84500  0.51735  0.51729 
 28.94500  0.51786  0.51780 
 29.04500  0.51831  0.51824 
 29.14500  0.51873  0.51868 
 29.24500  0.51910  0.51905 
 29.34500  0.51945  0.51938 
 29.44500  0.51972  0.51967 
 29.54500  0.51992  0.51991 
 29.64500  0.52014  0.52009 
 29.74500  0.52028  0.52023 
 29.84500  0.52036  0.52030 
 29.94500  0.52043  0.52030 
 30.04500  0.52036  0.52030 
 30.14500  0.52028  0.52026 
 30.24500  0.52019  0.52014 
 30.34500  0.51999  0.51997 
 30.44500  0.51979  0.51975 
 30.54500  0.51952  0.51948 
 30.64500  0.51919  0.51915 
 30.74500  0.51883  0.51880 
 30.84500  0.51839  0.51839 
 30.94500  0.51794  0.51794 
 31.04500  0.51744  0.51745 
 31.14500  0.51692  0.51692 
 31.24500  0.51637  0.51635 
 31.34500  0.51577  0.51575 
 31.44500  0.51514  0.51513 
 31.54500  0.51450  0.51447 
 31.64500  0.51379  0.51379 
 31.74500  0.51310  0.51309 
 31.84500  0.51238  0.51237 
 31.94500  0.51164  0.51164 
 32.04500  0.51089  0.51090 
 32.14500  0.51014  0.51014 
 32.24500  0.50939  0.50937 
 32.34500  0.50862  0.50863 
 32.44500  0.50786  0.50787 
 32.54500  0.50711  0.50713 
 32.64500  0.50638  0.50637 
 32.74500  0.50563  0.50565 
 32.84500  0.50492  0.50494 
 32.94500  0.50422  0.50424 
 33.04500  0.50355  0.50357 
 33.14500  0.50291  0.50293 
 33.24500  0.50230  0.50231 
 33.34500  0.50172  0.50173 
 33.44500  0.50116  0.50120 
 33.54500  0.50064  0.50067 
 33.64500  0.50018  0.50020 
 33.74500  0.49977  0.49978 
 33.84500  0.49935  0.49939 
 33.94500  0.49902  0.49905 
 34.04500  0.49872  0.49875 
 34.14500  0.49847  0.49850 
 34.24500  0.49826  0.49830 
 34.34500  0.49813  0.49816 
 34.44500  0.49800  0.49807 
 34.54500  0.49798  0.49800 
 34.64500  0.49799  0.49800 
 34.74500  0.49802  0.49810 
 34.84500  0.49814  0.49819 
 34.94500  0.49829  0.49835 
 35.04500  0.49851  0.49858 
 35.14500  0.49878  0.49883 
 35.24500  0.49906  0.49914 
 35.34500  0.49942  0.49949 
 35.44500  0.49981  0.49988 
 35.54500  0.50025  0.50033 
 35.64500  0.50073  0.50080 
 35.74500  0.50125  0.50134 
 35.84500  0.50180  0.50189 
 35.94500  0.50238  0.50248 
 36.04500  0.50301  0.50310 
 36.14500  0.50366  0.50377 
 36.24500  0.50432  0.50443 
 36.34500  0.50503  0.50512 
 36.44500  0.50574  0.50585 
 36.54500  0.50647  0.50657 
 36.64500  0.50721  0.50733 
 36.74500  0.50792  0.50807 
 36.84500  0.50870  0.50883 
 36.94500  0.50946  0.50958 
 37.04500  0.51022  0.51035 
 37.14500  0.51096  0.51110 
 37.24500  0.51170  0.51184 
 37.34500  0.51241  0.51257 
 37.44500  0.51313  0.51328 
 37.54500  0.51383  0.51398 
 37.64500  0.51451  0.51467 
 37.74500  0.51516  0.51530 
 37.84500  0.51574  0.51592 
 37.94500  0.51634  0.51652 
 38.04500  0.51689  0.51706 
 38.14500  0.51739  0.51760 
 38.24500  0.51788  0.51807 
 38.34500  0.51832  0.51850 
 38.44500  0.51870  0.51890 
 38.54500  0.51905  0.51925 
 38.64500  0.51936  0.51956 
 38.74500  0.51961  0.51981 
 38.84500  0.51980  0.52002 
 38.94500  0.51997  0.52017 
 39.04500  0.52006  0.52029 
 39.14500  0.52017  0.52030 
 39.24500  0.52019  0.52030 
 39.34500  0.52008  0.52030 
 39.44500  0.52000  0.52018 
 39.54500  0.51983  0.52005 
 39.64500  0.51964  0.51984 
 39.74500  0.51937  0.51960 
 39.84500  0.51907  0.51928 
 39.94500  0.51873  0.51895 
 40.04500  0.51834  0.51856 
 40.14500  0.51789  0.51813 
 40.24500  0.51742  0.51765 
 40.34500  0.51691  0.51715 
 40.44500  0.51636  0.51658 
 40.54500  0.51578  0.51601 
 40.64500  0.51515  0.51539 
 40.74500  0.51450  0.51473 
 40.84500  0.51384  0.51407 
 40.94500  0.51314  0.51338 
 41.04500  0.51243  0.51266 
 41.14500  0.51170  0.51195 
 41.24500  0.51095  0.51120 
 41.34500  0.51021  0.51045 
 41.44500  0.50946  0.50970 
 41.54500  0.50869  0.50893 
 41.64500  0.50792  0.50817 
 41.74500  0.50718  0.50743 
 41.84500  0.50643  0.50667 
 41.94500  0.50569  0.50595 
 42.04500  0.50496  0.50522 
 42.14500  0.50427  0.50453 
 42.24500  0.50358  0.50383 
 42.34500  0.50293  0.50320 
 42.44500  0.50230  0.50257 
 42.54500  0.50172  0.50197 
 42.64500  0.50116  0.50141 
 42.74500  0.50063  0.50090 
 42.84500  0.50014  0.50040 
 42.94500  0.49970  0.49995 
 43.04500  0.49927  0.49954 
 43.14500  0.49892  0.49918 
 43.24500  0.49859  0.49886 
 43.34500  0.49832  0.49860 
 43.44500  0.49811  0.49839 
 43.54500  0.49795  0.49822 
 43.64500  0.49782  0.49810 
 43.74500  0.49775  0.49801 
 43.84500  0.49775  0.49800 
 43.94500  0.49777  0.49805 
 44.04500  0.49787  0.49814 
 44.14500  0.49799  0.49828 
 44.24500  0.49817  0.49847 
 44.34500  0.49842  0.49871 
 44.44500  0.49871  0.49900 
 44.54500  0.49903  0.49934 
 44.64500  0.49942  0.49972 
 44.74500  0.49984  0.50014 
 44.84500  0.50030  0.50060 
 44.94500  0.50079  0.50111 
 45.04500  0.50134  0.50166 
 45.14500  0.50191  0.50223 
 45.24500  0.50252  0.50284 
 45.34500  0.50315  0.50348 
 45.44500  0.50380  0.50414 
 45.54500  0.50449  0.50484 
 45.64500  0.50521  0.50555 
 45.74500  0.50594  0.50627 
 45.84500  0.50665  0.50700 
 45.94500  0.50740  0.50775 
 46.04500  0.50816  0.50851 
 46.14500  0.50893  0.50927 
 46.24500  0.50966  0.51003 
 46.34500  0.51043  0.51077 
 46.44500  0.51116  0.51153 
 46.54500  0.51187  0.51226 
 46.64500  0.51260  0.51298 
 46.74500  0.51330  0.51369 
 46.84500  0.51397  0.51437 
 46.94500  0.51466  0.51503 
 47.04500  0.51526  0.51566 
 47.14500  0.51587  0.51626 
 47.24500  0.51642  0.51683 
 47.34500  0.51695  0.51735 
 47.44500  0.51746  0.51785 
 47.54500  0.51792  0.51831 
 47.64500  0.51832  0.51872 
 47.74500  0.51867  0.51908 
 47.84500  0.51899  0.51941 
 47.94500  0.51925  0.51968 
 48.04500  0.51949  0.51991 
 48.14500  0.51967  0.52007 
 48.24500  0.51979  0.52020 
 48.34500  0.51985  0.52029 
 48.44500  0.51988  0.52030 
 48.54500  0.51983  0.52027 
 48.64500  0.51976  0.52017 
 48.74500  0.51962  0.52004 
 48.84500  0.51943  0.51985 
 48.94500  0.51919  0.51961 
 49.04500  0.51889  0.51932 
 49.14500  0.51856  0.51898 
 49.24500  0.51818  0.51860 
 49.34500  0.51774  0.51818 
 49.44500  0.51729  0.51770 
 49.54500  0.51678  0.51720 
 49.64500  0.51623  0.51664 
 49.74500  0.51564  0.51606 
 49.84500  0.51500  0.51543 
 49.94500  0.51435  0.51480 
 50.04500  0.51368  0.51410 
 50.14500  0.51298  0.51339 
 50.24500  0.51227  0.51267 
 50.34500  0.51151  0.51192 
 50.44500  0.51074  0.51115 
 50.54500  0.50998  0.51037 
 50.64500  0.50917  0.50958 
 50.74500  0.50839  0.50878 
 50.84500  0.50756  0.50798 
 50.94500  0.50678  0.50718 
 51.04500  0.50597  0.50639 
 51.14500  0.50519  0.50560 
 51.24500  0.50441  0.50482 
 51.34500  0.50365  0.50405 
 51.44500  0.50289  0.50330 
 51.54500  0.50216  0.50256 
 51.64500  0.50145  0.50185 
 51.74500  0.50077  0.50117 
 51.84500  0.50010  0.50050 
 51.94500  0.49947  0.49988 
 52.04500  0.49885  0.49927 
 52.14500  0.49828  0.49869 
 52.24500  0.49774  0.49815 
 52.34500  0.49725  0.49765 
 52.44500  0.49677  0.49720 
 52.54500  0.49635  0.49677 
 52.64500  0.49597  0.49638 
 52.74500  0.49562  0.49602 
 52.84500  0.49532  0.49573 
 52.94500  0.49504  0.49545 
 53.04500  0.49481  0.49522 
 53.14500  0.49461  0.49504 
 53.24500  0.49445  0.49487 
 53.34500  0.49433  0.49476 
 53.44500  0.49425  0.49470 
 53.54500  0.49420  0.49460 
 53.64500  0.49419  0.49460 
 53.74500  0.49420  0.49460 
 53.84500  0.49424  0.49469 
 53.94500  0.49429  0.49473 
 54.04500  0.49437  0.49482 
 54.14500  0.49446  0.49493 
 54.24500  0.49461  0.49505 
 54.34500  0.49472  0.49519 
 54.44500  0.49489  0.49534 
 54.54500  0.49500  0.49547 
 54.64500  0.49516  0.49564 
 54.74500  0.49529  0.49577 
 54.84500  0.49543  0.49592 
 54.94500  0.49555  0.49604 
 55.04500  0.49565  0.49614 
 55.14500  0.49573  0.49622 
 55.24500  0.49578  0.49630 
 55.34500  0.49581  0.49630 
 55.44500  0.49581  0.49630 
 55.54500  0.49575  0.49625 
 55.64500  0.49565  0.49615 
 55.74500  0.49549  0.49600 
 55.84500  0.49529  0.49580 
 55.94500  0.49501  0.49554 
 56.04500  0.49468  0.49521 
 56.14500  0.49428  0.49481 
 56.24500  0.49377  0.49435 
 56.34500  0.49325  0.49378 
 56.44500  0.49260  0.49313 
 56.54500  0.49187  0.49242 
 56.64500  0.49106  0.49160 
 56.74500  0.49015  0.49069 
 56.84500  0.48914  0.48968 
 56.94500  0.48803  0.48858 
 57.04500  0.48680  0.48736 
 57.14500  0.48549  0.48603 
 57.24500  0.48405  0.48460 
 57.34500  0.48248  0.48306 
 57.44500  0.48084  0.48140 
 57.54500  0.47908  0.47962 
 57.64500  0.47717  0.47770 
 57.74500  0.47519  0.47570 
 57.84500  0.47302  0.47358 
 57.94500  0.47076  0.47134 
 58.04500  0.46841  0.46896 
 58.14500  0.46592  0.46647 
 58.24500  0.46330  0.46387 
 58.34500  0.46058  0.46114 
 58.44500  0.45774  0.45829 
 58.54500  0.45477  0.45535 
 58.64500  0.45170  0.45225 
 58.74500  0.44854  0.44907 
 58.84500  0.44523  0.44577 
 58.94500  0.44183  0.44238 
 59.04500  0.43832  0.43888 
 59.14500  0.43474  0.43528 
 59.24500  0.43104  0.43160 
 59.34500  0.42727  0.42780 
 59.44500  0.42341  0.42393 
 59.54500  0.41944  0.42000 
 59.64500  0.41543  0.41596 
 59.74500  0.41134  0.41186 
 59.84500  0.40718  0.40769 
 59.94500  0.40295  0.40348 
 60.04500  0.39867  0.39920 
 60.14500  0.39435  0.39488 
 60.24500  0.39001  0.39051 
 60.34500  0.38561  0.38612 
 60.44500  0.38120  0.38169 
 60.54500  0.37677  0.37726 
 60.64500  0.37230  0.37280 
 60.74500  0.36784  0.36834 
 60.84500  0.36340  0.36388 
 60.94500  0.35894  0.35942 
 61.04500  0.35452  0.35499 
 61.14500  0.35012  0.35058 
 61.24500  0.34574  0.34620 
 61.34500  0.34137  0.34185 
 61.44500  0.33709  0.33756 
 61.54500  0.33285  0.33332 
 61.64500  0.32867  0.32914 
 61.74500  0.32458  0.32502 
 61.84500  0.32054  0.32100 
 61.94500  0.31658  0.31704 
 62.04500  0.31273  0.31317 
 62.14500  0.30896  0.30941 
 62.24500  0.30532  0.30576 
 62.34500  0.30176  0.30220 
 62.44500  0.29832  0.29878 
 62.54500  0.29502  0.29545 
 62.64500  0.29184  0.29228 
 62.74500  0.28880  0.28925 
 62.84500  0.28589  0.28633 
 62.94500  0.28314  0.28357 
 63.04500  0.28053  0.28096 
 63.14500  0.27808  0.27852 
 63.24500  0.27580  0.27623 
 63.34500  0.27366  0.27410 
 63.44500  0.27170  0.27214 
 63.54500  0.26992  0.27036 
 63.64500  0.26830  0.26875 
 63.74500  0.26689  0.26733 
 63.84500  0.26565  0.26608 
 63.94500  0.26459  0.26505 
 64.04500  0.26371  0.26414 
 64.14500  0.26304  0.26346 
 64.24500  0.26253  0.26296 
 64.34500  0.26222  0.26266 
