  0.04500  0.95080  0.95040 
  0.14500  0.95042  0.95000 
  0.24500  0.94960  0.94919 
  0.34500  0.94839  0.94798 
  0.44500  0.94673  0.94633 
  0.54500  0.94468  0.94426 
  0.64500  0.94217  0.94178 
  0.74500  0.93925  0.93884 
  0.84500  0.93593  0.93553 
  0.94500  0.93215  0.93176 
  1.04500  0.92793  0.92754 
  1.14500  0.92327  0.92291 
  1.24500  0.91820  0.91779 
  1.34500  0.91269  0.91225 
  1.44500  0.90665  0.90625 
  1.54500  0.90020  0.89982 
  1.64500  0.89333  0.89292 
  1.74500  0.88594  0.88556 
  1.84500  0.87812  0.87774 
  1.94500  0.86986  0.86947 
  2.04500  0.86112  0.86074 
  2.14500  0.85192  0.85155 
  2.24500  0.84229  0.84193 
  2.34500  0.83220  0.83183 
  2.44500  0.82169  0.82132 
  2.54500  0.81077  0.81039 
  2.64500  0.79937  0.79903 
  2.74500  0.78763  0.78728 
  2.84500  0.77545  0.77510 
  2.94500  0.76293  0.76258 
  3.04500  0.75004  0.74972 
  3.14500  0.73683  0.73648 
  3.24500  0.72330  0.72296 
  3.34500  0.70949  0.70914 
  3.44500  0.69538  0.69506 
  3.54500  0.68106  0.68076 
  3.64500  0.66657  0.66625 
  3.74500  0.65185  0.65157 
  3.84500  0.63706  0.63678 
  3.94500  0.62214  0.62185 
  4.04500  0.60718  0.60694 
  4.14500  0.59219  0.59195 
  4.24500  0.57722  0.57696 
  4.34500  0.56230  0.56208 
  4.44500  0.54750  0.54728 
  4.54500  0.53280  0.53265 
  4.64500  0.51847  0.51820 
  4.74500  0.50422  0.50400 
  4.84500  0.49028  0.49006 
  4.94500  0.47664  0.47646 
  5.04500  0.46341  0.46325 
  5.14500  0.45059  0.45042 
  5.24500  0.43824  0.43804 
  5.34500  0.42636  0.42618 
  5.44500  0.41503  0.41486 
  5.54500  0.40427  0.40413 
  5.64500  0.39413  0.39398 
  5.74500  0.38464  0.38450 
  5.84500  0.37586  0.37573 
  5.94500  0.36775  0.36763 
  6.04500  0.36043  0.36028 
  6.14500  0.35386  0.35373 
  6.24500  0.34808  0.34794 
  6.34500  0.34309  0.34298 
  6.44500  0.33896  0.33881 
  6.54500  0.33566  0.33551 
  6.64500  0.33315  0.33305 
  6.74500  0.33157  0.33147 
  6.84500  0.33084  0.33070 
  6.94500  0.33094  0.33083 
  7.04500  0.33193  0.33181 
  7.14500  0.33373  0.33364 
  7.24500  0.33640  0.33628 
  7.34500  0.33986  0.33976 
  7.44500  0.34415  0.34404 
  7.54500  0.34921  0.34910 
  7.64500  0.35503  0.35493 
  7.74500  0.36156  0.36147 
  7.84500  0.36880  0.36867 
  7.94500  0.37670  0.37657 
  8.04500  0.38521  0.38509 
  8.14500  0.39430  0.39418 
  8.24500  0.40394  0.40382 
  8.34500  0.41403  0.41393 
  8.44500  0.42463  0.42450 
  8.54500  0.43558  0.43547 
  8.64500  0.44689  0.44675 
  8.74500  0.45850  0.45833 
  8.84500  0.47032  0.47017 
  8.94500  0.48236  0.48218 
  9.04500  0.49449  0.49431 
  9.14500  0.50668  0.50651 
  9.24500  0.51889  0.51873 
  9.34500  0.53108  0.53090 
  9.44500  0.54316  0.54300 
  9.54500  0.55508  0.55487 
  9.64500  0.56677  0.56659 
  9.74500  0.57824  0.57802 
  9.84500  0.58936  0.58914 
  9.94500  0.60008  0.59988 
 10.04500  0.61043  0.61019 
 10.14500  0.62026  0.62007 
 10.24500  0.62965  0.62942 
 10.34500  0.63844  0.63819 
 10.44500  0.64663  0.64638 
 10.54500  0.65421  0.65396 
 10.64500  0.66109  0.66083 
 10.74500  0.66728  0.66705 
 10.84500  0.67277  0.67251 
 10.94500  0.67745  0.67721 
 11.04500  0.68139  0.68115 
 11.14500  0.68458  0.68429 
 11.24500  0.68691  0.68662 
 11.34500  0.68840  0.68813 
 11.44500  0.68910  0.68883 
 11.54500  0.68898  0.68870 
 11.64500  0.68800  0.68773 
 11.74500  0.68621  0.68594 
 11.84500  0.68360  0.68333 
 11.94500  0.68018  0.67993 
 12.04500  0.67600  0.67572 
 12.14500  0.67103  0.67076 
 12.24500  0.66532  0.66506 
 12.34500  0.65889  0.65861 
 12.44500  0.65178  0.65151 
 12.54500  0.64399  0.64375 
 12.64500  0.63558  0.63534 
 12.74500  0.62662  0.62636 
 12.84500  0.61708  0.61683 
 12.94500  0.60703  0.60682 
 13.04500  0.59656  0.59635 
 13.14500  0.58569  0.58545 
 13.24500  0.57444  0.57423 
 13.34500  0.56292  0.56270 
 13.44500  0.55113  0.55093 
 13.54500  0.53916  0.53896 
 13.64500  0.52699  0.52684 
 13.74500  0.51478  0.51464 
 13.84500  0.50263  0.50241 
 13.94500  0.49044  0.49023 
 14.04500  0.47829  0.47810 
 14.14500  0.46631  0.46614 
 14.24500  0.45454  0.45439 
 14.34500  0.44300  0.44286 
 14.44500  0.43179  0.43165 
 14.54500  0.42095  0.42079 
 14.64500  0.41048  0.41035 
 14.74500  0.40050  0.40037 
 14.84500  0.39099  0.39089 
 14.94500  0.38205  0.38194 
 15.04500  0.37372  0.37360 
 15.14500  0.36595  0.36586 
 15.24500  0.35890  0.35881 
 15.34500  0.35254  0.35242 
 15.44500  0.34688  0.34680 
 15.54500  0.34198  0.34189 
 15.64500  0.33786  0.33777 
 15.74500  0.33454  0.33446 
 15.84500  0.33203  0.33193 
 15.94500  0.33030  0.33024 
 16.04500  0.32945  0.32938 
 16.14500  0.32942  0.32934 
 16.24500  0.33021  0.33012 
 16.34500  0.33184  0.33177 
 16.44500  0.33430  0.33421 
 16.54500  0.33755  0.33749 
 16.64500  0.34161  0.34153 
 16.74500  0.34645  0.34639 
 16.84500  0.35204  0.35194 
 16.94500  0.35836  0.35825 
 17.04500  0.36536  0.36526 
 17.14500  0.37302  0.37294 
 17.24500  0.38135  0.38125 
 17.34500  0.39024  0.39013 
 17.44500  0.39969  0.39959 
 17.54500  0.40964  0.40955 
 17.64500  0.42003  0.41995 
 17.74500  0.43088  0.43076 
 17.84500  0.44204  0.44196 
 17.94500  0.45358  0.45345 
 18.04500  0.46534  0.46522 
 18.14500  0.47728  0.47715 
 18.24500  0.48942  0.48925 
 18.34500  0.50160  0.50144 
 18.44500  0.51377  0.51367 
 18.54500  0.52599  0.52586 
 18.64500  0.53814  0.53800 
 18.74500  0.55013  0.54998 
 18.84500  0.56195  0.56178 
 18.94500  0.57350  0.57332 
 19.04500  0.58476  0.58460 
 19.14500  0.59565  0.59548 
 19.24500  0.60616  0.60600 
 19.34500  0.61623  0.61605 
 19.44500  0.62579  0.62562 
 19.54500  0.63482  0.63464 
 19.64500  0.64327  0.64308 
 19.74500  0.65111  0.65092 
 19.84500  0.65828  0.65810 
 19.94500  0.66476  0.66457 
 20.04500  0.67052  0.67034 
 20.14500  0.67557  0.67536 
 20.24500  0.67983  0.67962 
 20.34500  0.68330  0.68310 
 20.44500  0.68593  0.68574 
 20.54500  0.68781  0.68762 
 20.64500  0.68884  0.68864 
 20.74500  0.68904  0.68885 
 20.84500  0.68841  0.68822 
 20.94500  0.68699  0.68677 
 21.04500  0.68470  0.68449 
 21.14500  0.68161  0.68142 
 21.24500  0.67774  0.67754 
 21.34500  0.67309  0.67291 
 21.44500  0.66765  0.66751 
 21.54500  0.66156  0.66136 
 21.64500  0.65472  0.65452 
 21.74500  0.64720  0.64702 
 21.84500  0.63904  0.63887 
 21.94500  0.63027  0.63013 
 22.04500  0.62098  0.62083 
 22.14500  0.61112  0.61099 
 22.24500  0.60083  0.60069 
 22.34500  0.59016  0.59001 
 22.44500  0.57905  0.57889 
 22.54500  0.56762  0.56749 
 22.64500  0.55594  0.55581 
 22.74500  0.54402  0.54390 
 22.84500  0.53195  0.53184 
 22.94500  0.51976  0.51967 
 23.04500  0.50754  0.50745 
 23.14500  0.49535  0.49524 
 23.24500  0.48318  0.48309 
 23.34500  0.47113  0.47104 
 23.44500  0.45928  0.45920 
 23.54500  0.44762  0.44757 
 23.64500  0.43629  0.43622 
 23.74500  0.42529  0.42521 
 23.84500  0.41467  0.41460 
 23.94500  0.40445  0.40441 
 24.04500  0.39474  0.39472 
 24.14500  0.38557  0.38556 
 24.24500  0.37699  0.37695 
 24.34500  0.36900  0.36895 
 24.44500  0.36165  0.36161 
 24.54500  0.35499  0.35496 
 24.64500  0.34902  0.34903 
 24.74500  0.34384  0.34380 
 24.84500  0.33937  0.33937 
 24.94500  0.33574  0.33572 
 25.04500  0.33287  0.33287 
 25.14500  0.33084  0.33084 
 25.24500  0.32964  0.32962 
 25.34500  0.32925  0.32925 
 25.44500  0.32971  0.32971 
 25.54500  0.33099  0.33100 
 25.64500  0.33313  0.33311 
 25.74500  0.33606  0.33604 
 25.84500  0.33977  0.33976 
 25.94500  0.34428  0.34428 
 26.04500  0.34955  0.34956 
 26.14500  0.35556  0.35558 
 26.24500  0.36232  0.36229 
 26.34500  0.36971  0.36970 
 26.44500  0.37775  0.37775 
 26.54500  0.38642  0.38640 
 26.64500  0.39566  0.39563 
 26.74500  0.40542  0.40540 
 26.84500  0.41560  0.41561 
 26.94500  0.42630  0.42628 
 27.04500  0.43736  0.43731 
 27.14500  0.44872  0.44868 
 27.24500  0.46035  0.46034 
 27.34500  0.47226  0.47220 
 27.44500  0.48431  0.48425 
 27.54500  0.49652  0.49641 
 27.64500  0.50864  0.50863 
 27.74500  0.52091  0.52085 
 27.84500  0.53307  0.53301 
 27.94500  0.54513  0.54508 
 28.04500  0.55701  0.55694 
 28.14500  0.56868  0.56860 
 28.24500  0.58006  0.57998 
 28.34500  0.59113  0.59103 
 28.44500  0.60179  0.60172 
 28.54500  0.61206  0.61198 
 28.64500  0.62183  0.62174 
 28.74500  0.63107  0.63100 
 28.84500  0.63979  0.63968 
 28.94500  0.64787  0.64776 
 29.04500  0.65535  0.65522 
 29.14500  0.66210  0.66198 
 29.24500  0.66816  0.66804 
 29.34500  0.67351  0.67340 
 29.44500  0.67804  0.67796 
 29.54500  0.68187  0.68175 
 29.64500  0.68486  0.68475 
 29.74500  0.68710  0.68695 
 29.84500  0.68844  0.68832 
 29.94500  0.68900  0.68887 
 30.04500  0.68869  0.68857 
 30.14500  0.68757  0.68747 
 30.24500  0.68563  0.68553 
 30.34500  0.68289  0.68280 
 30.44500  0.67933  0.67925 
 30.54500  0.67499  0.67489 
 30.64500  0.66991  0.66982 
 30.74500  0.66408  0.66396 
 30.84500  0.65754  0.65743 
 30.94500  0.65027  0.65018 
 31.04500  0.64240  0.64231 
 31.14500  0.63389  0.63380 
 31.24500  0.62479  0.62472 
 31.34500  0.61516  0.61508 
 31.44500  0.60503  0.60500 
 31.54500  0.59450  0.59445 
 31.64500  0.58354  0.58352 
 31.74500  0.57228  0.57223 
 31.84500  0.56072  0.56064 
 31.94500  0.54887  0.54880 
 32.04500  0.53684  0.53680 
 32.14500  0.52471  0.52469 
 32.24500  0.51245  0.51249 
 32.34500  0.50029  0.50026 
 32.44500  0.48810  0.48807 
 32.54500  0.47599  0.47600 
 32.64500  0.46404  0.46405 
 32.74500  0.45231  0.45233 
 32.84500  0.44085  0.44087 
 32.94500  0.42967  0.42972 
 33.04500  0.41890  0.41892 
 33.14500  0.40851  0.40854 
 33.24500  0.39858  0.39864 
 33.34500  0.38918  0.38927 
 33.44500  0.38035  0.38041 
 33.54500  0.37208  0.37216 
 33.64500  0.36450  0.36455 
 33.74500  0.35755  0.35762 
 33.84500  0.35129  0.35137 
 33.94500  0.34578  0.34587 
 34.04500  0.34101  0.34111 
 34.14500  0.33702  0.33713 
 34.24500  0.33387  0.33393 
 34.34500  0.33148  0.33157 
 34.44500  0.32994  0.33002 
 34.54500  0.32922  0.32930 
 34.64500  0.32931  0.32942 
 34.74500  0.33028  0.33037 
 34.84500  0.33205  0.33214 
 34.94500  0.33463  0.33475 
 35.04500  0.33804  0.33814 
 35.14500  0.34223  0.34233 
 35.24500  0.34719  0.34729 
 35.34500  0.35292  0.35302 
 35.44500  0.35935  0.35943 
 35.54500  0.36650  0.36658 
 35.64500  0.37428  0.37435 
 35.74500  0.38268  0.38276 
 35.84500  0.39167  0.39176 
 35.94500  0.40121  0.40131 
 36.04500  0.41125  0.41134 
 36.14500  0.42175  0.42183 
 36.24500  0.43265  0.43273 
 36.34500  0.44391  0.44397 
 36.44500  0.45543  0.45551 
 36.54500  0.46725  0.46731 
 36.64500  0.47923  0.47930 
 36.74500  0.49135  0.49140 
 36.84500  0.50354  0.50360 
 36.94500  0.51577  0.51582 
 37.04500  0.52798  0.52802 
 37.14500  0.54008  0.54010 
 37.24500  0.55205  0.55207 
 37.34500  0.56381  0.56384 
 37.44500  0.57534  0.57533 
 37.54500  0.58652  0.58654 
 37.64500  0.59737  0.59737 
 37.74500  0.60779  0.60781 
 37.84500  0.61779  0.61778 
 37.94500  0.62723  0.62726 
 38.04500  0.63617  0.63617 
 38.14500  0.64456  0.64450 
 38.24500  0.65225  0.65223 
 38.34500  0.65930  0.65928 
 38.44500  0.66567  0.66564 
 38.54500  0.67131  0.67128 
 38.64500  0.67617  0.67617 
 38.74500  0.68031  0.68030 
 38.84500  0.68363  0.68363 
 38.94500  0.68616  0.68615 
 39.04500  0.68787  0.68786 
 39.14500  0.68875  0.68874 
 39.24500  0.68880  0.68880 
 39.34500  0.68802  0.68801 
 39.44500  0.68644  0.68644 
 39.54500  0.68403  0.68401 
 39.64500  0.68080  0.68079 
 39.74500  0.67679  0.67678 
 39.84500  0.67201  0.67201 
 39.94500  0.66647  0.66648 
 40.04500  0.66020  0.66021 
 40.14500  0.65323  0.65325 
 40.24500  0.64560  0.64561 
 40.34500  0.63735  0.63738 
 40.44500  0.62847  0.62852 
 40.54500  0.61909  0.61911 
 40.64500  0.60917  0.60923 
 40.74500  0.59882  0.59884 
 40.84500  0.58803  0.58805 
 40.94500  0.57687  0.57691 
 41.04500  0.56540  0.56544 
 41.14500  0.55365  0.55372 
 41.24500  0.54172  0.54180 
 41.34500  0.52960  0.52969 
 41.44500  0.51740  0.51751 
 41.54500  0.50520  0.50529 
 41.64500  0.49305  0.49309 
 41.74500  0.48085  0.48095 
 41.84500  0.46883  0.46894 
 41.94500  0.45700  0.45713 
 42.04500  0.44542  0.44555 
 42.14500  0.43415  0.43427 
 42.24500  0.42320  0.42332 
 42.34500  0.41263  0.41277 
 42.44500  0.40254  0.40266 
 42.54500  0.39291  0.39305 
 42.64500  0.38383  0.38400 
 42.74500  0.37534  0.37548 
 42.84500  0.36747  0.36763 
 42.94500  0.36022  0.36038 
 43.04500  0.35369  0.35385 
 43.14500  0.34787  0.34804 
 43.24500  0.34281  0.34296 
 43.34500  0.33850  0.33867 
 43.44500  0.33498  0.33517 
 43.54500  0.33228  0.33246 
 43.64500  0.33038  0.33058 
 43.74500  0.32932  0.32950 
 43.84500  0.32907  0.32927 
 43.94500  0.32967  0.32988 
 44.04500  0.33113  0.33132 
 44.14500  0.33339  0.33356 
 44.24500  0.33646  0.33664 
 44.34500  0.34036  0.34050 
 44.44500  0.34497  0.34516 
 44.54500  0.35039  0.35056 
 44.64500  0.35652  0.35671 
 44.74500  0.36337  0.36357 
 44.84500  0.37090  0.37106 
 44.94500  0.37909  0.37923 
 45.04500  0.38783  0.38799 
 45.14500  0.39715  0.39732 
 45.24500  0.40698  0.40713 
 45.34500  0.41728  0.41746 
 45.44500  0.42804  0.42818 
 45.54500  0.43914  0.43929 
 45.64500  0.45057  0.45071 
 45.74500  0.46226  0.46242 
 45.84500  0.47419  0.47430 
 45.94500  0.48629  0.48639 
 46.04500  0.49847  0.49857 
 46.14500  0.51063  0.51079 
 46.24500  0.52286  0.52300 
 46.34500  0.53503  0.53515 
 46.44500  0.54706  0.54718 
 46.54500  0.55893  0.55902 
 46.64500  0.57053  0.57063 
 46.74500  0.58187  0.58196 
 46.84500  0.59287  0.59296 
 46.94500  0.60347  0.60357 
 47.04500  0.61366  0.61371 
 47.14500  0.62331  0.62341 
 47.24500  0.63251  0.63256 
 47.34500  0.64108  0.64114 
 47.44500  0.64906  0.64911 
 47.54500  0.65639  0.65645 
 47.64500  0.66304  0.66311 
 47.74500  0.66897  0.66905 
 47.84500  0.67420  0.67423 
 47.94500  0.67864  0.67869 
 48.04500  0.68229  0.68235 
 48.14500  0.68513  0.68520 
 48.24500  0.68718  0.68725 
 48.34500  0.68842  0.68848 
 48.44500  0.68881  0.68888 
 48.54500  0.68837  0.68843 
 48.64500  0.68711  0.68720 
 48.74500  0.68504  0.68511 
 48.84500  0.68217  0.68224 
 48.94500  0.67846  0.67854 
 49.04500  0.67398  0.67407 
 49.14500  0.66875  0.66883 
 49.24500  0.66278  0.66287 
 49.34500  0.65612  0.65620 
 49.44500  0.64874  0.64884 
 49.54500  0.64073  0.64084 
 49.64500  0.63212  0.63223 
 49.74500  0.62292  0.62307 
 49.84500  0.61323  0.61336 
 49.94500  0.60305  0.60317 
 50.04500  0.59240  0.59255 
 50.14500  0.58142  0.58155 
 50.24500  0.57007  0.57020 
 50.34500  0.55843  0.55857 
 50.44500  0.54659  0.54670 
 50.54500  0.53453  0.53469 
 50.64500  0.52236  0.52255 
 50.74500  0.51014  0.51032 
 50.84500  0.49796  0.49811 
 50.94500  0.48577  0.48594 
 51.04500  0.47368  0.47390 
 51.14500  0.46178  0.46197 
 51.24500  0.45008  0.45028 
 51.34500  0.43866  0.43888 
 51.44500  0.42758  0.42777 
 51.54500  0.41688  0.41707 
 51.64500  0.40656  0.40680 
 51.74500  0.39674  0.39696 
 51.84500  0.38744  0.38766 
 51.94500  0.37868  0.37893 
 52.04500  0.37054  0.37077 
 52.14500  0.36304  0.36329 
 52.24500  0.35621  0.35646 
 52.34500  0.35009  0.35036 
 52.44500  0.34472  0.34497 
 52.54500  0.34009  0.34035 
 52.64500  0.33625  0.33651 
 52.74500  0.33321  0.33347 
 52.84500  0.33100  0.33124 
 52.94500  0.32959  0.32985 
 53.04500  0.32901  0.32926 
 53.14500  0.32928  0.32954 
 53.24500  0.33036  0.33063 
 53.34500  0.33230  0.33254 
 53.44500  0.33503  0.33528 
 53.54500  0.33858  0.33882 
 53.64500  0.34290  0.34315 
 53.74500  0.34800  0.34824 
 53.84500  0.35386  0.35408 
 53.94500  0.36043  0.36066 
 54.04500  0.36765  0.36789 
 54.14500  0.37557  0.37578 
 54.24500  0.38408  0.38430 
 54.34500  0.39320  0.39341 
 54.44500  0.40280  0.40303 
 54.54500  0.41295  0.41315 
 54.64500  0.42349  0.42372 
 54.74500  0.43446  0.43467 
 54.84500  0.44575  0.44596 
 54.94500  0.45734  0.45756 
 55.04500  0.46919  0.46940 
 55.14500  0.48123  0.48140 
 55.24500  0.49339  0.49352 
 55.34500  0.50553  0.50571 
 55.44500  0.51772  0.51793 
 55.54500  0.52991  0.53008 
 55.64500  0.54201  0.54220 
 55.74500  0.55395  0.55408 
 55.84500  0.56567  0.56579 
 55.94500  0.57706  0.57722 
 56.04500  0.58823  0.58834 
 56.14500  0.59896  0.59909 
 56.24500  0.60930  0.60939 
 56.34500  0.61916  0.61927 
 56.44500  0.62849  0.62862 
 56.54500  0.63726  0.63738 
 56.64500  0.64547  0.64557 
 56.74500  0.65299  0.65311 
 56.84500  0.65988  0.65998 
 56.94500  0.66603  0.66614 
 57.04500  0.67147  0.67154 
 57.14500  0.67612  0.67621 
 57.24500  0.67997  0.68007 
 57.34500  0.68303  0.68313 
 57.44500  0.68525  0.68536 
 57.54500  0.68665  0.68674 
 57.64500  0.68720  0.68728 
 57.74500  0.68687  0.68698 
 57.84500  0.68569  0.68580 
 57.94500  0.68366  0.68377 
 58.04500  0.68079  0.68088 
 58.14500  0.67705  0.67716 
 58.24500  0.67249  0.67261 
 58.34500  0.66711  0.66723 
 58.44500  0.66090  0.66102 
 58.54500  0.65393  0.65406 
 58.64500  0.64620  0.64634 
 58.74500  0.63772  0.63788 
 58.84500  0.62857  0.62871 
 58.94500  0.61874  0.61887 
 59.04500  0.60825  0.60840 
 59.14500  0.59714  0.59732 
 59.24500  0.58549  0.58567 
 59.34500  0.57329  0.57346 
 59.44500  0.56062  0.56081 
 59.54500  0.54747  0.54766 
 59.64500  0.53397  0.53413 
 59.74500  0.52006  0.52027 
 59.84500  0.50582  0.50605 
 59.94500  0.49130  0.49156 
 60.04500  0.47662  0.47684 
 60.14500  0.46175  0.46195 
 60.24500  0.44667  0.44690 
 60.34500  0.43151  0.43175 
 60.44500  0.41630  0.41654 
 60.54500  0.40104  0.40132 
 60.64500  0.38588  0.38612 
 60.74500  0.37071  0.37099 
 60.84500  0.35567  0.35595 
 60.94500  0.34078  0.34107 
 61.04500  0.32605  0.32634 
 61.14500  0.31153  0.31183 
 61.24500  0.29724  0.29755 
 61.34500  0.28322  0.28354 
 61.44500  0.26949  0.26981 
 61.54500  0.25607  0.25642 
 61.64500  0.24300  0.24337 
 61.74500  0.23032  0.23067 
 61.84500  0.21800  0.21834 
 61.94500  0.20609  0.20644 
 62.04500  0.19458  0.19494 
 62.14500  0.18349  0.18388 
 62.24500  0.17290  0.17325 
 62.34500  0.16270  0.16310 
 62.44500  0.15298  0.15336 
 62.54500  0.14374  0.14410 
 62.64500  0.13495  0.13532 
 62.74500  0.12661  0.12702 
 62.84500  0.11882  0.11919 
 62.94500  0.11145  0.11186 
 63.04500  0.10460  0.10498 
 63.14500  0.09820  0.09862 
 63.24500  0.09230  0.09270 
 63.34500  0.08687  0.08728 
 63.44500  0.08191  0.08232 
 63.54500  0.07743  0.07785 
 63.64500  0.07343  0.07385 
 63.74500  0.06991  0.07032 
 63.84500  0.06684  0.06727 
 63.94500  0.06425  0.06465 
 64.04500  0.06211  0.06252 
 64.14500  0.06046  0.06086 
 64.24500  0.05925  0.05965 
 64.34500  0.05851  0.05891 
