  0.04500  0.99999  1.00000 
  0.14500  1.00000  1.00000 
  0.24500  1.00000  1.00000 
  0.34500  1.00000  1.00000 
  0.44500  1.00000  1.00000 
  0.54500  1.00000  1.00000 
  0.64500  0.99999  1.00000 
  0.74500  0.99998  1.00000 
  0.84500  1.00000  1.00000 
  0.94500  1.00001  1.00000 
  1.04500  1.00000  1.00000 
  1.14500  1.00000  1.00000 
  1.24500  1.00000  1.00000 
  1.34500  1.00000  1.00000 
  1.44500  0.99997  1.00000 
  1.54500  0.99996  1.00000 
  1.64500  0.99994  0.99990 
  1.74500  0.99988  0.99989 
  1.84500  0.99980  0.99979 
  1.94500  0.99965  0.99965 
  2.04500  0.99941  0.99942 
  2.14500  0.99906  0.99907 
  2.24500  0.99851  0.99851 
  2.34500  0.99764  0.99765 
  2.44500  0.99641  0.99639 
  2.54500  0.99458  0.99456 
  2.64500  0.99194  0.99193 
  2.74500  0.98827  0.98823 
  2.84500  0.98319  0.98319 
  2.94500  0.97636  0.97637 
  3.04500  0.96733  0.96735 
  3.14500  0.95566  0.95565 
  3.24500  0.94088  0.94079 
  3.34500  0.92244  0.92233 
  3.44500  0.89992  0.89974 
  3.54500  0.87292  0.87269 
  3.64500  0.84112  0.84101 
  3.74500  0.80436  0.80449 
  3.84500  0.76289  0.76331 
  3.94500  0.71717  0.71780 
  4.04500  0.66802  0.66841 
  4.14500  0.61640  0.61592 
  4.24500  0.56325  0.56121 
  4.34500  0.50588  0.50530 
  4.44500  0.44689  0.44928 
  4.54500  0.39353  0.39427 
  4.64500  0.34157  0.34127 
  4.74500  0.29186  0.29125 
  4.84500  0.24542  0.24495 
  4.94500  0.20310  0.20290 
  5.04500  0.16545  0.16553 
  5.14500  0.13270  0.13290 
  5.24500  0.10480  0.10503 
  5.34500  0.08148  0.08162 
  5.44500  0.06233  0.06241 
  5.54500  0.04688  0.04692 
  5.64500  0.03470  0.03468 
  5.74500  0.02523  0.02525 
  5.84500  0.01808  0.01808 
  5.94500  0.01280  0.01281 
  6.04500  0.00904  0.00905 
  6.14500  0.00648  0.00651 
  6.24500  0.00490  0.00490 
  6.34500  0.00414  0.00415 
  6.44500  0.00414  0.00415 
  6.54500  0.00487  0.00489 
  6.64500  0.00646  0.00645 
  6.74500  0.00898  0.00900 
  6.84500  0.01273  0.01273 
  6.94500  0.01799  0.01800 
  7.04500  0.02510  0.02510 
  7.14500  0.03452  0.03453 
  7.24500  0.04669  0.04673 
  7.34500  0.06207  0.06215 
  7.44500  0.08119  0.08132 
  7.54500  0.10442  0.10464 
  7.64500  0.13227  0.13247 
  7.74500  0.16492  0.16501 
  7.84500  0.20250  0.20233 
  7.94500  0.24477  0.24428 
  8.04500  0.29115  0.29055 
  8.14500  0.34081  0.34052 
  8.24500  0.39275  0.39347 
  8.34500  0.44609  0.44847 
  8.44500  0.50494  0.50446 
  8.54500  0.56244  0.56039 
  8.64500  0.61560  0.61512 
  8.74500  0.66727  0.66766 
  8.84500  0.71647  0.71708 
  8.94500  0.76223  0.76267 
  9.04500  0.80380  0.80393 
  9.14500  0.84060  0.84050 
  9.24500  0.87250  0.87228 
  9.34500  0.89957  0.89937 
  9.44500  0.92215  0.92200 
  9.54500  0.94061  0.94055 
  9.64500  0.95547  0.95545 
  9.74500  0.96718  0.96718 
  9.84500  0.97624  0.97622 
  9.94500  0.98308  0.98308 
 10.04500  0.98817  0.98815 
 10.14500  0.99186  0.99183 
 10.24500  0.99445  0.99445 
 10.34500  0.99624  0.99622 
 10.44500  0.99738  0.99739 
 10.54500  0.99805  0.99804 
 10.64500  0.99834  0.99834 
 10.74500  0.99825  0.99825 
 10.84500  0.99780  0.99780 
 10.94500  0.99691  0.99692 
 11.04500  0.99549  0.99550 
 11.14500  0.99337  0.99337 
 11.24500  0.99030  0.99030 
 11.34500  0.98603  0.98601 
 11.44500  0.98018  0.98018 
 11.54500  0.97238  0.97238 
 11.64500  0.96216  0.96215 
 11.74500  0.94906  0.94902 
 11.84500  0.93262  0.93251 
 11.94500  0.91230  0.91214 
 12.04500  0.88771  0.88749 
 12.14500  0.85844  0.85826 
 12.24500  0.82430  0.82427 
 12.34500  0.78526  0.78553 
 12.44500  0.74167  0.74222 
 12.54500  0.69421  0.69481 
 12.64500  0.64378  0.64386 
 12.74500  0.59130  0.59018 
 12.84500  0.53771  0.53477 
 12.94500  0.47629  0.47866 
 13.04500  0.42146  0.42300 
 13.14500  0.36866  0.36884 
 13.24500  0.31763  0.31713 
 13.34500  0.26937  0.26877 
 13.44500  0.22480  0.22445 
 13.54500  0.18462  0.18460 
 13.64500  0.14930  0.14945 
 13.74500  0.11887  0.11912 
 13.84500  0.09319  0.09338 
 13.94500  0.07189  0.07200 
 14.04500  0.05456  0.05460 
 14.14500  0.04069  0.04073 
 14.24500  0.02985  0.02984 
 14.34500  0.02151  0.02152 
 14.44500  0.01524  0.01526 
 14.54500  0.01064  0.01065 
 14.64500  0.00735  0.00736 
 14.74500  0.00508  0.00510 
 14.84500  0.00359  0.00360 
 14.94500  0.00278  0.00276 
 15.04500  0.00244  0.00242 
 15.14500  0.00260  0.00259 
 15.24500  0.00326  0.00326 
 15.34500  0.00451  0.00452 
 15.44500  0.00649  0.00652 
 15.54500  0.00942  0.00944 
 15.64500  0.01355  0.01356 
 15.74500  0.01923  0.01924 
 15.84500  0.02683  0.02682 
 15.94500  0.03679  0.03680 
 16.04500  0.04961  0.04963 
 16.14500  0.06573  0.06583 
 16.24500  0.08567  0.08584 
 16.34500  0.10985  0.11007 
 16.44500  0.13867  0.13886 
 16.54500  0.17236  0.17241 
 16.64500  0.21096  0.21072 
 16.74500  0.25415  0.25360 
 16.84500  0.30128  0.30069 
 16.94500  0.35150  0.35135 
 17.04500  0.40380  0.40480 
 17.14500  0.45735  0.46012 
 17.24500  0.51795  0.51618 
 17.34500  0.57364  0.57195 
 17.44500  0.62656  0.62632 
 17.54500  0.67777  0.67827 
 17.64500  0.72633  0.72694 
 17.74500  0.77129  0.77168 
 17.84500  0.81188  0.81194 
 17.94500  0.84766  0.84752 
 18.04500  0.87853  0.87832 
 18.14500  0.90463  0.90444 
 18.24500  0.92632  0.92620 
 18.34500  0.94401  0.94395 
 18.44500  0.95817  0.95814 
 18.54500  0.96928  0.96927 
 18.64500  0.97783  0.97785 
 18.74500  0.98431  0.98429 
 18.84500  0.98907  0.98906 
 18.94500  0.99253  0.99250 
 19.04500  0.99496  0.99496 
 19.14500  0.99663  0.99663 
 19.24500  0.99775  0.99775 
 19.34500  0.99849  0.99849 
 19.44500  0.99890  0.99891 
 19.54500  0.99904  0.99908 
 19.64500  0.99899  0.99901 
 19.74500  0.99872  0.99873 
 19.84500  0.99816  0.99816 
 19.94500  0.99723  0.99723 
 20.04500  0.99584  0.99583 
 20.14500  0.99378  0.99377 
 20.24500  0.99087  0.99084 
 20.34500  0.98677  0.98677 
 20.44500  0.98116  0.98117 
 20.54500  0.97366  0.97365 
 20.64500  0.96383  0.96383 
 20.74500  0.95117  0.95115 
 20.84500  0.93523  0.93514 
 20.94500  0.91554  0.91536 
 21.04500  0.89158  0.89138 
 21.14500  0.86302  0.86281 
 21.24500  0.82960  0.82953 
 21.34500  0.79126  0.79149 
 21.44500  0.74831  0.74886 
 21.54500  0.70137  0.70198 
 21.64500  0.65129  0.65149 
 21.74500  0.59906  0.59816 
 21.84500  0.54559  0.54295 
 21.94500  0.48536  0.48686 
 22.04500  0.42930  0.43106 
 22.14500  0.37629  0.37660 
 22.24500  0.32496  0.32449 
 22.34500  0.27623  0.27561 
 22.44500  0.23105  0.23066 
 22.54500  0.19020  0.19011 
 22.64500  0.15414  0.15429 
 22.74500  0.12301  0.12324 
 22.84500  0.09667  0.09686 
 22.94500  0.07473  0.07488 
 23.04500  0.05687  0.05693 
 23.14500  0.04252  0.04255 
 23.24500  0.03126  0.03127 
 23.34500  0.02257  0.02258 
 23.44500  0.01600  0.01602 
 23.54500  0.01117  0.01117 
 23.64500  0.00767  0.00768 
 23.74500  0.00519  0.00521 
 23.84500  0.00349  0.00351 
 23.94500  0.00242  0.00239 
 24.04500  0.00173  0.00176 
 24.14500  0.00142  0.00144 
 24.24500  0.00144  0.00146 
 24.34500  0.00179  0.00180 
 24.44500  0.00250  0.00249 
 24.54500  0.00365  0.00367 
 24.64500  0.00543  0.00543 
 24.74500  0.00800  0.00800 
 24.84500  0.01163  0.01165 
 24.94500  0.01663  0.01666 
 25.04500  0.02342  0.02340 
 25.14500  0.03236  0.03238 
 25.24500  0.04394  0.04397 
 25.34500  0.05864  0.05871 
 25.44500  0.07696  0.07709 
 25.54500  0.09934  0.09953 
 25.64500  0.12620  0.12645 
 25.74500  0.15790  0.15802 
 25.84500  0.19449  0.19435 
 25.94500  0.23582  0.23542 
 26.04500  0.28142  0.28082 
 26.14500  0.33050  0.33009 
 26.24500  0.38207  0.38252 
 26.34500  0.43518  0.43717 
 26.44500  0.49223  0.49305 
 26.54500  0.55153  0.54910 
 26.64500  0.60491  0.60414 
 26.74500  0.65695  0.65721 
 26.84500  0.70672  0.70734 
 26.94500  0.75328  0.75375 
 27.04500  0.79572  0.79592 
 27.14500  0.83351  0.83345 
 27.24500  0.86640  0.86621 
 27.34500  0.89443  0.89422 
 27.44500  0.91791  0.91776 
 27.54500  0.93719  0.93709 
 27.64500  0.95273  0.95270 
 27.74500  0.96503  0.96504 
 27.84500  0.97459  0.97459 
 27.94500  0.98186  0.98184 
 28.04500  0.98728  0.98724 
 28.14500  0.99121  0.99118 
 28.24500  0.99399  0.99400 
 28.34500  0.99593  0.99593 
 28.44500  0.99718  0.99719 
 28.54500  0.99795  0.99795 
 28.64500  0.99832  0.99830 
 28.74500  0.99829  0.99830 
 28.84500  0.99792  0.99792 
 28.94500  0.99713  0.99714 
 29.04500  0.99583  0.99583 
 29.14500  0.99386  0.99386 
 29.24500  0.99101  0.99102 
 29.34500  0.98701  0.98700 
 29.44500  0.98153  0.98151 
 29.54500  0.97414  0.97415 
 29.64500  0.96444  0.96443 
 29.74500  0.95199  0.95196 
 29.84500  0.93624  0.93615 
 29.94500  0.91676  0.91662 
 30.04500  0.89307  0.89286 
 30.14500  0.86477  0.86458 
 30.24500  0.83162  0.83157 
 30.34500  0.79358  0.79378 
 30.44500  0.75089  0.75139 
 30.54500  0.70414  0.70475 
 30.64500  0.65422  0.65445 
 30.74500  0.60209  0.60127 
 30.84500  0.54867  0.54613 
 30.94500  0.48898  0.49005 
 31.04500  0.43233  0.43421 
 31.14500  0.37927  0.37964 
 31.24500  0.32781  0.32738 
 31.34500  0.27889  0.27830 
 31.44500  0.23351  0.23310 
 31.54500  0.19241  0.19230 
 31.64500  0.15607  0.15620 
 31.74500  0.12467  0.12487 
 31.84500  0.09803  0.09824 
 31.94500  0.07589  0.07601 
 32.04500  0.05777  0.05784 
 32.14500  0.04326  0.04328 
 32.24500  0.03183  0.03184 
 32.34500  0.02302  0.02302 
 32.44500  0.01636  0.01637 
 32.54500  0.01144  0.01147 
 32.64500  0.00791  0.00795 
 32.74500  0.00546  0.00550 
 32.84500  0.00384  0.00385 
 32.94500  0.00290  0.00289 
 33.04500  0.00247  0.00245 
 33.14500  0.00253  0.00252 
 33.24500  0.00309  0.00308 
 33.34500  0.00419  0.00421 
 33.44500  0.00602  0.00604 
 33.54500  0.00873  0.00874 
 33.64500  0.01259  0.01261 
 33.74500  0.01791  0.01795 
 33.84500  0.02509  0.02509 
 33.94500  0.03456  0.03457 
 34.04500  0.04673  0.04678 
 34.14500  0.06217  0.06223 
 34.24500  0.08129  0.08142 
 34.34500  0.10456  0.10479 
 34.44500  0.13242  0.13263 
 34.54500  0.16512  0.16521 
 34.64500  0.20272  0.20258 
 34.74500  0.24502  0.24455 
 34.84500  0.29142  0.29080 
 34.94500  0.34109  0.34082 
 35.04500  0.39304  0.39378 
 35.14500  0.44640  0.44877 
 35.24500  0.50532  0.50477 
 35.34500  0.56274  0.56069 
 35.44500  0.61592  0.61543 
 35.54500  0.66756  0.66796 
 35.64500  0.71674  0.71734 
 35.74500  0.76249  0.76292 
 35.84500  0.80403  0.80414 
 35.94500  0.84080  0.84068 
 36.04500  0.87265  0.87244 
 36.14500  0.89972  0.89950 
 36.24500  0.92226  0.92213 
 36.34500  0.94072  0.94066 
 36.44500  0.95554  0.95553 
 36.54500  0.96726  0.96725 
 36.64500  0.97628  0.97629 
 36.74500  0.98315  0.98314 
 36.84500  0.98822  0.98822 
 36.94500  0.99192  0.99190 
 37.04500  0.99454  0.99455 
 37.14500  0.99641  0.99638 
 37.24500  0.99764  0.99765 
 37.34500  0.99851  0.99849 
 37.44500  0.99904  0.99904 
 37.54500  0.99938  0.99940 
 37.64500  0.99960  0.99960 
 37.74500  0.99972  0.99970 
 37.84500  0.99974  0.99970 
 37.94500  0.99968  0.99968 
 38.04500  0.99953  0.99953 
 38.14500  0.99925  0.99928 
 38.24500  0.99885  0.99885 
 38.34500  0.99819  0.99819 
 38.44500  0.99719  0.99720 
 38.54500  0.99573  0.99573 
 38.64500  0.99360  0.99359 
 38.74500  0.99057  0.99057 
 38.84500  0.98633  0.98633 
 38.94500  0.98059  0.98060 
 39.04500  0.97291  0.97290 
 39.14500  0.96285  0.96283 
 39.24500  0.94992  0.94990 
 39.34500  0.93368  0.93360 
 39.44500  0.91361  0.91345 
 39.54500  0.88931  0.88908 
 39.64500  0.86031  0.86012 
 39.74500  0.82644  0.82642 
 39.84500  0.78771  0.78795 
 39.94500  0.74440  0.74493 
 40.04500  0.69711  0.69772 
 40.14500  0.64682  0.64695 
 40.24500  0.59445  0.59343 
 40.34500  0.54087  0.53808 
 40.44500  0.47993  0.48201 
 40.54500  0.42463  0.42625 
 40.64500  0.37175  0.37196 
 40.74500  0.32061  0.32010 
 40.84500  0.27212  0.27154 
 40.94500  0.22732  0.22696 
 41.04500  0.18688  0.18680 
 41.14500  0.15125  0.15141 
 41.24500  0.12054  0.12078 
 41.34500  0.09458  0.09479 
 41.44500  0.07304  0.07316 
 41.54500  0.05549  0.05553 
 41.64500  0.04143  0.04143 
 41.74500  0.03040  0.03041 
 41.84500  0.02191  0.02193 
 41.94500  0.01552  0.01553 
 42.04500  0.01080  0.01082 
 42.14500  0.00737  0.00739 
 42.24500  0.00495  0.00496 
 42.34500  0.00326  0.00328 
 42.44500  0.00213  0.00215 
 42.54500  0.00136  0.00138 
 42.64500  0.00090  0.00089 
 42.74500  0.00060  0.00061 
 42.84500  0.00046  0.00047 
 42.94500  0.00045  0.00045 
 43.04500  0.00056  0.00055 
 43.14500  0.00082  0.00081 
 43.24500  0.00122  0.00124 
 43.34500  0.00192  0.00191 
 43.44500  0.00295  0.00294 
 43.54500  0.00448  0.00449 
 43.64500  0.00671  0.00670 
 43.74500  0.00984  0.00987 
 43.84500  0.01422  0.01421 
 43.94500  0.02016  0.02016 
 44.04500  0.02808  0.02809 
 44.14500  0.03844  0.03844 
 44.24500  0.05171  0.05175 
 44.34500  0.06833  0.06844 
 44.44500  0.08887  0.08904 
 44.54500  0.11371  0.11393 
 44.64500  0.14320  0.14339 
 44.74500  0.17761  0.17762 
 44.84500  0.21688  0.21662 
 44.94500  0.26069  0.26014 
 45.04500  0.30833  0.30778 
 45.14500  0.35893  0.35889 
 45.24500  0.41146  0.41266 
 45.34500  0.46510  0.46814 
 45.44500  0.52703  0.52426 
 45.54500  0.58133  0.57988 
 45.64500  0.63406  0.63395 
 45.74500  0.68494  0.68548 
 45.84500  0.73303  0.73363 
 45.94500  0.77741  0.77774 
 46.04500  0.81733  0.81735 
 46.14500  0.85241  0.85225 
 46.24500  0.88258  0.88236 
 46.34500  0.90801  0.90785 
 46.44500  0.92909  0.92899 
 46.54500  0.94624  0.94620 
 46.64500  0.95993  0.95991 
 46.74500  0.97063  0.97064 
 46.84500  0.97885  0.97884 
 46.94500  0.98500  0.98499 
 47.04500  0.98951  0.98950 
 47.14500  0.99271  0.99270 
 47.24500  0.99488  0.99488 
 47.34500  0.99626  0.99625 
 47.44500  0.99696  0.99696 
 47.54500  0.99708  0.99708 
 47.64500  0.99665  0.99668 
 47.74500  0.99562  0.99563 
 47.84500  0.99386  0.99386 
 47.94500  0.99118  0.99119 
 48.04500  0.98735  0.98734 
 48.14500  0.98203  0.98203 
 48.24500  0.97486  0.97485 
 48.34500  0.96540  0.96541 
 48.44500  0.95320  0.95318 
 48.54500  0.93780  0.93771 
 48.64500  0.91865  0.91852 
 48.74500  0.89536  0.89516 
 48.84500  0.86750  0.86730 
 48.94500  0.83479  0.83471 
 49.04500  0.79717  0.79733 
 49.14500  0.75487  0.75533 
 49.24500  0.70844  0.70906 
 49.34500  0.65878  0.65907 
 49.44500  0.60679  0.60610 
 49.54500  0.55346  0.55110 
 49.64500  0.49453  0.49507 
 49.74500  0.43711  0.43917 
 49.84500  0.38395  0.38445 
 49.94500  0.33231  0.33193 
 50.04500  0.28314  0.28254 
 50.14500  0.23739  0.23698 
 50.24500  0.19587  0.19576 
 50.34500  0.15909  0.15925 
 50.44500  0.12726  0.12750 
 50.54500  0.10022  0.10042 
 50.64500  0.07768  0.07783 
 50.74500  0.05924  0.05931 
 50.84500  0.04442  0.04445 
 50.94500  0.03273  0.03273 
 51.04500  0.02371  0.02370 
 51.14500  0.01685  0.01686 
 51.24500  0.01179  0.01179 
 51.34500  0.00810  0.00811 
 51.44500  0.00550  0.00552 
 51.54500  0.00370  0.00371 
 51.64500  0.00254  0.00255 
 51.74500  0.00181  0.00181 
 51.84500  0.00144  0.00146 
 51.94500  0.00141  0.00143 
 52.04500  0.00171  0.00172 
 52.14500  0.00239  0.00238 
 52.24500  0.00346  0.00345 
 52.34500  0.00513  0.00513 
 52.44500  0.00756  0.00757 
 52.54500  0.01101  0.01103 
 52.64500  0.01582  0.01581 
 52.74500  0.02229  0.02230 
 52.84500  0.03091  0.03090 
 52.94500  0.04210  0.04209 
 53.04500  0.05628  0.05633 
 53.14500  0.07402  0.07417 
 53.24500  0.09579  0.09600 
 53.34500  0.12199  0.12222 
 53.44500  0.15295  0.15310 
 53.54500  0.18882  0.18876 
 53.64500  0.22950  0.22912 
 53.74500  0.27453  0.27393 
 53.84500  0.32313  0.32268 
 53.94500  0.37441  0.37468 
 54.04500  0.42736  0.42908 
 54.14500  0.48320  0.48485 
 54.24500  0.54364  0.54094 
 54.34500  0.59718  0.59622 
 54.44500  0.64945  0.64961 
 54.54500  0.69962  0.70022 
 54.64500  0.74670  0.74721 
 54.74500  0.78981  0.79002 
 54.84500  0.82829  0.82825 
 54.94500  0.86189  0.86170 
 55.04500  0.89064  0.89043 
 55.14500  0.91474  0.91458 
 55.24500  0.93460  0.93452 
 55.34500  0.95065  0.95065 
 55.44500  0.96343  0.96342 
 55.54500  0.97334  0.97334 
 55.64500  0.98091  0.98093 
 55.74500  0.98657  0.98656 
 55.84500  0.99070  0.99070 
 55.94500  0.99363  0.99365 
 56.04500  0.99569  0.99569 
 56.14500  0.99704  0.99704 
 56.24500  0.99786  0.99787 
 56.34500  0.99827  0.99828 
 56.44500  0.99833  0.99832 
 56.54500  0.99800  0.99799 
 56.64500  0.99726  0.99727 
 56.74500  0.99608  0.99606 
 56.84500  0.99421  0.99420 
 56.94500  0.99150  0.99149 
 57.04500  0.98769  0.98768 
 57.14500  0.98243  0.98244 
 57.24500  0.97536  0.97534 
 57.34500  0.96601  0.96603 
 57.44500  0.95399  0.95398 
 57.54500  0.93879  0.93871 
 57.64500  0.91987  0.91971 
 57.74500  0.89680  0.89659 
 57.84500  0.86920  0.86900 
 57.94500  0.83679  0.83667 
 58.04500  0.79944  0.79961 
 58.14500  0.75739  0.75786 
 58.24500  0.71119  0.71181 
 58.34500  0.66166  0.66201 
 58.44500  0.60982  0.60918 
 58.54500  0.55652  0.55425 
 58.64500  0.49805  0.49826 
 58.74500  0.44015  0.44232 
 58.84500  0.38694  0.38750 
 58.94500  0.33519  0.33486 
 59.04500  0.28585  0.28526 
 59.14500  0.23988  0.23945 
 59.24500  0.19811  0.19798 
 59.34500  0.16107  0.16118 
 59.44500  0.12895  0.12917 
 59.54500  0.10164  0.10186 
 59.64500  0.07886  0.07900 
 59.74500  0.06018  0.06025 
 59.84500  0.04519  0.04519 
 59.94500  0.03332  0.03332 
 60.04500  0.02413  0.02416 
 60.14500  0.01717  0.01718 
 60.24500  0.01201  0.01201 
 60.34500  0.00824  0.00828 
 60.44500  0.00555  0.00557 
 60.54500  0.00368  0.00370 
 60.64500  0.00242  0.00240 
 60.74500  0.00153  0.00154 
 60.84500  0.00096  0.00096 
 60.94500  0.00059  0.00059 
 61.04500  0.00037  0.00035 
 61.14500  0.00021  0.00022 
 61.24500  0.00011  0.00011 
 61.34500  0.00006  0.00010 
 61.44500  0.00003  0.00001 
 61.54500  0.00002  0.00000 
 61.64500 -0.00000  0.00000 
 61.74500 -0.00000  0.00000 
 61.84500 -0.00001  0.00000 
 61.94500  0.00000  0.00000 
 62.04500 -0.00001  0.00000 
 62.14500 -0.00000  0.00000 
 62.24500  0.00001  0.00000 
 62.34500  0.00001  0.00000 
 62.44500 -0.00000  0.00000 
 62.54500 -0.00001  0.00000 
