  0.04500  0.51197  0.51160 
  0.14500  0.51197  0.51160 
  0.24500  0.51198  0.51160 
  0.34500  0.51198  0.51160 
  0.44500  0.51198  0.51160 
  0.54500  0.51198  0.51160 
  0.64500  0.51198  0.51160 
  0.74500  0.51198  0.51160 
  0.84500  0.51198  0.51160 
  0.94500  0.51197  0.51160 
  1.04500  0.51197  0.51160 
  1.14500  0.51196  0.51160 
  1.24500  0.51196  0.51160 
  1.34500  0.51196  0.51160 
  1.44500  0.51196  0.51160 
  1.54500  0.51194  0.51160 
  1.64500  0.51193  0.51160 
  1.74500  0.51193  0.51160 
  1.84500  0.51192  0.51160 
  1.94500  0.51191  0.51160 
  2.04500  0.51190  0.51160 
  2.14500  0.51190  0.51160 
  2.24500  0.51190  0.51160 
  2.34500  0.51189  0.51160 
  2.44500  0.51189  0.51154 
  2.54500  0.51190  0.51150 
  2.64500  0.51190  0.51150 
  2.74500  0.51189  0.51150 
  2.84500  0.51189  0.51150 
  2.94500  0.51188  0.51150 
  3.04500  0.51188  0.51150 
  3.14500  0.51189  0.51150 
  3.24500  0.51188  0.51150 
  3.34500  0.51188  0.51150 
  3.44500  0.51187  0.51150 
  3.54500  0.51186  0.51150 
  3.64500  0.51185  0.51150 
  3.74500  0.51184  0.51150 
  3.84500  0.51182  0.51150 
  3.94500  0.51182  0.51150 
  4.04500  0.51183  0.51150 
  4.14500  0.51182  0.51150 
  4.24500  0.51182  0.51150 
  4.34500  0.51182  0.51150 
  4.44500  0.51182  0.51150 
  4.54500  0.51182  0.51150 
  4.64500  0.51182  0.51150 
  4.74500  0.51181  0.51150 
  4.84500  0.51179  0.51150 
  4.94500  0.51180  0.51150 
  5.04500  0.51180  0.51150 
  5.14500  0.51178  0.51150 
  5.24500  0.51176  0.51150 
  5.34500  0.51177  0.51150 
  5.44500  0.51177  0.51150 
  5.54500  0.51176  0.51150 
  5.64500  0.51176  0.51150 
  5.74500  0.51174  0.51150 
  5.84500  0.51175  0.51150 
  5.94500  0.51175  0.51150 
  6.04500  0.51175  0.51150 
  6.14500  0.51175  0.51150 
  6.24500  0.51174  0.51150 
  6.34500  0.51173  0.51142 
  6.44500  0.51172  0.51140 
  6.54500  0.51172  0.51140 
  6.64500  0.51172  0.51140 
  6.74500  0.51172  0.51140 
  6.84500  0.51173  0.51140 
  6.94500  0.51173  0.51140 
  7.04500  0.51171  0.51140 
  7.14500  0.51168  0.51140 
  7.24500  0.51166  0.51140 
  7.34500  0.51167  0.51140 
  7.44500  0.51167  0.51140 
  7.54500  0.51168  0.51140 
  7.64500  0.51167  0.51140 
  7.74500  0.51167  0.51140 
  7.84500  0.51166  0.51140 
  7.94500  0.51166  0.51140 
  8.04500  0.51165  0.51140 
  8.14500  0.51165  0.51140 
  8.24500  0.51165  0.51140 
  8.34500  0.51164  0.51140 
  8.44500  0.51164  0.51140 
  8.54500  0.51164  0.51140 
  8.64500  0.51163  0.51132 
  8.74500  0.51162  0.51130 
  8.84500  0.51162  0.51130 
  8.94500  0.51161  0.51130 
  9.04500  0.51161  0.51130 
  9.14500  0.51161  0.51130 
  9.24500  0.51161  0.51130 
  9.34500  0.51161  0.51130 
  9.44500  0.51159  0.51130 
  9.54500  0.51158  0.51130 
  9.64500  0.51158  0.51130 
  9.74500  0.51159  0.51130 
  9.84500  0.51158  0.51130 
  9.94500  0.51157  0.51130 
 10.04500  0.51156  0.51130 
 10.14500  0.51153  0.51130 
 10.24500  0.51154  0.51130 
 10.34500  0.51153  0.51130 
 10.44500  0.51152  0.51125 
 10.54500  0.51153  0.51120 
 10.64500  0.51152  0.51120 
 10.74500  0.51151  0.51120 
 10.84500  0.51150  0.51120 
 10.94500  0.51150  0.51120 
 11.04500  0.51149  0.51120 
 11.14500  0.51149  0.51120 
 11.24500  0.51148  0.51120 
 11.34500  0.51146  0.51120 
 11.44500  0.51146  0.51120 
 11.54500  0.51146  0.51120 
 11.64500  0.51146  0.51120 
 11.74500  0.51145  0.51120 
 11.84500  0.51143  0.51120 
 11.94500  0.51143  0.51120 
 12.04500  0.51143  0.51113 
 12.14500  0.51141  0.51110 
 12.24500  0.51141  0.51110 
 12.34500  0.51140  0.51110 
 12.44500  0.51139  0.51110 
 12.54500  0.51137  0.51110 
 12.64500  0.51136  0.51110 
 12.74500  0.51135  0.51110 
 12.84500  0.51135  0.51110 
 12.94500  0.51132  0.51110 
 13.04500  0.51131  0.51110 
 13.14500  0.51131  0.51110 
 13.24500  0.51131  0.51110 
 13.34500  0.51129  0.51110 
 13.44500  0.51128  0.51104 
 13.54500  0.51129  0.51100 
 13.64500  0.51128  0.51100 
 13.74500  0.51127  0.51100 
 13.84500  0.51126  0.51100 
 13.94500  0.51125  0.51100 
 14.04500  0.51124  0.51100 
 14.14500  0.51123  0.51100 
 14.24500  0.51123  0.51100 
 14.34500  0.51122  0.51100 
 14.44500  0.51120  0.51100 
 14.54500  0.51121  0.51100 
 14.64500  0.51119  0.51100 
 14.74500  0.51118  0.51094 
 14.84500  0.51115  0.51090 
 14.94500  0.51115  0.51090 
 15.04500  0.51115  0.51090 
 15.14500  0.51114  0.51090 
 15.24500  0.51112  0.51090 
 15.34500  0.51113  0.51090 
 15.44500  0.51112  0.51090 
 15.54500  0.51112  0.51090 
 15.64500  0.51110  0.51090 
 15.74500  0.51108  0.51090 
 15.84500  0.51108  0.51090 
 15.94500  0.51108  0.51085 
 16.04500  0.51107  0.51080 
 16.14500  0.51105  0.51080 
 16.24500  0.51106  0.51080 
 16.34500  0.51105  0.51080 
 16.44500  0.51102  0.51080 
 16.54500  0.51100  0.51080 
 16.64500  0.51100  0.51080 
 16.74500  0.51099  0.51080 
 16.84500  0.51099  0.51080 
 16.94500  0.51097  0.51080 
 17.04500  0.51096  0.51079 
 17.14500  0.51096  0.51070 
 17.24500  0.51096  0.51070 
 17.34500  0.51092  0.51070 
 17.44500  0.51093  0.51070 
 17.54500  0.51093  0.51070 
 17.64500  0.51091  0.51070 
 17.74500  0.51090  0.51070 
 17.84500  0.51090  0.51070 
 17.94500  0.51088  0.51070 
 18.04500  0.51086  0.51070 
 18.14500  0.51084  0.51068 
 18.24500  0.51083  0.51060 
 18.34500  0.51083  0.51060 
 18.44500  0.51082  0.51060 
 18.54500  0.51080  0.51060 
 18.64500  0.51080  0.51060 
 18.74500  0.51079  0.51060 
 18.84500  0.51077  0.51060 
 18.94500  0.51077  0.51060 
 19.04500  0.51076  0.51060 
 19.14500  0.51075  0.51060 
 19.24500  0.51074  0.51052 
 19.34500  0.51073  0.51050 
 19.44500  0.51071  0.51050 
 19.54500  0.51071  0.51050 
 19.64500  0.51069  0.51050 
 19.74500  0.51068  0.51050 
 19.84500  0.51067  0.51050 
 19.94500  0.51065  0.51050 
 20.04500  0.51064  0.51050 
 20.14500  0.51064  0.51050 
 20.24500  0.51062  0.51043 
 20.34500  0.51061  0.51040 
 20.44500  0.51061  0.51040 
 20.54500  0.51060  0.51040 
 20.64500  0.51059  0.51040 
 20.74500  0.51057  0.51040 
 20.84500  0.51056  0.51040 
 20.94500  0.51056  0.51040 
 21.04500  0.51053  0.51040 
 21.14500  0.51053  0.51040 
 21.24500  0.51051  0.51031 
 21.34500  0.51049  0.51030 
 21.44500  0.51047  0.51030 
 21.54500  0.51046  0.51030 
 21.64500  0.51046  0.51030 
 21.74500  0.51044  0.51030 
 21.84500  0.51043  0.51030 
 21.94500  0.51044  0.51030 
 22.04500  0.51041  0.51030 
 22.14500  0.51038  0.51026 
 22.24500  0.51038  0.51020 
 22.34500  0.51036  0.51020 
 22.44500  0.51035  0.51020 
 22.54500  0.51035  0.51020 
 22.64500  0.51034  0.51020 
 22.74500  0.51030  0.51020 
 22.84500  0.51029  0.51020 
 22.94500  0.51029  0.51020 
 23.04500  0.51027  0.51019 
 23.14500  0.51026  0.51010 
 23.24500  0.51026  0.51010 
 23.34500  0.51024  0.51010 
 23.44500  0.51022  0.51010 
 23.54500  0.51022  0.51010 
 23.64500  0.51021  0.51010 
 23.74500  0.51019  0.51010 
 23.84500  0.51018  0.51010 
 23.94500  0.51018  0.51010 
 24.04500  0.51015  0.51000 
 24.14500  0.51013  0.51000 
 24.24500  0.51013  0.51000 
 24.34500  0.51011  0.51000 
 24.44500  0.51010  0.51000 
 24.54500  0.51010  0.51000 
 24.64500  0.51007  0.51000 
 24.74500  0.51006  0.51000 
 24.84500  0.51005  0.50999 
 24.94500  0.51004  0.50990 
 25.04500  0.51003  0.50990 
 25.14500  0.51002  0.50990 
 25.24500  0.51001  0.50990 
 25.34500  0.50998  0.50990 
 25.44500  0.50997  0.50990 
 25.54500  0.50997  0.50990 
 25.64500  0.50995  0.50990 
 25.74500  0.50994  0.50988 
 25.84500  0.50992  0.50980 
 25.94500  0.50991  0.50980 
 26.04500  0.50989  0.50980 
 26.14500  0.50989  0.50980 
 26.24500  0.50988  0.50980 
 26.34500  0.50985  0.50980 
 26.44500  0.50985  0.50980 
 26.54500  0.50983  0.50980 
 26.64500  0.50982  0.50975 
 26.74500  0.50981  0.50970 
 26.84500  0.50979  0.50970 
 26.94500  0.50978  0.50970 
 27.04500  0.50975  0.50970 
 27.14500  0.50976  0.50970 
 27.24500  0.50973  0.50970 
 27.34500  0.50973  0.50970 
 27.44500  0.50973  0.50970 
 27.54500  0.50970  0.50961 
 27.64500  0.50970  0.50960 
 27.74500  0.50968  0.50960 
 27.84500  0.50967  0.50960 
 27.94500  0.50967  0.50960 
 28.04500  0.50966  0.50960 
 28.14500  0.50962  0.50960 
 28.24500  0.50960  0.50960 
 28.34500  0.50961  0.50956 
 28.44500  0.50958  0.50950 
 28.54500  0.50958  0.50950 
 28.64500  0.50957  0.50950 
 28.74500  0.50955  0.50950 
 28.84500  0.50954  0.50950 
 28.94500  0.50953  0.50950 
 29.04500  0.50952  0.50950 
 29.14500  0.50950  0.50950 
 29.24500  0.50951  0.50941 
 29.34500  0.50947  0.50940 
 29.44500  0.50945  0.50940 
 29.54500  0.50944  0.50940 
 29.64500  0.50941  0.50940 
 29.74500  0.50941  0.50940 
 29.84500  0.50940  0.50940 
 29.94500  0.50938  0.50940 
 30.04500  0.50936  0.50936 
 30.14500  0.50936  0.50930 
 30.24500  0.50935  0.50930 
 30.34500  0.50933  0.50930 
 30.44500  0.50933  0.50930 
 30.54500  0.50930  0.50930 
 30.64500  0.50929  0.50930 
 30.74500  0.50927  0.50930 
 30.84500  0.50926  0.50930 
 30.94500  0.50924  0.50920 
 31.04500  0.50923  0.50920 
 31.14500  0.50922  0.50920 
 31.24500  0.50920  0.50920 
 31.34500  0.50920  0.50920 
 31.44500  0.50918  0.50920 
 31.54500  0.50917  0.50920 
 31.64500  0.50915  0.50920 
 31.74500  0.50914  0.50914 
 31.84500  0.50913  0.50910 
 31.94500  0.50911  0.50910 
 32.04500  0.50910  0.50910 
 32.14500  0.50907  0.50910 
 32.24500  0.50906  0.50910 
 32.34500  0.50906  0.50910 
 32.44500  0.50904  0.50910 
 32.54500  0.50904  0.50909 
 32.64500  0.50902  0.50900 
 32.74500  0.50901  0.50900 
 32.84500  0.50899  0.50900 
 32.94500  0.50899  0.50900 
 33.04500  0.50897  0.50900 
 33.14500  0.50896  0.50900 
 33.24500  0.50895  0.50900 
 33.34500  0.50890  0.50900 
 33.44500  0.50890  0.50893 
 33.54500  0.50889  0.50890 
 33.64500  0.50887  0.50890 
 33.74500  0.50887  0.50890 
 33.84500  0.50886  0.50890 
 33.94500  0.50884  0.50890 
 34.04500  0.50882  0.50890 
 34.14500  0.50883  0.50890 
 34.24500  0.50880  0.50888 
 34.34500  0.50880  0.50880 
 34.44500  0.50880  0.50880 
 34.54500  0.50876  0.50880 
 34.64500  0.50875  0.50880 
 34.74500  0.50874  0.50880 
 34.84500  0.50873  0.50880 
 34.94500  0.50871  0.50880 
 35.04500  0.50871  0.50880 
 35.14500  0.50869  0.50873 
 35.24500  0.50868  0.50870 
 35.34500  0.50868  0.50870 
 35.44500  0.50866  0.50870 
 35.54500  0.50866  0.50870 
 35.64500  0.50864  0.50870 
 35.74500  0.50862  0.50870 
 35.84500  0.50861  0.50870 
 35.94500  0.50859  0.50870 
 36.04500  0.50859  0.50860 
 36.14500  0.50857  0.50860 
 36.24500  0.50857  0.50860 
 36.34500  0.50855  0.50860 
 36.44500  0.50853  0.50860 
 36.54500  0.50853  0.50860 
 36.64500  0.50852  0.50860 
 36.74500  0.50851  0.50860 
 36.84500  0.50848  0.50857 
 36.94500  0.50847  0.50850 
 37.04500  0.50846  0.50850 
 37.14500  0.50845  0.50850 
 37.24500  0.50844  0.50850 
 37.34500  0.50841  0.50850 
 37.44500  0.50840  0.50850 
 37.54500  0.50839  0.50850 
 37.64500  0.50837  0.50850 
 37.74500  0.50837  0.50845 
 37.84500  0.50836  0.50840 
 37.94500  0.50835  0.50840 
 38.04500  0.50833  0.50840 
 38.14500  0.50831  0.50840 
 38.24500  0.50831  0.50840 
 38.34500  0.50828  0.50840 
 38.44500  0.50829  0.50840 
 38.54500  0.50828  0.50840 
 38.64500  0.50824  0.50834 
 38.74500  0.50823  0.50830 
 38.84500  0.50822  0.50830 
 38.94500  0.50821  0.50830 
 39.04500  0.50820  0.50830 
 39.14500  0.50819  0.50830 
 39.24500  0.50819  0.50830 
 39.34500  0.50815  0.50830 
 39.44500  0.50815  0.50830 
 39.54500  0.50814  0.50826 
 39.64500  0.50812  0.50820 
 39.74500  0.50812  0.50820 
 39.84500  0.50811  0.50820 
 39.94500  0.50808  0.50820 
 40.04500  0.50806  0.50820 
 40.14500  0.50805  0.50820 
 40.24500  0.50805  0.50820 
 40.34500  0.50802  0.50820 
 40.44500  0.50802  0.50819 
 40.54500  0.50802  0.50810 
 40.64500  0.50797  0.50810 
 40.74500  0.50797  0.50810 
 40.84500  0.50796  0.50810 
 40.94500  0.50794  0.50810 
 41.04500  0.50794  0.50810 
 41.14500  0.50792  0.50810 
 41.24500  0.50791  0.50810 
 41.34500  0.50789  0.50810 
 41.44500  0.50787  0.50804 
 41.54500  0.50787  0.50800 
 41.64500  0.50785  0.50800 
 41.74500  0.50783  0.50800 
 41.84500  0.50784  0.50800 
 41.94500  0.50781  0.50800 
 42.04500  0.50780  0.50800 
 42.14500  0.50779  0.50800 
 42.24500  0.50778  0.50800 
 42.34500  0.50777  0.50800 
 42.44500  0.50776  0.50791 
 42.54500  0.50775  0.50790 
 42.64500  0.50775  0.50790 
 42.74500  0.50772  0.50790 
 42.84500  0.50772  0.50790 
 42.94500  0.50771  0.50790 
 43.04500  0.50768  0.50790 
 43.14500  0.50768  0.50790 
 43.24500  0.50766  0.50790 
 43.34500  0.50765  0.50790 
 43.44500  0.50764  0.50782 
 43.54500  0.50763  0.50780 
 43.64500  0.50763  0.50780 
 43.74500  0.50763  0.50780 
 43.84500  0.50761  0.50780 
 43.94500  0.50759  0.50780 
 44.04500  0.50759  0.50780 
 44.14500  0.50758  0.50780 
 44.24500  0.50756  0.50780 
 44.34500  0.50757  0.50780 
 44.44500  0.50756  0.50777 
 44.54500  0.50754  0.50770 
 44.64500  0.50752  0.50770 
 44.74500  0.50750  0.50770 
 44.84500  0.50750  0.50770 
 44.94500  0.50749  0.50770 
 45.04500  0.50747  0.50770 
 45.14500  0.50747  0.50770 
 45.24500  0.50747  0.50770 
 45.34500  0.50745  0.50770 
 45.44500  0.50743  0.50770 
 45.54500  0.50743  0.50766 
 45.64500  0.50742  0.50760 
 45.74500  0.50742  0.50760 
 45.84500  0.50741  0.50760 
 45.94500  0.50740  0.50760 
 46.04500  0.50740  0.50760 
 46.14500  0.50739  0.50760 
 46.24500  0.50736  0.50760 
 46.34500  0.50735  0.50760 
 46.44500  0.50735  0.50760 
 46.54500  0.50734  0.50760 
 46.64500  0.50732  0.50760 
 46.74500  0.50732  0.50750 
 46.84500  0.50732  0.50750 
 46.94500  0.50731  0.50750 
 47.04500  0.50728  0.50750 
 47.14500  0.50729  0.50750 
 47.24500  0.50727  0.50750 
 47.34500  0.50727  0.50750 
 47.44500  0.50726  0.50750 
 47.54500  0.50725  0.50750 
 47.64500  0.50725  0.50750 
 47.74500  0.50725  0.50750 
 47.84500  0.50724  0.50750 
 47.94500  0.50721  0.50742 
 48.04500  0.50721  0.50740 
 48.14500  0.50719  0.50740 
 48.24500  0.50719  0.50740 
 48.34500  0.50717  0.50740 
 48.44500  0.50717  0.50740 
 48.54500  0.50717  0.50740 
 48.64500  0.50715  0.50740 
 48.74500  0.50714  0.50740 
 48.84500  0.50713  0.50740 
 48.94500  0.50712  0.50740 
 49.04500  0.50711  0.50740 
 49.14500  0.50712  0.50740 
 49.24500  0.50711  0.50732 
 49.34500  0.50709  0.50730 
 49.44500  0.50708  0.50730 
 49.54500  0.50709  0.50730 
 49.64500  0.50708  0.50730 
 49.74500  0.50706  0.50730 
 49.84500  0.50704  0.50730 
 49.94500  0.50704  0.50730 
 50.04500  0.50705  0.50730 
 50.14500  0.50702  0.50730 
 50.24500  0.50700  0.50730 
 50.34500  0.50699  0.50730 
 50.44500  0.50699  0.50730 
 50.54500  0.50698  0.50730 
 50.64500  0.50697  0.50723 
 50.74500  0.50696  0.50720 
 50.84500  0.50696  0.50720 
 50.94500  0.50694  0.50720 
 51.04500  0.50693  0.50720 
 51.14500  0.50694  0.50720 
 51.24500  0.50694  0.50720 
 51.34500  0.50693  0.50720 
 51.44500  0.50691  0.50720 
 51.54500  0.50691  0.50720 
 51.64500  0.50691  0.50720 
 51.74500  0.50690  0.50720 
 51.84500  0.50689  0.50720 
 51.94500  0.50688  0.50720 
 52.04500  0.50687  0.50720 
 52.14500  0.50688  0.50720 
 52.24500  0.50687  0.50712 
 52.34500  0.50686  0.50710 
 52.44500  0.50687  0.50710 
 52.54500  0.50686  0.50710 
 52.64500  0.50684  0.50710 
 52.74500  0.50682  0.50710 
 52.84500  0.50681  0.50710 
 52.94500  0.50682  0.50710 
 53.04500  0.50681  0.50710 
 53.14500  0.50682  0.50710 
 53.24500  0.50679  0.50710 
 53.34500  0.50679  0.50710 
 53.44500  0.50679  0.50710 
 53.54500  0.50679  0.50710 
 53.64500  0.50680  0.50710 
 53.74500  0.50679  0.50710 
 53.84500  0.50679  0.50710 
 53.94500  0.50677  0.50710 
 54.04500  0.50677  0.50706 
 54.14500  0.50676  0.50700 
 54.24500  0.50677  0.50700 
 54.34500  0.50675  0.50700 
 54.44500  0.50675  0.50700 
 54.54500  0.50675  0.50700 
 54.64500  0.50675  0.50700 
 54.74500  0.50674  0.50700 
 54.84500  0.50674  0.50700 
 54.94500  0.50673  0.50700 
 55.04500  0.50673  0.50700 
 55.14500  0.50673  0.50700 
 55.24500  0.50674  0.50700 
 55.34500  0.50674  0.50700 
 55.44500  0.50674  0.50700 
 55.54500  0.50671  0.50700 
 55.64500  0.50670  0.50700 
 55.74500  0.50668  0.50700 
 55.84500  0.50668  0.50700 
 55.94500  0.50668  0.50700 
 56.04500  0.50668  0.50700 
 56.14500  0.50669  0.50700 
 56.24500  0.50668  0.50700 
 56.34500  0.50667  0.50698 
 56.44500  0.50666  0.50690 
 56.54500  0.50665  0.50690 
 56.64500  0.50666  0.50690 
 56.74500  0.50666  0.50690 
 56.84500  0.50666  0.50690 
 56.94500  0.50667  0.50690 
 57.04500  0.50664  0.50690 
 57.14500  0.50665  0.50690 
 57.24500  0.50664  0.50690 
 57.34500  0.50665  0.50690 
 57.44500  0.50665  0.50690 
 57.54500  0.50662  0.50690 
 57.64500  0.50661  0.50690 
 57.74500  0.50661  0.50690 
 57.84500  0.50662  0.50690 
 57.94500  0.50660  0.50690 
 58.04500  0.50659  0.50690 
 58.14500  0.50660  0.50690 
 58.24500  0.50659  0.50690 
 58.34500  0.50659  0.50690 
 58.44500  0.50659  0.50690 
 58.54500  0.50659  0.50690 
 58.64500  0.50659  0.50690 
 58.74500  0.50658  0.50690 
 58.84500  0.50658  0.50690 
 58.94500  0.50657  0.50690 
 59.04500  0.50655  0.50690 
 59.14500  0.50654  0.50690 
 59.24500  0.50654  0.50690 
 59.34500  0.50654  0.50690 
 59.44500  0.50654  0.50690 
 59.54500  0.50654  0.50690 
 59.64500  0.50653  0.50690 
 59.74500  0.50653  0.50690 
 59.84500  0.50652  0.50690 
 59.94500  0.50652  0.50690 
 60.04500  0.50651  0.50690 
 60.14500  0.50651  0.50690 
 60.24500  0.50650  0.50690 
 60.34500  0.50650  0.50688 
 60.44500  0.50652  0.50680 
 60.54500  0.50651  0.50680 
 60.64500  0.50650  0.50680 
 60.74500  0.50650  0.50680 
 60.84500  0.50648  0.50680 
 60.94500  0.50648  0.50680 
 61.04500  0.50648  0.50680 
 61.14500  0.50646  0.50680 
 61.24500  0.50645  0.50680 
 61.34500  0.50644  0.50680 
 61.44500  0.50645  0.50680 
 61.54500  0.50644  0.50680 
 61.64500  0.50644  0.50680 
 61.74500  0.50644  0.50680 
 61.84500  0.50644  0.50680 
 61.94500  0.50644  0.50680 
 62.04500  0.50644  0.50680 
 62.14500  0.50644  0.50680 
 62.24500  0.50644  0.50680 
 62.34500  0.50644  0.50680 
 62.44500  0.50644  0.50680 
 62.54500  0.50644  0.50680 
