  0.04500  0.52928  0.52850 
  0.14500  0.52927  0.52850 
  0.24500  0.52925  0.52850 
  0.34500  0.52925  0.52850 
  0.44500  0.52925  0.52850 
  0.54500  0.52925  0.52850 
  0.64500  0.52925  0.52850 
  0.74500  0.52925  0.52850 
  0.84500  0.52925  0.52850 
  0.94500  0.52925  0.52850 
  1.04500  0.52925  0.52850 
  1.14500  0.52925  0.52850 
  1.24500  0.52925  0.52850 
  1.34500  0.52925  0.52850 
  1.44500  0.52925  0.52850 
  1.54500  0.52925  0.52840 
  1.64500  0.52923  0.52840 
  1.74500  0.52918  0.52840 
  1.84500  0.52916  0.52840 
  1.94500  0.52914  0.52840 
  2.04500  0.52914  0.52840 
  2.14500  0.52913  0.52840 
  2.24500  0.52913  0.52840 
  2.34500  0.52913  0.52840 
  2.44500  0.52913  0.52840 
  2.54500  0.52909  0.52833 
  2.64500  0.52908  0.52830 
  2.74500  0.52908  0.52830 
  2.84500  0.52905  0.52830 
  2.94500  0.52904  0.52830 
  3.04500  0.52903  0.52830 
  3.14500  0.52901  0.52830 
  3.24500  0.52899  0.52824 
  3.34500  0.52899  0.52820 
  3.44500  0.52898  0.52820 
  3.54500  0.52895  0.52820 
  3.64500  0.52891  0.52820 
  3.74500  0.52889  0.52820 
  3.84500  0.52888  0.52813 
  3.94500  0.52886  0.52810 
  4.04500  0.52885  0.52810 
  4.14500  0.52883  0.52810 
  4.24500  0.52880  0.52810 
  4.34500  0.52877  0.52804 
  4.44500  0.52876  0.52800 
  4.54500  0.52874  0.52800 
  4.64500  0.52872  0.52800 
  4.74500  0.52867  0.52799 
  4.84500  0.52866  0.52790 
  4.94500  0.52864  0.52790 
  5.04500  0.52861  0.52790 
  5.14500  0.52860  0.52790 
  5.24500  0.52856  0.52781 
  5.34500  0.52850  0.52780 
  5.44500  0.52851  0.52780 
  5.54500  0.52850  0.52779 
  5.64500  0.52845  0.52770 
  5.74500  0.52841  0.52770 
  5.84500  0.52838  0.52770 
  5.94500  0.52835  0.52765 
  6.04500  0.52835  0.52760 
  6.14500  0.52829  0.52760 
  6.24500  0.52826  0.52759 
  6.34500  0.52825  0.52750 
  6.44500  0.52821  0.52750 
  6.54500  0.52815  0.52750 
  6.64500  0.52813  0.52742 
  6.74500  0.52812  0.52740 
  6.84500  0.52808  0.52740 
  6.94500  0.52804  0.52733 
  7.04500  0.52801  0.52730 
  7.14500  0.52797  0.52730 
  7.24500  0.52793  0.52723 
  7.34500  0.52788  0.52720 
  7.44500  0.52789  0.52720 
  7.54500  0.52781  0.52711 
  7.64500  0.52779  0.52710 
  7.74500  0.52775  0.52709 
  7.84500  0.52773  0.52700 
  7.94500  0.52766  0.52700 
  8.04500  0.52763  0.52695 
  8.14500  0.52760  0.52690 
  8.24500  0.52756  0.52690 
  8.34500  0.52751  0.52681 
  8.44500  0.52748  0.52680 
  8.54500  0.52742  0.52676 
  8.64500  0.52740  0.52670 
  8.74500  0.52736  0.52670 
  8.84500  0.52731  0.52661 
  8.94500  0.52726  0.52660 
  9.04500  0.52722  0.52655 
  9.14500  0.52718  0.52650 
  9.24500  0.52715  0.52648 
  9.34500  0.52709  0.52640 
  9.44500  0.52703  0.52640 
  9.54500  0.52701  0.52631 
  9.64500  0.52694  0.52630 
  9.74500  0.52690  0.52623 
  9.84500  0.52687  0.52620 
  9.94500  0.52680  0.52615 
 10.04500  0.52676  0.52610 
 10.14500  0.52671  0.52606 
 10.24500  0.52666  0.52600 
 10.34500  0.52663  0.52597 
 10.44500  0.52655  0.52590 
 10.54500  0.52652  0.52587 
 10.64500  0.52646  0.52580 
 10.74500  0.52642  0.52578 
 10.84500  0.52636  0.52570 
 10.94500  0.52630  0.52568 
 11.04500  0.52628  0.52560 
 11.14500  0.52619  0.52557 
 11.24500  0.52616  0.52550 
 11.34500  0.52609  0.52546 
 11.44500  0.52604  0.52540 
 11.54500  0.52599  0.52535 
 11.64500  0.52594  0.52530 
 11.74500  0.52587  0.52524 
 11.84500  0.52581  0.52520 
 11.94500  0.52576  0.52512 
 12.04500  0.52571  0.52510 
 12.14500  0.52565  0.52501 
 12.24500  0.52558  0.52499 
 12.34500  0.52555  0.52490 
 12.44500  0.52547  0.52486 
 12.54500  0.52542  0.52480 
 12.64500  0.52536  0.52474 
 12.74500  0.52531  0.52470 
 12.84500  0.52524  0.52461 
 12.94500  0.52518  0.52458 
 13.04500  0.52511  0.52450 
 13.14500  0.52506  0.52445 
 13.24500  0.52500  0.52440 
 13.34500  0.52494  0.52432 
 13.44500  0.52486  0.52429 
 13.54500  0.52482  0.52420 
 13.64500  0.52474  0.52415 
 13.74500  0.52468  0.52410 
 13.84500  0.52461  0.52401 
 13.94500  0.52455  0.52397 
 14.04500  0.52448  0.52390 
 14.14500  0.52442  0.52383 
 14.24500  0.52435  0.52379 
 14.34500  0.52429  0.52370 
 14.44500  0.52422  0.52365 
 14.54500  0.52415  0.52360 
 14.64500  0.52409  0.52350 
 14.74500  0.52401  0.52345 
 14.84500  0.52395  0.52340 
 14.94500  0.52388  0.52331 
 15.04500  0.52381  0.52326 
 15.14500  0.52374  0.52320 
 15.24500  0.52368  0.52311 
 15.34500  0.52360  0.52306 
 15.44500  0.52352  0.52300 
 15.54500  0.52346  0.52290 
 15.64500  0.52338  0.52285 
 15.74500  0.52333  0.52280 
 15.84500  0.52324  0.52270 
 15.94500  0.52318  0.52264 
 16.04500  0.52310  0.52258 
 16.14500  0.52302  0.52250 
 16.24500  0.52297  0.52243 
 16.34500  0.52288  0.52237 
 16.44500  0.52281  0.52230 
 16.54500  0.52274  0.52221 
 16.64500  0.52266  0.52215 
 16.74500  0.52260  0.52209 
 16.84500  0.52251  0.52200 
 16.94500  0.52244  0.52192 
 17.04500  0.52236  0.52186 
 17.14500  0.52228  0.52180 
 17.24500  0.52222  0.52170 
 17.34500  0.52212  0.52163 
 17.44500  0.52205  0.52157 
 17.54500  0.52199  0.52150 
 17.64500  0.52189  0.52140 
 17.74500  0.52182  0.52133 
 17.84500  0.52175  0.52127 
 17.94500  0.52167  0.52120 
 18.04500  0.52159  0.52110 
 18.14500  0.52152  0.52103 
 18.24500  0.52143  0.52096 
 18.34500  0.52136  0.52089 
 18.44500  0.52127  0.52080 
 18.54500  0.52118  0.52072 
 18.64500  0.52112  0.52065 
 18.74500  0.52102  0.52058 
 18.84500  0.52094  0.52050 
 18.94500  0.52087  0.52040 
 19.04500  0.52078  0.52033 
 19.14500  0.52070  0.52026 
 19.24500  0.52063  0.52018 
 19.34500  0.52053  0.52010 
 19.44500  0.52045  0.52001 
 19.54500  0.52038  0.51993 
 19.64500  0.52028  0.51986 
 19.74500  0.52020  0.51978 
 19.84500  0.52012  0.51970 
 19.94500  0.52003  0.51960 
 20.04500  0.51994  0.51952 
 20.14500  0.51986  0.51945 
 20.24500  0.51977  0.51937 
 20.34500  0.51969  0.51929 
 20.44500  0.51960  0.51920 
 20.54500  0.51952  0.51911 
 20.64500  0.51943  0.51903 
 20.74500  0.51933  0.51895 
 20.84500  0.51926  0.51887 
 20.94500  0.51917  0.51879 
 21.04500  0.51907  0.51870 
 21.14500  0.51899  0.51861 
 21.24500  0.51892  0.51853 
 21.34500  0.51881  0.51844 
 21.44500  0.51873  0.51836 
 21.54500  0.51864  0.51828 
 21.64500  0.51856  0.51819 
 21.74500  0.51846  0.51810 
 21.84500  0.51837  0.51801 
 21.94500  0.51828  0.51793 
 22.04500  0.51819  0.51784 
 22.14500  0.51810  0.51776 
 22.24500  0.51802  0.51767 
 22.34500  0.51792  0.51759 
 22.44500  0.51783  0.51750 
 22.54500  0.51773  0.51740 
 22.64500  0.51765  0.51732 
 22.74500  0.51756  0.51723 
 22.84500  0.51746  0.51714 
 22.94500  0.51737  0.51706 
 23.04500  0.51728  0.51697 
 23.14500  0.51718  0.51688 
 23.24500  0.51709  0.51679 
 23.34500  0.51700  0.51670 
 23.44500  0.51691  0.51661 
 23.54500  0.51682  0.51652 
 23.64500  0.51671  0.51643 
 23.74500  0.51662  0.51634 
 23.84500  0.51653  0.51625 
 23.94500  0.51644  0.51616 
 24.04500  0.51635  0.51607 
 24.14500  0.51624  0.51598 
 24.24500  0.51616  0.51589 
 24.34500  0.51606  0.51580 
 24.44500  0.51597  0.51570 
 24.54500  0.51587  0.51561 
 24.64500  0.51577  0.51552 
 24.74500  0.51568  0.51543 
 24.84500  0.51559  0.51534 
 24.94500  0.51548  0.51525 
 25.04500  0.51539  0.51516 
 25.14500  0.51529  0.51507 
 25.24500  0.51521  0.51497 
 25.34500  0.51510  0.51488 
 25.44500  0.51501  0.51479 
 25.54500  0.51491  0.51470 
 25.64500  0.51482  0.51460 
 25.74500  0.51473  0.51451 
 25.84500  0.51462  0.51441 
 25.94500  0.51453  0.51432 
 26.04500  0.51443  0.51423 
 26.14500  0.51434  0.51413 
 26.24500  0.51424  0.51404 
 26.34500  0.51413  0.51395 
 26.44500  0.51404  0.51385 
 26.54500  0.51395  0.51376 
 26.64500  0.51385  0.51367 
 26.74500  0.51376  0.51357 
 26.84500  0.51365  0.51348 
 26.94500  0.51355  0.51338 
 27.04500  0.51346  0.51329 
 27.14500  0.51336  0.51320 
 27.24500  0.51326  0.51310 
 27.34500  0.51316  0.51300 
 27.44500  0.51307  0.51291 
 27.54500  0.51296  0.51281 
 27.64500  0.51287  0.51272 
 27.74500  0.51277  0.51262 
 27.84500  0.51267  0.51253 
 27.94500  0.51256  0.51243 
 28.04500  0.51247  0.51234 
 28.14500  0.51238  0.51224 
 28.24500  0.51228  0.51215 
 28.34500  0.51217  0.51205 
 28.44500  0.51207  0.51195 
 28.54500  0.51198  0.51186 
 28.64500  0.51188  0.51176 
 28.74500  0.51177  0.51167 
 28.84500  0.51168  0.51157 
 28.94500  0.51158  0.51147 
 29.04500  0.51147  0.51138 
 29.14500  0.51137  0.51128 
 29.24500  0.51128  0.51119 
 29.34500  0.51117  0.51109 
 29.44500  0.51107  0.51099 
 29.54500  0.51098  0.51090 
 29.64500  0.51087  0.51080 
 29.74500  0.51078  0.51070 
 29.84500  0.51068  0.51060 
 29.94500  0.51057  0.51051 
 30.04500  0.51047  0.51041 
 30.14500  0.51037  0.51032 
 30.24500  0.51027  0.51022 
 30.34500  0.51017  0.51012 
 30.44500  0.51007  0.51003 
 30.54500  0.50995  0.50993 
 30.64500  0.50987  0.50983 
 30.74500  0.50977  0.50974 
 30.84500  0.50967  0.50964 
 30.94500  0.50956  0.50954 
 31.04500  0.50946  0.50945 
 31.14500  0.50936  0.50935 
 31.24500  0.50925  0.50925 
 31.34500  0.50917  0.50916 
 31.44500  0.50905  0.50906 
 31.54500  0.50895  0.50896 
 31.64500  0.50885  0.50887 
 31.74500  0.50875  0.50877 
 31.84500  0.50865  0.50867 
 31.94500  0.50855  0.50858 
 32.04500  0.50846  0.50848 
 32.14500  0.50834  0.50838 
 32.24500  0.50825  0.50829 
 32.34500  0.50815  0.50819 
 32.44500  0.50805  0.50809 
 32.54500  0.50795  0.50800 
 32.64500  0.50785  0.50790 
 32.74500  0.50774  0.50780 
 32.84500  0.50764  0.50770 
 32.94500  0.50754  0.50761 
 33.04500  0.50744  0.50751 
 33.14500  0.50734  0.50741 
 33.24500  0.50724  0.50732 
 33.34500  0.50714  0.50722 
 33.44500  0.50705  0.50713 
 33.54500  0.50695  0.50703 
 33.64500  0.50684  0.50693 
 33.74500  0.50674  0.50684 
 33.84500  0.50664  0.50674 
 33.94500  0.50655  0.50665 
 34.04500  0.50645  0.50655 
 34.14500  0.50635  0.50645 
 34.24500  0.50624  0.50636 
 34.34500  0.50614  0.50626 
 34.44500  0.50605  0.50617 
 34.54500  0.50595  0.50607 
 34.64500  0.50586  0.50598 
 34.74500  0.50575  0.50588 
 34.84500  0.50566  0.50579 
 34.94500  0.50555  0.50569 
 35.04500  0.50547  0.50560 
 35.14500  0.50536  0.50550 
 35.24500  0.50526  0.50540 
 35.34500  0.50517  0.50531 
 35.44500  0.50506  0.50521 
 35.54500  0.50497  0.50512 
 35.64500  0.50488  0.50502 
 35.74500  0.50478  0.50493 
 35.84500  0.50468  0.50484 
 35.94500  0.50458  0.50474 
 36.04500  0.50448  0.50465 
 36.14500  0.50439  0.50455 
 36.24500  0.50429  0.50446 
 36.34500  0.50419  0.50437 
 36.44500  0.50409  0.50427 
 36.54500  0.50400  0.50418 
 36.64500  0.50389  0.50409 
 36.74500  0.50380  0.50400 
 36.84500  0.50370  0.50390 
 36.94500  0.50361  0.50380 
 37.04500  0.50352  0.50371 
 37.14500  0.50342  0.50362 
 37.24500  0.50332  0.50353 
 37.34500  0.50322  0.50344 
 37.44500  0.50313  0.50334 
 37.54500  0.50303  0.50325 
 37.64500  0.50294  0.50316 
 37.74500  0.50284  0.50307 
 37.84500  0.50275  0.50298 
 37.94500  0.50265  0.50289 
 38.04500  0.50256  0.50280 
 38.14500  0.50246  0.50270 
 38.24500  0.50237  0.50261 
 38.34500  0.50227  0.50252 
 38.44500  0.50218  0.50243 
 38.54500  0.50208  0.50234 
 38.64500  0.50199  0.50225 
 38.74500  0.50190  0.50216 
 38.84500  0.50181  0.50207 
 38.94500  0.50171  0.50198 
 39.04500  0.50161  0.50189 
 39.14500  0.50152  0.50180 
 39.24500  0.50144  0.50171 
 39.34500  0.50133  0.50162 
 39.44500  0.50124  0.50153 
 39.54500  0.50115  0.50144 
 39.64500  0.50106  0.50136 
 39.74500  0.50097  0.50127 
 39.84500  0.50087  0.50118 
 39.94500  0.50078  0.50110 
 40.04500  0.50070  0.50100 
 40.14500  0.50059  0.50091 
 40.24500  0.50050  0.50083 
 40.34500  0.50041  0.50074 
 40.44500  0.50033  0.50066 
 40.54500  0.50023  0.50057 
 40.64500  0.50014  0.50049 
 40.74500  0.50006  0.50040 
 40.84500  0.49997  0.50030 
 40.94500  0.49986  0.50022 
 41.04500  0.49979  0.50014 
 41.14500  0.49969  0.50005 
 41.24500  0.49961  0.49997 
 41.34500  0.49951  0.49989 
 41.44500  0.49943  0.49980 
 41.54500  0.49935  0.49971 
 41.64500  0.49924  0.49963 
 41.74500  0.49916  0.49954 
 41.84500  0.49909  0.49946 
 41.94500  0.49899  0.49938 
 42.04500  0.49891  0.49930 
 42.14500  0.49883  0.49920 
 42.24500  0.49874  0.49913 
 42.34500  0.49865  0.49905 
 42.44500  0.49856  0.49897 
 42.54500  0.49849  0.49889 
 42.64500  0.49839  0.49880 
 42.74500  0.49831  0.49871 
 42.84500  0.49822  0.49864 
 42.94500  0.49814  0.49856 
 43.04500  0.49805  0.49848 
 43.14500  0.49798  0.49840 
 43.24500  0.49789  0.49831 
 43.34500  0.49780  0.49823 
 43.44500  0.49773  0.49816 
 43.54500  0.49764  0.49809 
 43.64500  0.49756  0.49800 
 43.74500  0.49748  0.49791 
 43.84500  0.49739  0.49784 
 43.94500  0.49730  0.49777 
 44.04500  0.49724  0.49770 
 44.14500  0.49715  0.49760 
 44.24500  0.49707  0.49753 
 44.34500  0.49700  0.49746 
 44.44500  0.49690  0.49739 
 44.54500  0.49684  0.49730 
 44.64500  0.49676  0.49722 
 44.74500  0.49667  0.49715 
 44.84500  0.49660  0.49708 
 44.94500  0.49653  0.49700 
 45.04500  0.49644  0.49692 
 45.14500  0.49637  0.49685 
 45.24500  0.49630  0.49679 
 45.34500  0.49621  0.49670 
 45.44500  0.49615  0.49662 
 45.54500  0.49606  0.49656 
 45.64500  0.49598  0.49650 
 45.74500  0.49592  0.49640 
 45.84500  0.49583  0.49633 
 45.94500  0.49577  0.49627 
 46.04500  0.49568  0.49620 
 46.14500  0.49562  0.49611 
 46.24500  0.49554  0.49605 
 46.34500  0.49546  0.49600 
 46.44500  0.49541  0.49590 
 46.54500  0.49532  0.49584 
 46.64500  0.49524  0.49578 
 46.74500  0.49518  0.49570 
 46.84500  0.49510  0.49563 
 46.94500  0.49505  0.49557 
 47.04500  0.49496  0.49550 
 47.14500  0.49490  0.49542 
 47.24500  0.49482  0.49537 
 47.34500  0.49475  0.49530 
 47.44500  0.49469  0.49522 
 47.54500  0.49462  0.49517 
 47.64500  0.49454  0.49510 
 47.74500  0.49448  0.49502 
 47.84500  0.49442  0.49497 
 47.94500  0.49433  0.49490 
 48.04500  0.49428  0.49482 
 48.14500  0.49421  0.49478 
 48.24500  0.49415  0.49470 
 48.34500  0.49408  0.49464 
 48.44500  0.49401  0.49460 
 48.54500  0.49395  0.49450 
 48.64500  0.49388  0.49445 
 48.74500  0.49382  0.49440 
 48.84500  0.49374  0.49432 
 48.94500  0.49370  0.49428 
 49.04500  0.49361  0.49420 
 49.14500  0.49356  0.49414 
 49.24500  0.49349  0.49410 
 49.34500  0.49344  0.49401 
 49.44500  0.49337  0.49398 
 49.54500  0.49332  0.49390 
 49.64500  0.49325  0.49385 
 49.74500  0.49319  0.49380 
 49.84500  0.49312  0.49372 
 49.94500  0.49308  0.49369 
 50.04500  0.49301  0.49360 
 50.14500  0.49295  0.49357 
 50.24500  0.49288  0.49350 
 50.34500  0.49285  0.49345 
 50.44500  0.49278  0.49340 
 50.54500  0.49272  0.49333 
 50.64500  0.49267  0.49330 
 50.74500  0.49262  0.49321 
 50.84500  0.49256  0.49319 
 50.94500  0.49249  0.49310 
 51.04500  0.49245  0.49308 
 51.14500  0.49238  0.49300 
 51.24500  0.49234  0.49297 
 51.34500  0.49228  0.49290 
 51.44500  0.49223  0.49287 
 51.54500  0.49217  0.49280 
 51.64500  0.49213  0.49276 
 51.74500  0.49209  0.49270 
 51.84500  0.49201  0.49266 
 51.94500  0.49197  0.49260 
 52.04500  0.49192  0.49256 
 52.14500  0.49187  0.49250 
 52.24500  0.49182  0.49247 
 52.34500  0.49176  0.49240 
 52.44500  0.49173  0.49238 
 52.54500  0.49167  0.49230 
 52.64500  0.49162  0.49230 
 52.74500  0.49158  0.49220 
 52.84500  0.49152  0.49220 
 52.94500  0.49150  0.49211 
 53.04500  0.49143  0.49210 
 53.14500  0.49139  0.49204 
 53.24500  0.49136  0.49200 
 53.34500  0.49129  0.49197 
 53.44500  0.49125  0.49190 
 53.54500  0.49122  0.49190 
 53.64500  0.49116  0.49180 
 53.74500  0.49114  0.49180 
 53.84500  0.49107  0.49174 
 53.94500  0.49104  0.49170 
 54.04500  0.49099  0.49169 
 54.14500  0.49097  0.49160 
 54.24500  0.49091  0.49160 
 54.34500  0.49088  0.49154 
 54.44500  0.49083  0.49150 
 54.54500  0.49080  0.49150 
 54.64500  0.49077  0.49140 
 54.74500  0.49072  0.49140 
 54.84500  0.49067  0.49137 
 54.94500  0.49064  0.49130 
 55.04500  0.49062  0.49130 
 55.14500  0.49057  0.49124 
 55.24500  0.49052  0.49120 
 55.34500  0.49052  0.49120 
 55.44500  0.49046  0.49113 
 55.54500  0.49043  0.49110 
 55.64500  0.49039  0.49110 
 55.74500  0.49036  0.49103 
 55.84500  0.49033  0.49100 
 55.94500  0.49029  0.49100 
 56.04500  0.49028  0.49094 
 56.14500  0.49024  0.49090 
 56.24500  0.49019  0.49090 
 56.34500  0.49016  0.49087 
 56.44500  0.49014  0.49080 
 56.54500  0.49010  0.49080 
 56.64500  0.49006  0.49080 
 56.74500  0.49006  0.49072 
 56.84500  0.49003  0.49070 
 56.94500  0.48999  0.49070 
 57.04500  0.48995  0.49068 
 57.14500  0.48991  0.49060 
 57.24500  0.48990  0.49060 
 57.34500  0.48991  0.49060 
 57.44500  0.48985  0.49057 
 57.54500  0.48980  0.49050 
 57.64500  0.48980  0.49050 
 57.74500  0.48978  0.49050 
 57.84500  0.48975  0.49050 
 57.94500  0.48972  0.49040 
 58.04500  0.48971  0.49040 
 58.14500  0.48967  0.49040 
 58.24500  0.48965  0.49040 
 58.34500  0.48964  0.49036 
 58.44500  0.48963  0.49030 
 58.54500  0.48957  0.49030 
 58.64500  0.48956  0.49030 
 58.74500  0.48956  0.49030 
 58.84500  0.48954  0.49028 
 58.94500  0.48952  0.49020 
 59.04500  0.48951  0.49020 
 59.14500  0.48946  0.49020 
 59.24500  0.48945  0.49020 
 59.34500  0.48941  0.49020 
 59.44500  0.48941  0.49018 
 59.54500  0.48941  0.49010 
 59.64500  0.48939  0.49010 
 59.74500  0.48939  0.49010 
 59.84500  0.48936  0.49010 
 59.94500  0.48933  0.49010 
 60.04500  0.48933  0.49010 
 60.14500  0.48932  0.49010 
 60.24500  0.48931  0.49003 
 60.34500  0.48930  0.49000 
 60.44500  0.48928  0.49000 
 60.54500  0.48928  0.49000 
 60.64500  0.48927  0.49000 
 60.74500  0.48926  0.49000 
 60.84500  0.48926  0.49000 
 60.94500  0.48925  0.49000 
 61.04500  0.48925  0.49000 
 61.14500  0.48921  0.49000 
 61.24500  0.48918  0.49000 
 61.34500  0.48915  0.48997 
 61.44500  0.48916  0.48990 
 61.54500  0.48916  0.48990 
 61.64500  0.48916  0.48990 
 61.74500  0.48916  0.48990 
 61.84500  0.48916  0.48990 
 61.94500  0.48915  0.48990 
 62.04500  0.48915  0.48990 
 62.14500  0.48915  0.48990 
 62.24500  0.48916  0.48990 
 62.34500  0.48915  0.48990 
 62.44500  0.48915  0.48990 
 62.54500  0.48915  0.48990 
