  0.04500  0.63628  0.63640 
  0.14500  0.63627  0.63640 
  0.24500  0.63624  0.63637 
  0.34500  0.63615  0.63630 
  0.44500  0.63608  0.63619 
  0.54500  0.63595  0.63607 
  0.64500  0.63581  0.63594 
  0.74500  0.63564  0.63576 
  0.84500  0.63545  0.63557 
  0.94500  0.63524  0.63536 
  1.04500  0.63500  0.63512 
  1.14500  0.63474  0.63486 
  1.24500  0.63445  0.63457 
  1.34500  0.63415  0.63426 
  1.44500  0.63381  0.63394 
  1.54500  0.63346  0.63357 
  1.64500  0.63309  0.63320 
  1.74500  0.63268  0.63280 
  1.84500  0.63226  0.63238 
  1.94500  0.63182  0.63194 
  2.04500  0.63137  0.63148 
  2.14500  0.63088  0.63100 
  2.24500  0.63037  0.63050 
  2.34500  0.62985  0.62995 
  2.44500  0.62930  0.62941 
  2.54500  0.62874  0.62884 
  2.64500  0.62815  0.62825 
  2.74500  0.62754  0.62765 
  2.84500  0.62692  0.62702 
  2.94500  0.62627  0.62637 
  3.04500  0.62561  0.62572 
  3.14500  0.62494  0.62503 
  3.24500  0.62425  0.62434 
  3.34500  0.62353  0.62362 
  3.44500  0.62279  0.62289 
  3.54500  0.62204  0.62215 
  3.64500  0.62128  0.62137 
  3.74500  0.62051  0.62060 
  3.84500  0.61970  0.61980 
  3.94500  0.61890  0.61900 
  4.04500  0.61807  0.61817 
  4.14500  0.61723  0.61732 
  4.24500  0.61638  0.61649 
  4.34500  0.61552  0.61561 
  4.44500  0.61465  0.61473 
  4.54500  0.61375  0.61385 
  4.64500  0.61286  0.61295 
  4.74500  0.61193  0.61205 
  4.84500  0.61102  0.61112 
  4.94500  0.61009  0.61018 
  5.04500  0.60915  0.60925 
  5.14500  0.60820  0.60828 
  5.24500  0.60724  0.60735 
  5.34500  0.60627  0.60635 
  5.44500  0.60530  0.60535 
  5.54500  0.60431  0.60444 
  5.64500  0.60332  0.60345 
  5.74500  0.60232  0.60245 
  5.84500  0.60132  0.60145 
  5.94500  0.60031  0.60045 
  6.04500  0.59930  0.59939 
  6.14500  0.59828  0.59835 
  6.24500  0.59725  0.59735 
  6.34500  0.59623  0.59635 
  6.44500  0.59521  0.59532 
  6.54500  0.59418  0.59425 
  6.64500  0.59313  0.59325 
  6.74500  0.59210  0.59222 
  6.84500  0.59107  0.59115 
  6.94500  0.59003  0.59015 
  7.04500  0.58898  0.58909 
  7.14500  0.58795  0.58805 
  7.24500  0.58690  0.58705 
  7.34500  0.58587  0.58595 
  7.44500  0.58483  0.58495 
  7.54500  0.58379  0.58393 
  7.64500  0.58276  0.58285 
  7.74500  0.58173  0.58185 
  7.84500  0.58069  0.58085 
  7.94500  0.57967  0.57976 
  8.04500  0.57864  0.57875 
  8.14500  0.57763  0.57775 
  8.24500  0.57661  0.57675 
  8.34500  0.57560  0.57575 
  8.44500  0.57459  0.57475 
  8.54500  0.57358  0.57375 
  8.64500  0.57259  0.57275 
  8.74500  0.57159  0.57175 
  8.84500  0.57061  0.57075 
  8.94500  0.56963  0.56975 
  9.04500  0.56865  0.56876 
  9.14500  0.56769  0.56785 
  9.24500  0.56673  0.56685 
  9.34500  0.56576  0.56592 
  9.44500  0.56482  0.56495 
  9.54500  0.56388  0.56404 
  9.64500  0.56295  0.56309 
  9.74500  0.56205  0.56217 
  9.84500  0.56112  0.56125 
  9.94500  0.56022  0.56035 
 10.04500  0.55931  0.55946 
 10.14500  0.55843  0.55857 
 10.24500  0.55755  0.55769 
 10.34500  0.55667  0.55681 
 10.44500  0.55581  0.55596 
 10.54500  0.55496  0.55510 
 10.64500  0.55411  0.55425 
 10.74500  0.55328  0.55341 
 10.84500  0.55246  0.55260 
 10.94500  0.55164  0.55178 
 11.04500  0.55084  0.55098 
 11.14500  0.55004  0.55018 
 11.24500  0.54926  0.54939 
 11.34500  0.54848  0.54862 
 11.44500  0.54771  0.54785 
 11.54500  0.54697  0.54710 
 11.64500  0.54621  0.54635 
 11.74500  0.54547  0.54561 
 11.84500  0.54476  0.54489 
 11.94500  0.54404  0.54417 
 12.04500  0.54334  0.54347 
 12.14500  0.54265  0.54277 
 12.24500  0.54197  0.54209 
 12.34500  0.54130  0.54140 
 12.44500  0.54063  0.54074 
 12.54500  0.53997  0.54010 
 12.64500  0.53933  0.53945 
 12.74500  0.53870  0.53881 
 12.84500  0.53808  0.53819 
 12.94500  0.53747  0.53758 
 13.04500  0.53686  0.53697 
 13.14500  0.53626  0.53638 
 13.24500  0.53568  0.53580 
 13.34500  0.53511  0.53522 
 13.44500  0.53455  0.53466 
 13.54500  0.53400  0.53411 
 13.64500  0.53345  0.53355 
 13.74500  0.53292  0.53302 
 13.84500  0.53240  0.53250 
 13.94500  0.53188  0.53199 
 14.04500  0.53138  0.53145 
 14.14500  0.53088  0.53096 
 14.24500  0.53039  0.53050 
 14.34500  0.52991  0.53000 
 14.44500  0.52944  0.52953 
 14.54500  0.52898  0.52907 
 14.64500  0.52853  0.52861 
 14.74500  0.52809  0.52817 
 14.84500  0.52765  0.52773 
 14.94500  0.52722  0.52731 
 15.04500  0.52680  0.52688 
 15.14500  0.52639  0.52648 
 15.24500  0.52599  0.52606 
 15.34500  0.52560  0.52567 
 15.44500  0.52521  0.52528 
 15.54500  0.52483  0.52490 
 15.64500  0.52446  0.52453 
 15.74500  0.52409  0.52416 
 15.84500  0.52374  0.52381 
 15.94500  0.52338  0.52345 
 16.04500  0.52304  0.52312 
 16.14500  0.52270  0.52278 
 16.24500  0.52238  0.52245 
 16.34500  0.52205  0.52212 
 16.44500  0.52174  0.52180 
 16.54500  0.52143  0.52149 
 16.64500  0.52111  0.52119 
 16.74500  0.52083  0.52089 
 16.84500  0.52054  0.52060 
 16.94500  0.52025  0.52031 
 17.04500  0.51997  0.52003 
 17.14500  0.51970  0.51976 
 17.24500  0.51943  0.51950 
 17.34500  0.51917  0.51922 
 17.44500  0.51891  0.51898 
 17.54500  0.51866  0.51872 
 17.64500  0.51842  0.51848 
 17.74500  0.51817  0.51823 
 17.84500  0.51794  0.51800 
 17.94500  0.51771  0.51777 
 18.04500  0.51748  0.51754 
 18.14500  0.51725  0.51732 
 18.24500  0.51705  0.51711 
 18.34500  0.51683  0.51689 
 18.44500  0.51663  0.51669 
 18.54500  0.51642  0.51649 
 18.64500  0.51623  0.51629 
 18.74500  0.51603  0.51609 
 18.84500  0.51584  0.51590 
 18.94500  0.51566  0.51572 
 19.04500  0.51548  0.51554 
 19.14500  0.51530  0.51535 
 19.24500  0.51513  0.51518 
 19.34500  0.51496  0.51502 
 19.44500  0.51479  0.51485 
 19.54500  0.51463  0.51468 
 19.64500  0.51447  0.51454 
 19.74500  0.51432  0.51437 
 19.84500  0.51416  0.51423 
 19.94500  0.51402  0.51407 
 20.04500  0.51388  0.51394 
 20.14500  0.51373  0.51379 
 20.24500  0.51360  0.51366 
 20.34500  0.51347  0.51353 
 20.44500  0.51334  0.51339 
 20.54500  0.51321  0.51326 
 20.64500  0.51309  0.51315 
 20.74500  0.51297  0.51303 
 20.84500  0.51286  0.51291 
 20.94500  0.51274  0.51279 
 21.04500  0.51263  0.51268 
 21.14500  0.51252  0.51257 
 21.24500  0.51242  0.51247 
 21.34500  0.51232  0.51237 
 21.44500  0.51222  0.51227 
 21.54500  0.51212  0.51218 
 21.64500  0.51203  0.51209 
 21.74500  0.51194  0.51200 
 21.84500  0.51186  0.51190 
 21.94500  0.51178  0.51182 
 22.04500  0.51169  0.51175 
 22.14500  0.51162  0.51168 
 22.24500  0.51155  0.51160 
 22.34500  0.51147  0.51151 
 22.44500  0.51140  0.51146 
 22.54500  0.51135  0.51140 
 22.64500  0.51128  0.51131 
 22.74500  0.51121  0.51128 
 22.84500  0.51117  0.51120 
 22.94500  0.51110  0.51116 
 23.04500  0.51106  0.51110 
 23.14500  0.51101  0.51106 
 23.24500  0.51096  0.51100 
 23.34500  0.51092  0.51099 
 23.44500  0.51088  0.51090 
 23.54500  0.51085  0.51090 
 23.64500  0.51080  0.51087 
 23.74500  0.51078  0.51080 
 23.84500  0.51076  0.51080 
 23.94500  0.51072  0.51080 
 24.04500  0.51070  0.51074 
 24.14500  0.51068  0.51070 
 24.24500  0.51068  0.51070 
 24.34500  0.51066  0.51070 
 24.44500  0.51062  0.51070 
 24.54500  0.51062  0.51070 
 24.64500  0.51062  0.51070 
 24.74500  0.51061  0.51070 
 24.84500  0.51061  0.51070 
 24.94500  0.51062  0.51070 
 25.04500  0.51064  0.51070 
 25.14500  0.51065  0.51070 
 25.24500  0.51066  0.51070 
 25.34500  0.51068  0.51070 
 25.44500  0.51067  0.51070 
 25.54500  0.51068  0.51070 
 25.64500  0.51071  0.51076 
 25.74500  0.51075  0.51080 
 25.84500  0.51075  0.51080 
 25.94500  0.51078  0.51080 
 26.04500  0.51081  0.51087 
 26.14500  0.51086  0.51090 
 26.24500  0.51089  0.51090 
 26.34500  0.51092  0.51098 
 26.44500  0.51095  0.51100 
 26.54500  0.51099  0.51103 
 26.64500  0.51106  0.51110 
 26.74500  0.51108  0.51110 
 26.84500  0.51112  0.51120 
 26.94500  0.51118  0.51120 
 27.04500  0.51121  0.51130 
 27.14500  0.51127  0.51131 
 27.24500  0.51136  0.51140 
 27.34500  0.51140  0.51144 
 27.44500  0.51146  0.51150 
 27.54500  0.51152  0.51157 
 27.64500  0.51157  0.51161 
 27.74500  0.51165  0.51170 
 27.84500  0.51172  0.51175 
 27.94500  0.51179  0.51180 
 28.04500  0.51185  0.51190 
 28.14500  0.51191  0.51195 
 28.24500  0.51199  0.51201 
 28.34500  0.51205  0.51210 
 28.44500  0.51213  0.51217 
 28.54500  0.51219  0.51224 
 28.64500  0.51227  0.51230 
 28.74500  0.51235  0.51240 
 28.84500  0.51244  0.51247 
 28.94500  0.51250  0.51253 
 29.04500  0.51258  0.51260 
 29.14500  0.51265  0.51270 
 29.24500  0.51276  0.51277 
 29.34500  0.51282  0.51284 
 29.44500  0.51290  0.51291 
 29.54500  0.51296  0.51300 
 29.64500  0.51305  0.51308 
 29.74500  0.51314  0.51315 
 29.84500  0.51322  0.51322 
 29.94500  0.51329  0.51330 
 30.04500  0.51336  0.51339 
 30.14500  0.51344  0.51346 
 30.24500  0.51350  0.51352 
 30.34500  0.51361  0.51360 
 30.44500  0.51367  0.51368 
 30.54500  0.51374  0.51374 
 30.64500  0.51382  0.51380 
 30.74500  0.51387  0.51390 
 30.84500  0.51394  0.51395 
 30.94500  0.51401  0.51400 
 31.04500  0.51406  0.51410 
 31.14500  0.51413  0.51414 
 31.24500  0.51421  0.51420 
 31.34500  0.51426  0.51427 
 31.44500  0.51431  0.51430 
 31.54500  0.51437  0.51439 
 31.64500  0.51444  0.51440 
 31.74500  0.51449  0.51450 
 31.84500  0.51453  0.51450 
 31.94500  0.51458  0.51458 
 32.04500  0.51462  0.51460 
 32.14500  0.51465  0.51463 
 32.24500  0.51467  0.51470 
 32.34500  0.51471  0.51470 
 32.44500  0.51475  0.51472 
 32.54500  0.51478  0.51480 
 32.64500  0.51479  0.51480 
 32.74500  0.51482  0.51480 
 32.84500  0.51485  0.51480 
 32.94500  0.51485  0.51480 
 33.04500  0.51488  0.51480 
 33.14500  0.51489  0.51486 
 33.24500  0.51487  0.51488 
 33.34500  0.51487  0.51480 
 33.44500  0.51488  0.51480 
 33.54500  0.51486  0.51480 
 33.64500  0.51483  0.51480 
 33.74500  0.51482  0.51480 
 33.84500  0.51479  0.51480 
 33.94500  0.51477  0.51471 
 34.04500  0.51473  0.51470 
 34.14500  0.51472  0.51468 
 34.24500  0.51464  0.51460 
 34.34500  0.51460  0.51459 
 34.44500  0.51456  0.51450 
 34.54500  0.51450  0.51447 
 34.64500  0.51442  0.51440 
 34.74500  0.51436  0.51432 
 34.84500  0.51429  0.51426 
 34.94500  0.51421  0.51419 
 35.04500  0.51413  0.51410 
 35.14500  0.51404  0.51400 
 35.24500  0.51394  0.51391 
 35.34500  0.51385  0.51381 
 35.44500  0.51374  0.51371 
 35.54500  0.51363  0.51361 
 35.64500  0.51352  0.51348 
 35.74500  0.51340  0.51336 
 35.84500  0.51327  0.51324 
 35.94500  0.51314  0.51312 
 36.04500  0.51301  0.51297 
 36.14500  0.51285  0.51284 
 36.24500  0.51272  0.51268 
 36.34500  0.51256  0.51254 
 36.44500  0.51241  0.51237 
 36.54500  0.51225  0.51222 
 36.64500  0.51208  0.51205 
 36.74500  0.51190  0.51187 
 36.84500  0.51173  0.51170 
 36.94500  0.51155  0.51151 
 37.04500  0.51136  0.51133 
 37.14500  0.51116  0.51113 
 37.24500  0.51097  0.51093 
 37.34500  0.51076  0.51073 
 37.44500  0.51055  0.51052 
 37.54500  0.51034  0.51031 
 37.64500  0.51012  0.51009 
 37.74500  0.50990  0.50987 
 37.84500  0.50967  0.50964 
 37.94500  0.50944  0.50941 
 38.04500  0.50921  0.50918 
 38.14500  0.50897  0.50892 
 38.24500  0.50872  0.50868 
 38.34500  0.50847  0.50842 
 38.44500  0.50821  0.50818 
 38.54500  0.50796  0.50792 
 38.64500  0.50769  0.50766 
 38.74500  0.50743  0.50740 
 38.84500  0.50716  0.50712 
 38.94500  0.50688  0.50685 
 39.04500  0.50661  0.50657 
 39.14500  0.50632  0.50629 
 39.24500  0.50605  0.50600 
 39.34500  0.50576  0.50571 
 39.44500  0.50547  0.50543 
 39.54500  0.50516  0.50513 
 39.64500  0.50488  0.50483 
 39.74500  0.50458  0.50453 
 39.84500  0.50427  0.50422 
 39.94500  0.50396  0.50392 
 40.04500  0.50365  0.50361 
 40.14500  0.50334  0.50329 
 40.24500  0.50302  0.50298 
 40.34500  0.50271  0.50266 
 40.44500  0.50239  0.50235 
 40.54500  0.50208  0.50202 
 40.64500  0.50175  0.50170 
 40.74500  0.50142  0.50138 
 40.84500  0.50109  0.50105 
 40.94500  0.50077  0.50072 
 41.04500  0.50043  0.50038 
 41.14500  0.50011  0.50005 
 41.24500  0.49978  0.49972 
 41.34500  0.49944  0.49938 
 41.44500  0.49910  0.49905 
 41.54500  0.49877  0.49872 
 41.64500  0.49843  0.49838 
 41.74500  0.49809  0.49805 
 41.84500  0.49775  0.49768 
 41.94500  0.49741  0.49735 
 42.04500  0.49706  0.49702 
 42.14500  0.49672  0.49668 
 42.24500  0.49639  0.49632 
 42.34500  0.49605  0.49598 
 42.44500  0.49569  0.49565 
 42.54500  0.49535  0.49529 
 42.64500  0.49500  0.49495 
 42.74500  0.49467  0.49462 
 42.84500  0.49433  0.49426 
 42.94500  0.49398  0.49392 
 43.04500  0.49363  0.49358 
 43.14500  0.49329  0.49323 
 43.24500  0.49295  0.49288 
 43.34500  0.49260  0.49255 
 43.44500  0.49225  0.49219 
 43.54500  0.49191  0.49185 
 43.64500  0.49156  0.49152 
 43.74500  0.49122  0.49117 
 43.84500  0.49088  0.49082 
 43.94500  0.49054  0.49048 
 44.04500  0.49019  0.49015 
 44.14500  0.48984  0.48979 
 44.24500  0.48951  0.48945 
 44.34500  0.48917  0.48912 
 44.44500  0.48883  0.48878 
 44.54500  0.48848  0.48843 
 44.64500  0.48814  0.48808 
 44.74500  0.48780  0.48775 
 44.84500  0.48745  0.48742 
 44.94500  0.48712  0.48708 
 45.04500  0.48678  0.48672 
 45.14500  0.48644  0.48638 
 45.24500  0.48609  0.48605 
 45.34500  0.48576  0.48572 
 45.44500  0.48542  0.48538 
 45.54500  0.48508  0.48502 
 45.64500  0.48474  0.48468 
 45.74500  0.48440  0.48435 
 45.84500  0.48406  0.48402 
 45.94500  0.48372  0.48366 
 46.04500  0.48337  0.48332 
 46.14500  0.48303  0.48298 
 46.24500  0.48269  0.48265 
 46.34500  0.48235  0.48229 
 46.44500  0.48200  0.48195 
 46.54500  0.48166  0.48162 
 46.64500  0.48131  0.48125 
 46.74500  0.48097  0.48092 
 46.84500  0.48061  0.48056 
 46.94500  0.48026  0.48022 
 47.04500  0.47992  0.47985 
 47.14500  0.47956  0.47951 
 47.24500  0.47921  0.47915 
 47.34500  0.47885  0.47879 
 47.44500  0.47850  0.47844 
 47.54500  0.47814  0.47807 
 47.64500  0.47777  0.47771 
 47.74500  0.47741  0.47735 
 47.84500  0.47705  0.47698 
 47.94500  0.47667  0.47661 
 48.04500  0.47631  0.47624 
 48.14500  0.47593  0.47586 
 48.24500  0.47556  0.47548 
 48.34500  0.47517  0.47510 
 48.44500  0.47479  0.47471 
 48.54500  0.47439  0.47432 
 48.64500  0.47401  0.47393 
 48.74500  0.47361  0.47354 
 48.84500  0.47322  0.47314 
 48.94500  0.47281  0.47272 
 49.04500  0.47241  0.47232 
 49.14500  0.47199  0.47191 
 49.24500  0.47157  0.47149 
 49.34500  0.47116  0.47107 
 49.44500  0.47074  0.47063 
 49.54500  0.47031  0.47021 
 49.64500  0.46987  0.46977 
 49.74500  0.46944  0.46933 
 49.84500  0.46899  0.46889 
 49.94500  0.46854  0.46843 
 50.04500  0.46807  0.46798 
 50.14500  0.46763  0.46750 
 50.24500  0.46716  0.46705 
 50.34500  0.46669  0.46656 
 50.44500  0.46620  0.46610 
 50.54500  0.46572  0.46560 
 50.64500  0.46524  0.46510 
 50.74500  0.46473  0.46460 
 50.84500  0.46422  0.46410 
 50.94500  0.46373  0.46360 
 51.04500  0.46321  0.46309 
 51.14500  0.46269  0.46255 
 51.24500  0.46216  0.46204 
 51.34500  0.46163  0.46150 
 51.44500  0.46108  0.46095 
 51.54500  0.46054  0.46041 
 51.64500  0.45998  0.45985 
 51.74500  0.45941  0.45928 
 51.84500  0.45885  0.45872 
 51.94500  0.45828  0.45814 
 52.04500  0.45769  0.45756 
 52.14500  0.45710  0.45697 
 52.24500  0.45651  0.45637 
 52.34500  0.45591  0.45577 
 52.44500  0.45530  0.45517 
 52.54500  0.45468  0.45455 
 52.64500  0.45406  0.45392 
 52.74500  0.45344  0.45330 
 52.84500  0.45280  0.45267 
 52.94500  0.45216  0.45202 
 53.04500  0.45151  0.45138 
 53.14500  0.45085  0.45073 
 53.24500  0.45020  0.45007 
 53.34500  0.44953  0.44940 
 53.44500  0.44887  0.44873 
 53.54500  0.44818  0.44806 
 53.64500  0.44750  0.44737 
 53.74500  0.44681  0.44668 
 53.84500  0.44612  0.44599 
 53.94500  0.44542  0.44529 
 54.04500  0.44471  0.44459 
 54.14500  0.44401  0.44388 
 54.24500  0.44329  0.44316 
 54.34500  0.44257  0.44245 
 54.44500  0.44186  0.44173 
 54.54500  0.44112  0.44101 
 54.64500  0.44039  0.44027 
 54.74500  0.43966  0.43955 
 54.84500  0.43892  0.43880 
 54.94500  0.43818  0.43807 
 55.04500  0.43743  0.43733 
 55.14500  0.43668  0.43657 
 55.24500  0.43594  0.43583 
 55.34500  0.43519  0.43510 
 55.44500  0.43444  0.43434 
 55.54500  0.43370  0.43357 
 55.64500  0.43294  0.43283 
 55.74500  0.43219  0.43207 
 55.84500  0.43143  0.43133 
 55.94500  0.43067  0.43057 
 56.04500  0.42990  0.42983 
 56.14500  0.42916  0.42905 
 56.24500  0.42841  0.42830 
 56.34500  0.42766  0.42755 
 56.44500  0.42690  0.42680 
 56.54500  0.42615  0.42605 
 56.64500  0.42541  0.42530 
 56.74500  0.42466  0.42456 
 56.84500  0.42391  0.42383 
 56.94500  0.42318  0.42308 
 57.04500  0.42244  0.42235 
 57.14500  0.42171  0.42162 
 57.24500  0.42098  0.42089 
 57.34500  0.42026  0.42016 
 57.44500  0.41954  0.41945 
 57.54500  0.41884  0.41874 
 57.64500  0.41813  0.41804 
 57.74500  0.41742  0.41734 
 57.84500  0.41673  0.41664 
 57.94500  0.41605  0.41597 
 58.04500  0.41537  0.41528 
 58.14500  0.41470  0.41460 
 58.24500  0.41403  0.41395 
 58.34500  0.41339  0.41330 
 58.44500  0.41274  0.41265 
 58.54500  0.41210  0.41201 
 58.64500  0.41148  0.41139 
 58.74500  0.41088  0.41078 
 58.84500  0.41026  0.41017 
 58.94500  0.40967  0.40957 
 59.04500  0.40908  0.40899 
 59.14500  0.40852  0.40842 
 59.24500  0.40796  0.40786 
 59.34500  0.40740  0.40732 
 59.44500  0.40688  0.40678 
 59.54500  0.40636  0.40625 
 59.64500  0.40584  0.40575 
 59.74500  0.40535  0.40525 
 59.84500  0.40487  0.40477 
 59.94500  0.40441  0.40430 
 60.04500  0.40395  0.40386 
 60.14500  0.40352  0.40342 
 60.24500  0.40310  0.40299 
 60.34500  0.40269  0.40258 
 60.44500  0.40229  0.40219 
 60.54500  0.40192  0.40182 
 60.64500  0.40157  0.40145 
 60.74500  0.40122  0.40112 
 60.84500  0.40090  0.40078 
 60.94500  0.40059  0.40048 
 61.04500  0.40029  0.40019 
 61.14500  0.40001  0.39990 
 61.24500  0.39976  0.39965 
 61.34500  0.39953  0.39940 
 61.44500  0.39929  0.39919 
 61.54500  0.39909  0.39897 
 61.64500  0.39890  0.39879 
 61.74500  0.39873  0.39862 
 61.84500  0.39858  0.39846 
 61.94500  0.39846  0.39834 
 62.04500  0.39834  0.39822 
 62.14500  0.39826  0.39812 
 62.24500  0.39816  0.39805 
 62.34500  0.39812  0.39800 
 62.44500  0.39807  0.39795 
 62.54500  0.39804  0.39790 
