  0.04500  1.00002  1.00000 
  0.14500  1.00000  1.00000 
  0.24500  1.00000  1.00000 
  0.34500  1.00001  1.00000 
  0.44500  1.00002  1.00000 
  0.54500  1.00001  1.00000 
  0.64500  1.00001  1.00000 
  0.74500  1.00002  1.00000 
  0.84500  1.00001  1.00000 
  0.94500  1.00001  1.00000 
  1.04500  1.00000  1.00000 
  1.14500  0.99998  1.00000 
  1.24500  0.99999  0.99996 
  1.34500  0.99995  0.99990 
  1.44500  0.99986  0.99988 
  1.54500  0.99979  0.99978 
  1.64500  0.99966  0.99966 
  1.74500  0.99948  0.99946 
  1.84500  0.99919  0.99917 
  1.94500  0.99874  0.99874 
  2.04500  0.99810  0.99809 
  2.14500  0.99720  0.99720 
  2.24500  0.99589  0.99590 
  2.34500  0.99412  0.99409 
  2.44500  0.99165  0.99163 
  2.54500  0.98833  0.98833 
  2.64500  0.98392  0.98391 
  2.74500  0.97818  0.97814 
  2.84500  0.97074  0.97073 
  2.94500  0.96134  0.96133 
  3.04500  0.94963  0.94961 
  3.14500  0.93522  0.93520 
  3.24500  0.91780  0.91779 
  3.34500  0.89707  0.89706 
  3.44500  0.87278  0.87279 
  3.54500  0.84475  0.84480 
  3.64500  0.81299  0.81301 
  3.74500  0.77749  0.77750 
  3.84500  0.73847  0.73841 
  3.94500  0.69620  0.69606 
  4.04500  0.65106  0.65089 
  4.14500  0.60362  0.60353 
  4.24500  0.55443  0.55455 
  4.34500  0.50468  0.50470 
  4.44500  0.45498  0.45481 
  4.54500  0.40558  0.40563 
  4.64500  0.35774  0.35788 
  4.74500  0.31213  0.31225 
  4.84500  0.26927  0.26936 
  4.94500  0.22960  0.22962 
  5.04500  0.19344  0.19342 
  5.14500  0.16099  0.16091 
  5.24500  0.13227  0.13222 
  5.34500  0.10731  0.10728 
  5.44500  0.08595  0.08595 
  5.54500  0.06797  0.06799 
  5.64500  0.05314  0.05315 
  5.74500  0.04107  0.04106 
  5.84500  0.03146  0.03147 
  5.94500  0.02400  0.02401 
  6.04500  0.01843  0.01843 
  6.14500  0.01446  0.01445 
  6.24500  0.01192  0.01193 
  6.34500  0.01068  0.01067 
  6.44500  0.01067  0.01067 
  6.54500  0.01188  0.01188 
  6.64500  0.01442  0.01441 
  6.74500  0.01834  0.01835 
  6.84500  0.02390  0.02391 
  6.94500  0.03133  0.03133 
  7.04500  0.04089  0.04090 
  7.14500  0.05293  0.05295 
  7.24500  0.06775  0.06774 
  7.34500  0.08566  0.08566 
  7.44500  0.10697  0.10694 
  7.54500  0.13187  0.13182 
  7.64500  0.16052  0.16047 
  7.74500  0.19295  0.19291 
  7.84500  0.22905  0.22906 
  7.94500  0.26867  0.26872 
  8.04500  0.31148  0.31161 
  8.14500  0.35703  0.35720 
  8.24500  0.40485  0.40490 
  8.34500  0.45424  0.45409 
  8.44500  0.50398  0.50400 
  8.54500  0.55369  0.55381 
  8.64500  0.60287  0.60281 
  8.74500  0.65037  0.65022 
  8.84500  0.69553  0.69541 
  8.94500  0.73786  0.73779 
  9.04500  0.77695  0.77694 
  9.14500  0.81249  0.81252 
  9.24500  0.84432  0.84437 
  9.34500  0.87237  0.87241 
  9.44500  0.89673  0.89672 
  9.54500  0.91751  0.91751 
  9.64500  0.93497  0.93494 
  9.74500  0.94939  0.94937 
  9.84500  0.96114  0.96111 
  9.94500  0.97050  0.97049 
 10.04500  0.97789  0.97789 
 10.14500  0.98360  0.98359 
 10.24500  0.98783  0.98783 
 10.34500  0.99096  0.99093 
 10.44500  0.99307  0.99305 
 10.54500  0.99435  0.99433 
 10.64500  0.99488  0.99487 
 10.74500  0.99474  0.99472 
 10.84500  0.99386  0.99385 
 10.94500  0.99220  0.99219 
 11.04500  0.98967  0.98964 
 11.14500  0.98603  0.98604 
 11.24500  0.98115  0.98116 
 11.34500  0.97475  0.97472 
 11.44500  0.96646  0.96646 
 11.54500  0.95605  0.95601 
 11.64500  0.94313  0.94308 
 11.74500  0.92733  0.92731 
 11.84500  0.90840  0.90838 
 11.94500  0.88597  0.88601 
 12.04500  0.85996  0.85997 
 12.14500  0.83015  0.83020 
 12.24500  0.79660  0.79661 
 12.34500  0.75941  0.75938 
 12.44500  0.71879  0.71868 
 12.54500  0.67510  0.67496 
 12.64500  0.62882  0.62865 
 12.74500  0.58042  0.58043 
 12.84500  0.53074  0.53097 
 12.94500  0.48120  0.48100 
 13.04500  0.43138  0.43134 
 13.14500  0.38265  0.38275 
 13.24500  0.33579  0.33592 
 13.34500  0.29143  0.29154 
 13.44500  0.25004  0.25009 
 13.54500  0.21200  0.21198 
 13.64500  0.17758  0.17751 
 13.74500  0.14686  0.14682 
 13.84500  0.11993  0.11990 
 13.94500  0.09669  0.09668 
 14.04500  0.07693  0.07694 
 14.14500  0.06044  0.06047 
 14.24500  0.04689  0.04689 
 14.34500  0.03591  0.03592 
 14.44500  0.02723  0.02722 
 14.54500  0.02047  0.02046 
 14.64500  0.01534  0.01533 
 14.74500  0.01160  0.01160 
 14.84500  0.00905  0.00904 
 14.94500  0.00755  0.00755 
 15.04500  0.00694  0.00694 
 15.14500  0.00722  0.00723 
 15.24500  0.00844  0.00846 
 15.34500  0.01062  0.01063 
 15.44500  0.01395  0.01396 
 15.54500  0.01858  0.01858 
 15.64500  0.02478  0.02479 
 15.74500  0.03279  0.03281 
 15.84500  0.04296  0.04297 
 15.94500  0.05563  0.05564 
 16.04500  0.07112  0.07115 
 16.14500  0.08975  0.08975 
 16.24500  0.11183  0.11179 
 16.34500  0.13752  0.13748 
 16.44500  0.16697  0.16690 
 16.54500  0.20018  0.20015 
 16.64500  0.23704  0.23709 
 16.74500  0.27736  0.27742 
 16.84500  0.32077  0.32094 
 16.94500  0.36687  0.36701 
 17.04500  0.41506  0.41508 
 17.14500  0.46465  0.46446 
 17.24500  0.51426  0.51440 
 17.34500  0.56409  0.56414 
 17.44500  0.61297  0.61285 
 17.54500  0.66003  0.65987 
 17.64500  0.70464  0.70452 
 17.74500  0.74633  0.74624 
 17.84500  0.78467  0.78467 
 17.94500  0.81945  0.81948 
 18.04500  0.85049  0.85053 
 18.14500  0.87777  0.87779 
 18.24500  0.90135  0.90134 
 18.34500  0.92141  0.92142 
 18.44500  0.93824  0.93822 
 18.54500  0.95208  0.95206 
 18.64500  0.96332  0.96330 
 18.74500  0.97230  0.97228 
 18.84500  0.97934  0.97932 
 18.94500  0.98480  0.98478 
 19.04500  0.98890  0.98889 
 19.14500  0.99195  0.99192 
 19.24500  0.99411  0.99412 
 19.34500  0.99557  0.99556 
 19.44500  0.99645  0.99643 
 19.54500  0.99679  0.99678 
 19.64500  0.99668  0.99667 
 19.74500  0.99606  0.99603 
 19.84500  0.99488  0.99489 
 19.94500  0.99308  0.99306 
 20.04500  0.99049  0.99045 
 20.14500  0.98689  0.98688 
 20.24500  0.98213  0.98212 
 20.34500  0.97588  0.97588 
 20.44500  0.96787  0.96787 
 20.54500  0.95776  0.95773 
 20.64500  0.94521  0.94519 
 20.74500  0.92985  0.92983 
 20.84500  0.91138  0.91136 
 20.94500  0.88948  0.88950 
 21.04500  0.86401  0.86401 
 21.14500  0.83476  0.83478 
 21.24500  0.80174  0.80176 
 21.34500  0.76507  0.76505 
 21.44500  0.72493  0.72484 
 21.54500  0.68168  0.68152 
 21.64500  0.63570  0.63557 
 21.74500  0.58760  0.58758 
 21.84500  0.53808  0.53825 
 21.94500  0.48848  0.48830 
 22.04500  0.43863  0.43855 
 22.14500  0.38966  0.38976 
 22.24500  0.34249  0.34265 
 22.34500  0.29773  0.29786 
 22.44500  0.25588  0.25594 
 22.54500  0.21735  0.21733 
 22.64500  0.18236  0.18232 
 22.74500  0.15111  0.15108 
 22.84500  0.12362  0.12360 
 22.94500  0.09986  0.09983 
 23.04500  0.07959  0.07959 
 23.14500  0.06263  0.06265 
 23.24500  0.04863  0.04866 
 23.34500  0.03726  0.03728 
 23.44500  0.02819  0.02819 
 23.54500  0.02109  0.02108 
 23.64500  0.01561  0.01562 
 23.74500  0.01150  0.01149 
 23.84500  0.00850  0.00849 
 23.94500  0.00642  0.00643 
 24.04500  0.00515  0.00516 
 24.14500  0.00456  0.00456 
 24.24500  0.00459  0.00459 
 24.34500  0.00526  0.00525 
 24.44500  0.00661  0.00661 
 24.54500  0.00878  0.00878 
 24.64500  0.01190  0.01189 
 24.74500  0.01614  0.01614 
 24.84500  0.02178  0.02180 
 24.94500  0.02911  0.02909 
 25.04500  0.03840  0.03841 
 25.14500  0.05003  0.05004 
 25.24500  0.06435  0.06434 
 25.34500  0.08166  0.08168 
 25.44500  0.10232  0.10228 
 25.54500  0.12647  0.12644 
 25.64500  0.15437  0.15433 
 25.74500  0.18604  0.18600 
 25.84500  0.22143  0.22142 
 25.94500  0.26036  0.26040 
 26.04500  0.30252  0.30265 
 26.14500  0.34761  0.34773 
 26.24500  0.39501  0.39508 
 26.34500  0.44414  0.44402 
 26.44500  0.49389  0.49380 
 26.54500  0.54357  0.54373 
 26.64500  0.59301  0.59296 
 26.74500  0.64091  0.64075 
 26.84500  0.68661  0.68645 
 26.94500  0.72954  0.72944 
 27.04500  0.76928  0.76927 
 27.14500  0.80557  0.80558 
 27.24500  0.83817  0.83820 
 27.34500  0.86698  0.86702 
 27.44500  0.89208  0.89208 
 27.54500  0.91357  0.91356 
 27.64500  0.93167  0.93166 
 27.74500  0.94670  0.94668 
 27.84500  0.95895  0.95892 
 27.94500  0.96879  0.96877 
 28.04500  0.97652  0.97654 
 28.14500  0.98256  0.98254 
 28.24500  0.98708  0.98708 
 28.34500  0.99040  0.99039 
 28.44500  0.99271  0.99268 
 28.54500  0.99416  0.99414 
 28.64500  0.99483  0.99482 
 28.74500  0.99482  0.99481 
 28.84500  0.99409  0.99408 
 28.94500  0.99260  0.99258 
 29.04500  0.99026  0.99024 
 29.14500  0.98687  0.98687 
 29.24500  0.98227  0.98227 
 29.34500  0.97618  0.97618 
 29.44500  0.96832  0.96830 
 29.54500  0.95836  0.95834 
 29.64500  0.94596  0.94594 
 29.74500  0.93079  0.93078 
 29.84500  0.91250  0.91249 
 29.94500  0.89083  0.89085 
 30.04500  0.86554  0.86558 
 30.14500  0.83651  0.83655 
 30.24500  0.80371  0.80374 
 30.34500  0.76725  0.76723 
 30.44500  0.72731  0.72723 
 30.54500  0.68423  0.68405 
 30.64500  0.63838  0.63826 
 30.74500  0.59040  0.59037 
 30.84500  0.54090  0.54108 
 30.94500  0.49127  0.49116 
 31.04500  0.44145  0.44138 
 31.14500  0.39242  0.39249 
 31.24500  0.34511  0.34527 
 31.34500  0.30020  0.30032 
 31.44500  0.25820  0.25824 
 31.54500  0.21945  0.21943 
 31.64500  0.18427  0.18421 
 31.74500  0.15277  0.15276 
 31.84500  0.12510  0.12507 
 31.94500  0.10110  0.10110 
 32.04500  0.08069  0.08069 
 32.14500  0.06355  0.06355 
 32.24500  0.04941  0.04942 
 32.34500  0.03795  0.03797 
 32.44500  0.02881  0.02882 
 32.54500  0.02169  0.02168 
 32.64500  0.01626  0.01625 
 32.74500  0.01226  0.01225 
 32.84500  0.00949  0.00949 
 32.94500  0.00777  0.00779 
 33.04500  0.00699  0.00699 
 33.14500  0.00708  0.00710 
 33.24500  0.00812  0.00812 
 33.34500  0.01009  0.01010 
 33.44500  0.01318  0.01318 
 33.54500  0.01753  0.01752 
 33.64500  0.02337  0.02338 
 33.74500  0.03099  0.03101 
 33.84500  0.04071  0.04074 
 33.94500  0.05285  0.05287 
 34.04500  0.06775  0.06774 
 34.14500  0.08570  0.08571 
 34.24500  0.10705  0.10703 
 34.34500  0.13199  0.13196 
 34.44500  0.16067  0.16063 
 34.54500  0.19313  0.19309 
 34.64500  0.22928  0.22926 
 34.74500  0.26890  0.26899 
 34.84500  0.31171  0.31185 
 34.94500  0.35732  0.35744 
 35.04500  0.40514  0.40517 
 35.14500  0.45454  0.45438 
 35.24500  0.50425  0.50430 
 35.34500  0.55398  0.55407 
 35.44500  0.60315  0.60308 
 35.54500  0.65065  0.65049 
 35.64500  0.69579  0.69568 
 35.74500  0.73810  0.73803 
 35.84500  0.77716  0.77715 
 35.94500  0.81268  0.81271 
 36.04500  0.84448  0.84453 
 36.14500  0.87256  0.87255 
 36.24500  0.89685  0.89686 
 36.34500  0.91764  0.91762 
 36.44500  0.93508  0.93505 
 36.54500  0.94950  0.94949 
 36.64500  0.96125  0.96123 
 36.74500  0.97068  0.97066 
 36.84500  0.97809  0.97808 
 36.94500  0.98388  0.98387 
 37.04500  0.98828  0.98826 
 37.14500  0.99161  0.99160 
 37.24500  0.99407  0.99406 
 37.34500  0.99585  0.99583 
 37.44500  0.99710  0.99705 
 37.54500  0.99793  0.99793 
 37.64500  0.99850  0.99847 
 37.74500  0.99876  0.99876 
 37.84500  0.99882  0.99880 
 37.94500  0.99868  0.99867 
 38.04500  0.99830  0.99829 
 38.14500  0.99764  0.99762 
 38.24500  0.99664  0.99662 
 38.34500  0.99518  0.99518 
 38.44500  0.99315  0.99315 
 38.54500  0.99039  0.99038 
 38.64500  0.98664  0.98663 
 38.74500  0.98171  0.98169 
 38.84500  0.97530  0.97528 
 38.94500  0.96710  0.96708 
 39.04500  0.95679  0.95676 
 39.14500  0.94400  0.94398 
 39.24500  0.92838  0.92836 
 39.34500  0.90963  0.90960 
 39.44500  0.88741  0.88743 
 39.54500  0.86159  0.86164 
 39.64500  0.83202  0.83207 
 39.74500  0.79869  0.79870 
 39.84500  0.76171  0.76168 
 39.94500  0.72131  0.72121 
 40.04500  0.67777  0.67762 
 40.14500  0.63161  0.63147 
 40.24500  0.58336  0.58332 
 40.34500  0.53370  0.53392 
 40.44500  0.48411  0.48400 
 40.54500  0.43433  0.43425 
 40.64500  0.38549  0.38558 
 40.74500  0.33849  0.33865 
 40.84500  0.29397  0.29409 
 40.94500  0.25240  0.25244 
 41.04500  0.21416  0.21414 
 41.14500  0.17950  0.17944 
 41.24500  0.14857  0.14852 
 41.34500  0.12141  0.12139 
 41.44500  0.09793  0.09794 
 41.54500  0.07801  0.07799 
 41.64500  0.06127  0.06129 
 41.74500  0.04751  0.04752 
 41.84500  0.03635  0.03636 
 41.94500  0.02743  0.02744 
 42.04500  0.02042  0.02043 
 42.14500  0.01500  0.01502 
 42.24500  0.01090  0.01088 
 42.34500  0.00779  0.00779 
 42.44500  0.00556  0.00553 
 42.54500  0.00394  0.00395 
 42.64500  0.00285  0.00287 
 42.74500  0.00217  0.00217 
 42.84500  0.00183  0.00183 
 42.94500  0.00179  0.00181 
 43.04500  0.00204  0.00206 
 43.14500  0.00266  0.00265 
 43.24500  0.00365  0.00363 
 43.34500  0.00510  0.00509 
 43.44500  0.00716  0.00717 
 43.54500  0.01001  0.01003 
 43.64500  0.01387  0.01388 
 43.74500  0.01897  0.01895 
 43.84500  0.02556  0.02555 
 43.94500  0.03394  0.03395 
 44.04500  0.04453  0.04454 
 44.14500  0.05761  0.05762 
 44.24500  0.07357  0.07358 
 44.34500  0.09270  0.09270 
 44.44500  0.11529  0.11525 
 44.54500  0.14153  0.14147 
 44.64500  0.17153  0.17146 
 44.74500  0.20526  0.20524 
 44.84500  0.24263  0.24266 
 44.94500  0.28341  0.28352 
 45.04500  0.32725  0.32740 
 45.14500  0.37368  0.37382 
 45.24500  0.42213  0.42211 
 45.34500  0.47191  0.47163 
 45.44500  0.52140  0.52159 
 45.54500  0.57120  0.57121 
 45.64500  0.61986  0.61974 
 45.74500  0.66662  0.66646 
 45.84500  0.71081  0.71069 
 45.94500  0.75204  0.75196 
 46.04500  0.78988  0.78990 
 46.14500  0.82413  0.82416 
 46.24500  0.85463  0.85469 
 46.34500  0.88139  0.88138 
 46.44500  0.90444  0.90442 
 46.54500  0.92399  0.92397 
 46.64500  0.94032  0.94031 
 46.74500  0.95372  0.95370 
 46.84500  0.96455  0.96449 
 46.94500  0.97306  0.97308 
 47.04500  0.97969  0.97969 
 47.14500  0.98466  0.98465 
 47.24500  0.98820  0.98819 
 47.34500  0.99054  0.99052 
 47.44500  0.99178  0.99177 
 47.54500  0.99202  0.99200 
 47.64500  0.99125  0.99124 
 47.74500  0.98947  0.98943 
 47.84500  0.98652  0.98649 
 47.94500  0.98226  0.98226 
 48.04500  0.97648  0.97646 
 48.14500  0.96890  0.96887 
 48.24500  0.95922  0.95918 
 48.34500  0.94711  0.94708 
 48.44500  0.93222  0.93218 
 48.54500  0.91424  0.91423 
 48.64500  0.89290  0.89290 
 48.74500  0.86795  0.86798 
 48.84500  0.83926  0.83929 
 48.94500  0.80678  0.80683 
 49.04500  0.77063  0.77064 
 49.14500  0.73102  0.73091 
 49.24500  0.68820  0.68805 
 49.34500  0.64259  0.64246 
 49.44500  0.59476  0.59471 
 49.54500  0.54537  0.54551 
 49.64500  0.49567  0.49560 
 49.74500  0.44589  0.44578 
 49.84500  0.39675  0.39681 
 49.94500  0.34926  0.34941 
 50.04500  0.30411  0.30422 
 50.14500  0.26182  0.26187 
 50.24500  0.22276  0.22276 
 50.34500  0.18724  0.18721 
 50.44500  0.15544  0.15540 
 50.54500  0.12744  0.12737 
 50.64500  0.10310  0.10309 
 50.74500  0.08233  0.08237 
 50.84500  0.06491  0.06492 
 50.94500  0.05051  0.05051 
 51.04500  0.03877  0.03879 
 51.14500  0.02940  0.02941 
 51.24500  0.02201  0.02201 
 51.34500  0.01633  0.01631 
 51.44500  0.01202  0.01201 
 51.54500  0.00886  0.00887 
 51.64500  0.00669  0.00667 
 51.74500  0.00530  0.00528 
 51.84500  0.00460  0.00459 
 51.94500  0.00453  0.00455 
 52.04500  0.00511  0.00510 
 52.14500  0.00638  0.00639 
 52.24500  0.00842  0.00842 
 52.34500  0.01139  0.01137 
 52.44500  0.01542  0.01543 
 52.54500  0.02086  0.02086 
 52.64500  0.02791  0.02791 
 52.74500  0.03689  0.03691 
 52.84500  0.04817  0.04819 
 52.94500  0.06209  0.06209 
 53.04500  0.07894  0.07894 
 53.14500  0.09907  0.09906 
 53.24500  0.12271  0.12270 
 53.34500  0.15006  0.15002 
 53.44500  0.18119  0.18114 
 53.54500  0.21602  0.21601 
 53.64500  0.25447  0.25450 
 53.74500  0.29618  0.29629 
 53.84500  0.34083  0.34098 
 53.94500  0.38795  0.38804 
 54.04500  0.43687  0.43678 
 54.14500  0.48669  0.48650 
 54.24500  0.53628  0.53645 
 54.34500  0.58587  0.58582 
 54.44500  0.63403  0.63388 
 54.54500  0.68008  0.67993 
 54.64500  0.72344  0.72335 
 54.74500  0.76369  0.76367 
 54.84500  0.80050  0.80051 
 54.94500  0.83362  0.83367 
 55.04500  0.86300  0.86303 
 55.14500  0.88864  0.88864 
 55.24500  0.91065  0.91063 
 55.34500  0.92923  0.92921 
 55.44500  0.94468  0.94466 
 55.54500  0.95731  0.95731 
 55.64500  0.96746  0.96747 
 55.74500  0.97552  0.97551 
 55.84500  0.98178  0.98174 
 55.94500  0.98652  0.98647 
 56.04500  0.99001  0.98998 
 56.14500  0.99244  0.99242 
 56.24500  0.99399  0.99400 
 56.34500  0.99478  0.99477 
 56.44500  0.99486  0.99484 
 56.54500  0.99424  0.99423 
 56.64500  0.99288  0.99286 
 56.74500  0.99064  0.99066 
 56.84500  0.98745  0.98744 
 56.94500  0.98303  0.98301 
 57.04500  0.97719  0.97717 
 57.14500  0.96960  0.96957 
 57.24500  0.95997  0.95993 
 57.34500  0.94794  0.94792 
 57.44500  0.93319  0.93317 
 57.54500  0.91540  0.91537 
 57.64500  0.89423  0.89422 
 57.74500  0.86947  0.86949 
 57.84500  0.84099  0.84104 
 57.94500  0.80874  0.80876 
 58.04500  0.77280  0.77279 
 58.14500  0.73334  0.73326 
 58.24500  0.69071  0.69056 
 58.34500  0.64524  0.64510 
 58.44500  0.59754  0.59745 
 58.54500  0.54821  0.54834 
 58.64500  0.49846  0.49850 
 58.74500  0.44873  0.44861 
 58.84500  0.39952  0.39954 
 58.94500  0.35189  0.35205 
 59.04500  0.30660  0.30673 
 59.14500  0.26413  0.26418 
 59.24500  0.22487  0.22489 
 59.34500  0.18917  0.18913 
 59.44500  0.15715  0.15710 
 59.54500  0.12890  0.12886 
 59.64500  0.10436  0.10439 
 59.74500  0.08343  0.08343 
 59.84500  0.06582  0.06582 
 59.94500  0.05124  0.05124 
 60.04500  0.03932  0.03936 
 60.14500  0.02979  0.02980 
 60.24500  0.02226  0.02227 
 60.34500  0.01640  0.01640 
 60.44500  0.01192  0.01192 
 60.54500  0.00853  0.00856 
 60.64500  0.00604  0.00603 
 60.74500  0.00419  0.00421 
 60.84500  0.00289  0.00288 
 60.94500  0.00194  0.00195 
 61.04500  0.00131  0.00131 
 61.14500  0.00084  0.00085 
 61.24500  0.00055  0.00055 
 61.34500  0.00037  0.00035 
 61.44500  0.00023  0.00022 
 61.54500  0.00015  0.00013 
 61.64500  0.00006  0.00010 
 61.74500  0.00003  0.00005 
 61.84500  0.00003  0.00000 
 61.94500  0.00001  0.00000 
 62.04500 -0.00000  0.00000 
 62.14500  0.00000  0.00000 
 62.24500 -0.00000  0.00000 
 62.34500  0.00000  0.00000 
 62.44500 -0.00000  0.00000 
 62.54500 -0.00000  0.00000 
