  0.04500  0.51002  0.50950 
  0.14500  0.51002  0.50950 
  0.24500  0.51002  0.50950 
  0.34500  0.51002  0.50950 
  0.44500  0.51002  0.50950 
  0.54500  0.51002  0.50950 
  0.64500  0.51002  0.50950 
  0.74500  0.51002  0.50950 
  0.84500  0.51002  0.50950 
  0.94500  0.51002  0.50950 
  1.04500  0.51002  0.50950 
  1.14500  0.51002  0.50950 
  1.24500  0.51002  0.50950 
  1.34500  0.51002  0.50950 
  1.44500  0.51002  0.50950 
  1.54500  0.51002  0.50950 
  1.64500  0.51002  0.50950 
  1.74500  0.51003  0.50950 
  1.84500  0.51003  0.50950 
  1.94500  0.51003  0.50950 
  2.04500  0.51003  0.50950 
  2.14500  0.51003  0.50950 
  2.24500  0.51003  0.50950 
  2.34500  0.51002  0.50950 
  2.44500  0.51002  0.50950 
  2.54500  0.51003  0.50950 
  2.64500  0.51003  0.50950 
  2.74500  0.51003  0.50950 
  2.84500  0.51004  0.50950 
  2.94500  0.51004  0.50950 
  3.04500  0.51004  0.50950 
  3.14500  0.51004  0.50950 
  3.24500  0.51005  0.50950 
  3.34500  0.51005  0.50950 
  3.44500  0.51004  0.50950 
  3.54500  0.51004  0.50950 
  3.64500  0.51004  0.50950 
  3.74500  0.51004  0.50950 
  3.84500  0.51005  0.50950 
  3.94500  0.51005  0.50950 
  4.04500  0.51005  0.50950 
  4.14500  0.51005  0.50950 
  4.24500  0.51005  0.50950 
  4.34500  0.51004  0.50950 
  4.44500  0.51004  0.50950 
  4.54500  0.51004  0.50950 
  4.64500  0.51005  0.50950 
  4.74500  0.51005  0.50950 
  4.84500  0.51006  0.50950 
  4.94500  0.51006  0.50950 
  5.04500  0.51005  0.50950 
  5.14500  0.51005  0.50950 
  5.24500  0.51004  0.50950 
  5.34500  0.51004  0.50950 
  5.44500  0.51004  0.50950 
  5.54500  0.51004  0.50950 
  5.64500  0.51005  0.50950 
  5.74500  0.51005  0.50950 
  5.84500  0.51004  0.50950 
  5.94500  0.51003  0.50950 
  6.04500  0.51003  0.50950 
  6.14500  0.51004  0.50950 
  6.24500  0.51003  0.50950 
  6.34500  0.51003  0.50950 
  6.44500  0.51003  0.50950 
  6.54500  0.51003  0.50950 
  6.64500  0.51003  0.50950 
  6.74500  0.51003  0.50950 
  6.84500  0.51003  0.50950 
  6.94500  0.51003  0.50950 
  7.04500  0.51003  0.50950 
  7.14500  0.51002  0.50950 
  7.24500  0.51002  0.50950 
  7.34500  0.51002  0.50950 
  7.44500  0.51002  0.50950 
  7.54500  0.51001  0.50950 
  7.64500  0.51002  0.50950 
  7.74500  0.51001  0.50950 
  7.84500  0.51002  0.50950 
  7.94500  0.51002  0.50950 
  8.04500  0.51001  0.50950 
  8.14500  0.51001  0.50950 
  8.24500  0.51000  0.50950 
  8.34500  0.51000  0.50950 
  8.44500  0.50999  0.50950 
  8.54500  0.51000  0.50950 
  8.64500  0.51000  0.50950 
  8.74500  0.50999  0.50950 
  8.84500  0.50999  0.50950 
  8.94500  0.50999  0.50950 
  9.04500  0.50999  0.50950 
  9.14500  0.50999  0.50950 
  9.24500  0.50998  0.50950 
  9.34500  0.50998  0.50950 
  9.44500  0.50997  0.50950 
  9.54500  0.50996  0.50950 
  9.64500  0.50997  0.50950 
  9.74500  0.50996  0.50950 
  9.84500  0.50996  0.50950 
  9.94500  0.50996  0.50950 
 10.04500  0.50996  0.50950 
 10.14500  0.50995  0.50950 
 10.24500  0.50995  0.50950 
 10.34500  0.50995  0.50950 
 10.44500  0.50995  0.50950 
 10.54500  0.50994  0.50950 
 10.64500  0.50995  0.50950 
 10.74500  0.50994  0.50950 
 10.84500  0.50994  0.50950 
 10.94500  0.50993  0.50950 
 11.04500  0.50993  0.50950 
 11.14500  0.50993  0.50950 
 11.24500  0.50993  0.50950 
 11.34500  0.50993  0.50950 
 11.44500  0.50993  0.50950 
 11.54500  0.50993  0.50950 
 11.64500  0.50993  0.50950 
 11.74500  0.50992  0.50950 
 11.84500  0.50991  0.50950 
 11.94500  0.50991  0.50950 
 12.04500  0.50992  0.50950 
 12.14500  0.50991  0.50950 
 12.24500  0.50991  0.50941 
 12.34500  0.50991  0.50940 
 12.44500  0.50990  0.50940 
 12.54500  0.50990  0.50940 
 12.64500  0.50990  0.50940 
 12.74500  0.50990  0.50940 
 12.84500  0.50990  0.50940 
 12.94500  0.50990  0.50940 
 13.04500  0.50990  0.50940 
 13.14500  0.50988  0.50940 
 13.24500  0.50989  0.50940 
 13.34500  0.50988  0.50940 
 13.44500  0.50987  0.50940 
 13.54500  0.50988  0.50940 
 13.64500  0.50988  0.50940 
 13.74500  0.50987  0.50940 
 13.84500  0.50987  0.50940 
 13.94500  0.50986  0.50940 
 14.04500  0.50986  0.50940 
 14.14500  0.50987  0.50940 
 14.24500  0.50986  0.50940 
 14.34500  0.50986  0.50940 
 14.44500  0.50985  0.50940 
 14.54500  0.50985  0.50940 
 14.64500  0.50985  0.50940 
 14.74500  0.50985  0.50940 
 14.84500  0.50985  0.50940 
 14.94500  0.50985  0.50940 
 15.04500  0.50983  0.50940 
 15.14500  0.50984  0.50940 
 15.24500  0.50984  0.50940 
 15.34500  0.50983  0.50940 
 15.44500  0.50983  0.50940 
 15.54500  0.50983  0.50940 
 15.64500  0.50982  0.50940 
 15.74500  0.50982  0.50940 
 15.84500  0.50982  0.50940 
 15.94500  0.50982  0.50940 
 16.04500  0.50982  0.50940 
 16.14500  0.50981  0.50940 
 16.24500  0.50980  0.50940 
 16.34500  0.50980  0.50940 
 16.44500  0.50979  0.50940 
 16.54500  0.50978  0.50940 
 16.64500  0.50978  0.50940 
 16.74500  0.50977  0.50940 
 16.84500  0.50977  0.50940 
 16.94500  0.50976  0.50940 
 17.04500  0.50976  0.50940 
 17.14500  0.50976  0.50940 
 17.24500  0.50976  0.50940 
 17.34500  0.50974  0.50940 
 17.44500  0.50975  0.50940 
 17.54500  0.50974  0.50940 
 17.64500  0.50975  0.50940 
 17.74500  0.50974  0.50940 
 17.84500  0.50972  0.50940 
 17.94500  0.50973  0.50940 
 18.04500  0.50972  0.50940 
 18.14500  0.50972  0.50940 
 18.24500  0.50972  0.50940 
 18.34500  0.50971  0.50940 
 18.44500  0.50971  0.50940 
 18.54500  0.50970  0.50940 
 18.64500  0.50971  0.50940 
 18.74500  0.50970  0.50940 
 18.84500  0.50969  0.50940 
 18.94500  0.50969  0.50940 
 19.04500  0.50969  0.50940 
 19.14500  0.50968  0.50940 
 19.24500  0.50968  0.50940 
 19.34500  0.50967  0.50940 
 19.44500  0.50966  0.50940 
 19.54500  0.50967  0.50940 
 19.64500  0.50966  0.50940 
 19.74500  0.50967  0.50940 
 19.84500  0.50965  0.50940 
 19.94500  0.50965  0.50940 
 20.04500  0.50965  0.50940 
 20.14500  0.50965  0.50940 
 20.24500  0.50965  0.50940 
 20.34500  0.50964  0.50940 
 20.44500  0.50964  0.50940 
 20.54500  0.50964  0.50940 
 20.64500  0.50964  0.50940 
 20.74500  0.50963  0.50940 
 20.84500  0.50963  0.50940 
 20.94500  0.50962  0.50940 
 21.04500  0.50962  0.50940 
 21.14500  0.50962  0.50932 
 21.24500  0.50962  0.50930 
 21.34500  0.50961  0.50930 
 21.44500  0.50961  0.50930 
 21.54500  0.50961  0.50930 
 21.64500  0.50960  0.50930 
 21.74500  0.50959  0.50930 
 21.84500  0.50959  0.50930 
 21.94500  0.50959  0.50930 
 22.04500  0.50959  0.50930 
 22.14500  0.50958  0.50930 
 22.24500  0.50957  0.50930 
 22.34500  0.50957  0.50930 
 22.44500  0.50957  0.50930 
 22.54500  0.50957  0.50930 
 22.64500  0.50957  0.50930 
 22.74500  0.50956  0.50930 
 22.84500  0.50956  0.50930 
 22.94500  0.50956  0.50930 
 23.04500  0.50956  0.50930 
 23.14500  0.50955  0.50930 
 23.24500  0.50955  0.50930 
 23.34500  0.50955  0.50930 
 23.44500  0.50955  0.50930 
 23.54500  0.50954  0.50930 
 23.64500  0.50954  0.50930 
 23.74500  0.50953  0.50930 
 23.84500  0.50953  0.50930 
 23.94500  0.50952  0.50930 
 24.04500  0.50951  0.50930 
 24.14500  0.50951  0.50930 
 24.24500  0.50951  0.50930 
 24.34500  0.50951  0.50930 
 24.44500  0.50950  0.50930 
 24.54500  0.50949  0.50930 
 24.64500  0.50950  0.50930 
 24.74500  0.50949  0.50930 
 24.84500  0.50949  0.50930 
 24.94500  0.50947  0.50930 
 25.04500  0.50947  0.50930 
 25.14500  0.50946  0.50930 
 25.24500  0.50946  0.50930 
 25.34500  0.50945  0.50930 
 25.44500  0.50945  0.50930 
 25.54500  0.50945  0.50930 
 25.64500  0.50945  0.50930 
 25.74500  0.50944  0.50930 
 25.84500  0.50943  0.50930 
 25.94500  0.50943  0.50930 
 26.04500  0.50942  0.50930 
 26.14500  0.50941  0.50930 
 26.24500  0.50940  0.50930 
 26.34500  0.50940  0.50930 
 26.44500  0.50940  0.50930 
 26.54500  0.50939  0.50930 
 26.64500  0.50938  0.50930 
 26.74500  0.50939  0.50930 
 26.84500  0.50938  0.50930 
 26.94500  0.50938  0.50930 
 27.04500  0.50937  0.50930 
 27.14500  0.50937  0.50930 
 27.24500  0.50936  0.50930 
 27.34500  0.50937  0.50930 
 27.44500  0.50935  0.50930 
 27.54500  0.50935  0.50930 
 27.64500  0.50935  0.50930 
 27.74500  0.50935  0.50930 
 27.84500  0.50934  0.50930 
 27.94500  0.50933  0.50930 
 28.04500  0.50934  0.50930 
 28.14500  0.50933  0.50921 
 28.24500  0.50932  0.50920 
 28.34500  0.50931  0.50920 
 28.44500  0.50931  0.50920 
 28.54500  0.50931  0.50920 
 28.64500  0.50930  0.50920 
 28.74500  0.50929  0.50920 
 28.84500  0.50929  0.50920 
 28.94500  0.50930  0.50920 
 29.04500  0.50929  0.50920 
 29.14500  0.50928  0.50920 
 29.24500  0.50928  0.50920 
 29.34500  0.50928  0.50920 
 29.44500  0.50927  0.50920 
 29.54500  0.50927  0.50920 
 29.64500  0.50926  0.50920 
 29.74500  0.50926  0.50920 
 29.84500  0.50926  0.50920 
 29.94500  0.50925  0.50920 
 30.04500  0.50925  0.50920 
 30.14500  0.50925  0.50920 
 30.24500  0.50925  0.50920 
 30.34500  0.50922  0.50920 
 30.44500  0.50923  0.50920 
 30.54500  0.50922  0.50920 
 30.64500  0.50922  0.50920 
 30.74500  0.50921  0.50920 
 30.84500  0.50921  0.50920 
 30.94500  0.50921  0.50920 
 31.04500  0.50921  0.50920 
 31.14500  0.50920  0.50920 
 31.24500  0.50920  0.50920 
 31.34500  0.50920  0.50920 
 31.44500  0.50920  0.50920 
 31.54500  0.50919  0.50920 
 31.64500  0.50919  0.50920 
 31.74500  0.50919  0.50920 
 31.84500  0.50918  0.50920 
 31.94500  0.50918  0.50920 
 32.04500  0.50917  0.50920 
 32.14500  0.50917  0.50920 
 32.24500  0.50917  0.50920 
 32.34500  0.50916  0.50920 
 32.44500  0.50915  0.50920 
 32.54500  0.50915  0.50920 
 32.64500  0.50915  0.50920 
 32.74500  0.50914  0.50920 
 32.84500  0.50914  0.50920 
 32.94500  0.50913  0.50920 
 33.04500  0.50913  0.50920 
 33.14500  0.50912  0.50920 
 33.24500  0.50912  0.50920 
 33.34500  0.50911  0.50920 
 33.44500  0.50911  0.50920 
 33.54500  0.50911  0.50920 
 33.64500  0.50909  0.50920 
 33.74500  0.50910  0.50920 
 33.84500  0.50910  0.50920 
 33.94500  0.50909  0.50920 
 34.04500  0.50908  0.50920 
 34.14500  0.50908  0.50920 
 34.24500  0.50908  0.50920 
 34.34500  0.50908  0.50920 
 34.44500  0.50906  0.50920 
 34.54500  0.50905  0.50920 
 34.64500  0.50905  0.50919 
 34.74500  0.50905  0.50910 
 34.84500  0.50904  0.50910 
 34.94500  0.50903  0.50910 
 35.04500  0.50904  0.50910 
 35.14500  0.50903  0.50910 
 35.24500  0.50902  0.50910 
 35.34500  0.50902  0.50910 
 35.44500  0.50901  0.50910 
 35.54500  0.50901  0.50910 
 35.64500  0.50901  0.50910 
 35.74500  0.50900  0.50910 
 35.84500  0.50900  0.50910 
 35.94500  0.50900  0.50910 
 36.04500  0.50899  0.50910 
 36.14500  0.50898  0.50910 
 36.24500  0.50898  0.50910 
 36.34500  0.50898  0.50910 
 36.44500  0.50897  0.50910 
 36.54500  0.50896  0.50910 
 36.64500  0.50895  0.50910 
 36.74500  0.50895  0.50910 
 36.84500  0.50894  0.50910 
 36.94500  0.50893  0.50910 
 37.04500  0.50893  0.50910 
 37.14500  0.50893  0.50910 
 37.24500  0.50893  0.50910 
 37.34500  0.50892  0.50910 
 37.44500  0.50891  0.50910 
 37.54500  0.50891  0.50910 
 37.64500  0.50891  0.50910 
 37.74500  0.50891  0.50910 
 37.84500  0.50890  0.50910 
 37.94500  0.50890  0.50910 
 38.04500  0.50890  0.50910 
 38.14500  0.50888  0.50910 
 38.24500  0.50888  0.50910 
 38.34500  0.50887  0.50910 
 38.44500  0.50887  0.50910 
 38.54500  0.50887  0.50910 
 38.64500  0.50887  0.50910 
 38.74500  0.50886  0.50910 
 38.84500  0.50885  0.50910 
 38.94500  0.50885  0.50910 
 39.04500  0.50885  0.50910 
 39.14500  0.50884  0.50910 
 39.24500  0.50884  0.50910 
 39.34500  0.50884  0.50910 
 39.44500  0.50884  0.50910 
 39.54500  0.50883  0.50910 
 39.64500  0.50883  0.50910 
 39.74500  0.50883  0.50910 
 39.84500  0.50883  0.50910 
 39.94500  0.50883  0.50910 
 40.04500  0.50882  0.50910 
 40.14500  0.50882  0.50910 
 40.24500  0.50882  0.50910 
 40.34500  0.50882  0.50910 
 40.44500  0.50882  0.50910 
 40.54500  0.50881  0.50910 
 40.64500  0.50881  0.50910 
 40.74500  0.50880  0.50910 
 40.84500  0.50881  0.50910 
 40.94500  0.50879  0.50910 
 41.04500  0.50880  0.50910 
 41.14500  0.50879  0.50910 
 41.24500  0.50879  0.50910 
 41.34500  0.50878  0.50910 
 41.44500  0.50877  0.50910 
 41.54500  0.50877  0.50910 
 41.64500  0.50878  0.50910 
 41.74500  0.50877  0.50900 
 41.84500  0.50877  0.50900 
 41.94500  0.50876  0.50900 
 42.04500  0.50876  0.50900 
 42.14500  0.50877  0.50900 
 42.24500  0.50876  0.50900 
 42.34500  0.50876  0.50900 
 42.44500  0.50875  0.50900 
 42.54500  0.50875  0.50900 
 42.64500  0.50875  0.50900 
 42.74500  0.50875  0.50900 
 42.84500  0.50874  0.50900 
 42.94500  0.50874  0.50900 
 43.04500  0.50874  0.50900 
 43.14500  0.50874  0.50900 
 43.24500  0.50874  0.50900 
 43.34500  0.50873  0.50900 
 43.44500  0.50872  0.50900 
 43.54500  0.50872  0.50900 
 43.64500  0.50871  0.50900 
 43.74500  0.50871  0.50900 
 43.84500  0.50870  0.50900 
 43.94500  0.50870  0.50900 
 44.04500  0.50870  0.50900 
 44.14500  0.50870  0.50900 
 44.24500  0.50869  0.50900 
 44.34500  0.50868  0.50900 
 44.44500  0.50868  0.50900 
 44.54500  0.50868  0.50900 
 44.64500  0.50867  0.50900 
 44.74500  0.50868  0.50900 
 44.84500  0.50867  0.50900 
 44.94500  0.50866  0.50900 
 45.04500  0.50866  0.50900 
 45.14500  0.50865  0.50900 
 45.24500  0.50865  0.50900 
 45.34500  0.50865  0.50900 
 45.44500  0.50864  0.50900 
 45.54500  0.50864  0.50900 
 45.64500  0.50863  0.50900 
 45.74500  0.50864  0.50900 
 45.84500  0.50863  0.50900 
 45.94500  0.50862  0.50900 
 46.04500  0.50862  0.50900 
 46.14500  0.50862  0.50900 
 46.24500  0.50861  0.50900 
 46.34500  0.50860  0.50900 
 46.44500  0.50861  0.50900 
 46.54500  0.50860  0.50900 
 46.64500  0.50859  0.50900 
 46.74500  0.50859  0.50900 
 46.84500  0.50859  0.50900 
 46.94500  0.50859  0.50900 
 47.04500  0.50858  0.50900 
 47.14500  0.50857  0.50900 
 47.24500  0.50857  0.50900 
 47.34500  0.50856  0.50900 
 47.44500  0.50856  0.50900 
 47.54500  0.50856  0.50900 
 47.64500  0.50855  0.50900 
 47.74500  0.50855  0.50900 
 47.84500  0.50855  0.50900 
 47.94500  0.50854  0.50900 
 48.04500  0.50855  0.50900 
 48.14500  0.50854  0.50900 
 48.24500  0.50854  0.50900 
 48.34500  0.50853  0.50900 
 48.44500  0.50853  0.50900 
 48.54500  0.50853  0.50900 
 48.64500  0.50854  0.50900 
 48.74500  0.50853  0.50900 
 48.84500  0.50853  0.50900 
 48.94500  0.50852  0.50900 
 49.04500  0.50852  0.50900 
 49.14500  0.50852  0.50900 
 49.24500  0.50852  0.50900 
 49.34500  0.50851  0.50900 
 49.44500  0.50851  0.50900 
 49.54500  0.50850  0.50900 
 49.64500  0.50850  0.50900 
 49.74500  0.50850  0.50900 
 49.84500  0.50850  0.50900 
 49.94500  0.50849  0.50900 
 50.04500  0.50850  0.50900 
 50.14500  0.50850  0.50900 
 50.24500  0.50849  0.50900 
 50.34500  0.50848  0.50900 
 50.44500  0.50848  0.50900 
 50.54500  0.50848  0.50900 
 50.64500  0.50848  0.50900 
 50.74500  0.50848  0.50892 
 50.84500  0.50848  0.50890 
 50.94500  0.50847  0.50890 
 51.04500  0.50847  0.50890 
 51.14500  0.50847  0.50890 
 51.24500  0.50846  0.50890 
 51.34500  0.50847  0.50890 
 51.44500  0.50846  0.50890 
 51.54500  0.50846  0.50890 
 51.64500  0.50846  0.50890 
 51.74500  0.50846  0.50890 
 51.84500  0.50845  0.50890 
 51.94500  0.50845  0.50890 
 52.04500  0.50845  0.50890 
 52.14500  0.50845  0.50890 
 52.24500  0.50845  0.50890 
 52.34500  0.50845  0.50890 
 52.44500  0.50845  0.50890 
 52.54500  0.50844  0.50890 
 52.64500  0.50843  0.50890 
 52.74500  0.50843  0.50890 
 52.84500  0.50843  0.50890 
 52.94500  0.50843  0.50890 
 53.04500  0.50843  0.50890 
 53.14500  0.50843  0.50890 
 53.24500  0.50842  0.50890 
 53.34500  0.50842  0.50890 
 53.44500  0.50841  0.50890 
 53.54500  0.50840  0.50890 
 53.64500  0.50841  0.50890 
 53.74500  0.50840  0.50890 
 53.84500  0.50840  0.50890 
 53.94500  0.50840  0.50890 
 54.04500  0.50840  0.50890 
 54.14500  0.50840  0.50890 
 54.24500  0.50839  0.50890 
 54.34500  0.50839  0.50890 
 54.44500  0.50838  0.50890 
 54.54500  0.50838  0.50890 
 54.64500  0.50838  0.50890 
 54.74500  0.50837  0.50890 
 54.84500  0.50838  0.50890 
 54.94500  0.50837  0.50890 
 55.04500  0.50837  0.50890 
 55.14500  0.50838  0.50890 
 55.24500  0.50837  0.50890 
 55.34500  0.50837  0.50890 
 55.44500  0.50837  0.50890 
 55.54500  0.50836  0.50890 
 55.64500  0.50836  0.50890 
 55.74500  0.50835  0.50890 
 55.84500  0.50836  0.50890 
 55.94500  0.50836  0.50890 
 56.04500  0.50836  0.50890 
 56.14500  0.50836  0.50890 
 56.24500  0.50836  0.50890 
 56.34500  0.50835  0.50890 
 56.44500  0.50835  0.50890 
 56.54500  0.50835  0.50890 
 56.64500  0.50835  0.50890 
 56.74500  0.50836  0.50890 
 56.84500  0.50834  0.50890 
 56.94500  0.50834  0.50890 
 57.04500  0.50834  0.50890 
 57.14500  0.50835  0.50890 
 57.24500  0.50835  0.50890 
 57.34500  0.50835  0.50890 
 57.44500  0.50835  0.50890 
 57.54500  0.50835  0.50890 
 57.64500  0.50834  0.50890 
 57.74500  0.50834  0.50890 
 57.84500  0.50834  0.50890 
 57.94500  0.50835  0.50890 
 58.04500  0.50836  0.50890 
 58.14500  0.50836  0.50890 
 58.24500  0.50836  0.50890 
 58.34500  0.50835  0.50890 
 58.44500  0.50835  0.50890 
 58.54500  0.50835  0.50890 
 58.64500  0.50835  0.50890 
 58.74500  0.50835  0.50890 
 58.84500  0.50835  0.50890 
 58.94500  0.50835  0.50890 
 59.04500  0.50835  0.50890 
 59.14500  0.50835  0.50890 
 59.24500  0.50835  0.50890 
 59.34500  0.50835  0.50890 
 59.44500  0.50835  0.50890 
 59.54500  0.50835  0.50890 
 59.64500  0.50835  0.50890 
 59.74500  0.50835  0.50890 
 59.84500  0.50835  0.50890 
 59.94500  0.50836  0.50890 
 60.04500  0.50836  0.50890 
 60.14500  0.50836  0.50890 
 60.24500  0.50837  0.50890 
 60.34500  0.50837  0.50890 
 60.44500  0.50837  0.50890 
 60.54500  0.50837  0.50890 
 60.64500  0.50837  0.50890 
 60.74500  0.50837  0.50890 
 60.84500  0.50837  0.50890 
 60.94500  0.50836  0.50890 
 61.04500  0.50836  0.50890 
 61.14500  0.50837  0.50890 
 61.24500  0.50837  0.50890 
 61.34500  0.50837  0.50890 
 61.44500  0.50837  0.50890 
 61.54500  0.50837  0.50890 
 61.64500  0.50837  0.50890 
 61.74500  0.50836  0.50890 
 61.84500  0.50837  0.50890 
 61.94500  0.50837  0.50890 
 62.04500  0.50837  0.50890 
 62.14500  0.50836  0.50890 
 62.24500  0.50836  0.50890 
 62.34500  0.50836  0.50890 
 62.44500  0.50836  0.50890 
 62.54500  0.50836  0.50890 
