  0.04500  0.58268  0.58260 
  0.14500  0.58268  0.58260 
  0.24500  0.58264  0.58260 
  0.34500  0.58264  0.58260 
  0.44500  0.58263  0.58260 
  0.54500  0.58261  0.58260 
  0.64500  0.58258  0.58252 
  0.74500  0.58258  0.58250 
  0.84500  0.58253  0.58250 
  0.94500  0.58249  0.58245 
  1.04500  0.58245  0.58240 
  1.14500  0.58242  0.58239 
  1.24500  0.58234  0.58230 
  1.34500  0.58231  0.58229 
  1.44500  0.58225  0.58220 
  1.54500  0.58218  0.58216 
  1.64500  0.58213  0.58210 
  1.74500  0.58205  0.58202 
  1.84500  0.58198  0.58196 
  1.94500  0.58191  0.58189 
  2.04500  0.58183  0.58180 
  2.14500  0.58175  0.58172 
  2.24500  0.58166  0.58164 
  2.34500  0.58157  0.58155 
  2.44500  0.58147  0.58146 
  2.54500  0.58137  0.58136 
  2.64500  0.58127  0.58126 
  2.74500  0.58116  0.58116 
  2.84500  0.58106  0.58105 
  2.94500  0.58094  0.58094 
  3.04500  0.58082  0.58083 
  3.14500  0.58071  0.58070 
  3.24500  0.58058  0.58057 
  3.34500  0.58045  0.58045 
  3.44500  0.58032  0.58033 
  3.54500  0.58018  0.58019 
  3.64500  0.58005  0.58005 
  3.74500  0.57991  0.57993 
  3.84500  0.57976  0.57976 
  3.94500  0.57960  0.57963 
  4.04500  0.57946  0.57946 
  4.14500  0.57929  0.57932 
  4.24500  0.57914  0.57916 
  4.34500  0.57897  0.57900 
  4.44500  0.57882  0.57884 
  4.54500  0.57865  0.57866 
  4.64500  0.57847  0.57850 
  4.74500  0.57830  0.57832 
  4.84500  0.57812  0.57815 
  4.94500  0.57794  0.57796 
  5.04500  0.57775  0.57778 
  5.14500  0.57757  0.57759 
  5.24500  0.57738  0.57741 
  5.34500  0.57718  0.57721 
  5.44500  0.57699  0.57701 
  5.54500  0.57678  0.57681 
  5.64500  0.57659  0.57661 
  5.74500  0.57638  0.57641 
  5.84500  0.57617  0.57619 
  5.94500  0.57596  0.57599 
  6.04500  0.57574  0.57577 
  6.14500  0.57553  0.57556 
  6.24500  0.57531  0.57533 
  6.34500  0.57509  0.57511 
  6.44500  0.57487  0.57488 
  6.54500  0.57463  0.57466 
  6.64500  0.57441  0.57442 
  6.74500  0.57418  0.57419 
  6.84500  0.57394  0.57395 
  6.94500  0.57371  0.57371 
  7.04500  0.57347  0.57348 
  7.14500  0.57323  0.57322 
  7.24500  0.57298  0.57298 
  7.34500  0.57273  0.57272 
  7.44500  0.57248  0.57248 
  7.54500  0.57223  0.57222 
  7.64500  0.57197  0.57198 
  7.74500  0.57171  0.57170 
  7.84500  0.57146  0.57145 
  7.94500  0.57120  0.57118 
  8.04500  0.57093  0.57092 
  8.14500  0.57067  0.57065 
  8.24500  0.57040  0.57038 
  8.34500  0.57013  0.57010 
  8.44500  0.56986  0.56983 
  8.54500  0.56958  0.56956 
  8.64500  0.56931  0.56928 
  8.74500  0.56902  0.56900 
  8.84500  0.56876  0.56871 
  8.94500  0.56846  0.56843 
  9.04500  0.56818  0.56814 
  9.14500  0.56789  0.56786 
  9.24500  0.56761  0.56757 
  9.34500  0.56731  0.56728 
  9.44500  0.56703  0.56699 
  9.54500  0.56673  0.56669 
  9.64500  0.56644  0.56639 
  9.74500  0.56614  0.56610 
  9.84500  0.56583  0.56580 
  9.94500  0.56554  0.56550 
 10.04500  0.56524  0.56519 
 10.14500  0.56493  0.56489 
 10.24500  0.56463  0.56458 
 10.34500  0.56433  0.56428 
 10.44500  0.56401  0.56397 
 10.54500  0.56371  0.56366 
 10.64500  0.56339  0.56335 
 10.74500  0.56308  0.56304 
 10.84500  0.56277  0.56272 
 10.94500  0.56246  0.56242 
 11.04500  0.56214  0.56210 
 11.14500  0.56183  0.56178 
 11.24500  0.56151  0.56146 
 11.34500  0.56119  0.56115 
 11.44500  0.56087  0.56082 
 11.54500  0.56055  0.56052 
 11.64500  0.56022  0.56018 
 11.74500  0.55990  0.55986 
 11.84500  0.55957  0.55955 
 11.94500  0.55925  0.55922 
 12.04500  0.55893  0.55889 
 12.14500  0.55860  0.55858 
 12.24500  0.55827  0.55825 
 12.34500  0.55793  0.55792 
 12.44500  0.55762  0.55758 
 12.54500  0.55729  0.55727 
 12.64500  0.55696  0.55695 
 12.74500  0.55663  0.55662 
 12.84500  0.55630  0.55628 
 12.94500  0.55596  0.55595 
 13.04500  0.55564  0.55562 
 13.14500  0.55529  0.55528 
 13.24500  0.55496  0.55497 
 13.34500  0.55464  0.55465 
 13.44500  0.55430  0.55432 
 13.54500  0.55396  0.55398 
 13.64500  0.55364  0.55365 
 13.74500  0.55331  0.55332 
 13.84500  0.55297  0.55298 
 13.94500  0.55263  0.55265 
 14.04500  0.55231  0.55232 
 14.14500  0.55198  0.55198 
 14.24500  0.55164  0.55165 
 14.34500  0.55131  0.55132 
 14.44500  0.55098  0.55099 
 14.54500  0.55065  0.55068 
 14.64500  0.55031  0.55035 
 14.74500  0.54998  0.55002 
 14.84500  0.54965  0.54968 
 14.94500  0.54931  0.54935 
 15.04500  0.54898  0.54902 
 15.14500  0.54866  0.54868 
 15.24500  0.54832  0.54835 
 15.34500  0.54800  0.54802 
 15.44500  0.54767  0.54772 
 15.54500  0.54734  0.54738 
 15.64500  0.54701  0.54705 
 15.74500  0.54668  0.54672 
 15.84500  0.54636  0.54638 
 15.94500  0.54603  0.54607 
 16.04500  0.54571  0.54575 
 16.14500  0.54538  0.54542 
 16.24500  0.54506  0.54508 
 16.34500  0.54474  0.54478 
 16.44500  0.54441  0.54445 
 16.54500  0.54410  0.54412 
 16.64500  0.54377  0.54381 
 16.74500  0.54345  0.54348 
 16.84500  0.54313  0.54316 
 16.94500  0.54281  0.54285 
 17.04500  0.54250  0.54252 
 17.14500  0.54219  0.54221 
 17.24500  0.54187  0.54188 
 17.34500  0.54154  0.54158 
 17.44500  0.54123  0.54125 
 17.54500  0.54092  0.54095 
 17.64500  0.54061  0.54063 
 17.74500  0.54031  0.54032 
 17.84500  0.54000  0.54001 
 17.94500  0.53969  0.53969 
 18.04500  0.53937  0.53938 
 18.14500  0.53907  0.53908 
 18.24500  0.53878  0.53877 
 18.34500  0.53846  0.53846 
 18.44500  0.53816  0.53815 
 18.54500  0.53786  0.53785 
 18.64500  0.53755  0.53755 
 18.74500  0.53725  0.53725 
 18.84500  0.53695  0.53694 
 18.94500  0.53666  0.53664 
 19.04500  0.53636  0.53634 
 19.14500  0.53606  0.53604 
 19.24500  0.53577  0.53575 
 19.34500  0.53547  0.53546 
 19.44500  0.53518  0.53516 
 19.54500  0.53489  0.53487 
 19.64500  0.53460  0.53457 
 19.74500  0.53431  0.53429 
 19.84500  0.53402  0.53400 
 19.94500  0.53373  0.53370 
 20.04500  0.53345  0.53341 
 20.14500  0.53316  0.53313 
 20.24500  0.53289  0.53284 
 20.34500  0.53260  0.53257 
 20.44500  0.53233  0.53229 
 20.54500  0.53204  0.53200 
 20.64500  0.53176  0.53172 
 20.74500  0.53148  0.53144 
 20.84500  0.53121  0.53117 
 20.94500  0.53093  0.53090 
 21.04500  0.53066  0.53062 
 21.14500  0.53038  0.53035 
 21.24500  0.53011  0.53008 
 21.34500  0.52985  0.52980 
 21.44500  0.52958  0.52954 
 21.54500  0.52931  0.52928 
 21.64500  0.52904  0.52900 
 21.74500  0.52878  0.52875 
 21.84500  0.52852  0.52848 
 21.94500  0.52825  0.52822 
 22.04500  0.52799  0.52796 
 22.14500  0.52772  0.52770 
 22.24500  0.52748  0.52745 
 22.34500  0.52722  0.52720 
 22.44500  0.52696  0.52692 
 22.54500  0.52671  0.52668 
 22.64500  0.52645  0.52642 
 22.74500  0.52620  0.52618 
 22.84500  0.52595  0.52592 
 22.94500  0.52571  0.52568 
 23.04500  0.52546  0.52545 
 23.14500  0.52521  0.52520 
 23.24500  0.52498  0.52495 
 23.34500  0.52472  0.52471 
 23.44500  0.52448  0.52448 
 23.54500  0.52425  0.52423 
 23.64500  0.52400  0.52400 
 23.74500  0.52377  0.52377 
 23.84500  0.52354  0.52352 
 23.94500  0.52330  0.52330 
 24.04500  0.52306  0.52307 
 24.14500  0.52284  0.52283 
 24.24500  0.52261  0.52261 
 24.34500  0.52238  0.52238 
 24.44500  0.52215  0.52216 
 24.54500  0.52193  0.52193 
 24.64500  0.52170  0.52171 
 24.74500  0.52148  0.52149 
 24.84500  0.52126  0.52127 
 24.94500  0.52104  0.52105 
 25.04500  0.52082  0.52083 
 25.14500  0.52061  0.52062 
 25.24500  0.52039  0.52041 
 25.34500  0.52018  0.52019 
 25.44500  0.51997  0.51999 
 25.54500  0.51976  0.51977 
 25.64500  0.51955  0.51957 
 25.74500  0.51935  0.51936 
 25.84500  0.51914  0.51915 
 25.94500  0.51893  0.51895 
 26.04500  0.51873  0.51875 
 26.14500  0.51853  0.51855 
 26.24500  0.51833  0.51835 
 26.34500  0.51813  0.51815 
 26.44500  0.51793  0.51795 
 26.54500  0.51774  0.51775 
 26.64500  0.51754  0.51755 
 26.74500  0.51734  0.51737 
 26.84500  0.51716  0.51717 
 26.94500  0.51697  0.51698 
 27.04500  0.51678  0.51679 
 27.14500  0.51659  0.51660 
 27.24500  0.51641  0.51642 
 27.34500  0.51622  0.51623 
 27.44500  0.51604  0.51605 
 27.54500  0.51586  0.51586 
 27.64500  0.51567  0.51568 
 27.74500  0.51550  0.51550 
 27.84500  0.51533  0.51532 
 27.94500  0.51515  0.51515 
 28.04500  0.51497  0.51496 
 28.14500  0.51480  0.51478 
 28.24500  0.51462  0.51462 
 28.34500  0.51445  0.51444 
 28.44500  0.51428  0.51426 
 28.54500  0.51411  0.51410 
 28.64500  0.51394  0.51393 
 28.74500  0.51377  0.51375 
 28.84500  0.51361  0.51358 
 28.94500  0.51344  0.51342 
 29.04500  0.51328  0.51325 
 29.14500  0.51312  0.51308 
 29.24500  0.51294  0.51294 
 29.34500  0.51279  0.51276 
 29.44500  0.51263  0.51260 
 29.54500  0.51246  0.51244 
 29.64500  0.51231  0.51228 
 29.74500  0.51215  0.51213 
 29.84500  0.51199  0.51196 
 29.94500  0.51184  0.51181 
 30.04500  0.51169  0.51165 
 30.14500  0.51153  0.51150 
 30.24500  0.51138  0.51134 
 30.34500  0.51123  0.51119 
 30.44500  0.51107  0.51104 
 30.54500  0.51093  0.51088 
 30.64500  0.51077  0.51074 
 30.74500  0.51062  0.51058 
 30.84500  0.51048  0.51044 
 30.94500  0.51032  0.51029 
 31.04500  0.51018  0.51014 
 31.14500  0.51003  0.50999 
 31.24500  0.50988  0.50985 
 31.34500  0.50974  0.50971 
 31.44500  0.50960  0.50956 
 31.54500  0.50946  0.50943 
 31.64500  0.50930  0.50927 
 31.74500  0.50916  0.50914 
 31.84500  0.50902  0.50899 
 31.94500  0.50887  0.50885 
 32.04500  0.50873  0.50871 
 32.14500  0.50859  0.50856 
 32.24500  0.50845  0.50844 
 32.34500  0.50832  0.50829 
 32.44500  0.50817  0.50815 
 32.54500  0.50804  0.50803 
 32.64500  0.50790  0.50787 
 32.74500  0.50777  0.50775 
 32.84500  0.50762  0.50761 
 32.94500  0.50748  0.50747 
 33.04500  0.50735  0.50734 
 33.14500  0.50722  0.50721 
 33.24500  0.50708  0.50707 
 33.34500  0.50695  0.50694 
 33.44500  0.50681  0.50681 
 33.54500  0.50668  0.50667 
 33.64500  0.50654  0.50654 
 33.74500  0.50641  0.50641 
 33.84500  0.50628  0.50627 
 33.94500  0.50615  0.50615 
 34.04500  0.50600  0.50602 
 34.14500  0.50588  0.50588 
 34.24500  0.50575  0.50575 
 34.34500  0.50561  0.50563 
 34.44500  0.50549  0.50549 
 34.54500  0.50535  0.50536 
 34.64500  0.50523  0.50524 
 34.74500  0.50509  0.50511 
 34.84500  0.50497  0.50497 
 34.94500  0.50483  0.50485 
 35.04500  0.50471  0.50473 
 35.14500  0.50457  0.50458 
 35.24500  0.50445  0.50446 
 35.34500  0.50432  0.50434 
 35.44500  0.50420  0.50421 
 35.54500  0.50406  0.50407 
 35.64500  0.50393  0.50395 
 35.74500  0.50381  0.50383 
 35.84500  0.50367  0.50369 
 35.94500  0.50355  0.50356 
 36.04500  0.50341  0.50344 
 36.14500  0.50329  0.50331 
 36.24500  0.50316  0.50317 
 36.34500  0.50304  0.50305 
 36.44500  0.50290  0.50293 
 36.54500  0.50278  0.50279 
 36.64500  0.50265  0.50266 
 36.74500  0.50252  0.50254 
 36.84500  0.50240  0.50241 
 36.94500  0.50226  0.50227 
 37.04500  0.50214  0.50215 
 37.14500  0.50200  0.50202 
 37.24500  0.50188  0.50188 
 37.34500  0.50175  0.50175 
 37.44500  0.50162  0.50163 
 37.54500  0.50149  0.50149 
 37.64500  0.50136  0.50136 
 37.74500  0.50122  0.50123 
 37.84500  0.50110  0.50109 
 37.94500  0.50096  0.50096 
 38.04500  0.50084  0.50083 
 38.14500  0.50069  0.50069 
 38.24500  0.50057  0.50056 
 38.34500  0.50044  0.50043 
 38.44500  0.50030  0.50029 
 38.54500  0.50017  0.50015 
 38.64500  0.50003  0.50003 
 38.74500  0.49990  0.49987 
 38.84500  0.49977  0.49975 
 38.94500  0.49963  0.49961 
 39.04500  0.49949  0.49947 
 39.14500  0.49936  0.49934 
 39.24500  0.49922  0.49919 
 39.34500  0.49908  0.49905 
 39.44500  0.49893  0.49891 
 39.54500  0.49880  0.49876 
 39.64500  0.49865  0.49864 
 39.74500  0.49851  0.49849 
 39.84500  0.49837  0.49834 
 39.94500  0.49823  0.49819 
 40.04500  0.49808  0.49805 
 40.14500  0.49794  0.49791 
 40.24500  0.49778  0.49776 
 40.34500  0.49764  0.49762 
 40.44500  0.49750  0.49746 
 40.54500  0.49735  0.49733 
 40.64500  0.49720  0.49716 
 40.74500  0.49704  0.49702 
 40.84500  0.49690  0.49686 
 40.94500  0.49675  0.49672 
 41.04500  0.49659  0.49656 
 41.14500  0.49643  0.49641 
 41.24500  0.49627  0.49625 
 41.34500  0.49612  0.49610 
 41.44500  0.49596  0.49594 
 41.54500  0.49580  0.49578 
 41.64500  0.49565  0.49563 
 41.74500  0.49548  0.49546 
 41.84500  0.49533  0.49530 
 41.94500  0.49516  0.49515 
 42.04500  0.49500  0.49498 
 42.14500  0.49482  0.49482 
 42.24500  0.49467  0.49465 
 42.34500  0.49450  0.49448 
 42.44500  0.49433  0.49432 
 42.54500  0.49416  0.49415 
 42.64500  0.49399  0.49398 
 42.74500  0.49382  0.49382 
 42.84500  0.49365  0.49365 
 42.94500  0.49347  0.49346 
 43.04500  0.49330  0.49330 
 43.14500  0.49313  0.49312 
 43.24500  0.49294  0.49295 
 43.34500  0.49277  0.49276 
 43.44500  0.49259  0.49259 
 43.54500  0.49241  0.49242 
 43.64500  0.49223  0.49224 
 43.74500  0.49205  0.49205 
 43.84500  0.49186  0.49187 
 43.94500  0.49167  0.49169 
 44.04500  0.49150  0.49150 
 44.14500  0.49130  0.49132 
 44.24500  0.49111  0.49113 
 44.34500  0.49093  0.49094 
 44.44500  0.49074  0.49075 
 44.54500  0.49055  0.49056 
 44.64500  0.49035  0.49037 
 44.74500  0.49016  0.49017 
 44.84500  0.48996  0.48998 
 44.94500  0.48977  0.48979 
 45.04500  0.48957  0.48959 
 45.14500  0.48937  0.48939 
 45.24500  0.48918  0.48919 
 45.34500  0.48898  0.48899 
 45.44500  0.48878  0.48879 
 45.54500  0.48857  0.48859 
 45.64500  0.48836  0.48839 
 45.74500  0.48816  0.48817 
 45.84500  0.48795  0.48797 
 45.94500  0.48775  0.48777 
 46.04500  0.48754  0.48755 
 46.14500  0.48734  0.48734 
 46.24500  0.48712  0.48713 
 46.34500  0.48691  0.48691 
 46.44500  0.48670  0.48670 
 46.54500  0.48648  0.48649 
 46.64500  0.48627  0.48627 
 46.74500  0.48606  0.48606 
 46.84500  0.48584  0.48583 
 46.94500  0.48562  0.48561 
 47.04500  0.48539  0.48539 
 47.14500  0.48518  0.48517 
 47.24500  0.48496  0.48494 
 47.34500  0.48473  0.48472 
 47.44500  0.48451  0.48450 
 47.54500  0.48429  0.48427 
 47.64500  0.48405  0.48404 
 47.74500  0.48383  0.48381 
 47.84500  0.48360  0.48358 
 47.94500  0.48336  0.48335 
 48.04500  0.48315  0.48311 
 48.14500  0.48291  0.48288 
 48.24500  0.48268  0.48265 
 48.34500  0.48243  0.48240 
 48.44500  0.48220  0.48218 
 48.54500  0.48196  0.48192 
 48.64500  0.48173  0.48170 
 48.74500  0.48149  0.48145 
 48.84500  0.48125  0.48120 
 48.94500  0.48100  0.48098 
 49.04500  0.48077  0.48072 
 49.14500  0.48052  0.48048 
 49.24500  0.48027  0.48022 
 49.34500  0.48003  0.47998 
 49.44500  0.47978  0.47973 
 49.54500  0.47954  0.47950 
 49.64500  0.47929  0.47925 
 49.74500  0.47904  0.47900 
 49.84500  0.47879  0.47872 
 49.94500  0.47854  0.47848 
 50.04500  0.47829  0.47822 
 50.14500  0.47803  0.47798 
 50.24500  0.47778  0.47772 
 50.34500  0.47752  0.47748 
 50.44500  0.47726  0.47720 
 50.54500  0.47700  0.47695 
 50.64500  0.47674  0.47670 
 50.74500  0.47648  0.47643 
 50.84500  0.47622  0.47618 
 50.94500  0.47597  0.47591 
 51.04500  0.47570  0.47565 
 51.14500  0.47544  0.47540 
 51.24500  0.47518  0.47512 
 51.34500  0.47491  0.47487 
 51.44500  0.47465  0.47460 
 51.54500  0.47438  0.47434 
 51.64500  0.47412  0.47408 
 51.74500  0.47385  0.47380 
 51.84500  0.47357  0.47354 
 51.94500  0.47332  0.47328 
 52.04500  0.47304  0.47301 
 52.14500  0.47279  0.47274 
 52.24500  0.47251  0.47248 
 52.34500  0.47224  0.47220 
 52.44500  0.47197  0.47194 
 52.54500  0.47170  0.47168 
 52.64500  0.47142  0.47140 
 52.74500  0.47115  0.47113 
 52.84500  0.47088  0.47087 
 52.94500  0.47061  0.47060 
 53.04500  0.47034  0.47032 
 53.14500  0.47007  0.47006 
 53.24500  0.46980  0.46979 
 53.34500  0.46952  0.46951 
 53.44500  0.46925  0.46925 
 53.54500  0.46898  0.46898 
 53.64500  0.46871  0.46870 
 53.74500  0.46843  0.46844 
 53.84500  0.46816  0.46817 
 53.94500  0.46789  0.46790 
 54.04500  0.46762  0.46762 
 54.14500  0.46735  0.46736 
 54.24500  0.46708  0.46709 
 54.34500  0.46680  0.46682 
 54.44500  0.46653  0.46655 
 54.54500  0.46627  0.46629 
 54.64500  0.46600  0.46601 
 54.74500  0.46572  0.46575 
 54.84500  0.46546  0.46548 
 54.94500  0.46519  0.46521 
 55.04500  0.46492  0.46495 
 55.14500  0.46466  0.46468 
 55.24500  0.46439  0.46441 
 55.34500  0.46411  0.46415 
 55.44500  0.46386  0.46389 
 55.54500  0.46359  0.46362 
 55.64500  0.46333  0.46336 
 55.74500  0.46306  0.46310 
 55.84500  0.46280  0.46283 
 55.94500  0.46255  0.46258 
 56.04500  0.46228  0.46231 
 56.14500  0.46203  0.46205 
 56.24500  0.46177  0.46180 
 56.34500  0.46151  0.46155 
 56.44500  0.46125  0.46128 
 56.54500  0.46100  0.46102 
 56.64500  0.46075  0.46078 
 56.74500  0.46050  0.46052 
 56.84500  0.46024  0.46028 
 56.94500  0.45999  0.46002 
 57.04500  0.45975  0.45978 
 57.14500  0.45950  0.45952 
 57.24500  0.45926  0.45928 
 57.34500  0.45901  0.45902 
 57.44500  0.45877  0.45878 
 57.54500  0.45852  0.45854 
 57.64500  0.45829  0.45830 
 57.74500  0.45805  0.45805 
 57.84500  0.45781  0.45782 
 57.94500  0.45757  0.45758 
 58.04500  0.45734  0.45734 
 58.14500  0.45710  0.45710 
 58.24500  0.45687  0.45688 
 58.34500  0.45665  0.45664 
 58.44500  0.45642  0.45641 
 58.54500  0.45619  0.45619 
 58.64500  0.45597  0.45596 
 58.74500  0.45575  0.45573 
 58.84500  0.45552  0.45551 
 58.94500  0.45531  0.45529 
 59.04500  0.45509  0.45508 
 59.14500  0.45488  0.45486 
 59.24500  0.45467  0.45464 
 59.34500  0.45445  0.45443 
 59.44500  0.45425  0.45421 
 59.54500  0.45403  0.45401 
 59.64500  0.45383  0.45381 
 59.74500  0.45363  0.45359 
 59.84500  0.45343  0.45339 
 59.94500  0.45322  0.45319 
 60.04500  0.45304  0.45299 
 60.14500  0.45284  0.45281 
 60.24500  0.45264  0.45261 
 60.34500  0.45246  0.45242 
 60.44500  0.45226  0.45223 
 60.54500  0.45208  0.45205 
 60.64500  0.45190  0.45185 
 60.74500  0.45171  0.45167 
 60.84500  0.45153  0.45150 
 60.94500  0.45136  0.45132 
 61.04500  0.45119  0.45115 
 61.14500  0.45101  0.45097 
 61.24500  0.45084  0.45080 
 61.34500  0.45069  0.45064 
 61.44500  0.45052  0.45048 
 61.54500  0.45036  0.45032 
 61.64500  0.45020  0.45016 
 61.74500  0.45004  0.45000 
 61.84500  0.44989  0.44985 
 61.94500  0.44973  0.44970 
 62.04500  0.44960  0.44955 
 62.14500  0.44944  0.44941 
 62.24500  0.44930  0.44926 
 62.34500  0.44916  0.44913 
 62.44500  0.44903  0.44899 
 62.54500  0.44889  0.44886 
 62.64500  0.44876  0.44874 
 62.74500  0.44863  0.44860 
 62.84500  0.44851  0.44848 
 62.94500  0.44838  0.44836 
 63.04500  0.44827  0.44824 
 63.14500  0.44815  0.44813 
 63.24500  0.44803  0.44802 
 63.34500  0.44792  0.44791 
 63.44500  0.44782  0.44781 
 63.54500  0.44771  0.44770 
 63.64500  0.44761  0.44760 
 63.74500  0.44752  0.44751 
 63.84500  0.44742  0.44741 
 63.94500  0.44732  0.44732 
 64.04500  0.44724  0.44724 
 64.14500  0.44716  0.44716 
 64.24500  0.44707  0.44709 
 64.34500  0.44699  0.44700 
 64.44500  0.44692  0.44692 
 64.54500  0.44685  0.44686 
 64.64500  0.44678  0.44680 
 64.74500  0.44671  0.44672 
 64.84500  0.44665  0.44669 
 64.94500  0.44660  0.44660 
 65.04500  0.44653  0.44657 
 65.14500  0.44649  0.44650 
 65.24500  0.44644  0.44649 
 65.34500  0.44642  0.44640 
 65.44500  0.44634  0.44640 
 65.54500  0.44633  0.44635 
 65.64500  0.44629  0.44630 
 65.74500  0.44627  0.44630 
 65.84500  0.44622  0.44630 
 65.94500  0.44618  0.44620 
 66.04500  0.44617  0.44620 
 66.14500  0.44618  0.44620 
 66.24500  0.44616  0.44620 
 66.34500  0.44616  0.44620 
 66.44500  0.44615  0.44620 
