  0.04500  0.98904  0.98898 
  0.14500  0.98881  0.98875 
  0.24500  0.98830  0.98826 
  0.34500  0.98761  0.98752 
  0.44500  0.98655  0.98653 
  0.54500  0.98529  0.98526 
  0.64500  0.98376  0.98371 
  0.74500  0.98191  0.98188 
  0.84500  0.97977  0.97970 
  0.94500  0.97723  0.97719 
  1.04500  0.97439  0.97434 
  1.14500  0.97113  0.97109 
  1.24500  0.96750  0.96746 
  1.34500  0.96345  0.96339 
  1.44500  0.95892  0.95888 
  1.54500  0.95391  0.95387 
  1.64500  0.94840  0.94835 
  1.74500  0.94236  0.94230 
  1.84500  0.93572  0.93568 
  1.94500  0.92852  0.92847 
  2.04500  0.92069  0.92065 
  2.14500  0.91221  0.91218 
  2.24500  0.90308  0.90303 
  2.34500  0.89327  0.89323 
  2.44500  0.88274  0.88272 
  2.54500  0.87151  0.87146 
  2.64500  0.85955  0.85951 
  2.74500  0.84684  0.84682 
  2.84500  0.83342  0.83336 
  2.94500  0.81923  0.81922 
  3.04500  0.80437  0.80434 
  3.14500  0.78878  0.78875 
  3.24500  0.77247  0.77245 
  3.34500  0.75553  0.75548 
  3.44500  0.73790  0.73788 
  3.54500  0.71968  0.71967 
  3.64500  0.70086  0.70087 
  3.74500  0.68158  0.68158 
  3.84500  0.66179  0.66180 
  3.94500  0.64165  0.64161 
  4.04500  0.62112  0.62107 
  4.14500  0.60034  0.60025 
  4.24500  0.57930  0.57920 
  4.34500  0.55805  0.55800 
  4.44500  0.53664  0.53675 
  4.54500  0.51525  0.51551 
  4.64500  0.49467  0.49436 
  4.74500  0.47350  0.47338 
  4.84500  0.45262  0.45266 
  4.94500  0.43223  0.43232 
  5.04500  0.41229  0.41237 
  5.14500  0.39290  0.39297 
  5.24500  0.37412  0.37412 
  5.34500  0.35602  0.35596 
  5.44500  0.33859  0.33857 
  5.54500  0.32202  0.32202 
  5.64500  0.30635  0.30633 
  5.74500  0.29166  0.29164 
  5.84500  0.27800  0.27800 
  5.94500  0.26543  0.26544 
  6.04500  0.25399  0.25402 
  6.14500  0.24378  0.24381 
  6.24500  0.23481  0.23483 
  6.34500  0.22712  0.22715 
  6.44500  0.22076  0.22077 
  6.54500  0.21575  0.21577 
  6.64500  0.21208  0.21209 
  6.74500  0.20982  0.20981 
  6.84500  0.20893  0.20894 
  6.94500  0.20942  0.20943 
  7.04500  0.21133  0.21133 
  7.14500  0.21461  0.21462 
  7.24500  0.21923  0.21924 
  7.34500  0.22525  0.22524 
  7.44500  0.23255  0.23256 
  7.54500  0.24114  0.24114 
  7.64500  0.25100  0.25101 
  7.74500  0.26201  0.26203 
  7.84500  0.27420  0.27422 
  7.94500  0.28747  0.28751 
  8.04500  0.30183  0.30181 
  8.14500  0.31709  0.31709 
  8.24500  0.33327  0.33327 
  8.34500  0.35026  0.35025 
  8.44500  0.36799  0.36801 
  8.54500  0.38635  0.38635 
  8.64500  0.40524  0.40531 
  8.74500  0.42464  0.42473 
  8.84500  0.44449  0.44454 
  8.94500  0.46474  0.46466 
  9.04500  0.48522  0.48496 
  9.14500  0.50525  0.50537 
  9.24500  0.52564  0.52577 
  9.34500  0.54606  0.54610 
  9.44500  0.56633  0.56620 
  9.54500  0.58617  0.58609 
  9.64500  0.60565  0.60558 
  9.74500  0.62463  0.62459 
  9.84500  0.64306  0.64307 
  9.94500  0.66089  0.66090 
 10.04500  0.67798  0.67801 
 10.14500  0.69434  0.69435 
 10.24500  0.70983  0.70981 
 10.34500  0.72434  0.72434 
 10.44500  0.73788  0.73783 
 10.54500  0.75034  0.75032 
 10.64500  0.76169  0.76167 
 10.74500  0.77189  0.77187 
 10.84500  0.78087  0.78083 
 10.94500  0.78860  0.78859 
 11.04500  0.79507  0.79505 
 11.14500  0.80021  0.80020 
 11.24500  0.80404  0.80403 
 11.34500  0.80656  0.80653 
 11.44500  0.80769  0.80767 
 11.54500  0.80749  0.80746 
 11.64500  0.80587  0.80588 
 11.74500  0.80300  0.80297 
 11.84500  0.79872  0.79871 
 11.94500  0.79318  0.79314 
 12.04500  0.78628  0.78627 
 12.14500  0.77817  0.77815 
 12.24500  0.76880  0.76878 
 12.34500  0.75828  0.75825 
 12.44500  0.74660  0.74656 
 12.54500  0.73383  0.73379 
 12.64500  0.72003  0.72001 
 12.74500  0.70526  0.70524 
 12.84500  0.68955  0.68958 
 12.94500  0.67306  0.67309 
 13.04500  0.65583  0.65583 
 13.14500  0.63792  0.63792 
 13.24500  0.61944  0.61940 
 13.34500  0.60045  0.60039 
 13.44500  0.58109  0.58097 
 13.54500  0.56134  0.56125 
 13.64500  0.54124  0.54130 
 13.74500  0.52100  0.52122 
 13.84500  0.50123  0.50112 
 13.94500  0.48126  0.48110 
 14.04500  0.46125  0.46127 
 14.14500  0.44161  0.44169 
 14.24500  0.42240  0.42249 
 14.34500  0.40369  0.40376 
 14.44500  0.38558  0.38562 
 14.54500  0.36810  0.36809 
 14.64500  0.35132  0.35132 
 14.74500  0.33540  0.33538 
 14.84500  0.32037  0.32036 
 14.94500  0.30629  0.30631 
 15.04500  0.29329  0.29331 
 15.14500  0.28139  0.28142 
 15.24500  0.27071  0.27073 
 15.34500  0.26125  0.26128 
 15.44500  0.25307  0.25310 
 15.54500  0.24624  0.24624 
 15.64500  0.24073  0.24073 
 15.74500  0.23659  0.23663 
 15.84500  0.23391  0.23392 
 15.94500  0.23261  0.23265 
 16.04500  0.23279  0.23278 
 16.14500  0.23435  0.23436 
 16.24500  0.23733  0.23734 
 16.34500  0.24171  0.24172 
 16.44500  0.24749  0.24751 
 16.54500  0.25464  0.25464 
 16.64500  0.26308  0.26310 
 16.74500  0.27285  0.27285 
 16.84500  0.28378  0.28381 
 16.94500  0.29595  0.29596 
 17.04500  0.30919  0.30924 
 17.14500  0.32354  0.32355 
 17.24500  0.33888  0.33886 
 17.34500  0.35510  0.35506 
 17.44500  0.37212  0.37211 
 17.54500  0.38985  0.38992 
 17.64500  0.40830  0.40836 
 17.74500  0.42728  0.42738 
 17.84500  0.44682  0.44689 
 17.94500  0.46683  0.46680 
 18.04500  0.48719  0.48699 
 18.14500  0.50734  0.50739 
 18.24500  0.52769  0.52790 
 18.34500  0.54837  0.54840 
 18.44500  0.56893  0.56885 
 18.54500  0.58920  0.58910 
 18.64500  0.60917  0.60912 
 18.74500  0.62878  0.62878 
 18.84500  0.64800  0.64801 
 18.94500  0.66670  0.66673 
 19.04500  0.68485  0.68485 
 19.14500  0.70230  0.70232 
 19.24500  0.71904  0.71905 
 19.34500  0.73499  0.73497 
 19.44500  0.75007  0.75006 
 19.54500  0.76422  0.76422 
 19.64500  0.77744  0.77742 
 19.74500  0.78960  0.78961 
 19.84500  0.80074  0.80074 
 19.94500  0.81079  0.81077 
 20.04500  0.81971  0.81969 
 20.14500  0.82744  0.82741 
 20.24500  0.83398  0.83398 
 20.34500  0.83935  0.83935 
 20.44500  0.84351  0.84349 
 20.54500  0.84641  0.84640 
 20.64500  0.84806  0.84803 
 20.74500  0.84845  0.84846 
 20.84500  0.84764  0.84762 
 20.94500  0.84555  0.84550 
 21.04500  0.84220  0.84217 
 21.14500  0.83761  0.83761 
 21.24500  0.83184  0.83181 
 21.34500  0.82481  0.82481 
 21.44500  0.81666  0.81663 
 21.54500  0.80733  0.80730 
 21.64500  0.79687  0.79683 
 21.74500  0.78531  0.78528 
 21.84500  0.77270  0.77268 
 21.94500  0.75906  0.75905 
 22.04500  0.74446  0.74444 
 22.14500  0.72898  0.72895 
 22.24500  0.71259  0.71258 
 22.34500  0.69538  0.69537 
 22.44500  0.67744  0.67748 
 22.54500  0.65884  0.65887 
 22.64500  0.63964  0.63968 
 22.74500  0.61997  0.61995 
 22.84500  0.59982  0.59976 
 22.94500  0.57927  0.57918 
 23.04500  0.55836  0.55835 
 23.14500  0.53717  0.53724 
 23.24500  0.51576  0.51603 
 23.34500  0.49495  0.49477 
 23.44500  0.47370  0.47358 
 23.54500  0.45246  0.45245 
 23.64500  0.43151  0.43162 
 23.74500  0.41092  0.41103 
 23.84500  0.39078  0.39082 
 23.94500  0.37105  0.37110 
 24.04500  0.35191  0.35188 
 24.14500  0.33331  0.33330 
 24.24500  0.31541  0.31542 
 24.34500  0.29827  0.29827 
 24.44500  0.28190  0.28195 
 24.54500  0.26650  0.26651 
 24.64500  0.25203  0.25202 
 24.74500  0.23851  0.23854 
 24.84500  0.22608  0.22609 
 24.94500  0.21471  0.21474 
 25.04500  0.20451  0.20452 
 25.14500  0.19547  0.19549 
 25.24500  0.18760  0.18763 
 25.34500  0.18101  0.18102 
 25.44500  0.17565  0.17565 
 25.54500  0.17155  0.17156 
 25.64500  0.16873  0.16875 
 25.74500  0.16723  0.16725 
 25.84500  0.16704  0.16703 
 25.94500  0.16812  0.16812 
 26.04500  0.17049  0.17051 
 26.14500  0.17416  0.17417 
 26.24500  0.17911  0.17913 
 26.34500  0.18533  0.18533 
 26.44500  0.19275  0.19278 
 26.54500  0.20142  0.20142 
 26.64500  0.21127  0.21126 
 26.74500  0.22223  0.22223 
 26.84500  0.23430  0.23433 
 26.94500  0.24746  0.24747 
 27.04500  0.26161  0.26162 
 27.14500  0.27673  0.27673 
 27.24500  0.29272  0.29273 
 27.34500  0.30961  0.30959 
 27.44500  0.32724  0.32721 
 27.54500  0.34557  0.34554 
 27.64500  0.36447  0.36450 
 27.74500  0.38395  0.38398 
 27.84500  0.40390  0.40396 
 27.94500  0.42428  0.42435 
 28.04500  0.44499  0.44503 
 28.14500  0.46604  0.46595 
 28.24500  0.48725  0.48698 
 28.34500  0.50783  0.50807 
 28.44500  0.52901  0.52915 
 28.54500  0.55007  0.55005 
 28.64500  0.57086  0.57076 
 28.74500  0.59127  0.59115 
 28.84500  0.61124  0.61117 
 28.94500  0.63076  0.63075 
 29.04500  0.64975  0.64975 
 29.14500  0.66812  0.66814 
 29.24500  0.68579  0.68582 
 29.34500  0.70276  0.70272 
 29.44500  0.71881  0.71881 
 29.54500  0.73400  0.73397 
 29.64500  0.74820  0.74820 
 29.74500  0.76141  0.76138 
 29.84500  0.77355  0.77351 
 29.94500  0.78458  0.78456 
 30.04500  0.79447  0.79444 
 30.14500  0.80314  0.80312 
 30.24500  0.81060  0.81059 
 30.34500  0.81684  0.81679 
 30.44500  0.82179  0.82175 
 30.54500  0.82546  0.82542 
 30.64500  0.82783  0.82780 
 30.74500  0.82892  0.82887 
 30.84500  0.82863  0.82861 
 30.94500  0.82708  0.82706 
 31.04500  0.82423  0.82419 
 31.14500  0.82008  0.82002 
 31.24500  0.81462  0.81459 
 31.34500  0.80792  0.80788 
 31.44500  0.79999  0.79995 
 31.54500  0.79084  0.79083 
 31.64500  0.78052  0.78050 
 31.74500  0.76910  0.76906 
 31.84500  0.75654  0.75652 
 31.94500  0.74294  0.74293 
 32.04500  0.72836  0.72833 
 32.14500  0.71283  0.71280 
 32.24500  0.69642  0.69641 
 32.34500  0.67917  0.67920 
 32.44500  0.66123  0.66124 
 32.54500  0.64260  0.64263 
 32.64500  0.62344  0.62339 
 32.74500  0.60374  0.60367 
 32.84500  0.58355  0.58347 
 32.94500  0.56303  0.56294 
 33.04500  0.54212  0.54214 
 33.14500  0.52097  0.52115 
 33.24500  0.50006  0.50008 
 33.34500  0.47921  0.47899 
 33.44500  0.45804  0.45799 
 33.54500  0.43711  0.43716 
 33.64500  0.41651  0.41658 
 33.74500  0.39629  0.39634 
 33.84500  0.37655  0.37654 
 33.94500  0.35724  0.35725 
 34.04500  0.33853  0.33852 
 34.14500  0.32047  0.32046 
 34.24500  0.30309  0.30310 
 34.34500  0.28657  0.28656 
 34.44500  0.27088  0.27089 
 34.54500  0.25614  0.25616 
 34.64500  0.24231  0.24236 
 34.74500  0.22959  0.22964 
 34.84500  0.21795  0.21796 
 34.94500  0.20740  0.20742 
 35.04500  0.19798  0.19801 
 35.14500  0.18981  0.18981 
 35.24500  0.18283  0.18284 
 35.34500  0.17709  0.17710 
 35.44500  0.17261  0.17264 
 35.54500  0.16943  0.16946 
 35.64500  0.16752  0.16755 
 35.74500  0.16696  0.16696 
 35.84500  0.16764  0.16765 
 35.94500  0.16968  0.16965 
 36.04500  0.17294  0.17296 
 36.14500  0.17749  0.17752 
 36.24500  0.18335  0.18334 
 36.34500  0.19041  0.19042 
 36.44500  0.19870  0.19872 
 36.54500  0.20821  0.20823 
 36.64500  0.21883  0.21885 
 36.74500  0.23059  0.23059 
 36.84500  0.24341  0.24344 
 36.94500  0.25728  0.25729 
 37.04500  0.27210  0.27213 
 37.14500  0.28786  0.28786 
 37.24500  0.30448  0.30447 
 37.34500  0.32189  0.32187 
 37.44500  0.34000  0.33998 
 37.54500  0.35877  0.35877 
 37.64500  0.37809  0.37812 
 37.74500  0.39792  0.39798 
 37.84500  0.41812  0.41824 
 37.94500  0.43876  0.43883 
 38.04500  0.45972  0.45967 
 38.14500  0.48092  0.48069 
 38.24500  0.50173  0.50178 
 38.34500  0.52269  0.52285 
 38.44500  0.54383  0.54383 
 38.54500  0.56469  0.56461 
 38.64500  0.58520  0.58512 
 38.74500  0.60531  0.60528 
 38.84500  0.62501  0.62497 
 38.94500  0.64413  0.64413 
 39.04500  0.66269  0.66273 
 39.14500  0.68061  0.68062 
 39.24500  0.69777  0.69778 
 39.34500  0.71412  0.71409 
 39.44500  0.72960  0.72954 
 39.54500  0.74405  0.74406 
 39.64500  0.75758  0.75756 
 39.74500  0.77004  0.77003 
 39.84500  0.78142  0.78139 
 39.94500  0.79165  0.79161 
 40.04500  0.80066  0.80067 
 40.14500  0.80853  0.80849 
 40.24500  0.81513  0.81508 
 40.34500  0.82046  0.82044 
 40.44500  0.82450  0.82450 
 40.54500  0.82726  0.82725 
 40.64500  0.82875  0.82871 
 40.74500  0.82887  0.82887 
 40.84500  0.82771  0.82770 
 40.94500  0.82528  0.82523 
 41.04500  0.82149  0.82149 
 41.14500  0.81644  0.81643 
 41.24500  0.81015  0.81012 
 41.34500  0.80263  0.80257 
 41.44500  0.79383  0.79384 
 41.54500  0.78393  0.78391 
 41.64500  0.77286  0.77281 
 41.74500  0.76066  0.76066 
 41.84500  0.74747  0.74742 
 41.94500  0.73325  0.73319 
 42.04500  0.71804  0.71802 
 42.14500  0.70200  0.70197 
 42.24500  0.68509  0.68511 
 42.34500  0.66749  0.66750 
 42.44500  0.64923  0.64923 
 42.54500  0.63040  0.63036 
 42.64500  0.61104  0.61097 
 42.74500  0.59125  0.59117 
 42.84500  0.57111  0.57100 
 42.94500  0.55062  0.55059 
 43.04500  0.52988  0.53001 
 43.14500  0.50918  0.50937 
 43.24500  0.48901  0.48873 
 43.34500  0.46830  0.46823 
 43.44500  0.44788  0.44793 
 43.54500  0.42785  0.42793 
 43.64500  0.40826  0.40833 
 43.74500  0.38918  0.38920 
 43.84500  0.37066  0.37066 
 43.94500  0.35280  0.35278 
 44.04500  0.33564  0.33562 
 44.14500  0.31933  0.31929 
 44.24500  0.30388  0.30386 
 44.34500  0.28936  0.28936 
 44.44500  0.27591  0.27592 
 44.54500  0.26359  0.26356 
 44.64500  0.25236  0.25236 
 44.74500  0.24233  0.24236 
 44.84500  0.23358  0.23358 
 44.94500  0.22609  0.22609 
 45.04500  0.21990  0.21992 
 45.14500  0.21507  0.21508 
 45.24500  0.21161  0.21163 
 45.34500  0.20956  0.20955 
 45.44500  0.20883  0.20884 
 45.54500  0.20953  0.20953 
 45.64500  0.21161  0.21161 
 45.74500  0.21506  0.21506 
 45.84500  0.21990  0.21988 
 45.94500  0.22606  0.22605 
 46.04500  0.23351  0.23352 
 46.14500  0.24225  0.24225 
 46.24500  0.25224  0.25225 
 46.34500  0.26341  0.26338 
 46.44500  0.27569  0.27569 
 46.54500  0.28907  0.28905 
 46.64500  0.30346  0.30347 
 46.74500  0.31879  0.31877 
 46.84500  0.33502  0.33499 
 46.94500  0.35200  0.35198 
 47.04500  0.36970  0.36970 
 47.14500  0.38801  0.38802 
 47.24500  0.40681  0.40688 
 47.34500  0.42612  0.42620 
 47.44500  0.44584  0.44586 
 47.54500  0.46587  0.46580 
 47.64500  0.48615  0.48585 
 47.74500  0.50580  0.50597 
 47.84500  0.52595  0.52608 
 47.94500  0.54602  0.54600 
 48.04500  0.56580  0.56570 
 48.14500  0.58519  0.58508 
 48.24500  0.60405  0.60401 
 48.34500  0.62242  0.62239 
 48.44500  0.64020  0.64019 
 48.54500  0.65726  0.65727 
 48.64500  0.67358  0.67357 
 48.74500  0.68897  0.68900 
 48.84500  0.70351  0.70348 
 48.94500  0.71698  0.71694 
 49.04500  0.72938  0.72936 
 49.14500  0.74064  0.74058 
 49.24500  0.75070  0.75065 
 49.34500  0.75949  0.75950 
 49.44500  0.76708  0.76703 
 49.54500  0.77328  0.77327 
 49.64500  0.77818  0.77814 
 49.74500  0.78166  0.78165 
 49.84500  0.78382  0.78375 
 49.94500  0.78453  0.78448 
 50.04500  0.78382  0.78382 
 50.14500  0.78177  0.78174 
 50.24500  0.77831  0.77826 
 50.34500  0.77343  0.77343 
 50.44500  0.76728  0.76722 
 50.54500  0.75973  0.75973 
 50.64500  0.75094  0.75092 
 50.74500  0.74092  0.74088 
 50.84500  0.72967  0.72963 
 50.94500  0.71727  0.71722 
 51.04500  0.70378  0.70376 
 51.14500  0.68926  0.68924 
 51.24500  0.67376  0.67379 
 51.34500  0.65746  0.65748 
 51.44500  0.64031  0.64032 
 51.54500  0.62249  0.62245 
 51.64500  0.60403  0.60397 
 51.74500  0.58501  0.58491 
 51.84500  0.56549  0.56540 
 51.94500  0.54556  0.54550 
 52.04500  0.52528  0.52540 
 52.14500  0.50486  0.50507 
 52.24500  0.48497  0.48468 
 52.34500  0.46439  0.46432 
 52.44500  0.44401  0.44405 
 52.54500  0.42392  0.42401 
 52.64500  0.40419  0.40426 
 52.74500  0.38487  0.38489 
 52.84500  0.36603  0.36604 
 52.94500  0.34776  0.34774 
 53.04500  0.33011  0.33011 
 53.14500  0.31321  0.31319 
 53.24500  0.29709  0.29709 
 53.34500  0.28184  0.28188 
 53.44500  0.26758  0.26757 
 53.54500  0.25430  0.25431 
 53.64500  0.24208  0.24209 
 53.74500  0.23101  0.23102 
 53.84500  0.22108  0.22111 
 53.94500  0.21236  0.21237 
 54.04500  0.20488  0.20490 
 54.14500  0.19867  0.19871 
 54.24500  0.19377  0.19378 
 54.34500  0.19019  0.19021 
 54.44500  0.18795  0.18793 
 54.54500  0.18704  0.18705 
 54.64500  0.18748  0.18750 
 54.74500  0.18927  0.18927 
 54.84500  0.19238  0.19240 
 54.94500  0.19685  0.19687 
 55.04500  0.20261  0.20263 
 55.14500  0.20968  0.20969 
 55.24500  0.21800  0.21801 
 55.34500  0.22754  0.22755 
 55.44500  0.23828  0.23832 
 55.54500  0.25017  0.25020 
 55.64500  0.26313  0.26316 
 55.74500  0.27720  0.27718 
 55.84500  0.29220  0.29220 
 55.94500  0.30816  0.30814 
 56.04500  0.32498  0.32494 
 56.14500  0.34257  0.34253 
 56.24500  0.36085  0.36085 
 56.34500  0.37977  0.37980 
 56.44500  0.39923  0.39929 
 56.54500  0.41918  0.41926 
 56.64500  0.43959  0.43965 
 56.74500  0.46035  0.46032 
 56.84500  0.48143  0.48125 
 56.94500  0.50224  0.50225 
 57.04500  0.52312  0.52331 
 57.14500  0.54431  0.54435 
 57.24500  0.56531  0.56521 
 57.34500  0.58597  0.58588 
 57.44500  0.60632  0.60624 
 57.54500  0.62625  0.62622 
 57.64500  0.64572  0.64570 
 57.74500  0.66466  0.66467 
 57.84500  0.68303  0.68303 
 57.94500  0.70069  0.70069 
 58.04500  0.71762  0.71760 
 58.14500  0.73371  0.73370 
 58.24500  0.74896  0.74891 
 58.34500  0.76325  0.76322 
 58.44500  0.77657  0.77651 
 58.54500  0.78884  0.78882 
 58.64500  0.80008  0.80006 
 58.74500  0.81021  0.81017 
 58.84500  0.81917  0.81917 
 58.94500  0.82702  0.82699 
 59.04500  0.83365  0.83363 
 59.14500  0.83909  0.83905 
 59.24500  0.84329  0.84327 
 59.34500  0.84624  0.84622 
 59.44500  0.84797  0.84793 
 59.54500  0.84842  0.84841 
 59.64500  0.84763  0.84762 
 59.74500  0.84560  0.84558 
 59.84500  0.84233  0.84228 
 59.94500  0.83777  0.83777 
 60.04500  0.83204  0.83201 
 60.14500  0.82507  0.82507 
 60.24500  0.81692  0.81690 
 60.34500  0.80761  0.80760 
 60.44500  0.79717  0.79719 
 60.54500  0.78565  0.78564 
 60.64500  0.77306  0.77303 
 60.74500  0.75944  0.75939 
 60.84500  0.74481  0.74481 
 60.94500  0.72929  0.72927 
 61.04500  0.71287  0.71285 
 61.14500  0.69560  0.69561 
 61.24500  0.67761  0.67761 
 61.34500  0.65892  0.65894 
 61.44500  0.63962  0.63961 
 61.54500  0.61975  0.61973 
 61.64500  0.59940  0.59933 
 61.74500  0.57863  0.57855 
 61.84500  0.55743  0.55739 
 61.94500  0.53593  0.53599 
 62.04500  0.51414  0.51438 
 62.14500  0.49283  0.49266 
 62.24500  0.47104  0.47090 
 62.34500  0.44916  0.44918 
 62.44500  0.42747  0.42757 
 62.54500  0.40603  0.40614 
 62.64500  0.38489  0.38495 
 62.74500  0.36406  0.36408 
 62.84500  0.34359  0.34359 
 62.94500  0.32357  0.32353 
 63.04500  0.30398  0.30395 
 63.14500  0.28492  0.28492 
 63.24500  0.26645  0.26645 
 63.34500  0.24863  0.24863 
 63.44500  0.23142  0.23146 
 63.54500  0.21491  0.21494 
 63.64500  0.19912  0.19913 
 63.74500  0.18401  0.18405 
 63.84500  0.16966  0.16971 
 63.94500  0.15606  0.15610 
 64.04500  0.14321  0.14322 
 64.14500  0.13109  0.13110 
 64.24500  0.11969  0.11970 
 64.34500  0.10900  0.10903 
 64.44500  0.09904  0.09908 
 64.54500  0.08977  0.08979 
 64.64500  0.08118  0.08121 
 64.74500  0.07323  0.07328 
 64.84500  0.06594  0.06596 
 64.94500  0.05922  0.05927 
 65.04500  0.05309  0.05313 
 65.14500  0.04753  0.04755 
 65.24500  0.04247  0.04250 
 65.34500  0.03792  0.03796 
 65.44500  0.03385  0.03387 
 65.54500  0.03025  0.03026 
 65.64500  0.02701  0.02705 
 65.74500  0.02421  0.02427 
 65.84500  0.02180  0.02185 
 65.94500  0.01973  0.01981 
 66.04500  0.01802  0.01807 
 66.14500  0.01668  0.01671 
 66.24500  0.01559  0.01566 
 66.34500  0.01486  0.01492 
 66.44500  0.01443  0.01447 
