  0.04500  0.51721  0.51880 
  0.14500  0.51721  0.51880 
  0.24500  0.51721  0.51880 
  0.34500  0.51721  0.51880 
  0.44500  0.51721  0.51880 
  0.54500  0.51721  0.51880 
  0.64500  0.51722  0.51880 
  0.74500  0.51722  0.51880 
  0.84500  0.51720  0.51880 
  0.94500  0.51721  0.51880 
  1.04500  0.51720  0.51880 
  1.14500  0.51721  0.51880 
  1.24500  0.51720  0.51880 
  1.34500  0.51721  0.51880 
  1.44500  0.51722  0.51880 
  1.54500  0.51722  0.51880 
  1.64500  0.51720  0.51880 
  1.74500  0.51721  0.51880 
  1.84500  0.51721  0.51880 
  1.94500  0.51721  0.51880 
  2.04500  0.51722  0.51880 
  2.14500  0.51722  0.51880 
  2.24500  0.51722  0.51880 
  2.34500  0.51722  0.51880 
  2.44500  0.51724  0.51878 
  2.54500  0.51723  0.51870 
  2.64500  0.51721  0.51870 
  2.74500  0.51721  0.51870 
  2.84500  0.51722  0.51870 
  2.94500  0.51722  0.51870 
  3.04500  0.51723  0.51870 
  3.14500  0.51721  0.51870 
  3.24500  0.51721  0.51870 
  3.34500  0.51721  0.51870 
  3.44500  0.51721  0.51870 
  3.54500  0.51721  0.51870 
  3.64500  0.51720  0.51870 
  3.74500  0.51721  0.51870 
  3.84500  0.51720  0.51870 
  3.94500  0.51721  0.51870 
  4.04500  0.51721  0.51870 
  4.14500  0.51720  0.51870 
  4.24500  0.51720  0.51860 
  4.34500  0.51719  0.51860 
  4.44500  0.51719  0.51860 
  4.54500  0.51719  0.51860 
  4.64500  0.51717  0.51860 
  4.74500  0.51717  0.51860 
  4.84500  0.51718  0.51860 
  4.94500  0.51716  0.51860 
  5.04500  0.51714  0.51860 
  5.14500  0.51714  0.51860 
  5.24500  0.51715  0.51860 
  5.34500  0.51715  0.51860 
  5.44500  0.51715  0.51850 
  5.54500  0.51713  0.51850 
  5.64500  0.51712  0.51850 
  5.74500  0.51712  0.51850 
  5.84500  0.51710  0.51850 
  5.94500  0.51711  0.51850 
  6.04500  0.51711  0.51850 
  6.14500  0.51709  0.51850 
  6.24500  0.51709  0.51850 
  6.34500  0.51709  0.51849 
  6.44500  0.51708  0.51840 
  6.54500  0.51707  0.51840 
  6.64500  0.51706  0.51840 
  6.74500  0.51706  0.51840 
  6.84500  0.51705  0.51840 
  6.94500  0.51705  0.51840 
  7.04500  0.51702  0.51840 
  7.14500  0.51700  0.51840 
  7.24500  0.51699  0.51834 
  7.34500  0.51698  0.51830 
  7.44500  0.51696  0.51830 
  7.54500  0.51696  0.51830 
  7.64500  0.51696  0.51830 
  7.74500  0.51696  0.51830 
  7.84500  0.51693  0.51830 
  7.94500  0.51691  0.51830 
  8.04500  0.51692  0.51821 
  8.14500  0.51692  0.51820 
  8.24500  0.51691  0.51820 
  8.34500  0.51688  0.51820 
  8.44500  0.51687  0.51820 
  8.54500  0.51686  0.51820 
  8.64500  0.51685  0.51820 
  8.74500  0.51684  0.51811 
  8.84500  0.51683  0.51810 
  8.94500  0.51679  0.51810 
  9.04500  0.51678  0.51810 
  9.14500  0.51677  0.51810 
  9.24500  0.51676  0.51810 
  9.34500  0.51675  0.51806 
  9.44500  0.51674  0.51800 
  9.54500  0.51673  0.51800 
  9.64500  0.51669  0.51800 
  9.74500  0.51669  0.51800 
  9.84500  0.51669  0.51800 
  9.94500  0.51666  0.51798 
 10.04500  0.51665  0.51790 
 10.14500  0.51665  0.51790 
 10.24500  0.51664  0.51790 
 10.34500  0.51661  0.51790 
 10.44500  0.51659  0.51790 
 10.54500  0.51657  0.51786 
 10.64500  0.51656  0.51780 
 10.74500  0.51654  0.51780 
 10.84500  0.51652  0.51780 
 10.94500  0.51652  0.51780 
 11.04500  0.51651  0.51780 
 11.14500  0.51649  0.51771 
 11.24500  0.51648  0.51770 
 11.34500  0.51647  0.51770 
 11.44500  0.51644  0.51770 
 11.54500  0.51644  0.51770 
 11.64500  0.51642  0.51764 
 11.74500  0.51637  0.51760 
 11.84500  0.51637  0.51760 
 11.94500  0.51636  0.51760 
 12.04500  0.51633  0.51760 
 12.14500  0.51632  0.51755 
 12.24500  0.51631  0.51750 
 12.34500  0.51630  0.51750 
 12.44500  0.51628  0.51750 
 12.54500  0.51625  0.51750 
 12.64500  0.51624  0.51743 
 12.74500  0.51622  0.51740 
 12.84500  0.51622  0.51740 
 12.94500  0.51619  0.51740 
 13.04500  0.51616  0.51740 
 13.14500  0.51616  0.51731 
 13.24500  0.51613  0.51730 
 13.34500  0.51611  0.51730 
 13.44500  0.51610  0.51730 
 13.54500  0.51608  0.51727 
 13.64500  0.51606  0.51720 
 13.74500  0.51605  0.51720 
 13.84500  0.51604  0.51720 
 13.94500  0.51601  0.51720 
 14.04500  0.51601  0.51711 
 14.14500  0.51595  0.51710 
 14.24500  0.51593  0.51710 
 14.34500  0.51593  0.51710 
 14.44500  0.51590  0.51705 
 14.54500  0.51590  0.51700 
 14.64500  0.51586  0.51700 
 14.74500  0.51586  0.51700 
 14.84500  0.51584  0.51697 
 14.94500  0.51581  0.51690 
 15.04500  0.51579  0.51690 
 15.14500  0.51577  0.51690 
 15.24500  0.51574  0.51688 
 15.34500  0.51572  0.51680 
 15.44500  0.51571  0.51680 
 15.54500  0.51569  0.51680 
 15.64500  0.51567  0.51679 
 15.74500  0.51564  0.51670 
 15.84500  0.51564  0.51670 
 15.94500  0.51561  0.51670 
 16.04500  0.51560  0.51668 
 16.14500  0.51557  0.51660 
 16.24500  0.51554  0.51660 
 16.34500  0.51551  0.51660 
 16.44500  0.51551  0.51657 
 16.54500  0.51547  0.51650 
 16.64500  0.51547  0.51650 
 16.74500  0.51544  0.51650 
 16.84500  0.51543  0.51645 
 16.94500  0.51540  0.51640 
 17.04500  0.51538  0.51640 
 17.14500  0.51533  0.51640 
 17.24500  0.51532  0.51633 
 17.34500  0.51530  0.51630 
 17.44500  0.51528  0.51630 
 17.54500  0.51527  0.51630 
 17.64500  0.51524  0.51620 
 17.74500  0.51521  0.51620 
 17.84500  0.51522  0.51620 
 17.94500  0.51519  0.51616 
 18.04500  0.51516  0.51610 
 18.14500  0.51513  0.51610 
 18.24500  0.51511  0.51610 
 18.34500  0.51508  0.51602 
 18.44500  0.51507  0.51600 
 18.54500  0.51504  0.51600 
 18.64500  0.51502  0.51597 
 18.74500  0.51502  0.51590 
 18.84500  0.51498  0.51590 
 18.94500  0.51494  0.51590 
 19.04500  0.51491  0.51582 
 19.14500  0.51490  0.51580 
 19.24500  0.51488  0.51580 
 19.34500  0.51486  0.51576 
 19.44500  0.51483  0.51570 
 19.54500  0.51480  0.51570 
 19.64500  0.51478  0.51570 
 19.74500  0.51474  0.51560 
 19.84500  0.51473  0.51560 
 19.94500  0.51470  0.51560 
 20.04500  0.51468  0.51554 
 20.14500  0.51465  0.51550 
 20.24500  0.51463  0.51550 
 20.34500  0.51462  0.51547 
 20.44500  0.51459  0.51540 
 20.54500  0.51456  0.51540 
 20.64500  0.51453  0.51540 
 20.74500  0.51449  0.51530 
 20.84500  0.51449  0.51530 
 20.94500  0.51445  0.51530 
 21.04500  0.51445  0.51522 
 21.14500  0.51441  0.51520 
 21.24500  0.51440  0.51520 
 21.34500  0.51436  0.51514 
 21.44500  0.51433  0.51510 
 21.54500  0.51431  0.51510 
 21.64500  0.51429  0.51506 
 21.74500  0.51427  0.51500 
 21.84500  0.51424  0.51500 
 21.94500  0.51421  0.51497 
 22.04500  0.51420  0.51490 
 22.14500  0.51416  0.51490 
 22.24500  0.51414  0.51489 
 22.34500  0.51411  0.51480 
 22.44500  0.51408  0.51480 
 22.54500  0.51406  0.51480 
 22.64500  0.51404  0.51470 
 22.74500  0.51401  0.51470 
 22.84500  0.51400  0.51470 
 22.94500  0.51393  0.51460 
 23.04500  0.51393  0.51460 
 23.14500  0.51389  0.51460 
 23.24500  0.51388  0.51451 
 23.34500  0.51386  0.51450 
 23.44500  0.51383  0.51450 
 23.54500  0.51380  0.51441 
 23.64500  0.51378  0.51440 
 23.74500  0.51373  0.51440 
 23.84500  0.51372  0.51431 
 23.94500  0.51369  0.51430 
 24.04500  0.51366  0.51430 
 24.14500  0.51364  0.51421 
 24.24500  0.51362  0.51420 
 24.34500  0.51359  0.51420 
 24.44500  0.51355  0.51411 
 24.54500  0.51352  0.51410 
 24.64500  0.51349  0.51410 
 24.74500  0.51348  0.51400 
 24.84500  0.51344  0.51400 
 24.94500  0.51344  0.51399 
 25.04500  0.51340  0.51390 
 25.14500  0.51336  0.51390 
 25.24500  0.51332  0.51389 
 25.34500  0.51331  0.51380 
 25.44500  0.51329  0.51380 
 25.54500  0.51326  0.51378 
 25.64500  0.51324  0.51370 
 25.74500  0.51320  0.51370 
 25.84500  0.51318  0.51366 
 25.94500  0.51314  0.51360 
 26.04500  0.51311  0.51360 
 26.14500  0.51308  0.51355 
 26.24500  0.51306  0.51350 
 26.34500  0.51303  0.51350 
 26.44500  0.51301  0.51344 
 26.54500  0.51297  0.51340 
 26.64500  0.51293  0.51340 
 26.74500  0.51292  0.51332 
 26.84500  0.51289  0.51330 
 26.94500  0.51287  0.51330 
 27.04500  0.51283  0.51320 
 27.14500  0.51281  0.51320 
 27.24500  0.51277  0.51319 
 27.34500  0.51274  0.51310 
 27.44500  0.51272  0.51310 
 27.54500  0.51267  0.51307 
 27.64500  0.51266  0.51300 
 27.74500  0.51263  0.51300 
 27.84500  0.51261  0.51295 
 27.94500  0.51257  0.51290 
 28.04500  0.51253  0.51290 
 28.14500  0.51249  0.51283 
 28.24500  0.51247  0.51280 
 28.34500  0.51245  0.51280 
 28.44500  0.51242  0.51270 
 28.54500  0.51240  0.51270 
 28.64500  0.51235  0.51268 
 28.74500  0.51233  0.51260 
 28.84500  0.51229  0.51260 
 28.94500  0.51228  0.51256 
 29.04500  0.51223  0.51250 
 29.14500  0.51221  0.51250 
 29.24500  0.51219  0.51243 
 29.34500  0.51214  0.51240 
 29.44500  0.51211  0.51240 
 29.54500  0.51207  0.51231 
 29.64500  0.51206  0.51230 
 29.74500  0.51203  0.51228 
 29.84500  0.51201  0.51220 
 29.94500  0.51198  0.51220 
 30.04500  0.51192  0.51216 
 30.14500  0.51190  0.51210 
 30.24500  0.51188  0.51210 
 30.34500  0.51185  0.51203 
 30.44500  0.51182  0.51200 
 30.54500  0.51179  0.51200 
 30.64500  0.51177  0.51190 
 30.74500  0.51171  0.51190 
 30.84500  0.51170  0.51187 
 30.94500  0.51166  0.51180 
 31.04500  0.51163  0.51180 
 31.14500  0.51161  0.51174 
 31.24500  0.51159  0.51170 
 31.34500  0.51156  0.51170 
 31.44500  0.51150  0.51162 
 31.54500  0.51148  0.51160 
 31.64500  0.51146  0.51159 
 31.74500  0.51143  0.51150 
 31.84500  0.51141  0.51150 
 31.94500  0.51138  0.51146 
 32.04500  0.51133  0.51140 
 32.14500  0.51130  0.51140 
 32.24500  0.51127  0.51133 
 32.34500  0.51126  0.51130 
 32.44500  0.51122  0.51130 
 32.54500  0.51120  0.51120 
 32.64500  0.51117  0.51120 
 32.74500  0.51112  0.51117 
 32.84500  0.51110  0.51110 
 32.94500  0.51106  0.51110 
 33.04500  0.51105  0.51104 
 33.14500  0.51101  0.51100 
 33.24500  0.51100  0.51100 
 33.34500  0.51095  0.51091 
 33.44500  0.51091  0.51090 
 33.54500  0.51089  0.51088 
 33.64500  0.51087  0.51080 
 33.74500  0.51084  0.51080 
 33.84500  0.51080  0.51075 
 33.94500  0.51079  0.51070 
 34.04500  0.51075  0.51070 
 34.14500  0.51071  0.51062 
 34.24500  0.51069  0.51060 
 34.34500  0.51066  0.51059 
 34.44500  0.51064  0.51050 
 34.54500  0.51062  0.51050 
 34.64500  0.51059  0.51046 
 34.74500  0.51054  0.51040 
 34.84500  0.51050  0.51040 
 34.94500  0.51049  0.51033 
 35.04500  0.51045  0.51030 
 35.14500  0.51044  0.51030 
 35.24500  0.51041  0.51020 
 35.34500  0.51038  0.51020 
 35.44500  0.51032  0.51018 
 35.54500  0.51030  0.51010 
 35.64500  0.51028  0.51010 
 35.74500  0.51024  0.51005 
 35.84500  0.51022  0.51000 
 35.94500  0.51019  0.51000 
 36.04500  0.51016  0.50992 
 36.14500  0.51012  0.50990 
 36.24500  0.51009  0.50989 
 36.34500  0.51006  0.50980 
 36.44500  0.51003  0.50980 
 36.54500  0.51001  0.50977 
 36.64500  0.50999  0.50970 
 36.74500  0.50993  0.50970 
 36.84500  0.50990  0.50964 
 36.94500  0.50988  0.50960 
 37.04500  0.50986  0.50960 
 37.14500  0.50983  0.50951 
 37.24500  0.50980  0.50950 
 37.34500  0.50977  0.50949 
 37.44500  0.50973  0.50940 
 37.54500  0.50971  0.50940 
 37.64500  0.50967  0.50937 
 37.74500  0.50965  0.50930 
 37.84500  0.50961  0.50930 
 37.94500  0.50959  0.50924 
 38.04500  0.50956  0.50920 
 38.14500  0.50952  0.50920 
 38.24500  0.50948  0.50912 
 38.34500  0.50945  0.50910 
 38.44500  0.50944  0.50910 
 38.54500  0.50941  0.50900 
 38.64500  0.50938  0.50900 
 38.74500  0.50935  0.50898 
 38.84500  0.50931  0.50890 
 38.94500  0.50927  0.50890 
 39.04500  0.50926  0.50886 
 39.14500  0.50923  0.50880 
 39.24500  0.50919  0.50880 
 39.34500  0.50918  0.50874 
 39.44500  0.50915  0.50870 
 39.54500  0.50911  0.50870 
 39.64500  0.50907  0.50862 
 39.74500  0.50905  0.50860 
 39.84500  0.50901  0.50860 
 39.94500  0.50899  0.50850 
 40.04500  0.50898  0.50850 
 40.14500  0.50894  0.50849 
 40.24500  0.50889  0.50840 
 40.34500  0.50887  0.50840 
 40.44500  0.50885  0.50837 
 40.54500  0.50882  0.50830 
 40.64500  0.50880  0.50830 
 40.74500  0.50876  0.50826 
 40.84500  0.50874  0.50820 
 40.94500  0.50870  0.50820 
 41.04500  0.50867  0.50815 
 41.14500  0.50864  0.50810 
 41.24500  0.50861  0.50810 
 41.34500  0.50860  0.50804 
 41.44500  0.50856  0.50800 
 41.54500  0.50855  0.50800 
 41.64500  0.50850  0.50793 
 41.74500  0.50847  0.50790 
 41.84500  0.50844  0.50790 
 41.94500  0.50842  0.50783 
 42.04500  0.50840  0.50780 
 42.14500  0.50838  0.50780 
 42.24500  0.50835  0.50772 
 42.34500  0.50831  0.50770 
 42.44500  0.50828  0.50770 
 42.54500  0.50826  0.50762 
 42.64500  0.50825  0.50760 
 42.74500  0.50820  0.50760 
 42.84500  0.50819  0.50752 
 42.94500  0.50816  0.50750 
 43.04500  0.50814  0.50750 
 43.14500  0.50809  0.50742 
 43.24500  0.50807  0.50740 
 43.34500  0.50803  0.50740 
 43.44500  0.50803  0.50732 
 43.54500  0.50799  0.50730 
 43.64500  0.50798  0.50730 
 43.74500  0.50795  0.50723 
 43.84500  0.50791  0.50720 
 43.94500  0.50787  0.50720 
 44.04500  0.50785  0.50714 
 44.14500  0.50783  0.50710 
 44.24500  0.50781  0.50710 
 44.34500  0.50778  0.50705 
 44.44500  0.50776  0.50700 
 44.54500  0.50773  0.50700 
 44.64500  0.50770  0.50696 
 44.74500  0.50767  0.50690 
 44.84500  0.50765  0.50690 
 44.94500  0.50762  0.50688 
 45.04500  0.50760  0.50680 
 45.14500  0.50758  0.50680 
 45.24500  0.50756  0.50680 
 45.34500  0.50753  0.50670 
 45.44500  0.50750  0.50670 
 45.54500  0.50745  0.50670 
 45.64500  0.50745  0.50662 
 45.74500  0.50742  0.50660 
 45.84500  0.50741  0.50660 
 45.94500  0.50739  0.50654 
 46.04500  0.50736  0.50650 
 46.14500  0.50733  0.50650 
 46.24500  0.50730  0.50647 
 46.34500  0.50726  0.50640 
 46.44500  0.50726  0.50640 
 46.54500  0.50722  0.50640 
 46.64500  0.50721  0.50631 
 46.74500  0.50717  0.50630 
 46.84500  0.50716  0.50630 
 46.94500  0.50714  0.50624 
 47.04500  0.50711  0.50620 
 47.14500  0.50708  0.50620 
 47.24500  0.50705  0.50618 
 47.34500  0.50704  0.50610 
 47.44500  0.50701  0.50610 
 47.54500  0.50701  0.50610 
 47.64500  0.50697  0.50603 
 47.74500  0.50697  0.50600 
 47.84500  0.50693  0.50600 
 47.94500  0.50690  0.50598 
 48.04500  0.50688  0.50590 
 48.14500  0.50685  0.50590 
 48.24500  0.50684  0.50590 
 48.34500  0.50682  0.50583 
 48.44500  0.50680  0.50580 
 48.54500  0.50677  0.50580 
 48.64500  0.50676  0.50579 
 48.74500  0.50673  0.50570 
 48.84500  0.50670  0.50570 
 48.94500  0.50668  0.50570 
 49.04500  0.50666  0.50566 
 49.14500  0.50664  0.50560 
 49.24500  0.50661  0.50560 
 49.34500  0.50659  0.50560 
 49.44500  0.50659  0.50553 
 49.54500  0.50656  0.50550 
 49.64500  0.50656  0.50550 
 49.74500  0.50650  0.50550 
 49.84500  0.50649  0.50540 
 49.94500  0.50645  0.50540 
 50.04500  0.50645  0.50540 
 50.14500  0.50643  0.50539 
 50.24500  0.50641  0.50530 
 50.34500  0.50639  0.50530 
 50.44500  0.50637  0.50530 
 50.54500  0.50634  0.50528 
 50.64500  0.50633  0.50520 
 50.74500  0.50629  0.50520 
 50.84500  0.50628  0.50520 
 50.94500  0.50626  0.50518 
 51.04500  0.50625  0.50510 
 51.14500  0.50623  0.50510 
 51.24500  0.50620  0.50510 
 51.34500  0.50619  0.50508 
 51.44500  0.50617  0.50500 
 51.54500  0.50616  0.50500 
 51.64500  0.50614  0.50500 
 51.74500  0.50610  0.50500 
 51.84500  0.50608  0.50490 
 51.94500  0.50607  0.50490 
 52.04500  0.50605  0.50490 
 52.14500  0.50604  0.50490 
 52.24500  0.50603  0.50483 
 52.34500  0.50601  0.50480 
 52.44500  0.50600  0.50480 
 52.54500  0.50597  0.50480 
 52.64500  0.50596  0.50477 
 52.74500  0.50593  0.50470 
 52.84500  0.50589  0.50470 
 52.94500  0.50588  0.50470 
 53.04500  0.50588  0.50470 
 53.14500  0.50585  0.50462 
 53.24500  0.50583  0.50460 
 53.34500  0.50583  0.50460 
 53.44500  0.50579  0.50460 
 53.54500  0.50577  0.50458 
 53.64500  0.50577  0.50450 
 53.74500  0.50574  0.50450 
 53.84500  0.50573  0.50450 
 53.94500  0.50570  0.50450 
 54.04500  0.50568  0.50446 
 54.14500  0.50568  0.50440 
 54.24500  0.50565  0.50440 
 54.34500  0.50563  0.50440 
 54.44500  0.50561  0.50440 
 54.54500  0.50560  0.50435 
 54.64500  0.50559  0.50430 
 54.74500  0.50557  0.50430 
 54.84500  0.50556  0.50430 
 54.94500  0.50556  0.50430 
 55.04500  0.50552  0.50427 
 55.14500  0.50551  0.50420 
 55.24500  0.50548  0.50420 
 55.34500  0.50545  0.50420 
 55.44500  0.50544  0.50420 
 55.54500  0.50543  0.50420 
 55.64500  0.50541  0.50410 
 55.74500  0.50541  0.50410 
 55.84500  0.50539  0.50410 
 55.94500  0.50538  0.50410 
 56.04500  0.50536  0.50410 
 56.14500  0.50535  0.50406 
 56.24500  0.50533  0.50400 
 56.34500  0.50531  0.50400 
 56.44500  0.50530  0.50400 
 56.54500  0.50528  0.50400 
 56.64500  0.50526  0.50400 
 56.74500  0.50525  0.50395 
 56.84500  0.50522  0.50390 
 56.94500  0.50522  0.50390 
 57.04500  0.50522  0.50390 
 57.14500  0.50519  0.50390 
 57.24500  0.50518  0.50390 
 57.34500  0.50516  0.50388 
 57.44500  0.50515  0.50380 
 57.54500  0.50514  0.50380 
 57.64500  0.50513  0.50380 
 57.74500  0.50513  0.50380 
 57.84500  0.50510  0.50380 
 57.94500  0.50510  0.50380 
 58.04500  0.50508  0.50374 
 58.14500  0.50506  0.50370 
 58.24500  0.50504  0.50370 
 58.34500  0.50503  0.50370 
 58.44500  0.50502  0.50370 
 58.54500  0.50499  0.50370 
 58.64500  0.50498  0.50370 
 58.74500  0.50498  0.50367 
 58.84500  0.50498  0.50360 
 58.94500  0.50495  0.50360 
 59.04500  0.50494  0.50360 
 59.14500  0.50494  0.50360 
 59.24500  0.50494  0.50360 
 59.34500  0.50493  0.50360 
 59.44500  0.50491  0.50360 
 59.54500  0.50491  0.50356 
 59.64500  0.50490  0.50350 
 59.74500  0.50490  0.50350 
 59.84500  0.50488  0.50350 
 59.94500  0.50486  0.50350 
 60.04500  0.50486  0.50350 
 60.14500  0.50484  0.50350 
 60.24500  0.50483  0.50350 
 60.34500  0.50482  0.50350 
 60.44500  0.50482  0.50345 
 60.54500  0.50481  0.50340 
 60.64500  0.50481  0.50340 
 60.74500  0.50480  0.50340 
 60.84500  0.50479  0.50340 
 60.94500  0.50479  0.50340 
 61.04500  0.50479  0.50340 
 61.14500  0.50479  0.50340 
 61.24500  0.50478  0.50340 
 61.34500  0.50476  0.50340 
 61.44500  0.50477  0.50338 
 61.54500  0.50477  0.50330 
 61.64500  0.50476  0.50330 
 61.74500  0.50476  0.50330 
 61.84500  0.50477  0.50330 
 61.94500  0.50474  0.50330 
 62.04500  0.50473  0.50330 
 62.14500  0.50473  0.50330 
 62.24500  0.50474  0.50330 
 62.34500  0.50474  0.50330 
 62.44500  0.50475  0.50330 
 62.54500  0.50475  0.50330 
 62.64500  0.50475  0.50330 
 62.74500  0.50475  0.50329 
 62.84500  0.50473  0.50320 
 62.94500  0.50472  0.50320 
 63.04500  0.50471  0.50320 
 63.14500  0.50471  0.50320 
 63.24500  0.50471  0.50320 
 63.34500  0.50473  0.50320 
 63.44500  0.50473  0.50320 
 63.54500  0.50472  0.50320 
 63.64500  0.50472  0.50320 
 63.74500  0.50472  0.50320 
 63.84500  0.50473  0.50320 
 63.94500  0.50473  0.50320 
 64.04500  0.50472  0.50320 
 64.14500  0.50473  0.50320 
 64.24500  0.50473  0.50320 
 64.34500  0.50473  0.50320 
 64.44500  0.50473  0.50320 
 64.54500  0.50474  0.50320 
 64.64500  0.50473  0.50320 
 64.74500  0.50473  0.50320 
 64.84500  0.50472  0.50320 
 64.94500  0.50471  0.50314 
 65.04500  0.50471  0.50310 
 65.14500  0.50472  0.50310 
 65.24500  0.50472  0.50310 
 65.34500  0.50473  0.50310 
 65.44500  0.50473  0.50310 
 65.54500  0.50473  0.50310 
 65.64500  0.50474  0.50310 
 65.74500  0.50474  0.50310 
 65.84500  0.50473  0.50310 
 65.94500  0.50474  0.50310 
 66.04500  0.50474  0.50310 
 66.14500  0.50474  0.50310 
 66.24500  0.50474  0.50310 
 66.34500  0.50474  0.50310 
 66.44500  0.50474  0.50310 
