  0.04500  1.00001  1.00000 
  0.14500  1.00001  1.00000 
  0.24500  1.00001  1.00000 
  0.34500  1.00001  1.00000 
  0.44500  1.00001  1.00000 
  0.54500  1.00001  1.00000 
  0.64500  1.00001  1.00000 
  0.74500  1.00001  1.00000 
  0.84500  1.00001  1.00000 
  0.94500  1.00001  1.00000 
  1.04500  1.00001  1.00000 
  1.14500  1.00001  1.00000 
  1.24500  1.00000  1.00000 
  1.34500  1.00001  1.00000 
  1.44500  1.00001  1.00000 
  1.54500  1.00001  1.00000 
  1.64500  1.00001  1.00000 
  1.74500  1.00000  1.00000 
  1.84500  1.00002  1.00000 
  1.94500  1.00002  1.00000 
  2.04500  1.00002  1.00000 
  2.14500  1.00000  1.00000 
  2.24500  1.00000  1.00000 
  2.34500  0.99997  1.00000 
  2.44500  0.99994  0.99990 
  2.54500  0.99987  0.99986 
  2.64500  0.99972  0.99971 
  2.74500  0.99946  0.99945 
  2.84500  0.99898  0.99899 
  2.94500  0.99819  0.99821 
  3.04500  0.99686  0.99689 
  3.14500  0.99471  0.99475 
  3.24500  0.99138  0.99136 
  3.34500  0.98628  0.98623 
  3.44500  0.97874  0.97865 
  3.54500  0.96791  0.96784 
  3.64500  0.95286  0.95283 
  3.74500  0.93257  0.93265 
  3.84500  0.90615  0.90637 
  3.94500  0.87283  0.87322 
  4.04500  0.83216  0.83264 
  4.14500  0.78416  0.78455 
  4.24500  0.72919  0.72929 
  4.34500  0.66816  0.66771 
  4.44500  0.60241  0.60124 
  4.54500  0.53344  0.53169 
  4.64500  0.45927  0.46117 
  4.74500  0.39077  0.39184 
  4.84500  0.32542  0.32580 
  4.94500  0.26494  0.26478 
  5.04500  0.21065  0.21022 
  5.14500  0.16337  0.16289 
  5.24500  0.12347  0.12309 
  5.34500  0.09087  0.09066 
  5.44500  0.06512  0.06504 
  5.54500  0.04541  0.04544 
  5.64500  0.03082  0.03089 
  5.74500  0.02038  0.02041 
  5.84500  0.01311  0.01315 
  5.94500  0.00823  0.00823 
  6.04500  0.00503  0.00499 
  6.14500  0.00298  0.00294 
  6.24500  0.00172  0.00169 
  6.34500  0.00096  0.00095 
  6.44500  0.00052  0.00052 
  6.54500  0.00027  0.00027 
  6.64500  0.00013  0.00014 
  6.74500  0.00007  0.00010 
  6.84500  0.00005  0.00010 
  6.94500  0.00007  0.00010 
  7.04500  0.00011  0.00011 
  7.14500  0.00022  0.00023 
  7.24500  0.00044  0.00043 
  7.34500  0.00083  0.00080 
  7.44500  0.00150  0.00147 
  7.54500  0.00261  0.00257 
  7.64500  0.00441  0.00438 
  7.74500  0.00727  0.00725 
  7.84500  0.01166  0.01167 
  7.94500  0.01824  0.01831 
  8.04500  0.02779  0.02787 
  8.14500  0.04122  0.04127 
  8.24500  0.05953  0.05950 
  8.34500  0.08366  0.08349 
  8.44500  0.11444  0.11411 
  8.54500  0.15245  0.15199 
  8.64500  0.19786  0.19740 
  8.74500  0.25042  0.25017 
  8.84500  0.30941  0.30964 
  8.94500  0.37366  0.37454 
  9.04500  0.44155  0.44322 
  9.14500  0.51440  0.51366 
  9.24500  0.58503  0.58366 
  9.34500  0.65170  0.65110 
  9.44500  0.71411  0.71407 
  9.54500  0.77072  0.77106 
  9.64500  0.82058  0.82105 
  9.74500  0.86313  0.86357 
  9.84500  0.89829  0.89857 
  9.94500  0.92642  0.92654 
 10.04500  0.94821  0.94818 
 10.14500  0.96450  0.96442 
 10.24500  0.97632  0.97624 
 10.34500  0.98460  0.98456 
 10.44500  0.99026  0.99025 
 10.54500  0.99400  0.99401 
 10.64500  0.99639  0.99643 
 10.74500  0.99790  0.99792 
 10.84500  0.99881  0.99883 
 10.94500  0.99935  0.99937 
 11.04500  0.99966  0.99967 
 11.14500  0.99983  0.99983 
 11.24500  0.99993  0.99990 
 11.34500  0.99997  0.99996 
 11.44500  0.99998  1.00000 
 11.54500  0.99998  1.00000 
 11.64500  0.99995  0.99993 
 11.74500  0.99990  0.99990 
 11.84500  0.99979  0.99977 
 11.94500  0.99958  0.99957 
 12.04500  0.99921  0.99922 
 12.14500  0.99856  0.99859 
 12.24500  0.99748  0.99752 
 12.34500  0.99573  0.99574 
 12.44500  0.99292  0.99294 
 12.54500  0.98862  0.98861 
 12.64500  0.98219  0.98214 
 12.74500  0.97282  0.97275 
 12.84500  0.95963  0.95958 
 12.94500  0.94162  0.94163 
 13.04500  0.91783  0.91800 
 13.14500  0.88742  0.88775 
 13.24500  0.84983  0.85028 
 13.34500  0.80481  0.80526 
 13.44500  0.75262  0.75287 
 13.54500  0.69394  0.69376 
 13.64500  0.62994  0.62912 
 13.74500  0.56223  0.56059 
 13.84500  0.48965  0.49019 
 13.94500  0.41870  0.42010 
 14.04500  0.35182  0.35247 
 14.14500  0.28918  0.28919 
 14.24500  0.23219  0.23187 
 14.34500  0.18196  0.18147 
 14.44500  0.13902  0.13856 
 14.54500  0.10343  0.10315 
 14.64500  0.07493  0.07481 
 14.74500  0.05284  0.05285 
 14.84500  0.03627  0.03635 
 14.94500  0.02423  0.02432 
 15.04500  0.01578  0.01581 
 15.14500  0.01000  0.01001 
 15.24500  0.00618  0.00617 
 15.34500  0.00371  0.00368 
 15.44500  0.00218  0.00213 
 15.54500  0.00124  0.00121 
 15.64500  0.00068  0.00067 
 15.74500  0.00037  0.00036 
 15.84500  0.00020  0.00021 
 15.94500  0.00013  0.00012 
 16.04500  0.00014  0.00014 
 16.14500  0.00022  0.00023 
 16.24500  0.00041  0.00040 
 16.34500  0.00076  0.00076 
 16.44500  0.00137  0.00133 
 16.54500  0.00240  0.00236 
 16.64500  0.00409  0.00405 
 16.74500  0.00678  0.00674 
 16.84500  0.01090  0.01092 
 16.94500  0.01713  0.01718 
 17.04500  0.02617  0.02624 
 17.14500  0.03897  0.03904 
 17.24500  0.05651  0.05650 
 17.34500  0.07973  0.07959 
 17.44500  0.10950  0.10916 
 17.54500  0.14644  0.14597 
 17.64500  0.19077  0.19030 
 17.74500  0.24231  0.24202 
 17.84500  0.30042  0.30057 
 17.94500  0.36402  0.36479 
 18.04500  0.43146  0.43301 
 18.14500  0.50352  0.50333 
 18.24500  0.57502  0.57352 
 18.34500  0.64220  0.64149 
 18.44500  0.70531  0.70521 
 18.54500  0.76285  0.76316 
 18.64500  0.81374  0.81419 
 18.74500  0.85738  0.85780 
 18.84500  0.89361  0.89392 
 18.94500  0.92273  0.92286 
 19.04500  0.94538  0.94537 
 19.14500  0.96242  0.96235 
 19.24500  0.97484  0.97474 
 19.34500  0.98358  0.98352 
 19.44500  0.98957  0.98954 
 19.54500  0.99354  0.99356 
 19.64500  0.99611  0.99615 
 19.74500  0.99774  0.99776 
 19.84500  0.99871  0.99872 
 19.94500  0.99930  0.99929 
 20.04500  0.99963  0.99962 
 20.14500  0.99983  0.99981 
 20.24500  0.99992  0.99990 
 20.34500  0.99997  0.99996 
 20.44500  0.99999  1.00000 
 20.54500  1.00000  1.00000 
 20.64500  1.00001  1.00000 
 20.74500  1.00003  1.00000 
 20.84500  1.00000  1.00000 
 20.94500  1.00000  1.00000 
 21.04500  0.99998  1.00000 
 21.14500  0.99996  0.99993 
 21.24500  0.99989  0.99988 
 21.34500  0.99977  0.99976 
 21.44500  0.99954  0.99954 
 21.54500  0.99913  0.99915 
 21.64500  0.99843  0.99844 
 21.74500  0.99728  0.99730 
 21.84500  0.99540  0.99541 
 21.94500  0.99242  0.99243 
 22.04500  0.98784  0.98780 
 22.14500  0.98104  0.98098 
 22.24500  0.97118  0.97110 
 22.34500  0.95736  0.95730 
 22.44500  0.93858  0.93861 
 22.54500  0.91388  0.91406 
 22.64500  0.88245  0.88282 
 22.74500  0.84379  0.84427 
 22.84500  0.79774  0.79819 
 22.94500  0.74456  0.74476 
 23.04500  0.68504  0.68475 
 23.14500  0.62040  0.61944 
 23.24500  0.55227  0.55053 
 23.34500  0.47896  0.48003 
 23.44500  0.40888  0.41017 
 23.54500  0.34251  0.34304 
 23.64500  0.28059  0.28056 
 23.74500  0.22452  0.22415 
 23.84500  0.17531  0.17486 
 23.94500  0.13344  0.13300 
 24.04500  0.09892  0.09864 
 24.14500  0.07139  0.07127 
 24.24500  0.05013  0.05016 
 24.34500  0.03428  0.03434 
 24.44500  0.02282  0.02290 
 24.54500  0.01479  0.01486 
 24.64500  0.00934  0.00935 
 24.74500  0.00575  0.00572 
 24.84500  0.00345  0.00342 
 24.94500  0.00201  0.00197 
 25.04500  0.00113  0.00110 
 25.14500  0.00061  0.00060 
 25.24500  0.00032  0.00032 
 25.34500  0.00015  0.00016 
 25.44500  0.00007  0.00010 
 25.54500  0.00004  0.00002 
 25.64500  0.00002  0.00000 
 25.74500 -0.00000  0.00000 
 25.84500 -0.00000  0.00000 
 25.94500  0.00000  0.00000 
 26.04500  0.00003  0.00000 
 26.14500  0.00006  0.00009 
 26.24500  0.00013  0.00013 
 26.34500  0.00026  0.00025 
 26.44500  0.00050  0.00049 
 26.54500  0.00094  0.00091 
 26.64500  0.00168  0.00165 
 26.74500  0.00290  0.00286 
 26.84500  0.00489  0.00486 
 26.94500  0.00801  0.00800 
 27.04500  0.01279  0.01281 
 27.14500  0.01990  0.01996 
 27.24500  0.03014  0.03023 
 27.34500  0.04447  0.04451 
 27.44500  0.06387  0.06381 
 27.54500  0.08929  0.08906 
 27.64500  0.12150  0.12109 
 27.74500  0.16097  0.16048 
 27.84500  0.20786  0.20743 
 27.94500  0.26178  0.26162 
 28.04500  0.32194  0.32227 
 28.14500  0.38704  0.38809 
 28.24500  0.45545  0.45729 
 28.34500  0.52932  0.52781 
 28.44500  0.59868  0.59747 
 28.54500  0.66464  0.66417 
 28.64500  0.72598  0.72603 
 28.74500  0.78131  0.78169 
 28.84500  0.82972  0.83020 
 28.94500  0.87077  0.87117 
 29.04500  0.90449  0.90472 
 29.14500  0.93129  0.93137 
 29.24500  0.95188  0.95186 
 29.34500  0.96721  0.96711 
 29.44500  0.97823  0.97816 
 29.54500  0.98592  0.98589 
 29.64500  0.99114  0.99113 
 29.74500  0.99457  0.99458 
 29.84500  0.99676  0.99680 
 29.94500  0.99812  0.99814 
 30.04500  0.99894  0.99896 
 30.14500  0.99944  0.99945 
 30.24500  0.99971  0.99971 
 30.34500  0.99986  0.99985 
 30.44500  0.99994  0.99990 
 30.54500  0.99998  0.99999 
 30.64500  1.00000  1.00000 
 30.74500  1.00001  1.00000 
 30.84500  1.00001  1.00000 
 30.94500  0.99998  1.00000 
 31.04500  0.99997  0.99996 
 31.14500  0.99991  0.99990 
 31.24500  0.99982  0.99980 
 31.34500  0.99962  0.99962 
 31.44500  0.99927  0.99929 
 31.54500  0.99868  0.99870 
 31.64500  0.99769  0.99770 
 31.74500  0.99605  0.99607 
 31.84500  0.99345  0.99346 
 31.94500  0.98941  0.98938 
 32.04500  0.98336  0.98330 
 32.14500  0.97450  0.97441 
 32.24500  0.96196  0.96188 
 32.34500  0.94476  0.94476 
 32.44500  0.92191  0.92205 
 32.54500  0.89257  0.89287 
 32.64500  0.85609  0.85654 
 32.74500  0.81224  0.81271 
 32.84500  0.76112  0.76141 
 32.94500  0.70338  0.70325 
 33.04500  0.64011  0.63936 
 33.14500  0.57283  0.57132 
 33.24500  0.50115  0.50108 
 33.34500  0.42928  0.43080 
 33.44500  0.36191  0.36266 
 33.54500  0.29849  0.29861 
 33.64500  0.24055  0.24027 
 33.74500  0.18924  0.18878 
 33.84500  0.14513  0.14468 
 33.94500  0.10846  0.10814 
 34.04500  0.07889  0.07875 
 34.14500  0.05586  0.05585 
 34.24500  0.03850  0.03855 
 34.34500  0.02583  0.02590 
 34.44500  0.01689  0.01694 
 34.54500  0.01075  0.01074 
 34.64500  0.00666  0.00665 
 34.74500  0.00403  0.00400 
 34.84500  0.00237  0.00232 
 34.94500  0.00135  0.00132 
 35.04500  0.00074  0.00072 
 35.14500  0.00039  0.00038 
 35.24500  0.00019  0.00021 
 35.34500  0.00010  0.00010 
 35.44500  0.00004  0.00005 
 35.54500  0.00003  0.00000 
 35.64500  0.00000  0.00000 
 35.74500 -0.00000  0.00000 
 35.84500  0.00000  0.00000 
 35.94500  0.00003  0.00000 
 36.04500  0.00004  0.00006 
 36.14500  0.00010  0.00010 
 36.24500  0.00021  0.00022 
 36.34500  0.00042  0.00040 
 36.44500  0.00078  0.00076 
 36.54500  0.00141  0.00139 
 36.64500  0.00247  0.00244 
 36.74500  0.00420  0.00415 
 36.84500  0.00693  0.00693 
 36.94500  0.01116  0.01116 
 37.04500  0.01750  0.01754 
 37.14500  0.02671  0.02678 
 37.24500  0.03972  0.03977 
 37.34500  0.05750  0.05748 
 37.44500  0.08103  0.08086 
 37.54500  0.11113  0.11081 
 37.64500  0.14842  0.14796 
 37.74500  0.19312  0.19266 
 37.84500  0.24500  0.24476 
 37.94500  0.30341  0.30360 
 38.04500  0.36721  0.36802 
 38.14500  0.43483  0.43643 
 38.24500  0.50715  0.50679 
 38.34500  0.57838  0.57694 
 38.44500  0.64540  0.64470 
 38.54500  0.70827  0.70820 
 38.64500  0.76551  0.76583 
 38.74500  0.81605  0.81651 
 38.84500  0.85931  0.85976 
 38.94500  0.89519  0.89549 
 39.04500  0.92399  0.92410 
 39.14500  0.94633  0.94634 
 39.24500  0.96313  0.96307 
 39.34500  0.97534  0.97525 
 39.44500  0.98392  0.98386 
 39.54500  0.98980  0.98978 
 39.64500  0.99371  0.99370 
 39.74500  0.99620  0.99625 
 39.84500  0.99779  0.99780 
 39.94500  0.99874  0.99876 
 40.04500  0.99931  0.99933 
 40.14500  0.99964  0.99964 
 40.24500  0.99983  0.99982 
 40.34500  0.99992  0.99990 
 40.44500  0.99997  0.99996 
 40.54500  0.99999  1.00000 
 40.64500  1.00001  1.00000 
 40.74500  1.00001  1.00000 
 40.84500  0.99999  1.00000 
 40.94500  0.99997  0.99998 
 41.04500  0.99994  0.99990 
 41.14500  0.99985  0.99984 
 41.24500  0.99969  0.99969 
 41.34500  0.99941  0.99941 
 41.44500  0.99890  0.99892 
 41.54500  0.99804  0.99804 
 41.64500  0.99663  0.99665 
 41.74500  0.99435  0.99437 
 41.84500  0.99080  0.99079 
 41.94500  0.98542  0.98537 
 42.04500  0.97748  0.97741 
 42.14500  0.96614  0.96606 
 42.24500  0.95043  0.95039 
 42.34500  0.92936  0.92945 
 42.44500  0.90203  0.90228 
 42.54500  0.86774  0.86815 
 42.64500  0.82609  0.82656 
 42.74500  0.77708  0.77745 
 42.84500  0.72123  0.72125 
 42.94500  0.65947  0.65893 
 43.04500  0.59321  0.59193 
 43.14500  0.52334  0.52212 
 43.24500  0.44986  0.45165 
 43.34500  0.38167  0.38263 
 43.44500  0.31688  0.31717 
 43.54500  0.25717  0.25699 
 43.64500  0.20380  0.20336 
 43.74500  0.15751  0.15703 
 43.84500  0.11862  0.11825 
 43.94500  0.08699  0.08678 
 44.04500  0.06210  0.06204 
 44.14500  0.04314  0.04320 
 44.24500  0.02918  0.02927 
 44.34500  0.01922  0.01926 
 44.44500  0.01233  0.01233 
 44.54500  0.00770  0.00768 
 44.64500  0.00470  0.00465 
 44.74500  0.00279  0.00274 
 44.84500  0.00159  0.00157 
 44.94500  0.00089  0.00087 
 45.04500  0.00047  0.00046 
 45.14500  0.00025  0.00025 
 45.24500  0.00012  0.00013 
 45.34500  0.00007  0.00010 
 45.44500  0.00005  0.00010 
 45.54500  0.00007  0.00010 
 45.64500  0.00013  0.00013 
 45.74500  0.00026  0.00025 
 45.84500  0.00048  0.00048 
 45.94500  0.00090  0.00087 
 46.04500  0.00162  0.00158 
 46.14500  0.00282  0.00277 
 46.24500  0.00473  0.00471 
 46.34500  0.00776  0.00777 
 46.44500  0.01241  0.01243 
 46.54500  0.01935  0.01942 
 46.64500  0.02936  0.02944 
 46.74500  0.04340  0.04344 
 46.84500  0.06245  0.06240 
 46.94500  0.08744  0.08724 
 47.04500  0.11918  0.11882 
 47.14500  0.15818  0.15772 
 47.24500  0.20458  0.20415 
 47.34500  0.25809  0.25789 
 47.44500  0.31787  0.31817 
 47.54500  0.38271  0.38368 
 47.64500  0.45096  0.45275 
 47.74500  0.52453  0.52323 
 47.84500  0.59429  0.59302 
 47.94500  0.66049  0.65996 
 48.04500  0.72216  0.72220 
 48.14500  0.77792  0.77829 
 48.24500  0.82680  0.82728 
 48.34500  0.86833  0.86874 
 48.44500  0.90252  0.90276 
 48.54500  0.92974  0.92983 
 48.64500  0.95071  0.95070 
 48.74500  0.96635  0.96626 
 48.84500  0.97763  0.97755 
 48.94500  0.98551  0.98547 
 49.04500  0.99086  0.99086 
 49.14500  0.99438  0.99441 
 49.24500  0.99665  0.99666 
 49.34500  0.99806  0.99808 
 49.44500  0.99890  0.99892 
 49.54500  0.99940  0.99941 
 49.64500  0.99969  0.99969 
 49.74500  0.99985  0.99983 
 49.84500  0.99992  0.99990 
 49.94500  0.99995  0.99990 
 50.04500  0.99993  0.99990 
 50.14500  0.99985  0.99984 
 50.24500  0.99970  0.99969 
 50.34500  0.99942  0.99943 
 50.44500  0.99893  0.99895 
 50.54500  0.99809  0.99813 
 50.64500  0.99670  0.99674 
 50.74500  0.99450  0.99451 
 50.84500  0.99104  0.99103 
 50.94500  0.98578  0.98575 
 51.04500  0.97801  0.97792 
 51.14500  0.96690  0.96681 
 51.24500  0.95146  0.95142 
 51.34500  0.93072  0.93079 
 51.44500  0.90376  0.90401 
 51.54500  0.86988  0.87029 
 51.64500  0.82865  0.82912 
 51.74500  0.78007  0.78043 
 51.84500  0.72458  0.72462 
 51.94500  0.66313  0.66261 
 52.04500  0.59706  0.59583 
 52.14500  0.52754  0.52613 
 52.24500  0.45381  0.45561 
 52.34500  0.38546  0.38647 
 52.44500  0.32044  0.32078 
 52.54500  0.26041  0.26026 
 52.64500  0.20664  0.20621 
 52.74500  0.15995  0.15947 
 52.84500  0.12064  0.12025 
 52.94500  0.08860  0.08838 
 53.04500  0.06335  0.06328 
 53.14500  0.04407  0.04410 
 53.24500  0.02985  0.02994 
 53.34500  0.01970  0.01976 
 53.44500  0.01266  0.01267 
 53.54500  0.00792  0.00791 
 53.64500  0.00482  0.00481 
 53.74500  0.00287  0.00283 
 53.84500  0.00165  0.00162 
 53.94500  0.00092  0.00091 
 54.04500  0.00050  0.00049 
 54.14500  0.00026  0.00025 
 54.24500  0.00013  0.00013 
 54.34500  0.00006  0.00009 
 54.44500  0.00003  0.00000 
 54.54500  0.00004  0.00000 
 54.64500  0.00003  0.00000 
 54.74500  0.00004  0.00005 
 54.84500  0.00009  0.00010 
 54.94500  0.00019  0.00020 
 55.04500  0.00040  0.00038 
 55.14500  0.00074  0.00071 
 55.24500  0.00135  0.00132 
 55.34500  0.00235  0.00232 
 55.44500  0.00401  0.00397 
 55.54500  0.00663  0.00662 
 55.64500  0.01071  0.01071 
 55.74500  0.01682  0.01687 
 55.84500  0.02574  0.02581 
 55.94500  0.03838  0.03845 
 56.04500  0.05569  0.05568 
 56.14500  0.07868  0.07852 
 56.24500  0.10817  0.10785 
 56.34500  0.14480  0.14433 
 56.44500  0.18883  0.18835 
 56.54500  0.24009  0.23981 
 56.64500  0.29796  0.29809 
 56.74500  0.36136  0.36208 
 56.84500  0.42868  0.43020 
 56.94500  0.50050  0.50047 
 57.04500  0.57224  0.57072 
 57.14500  0.63954  0.63880 
 57.24500  0.70286  0.70274 
 57.34500  0.76065  0.76094 
 57.44500  0.81182  0.81229 
 57.54500  0.85575  0.85619 
 57.64500  0.89229  0.89258 
 57.74500  0.92168  0.92181 
 57.84500  0.94458  0.94458 
 57.94500  0.96183  0.96176 
 58.04500  0.97440  0.97432 
 58.14500  0.98329  0.98323 
 58.24500  0.98938  0.98936 
 58.34500  0.99342  0.99343 
 58.44500  0.99603  0.99606 
 58.54500  0.99767  0.99769 
 58.64500  0.99868  0.99870 
 58.74500  0.99928  0.99929 
 58.84500  0.99961  0.99962 
 58.94500  0.99982  0.99980 
 59.04500  0.99991  0.99990 
 59.14500  0.99997  0.99996 
 59.24500  0.99999  1.00000 
 59.34500  1.00000  1.00000 
 59.44500  1.00001  1.00000 
 59.54500  1.00003  1.00000 
 59.64500  1.00000  1.00000 
 59.74500  1.00000  1.00000 
 59.84500  0.99998  1.00000 
 59.94500  0.99996  0.99993 
 60.04500  0.99990  0.99989 
 60.14500  0.99978  0.99976 
 60.24500  0.99956  0.99954 
 60.34500  0.99916  0.99916 
 60.44500  0.99848  0.99851 
 60.54500  0.99734  0.99737 
 60.64500  0.99549  0.99551 
 60.74500  0.99256  0.99257 
 60.84500  0.98808  0.98804 
 60.94500  0.98137  0.98131 
 61.04500  0.97166  0.97158 
 61.14500  0.95801  0.95795 
 61.24500  0.93945  0.93948 
 61.34500  0.91501  0.91519 
 61.44500  0.88387  0.88422 
 61.54500  0.84550  0.84596 
 61.64500  0.79975  0.80018 
 61.74500  0.74684  0.74705 
 61.84500  0.68755  0.68729 
 61.94500  0.62309  0.62217 
 62.04500  0.55507  0.55334 
 62.14500  0.48197  0.48289 
 62.24500  0.41164  0.41296 
 62.34500  0.34512  0.34569 
 62.44500  0.28298  0.28297 
 62.54500  0.22667  0.22632 
 62.64500  0.17717  0.17669 
 62.74500  0.13498  0.13457 
 62.84500  0.10017  0.09991 
 62.94500  0.07236  0.07226 
 63.04500  0.05090  0.05091 
 63.14500  0.03483  0.03489 
 63.24500  0.02322  0.02328 
 63.34500  0.01507  0.01510 
 63.44500  0.00954  0.00952 
 63.54500  0.00588  0.00583 
 63.64500  0.00352  0.00348 
 63.74500  0.00205  0.00201 
 63.84500  0.00115  0.00115 
 63.94500  0.00064  0.00063 
 64.04500  0.00033  0.00033 
 64.14500  0.00016  0.00017 
 64.24500  0.00008  0.00010 
 64.34500  0.00004  0.00002 
 64.44500  0.00002  0.00000 
 64.54500  0.00001  0.00000 
 64.64500 -0.00001  0.00000 
 64.74500 -0.00000  0.00000 
 64.84500 -0.00001  0.00000 
 64.94500  0.00001  0.00000 
 65.04500  0.00000  0.00000 
 65.14500  0.00000  0.00000 
 65.24500  0.00000  0.00000 
 65.34500  0.00000  0.00000 
 65.44500  0.00000  0.00000 
 65.54500  0.00000  0.00000 
 65.64500  0.00000  0.00000 
 65.74500  0.00000  0.00000 
 65.84500  0.00000  0.00000 
 65.94500  0.00000  0.00000 
 66.04500  0.00000  0.00000 
 66.14500  0.00000  0.00000 
 66.24500  0.00000  0.00000 
 66.34500  0.00000  0.00000 
 66.44500  0.00000  0.00000 
