  0.04500  0.64327  0.64342 
  0.14500  0.64324  0.64340 
  0.24500  0.64319  0.64336 
  0.34500  0.64311  0.64327 
  0.44500  0.64298  0.64315 
  0.54500  0.64284  0.64300 
  0.64500  0.64265  0.64283 
  0.74500  0.64245  0.64261 
  0.84500  0.64221  0.64238 
  0.94500  0.64195  0.64211 
  1.04500  0.64165  0.64181 
  1.14500  0.64133  0.64148 
  1.24500  0.64097  0.64114 
  1.34500  0.64059  0.64074 
  1.44500  0.64017  0.64033 
  1.54500  0.63974  0.63990 
  1.64500  0.63928  0.63944 
  1.74500  0.63879  0.63895 
  1.84500  0.63827  0.63842 
  1.94500  0.63772  0.63787 
  2.04500  0.63714  0.63730 
  2.14500  0.63655  0.63670 
  2.24500  0.63592  0.63608 
  2.34500  0.63528  0.63543 
  2.44500  0.63461  0.63476 
  2.54500  0.63392  0.63406 
  2.64500  0.63320  0.63335 
  2.74500  0.63246  0.63260 
  2.84500  0.63169  0.63184 
  2.94500  0.63092  0.63105 
  3.04500  0.63011  0.63024 
  3.14500  0.62928  0.62941 
  3.24500  0.62844  0.62858 
  3.34500  0.62757  0.62770 
  3.44500  0.62669  0.62682 
  3.54500  0.62578  0.62592 
  3.64500  0.62487  0.62499 
  3.74500  0.62393  0.62405 
  3.84500  0.62298  0.62311 
  3.94500  0.62200  0.62215 
  4.04500  0.62103  0.62115 
  4.14500  0.62004  0.62015 
  4.24500  0.61902  0.61915 
  4.34500  0.61799  0.61815 
  4.44500  0.61697  0.61705 
  4.54500  0.61590  0.61605 
  4.64500  0.61486  0.61496 
  4.74500  0.61379  0.61390 
  4.84500  0.61271  0.61283 
  4.94500  0.61162  0.61174 
  5.04500  0.61051  0.61064 
  5.14500  0.60942  0.60953 
  5.24500  0.60831  0.60842 
  5.34500  0.60719  0.60731 
  5.44500  0.60607  0.60619 
  5.54500  0.60495  0.60506 
  5.64500  0.60380  0.60392 
  5.74500  0.60267  0.60279 
  5.84500  0.60154  0.60166 
  5.94500  0.60040  0.60051 
  6.04500  0.59924  0.59938 
  6.14500  0.59810  0.59822 
  6.24500  0.59695  0.59709 
  6.34500  0.59582  0.59594 
  6.44500  0.59469  0.59480 
  6.54500  0.59355  0.59366 
  6.64500  0.59240  0.59251 
  6.74500  0.59126  0.59138 
  6.84500  0.59012  0.59024 
  6.94500  0.58899  0.58911 
  7.04500  0.58786  0.58799 
  7.14500  0.58673  0.58687 
  7.24500  0.58561  0.58574 
  7.34500  0.58450  0.58463 
  7.44500  0.58341  0.58353 
  7.54500  0.58230  0.58243 
  7.64500  0.58119  0.58134 
  7.74500  0.58012  0.58025 
  7.84500  0.57905  0.57917 
  7.94500  0.57797  0.57811 
  8.04500  0.57692  0.57705 
  8.14500  0.57585  0.57599 
  8.24500  0.57483  0.57495 
  8.34500  0.57378  0.57395 
  8.44500  0.57276  0.57288 
  8.54500  0.57174  0.57185 
  8.64500  0.57074  0.57085 
  8.74500  0.56975  0.56986 
  8.84500  0.56877  0.56895 
  8.94500  0.56782  0.56795 
  9.04500  0.56685  0.56698 
  9.14500  0.56590  0.56605 
  9.24500  0.56496  0.56512 
  9.34500  0.56405  0.56419 
  9.44500  0.56315  0.56329 
  9.54500  0.56225  0.56239 
  9.64500  0.56138  0.56151 
  9.74500  0.56050  0.56064 
  9.84500  0.55965  0.55979 
  9.94500  0.55881  0.55895 
 10.04500  0.55799  0.55811 
 10.14500  0.55716  0.55730 
 10.24500  0.55636  0.55650 
 10.34500  0.55557  0.55572 
 10.44500  0.55480  0.55494 
 10.54500  0.55404  0.55417 
 10.64500  0.55329  0.55343 
 10.74500  0.55256  0.55269 
 10.84500  0.55184  0.55198 
 10.94500  0.55113  0.55127 
 11.04500  0.55044  0.55057 
 11.14500  0.54977  0.54990 
 11.24500  0.54909  0.54923 
 11.34500  0.54845  0.54858 
 11.44500  0.54780  0.54794 
 11.54500  0.54718  0.54731 
 11.64500  0.54658  0.54670 
 11.74500  0.54598  0.54610 
 11.84500  0.54538  0.54552 
 11.94500  0.54482  0.54494 
 12.04500  0.54426  0.54437 
 12.14500  0.54371  0.54383 
 12.24500  0.54317  0.54330 
 12.34500  0.54265  0.54276 
 12.44500  0.54214  0.54225 
 12.54500  0.54164  0.54175 
 12.64500  0.54115  0.54126 
 12.74500  0.54068  0.54080 
 12.84500  0.54022  0.54032 
 12.94500  0.53976  0.53987 
 13.04500  0.53932  0.53943 
 13.14500  0.53888  0.53899 
 13.24500  0.53847  0.53858 
 13.34500  0.53806  0.53816 
 13.44500  0.53766  0.53776 
 13.54500  0.53727  0.53736 
 13.64500  0.53688  0.53699 
 13.74500  0.53652  0.53661 
 13.84500  0.53615  0.53625 
 13.94500  0.53580  0.53589 
 14.04500  0.53546  0.53555 
 14.14500  0.53512  0.53522 
 14.24500  0.53480  0.53488 
 14.34500  0.53447  0.53456 
 14.44500  0.53416  0.53425 
 14.54500  0.53386  0.53394 
 14.64500  0.53356  0.53364 
 14.74500  0.53327  0.53336 
 14.84500  0.53298  0.53307 
 14.94500  0.53271  0.53279 
 15.04500  0.53244  0.53251 
 15.14500  0.53217  0.53225 
 15.24500  0.53191  0.53200 
 15.34500  0.53166  0.53172 
 15.44500  0.53141  0.53148 
 15.54500  0.53117  0.53124 
 15.64500  0.53092  0.53100 
 15.74500  0.53068  0.53077 
 15.84500  0.53045  0.53053 
 15.94500  0.53023  0.53030 
 16.04500  0.53000  0.53008 
 16.14500  0.52979  0.52987 
 16.24500  0.52957  0.52965 
 16.34500  0.52935  0.52943 
 16.44500  0.52915  0.52922 
 16.54500  0.52895  0.52901 
 16.64500  0.52873  0.52881 
 16.74500  0.52853  0.52861 
 16.84500  0.52832  0.52841 
 16.94500  0.52814  0.52821 
 17.04500  0.52794  0.52801 
 17.14500  0.52774  0.52781 
 17.24500  0.52755  0.52763 
 17.34500  0.52736  0.52743 
 17.44500  0.52717  0.52724 
 17.54500  0.52696  0.52705 
 17.64500  0.52677  0.52685 
 17.74500  0.52659  0.52667 
 17.84500  0.52640  0.52647 
 17.94500  0.52620  0.52629 
 18.04500  0.52603  0.52610 
 18.14500  0.52582  0.52591 
 18.24500  0.52564  0.52572 
 18.34500  0.52545  0.52553 
 18.44500  0.52527  0.52535 
 18.54500  0.52508  0.52515 
 18.64500  0.52487  0.52496 
 18.74500  0.52469  0.52477 
 18.84500  0.52449  0.52457 
 18.94500  0.52430  0.52439 
 19.04500  0.52410  0.52419 
 19.14500  0.52391  0.52399 
 19.24500  0.52371  0.52379 
 19.34500  0.52352  0.52361 
 19.44500  0.52332  0.52341 
 19.54500  0.52311  0.52321 
 19.64500  0.52291  0.52301 
 19.74500  0.52271  0.52279 
 19.84500  0.52250  0.52259 
 19.94500  0.52230  0.52239 
 20.04500  0.52209  0.52219 
 20.14500  0.52187  0.52197 
 20.24500  0.52167  0.52177 
 20.34500  0.52145  0.52155 
 20.44500  0.52125  0.52134 
 20.54500  0.52104  0.52112 
 20.64500  0.52082  0.52091 
 20.74500  0.52060  0.52069 
 20.84500  0.52038  0.52048 
 20.94500  0.52017  0.52026 
 21.04500  0.51994  0.52003 
 21.14500  0.51973  0.51981 
 21.24500  0.51950  0.51959 
 21.34500  0.51927  0.51936 
 21.44500  0.51905  0.51913 
 21.54500  0.51882  0.51890 
 21.64500  0.51859  0.51868 
 21.74500  0.51836  0.51845 
 21.84500  0.51814  0.51822 
 21.94500  0.51790  0.51798 
 22.04500  0.51766  0.51775 
 22.14500  0.51743  0.51752 
 22.24500  0.51720  0.51728 
 22.34500  0.51696  0.51705 
 22.44500  0.51673  0.51681 
 22.54500  0.51649  0.51658 
 22.64500  0.51626  0.51634 
 22.74500  0.51602  0.51610 
 22.84500  0.51579  0.51587 
 22.94500  0.51556  0.51562 
 23.04500  0.51532  0.51540 
 23.14500  0.51508  0.51515 
 23.24500  0.51483  0.51492 
 23.34500  0.51461  0.51468 
 23.44500  0.51437  0.51444 
 23.54500  0.51414  0.51420 
 23.64500  0.51389  0.51398 
 23.74500  0.51366  0.51372 
 23.84500  0.51343  0.51350 
 23.94500  0.51320  0.51326 
 24.04500  0.51296  0.51302 
 24.14500  0.51273  0.51280 
 24.24500  0.51250  0.51256 
 24.34500  0.51227  0.51232 
 24.44500  0.51204  0.51210 
 24.54500  0.51181  0.51187 
 24.64500  0.51158  0.51164 
 24.74500  0.51136  0.51141 
 24.84500  0.51113  0.51119 
 24.94500  0.51091  0.51097 
 25.04500  0.51069  0.51074 
 25.14500  0.51047  0.51052 
 25.24500  0.51025  0.51030 
 25.34500  0.51004  0.51009 
 25.44500  0.50982  0.50987 
 25.54500  0.50961  0.50966 
 25.64500  0.50939  0.50944 
 25.74500  0.50919  0.50923 
 25.84500  0.50898  0.50903 
 25.94500  0.50877  0.50882 
 26.04500  0.50857  0.50861 
 26.14500  0.50837  0.50841 
 26.24500  0.50818  0.50821 
 26.34500  0.50798  0.50803 
 26.44500  0.50779  0.50783 
 26.54500  0.50760  0.50764 
 26.64500  0.50740  0.50745 
 26.74500  0.50722  0.50726 
 26.84500  0.50703  0.50707 
 26.94500  0.50685  0.50689 
 27.04500  0.50668  0.50672 
 27.14500  0.50650  0.50654 
 27.24500  0.50633  0.50636 
 27.34500  0.50616  0.50620 
 27.44500  0.50599  0.50604 
 27.54500  0.50581  0.50586 
 27.64500  0.50566  0.50570 
 27.74500  0.50549  0.50554 
 27.84500  0.50534  0.50538 
 27.94500  0.50518  0.50523 
 28.04500  0.50503  0.50507 
 28.14500  0.50489  0.50493 
 28.24500  0.50475  0.50477 
 28.34500  0.50460  0.50464 
 28.44500  0.50446  0.50449 
 28.54500  0.50432  0.50436 
 28.64500  0.50419  0.50423 
 28.74500  0.50406  0.50409 
 28.84500  0.50393  0.50396 
 28.94500  0.50380  0.50384 
 29.04500  0.50368  0.50372 
 29.14500  0.50356  0.50360 
 29.24500  0.50345  0.50348 
 29.34500  0.50333  0.50336 
 29.44500  0.50322  0.50325 
 29.54500  0.50311  0.50315 
 29.64500  0.50301  0.50304 
 29.74500  0.50291  0.50294 
 29.84500  0.50280  0.50284 
 29.94500  0.50271  0.50274 
 30.04500  0.50261  0.50264 
 30.14500  0.50252  0.50255 
 30.24500  0.50244  0.50247 
 30.34500  0.50234  0.50238 
 30.44500  0.50226  0.50230 
 30.54500  0.50219  0.50220 
 30.64500  0.50210  0.50213 
 30.74500  0.50203  0.50206 
 30.84500  0.50197  0.50200 
 30.94500  0.50189  0.50190 
 31.04500  0.50182  0.50185 
 31.14500  0.50176  0.50180 
 31.24500  0.50171  0.50171 
 31.34500  0.50165  0.50168 
 31.44500  0.50158  0.50160 
 31.54500  0.50155  0.50156 
 31.64500  0.50147  0.50150 
 31.74500  0.50145  0.50146 
 31.84500  0.50138  0.50140 
 31.94500  0.50135  0.50139 
 32.04500  0.50131  0.50130 
 32.14500  0.50126  0.50130 
 32.24500  0.50125  0.50125 
 32.34500  0.50119  0.50120 
 32.44500  0.50117  0.50120 
 32.54500  0.50116  0.50119 
 32.64500  0.50111  0.50110 
 32.74500  0.50111  0.50110 
 32.84500  0.50109  0.50110 
 32.94500  0.50105  0.50110 
 33.04500  0.50103  0.50109 
 33.14500  0.50103  0.50100 
 33.24500  0.50103  0.50100 
 33.34500  0.50105  0.50100 
 33.44500  0.50104  0.50100 
 33.54500  0.50101  0.50100 
 33.64500  0.50101  0.50100 
 33.74500  0.50102  0.50100 
 33.84500  0.50102  0.50100 
 33.94500  0.50103  0.50100 
 34.04500  0.50103  0.50100 
 34.14500  0.50104  0.50100 
 34.24500  0.50105  0.50103 
 34.34500  0.50108  0.50110 
 34.44500  0.50108  0.50110 
 34.54500  0.50108  0.50110 
 34.64500  0.50111  0.50110 
 34.74500  0.50116  0.50110 
 34.84500  0.50117  0.50119 
 34.94500  0.50121  0.50120 
 35.04500  0.50123  0.50120 
 35.14500  0.50126  0.50123 
 35.24500  0.50129  0.50130 
 35.34500  0.50132  0.50130 
 35.44500  0.50137  0.50133 
 35.54500  0.50141  0.50140 
 35.64500  0.50142  0.50140 
 35.74500  0.50147  0.50146 
 35.84500  0.50153  0.50150 
 35.94500  0.50155  0.50152 
 36.04500  0.50159  0.50160 
 36.14500  0.50166  0.50160 
 36.24500  0.50172  0.50170 
 36.34500  0.50175  0.50170 
 36.44500  0.50179  0.50179 
 36.54500  0.50185  0.50180 
 36.64500  0.50189  0.50189 
 36.74500  0.50193  0.50190 
 36.84500  0.50202  0.50200 
 36.94500  0.50206  0.50202 
 37.04500  0.50211  0.50210 
 37.14500  0.50217  0.50213 
 37.24500  0.50221  0.50220 
 37.34500  0.50230  0.50226 
 37.44500  0.50234  0.50230 
 37.54500  0.50239  0.50238 
 37.64500  0.50246  0.50241 
 37.74500  0.50250  0.50250 
 37.84500  0.50258  0.50254 
 37.94500  0.50264  0.50260 
 38.04500  0.50269  0.50266 
 38.14500  0.50276  0.50270 
 38.24500  0.50280  0.50279 
 38.34500  0.50287  0.50282 
 38.44500  0.50293  0.50290 
 38.54500  0.50297  0.50295 
 38.64500  0.50304  0.50300 
 38.74500  0.50311  0.50307 
 38.84500  0.50315  0.50310 
 38.94500  0.50322  0.50319 
 39.04500  0.50326  0.50320 
 39.14500  0.50331  0.50330 
 39.24500  0.50337  0.50331 
 39.34500  0.50342  0.50340 
 39.44500  0.50347  0.50342 
 39.54500  0.50353  0.50350 
 39.64500  0.50356  0.50351 
 39.74500  0.50361  0.50360 
 39.84500  0.50367  0.50360 
 39.94500  0.50371  0.50369 
 40.04500  0.50375  0.50370 
 40.14500  0.50378  0.50375 
 40.24500  0.50385  0.50380 
 40.34500  0.50388  0.50380 
 40.44500  0.50390  0.50389 
 40.54500  0.50394  0.50390 
 40.64500  0.50395  0.50390 
 40.74500  0.50402  0.50398 
 40.84500  0.50405  0.50400 
 40.94500  0.50406  0.50400 
 41.04500  0.50410  0.50400 
 41.14500  0.50410  0.50410 
 41.24500  0.50413  0.50410 
 41.34500  0.50414  0.50410 
 41.44500  0.50416  0.50410 
 41.54500  0.50416  0.50410 
 41.64500  0.50418  0.50410 
 41.74500  0.50420  0.50410 
 41.84500  0.50422  0.50419 
 41.94500  0.50422  0.50420 
 42.04500  0.50420  0.50420 
 42.14500  0.50420  0.50420 
 42.24500  0.50420  0.50419 
 42.34500  0.50421  0.50410 
 42.44500  0.50421  0.50410 
 42.54500  0.50421  0.50410 
 42.64500  0.50418  0.50410 
 42.74500  0.50416  0.50410 
 42.84500  0.50412  0.50410 
 42.94500  0.50412  0.50407 
 43.04500  0.50411  0.50400 
 43.14500  0.50405  0.50400 
 43.24500  0.50405  0.50400 
 43.34500  0.50402  0.50393 
 43.44500  0.50397  0.50390 
 43.54500  0.50393  0.50390 
 43.64500  0.50391  0.50381 
 43.74500  0.50385  0.50380 
 43.84500  0.50383  0.50374 
 43.94500  0.50376  0.50370 
 44.04500  0.50374  0.50365 
 44.14500  0.50366  0.50360 
 44.24500  0.50362  0.50354 
 44.34500  0.50356  0.50350 
 44.44500  0.50351  0.50341 
 44.54500  0.50344  0.50338 
 44.64500  0.50338  0.50330 
 44.74500  0.50331  0.50323 
 44.84500  0.50324  0.50318 
 44.94500  0.50318  0.50310 
 45.04500  0.50310  0.50302 
 45.14500  0.50302  0.50295 
 45.24500  0.50295  0.50288 
 45.34500  0.50287  0.50280 
 45.44500  0.50279  0.50270 
 45.54500  0.50271  0.50262 
 45.64500  0.50261  0.50254 
 45.74500  0.50253  0.50245 
 45.84500  0.50244  0.50236 
 45.94500  0.50234  0.50227 
 46.04500  0.50225  0.50218 
 46.14500  0.50215  0.50208 
 46.24500  0.50206  0.50198 
 46.34500  0.50196  0.50188 
 46.44500  0.50185  0.50178 
 46.54500  0.50175  0.50168 
 46.64500  0.50165  0.50157 
 46.74500  0.50154  0.50146 
 46.84500  0.50143  0.50135 
 46.94500  0.50132  0.50124 
 47.04500  0.50121  0.50113 
 47.14500  0.50109  0.50102 
 47.24500  0.50097  0.50089 
 47.34500  0.50085  0.50077 
 47.44500  0.50073  0.50066 
 47.54500  0.50061  0.50054 
 47.64500  0.50049  0.50042 
 47.74500  0.50035  0.50028 
 47.84500  0.50023  0.50015 
 47.94500  0.50010  0.50003 
 48.04500  0.49996  0.49989 
 48.14500  0.49984  0.49976 
 48.24500  0.49969  0.49963 
 48.34500  0.49955  0.49947 
 48.44500  0.49941  0.49934 
 48.54500  0.49926  0.49919 
 48.64500  0.49912  0.49905 
 48.74500  0.49898  0.49891 
 48.84500  0.49883  0.49876 
 48.94500  0.49867  0.49861 
 49.04500  0.49852  0.49845 
 49.14500  0.49836  0.49830 
 49.24500  0.49820  0.49814 
 49.34500  0.49804  0.49797 
 49.44500  0.49788  0.49782 
 49.54500  0.49771  0.49765 
 49.64500  0.49753  0.49746 
 49.74500  0.49737  0.49730 
 49.84500  0.49718  0.49712 
 49.94500  0.49702  0.49695 
 50.04500  0.49683  0.49676 
 50.14500  0.49665  0.49657 
 50.24500  0.49645  0.49639 
 50.34500  0.49626  0.49619 
 50.44500  0.49607  0.49599 
 50.54500  0.49586  0.49579 
 50.64500  0.49566  0.49559 
 50.74500  0.49544  0.49537 
 50.84500  0.49523  0.49517 
 50.94500  0.49502  0.49494 
 51.04500  0.49479  0.49472 
 51.14500  0.49456  0.49449 
 51.24500  0.49433  0.49426 
 51.34500  0.49410  0.49402 
 51.44500  0.49385  0.49378 
 51.54500  0.49360  0.49352 
 51.64500  0.49336  0.49328 
 51.74500  0.49309  0.49301 
 51.84500  0.49282  0.49275 
 51.94500  0.49256  0.49247 
 52.04500  0.49228  0.49220 
 52.14500  0.49199  0.49191 
 52.24500  0.49171  0.49161 
 52.34500  0.49141  0.49132 
 52.44500  0.49110  0.49101 
 52.54500  0.49079  0.49069 
 52.64500  0.49046  0.49038 
 52.74500  0.49013  0.49005 
 52.84500  0.48980  0.48972 
 52.94500  0.48946  0.48935 
 53.04500  0.48911  0.48901 
 53.14500  0.48875  0.48865 
 53.24500  0.48838  0.48827 
 53.34500  0.48799  0.48790 
 53.44500  0.48761  0.48750 
 53.54500  0.48721  0.48710 
 53.64500  0.48681  0.48670 
 53.74500  0.48639  0.48628 
 53.84500  0.48597  0.48585 
 53.94500  0.48552  0.48541 
 54.04500  0.48507  0.48497 
 54.14500  0.48462  0.48450 
 54.24500  0.48416  0.48404 
 54.34500  0.48369  0.48355 
 54.44500  0.48319  0.48305 
 54.54500  0.48268  0.48255 
 54.64500  0.48217  0.48205 
 54.74500  0.48164  0.48152 
 54.84500  0.48112  0.48098 
 54.94500  0.48056  0.48044 
 55.04500  0.48000  0.47987 
 55.14500  0.47944  0.47930 
 55.24500  0.47885  0.47871 
 55.34500  0.47824  0.47811 
 55.44500  0.47763  0.47751 
 55.54500  0.47702  0.47689 
 55.64500  0.47638  0.47625 
 55.74500  0.47574  0.47560 
 55.84500  0.47508  0.47493 
 55.94500  0.47440  0.47427 
 56.04500  0.47372  0.47358 
 56.14500  0.47302  0.47288 
 56.24500  0.47230  0.47216 
 56.34500  0.47158  0.47145 
 56.44500  0.47084  0.47070 
 56.54500  0.47009  0.46995 
 56.64500  0.46932  0.46918 
 56.74500  0.46855  0.46841 
 56.84500  0.46776  0.46762 
 56.94500  0.46695  0.46682 
 57.04500  0.46612  0.46600 
 57.14500  0.46530  0.46517 
 57.24500  0.46447  0.46432 
 57.34500  0.46361  0.46348 
 57.44500  0.46275  0.46261 
 57.54500  0.46186  0.46173 
 57.64500  0.46098  0.46084 
 57.74500  0.46007  0.45995 
 57.84500  0.45914  0.45904 
 57.94500  0.45822  0.45811 
 58.04500  0.45732  0.45715 
 58.14500  0.45634  0.45625 
 58.24500  0.45539  0.45525 
 58.34500  0.45444  0.45430 
 58.44500  0.45345  0.45335 
 58.54500  0.45246  0.45235 
 58.64500  0.45146  0.45135 
 58.74500  0.45045  0.45035 
 58.84500  0.44944  0.44935 
 58.94500  0.44841  0.44829 
 59.04500  0.44739  0.44725 
 59.14500  0.44635  0.44625 
 59.24500  0.44529  0.44516 
 59.34500  0.44425  0.44415 
 59.44500  0.44319  0.44305 
 59.54500  0.44212  0.44201 
 59.64500  0.44105  0.44095 
 59.74500  0.43997  0.43985 
 59.84500  0.43890  0.43878 
 59.94500  0.43781  0.43770 
 60.04500  0.43672  0.43662 
 60.14500  0.43564  0.43553 
 60.24500  0.43454  0.43444 
 60.34500  0.43346  0.43335 
 60.44500  0.43235  0.43225 
 60.54500  0.43127  0.43115 
 60.64500  0.43017  0.43006 
 60.74500  0.42907  0.42897 
 60.84500  0.42798  0.42788 
 60.94500  0.42689  0.42679 
 61.04500  0.42580  0.42570 
 61.14500  0.42471  0.42462 
 61.24500  0.42363  0.42355 
 61.34500  0.42257  0.42245 
 61.44500  0.42150  0.42139 
 61.54500  0.42044  0.42035 
 61.64500  0.41939  0.41925 
 61.74500  0.41833  0.41825 
 61.84500  0.41729  0.41715 
 61.94500  0.41626  0.41615 
 62.04500  0.41523  0.41515 
 62.14500  0.41422  0.41415 
 62.24500  0.41322  0.41315 
 62.34500  0.41222  0.41215 
 62.44500  0.41124  0.41115 
 62.54500  0.41028  0.41015 
 62.64500  0.40933  0.40923 
 62.74500  0.40839  0.40827 
 62.84500  0.40747  0.40735 
 62.94500  0.40656  0.40644 
 63.04500  0.40567  0.40555 
 63.14500  0.40480  0.40468 
 63.24500  0.40395  0.40381 
 63.34500  0.40309  0.40299 
 63.44500  0.40229  0.40216 
 63.54500  0.40148  0.40136 
 63.64500  0.40071  0.40057 
 63.74500  0.39994  0.39980 
 63.84500  0.39920  0.39906 
 63.94500  0.39849  0.39835 
 64.04500  0.39779  0.39765 
 64.14500  0.39712  0.39697 
 64.24500  0.39649  0.39633 
 64.34500  0.39584  0.39570 
 64.44500  0.39524  0.39509 
 64.54500  0.39467  0.39452 
 64.64500  0.39411  0.39396 
 64.74500  0.39358  0.39345 
 64.84500  0.39309  0.39295 
 64.94500  0.39262  0.39246 
 65.04500  0.39216  0.39202 
 65.14500  0.39175  0.39160 
 65.24500  0.39136  0.39120 
 65.34500  0.39100  0.39085 
 65.44500  0.39067  0.39050 
 65.54500  0.39034  0.39019 
 65.64500  0.39007  0.38991 
 65.74500  0.38983  0.38967 
 65.84500  0.38962  0.38945 
 65.94500  0.38942  0.38925 
 66.04500  0.38926  0.38909 
 66.14500  0.38912  0.38895 
 66.24500  0.38902  0.38885 
 66.34500  0.38897  0.38880 
 66.44500  0.38890  0.38870 
