  0.04500  0.66247  0.66250 
  0.14500  0.66239  0.66245 
  0.24500  0.66231  0.66235 
  0.34500  0.66215  0.66219 
  0.44500  0.66194  0.66199 
  0.54500  0.66169  0.66173 
  0.64500  0.66138  0.66142 
  0.74500  0.66102  0.66106 
  0.84500  0.66062  0.66067 
  0.94500  0.66016  0.66020 
  1.04500  0.65965  0.65970 
  1.14500  0.65909  0.65914 
  1.24500  0.65849  0.65854 
  1.34500  0.65785  0.65790 
  1.44500  0.65715  0.65719 
  1.54500  0.65640  0.65645 
  1.64500  0.65561  0.65566 
  1.74500  0.65480  0.65484 
  1.84500  0.65392  0.65397 
  1.94500  0.65302  0.65305 
  2.04500  0.65206  0.65213 
  2.14500  0.65107  0.65115 
  2.24500  0.65005  0.65009 
  2.34500  0.64898  0.64903 
  2.44500  0.64789  0.64793 
  2.54500  0.64676  0.64680 
  2.64500  0.64559  0.64563 
  2.74500  0.64441  0.64444 
  2.84500  0.64317  0.64322 
  2.94500  0.64192  0.64196 
  3.04500  0.64064  0.64069 
  3.14500  0.63934  0.63938 
  3.24500  0.63802  0.63807 
  3.34500  0.63667  0.63670 
  3.44500  0.63530  0.63534 
  3.54500  0.63391  0.63395 
  3.64500  0.63250  0.63254 
  3.74500  0.63108  0.63112 
  3.84500  0.62964  0.62968 
  3.94500  0.62820  0.62824 
  4.04500  0.62674  0.62677 
  4.14500  0.62527  0.62530 
  4.24500  0.62380  0.62383 
  4.34500  0.62231  0.62235 
  4.44500  0.62082  0.62085 
  4.54500  0.61933  0.61935 
  4.64500  0.61783  0.61785 
  4.74500  0.61633  0.61635 
  4.84500  0.61484  0.61485 
  4.94500  0.61334  0.61335 
  5.04500  0.61186  0.61186 
  5.14500  0.61036  0.61040 
  5.24500  0.60888  0.60890 
  5.34500  0.60740  0.60742 
  5.44500  0.60594  0.60595 
  5.54500  0.60447  0.60449 
  5.64500  0.60302  0.60304 
  5.74500  0.60159  0.60160 
  5.84500  0.60015  0.60017 
  5.94500  0.59874  0.59876 
  6.04500  0.59735  0.59735 
  6.14500  0.59596  0.59598 
  6.24500  0.59458  0.59460 
  6.34500  0.59322  0.59324 
  6.44500  0.59189  0.59190 
  6.54500  0.59058  0.59059 
  6.64500  0.58927  0.58928 
  6.74500  0.58798  0.58800 
  6.84500  0.58672  0.58673 
  6.94500  0.58548  0.58549 
  7.04500  0.58425  0.58426 
  7.14500  0.58304  0.58306 
  7.24500  0.58187  0.58189 
  7.34500  0.58070  0.58071 
  7.44500  0.57956  0.57958 
  7.54500  0.57845  0.57846 
  7.64500  0.57733  0.57736 
  7.74500  0.57627  0.57627 
  7.84500  0.57519  0.57525 
  7.94500  0.57417  0.57418 
  8.04500  0.57317  0.57315 
  8.14500  0.57217  0.57217 
  8.24500  0.57120  0.57125 
  8.34500  0.57024  0.57026 
  8.44500  0.56931  0.56935 
  8.54500  0.56840  0.56844 
  8.64500  0.56752  0.56756 
  8.74500  0.56665  0.56669 
  8.84500  0.56580  0.56584 
  8.94500  0.56498  0.56501 
  9.04500  0.56416  0.56420 
  9.14500  0.56337  0.56342 
  9.24500  0.56259  0.56265 
  9.34500  0.56184  0.56190 
  9.44500  0.56110  0.56115 
  9.54500  0.56038  0.56044 
  9.64500  0.55967  0.55972 
  9.74500  0.55898  0.55903 
  9.84500  0.55829  0.55837 
  9.94500  0.55764  0.55770 
 10.04500  0.55699  0.55705 
 10.14500  0.55636  0.55641 
 10.24500  0.55573  0.55579 
 10.34500  0.55512  0.55519 
 10.44500  0.55452  0.55459 
 10.54500  0.55392  0.55399 
 10.64500  0.55335  0.55342 
 10.74500  0.55278  0.55284 
 10.84500  0.55222  0.55228 
 10.94500  0.55166  0.55173 
 11.04500  0.55111  0.55118 
 11.14500  0.55057  0.55065 
 11.24500  0.55005  0.55011 
 11.34500  0.54952  0.54960 
 11.44500  0.54899  0.54905 
 11.54500  0.54847  0.54855 
 11.64500  0.54797  0.54805 
 11.74500  0.54746  0.54753 
 11.84500  0.54695  0.54700 
 11.94500  0.54645  0.54650 
 12.04500  0.54594  0.54600 
 12.14500  0.54545  0.54550 
 12.24500  0.54495  0.54500 
 12.34500  0.54445  0.54450 
 12.44500  0.54395  0.54400 
 12.54500  0.54346  0.54350 
 12.64500  0.54295  0.54300 
 12.74500  0.54245  0.54250 
 12.84500  0.54196  0.54200 
 12.94500  0.54146  0.54150 
 13.04500  0.54094  0.54100 
 13.14500  0.54045  0.54050 
 13.24500  0.53994  0.53998 
 13.34500  0.53943  0.53945 
 13.44500  0.53890  0.53895 
 13.54500  0.53839  0.53843 
 13.64500  0.53787  0.53790 
 13.74500  0.53735  0.53738 
 13.84500  0.53682  0.53685 
 13.94500  0.53629  0.53631 
 14.04500  0.53576  0.53577 
 14.14500  0.53521  0.53524 
 14.24500  0.53467  0.53469 
 14.34500  0.53412  0.53414 
 14.44500  0.53356  0.53358 
 14.54500  0.53302  0.53303 
 14.64500  0.53245  0.53246 
 14.74500  0.53189  0.53190 
 14.84500  0.53132  0.53133 
 14.94500  0.53075  0.53076 
 15.04500  0.53017  0.53017 
 15.14500  0.52959  0.52959 
 15.24500  0.52900  0.52901 
 15.34500  0.52842  0.52843 
 15.44500  0.52783  0.52783 
 15.54500  0.52723  0.52723 
 15.64500  0.52663  0.52663 
 15.74500  0.52603  0.52603 
 15.84500  0.52542  0.52543 
 15.94500  0.52482  0.52482 
 16.04500  0.52420  0.52421 
 16.14500  0.52359  0.52360 
 16.24500  0.52299  0.52299 
 16.34500  0.52237  0.52237 
 16.44500  0.52174  0.52175 
 16.54500  0.52112  0.52114 
 16.64500  0.52050  0.52051 
 16.74500  0.51988  0.51990 
 16.84500  0.51926  0.51928 
 16.94500  0.51864  0.51865 
 17.04500  0.51801  0.51804 
 17.14500  0.51739  0.51741 
 17.24500  0.51677  0.51679 
 17.34500  0.51615  0.51618 
 17.44500  0.51553  0.51556 
 17.54500  0.51491  0.51495 
 17.64500  0.51429  0.51433 
 17.74500  0.51367  0.51371 
 17.84500  0.51307  0.51311 
 17.94500  0.51246  0.51251 
 18.04500  0.51185  0.51191 
 18.14500  0.51124  0.51131 
 18.24500  0.51066  0.51071 
 18.34500  0.51005  0.51012 
 18.44500  0.50947  0.50953 
 18.54500  0.50889  0.50895 
 18.64500  0.50830  0.50837 
 18.74500  0.50773  0.50781 
 18.84500  0.50716  0.50724 
 18.94500  0.50662  0.50668 
 19.04500  0.50606  0.50614 
 19.14500  0.50551  0.50560 
 19.24500  0.50497  0.50505 
 19.34500  0.50444  0.50454 
 19.44500  0.50393  0.50400 
 19.54500  0.50342  0.50350 
 19.64500  0.50291  0.50300 
 19.74500  0.50243  0.50250 
 19.84500  0.50194  0.50203 
 19.94500  0.50146  0.50155 
 20.04500  0.50101  0.50110 
 20.14500  0.50056  0.50066 
 20.24500  0.50012  0.50021 
 20.34500  0.49970  0.49978 
 20.44500  0.49928  0.49938 
 20.54500  0.49889  0.49898 
 20.64500  0.49849  0.49859 
 20.74500  0.49813  0.49821 
 20.84500  0.49777  0.49785 
 20.94500  0.49742  0.49752 
 21.04500  0.49709  0.49718 
 21.14500  0.49678  0.49685 
 21.24500  0.49649  0.49656 
 21.34500  0.49619  0.49627 
 21.44500  0.49593  0.49600 
 21.54500  0.49567  0.49575 
 21.64500  0.49544  0.49550 
 21.74500  0.49522  0.49528 
 21.84500  0.49502  0.49507 
 21.94500  0.49483  0.49489 
 22.04500  0.49467  0.49472 
 22.14500  0.49453  0.49456 
 22.24500  0.49440  0.49444 
 22.34500  0.49428  0.49432 
 22.44500  0.49419  0.49421 
 22.54500  0.49410  0.49413 
 22.64500  0.49406  0.49410 
 22.74500  0.49403  0.49401 
 22.84500  0.49399  0.49400 
 22.94500  0.49400  0.49400 
 23.04500  0.49405  0.49400 
 23.14500  0.49405  0.49406 
 23.24500  0.49410  0.49410 
 23.34500  0.49418  0.49419 
 23.44500  0.49426  0.49427 
 23.54500  0.49440  0.49438 
 23.64500  0.49454  0.49452 
 23.74500  0.49467  0.49466 
 23.84500  0.49484  0.49484 
 23.94500  0.49504  0.49501 
 24.04500  0.49525  0.49522 
 24.14500  0.49549  0.49545 
 24.24500  0.49572  0.49570 
 24.34500  0.49599  0.49595 
 24.44500  0.49627  0.49623 
 24.54500  0.49657  0.49653 
 24.64500  0.49688  0.49685 
 24.74500  0.49723  0.49718 
 24.84500  0.49758  0.49753 
 24.94500  0.49793  0.49790 
 25.04500  0.49832  0.49828 
 25.14500  0.49872  0.49868 
 25.24500  0.49913  0.49909 
 25.34500  0.49957  0.49952 
 25.44500  0.50001  0.49997 
 25.54500  0.50047  0.50042 
 25.64500  0.50094  0.50090 
 25.74500  0.50143  0.50140 
 25.84500  0.50192  0.50190 
 25.94500  0.50243  0.50240 
 26.04500  0.50295  0.50291 
 26.14500  0.50348  0.50345 
 26.24500  0.50403  0.50399 
 26.34500  0.50458  0.50455 
 26.44500  0.50514  0.50512 
 26.54500  0.50571  0.50568 
 26.64500  0.50628  0.50627 
 26.74500  0.50688  0.50685 
 26.84500  0.50747  0.50745 
 26.94500  0.50807  0.50805 
 27.04500  0.50865  0.50866 
 27.14500  0.50926  0.50927 
 27.24500  0.50988  0.50989 
 27.34500  0.51051  0.51051 
 27.44500  0.51113  0.51114 
 27.54500  0.51174  0.51176 
 27.64500  0.51236  0.51239 
 27.74500  0.51299  0.51301 
 27.84500  0.51362  0.51364 
 27.94500  0.51424  0.51427 
 28.04500  0.51486  0.51490 
 28.14500  0.51549  0.51552 
 28.24500  0.51610  0.51614 
 28.34500  0.51672  0.51676 
 28.44500  0.51734  0.51738 
 28.54500  0.51795  0.51799 
 28.64500  0.51856  0.51859 
 28.74500  0.51915  0.51919 
 28.84500  0.51975  0.51979 
 28.94500  0.52034  0.52038 
 29.04500  0.52091  0.52097 
 29.14500  0.52148  0.52154 
 29.24500  0.52205  0.52211 
 29.34500  0.52260  0.52266 
 29.44500  0.52314  0.52322 
 29.54500  0.52369  0.52375 
 29.64500  0.52422  0.52429 
 29.74500  0.52474  0.52480 
 29.84500  0.52524  0.52530 
 29.94500  0.52573  0.52580 
 30.04500  0.52622  0.52630 
 30.14500  0.52670  0.52676 
 30.24500  0.52717  0.52722 
 30.34500  0.52761  0.52767 
 30.44500  0.52803  0.52811 
 30.54500  0.52847  0.52852 
 30.64500  0.52887  0.52894 
 30.74500  0.52928  0.52933 
 30.84500  0.52966  0.52971 
 30.94500  0.53003  0.53008 
 31.04500  0.53039  0.53042 
 31.14500  0.53072  0.53078 
 31.24500  0.53105  0.53108 
 31.34500  0.53137  0.53140 
 31.44500  0.53166  0.53170 
 31.54500  0.53194  0.53198 
 31.64500  0.53221  0.53224 
 31.74500  0.53247  0.53250 
 31.84500  0.53270  0.53272 
 31.94500  0.53293  0.53295 
 32.04500  0.53315  0.53315 
 32.14500  0.53334  0.53335 
 32.24500  0.53352  0.53352 
 32.34500  0.53368  0.53368 
 32.44500  0.53385  0.53384 
 32.54500  0.53398  0.53396 
 32.64500  0.53410  0.53408 
 32.74500  0.53421  0.53419 
 32.84500  0.53432  0.53429 
 32.94500  0.53438  0.53437 
 33.04500  0.53445  0.53441 
 33.14500  0.53449  0.53450 
 33.24500  0.53454  0.53450 
 33.34500  0.53456  0.53450 
 33.44500  0.53460  0.53457 
 33.54500  0.53459  0.53454 
 33.64500  0.53457  0.53450 
 33.74500  0.53454  0.53450 
 33.84500  0.53451  0.53450 
 33.94500  0.53447  0.53440 
 34.04500  0.53442  0.53436 
 34.14500  0.53434  0.53429 
 34.24500  0.53425  0.53420 
 34.34500  0.53416  0.53411 
 34.44500  0.53406  0.53399 
 34.54500  0.53393  0.53388 
 34.64500  0.53381  0.53376 
 34.74500  0.53368  0.53363 
 34.84500  0.53352  0.53347 
 34.94500  0.53336  0.53332 
 35.04500  0.53321  0.53315 
 35.14500  0.53302  0.53298 
 35.24500  0.53286  0.53280 
 35.34500  0.53266  0.53261 
 35.44500  0.53246  0.53241 
 35.54500  0.53225  0.53220 
 35.64500  0.53203  0.53199 
 35.74500  0.53181  0.53177 
 35.84500  0.53157  0.53153 
 35.94500  0.53134  0.53130 
 36.04500  0.53109  0.53105 
 36.14500  0.53085  0.53080 
 36.24500  0.53057  0.53055 
 36.34500  0.53032  0.53029 
 36.44500  0.53003  0.53001 
 36.54500  0.52976  0.52974 
 36.64500  0.52949  0.52947 
 36.74500  0.52920  0.52919 
 36.84500  0.52891  0.52890 
 36.94500  0.52861  0.52860 
 37.04500  0.52830  0.52830 
 37.14500  0.52800  0.52800 
 37.24500  0.52769  0.52770 
 37.34500  0.52738  0.52739 
 37.44500  0.52707  0.52708 
 37.54500  0.52675  0.52676 
 37.64500  0.52643  0.52645 
 37.74500  0.52611  0.52612 
 37.84500  0.52578  0.52582 
 37.94500  0.52546  0.52548 
 38.04500  0.52513  0.52515 
 38.14500  0.52481  0.52483 
 38.24500  0.52447  0.52452 
 38.34500  0.52415  0.52418 
 38.44500  0.52381  0.52385 
 38.54500  0.52348  0.52352 
 38.64500  0.52315  0.52318 
 38.74500  0.52281  0.52285 
 38.84500  0.52249  0.52253 
 38.94500  0.52216  0.52222 
 39.04500  0.52183  0.52188 
 39.14500  0.52151  0.52155 
 39.24500  0.52118  0.52123 
 39.34500  0.52086  0.52092 
 39.44500  0.52054  0.52058 
 39.54500  0.52023  0.52028 
 39.64500  0.51992  0.51996 
 39.74500  0.51961  0.51965 
 39.84500  0.51930  0.51935 
 39.94500  0.51900  0.51904 
 40.04500  0.51870  0.51874 
 40.14500  0.51841  0.51844 
 40.24500  0.51812  0.51816 
 40.34500  0.51784  0.51787 
 40.44500  0.51755  0.51759 
 40.54500  0.51728  0.51731 
 40.64500  0.51702  0.51704 
 40.74500  0.51675  0.51678 
 40.84500  0.51650  0.51652 
 40.94500  0.51625  0.51625 
 41.04500  0.51601  0.51602 
 41.14500  0.51576  0.51578 
 41.24500  0.51553  0.51554 
 41.34500  0.51531  0.51531 
 41.44500  0.51509  0.51509 
 41.54500  0.51489  0.51488 
 41.64500  0.51468  0.51467 
 41.74500  0.51448  0.51447 
 41.84500  0.51429  0.51427 
 41.94500  0.51411  0.51409 
 42.04500  0.51394  0.51392 
 42.14500  0.51378  0.51375 
 42.24500  0.51361  0.51358 
 42.34500  0.51346  0.51344 
 42.44500  0.51332  0.51327 
 42.54500  0.51318  0.51314 
 42.64500  0.51305  0.51302 
 42.74500  0.51292  0.51288 
 42.84500  0.51281  0.51276 
 42.94500  0.51271  0.51265 
 43.04500  0.51260  0.51255 
 43.14500  0.51251  0.51245 
 43.24500  0.51241  0.51236 
 43.34500  0.51234  0.51229 
 43.44500  0.51227  0.51220 
 43.54500  0.51218  0.51212 
 43.64500  0.51213  0.51207 
 43.74500  0.51206  0.51200 
 43.84500  0.51201  0.51195 
 43.94500  0.51196  0.51190 
 44.04500  0.51193  0.51186 
 44.14500  0.51188  0.51180 
 44.24500  0.51184  0.51180 
 44.34500  0.51181  0.51173 
 44.44500  0.51179  0.51170 
 44.54500  0.51176  0.51170 
 44.64500  0.51173  0.51170 
 44.74500  0.51170  0.51160 
 44.84500  0.51168  0.51160 
 44.94500  0.51167  0.51160 
 45.04500  0.51164  0.51160 
 45.14500  0.51162  0.51160 
 45.24500  0.51159  0.51150 
 45.34500  0.51158  0.51150 
 45.44500  0.51155  0.51150 
 45.54500  0.51153  0.51150 
 45.64500  0.51150  0.51144 
 45.74500  0.51147  0.51140 
 45.84500  0.51143  0.51140 
 45.94500  0.51139  0.51134 
 46.04500  0.51135  0.51130 
 46.14500  0.51130  0.51127 
 46.24500  0.51125  0.51120 
 46.34500  0.51118  0.51115 
 46.44500  0.51112  0.51110 
 46.54500  0.51104  0.51100 
 46.64500  0.51096  0.51093 
 46.74500  0.51086  0.51085 
 46.84500  0.51076  0.51075 
 46.94500  0.51066  0.51065 
 47.04500  0.51054  0.51054 
 47.14500  0.51042  0.51041 
 47.24500  0.51029  0.51027 
 47.34500  0.51013  0.51013 
 47.44500  0.50998  0.50996 
 47.54500  0.50980  0.50980 
 47.64500  0.50962  0.50962 
 47.74500  0.50943  0.50943 
 47.84500  0.50922  0.50921 
 47.94500  0.50899  0.50900 
 48.04500  0.50876  0.50875 
 48.14500  0.50851  0.50850 
 48.24500  0.50825  0.50825 
 48.34500  0.50798  0.50797 
 48.44500  0.50768  0.50768 
 48.54500  0.50737  0.50737 
 48.64500  0.50704  0.50705 
 48.74500  0.50671  0.50672 
 48.84500  0.50635  0.50635 
 48.94500  0.50598  0.50599 
 49.04500  0.50559  0.50560 
 49.14500  0.50519  0.50520 
 49.24500  0.50477  0.50478 
 49.34500  0.50434  0.50434 
 49.44500  0.50389  0.50389 
 49.54500  0.50342  0.50341 
 49.64500  0.50294  0.50295 
 49.74500  0.50244  0.50245 
 49.84500  0.50192  0.50190 
 49.94500  0.50138  0.50138 
 50.04500  0.50084  0.50083 
 50.14500  0.50027  0.50026 
 50.24500  0.49968  0.49967 
 50.34500  0.49908  0.49907 
 50.44500  0.49846  0.49845 
 50.54500  0.49784  0.49781 
 50.64500  0.49718  0.49717 
 50.74500  0.49652  0.49650 
 50.84500  0.49583  0.49580 
 50.94500  0.49514  0.49511 
 51.04500  0.49442  0.49439 
 51.14500  0.49369  0.49365 
 51.24500  0.49295  0.49290 
 51.34500  0.49218  0.49214 
 51.44500  0.49140  0.49136 
 51.54500  0.49060  0.49056 
 51.64500  0.48979  0.48975 
 51.74500  0.48897  0.48891 
 51.84500  0.48813  0.48809 
 51.94500  0.48727  0.48722 
 52.04500  0.48640  0.48635 
 52.14500  0.48552  0.48546 
 52.24500  0.48462  0.48455 
 52.34500  0.48370  0.48365 
 52.44500  0.48277  0.48271 
 52.54500  0.48184  0.48175 
 52.64500  0.48086  0.48080 
 52.74500  0.47986  0.47985 
 52.84500  0.47887  0.47885 
 52.94500  0.47787  0.47785 
 53.04500  0.47688  0.47681 
 53.14500  0.47583  0.47575 
 53.24500  0.47479  0.47473 
 53.34500  0.47371  0.47365 
 53.44500  0.47263  0.47257 
 53.54500  0.47154  0.47148 
 53.64500  0.47043  0.47037 
 53.74500  0.46929  0.46923 
 53.84500  0.46817  0.46810 
 53.94500  0.46701  0.46695 
 54.04500  0.46583  0.46578 
 54.14500  0.46465  0.46459 
 54.24500  0.46346  0.46338 
 54.34500  0.46222  0.46217 
 54.44500  0.46099  0.46094 
 54.54500  0.45974  0.45969 
 54.64500  0.45848  0.45842 
 54.74500  0.45720  0.45714 
 54.84500  0.45589  0.45584 
 54.94500  0.45458  0.45453 
 55.04500  0.45324  0.45320 
 55.14500  0.45189  0.45185 
 55.24500  0.45052  0.45049 
 55.34500  0.44914  0.44909 
 55.44500  0.44775  0.44769 
 55.54500  0.44632  0.44627 
 55.64500  0.44488  0.44484 
 55.74500  0.44342  0.44339 
 55.84500  0.44194  0.44190 
 55.94500  0.44045  0.44040 
 56.04500  0.43895  0.43890 
 56.14500  0.43741  0.43739 
 56.24500  0.43585  0.43583 
 56.34500  0.43429  0.43427 
 56.44500  0.43271  0.43268 
 56.54500  0.43110  0.43108 
 56.64500  0.42946  0.42945 
 56.74500  0.42784  0.42782 
 56.84500  0.42617  0.42615 
 56.94500  0.42449  0.42447 
 57.04500  0.42279  0.42277 
 57.14500  0.42107  0.42105 
 57.24500  0.41933  0.41932 
 57.34500  0.41758  0.41757 
 57.44500  0.41580  0.41579 
 57.54500  0.41401  0.41399 
 57.64500  0.41220  0.41219 
 57.74500  0.41038  0.41036 
 57.84500  0.40853  0.40852 
 57.94500  0.40667  0.40665 
 58.04500  0.40480  0.40477 
 58.14500  0.40290  0.40288 
 58.24500  0.40100  0.40098 
 58.34500  0.39908  0.39905 
 58.44500  0.39713  0.39710 
 58.54500  0.39518  0.39518 
 58.64500  0.39321  0.39320 
 58.74500  0.39124  0.39120 
 58.84500  0.38925  0.38920 
 58.94500  0.38724  0.38720 
 59.04500  0.38524  0.38520 
 59.14500  0.38322  0.38320 
 59.24500  0.38119  0.38120 
 59.34500  0.37916  0.37913 
 59.44500  0.37714  0.37710 
 59.54500  0.37508  0.37507 
 59.64500  0.37303  0.37300 
 59.74500  0.37098  0.37096 
 59.84500  0.36893  0.36890 
 59.94500  0.36688  0.36684 
 60.04500  0.36481  0.36480 
 60.14500  0.36277  0.36272 
 60.24500  0.36072  0.36070 
 60.34500  0.35868  0.35863 
 60.44500  0.35664  0.35660 
 60.54500  0.35460  0.35460 
 60.64500  0.35258  0.35253 
 60.74500  0.35056  0.35050 
 60.84500  0.34856  0.34850 
 60.94500  0.34658  0.34651 
 61.04500  0.34460  0.34460 
 61.14500  0.34264  0.34260 
 61.24500  0.34071  0.34068 
 61.34500  0.33878  0.33875 
 61.44500  0.33689  0.33685 
 61.54500  0.33501  0.33496 
 61.64500  0.33314  0.33312 
 61.74500  0.33132  0.33128 
 61.84500  0.32952  0.32949 
 61.94500  0.32775  0.32770 
 62.04500  0.32600  0.32597 
 62.14500  0.32429  0.32425 
 62.24500  0.32262  0.32258 
 62.34500  0.32096  0.32094 
 62.44500  0.31935  0.31932 
 62.54500  0.31779  0.31776 
 62.64500  0.31626  0.31622 
 62.74500  0.31477  0.31475 
 62.84500  0.31332  0.31329 
 62.94500  0.31191  0.31189 
 63.04500  0.31056  0.31053 
 63.14500  0.30924  0.30922 
 63.24500  0.30798  0.30795 
 63.34500  0.30677  0.30674 
 63.44500  0.30559  0.30558 
 63.54500  0.30448  0.30446 
 63.64500  0.30341  0.30339 
 63.74500  0.30241  0.30236 
 63.84500  0.30145  0.30145 
 63.94500  0.30054  0.30054 
 64.04500  0.29971  0.29970 
 64.14500  0.29893  0.29892 
 64.24500  0.29820  0.29819 
 64.34500  0.29754  0.29752 
 64.44500  0.29692  0.29692 
 64.54500  0.29637  0.29635 
 64.64500  0.29589  0.29588 
 64.74500  0.29546  0.29546 
 64.84500  0.29510  0.29508 
 64.94500  0.29480  0.29480 
 65.04500  0.29455  0.29456 
 65.14500  0.29439  0.29437 
 65.24500  0.29426  0.29427 
