  0.04500  0.64512  0.64530 
  0.14500  0.64508  0.64523 
  0.24500  0.64503  0.64518 
  0.34500  0.64493  0.64508 
  0.44500  0.64480  0.64495 
  0.54500  0.64465  0.64479 
  0.64500  0.64446  0.64461 
  0.74500  0.64422  0.64438 
  0.84500  0.64397  0.64412 
  0.94500  0.64369  0.64384 
  1.04500  0.64336  0.64352 
  1.14500  0.64301  0.64317 
  1.24500  0.64264  0.64280 
  1.34500  0.64224  0.64239 
  1.44500  0.64180  0.64195 
  1.54500  0.64131  0.64150 
  1.64500  0.64082  0.64100 
  1.74500  0.64031  0.64046 
  1.84500  0.63975  0.63992 
  1.94500  0.63917  0.63933 
  2.04500  0.63856  0.63873 
  2.14500  0.63793  0.63810 
  2.24500  0.63728  0.63743 
  2.34500  0.63659  0.63676 
  2.44500  0.63588  0.63605 
  2.54500  0.63515  0.63533 
  2.64500  0.63439  0.63457 
  2.74500  0.63362  0.63379 
  2.84500  0.63282  0.63300 
  2.94500  0.63200  0.63219 
  3.04500  0.63116  0.63134 
  3.14500  0.63030  0.63049 
  3.24500  0.62941  0.62960 
  3.34500  0.62852  0.62871 
  3.44500  0.62760  0.62779 
  3.54500  0.62668  0.62685 
  3.64500  0.62572  0.62594 
  3.74500  0.62476  0.62495 
  3.84500  0.62378  0.62395 
  3.94500  0.62279  0.62295 
  4.04500  0.62179  0.62195 
  4.14500  0.62077  0.62095 
  4.24500  0.61976  0.61995 
  4.34500  0.61871  0.61893 
  4.44500  0.61767  0.61785 
  4.54500  0.61660  0.61682 
  4.64500  0.61554  0.61575 
  4.74500  0.61447  0.61467 
  4.84500  0.61340  0.61360 
  4.94500  0.61230  0.61252 
  5.04500  0.61123  0.61143 
  5.14500  0.61012  0.61034 
  5.24500  0.60903  0.60924 
  5.34500  0.60792  0.60814 
  5.44500  0.60684  0.60704 
  5.54500  0.60572  0.60593 
  5.64500  0.60461  0.60483 
  5.74500  0.60352  0.60372 
  5.84500  0.60240  0.60261 
  5.94500  0.60128  0.60151 
  6.04500  0.60020  0.60041 
  6.14500  0.59910  0.59930 
  6.24500  0.59799  0.59820 
  6.34500  0.59688  0.59711 
  6.44500  0.59580  0.59601 
  6.54500  0.59472  0.59493 
  6.64500  0.59363  0.59385 
  6.74500  0.59253  0.59275 
  6.84500  0.59147  0.59168 
  6.94500  0.59042  0.59063 
  7.04500  0.58934  0.58955 
  7.14500  0.58827  0.58850 
  7.24500  0.58724  0.58745 
  7.34500  0.58620  0.58642 
  7.44500  0.58515  0.58535 
  7.54500  0.58415  0.58435 
  7.64500  0.58310  0.58335 
  7.74500  0.58212  0.58235 
  7.84500  0.58110  0.58135 
  7.94500  0.58012  0.58035 
  8.04500  0.57915  0.57935 
  8.14500  0.57816  0.57835 
  8.24500  0.57720  0.57742 
  8.34500  0.57624  0.57645 
  8.44500  0.57530  0.57551 
  8.54500  0.57437  0.57456 
  8.64500  0.57344  0.57365 
  8.74500  0.57253  0.57274 
  8.84500  0.57162  0.57183 
  8.94500  0.57073  0.57093 
  9.04500  0.56984  0.57004 
  9.14500  0.56897  0.56918 
  9.24500  0.56810  0.56830 
  9.34500  0.56725  0.56744 
  9.44500  0.56641  0.56660 
  9.54500  0.56557  0.56577 
  9.64500  0.56474  0.56493 
  9.74500  0.56393  0.56412 
  9.84500  0.56312  0.56330 
  9.94500  0.56232  0.56252 
 10.04500  0.56154  0.56172 
 10.14500  0.56077  0.56094 
 10.24500  0.55999  0.56017 
 10.34500  0.55923  0.55940 
 10.44500  0.55848  0.55865 
 10.54500  0.55773  0.55790 
 10.64500  0.55700  0.55717 
 10.74500  0.55627  0.55644 
 10.84500  0.55555  0.55572 
 10.94500  0.55484  0.55501 
 11.04500  0.55413  0.55429 
 11.14500  0.55343  0.55360 
 11.24500  0.55275  0.55290 
 11.34500  0.55206  0.55221 
 11.44500  0.55138  0.55153 
 11.54500  0.55072  0.55087 
 11.64500  0.55005  0.55020 
 11.74500  0.54940  0.54953 
 11.84500  0.54874  0.54887 
 11.94500  0.54810  0.54823 
 12.04500  0.54745  0.54758 
 12.14500  0.54681  0.54694 
 12.24500  0.54619  0.54630 
 12.34500  0.54557  0.54568 
 12.44500  0.54494  0.54505 
 12.54500  0.54432  0.54442 
 12.64500  0.54370  0.54381 
 12.74500  0.54309  0.54319 
 12.84500  0.54249  0.54259 
 12.94500  0.54188  0.54197 
 13.04500  0.54128  0.54137 
 13.14500  0.54069  0.54077 
 13.24500  0.54009  0.54017 
 13.34500  0.53950  0.53957 
 13.44500  0.53890  0.53898 
 13.54500  0.53832  0.53839 
 13.64500  0.53774  0.53780 
 13.74500  0.53715  0.53722 
 13.84500  0.53657  0.53663 
 13.94500  0.53599  0.53605 
 14.04500  0.53541  0.53547 
 14.14500  0.53484  0.53488 
 14.24500  0.53426  0.53432 
 14.34500  0.53369  0.53374 
 14.44500  0.53312  0.53316 
 14.54500  0.53256  0.53258 
 14.64500  0.53198  0.53202 
 14.74500  0.53141  0.53146 
 14.84500  0.53085  0.53088 
 14.94500  0.53029  0.53032 
 15.04500  0.52972  0.52976 
 15.14500  0.52915  0.52918 
 15.24500  0.52860  0.52863 
 15.34500  0.52804  0.52807 
 15.44500  0.52748  0.52751 
 15.54500  0.52692  0.52695 
 15.64500  0.52637  0.52639 
 15.74500  0.52582  0.52584 
 15.84500  0.52525  0.52528 
 15.94500  0.52471  0.52474 
 16.04500  0.52415  0.52418 
 16.14500  0.52360  0.52364 
 16.24500  0.52306  0.52309 
 16.34500  0.52252  0.52255 
 16.44500  0.52197  0.52201 
 16.54500  0.52143  0.52147 
 16.64500  0.52089  0.52094 
 16.74500  0.52037  0.52040 
 16.84500  0.51982  0.51986 
 16.94500  0.51931  0.51935 
 17.04500  0.51877  0.51881 
 17.14500  0.51824  0.51830 
 17.24500  0.51773  0.51778 
 17.34500  0.51721  0.51725 
 17.44500  0.51670  0.51675 
 17.54500  0.51618  0.51625 
 17.64500  0.51568  0.51575 
 17.74500  0.51518  0.51525 
 17.84500  0.51468  0.51475 
 17.94500  0.51419  0.51425 
 18.04500  0.51370  0.51379 
 18.14500  0.51322  0.51330 
 18.24500  0.51275  0.51283 
 18.34500  0.51228  0.51236 
 18.44500  0.51182  0.51190 
 18.54500  0.51136  0.51145 
 18.64500  0.51089  0.51100 
 18.74500  0.51045  0.51056 
 18.84500  0.51001  0.51012 
 18.94500  0.50959  0.50969 
 19.04500  0.50916  0.50927 
 19.14500  0.50874  0.50886 
 19.24500  0.50834  0.50844 
 19.34500  0.50794  0.50805 
 19.44500  0.50755  0.50766 
 19.54500  0.50716  0.50727 
 19.64500  0.50679  0.50691 
 19.74500  0.50642  0.50655 
 19.84500  0.50607  0.50618 
 19.94500  0.50571  0.50585 
 20.04500  0.50538  0.50552 
 20.14500  0.50505  0.50518 
 20.24500  0.50474  0.50485 
 20.34500  0.50443  0.50455 
 20.44500  0.50412  0.50426 
 20.54500  0.50385  0.50397 
 20.64500  0.50357  0.50370 
 20.74500  0.50330  0.50342 
 20.84500  0.50305  0.50318 
 20.94500  0.50282  0.50292 
 21.04500  0.50258  0.50270 
 21.14500  0.50236  0.50248 
 21.24500  0.50216  0.50227 
 21.34500  0.50196  0.50207 
 21.44500  0.50177  0.50189 
 21.54500  0.50160  0.50172 
 21.64500  0.50145  0.50156 
 21.74500  0.50130  0.50141 
 21.84500  0.50117  0.50127 
 21.94500  0.50105  0.50115 
 22.04500  0.50094  0.50104 
 22.14500  0.50085  0.50094 
 22.24500  0.50077  0.50086 
 22.34500  0.50069  0.50080 
 22.44500  0.50065  0.50071 
 22.54500  0.50058  0.50070 
 22.64500  0.50058  0.50064 
 22.74500  0.50057  0.50060 
 22.84500  0.50055  0.50060 
 22.94500  0.50058  0.50060 
 23.04500  0.50061  0.50062 
 23.14500  0.50063  0.50070 
 23.24500  0.50066  0.50070 
 23.34500  0.50072  0.50079 
 23.44500  0.50078  0.50084 
 23.54500  0.50089  0.50092 
 23.64500  0.50097  0.50102 
 23.74500  0.50107  0.50113 
 23.84500  0.50119  0.50125 
 23.94500  0.50134  0.50137 
 24.04500  0.50149  0.50153 
 24.14500  0.50165  0.50168 
 24.24500  0.50181  0.50185 
 24.34500  0.50200  0.50203 
 24.44500  0.50218  0.50222 
 24.54500  0.50239  0.50242 
 24.64500  0.50261  0.50263 
 24.74500  0.50284  0.50286 
 24.84500  0.50309  0.50310 
 24.94500  0.50332  0.50335 
 25.04500  0.50358  0.50360 
 25.14500  0.50385  0.50387 
 25.24500  0.50412  0.50414 
 25.34500  0.50441  0.50443 
 25.44500  0.50470  0.50472 
 25.54500  0.50501  0.50502 
 25.64500  0.50533  0.50534 
 25.74500  0.50565  0.50565 
 25.84500  0.50598  0.50598 
 25.94500  0.50631  0.50632 
 26.04500  0.50665  0.50667 
 26.14500  0.50701  0.50702 
 26.24500  0.50737  0.50738 
 26.34500  0.50773  0.50775 
 26.44500  0.50811  0.50811 
 26.54500  0.50848  0.50850 
 26.64500  0.50886  0.50888 
 26.74500  0.50925  0.50926 
 26.84500  0.50965  0.50966 
 26.94500  0.51004  0.51006 
 27.04500  0.51043  0.51046 
 27.14500  0.51084  0.51086 
 27.24500  0.51124  0.51128 
 27.34500  0.51167  0.51168 
 27.44500  0.51207  0.51210 
 27.54500  0.51249  0.51252 
 27.64500  0.51291  0.51293 
 27.74500  0.51332  0.51335 
 27.84500  0.51374  0.51378 
 27.94500  0.51416  0.51419 
 28.04500  0.51458  0.51462 
 28.14500  0.51501  0.51503 
 28.24500  0.51542  0.51546 
 28.34500  0.51585  0.51588 
 28.44500  0.51626  0.51630 
 28.54500  0.51668  0.51672 
 28.64500  0.51710  0.51713 
 28.74500  0.51752  0.51755 
 28.84500  0.51794  0.51796 
 28.94500  0.51834  0.51838 
 29.04500  0.51874  0.51878 
 29.14500  0.51915  0.51918 
 29.24500  0.51955  0.51958 
 29.34500  0.51994  0.51998 
 29.44500  0.52032  0.52036 
 29.54500  0.52072  0.52075 
 29.64500  0.52109  0.52114 
 29.74500  0.52147  0.52151 
 29.84500  0.52184  0.52187 
 29.94500  0.52220  0.52225 
 30.04500  0.52256  0.52260 
 30.14500  0.52291  0.52295 
 30.24500  0.52327  0.52328 
 30.34500  0.52360  0.52365 
 30.44500  0.52394  0.52396 
 30.54500  0.52426  0.52428 
 30.64500  0.52457  0.52461 
 30.74500  0.52489  0.52492 
 30.84500  0.52520  0.52521 
 30.94500  0.52549  0.52551 
 31.04500  0.52578  0.52580 
 31.14500  0.52606  0.52607 
 31.24500  0.52632  0.52633 
 31.34500  0.52659  0.52660 
 31.44500  0.52684  0.52685 
 31.54500  0.52708  0.52709 
 31.64500  0.52731  0.52732 
 31.74500  0.52754  0.52754 
 31.84500  0.52776  0.52775 
 31.94500  0.52796  0.52795 
 32.04500  0.52817  0.52815 
 32.14500  0.52835  0.52834 
 32.24500  0.52853  0.52852 
 32.34500  0.52870  0.52868 
 32.44500  0.52886  0.52884 
 32.54500  0.52901  0.52897 
 32.64500  0.52915  0.52913 
 32.74500  0.52927  0.52925 
 32.84500  0.52940  0.52936 
 32.94500  0.52951  0.52947 
 33.04500  0.52960  0.52957 
 33.14500  0.52969  0.52966 
 33.24500  0.52978  0.52974 
 33.34500  0.52985  0.52980 
 33.44500  0.52992  0.52989 
 33.54500  0.52997  0.52990 
 33.64500  0.53000  0.52998 
 33.74500  0.53005  0.53000 
 33.84500  0.53005  0.53000 
 33.94500  0.53009  0.53000 
 34.04500  0.53009  0.53000 
 34.14500  0.53010  0.53000 
 34.24500  0.53007  0.53000 
 34.34500  0.53004  0.53000 
 34.44500  0.53002  0.53000 
 34.54500  0.52999  0.52990 
 34.64500  0.52995  0.52990 
 34.74500  0.52990  0.52981 
 34.84500  0.52981  0.52977 
 34.94500  0.52975  0.52970 
 35.04500  0.52968  0.52961 
 35.14500  0.52958  0.52953 
 35.24500  0.52950  0.52943 
 35.34500  0.52939  0.52933 
 35.44500  0.52928  0.52923 
 35.54500  0.52917  0.52912 
 35.64500  0.52904  0.52898 
 35.74500  0.52890  0.52886 
 35.84500  0.52878  0.52873 
 35.94500  0.52862  0.52857 
 36.04500  0.52849  0.52844 
 36.14500  0.52834  0.52828 
 36.24500  0.52817  0.52814 
 36.34500  0.52801  0.52796 
 36.44500  0.52783  0.52780 
 36.54500  0.52766  0.52762 
 36.64500  0.52748  0.52745 
 36.74500  0.52729  0.52726 
 36.84500  0.52711  0.52707 
 36.94500  0.52691  0.52688 
 37.04500  0.52671  0.52669 
 37.14500  0.52650  0.52649 
 37.24500  0.52631  0.52629 
 37.34500  0.52609  0.52607 
 37.44500  0.52589  0.52587 
 37.54500  0.52567  0.52566 
 37.64500  0.52545  0.52544 
 37.74500  0.52524  0.52522 
 37.84500  0.52502  0.52500 
 37.94500  0.52480  0.52478 
 38.04500  0.52456  0.52456 
 38.14500  0.52434  0.52432 
 38.24500  0.52411  0.52410 
 38.34500  0.52388  0.52388 
 38.44500  0.52365  0.52364 
 38.54500  0.52342  0.52341 
 38.64500  0.52319  0.52318 
 38.74500  0.52295  0.52295 
 38.84500  0.52273  0.52271 
 38.94500  0.52249  0.52248 
 39.04500  0.52226  0.52225 
 39.14500  0.52202  0.52202 
 39.24500  0.52179  0.52178 
 39.34500  0.52156  0.52155 
 39.44500  0.52133  0.52132 
 39.54500  0.52110  0.52109 
 39.64500  0.52087  0.52086 
 39.74500  0.52065  0.52062 
 39.84500  0.52042  0.52040 
 39.94500  0.52019  0.52018 
 40.04500  0.51996  0.51994 
 40.14500  0.51975  0.51972 
 40.24500  0.51953  0.51950 
 40.34500  0.51931  0.51928 
 40.44500  0.51909  0.51906 
 40.54500  0.51887  0.51884 
 40.64500  0.51867  0.51863 
 40.74500  0.51846  0.51841 
 40.84500  0.51825  0.51821 
 40.94500  0.51805  0.51799 
 41.04500  0.51784  0.51779 
 41.14500  0.51764  0.51759 
 41.24500  0.51744  0.51739 
 41.34500  0.51725  0.51719 
 41.44500  0.51706  0.51699 
 41.54500  0.51687  0.51679 
 41.64500  0.51667  0.51661 
 41.74500  0.51649  0.51641 
 41.84500  0.51630  0.51623 
 41.94500  0.51612  0.51605 
 42.04500  0.51595  0.51586 
 42.14500  0.51577  0.51568 
 42.24500  0.51560  0.51550 
 42.34500  0.51542  0.51533 
 42.44500  0.51526  0.51515 
 42.54500  0.51508  0.51498 
 42.64500  0.51492  0.51482 
 42.74500  0.51476  0.51465 
 42.84500  0.51459  0.51448 
 42.94500  0.51444  0.51432 
 43.04500  0.51428  0.51415 
 43.14500  0.51412  0.51400 
 43.24500  0.51396  0.51384 
 43.34500  0.51381  0.51368 
 43.44500  0.51366  0.51353 
 43.54500  0.51349  0.51336 
 43.64500  0.51334  0.51322 
 43.74500  0.51319  0.51306 
 43.84500  0.51303  0.51291 
 43.94500  0.51288  0.51275 
 44.04500  0.51275  0.51260 
 44.14500  0.51259  0.51245 
 44.24500  0.51243  0.51229 
 44.34500  0.51229  0.51214 
 44.44500  0.51213  0.51198 
 44.54500  0.51198  0.51184 
 44.64500  0.51182  0.51167 
 44.74500  0.51166  0.51152 
 44.84500  0.51149  0.51135 
 44.94500  0.51134  0.51120 
 45.04500  0.51117  0.51104 
 45.14500  0.51101  0.51086 
 45.24500  0.51084  0.51070 
 45.34500  0.51067  0.51053 
 45.44500  0.51049  0.51035 
 45.54500  0.51031  0.51017 
 45.64500  0.51014  0.50999 
 45.74500  0.50994  0.50981 
 45.84500  0.50976  0.50962 
 45.94500  0.50956  0.50943 
 46.04500  0.50936  0.50923 
 46.14500  0.50916  0.50903 
 46.24500  0.50894  0.50881 
 46.34500  0.50873  0.50860 
 46.44500  0.50851  0.50839 
 46.54500  0.50828  0.50816 
 46.64500  0.50804  0.50792 
 46.74500  0.50779  0.50769 
 46.84500  0.50754  0.50745 
 46.94500  0.50730  0.50720 
 47.04500  0.50703  0.50692 
 47.14500  0.50677  0.50666 
 47.24500  0.50650  0.50639 
 47.34500  0.50620  0.50610 
 47.44500  0.50591  0.50581 
 47.54500  0.50562  0.50551 
 47.64500  0.50530  0.50520 
 47.74500  0.50498  0.50488 
 47.84500  0.50465  0.50455 
 47.94500  0.50431  0.50422 
 48.04500  0.50396  0.50387 
 48.14500  0.50361  0.50351 
 48.24500  0.50324  0.50315 
 48.34500  0.50287  0.50276 
 48.44500  0.50247  0.50238 
 48.54500  0.50206  0.50198 
 48.64500  0.50165  0.50157 
 48.74500  0.50123  0.50113 
 48.84500  0.50079  0.50071 
 48.94500  0.50034  0.50026 
 49.04500  0.49988  0.49980 
 49.14500  0.49941  0.49934 
 49.24500  0.49894  0.49885 
 49.34500  0.49844  0.49835 
 49.44500  0.49794  0.49785 
 49.54500  0.49741  0.49734 
 49.64500  0.49688  0.49680 
 49.74500  0.49633  0.49625 
 49.84500  0.49579  0.49569 
 49.94500  0.49520  0.49513 
 50.04500  0.49462  0.49453 
 50.14500  0.49403  0.49393 
 50.24500  0.49341  0.49332 
 50.34500  0.49278  0.49270 
 50.44500  0.49214  0.49206 
 50.54500  0.49149  0.49140 
 50.64500  0.49082  0.49073 
 50.74500  0.49014  0.49005 
 50.84500  0.48943  0.48935 
 50.94500  0.48874  0.48864 
 51.04500  0.48801  0.48791 
 51.14500  0.48727  0.48717 
 51.24500  0.48652  0.48642 
 51.34500  0.48574  0.48564 
 51.44500  0.48496  0.48486 
 51.54500  0.48416  0.48406 
 51.64500  0.48334  0.48324 
 51.74500  0.48252  0.48241 
 51.84500  0.48168  0.48157 
 51.94500  0.48082  0.48070 
 52.04500  0.47995  0.47983 
 52.14500  0.47906  0.47894 
 52.24500  0.47816  0.47804 
 52.34500  0.47723  0.47712 
 52.44500  0.47629  0.47615 
 52.54500  0.47537  0.47525 
 52.64500  0.47438  0.47425 
 52.74500  0.47339  0.47325 
 52.84500  0.47237  0.47225 
 52.94500  0.47138  0.47125 
 53.04500  0.47037  0.47025 
 53.14500  0.46932  0.46917 
 53.24500  0.46827  0.46814 
 53.34500  0.46719  0.46705 
 53.44500  0.46611  0.46596 
 53.54500  0.46500  0.46486 
 53.64500  0.46389  0.46373 
 53.74500  0.46273  0.46260 
 53.84500  0.46160  0.46144 
 53.94500  0.46044  0.46028 
 54.04500  0.45925  0.45910 
 54.14500  0.45805  0.45790 
 54.24500  0.45685  0.45668 
 54.34500  0.45561  0.45545 
 54.44500  0.45437  0.45420 
 54.54500  0.45312  0.45295 
 54.64500  0.45185  0.45168 
 54.74500  0.45056  0.45039 
 54.84500  0.44926  0.44909 
 54.94500  0.44795  0.44777 
 55.04500  0.44661  0.44643 
 55.14500  0.44527  0.44510 
 55.24500  0.44390  0.44373 
 55.34500  0.44253  0.44236 
 55.44500  0.44116  0.44097 
 55.54500  0.43975  0.43957 
 55.64500  0.43834  0.43816 
 55.74500  0.43691  0.43673 
 55.84500  0.43546  0.43528 
 55.94500  0.43401  0.43383 
 56.04500  0.43255  0.43235 
 56.14500  0.43107  0.43088 
 56.24500  0.42956  0.42940 
 56.34500  0.42808  0.42790 
 56.44500  0.42656  0.42635 
 56.54500  0.42503  0.42484 
 56.64500  0.42349  0.42330 
 56.74500  0.42195  0.42174 
 56.84500  0.42039  0.42019 
 56.94500  0.41881  0.41862 
 57.04500  0.41723  0.41703 
 57.14500  0.41564  0.41544 
 57.24500  0.41405  0.41384 
 57.34500  0.41244  0.41224 
 57.44500  0.41083  0.41062 
 57.54500  0.40921  0.40900 
 57.64500  0.40758  0.40736 
 57.74500  0.40595  0.40573 
 57.84500  0.40431  0.40408 
 57.94500  0.40266  0.40245 
 58.04500  0.40101  0.40078 
 58.14500  0.39935  0.39912 
 58.24500  0.39769  0.39745 
 58.34500  0.39602  0.39578 
 58.44500  0.39435  0.39412 
 58.54500  0.39269  0.39245 
 58.64500  0.39101  0.39078 
 58.74500  0.38934  0.38912 
 58.84500  0.38768  0.38743 
 58.94500  0.38599  0.38575 
 59.04500  0.38432  0.38408 
 59.14500  0.38265  0.38242 
 59.24500  0.38098  0.38075 
 59.34500  0.37932  0.37908 
 59.44500  0.37767  0.37742 
 59.54500  0.37600  0.37575 
 59.64500  0.37436  0.37412 
 59.74500  0.37272  0.37246 
 59.84500  0.37108  0.37083 
 59.94500  0.36945  0.36920 
 60.04500  0.36783  0.36758 
 60.14500  0.36622  0.36596 
 60.24500  0.36462  0.36437 
 60.34500  0.36304  0.36278 
 60.44500  0.36146  0.36121 
 60.54500  0.35990  0.35964 
 60.64500  0.35835  0.35810 
 60.74500  0.35680  0.35655 
 60.84500  0.35529  0.35505 
 60.94500  0.35379  0.35355 
 61.04500  0.35230  0.35205 
 61.14500  0.35084  0.35059 
 61.24500  0.34940  0.34914 
 61.34500  0.34796  0.34772 
 61.44500  0.34657  0.34631 
 61.54500  0.34519  0.34492 
 61.64500  0.34381  0.34357 
 61.74500  0.34248  0.34223 
 61.84500  0.34117  0.34091 
 61.94500  0.33989  0.33963 
 62.04500  0.33862  0.33837 
 62.14500  0.33738  0.33714 
 62.24500  0.33619  0.33592 
 62.34500  0.33500  0.33475 
 62.44500  0.33385  0.33360 
 62.54500  0.33274  0.33249 
 62.64500  0.33165  0.33140 
 62.74500  0.33060  0.33035 
 62.84500  0.32956  0.32935 
 62.94500  0.32857  0.32835 
 63.04500  0.32763  0.32738 
 63.14500  0.32669  0.32647 
 63.24500  0.32582  0.32559 
 63.34500  0.32497  0.32473 
 63.44500  0.32416  0.32392 
 63.54500  0.32338  0.32315 
 63.64500  0.32264  0.32241 
 63.74500  0.32195  0.32172 
 63.84500  0.32128  0.32106 
 63.94500  0.32065  0.32044 
 64.04500  0.32008  0.31986 
 64.14500  0.31954  0.31932 
 64.24500  0.31903  0.31881 
 64.34500  0.31858  0.31837 
 64.44500  0.31817  0.31794 
 64.54500  0.31779  0.31758 
 64.64500  0.31745  0.31725 
 64.74500  0.31717  0.31695 
 64.84500  0.31691  0.31670 
 64.94500  0.31671  0.31650 
 65.04500  0.31652  0.31634 
 65.14500  0.31643  0.31622 
 65.24500  0.31633  0.31613 
