  0.04500  0.96137  0.96082 
  0.14500  0.96100  0.96041 
  0.24500  0.96014  0.95954 
  0.34500  0.95876  0.95824 
  0.44500  0.95709  0.95650 
  0.54500  0.95482  0.95430 
  0.64500  0.95220  0.95163 
  0.74500  0.94911  0.94853 
  0.84500  0.94543  0.94495 
  0.94500  0.94145  0.94089 
  1.04500  0.93684  0.93632 
  1.14500  0.93180  0.93128 
  1.24500  0.92629  0.92575 
  1.34500  0.92019  0.91970 
  1.44500  0.91372  0.91312 
  1.54500  0.90645  0.90602 
  1.64500  0.89887  0.89838 
  1.74500  0.89072  0.89019 
  1.84500  0.88192  0.88145 
  1.94500  0.87260  0.87219 
  2.04500  0.86281  0.86238 
  2.14500  0.85235  0.85201 
  2.24500  0.84145  0.84108 
  2.34500  0.83001  0.82961 
  2.44500  0.81799  0.81761 
  2.54500  0.80541  0.80508 
  2.64500  0.79237  0.79203 
  2.74500  0.77879  0.77847 
  2.84500  0.76473  0.76445 
  2.94500  0.75025  0.74996 
  3.04500  0.73533  0.73502 
  3.14500  0.71996  0.71969 
  3.24500  0.70424  0.70397 
  3.34500  0.68817  0.68790 
  3.44500  0.67177  0.67152 
  3.54500  0.65512  0.65487 
  3.64500  0.63837  0.63795 
  3.74500  0.62129  0.62092 
  3.84500  0.60413  0.60372 
  3.94500  0.58674  0.58643 
  4.04500  0.56932  0.56910 
  4.14500  0.55165  0.55178 
  4.24500  0.53395  0.53454 
  4.34500  0.51750  0.51745 
  4.44500  0.50152  0.50049 
  4.54500  0.48428  0.48381 
  4.64500  0.46762  0.46743 
  4.74500  0.45139  0.45142 
  4.84500  0.43576  0.43578 
  4.94500  0.42069  0.42067 
  5.04500  0.40617  0.40607 
  5.14500  0.39225  0.39206 
  5.24500  0.37891  0.37868 
  5.34500  0.36622  0.36600 
  5.44500  0.35423  0.35406 
  5.54500  0.34312  0.34291 
  5.64500  0.33285  0.33262 
  5.74500  0.32331  0.32317 
  5.84500  0.31476  0.31463 
  5.94500  0.30729  0.30707 
  6.04500  0.30064  0.30045 
  6.14500  0.29508  0.29487 
  6.24500  0.29044  0.29028 
  6.34500  0.28702  0.28677 
  6.44500  0.28448  0.28428 
  6.54500  0.28311  0.28287 
  6.64500  0.28272  0.28254 
  6.74500  0.28355  0.28330 
  6.84500  0.28543  0.28509 
  6.94500  0.28817  0.28797 
  7.04500  0.29209  0.29189 
  7.14500  0.29696  0.29683 
  7.24500  0.30306  0.30278 
  7.34500  0.30994  0.30970 
  7.44500  0.31790  0.31759 
  7.54500  0.32668  0.32639 
  7.64500  0.33631  0.33602 
  7.74500  0.34681  0.34653 
  7.84500  0.35819  0.35780 
  7.94500  0.37011  0.36982 
  8.04500  0.38289  0.38251 
  8.14500  0.39606  0.39583 
  8.24500  0.40987  0.40973 
  8.34500  0.42424  0.42413 
  8.44500  0.43908  0.43896 
  8.54500  0.45454  0.45418 
  8.64500  0.47022  0.46972 
  8.74500  0.48652  0.48552 
  8.84500  0.50279  0.50150 
  8.94500  0.51679  0.51756 
  9.04500  0.53347  0.53370 
  9.14500  0.54995  0.54980 
  9.24500  0.56621  0.56580 
  9.34500  0.58219  0.58169 
  9.44500  0.59786  0.59732 
  9.54500  0.61316  0.61267 
  9.64500  0.62804  0.62767 
  9.74500  0.64258  0.64227 
  9.84500  0.65665  0.65638 
  9.94500  0.67025  0.66997 
 10.04500  0.68340  0.68298 
 10.14500  0.69567  0.69537 
 10.24500  0.70744  0.70706 
 10.34500  0.71836  0.71802 
 10.44500  0.72871  0.72823 
 10.54500  0.73802  0.73762 
 10.64500  0.74640  0.74616 
 10.74500  0.75417  0.75381 
 10.84500  0.76084  0.76057 
 10.94500  0.76672  0.76638 
 11.04500  0.77154  0.77126 
 11.14500  0.77545  0.77515 
 11.24500  0.77838  0.77806 
 11.34500  0.78027  0.77995 
 11.44500  0.78115  0.78086 
 11.54500  0.78105  0.78075 
 11.64500  0.77993  0.77966 
 11.74500  0.77782  0.77755 
 11.84500  0.77479  0.77446 
 11.94500  0.77066  0.77039 
 12.04500  0.76562  0.76536 
 12.14500  0.75969  0.75940 
 12.24500  0.75282  0.75255 
 12.34500  0.74514  0.74476 
 12.44500  0.73644  0.73619 
 12.54500  0.72706  0.72676 
 12.64500  0.71684  0.71659 
 12.74500  0.70611  0.70568 
 12.84500  0.69440  0.69408 
 12.94500  0.68217  0.68187 
 13.04500  0.66930  0.66904 
 13.14500  0.65601  0.65573 
 13.24500  0.64227  0.64196 
 13.34500  0.62823  0.62777 
 13.44500  0.61361  0.61323 
 13.54500  0.59897  0.59843 
 13.64500  0.58388  0.58342 
 13.74500  0.56864  0.56826 
 13.84500  0.55313  0.55305 
 13.94500  0.53744  0.53783 
 14.04500  0.52247  0.52268 
 14.14500  0.50893  0.50767 
 14.24500  0.49370  0.49288 
 14.34500  0.47882  0.47837 
 14.44500  0.46453  0.46421 
 14.54500  0.45063  0.45046 
 14.64500  0.43745  0.43719 
 14.74500  0.42465  0.42449 
 14.84500  0.41277  0.41237 
 14.94500  0.40140  0.40096 
 15.04500  0.39058  0.39023 
 15.14500  0.38061  0.38029 
 15.24500  0.37154  0.37116 
 15.34500  0.36324  0.36294 
 15.44500  0.35596  0.35557 
 15.54500  0.34957  0.34917 
 15.64500  0.34393  0.34373 
 15.74500  0.33963  0.33931 
 15.84500  0.33621  0.33587 
 15.94500  0.33379  0.33347 
 16.04500  0.33242  0.33212 
 16.14500  0.33212  0.33184 
 16.24500  0.33290  0.33256 
 16.34500  0.33464  0.33431 
 16.44500  0.33748  0.33712 
 16.54500  0.34109  0.34089 
 16.64500  0.34605  0.34568 
 16.74500  0.35163  0.35138 
 16.84500  0.35837  0.35802 
 16.94500  0.36588  0.36552 
 17.04500  0.37420  0.37385 
 17.14500  0.38325  0.38297 
 17.24500  0.39308  0.39283 
 17.34500  0.40350  0.40332 
 17.44500  0.41457  0.41444 
 17.54500  0.42622  0.42611 
 17.64500  0.43832  0.43825 
 17.74500  0.45080  0.45079 
 17.84500  0.46392  0.46365 
 17.94500  0.47734  0.47681 
 18.04500  0.49115  0.49013 
 18.14500  0.50389  0.50355 
 18.24500  0.51638  0.51702 
 18.34500  0.53025  0.53042 
 18.44500  0.54389  0.54371 
 18.54500  0.55702  0.55682 
 18.64500  0.56991  0.56962 
 18.74500  0.58237  0.58207 
 18.84500  0.59430  0.59412 
 18.94500  0.60582  0.60565 
 19.04500  0.61679  0.61665 
 19.14500  0.62718  0.62703 
 19.24500  0.63679  0.63672 
 19.34500  0.64581  0.64568 
 19.44500  0.65398  0.65384 
 19.54500  0.66128  0.66119 
 19.64500  0.66783  0.66764 
 19.74500  0.67334  0.67318 
 19.84500  0.67783  0.67777 
 19.94500  0.68150  0.68138 
 20.04500  0.68413  0.68398 
 20.14500  0.68568  0.68557 
 20.24500  0.68612  0.68612 
 20.34500  0.68575  0.68563 
 20.44500  0.68418  0.68410 
 20.54500  0.68165  0.68154 
 20.64500  0.67802  0.67796 
 20.74500  0.67339  0.67336 
 20.84500  0.66790  0.66777 
 20.94500  0.66129  0.66122 
 21.04500  0.65384  0.65372 
 21.14500  0.64540  0.64533 
 21.24500  0.63607  0.63610 
 21.34500  0.62600  0.62602 
 21.44500  0.61524  0.61518 
 21.54500  0.60366  0.60362 
 21.64500  0.59158  0.59140 
 21.74500  0.57877  0.57859 
 21.84500  0.56542  0.56522 
 21.94500  0.55171  0.55138 
 22.04500  0.53738  0.53711 
 22.14500  0.52242  0.52251 
 22.24500  0.50708  0.50765 
 22.34500  0.49175  0.49253 
 22.44500  0.47838  0.47731 
 22.54500  0.46271  0.46202 
 22.64500  0.44694  0.44673 
 22.74500  0.43152  0.43151 
 22.84500  0.41634  0.41645 
 22.94500  0.40154  0.40162 
 23.04500  0.38705  0.38704 
 23.14500  0.37290  0.37283 
 23.24500  0.35918  0.35904 
 23.34500  0.34590  0.34572 
 23.44500  0.33306  0.33294 
 23.54500  0.32094  0.32074 
 23.64500  0.30931  0.30920 
 23.74500  0.29847  0.29837 
 23.84500  0.28839  0.28829 
 23.94500  0.27924  0.27898 
 24.04500  0.27075  0.27053 
 24.14500  0.26312  0.26294 
 24.24500  0.25644  0.25626 
 24.34500  0.25078  0.25051 
 24.44500  0.24590  0.24570 
 24.54500  0.24211  0.24192 
 24.64500  0.23929  0.23910 
 24.74500  0.23748  0.23733 
 24.84500  0.23683  0.23656 
 24.94500  0.23705  0.23682 
 25.04500  0.23835  0.23814 
 25.14500  0.24068  0.24046 
 25.24500  0.24405  0.24379 
 25.34500  0.24829  0.24816 
 25.44500  0.25368  0.25349 
 25.54500  0.25997  0.25980 
 25.64500  0.26719  0.26708 
 25.74500  0.27541  0.27526 
 25.84500  0.28454  0.28435 
 25.94500  0.29451  0.29429 
 26.04500  0.30507  0.30507 
 26.14500  0.31677  0.31661 
 26.24500  0.32912  0.32887 
 26.34500  0.34201  0.34185 
 26.44500  0.35562  0.35543 
 26.54500  0.36973  0.36964 
 26.64500  0.38449  0.38436 
 26.74500  0.39951  0.39956 
 26.84500  0.41502  0.41516 
 26.94500  0.43099  0.43114 
 27.04500  0.44745  0.44740 
 27.14500  0.46423  0.46390 
 27.24500  0.48131  0.48056 
 27.34500  0.49799  0.49733 
 27.44500  0.51321  0.51414 
 27.54500  0.53053  0.53092 
 27.64500  0.54763  0.54760 
 27.74500  0.56434  0.56414 
 27.84500  0.58060  0.58046 
 27.94500  0.59676  0.59648 
 28.04500  0.61238  0.61219 
 28.14500  0.62752  0.62750 
 28.24500  0.64235  0.64233 
 28.34500  0.65668  0.65666 
 28.44500  0.67045  0.67041 
 28.54500  0.68359  0.68354 
 28.64500  0.69609  0.69602 
 28.74500  0.70777  0.70777 
 28.84500  0.71879  0.71877 
 28.94500  0.72898  0.72896 
 29.04500  0.73828  0.73834 
 29.14500  0.74693  0.74685 
 29.24500  0.75446  0.75443 
 29.34500  0.76110  0.76114 
 29.44500  0.76673  0.76687 
 29.54500  0.77161  0.77162 
 29.64500  0.77534  0.77539 
 29.74500  0.77814  0.77815 
 29.84500  0.78004  0.77994 
 29.94500  0.78060  0.78071 
 30.04500  0.78047  0.78047 
 30.14500  0.77917  0.77920 
 30.24500  0.77687  0.77694 
 30.34500  0.77376  0.77370 
 30.44500  0.76940  0.76948 
 30.54500  0.76425  0.76431 
 30.64500  0.75812  0.75820 
 30.74500  0.75120  0.75117 
 30.84500  0.74324  0.74329 
 30.94500  0.73451  0.73453 
 31.04500  0.72505  0.72499 
 31.14500  0.71473  0.71469 
 31.24500  0.70369  0.70366 
 31.34500  0.69189  0.69197 
 31.44500  0.67963  0.67963 
 31.54500  0.66662  0.66673 
 31.64500  0.65328  0.65332 
 31.74500  0.63944  0.63948 
 31.84500  0.62525  0.62523 
 31.94500  0.61066  0.61064 
 32.04500  0.59602  0.59581 
 32.14500  0.58085  0.58076 
 32.24500  0.56561  0.56560 
 32.34500  0.55005  0.55037 
 32.44500  0.53438  0.53517 
 32.54500  0.51997  0.52005 
 32.64500  0.50595  0.50508 
 32.74500  0.49081  0.49034 
 32.84500  0.47597  0.47589 
 32.94500  0.46178  0.46182 
 33.04500  0.44800  0.44816 
 33.14500  0.43485  0.43498 
 33.24500  0.42235  0.42240 
 33.34500  0.41039  0.41043 
 33.44500  0.39905  0.39916 
 33.54500  0.38870  0.38857 
 33.64500  0.37886  0.37880 
 33.74500  0.36990  0.36987 
 33.84500  0.36191  0.36181 
 33.94500  0.35467  0.35466 
 34.04500  0.34848  0.34848 
 34.14500  0.34328  0.34328 
 34.24500  0.33924  0.33909 
 34.34500  0.33599  0.33592 
 34.44500  0.33372  0.33380 
 34.54500  0.33273  0.33273 
 34.64500  0.33277  0.33271 
 34.74500  0.33386  0.33375 
 34.84500  0.33580  0.33585 
 34.94500  0.33892  0.33899 
 35.04500  0.34320  0.34314 
 35.14500  0.34826  0.34829 
 35.24500  0.35454  0.35442 
 35.34500  0.36143  0.36147 
 35.44500  0.36938  0.36943 
 35.54500  0.37822  0.37822 
 35.64500  0.38789  0.38784 
 35.74500  0.39826  0.39822 
 35.84500  0.40923  0.40929 
 35.94500  0.42098  0.42101 
 36.04500  0.43308  0.43332 
 36.14500  0.44596  0.44615 
 36.24500  0.45928  0.45941 
 36.34500  0.47312  0.47306 
 36.44500  0.48739  0.48702 
 36.54500  0.50203  0.50122 
 36.64500  0.51515  0.51558 
 36.74500  0.52918  0.53005 
 36.84500  0.54418  0.54451 
 36.94500  0.55887  0.55892 
 37.04500  0.57331  0.57321 
 37.14500  0.58740  0.58729 
 37.24500  0.60113  0.60107 
 37.34500  0.61447  0.61454 
 37.44500  0.62754  0.62758 
 37.54500  0.64003  0.64013 
 37.64500  0.65202  0.65214 
 37.74500  0.66346  0.66354 
 37.84500  0.67408  0.67432 
 37.94500  0.68423  0.68436 
 38.04500  0.69350  0.69363 
 38.14500  0.70203  0.70209 
 38.24500  0.70956  0.70970 
 38.34500  0.71630  0.71642 
 38.44500  0.72210  0.72219 
 38.54500  0.72696  0.72703 
 38.64500  0.73062  0.73088 
 38.74500  0.73363  0.73373 
 38.84500  0.73534  0.73557 
 38.94500  0.73614  0.73639 
 39.04500  0.73598  0.73616 
 39.14500  0.73471  0.73488 
 39.24500  0.73233  0.73260 
 39.34500  0.72918  0.72926 
 39.44500  0.72482  0.72493 
 39.54500  0.71946  0.71962 
 39.64500  0.71307  0.71331 
 39.74500  0.70588  0.70610 
 39.84500  0.69773  0.69792 
 39.94500  0.68870  0.68890 
 40.04500  0.67887  0.67902 
 40.14500  0.66819  0.66834 
 40.24500  0.65669  0.65693 
 40.34500  0.64460  0.64481 
 40.44500  0.63174  0.63203 
 40.54500  0.61856  0.61867 
 40.64500  0.60462  0.60477 
 40.74500  0.59047  0.59038 
 40.84500  0.57562  0.57563 
 40.94500  0.56043  0.56048 
 41.04500  0.54492  0.54509 
 41.14500  0.52886  0.52947 
 41.24500  0.51284  0.51371 
 41.34500  0.49784  0.49788 
 41.44500  0.48260  0.48205 
 41.54500  0.46645  0.46629 
 41.64500  0.45046  0.45067 
 41.74500  0.43497  0.43526 
 41.84500  0.41975  0.42012 
 41.94500  0.40509  0.40532 
 42.04500  0.39068  0.39093 
 42.14500  0.37687  0.37700 
 42.24500  0.36352  0.36358 
 42.34500  0.35072  0.35079 
 42.44500  0.33847  0.33864 
 42.54500  0.32706  0.32717 
 42.64500  0.31632  0.31648 
 42.74500  0.30641  0.30655 
 42.84500  0.29739  0.29748 
 42.94500  0.28914  0.28928 
 43.04500  0.28187  0.28200 
 43.14500  0.27557  0.27567 
 43.24500  0.27025  0.27031 
 43.34500  0.26585  0.26596 
 43.44500  0.26260  0.26263 
 43.54500  0.26015  0.26034 
 43.64500  0.25896  0.25907 
 43.74500  0.25872  0.25887 
 43.84500  0.25960  0.25972 
 43.94500  0.26144  0.26161 
 44.04500  0.26441  0.26455 
 44.14500  0.26835  0.26852 
 44.24500  0.27339  0.27349 
 44.34500  0.27933  0.27947 
 44.44500  0.28629  0.28642 
 44.54500  0.29419  0.29431 
 44.64500  0.30296  0.30311 
 44.74500  0.31266  0.31281 
 44.84500  0.32316  0.32329 
 44.94500  0.33441  0.33460 
 45.04500  0.34664  0.34664 
 45.14500  0.35926  0.35939 
 45.24500  0.37264  0.37279 
 45.34500  0.38655  0.38676 
 45.44500  0.40107  0.40125 
 45.54500  0.41584  0.41623 
 45.64500  0.43128  0.43161 
 45.74500  0.44709  0.44734 
 45.84500  0.46339  0.46336 
 45.94500  0.47999  0.47961 
 46.04500  0.49700  0.49599 
 46.14500  0.51131  0.51245 
 46.24500  0.52822  0.52895 
 46.34500  0.54494  0.54540 
 46.44500  0.56167  0.56173 
 46.54500  0.57790  0.57790 
 46.64500  0.59376  0.59380 
 46.74500  0.60937  0.60941 
 46.84500  0.62448  0.62465 
 46.94500  0.63933  0.63947 
 47.04500  0.65359  0.65379 
 47.14500  0.66739  0.66758 
 47.24500  0.68054  0.68078 
 47.34500  0.69310  0.69333 
 47.44500  0.70489  0.70518 
 47.54500  0.71617  0.71629 
 47.64500  0.72643  0.72665 
 47.74500  0.73595  0.73614 
 47.84500  0.74462  0.74483 
 47.94500  0.75240  0.75258 
 48.04500  0.75934  0.75946 
 48.14500  0.76510  0.76535 
 48.24500  0.77005  0.77029 
 48.34500  0.77401  0.77426 
 48.44500  0.77705  0.77722 
 48.54500  0.77890  0.77917 
 48.64500  0.77981  0.78010 
 48.74500  0.77976  0.78002 
 48.84500  0.77870  0.77890 
 48.94500  0.77653  0.77676 
 49.04500  0.77330  0.77363 
 49.14500  0.76921  0.76948 
 49.24500  0.76412  0.76436 
 49.34500  0.75797  0.75828 
 49.44500  0.75094  0.75123 
 49.54500  0.74307  0.74327 
 49.64500  0.73415  0.73445 
 49.74500  0.72446  0.72474 
 49.84500  0.71400  0.71421 
 49.94500  0.70265  0.70290 
 50.04500  0.69056  0.69086 
 50.14500  0.67778  0.67812 
 50.24500  0.66430  0.66470 
 50.34500  0.65037  0.65073 
 50.44500  0.63590  0.63618 
 50.54500  0.62093  0.62114 
 50.64500  0.60541  0.60568 
 50.74500  0.58969  0.58980 
 50.84500  0.57354  0.57368 
 50.94500  0.55695  0.55725 
 51.04500  0.54008  0.54066 
 51.14500  0.52298  0.52392 
 51.24500  0.50616  0.50712 
 51.34500  0.49097  0.49033 
 51.44500  0.47385  0.47360 
 51.54500  0.45677  0.45700 
 51.64500  0.44017  0.44059 
 51.74500  0.42391  0.42442 
 51.84500  0.40803  0.40861 
 51.94500  0.39274  0.39316 
 52.04500  0.37778  0.37815 
 52.14500  0.36321  0.36365 
 52.24500  0.34947  0.34970 
 52.34500  0.33609  0.33636 
 52.44500  0.32338  0.32368 
 52.54500  0.31136  0.31169 
 52.64500  0.30016  0.30048 
 52.74500  0.28967  0.29004 
 52.84500  0.28010  0.28047 
 52.94500  0.27130  0.27176 
 53.04500  0.26346  0.26394 
 53.14500  0.25669  0.25704 
 53.24500  0.25072  0.25115 
 53.34500  0.24586  0.24622 
 53.44500  0.24193  0.24228 
 53.54500  0.23887  0.23935 
 53.64500  0.23710  0.23746 
 53.74500  0.23617  0.23659 
 53.84500  0.23636  0.23675 
 53.94500  0.23743  0.23796 
 54.04500  0.23973  0.24015 
 54.14500  0.24298  0.24338 
 54.24500  0.24723  0.24761 
 54.34500  0.25222  0.25279 
 54.44500  0.25842  0.25894 
 54.54500  0.26551  0.26599 
 54.64500  0.27356  0.27394 
 54.74500  0.28229  0.28278 
 54.84500  0.29198  0.29241 
 54.94500  0.30230  0.30280 
 55.04500  0.31348  0.31393 
 55.14500  0.32531  0.32575 
 55.24500  0.33779  0.33820 
 55.34500  0.35079  0.35121 
 55.44500  0.36426  0.36474 
 55.54500  0.37825  0.37871 
 55.64500  0.39250  0.39306 
 55.74500  0.40710  0.40776 
 55.84500  0.42217  0.42268 
 55.94500  0.43740  0.43782 
 56.04500  0.45289  0.45306 
 56.14500  0.46874  0.46836 
 56.24500  0.48362  0.48363 
 56.34500  0.49753  0.49880 
 56.44500  0.51299  0.51381 
 56.54500  0.52813  0.52856 
 56.64500  0.54267  0.54302 
 56.74500  0.55693  0.55708 
 56.84500  0.57059  0.57073 
 56.94500  0.58353  0.58383 
 57.04500  0.59604  0.59640 
 57.14500  0.60790  0.60831 
 57.24500  0.61917  0.61953 
 57.34500  0.62963  0.62999 
 57.44500  0.63935  0.63969 
 57.54500  0.64820  0.64851 
 57.64500  0.65611  0.65646 
 57.74500  0.66310  0.66346 
 57.84500  0.66924  0.66951 
 57.94500  0.67430  0.67457 
 58.04500  0.67822  0.67860 
 58.14500  0.68127  0.68159 
 58.24500  0.68325  0.68352 
 58.34500  0.68410  0.68441 
 58.44500  0.68398  0.68419 
 58.54500  0.68265  0.68291 
 58.64500  0.68033  0.68055 
 58.74500  0.67691  0.67715 
 58.84500  0.67246  0.67269 
 58.94500  0.66699  0.66718 
 59.04500  0.66044  0.66071 
 59.14500  0.65302  0.65322 
 59.24500  0.64456  0.64481 
 59.34500  0.63522  0.63546 
 59.44500  0.62511  0.62527 
 59.54500  0.61398  0.61426 
 59.64500  0.60224  0.60246 
 59.74500  0.58978  0.58993 
 59.84500  0.57674  0.57672 
 59.94500  0.56290  0.56288 
 60.04500  0.54861  0.54849 
 60.14500  0.53355  0.53359 
 60.24500  0.51784  0.51823 
 60.34500  0.50169  0.50248 
 60.44500  0.48519  0.48639 
 60.54500  0.47077  0.47003 
 60.64500  0.45391  0.45346 
 60.74500  0.43675  0.43674 
 60.84500  0.41959  0.41991 
 60.94500  0.40267  0.40306 
 61.04500  0.38586  0.38620 
 61.14500  0.36915  0.36944 
 61.24500  0.35251  0.35278 
 61.34500  0.33615  0.33629 
 61.44500  0.31992  0.32002 
 61.54500  0.30381  0.30401 
 61.64500  0.28807  0.28826 
 61.74500  0.27260  0.27286 
 61.84500  0.25757  0.25782 
 61.94500  0.24298  0.24318 
 62.04500  0.22872  0.22900 
 62.14500  0.21496  0.21521 
 62.24500  0.20162  0.20188 
 62.34500  0.18878  0.18907 
 62.44500  0.17644  0.17673 
 62.54500  0.16466  0.16493 
 62.64500  0.15330  0.15362 
 62.74500  0.14247  0.14283 
 62.84500  0.13217  0.13256 
 62.94500  0.12243  0.12281 
 63.04500  0.11329  0.11358 
 63.14500  0.10447  0.10488 
 63.24500  0.09614  0.09670 
 63.34500  0.08846  0.08897 
 63.44500  0.08131  0.08175 
 63.54500  0.07457  0.07502 
 63.64500  0.06820  0.06874 
 63.74500  0.06240  0.06293 
 63.84500  0.05702  0.05757 
 63.94500  0.05213  0.05261 
 64.04500  0.04746  0.04806 
 64.14500  0.04337  0.04392 
 64.24500  0.03960  0.04017 
 64.34500  0.03623  0.03679 
 64.44500  0.03325  0.03377 
 64.54500  0.03049  0.03107 
 64.64500  0.02826  0.02874 
 64.74500  0.02625  0.02672 
 64.84500  0.02439  0.02501 
 64.94500  0.02303  0.02362 
 65.04500  0.02186  0.02252 
 65.14500  0.02106  0.02170 
 65.24500  0.02059  0.02120 
