  0.04500  1.00003  1.00000 
  0.14500  1.00003  1.00000 
  0.24500  1.00003  1.00000 
  0.34500  1.00003  1.00000 
  0.44500  1.00003  1.00000 
  0.54500  1.00003  1.00000 
  0.64500  1.00003  1.00000 
  0.74500  1.00003  1.00000 
  0.84500  1.00003  1.00000 
  0.94500  1.00003  1.00000 
  1.04500  1.00003  1.00000 
  1.14500  1.00002  1.00000 
  1.24500  1.00002  1.00000 
  1.34500  1.00004  1.00000 
  1.44500  1.00003  1.00000 
  1.54500  1.00004  1.00000 
  1.64500  1.00003  1.00000 
  1.74500  1.00004  1.00000 
  1.84500  1.00004  1.00000 
  1.94500  1.00002  1.00000 
  2.04500  1.00002  1.00000 
  2.14500  0.99999  1.00000 
  2.24500  0.99997  0.99990 
  2.34500  0.99988  0.99986 
  2.44500  0.99973  0.99971 
  2.54500  0.99947  0.99945 
  2.64500  0.99898  0.99896 
  2.74500  0.99814  0.99813 
  2.84500  0.99673  0.99674 
  2.94500  0.99448  0.99446 
  3.04500  0.99088  0.99085 
  3.14500  0.98541  0.98534 
  3.24500  0.97730  0.97720 
  3.34500  0.96562  0.96553 
  3.44500  0.94940  0.94935 
  3.54500  0.92759  0.92765 
  3.64500  0.89926  0.89943 
  3.74500  0.86364  0.86394 
  3.84500  0.82036  0.82066 
  3.94500  0.76948  0.76967 
  4.04500  0.71166  0.71146 
  4.14500  0.64802  0.64703 
  4.24500  0.58017  0.57814 
  4.34500  0.50728  0.50678 
  4.44500  0.43298  0.43519 
  4.54500  0.36454  0.36567 
  4.64500  0.29996  0.30029 
  4.74500  0.24095  0.24081 
  4.84500  0.18871  0.18834 
  4.94500  0.14397  0.14365 
  5.04500  0.10692  0.10666 
  5.14500  0.07724  0.07716 
  5.24500  0.05428  0.05428 
  5.34500  0.03708  0.03712 
  5.44500  0.02463  0.02469 
  5.54500  0.01592  0.01596 
  5.64500  0.01001  0.01002 
  5.74500  0.00611  0.00611 
  5.84500  0.00365  0.00363 
  5.94500  0.00211  0.00208 
  6.04500  0.00119  0.00116 
  6.14500  0.00065  0.00063 
  6.24500  0.00034  0.00033 
  6.34500  0.00018  0.00017 
  6.44500  0.00007  0.00010 
  6.54500  0.00005  0.00005 
  6.64500  0.00005  0.00000 
  6.74500  0.00006  0.00010 
  6.84500  0.00012  0.00011 
  6.94500  0.00023  0.00023 
  7.04500  0.00045  0.00044 
  7.14500  0.00085  0.00083 
  7.24500  0.00155  0.00150 
  7.34500  0.00271  0.00268 
  7.44500  0.00462  0.00461 
  7.54500  0.00768  0.00768 
  7.64500  0.01240  0.01242 
  7.74500  0.01948  0.01954 
  7.84500  0.02976  0.02983 
  7.94500  0.04425  0.04427 
  8.04500  0.06393  0.06389 
  8.14500  0.08984  0.08967 
  8.24500  0.12279  0.12252 
  8.34500  0.16332  0.16298 
  8.44500  0.21153  0.21121 
  8.54500  0.26697  0.26699 
  8.64500  0.32868  0.32935 
  8.74500  0.39523  0.39683 
  8.84500  0.46514  0.46757 
  8.94500  0.54200  0.53936 
  9.04500  0.61139  0.60987 
  9.14500  0.67755  0.67694 
  9.24500  0.73871  0.73870 
  9.34500  0.79349  0.79376 
  9.44500  0.84095  0.84130 
  9.54500  0.88075  0.88099 
  9.64500  0.91300  0.91311 
  9.74500  0.93825  0.93826 
  9.84500  0.95740  0.95732 
  9.94500  0.97143  0.97133 
 10.04500  0.98137  0.98128 
 10.14500  0.98819  0.98812 
 10.24500  0.99272  0.99268 
 10.34500  0.99563  0.99563 
 10.44500  0.99747  0.99746 
 10.54500  0.99856  0.99858 
 10.64500  0.99924  0.99922 
 10.74500  0.99961  0.99959 
 10.84500  0.99981  0.99978 
 10.94500  0.99993  0.99990 
 11.04500  0.99998  0.99995 
 11.14500  1.00001  1.00000 
 11.24500  1.00001  1.00000 
 11.34500  1.00003  1.00000 
 11.44500  1.00004  1.00000 
 11.54500  1.00004  1.00000 
 11.64500  1.00002  1.00000 
 11.74500  1.00001  1.00000 
 11.84500  1.00001  1.00000 
 11.94500  0.99998  0.99992 
 12.04500  0.99990  0.99987 
 12.14500  0.99976  0.99973 
 12.24500  0.99950  0.99948 
 12.34500  0.99905  0.99904 
 12.44500  0.99826  0.99825 
 12.54500  0.99694  0.99693 
 12.64500  0.99481  0.99478 
 12.74500  0.99141  0.99138 
 12.84500  0.98620  0.98616 
 12.94500  0.97844  0.97838 
 13.04500  0.96727  0.96718 
 13.14500  0.95166  0.95160 
 13.24500  0.93059  0.93062 
 13.34500  0.90308  0.90324 
 13.44500  0.86838  0.86864 
 13.54500  0.82603  0.82637 
 13.64500  0.77608  0.77629 
 13.74500  0.71906  0.71886 
 13.84500  0.65603  0.65516 
 13.94500  0.58860  0.58671 
 14.04500  0.51673  0.51554 
 14.14500  0.44147  0.44383 
 14.24500  0.37270  0.37394 
 14.34500  0.30756  0.30797 
 14.44500  0.24778  0.24768 
 14.54500  0.19469  0.19434 
 14.64500  0.14900  0.14865 
 14.74500  0.11102  0.11078 
 14.84500  0.08049  0.08037 
 14.94500  0.05675  0.05673 
 15.04500  0.03890  0.03895 
 15.14500  0.02593  0.02600 
 15.24500  0.01682  0.01686 
 15.34500  0.01060  0.01062 
 15.44500  0.00650  0.00651 
 15.54500  0.00389  0.00386 
 15.64500  0.00226  0.00222 
 15.74500  0.00128  0.00125 
 15.84500  0.00071  0.00069 
 15.94500  0.00041  0.00039 
 16.04500  0.00026  0.00025 
 16.14500  0.00023  0.00023 
 16.24500  0.00035  0.00034 
 16.34500  0.00061  0.00060 
 16.44500  0.00111  0.00108 
 16.54500  0.00196  0.00193 
 16.64500  0.00339  0.00335 
 16.74500  0.00570  0.00570 
 16.84500  0.00936  0.00937 
 16.94500  0.01498  0.01500 
 17.04500  0.02326  0.02333 
 17.14500  0.03513  0.03519 
 17.24500  0.05161  0.05162 
 17.34500  0.07373  0.07365 
 17.44500  0.10244  0.10221 
 17.54500  0.13846  0.13813 
 17.64500  0.18214  0.18180 
 17.74500  0.23340  0.23318 
 17.84500  0.29156  0.29177 
 17.94500  0.35545  0.35644 
 18.04500  0.42346  0.42553 
 18.14500  0.49675  0.49698 
 18.24500  0.57068  0.56852 
 18.34500  0.63898  0.63786 
 18.44500  0.70328  0.70296 
 18.54500  0.76198  0.76213 
 18.64500  0.81385  0.81417 
 18.74500  0.85817  0.85850 
 18.84500  0.89483  0.89502 
 18.94500  0.92414  0.92421 
 19.04500  0.94678  0.94674 
 19.14500  0.96369  0.96361 
 19.24500  0.97594  0.97583 
 19.34500  0.98448  0.98441 
 19.44500  0.99028  0.99022 
 19.54500  0.99408  0.99405 
 19.64500  0.99649  0.99648 
 19.74500  0.99799  0.99799 
 19.84500  0.99889  0.99888 
 19.94500  0.99939  0.99939 
 20.04500  0.99969  0.99967 
 20.14500  0.99984  0.99980 
 20.24500  0.99987  0.99990 
 20.34500  0.99986  0.99984 
 20.44500  0.99977  0.99975 
 20.54500  0.99956  0.99954 
 20.64500  0.99914  0.99914 
 20.74500  0.99842  0.99843 
 20.84500  0.99721  0.99722 
 20.94500  0.99525  0.99523 
 21.04500  0.99210  0.99206 
 21.14500  0.98725  0.98720 
 21.24500  0.98000  0.97991 
 21.34500  0.96946  0.96936 
 21.44500  0.95468  0.95462 
 21.54500  0.93461  0.93463 
 21.64500  0.90827  0.90841 
 21.74500  0.87484  0.87511 
 21.84500  0.83381  0.83414 
 21.94500  0.78512  0.78536 
 22.04500  0.72923  0.72914 
 22.14500  0.66715  0.66642 
 22.24500  0.60035  0.59866 
 22.34500  0.52987  0.52776 
 22.44500  0.45347  0.45600 
 22.54500  0.38424  0.38563 
 22.64500  0.31834  0.31885 
 22.74500  0.25755  0.25750 
 22.84500  0.20324  0.20293 
 22.94500  0.15626  0.15589 
 23.04500  0.11697  0.11672 
 23.14500  0.08519  0.08507 
 23.24500  0.06035  0.06033 
 23.34500  0.04158  0.04162 
 23.44500  0.02785  0.02792 
 23.54500  0.01814  0.01821 
 23.64500  0.01149  0.01152 
 23.74500  0.00709  0.00710 
 23.84500  0.00426  0.00424 
 23.94500  0.00249  0.00245 
 24.04500  0.00142  0.00138 
 24.14500  0.00077  0.00076 
 24.24500  0.00042  0.00040 
 24.34500  0.00020  0.00021 
 24.44500  0.00010  0.00010 
 24.54500  0.00004  0.00005 
 24.64500  0.00003  0.00000 
 24.74500  0.00002  0.00000 
 24.84500  0.00002  0.00000 
 24.94500  0.00003  0.00000 
 25.04500  0.00001  0.00000 
 25.14500  0.00003  0.00000 
 25.24500  0.00006  0.00008 
 25.34500  0.00013  0.00013 
 25.44500  0.00027  0.00025 
 25.54500  0.00051  0.00049 
 25.64500  0.00094  0.00092 
 25.74500  0.00171  0.00167 
 25.84500  0.00298  0.00295 
 25.94500  0.00507  0.00505 
 26.04500  0.00836  0.00836 
 26.14500  0.01346  0.01348 
 26.24500  0.02102  0.02109 
 26.34500  0.03198  0.03205 
 26.44500  0.04730  0.04731 
 26.54500  0.06803  0.06796 
 26.64500  0.09513  0.09495 
 26.74500  0.12938  0.12909 
 26.84500  0.17127  0.17092 
 26.94500  0.22079  0.22053 
 27.04500  0.27742  0.27753 
 27.14500  0.34012  0.34089 
 27.24500  0.40735  0.40912 
 27.34500  0.47879  0.48022 
 27.44500  0.55436  0.55194 
 27.54500  0.62333  0.62199 
 27.64500  0.68874  0.68827 
 27.74500  0.74887  0.74893 
 27.84500  0.80242  0.80270 
 27.94500  0.84854  0.84887 
 28.04500  0.88697  0.88719 
 28.14500  0.91792  0.91801 
 28.24500  0.94205  0.94203 
 28.34500  0.96021  0.96014 
 28.44500  0.97345  0.97335 
 28.54500  0.98275  0.98267 
 28.64500  0.98912  0.98907 
 28.74500  0.99332  0.99329 
 28.84500  0.99601  0.99602 
 28.94500  0.99770  0.99769 
 29.04500  0.99871  0.99870 
 29.14500  0.99932  0.99929 
 29.24500  0.99964  0.99962 
 29.34500  0.99984  0.99981 
 29.44500  0.99994  0.99990 
 29.54500  0.99999  0.99997 
 29.64500  1.00001  1.00000 
 29.74500  1.00001  1.00000 
 29.84500  1.00003  1.00000 
 29.94500  1.00004  1.00000 
 30.04500  1.00004  1.00000 
 30.14500  1.00001  1.00000 
 30.24500  1.00002  1.00000 
 30.34500  1.00000  1.00000 
 30.44500  0.99996  0.99990 
 30.54500  0.99987  0.99985 
 30.64500  0.99972  0.99970 
 30.74500  0.99944  0.99942 
 30.84500  0.99894  0.99892 
 30.94500  0.99808  0.99807 
 31.04500  0.99664  0.99665 
 31.14500  0.99432  0.99429 
 31.24500  0.99065  0.99061 
 31.34500  0.98504  0.98496 
 31.44500  0.97675  0.97667 
 31.54500  0.96488  0.96478 
 31.64500  0.94836  0.94832 
 31.74500  0.92623  0.92630 
 31.84500  0.89750  0.89769 
 31.94500  0.86147  0.86177 
 32.04500  0.81777  0.81810 
 32.14500  0.76651  0.76666 
 32.24500  0.70834  0.70805 
 32.34500  0.64442  0.64338 
 32.44500  0.57640  0.57432 
 32.54500  0.50309  0.50287 
 32.64500  0.42918  0.43133 
 32.74500  0.36090  0.36196 
 32.84500  0.29659  0.29688 
 32.94500  0.23792  0.23774 
 33.04500  0.18606  0.18573 
 33.14500  0.14176  0.14140 
 33.24500  0.10513  0.10490 
 33.34500  0.07583  0.07576 
 33.44500  0.05319  0.05321 
 33.54500  0.03629  0.03636 
 33.64500  0.02408  0.02416 
 33.74500  0.01554  0.01557 
 33.84500  0.00974  0.00977 
 33.94500  0.00595  0.00594 
 34.04500  0.00354  0.00352 
 34.14500  0.00204  0.00201 
 34.24500  0.00115  0.00114 
 34.34500  0.00063  0.00063 
 34.44500  0.00037  0.00035 
 34.54500  0.00024  0.00024 
 34.64500  0.00025  0.00024 
 34.74500  0.00039  0.00037 
 34.84500  0.00067  0.00066 
 34.94500  0.00122  0.00119 
 35.04500  0.00216  0.00212 
 35.14500  0.00373  0.00371 
 35.24500  0.00625  0.00623 
 35.34500  0.01020  0.01022 
 35.44500  0.01622  0.01626 
 35.54500  0.02506  0.02511 
 35.64500  0.03768  0.03774 
 35.74500  0.05509  0.05506 
 35.84500  0.07829  0.07816 
 35.94500  0.10825  0.10802 
 36.04500  0.14562  0.14526 
 36.14500  0.19064  0.19029 
 36.24500  0.24317  0.24304 
 36.34500  0.30245  0.30280 
 36.44500  0.36719  0.36834 
 36.54500  0.43576  0.43802 
 36.64500  0.51040  0.50966 
 36.74500  0.58292  0.58097 
 36.84500  0.65065  0.64972 
 36.94500  0.71409  0.71389 
 37.04500  0.77165  0.77184 
 37.14500  0.82222  0.82255 
 37.24500  0.86521  0.86549 
 37.34500  0.90051  0.90069 
 37.44500  0.92859  0.92863 
 37.54500  0.95015  0.95010 
 37.64500  0.96616  0.96606 
 37.74500  0.97768  0.97759 
 37.84500  0.98568  0.98562 
 37.94500  0.99107  0.99102 
 38.04500  0.99459  0.99457 
 38.14500  0.99681  0.99681 
 38.24500  0.99817  0.99816 
 38.34500  0.99900  0.99898 
 38.44500  0.99948  0.99945 
 38.54500  0.99974  0.99971 
 38.64500  0.99989  0.99986 
 38.74500  0.99997  0.99990 
 38.84500  1.00000  1.00000 
 38.94500  0.99999  1.00000 
 39.04500  1.00000  1.00000 
 39.14500  0.99999  0.99998 
 39.24500  0.99995  0.99990 
 39.34500  0.99986  0.99984 
 39.44500  0.99970  0.99967 
 39.54500  0.99939  0.99937 
 39.64500  0.99886  0.99885 
 39.74500  0.99793  0.99793 
 39.84500  0.99641  0.99641 
 39.94500  0.99396  0.99392 
 40.04500  0.99008  0.99006 
 40.14500  0.98421  0.98416 
 40.24500  0.97555  0.97546 
 40.34500  0.96316  0.96308 
 40.44500  0.94605  0.94601 
 40.54500  0.92316  0.92323 
 40.64500  0.89359  0.89379 
 40.74500  0.85665  0.85696 
 40.84500  0.81204  0.81235 
 40.94500  0.75989  0.76003 
 41.04500  0.70097  0.70061 
 41.14500  0.63647  0.63533 
 41.24500  0.56807  0.56585 
 41.34500  0.49389  0.49428 
 41.44500  0.42086  0.42287 
 41.54500  0.35297  0.35393 
 41.64500  0.28926  0.28946 
 41.74500  0.23133  0.23114 
 41.84500  0.18037  0.18002 
 41.94500  0.13697  0.13665 
 42.04500  0.10124  0.10101 
 42.14500  0.07280  0.07271 
 42.24500  0.05089  0.05091 
 42.34500  0.03461  0.03467 
 42.44500  0.02288  0.02294 
 42.54500  0.01472  0.01477 
 42.64500  0.00920  0.00921 
 42.74500  0.00559  0.00560 
 42.84500  0.00331  0.00327 
 42.94500  0.00192  0.00187 
 43.04500  0.00107  0.00104 
 43.14500  0.00057  0.00055 
 43.24500  0.00030  0.00029 
 43.34500  0.00016  0.00015 
 43.44500  0.00007  0.00010 
 43.54500  0.00003  0.00000 
 43.64500  0.00002  0.00000 
 43.74500  0.00000  0.00000 
 43.84500  0.00003  0.00000 
 43.94500  0.00004  0.00006 
 44.04500  0.00010  0.00010 
 44.14500  0.00022  0.00022 
 44.24500  0.00043  0.00041 
 44.34500  0.00079  0.00079 
 44.44500  0.00147  0.00143 
 44.54500  0.00256  0.00256 
 44.64500  0.00441  0.00439 
 44.74500  0.00732  0.00733 
 44.84500  0.01187  0.01191 
 44.94500  0.01872  0.01876 
 45.04500  0.02866  0.02873 
 45.14500  0.04271  0.04275 
 45.24500  0.06189  0.06186 
 45.34500  0.08719  0.08703 
 45.44500  0.11948  0.11919 
 45.54500  0.15929  0.15892 
 45.64500  0.20680  0.20649 
 45.74500  0.26160  0.26158 
 45.84500  0.32279  0.32336 
 45.94500  0.38897  0.39046 
 46.04500  0.45837  0.46101 
 46.14500  0.53525  0.53280 
 46.24500  0.60512  0.60352 
 46.34500  0.67166  0.67099 
 46.44500  0.73335  0.73331 
 46.54500  0.78877  0.78901 
 46.64500  0.83692  0.83724 
 46.74500  0.87743  0.87768 
 46.84500  0.91033  0.91046 
 46.94500  0.93621  0.93622 
 47.04500  0.95587  0.95582 
 47.14500  0.97032  0.97023 
 47.24500  0.98059  0.98052 
 47.34500  0.98766  0.98761 
 47.44500  0.99238  0.99233 
 47.54500  0.99542  0.99540 
 47.64500  0.99732  0.99732 
 47.74500  0.99849  0.99851 
 47.84500  0.99918  0.99917 
 47.94500  0.99958  0.99957 
 48.04500  0.99980  0.99977 
 48.14500  0.99992  0.99989 
 48.24500  0.99998  0.99994 
 48.34500  1.00000  1.00000 
 48.44500  1.00001  1.00000 
 48.54500  1.00003  1.00000 
 48.64500  1.00004  1.00000 
 48.74500  1.00004  1.00000 
 48.84500  1.00002  1.00000 
 48.94500  1.00001  1.00000 
 49.04500  1.00000  1.00000 
 49.14500  0.99998  0.99992 
 49.24500  0.99991  0.99988 
 49.34500  0.99978  0.99975 
 49.44500  0.99953  0.99951 
 49.54500  0.99909  0.99909 
 49.64500  0.99835  0.99835 
 49.74500  0.99709  0.99709 
 49.84500  0.99504  0.99504 
 49.94500  0.99178  0.99175 
 50.04500  0.98678  0.98671 
 50.14500  0.97927  0.97921 
 50.24500  0.96845  0.96838 
 50.34500  0.95330  0.95324 
 50.44500  0.93276  0.93281 
 50.54500  0.90590  0.90604 
 50.64500  0.87187  0.87213 
 50.74500  0.83025  0.83057 
 50.84500  0.78095  0.78119 
 50.94500  0.72455  0.72441 
 51.04500  0.66202  0.66123 
 51.14500  0.59493  0.59315 
 51.24500  0.52378  0.52211 
 51.34500  0.44791  0.45037 
 51.44500  0.37886  0.38020 
 51.54500  0.31332  0.31379 
 51.64500  0.25301  0.25293 
 51.74500  0.19922  0.19891 
 51.84500  0.15287  0.15252 
 51.94500  0.11419  0.11393 
 52.04500  0.08298  0.08287 
 52.14500  0.05866  0.05864 
 52.24500  0.04032  0.04036 
 52.34500  0.02696  0.02702 
 52.44500  0.01751  0.01757 
 52.54500  0.01107  0.01110 
 52.64500  0.00682  0.00680 
 52.74500  0.00407  0.00404 
 52.84500  0.00238  0.00235 
 52.94500  0.00134  0.00132 
 53.04500  0.00073  0.00071 
 53.14500  0.00039  0.00038 
 53.24500  0.00019  0.00019 
 53.34500  0.00009  0.00010 
 53.44500  0.00004  0.00004 
 53.54500  0.00002  0.00000 
 53.64500  0.00002  0.00000 
 53.74500  0.00002  0.00000 
 53.84500  0.00002  0.00000 
 53.94500  0.00001  0.00000 
 54.04500  0.00003  0.00000 
 54.14500  0.00006  0.00009 
 54.24500  0.00014  0.00013 
 54.34500  0.00028  0.00027 
 54.44500  0.00053  0.00052 
 54.54500  0.00100  0.00098 
 54.64500  0.00179  0.00175 
 54.74500  0.00313  0.00309 
 54.84500  0.00526  0.00525 
 54.94500  0.00871  0.00869 
 55.04500  0.01395  0.01401 
 55.14500  0.02176  0.02182 
 55.24500  0.03303  0.03308 
 55.34500  0.04872  0.04875 
 55.44500  0.06990  0.06985 
 55.54500  0.09755  0.09736 
 55.64500  0.13241  0.13210 
 55.74500  0.17490  0.17457 
 55.84500  0.22501  0.22478 
 55.94500  0.28217  0.28232 
 56.04500  0.34528  0.34614 
 56.14500  0.41279  0.41465 
 56.24500  0.48483  0.48590 
 56.34500  0.55992  0.55756 
 56.44500  0.62866  0.62742 
 56.54500  0.69371  0.69329 
 56.64500  0.75335  0.75344 
 56.74500  0.80633  0.80665 
 56.84500  0.85185  0.85216 
 56.94500  0.88967  0.88989 
 57.04500  0.92007  0.92017 
 57.14500  0.94369  0.94366 
 57.24500  0.96143  0.96134 
 57.34500  0.97430  0.97420 
 57.44500  0.98336  0.98328 
 57.54500  0.98952  0.98947 
 57.64500  0.99359  0.99357 
 57.74500  0.99617  0.99617 
 57.84500  0.99780  0.99780 
 57.94500  0.99876  0.99877 
 58.04500  0.99935  0.99933 
 58.14500  0.99966  0.99964 
 58.24500  0.99982  0.99979 
 58.34500  0.99987  0.99988 
 58.44500  0.99986  0.99986 
 58.54500  0.99979  0.99976 
 58.64500  0.99959  0.99957 
 58.74500  0.99922  0.99920 
 58.84500  0.99854  0.99856 
 58.94500  0.99746  0.99744 
 59.04500  0.99561  0.99561 
 59.14500  0.99270  0.99265 
 59.24500  0.98813  0.98809 
 59.34500  0.98128  0.98122 
 59.44500  0.97133  0.97123 
 59.54500  0.95727  0.95721 
 59.64500  0.93809  0.93809 
 59.74500  0.91278  0.91288 
 59.84500  0.88047  0.88071 
 59.94500  0.84063  0.84095 
 60.04500  0.79312  0.79338 
 60.14500  0.73829  0.73829 
 60.24500  0.67707  0.67645 
 60.34500  0.61087  0.60937 
 60.44500  0.54148  0.53881 
 60.54500  0.46459  0.46704 
 60.64500  0.39473  0.39632 
 60.74500  0.32822  0.32885 
 60.84500  0.26652  0.26655 
 60.94500  0.21114  0.21084 
 61.04500  0.16300  0.16264 
 61.14500  0.12251  0.12224 
 61.24500  0.08963  0.08946 
 61.34500  0.06376  0.06373 
 61.44500  0.04411  0.04415 
 61.54500  0.02968  0.02975 
 61.64500  0.01941  0.01947 
 61.74500  0.01235  0.01238 
 61.84500  0.00764  0.00766 
 61.94500  0.00460  0.00460 
 62.04500  0.00271  0.00267 
 62.14500  0.00154  0.00149 
 62.24500  0.00084  0.00083 
 62.34500  0.00045  0.00043 
 62.44500  0.00023  0.00023 
 62.54500  0.00011  0.00011 
 62.64500  0.00004  0.00006 
 62.74500  0.00002  0.00000 
 62.84500  0.00002  0.00000 
 62.94500  0.00000  0.00000 
 63.04500 -0.00000  0.00000 
 63.14500 -0.00001  0.00000 
 63.24500 -0.00000  0.00000 
 63.34500  0.00000  0.00000 
 63.44500 -0.00000  0.00000 
 63.54500 -0.00000  0.00000 
 63.64500  0.00001  0.00000 
 63.74500  0.00000  0.00000 
 63.84500 -0.00000  0.00000 
 63.94500 -0.00000  0.00000 
 64.04500 -0.00000  0.00000 
 64.14500 -0.00000  0.00000 
 64.24500  0.00000  0.00000 
 64.34500  0.00000  0.00000 
 64.44500  0.00000  0.00000 
 64.54500  0.00000  0.00000 
 64.64500  0.00000  0.00000 
 64.74500  0.00000  0.00000 
 64.84500  0.00000  0.00000 
 64.94500 -0.00000  0.00000 
 65.04500 -0.00000  0.00000 
 65.14500  0.00000  0.00000 
 65.24500  0.00000  0.00000 
