  0.04500  0.63809  0.63800 
  0.14500  0.63802  0.63800 
  0.24500  0.63798  0.63796 
  0.34500  0.63791  0.63788 
  0.44500  0.63781  0.63777 
  0.54500  0.63768  0.63765 
  0.64500  0.63753  0.63750 
  0.74500  0.63735  0.63731 
  0.84500  0.63715  0.63711 
  0.94500  0.63692  0.63688 
  1.04500  0.63666  0.63662 
  1.14500  0.63638  0.63634 
  1.24500  0.63608  0.63605 
  1.34500  0.63575  0.63572 
  1.44500  0.63540  0.63536 
  1.54500  0.63502  0.63498 
  1.64500  0.63463  0.63458 
  1.74500  0.63420  0.63417 
  1.84500  0.63375  0.63371 
  1.94500  0.63329  0.63325 
  2.04500  0.63279  0.63275 
  2.14500  0.63228  0.63225 
  2.24500  0.63174  0.63171 
  2.34500  0.63120  0.63116 
  2.44500  0.63061  0.63058 
  2.54500  0.63002  0.62999 
  2.64500  0.62940  0.62938 
  2.74500  0.62878  0.62873 
  2.84500  0.62812  0.62809 
  2.94500  0.62745  0.62741 
  3.04500  0.62676  0.62672 
  3.14500  0.62606  0.62602 
  3.24500  0.62533  0.62529 
  3.34500  0.62459  0.62455 
  3.44500  0.62383  0.62380 
  3.54500  0.62307  0.62303 
  3.64500  0.62229  0.62224 
  3.74500  0.62148  0.62144 
  3.84500  0.62066  0.62063 
  3.94500  0.61982  0.61980 
  4.04500  0.61899  0.61897 
  4.14500  0.61814  0.61811 
  4.24500  0.61729  0.61726 
  4.34500  0.61642  0.61639 
  4.44500  0.61553  0.61550 
  4.54500  0.61464  0.61461 
  4.64500  0.61373  0.61371 
  4.74500  0.61282  0.61279 
  4.84500  0.61191  0.61187 
  4.94500  0.61098  0.61095 
  5.04500  0.61004  0.61003 
  5.14500  0.60911  0.60906 
  5.24500  0.60815  0.60815 
  5.34500  0.60721  0.60715 
  5.44500  0.60625  0.60625 
  5.54500  0.60529  0.60525 
  5.64500  0.60432  0.60429 
  5.74500  0.60335  0.60335 
  5.84500  0.60239  0.60235 
  5.94500  0.60141  0.60135 
  6.04500  0.60044  0.60044 
  6.14500  0.59946  0.59945 
  6.24500  0.59847  0.59845 
  6.34500  0.59750  0.59745 
  6.44500  0.59652  0.59649 
  6.54500  0.59555  0.59555 
  6.64500  0.59457  0.59455 
  6.74500  0.59359  0.59355 
  6.84500  0.59262  0.59256 
  6.94500  0.59165  0.59165 
  7.04500  0.59067  0.59065 
  7.14500  0.58970  0.58965 
  7.24500  0.58874  0.58872 
  7.34500  0.58778  0.58775 
  7.44500  0.58681  0.58676 
  7.54500  0.58586  0.58585 
  7.64500  0.58492  0.58485 
  7.74500  0.58397  0.58395 
  7.84500  0.58303  0.58297 
  7.94500  0.58209  0.58205 
  8.04500  0.58115  0.58112 
  8.14500  0.58021  0.58017 
  8.24500  0.57931  0.57925 
  8.34500  0.57838  0.57835 
  8.44500  0.57747  0.57743 
  8.54500  0.57656  0.57652 
  8.64500  0.57567  0.57562 
  8.74500  0.57478  0.57472 
  8.84500  0.57389  0.57383 
  8.94500  0.57301  0.57296 
  9.04500  0.57213  0.57208 
  9.14500  0.57128  0.57121 
  9.24500  0.57040  0.57034 
  9.34500  0.56955  0.56949 
  9.44500  0.56871  0.56864 
  9.54500  0.56787  0.56780 
  9.64500  0.56703  0.56697 
  9.74500  0.56621  0.56613 
  9.84500  0.56538  0.56531 
  9.94500  0.56458  0.56450 
 10.04500  0.56376  0.56370 
 10.14500  0.56296  0.56290 
 10.24500  0.56217  0.56210 
 10.34500  0.56138  0.56131 
 10.44500  0.56060  0.56053 
 10.54500  0.55983  0.55975 
 10.64500  0.55906  0.55898 
 10.74500  0.55830  0.55823 
 10.84500  0.55754  0.55747 
 10.94500  0.55680  0.55673 
 11.04500  0.55605  0.55597 
 11.14500  0.55532  0.55524 
 11.24500  0.55458  0.55451 
 11.34500  0.55386  0.55378 
 11.44500  0.55314  0.55306 
 11.54500  0.55243  0.55235 
 11.64500  0.55172  0.55165 
 11.74500  0.55101  0.55095 
 11.84500  0.55031  0.55025 
 11.94500  0.54963  0.54957 
 12.04500  0.54894  0.54887 
 12.14500  0.54826  0.54820 
 12.24500  0.54758  0.54753 
 12.34500  0.54691  0.54687 
 12.44500  0.54625  0.54620 
 12.54500  0.54558  0.54553 
 12.64500  0.54492  0.54487 
 12.74500  0.54426  0.54423 
 12.84500  0.54363  0.54358 
 12.94500  0.54298  0.54294 
 13.04500  0.54234  0.54230 
 13.14500  0.54171  0.54167 
 13.24500  0.54107  0.54104 
 13.34500  0.54044  0.54041 
 13.44500  0.53982  0.53979 
 13.54500  0.53920  0.53918 
 13.64500  0.53859  0.53857 
 13.74500  0.53798  0.53795 
 13.84500  0.53736  0.53735 
 13.94500  0.53676  0.53675 
 14.04500  0.53616  0.53615 
 14.14500  0.53556  0.53555 
 14.24500  0.53497  0.53497 
 14.34500  0.53438  0.53437 
 14.44500  0.53380  0.53379 
 14.54500  0.53320  0.53322 
 14.64500  0.53263  0.53263 
 14.74500  0.53205  0.53206 
 14.84500  0.53148  0.53148 
 14.94500  0.53091  0.53092 
 15.04500  0.53035  0.53036 
 15.14500  0.52978  0.52979 
 15.24500  0.52922  0.52924 
 15.34500  0.52867  0.52868 
 15.44500  0.52812  0.52813 
 15.54500  0.52757  0.52758 
 15.64500  0.52702  0.52705 
 15.74500  0.52648  0.52650 
 15.84500  0.52594  0.52595 
 15.94500  0.52541  0.52543 
 16.04500  0.52487  0.52490 
 16.14500  0.52436  0.52436 
 16.24500  0.52384  0.52385 
 16.34500  0.52332  0.52333 
 16.44500  0.52280  0.52280 
 16.54500  0.52229  0.52230 
 16.64500  0.52178  0.52180 
 16.74500  0.52129  0.52130 
 16.84500  0.52078  0.52080 
 16.94500  0.52030  0.52030 
 17.04500  0.51981  0.51980 
 17.14500  0.51933  0.51931 
 17.24500  0.51885  0.51885 
 17.34500  0.51837  0.51835 
 17.44500  0.51790  0.51790 
 17.54500  0.51745  0.51742 
 17.64500  0.51698  0.51696 
 17.74500  0.51653  0.51650 
 17.84500  0.51608  0.51606 
 17.94500  0.51564  0.51561 
 18.04500  0.51521  0.51517 
 18.14500  0.51478  0.51473 
 18.24500  0.51435  0.51431 
 18.34500  0.51393  0.51389 
 18.44500  0.51352  0.51348 
 18.54500  0.51313  0.51306 
 18.64500  0.51272  0.51266 
 18.74500  0.51233  0.51226 
 18.84500  0.51194  0.51188 
 18.94500  0.51156  0.51150 
 19.04500  0.51120  0.51113 
 19.14500  0.51084  0.51075 
 19.24500  0.51047  0.51040 
 19.34500  0.51013  0.51005 
 19.44500  0.50978  0.50972 
 19.54500  0.50944  0.50938 
 19.64500  0.50912  0.50905 
 19.74500  0.50881  0.50872 
 19.84500  0.50849  0.50841 
 19.94500  0.50820  0.50811 
 20.04500  0.50790  0.50781 
 20.14500  0.50761  0.50753 
 20.24500  0.50734  0.50725 
 20.34500  0.50707  0.50699 
 20.44500  0.50682  0.50672 
 20.54500  0.50657  0.50648 
 20.64500  0.50633  0.50624 
 20.74500  0.50610  0.50601 
 20.84500  0.50588  0.50579 
 20.94500  0.50566  0.50559 
 21.04500  0.50546  0.50539 
 21.14500  0.50528  0.50519 
 21.24500  0.50509  0.50502 
 21.34500  0.50491  0.50485 
 21.44500  0.50475  0.50468 
 21.54500  0.50460  0.50454 
 21.64500  0.50446  0.50439 
 21.74500  0.50433  0.50426 
 21.84500  0.50420  0.50415 
 21.94500  0.50409  0.50404 
 22.04500  0.50400  0.50394 
 22.14500  0.50390  0.50386 
 22.24500  0.50382  0.50380 
 22.34500  0.50376  0.50370 
 22.44500  0.50369  0.50368 
 22.54500  0.50366  0.50360 
 22.64500  0.50361  0.50360 
 22.74500  0.50358  0.50360 
 22.84500  0.50357  0.50360 
 22.94500  0.50357  0.50360 
 23.04500  0.50358  0.50360 
 23.14500  0.50361  0.50360 
 23.24500  0.50362  0.50360 
 23.34500  0.50367  0.50366 
 23.44500  0.50369  0.50370 
 23.54500  0.50377  0.50378 
 23.64500  0.50382  0.50384 
 23.74500  0.50392  0.50392 
 23.84500  0.50400  0.50401 
 23.94500  0.50409  0.50412 
 24.04500  0.50420  0.50423 
 24.14500  0.50432  0.50435 
 24.24500  0.50445  0.50447 
 24.34500  0.50458  0.50463 
 24.44500  0.50474  0.50476 
 24.54500  0.50490  0.50494 
 24.64500  0.50506  0.50510 
 24.74500  0.50524  0.50528 
 24.84500  0.50543  0.50547 
 24.94500  0.50562  0.50565 
 25.04500  0.50583  0.50587 
 25.14500  0.50604  0.50607 
 25.24500  0.50625  0.50629 
 25.34500  0.50647  0.50652 
 25.44500  0.50671  0.50675 
 25.54500  0.50695  0.50700 
 25.64500  0.50721  0.50725 
 25.74500  0.50746  0.50750 
 25.84500  0.50772  0.50776 
 25.94500  0.50799  0.50802 
 26.04500  0.50827  0.50830 
 26.14500  0.50855  0.50859 
 26.24500  0.50884  0.50887 
 26.34500  0.50913  0.50916 
 26.44500  0.50943  0.50946 
 26.54500  0.50974  0.50976 
 26.64500  0.51004  0.51006 
 26.74500  0.51035  0.51038 
 26.84500  0.51068  0.51068 
 26.94500  0.51099  0.51102 
 27.04500  0.51132  0.51132 
 27.14500  0.51165  0.51165 
 27.24500  0.51198  0.51198 
 27.34500  0.51232  0.51232 
 27.44500  0.51266  0.51265 
 27.54500  0.51299  0.51298 
 27.64500  0.51334  0.51332 
 27.74500  0.51368  0.51365 
 27.84500  0.51403  0.51398 
 27.94500  0.51437  0.51435 
 28.04500  0.51471  0.51468 
 28.14500  0.51505  0.51502 
 28.24500  0.51540  0.51535 
 28.34500  0.51575  0.51572 
 28.44500  0.51609  0.51605 
 28.54500  0.51643  0.51638 
 28.64500  0.51677  0.51672 
 28.74500  0.51712  0.51706 
 28.84500  0.51745  0.51742 
 28.94500  0.51780  0.51775 
 29.04500  0.51813  0.51808 
 29.14500  0.51846  0.51842 
 29.24500  0.51879  0.51873 
 29.34500  0.51912  0.51905 
 29.44500  0.51944  0.51938 
 29.54500  0.51976  0.51970 
 29.64500  0.52009  0.52002 
 29.74500  0.52039  0.52033 
 29.84500  0.52069  0.52064 
 29.94500  0.52101  0.52094 
 30.04500  0.52131  0.52124 
 30.14500  0.52160  0.52154 
 30.24500  0.52188  0.52183 
 30.34500  0.52217  0.52211 
 30.44500  0.52245  0.52240 
 30.54500  0.52272  0.52267 
 30.64500  0.52300  0.52294 
 30.74500  0.52326  0.52320 
 30.84500  0.52351  0.52347 
 30.94500  0.52376  0.52372 
 31.04500  0.52401  0.52396 
 31.14500  0.52424  0.52420 
 31.24500  0.52446  0.52443 
 31.34500  0.52470  0.52466 
 31.44500  0.52491  0.52488 
 31.54500  0.52512  0.52509 
 31.64500  0.52532  0.52529 
 31.74500  0.52552  0.52549 
 31.84500  0.52570  0.52569 
 31.94500  0.52587  0.52587 
 32.04500  0.52605  0.52605 
 32.14500  0.52622  0.52622 
 32.24500  0.52638  0.52638 
 32.34500  0.52653  0.52654 
 32.44500  0.52668  0.52669 
 32.54500  0.52680  0.52683 
 32.64500  0.52694  0.52696 
 32.74500  0.52706  0.52708 
 32.84500  0.52717  0.52719 
 32.94500  0.52727  0.52731 
 33.04500  0.52736  0.52741 
 33.14500  0.52746  0.52750 
 33.24500  0.52755  0.52760 
 33.34500  0.52761  0.52767 
 33.44500  0.52770  0.52773 
 33.54500  0.52774  0.52780 
 33.64500  0.52780  0.52786 
 33.74500  0.52785  0.52790 
 33.84500  0.52787  0.52793 
 33.94500  0.52790  0.52800 
 34.04500  0.52791  0.52800 
 34.14500  0.52795  0.52800 
 34.24500  0.52797  0.52800 
 34.34500  0.52797  0.52800 
 34.44500  0.52797  0.52800 
 34.54500  0.52793  0.52800 
 34.64500  0.52793  0.52800 
 34.74500  0.52789  0.52800 
 34.84500  0.52788  0.52791 
 34.94500  0.52785  0.52790 
 35.04500  0.52781  0.52786 
 35.14500  0.52774  0.52780 
 35.24500  0.52768  0.52774 
 35.34500  0.52763  0.52769 
 35.44500  0.52754  0.52760 
 35.54500  0.52748  0.52753 
 35.64500  0.52739  0.52745 
 35.74500  0.52732  0.52736 
 35.84500  0.52722  0.52727 
 35.94500  0.52712  0.52716 
 36.04500  0.52703  0.52706 
 36.14500  0.52691  0.52695 
 36.24500  0.52680  0.52684 
 36.34500  0.52668  0.52672 
 36.44500  0.52656  0.52658 
 36.54500  0.52644  0.52646 
 36.64500  0.52631  0.52633 
 36.74500  0.52618  0.52618 
 36.84500  0.52603  0.52605 
 36.94500  0.52589  0.52589 
 37.04500  0.52575  0.52575 
 37.14500  0.52559  0.52559 
 37.24500  0.52544  0.52544 
 37.34500  0.52528  0.52526 
 37.44500  0.52512  0.52510 
 37.54500  0.52496  0.52494 
 37.64500  0.52479  0.52476 
 37.74500  0.52462  0.52460 
 37.84500  0.52445  0.52442 
 37.94500  0.52427  0.52424 
 38.04500  0.52409  0.52405 
 38.14500  0.52391  0.52387 
 38.24500  0.52373  0.52369 
 38.34500  0.52355  0.52350 
 38.44500  0.52335  0.52331 
 38.54500  0.52317  0.52312 
 38.64500  0.52298  0.52293 
 38.74500  0.52278  0.52273 
 38.84500  0.52259  0.52254 
 38.94500  0.52240  0.52235 
 39.04500  0.52220  0.52215 
 39.14500  0.52201  0.52195 
 39.24500  0.52181  0.52175 
 39.34500  0.52161  0.52155 
 39.44500  0.52141  0.52135 
 39.54500  0.52121  0.52115 
 39.64500  0.52100  0.52095 
 39.74500  0.52080  0.52075 
 39.84500  0.52060  0.52055 
 39.94500  0.52040  0.52035 
 40.04500  0.52019  0.52015 
 40.14500  0.51999  0.51995 
 40.24500  0.51979  0.51975 
 40.34500  0.51958  0.51954 
 40.44500  0.51938  0.51933 
 40.54500  0.51918  0.51913 
 40.64500  0.51898  0.51895 
 40.74500  0.51878  0.51875 
 40.84500  0.51858  0.51855 
 40.94500  0.51837  0.51835 
 41.04500  0.51818  0.51815 
 41.14500  0.51797  0.51795 
 41.24500  0.51777  0.51775 
 41.34500  0.51758  0.51755 
 41.44500  0.51738  0.51737 
 41.54500  0.51718  0.51717 
 41.64500  0.51698  0.51697 
 41.74500  0.51678  0.51679 
 41.84500  0.51658  0.51659 
 41.94500  0.51640  0.51640 
 42.04500  0.51620  0.51621 
 42.14500  0.51600  0.51602 
 42.24500  0.51581  0.51583 
 42.34500  0.51562  0.51564 
 42.44500  0.51542  0.51545 
 42.54500  0.51523  0.51525 
 42.64500  0.51505  0.51507 
 42.74500  0.51485  0.51488 
 42.84500  0.51466  0.51469 
 42.94500  0.51446  0.51451 
 43.04500  0.51427  0.51432 
 43.14500  0.51408  0.51413 
 43.24500  0.51390  0.51394 
 43.34500  0.51371  0.51375 
 43.44500  0.51351  0.51355 
 43.54500  0.51331  0.51337 
 43.64500  0.51313  0.51317 
 43.74500  0.51293  0.51299 
 43.84500  0.51274  0.51279 
 43.94500  0.51254  0.51259 
 44.04500  0.51234  0.51241 
 44.14500  0.51215  0.51221 
 44.24500  0.51195  0.51201 
 44.34500  0.51175  0.51181 
 44.44500  0.51154  0.51161 
 44.54500  0.51135  0.51141 
 44.64500  0.51114  0.51119 
 44.74500  0.51092  0.51099 
 44.84500  0.51072  0.51077 
 44.94500  0.51051  0.51056 
 45.04500  0.51030  0.51034 
 45.14500  0.51008  0.51012 
 45.24500  0.50985  0.50990 
 45.34500  0.50963  0.50968 
 45.44500  0.50940  0.50944 
 45.54500  0.50916  0.50920 
 45.64500  0.50893  0.50898 
 45.74500  0.50869  0.50872 
 45.84500  0.50844  0.50848 
 45.94500  0.50819  0.50822 
 46.04500  0.50794  0.50797 
 46.14500  0.50768  0.50770 
 46.24500  0.50741  0.50744 
 46.34500  0.50714  0.50716 
 46.44500  0.50687  0.50689 
 46.54500  0.50658  0.50660 
 46.64500  0.50630  0.50631 
 46.74500  0.50600  0.50601 
 46.84500  0.50570  0.50571 
 46.94500  0.50539  0.50539 
 47.04500  0.50507  0.50508 
 47.14500  0.50475  0.50475 
 47.24500  0.50442  0.50442 
 47.34500  0.50408  0.50408 
 47.44500  0.50373  0.50372 
 47.54500  0.50338  0.50337 
 47.64500  0.50301  0.50300 
 47.74500  0.50264  0.50264 
 47.84500  0.50226  0.50225 
 47.94500  0.50187  0.50186 
 48.04500  0.50147  0.50146 
 48.14500  0.50106  0.50105 
 48.24500  0.50064  0.50063 
 48.34500  0.50022  0.50021 
 48.44500  0.49978  0.49977 
 48.54500  0.49933  0.49931 
 48.64500  0.49887  0.49885 
 48.74500  0.49841  0.49840 
 48.84500  0.49792  0.49790 
 48.94500  0.49743  0.49740 
 49.04500  0.49693  0.49690 
 49.14500  0.49642  0.49640 
 49.24500  0.49590  0.49589 
 49.34500  0.49536  0.49535 
 49.44500  0.49482  0.49480 
 49.54500  0.49426  0.49424 
 49.64500  0.49368  0.49367 
 49.74500  0.49310  0.49309 
 49.84500  0.49250  0.49251 
 49.94500  0.49190  0.49189 
 50.04500  0.49127  0.49128 
 50.14500  0.49064  0.49065 
 50.24500  0.49000  0.49000 
 50.34500  0.48934  0.48933 
 50.44500  0.48867  0.48867 
 50.54500  0.48798  0.48800 
 50.64500  0.48729  0.48730 
 50.74500  0.48657  0.48659 
 50.84500  0.48585  0.48587 
 50.94500  0.48511  0.48515 
 51.04500  0.48436  0.48440 
 51.14500  0.48360  0.48363 
 51.24500  0.48283  0.48286 
 51.34500  0.48203  0.48206 
 51.44500  0.48123  0.48126 
 51.54500  0.48041  0.48045 
 51.64500  0.47957  0.47961 
 51.74500  0.47873  0.47878 
 51.84500  0.47787  0.47791 
 51.94500  0.47699  0.47705 
 52.04500  0.47611  0.47616 
 52.14500  0.47521  0.47526 
 52.24500  0.47429  0.47435 
 52.34500  0.47336  0.47343 
 52.44500  0.47241  0.47246 
 52.54500  0.47147  0.47155 
 52.64500  0.47049  0.47055 
 52.74500  0.46949  0.46955 
 52.84500  0.46848  0.46855 
 52.94500  0.46748  0.46755 
 53.04500  0.46647  0.46655 
 53.14500  0.46542  0.46548 
 53.24500  0.46437  0.46445 
 53.34500  0.46330  0.46336 
 53.44500  0.46221  0.46229 
 53.54500  0.46113  0.46119 
 53.64500  0.46001  0.46009 
 53.74500  0.45889  0.45896 
 53.84500  0.45775  0.45782 
 53.94500  0.45660  0.45667 
 54.04500  0.45545  0.45550 
 54.14500  0.45426  0.45433 
 54.24500  0.45306  0.45314 
 54.34500  0.45186  0.45194 
 54.44500  0.45064  0.45072 
 54.54500  0.44942  0.44949 
 54.64500  0.44818  0.44825 
 54.74500  0.44693  0.44699 
 54.84500  0.44567  0.44572 
 54.94500  0.44439  0.44445 
 55.04500  0.44309  0.44315 
 55.14500  0.44180  0.44185 
 55.24500  0.44047  0.44053 
 55.34500  0.43915  0.43920 
 55.44500  0.43782  0.43787 
 55.54500  0.43646  0.43652 
 55.64500  0.43511  0.43516 
 55.74500  0.43375  0.43379 
 55.84500  0.43236  0.43241 
 55.94500  0.43097  0.43101 
 56.04500  0.42957  0.42961 
 56.14500  0.42816  0.42821 
 56.24500  0.42675  0.42678 
 56.34500  0.42533  0.42536 
 56.44500  0.42388  0.42392 
 56.54500  0.42245  0.42247 
 56.64500  0.42099  0.42103 
 56.74500  0.41953  0.41956 
 56.84500  0.41807  0.41810 
 56.94500  0.41660  0.41662 
 57.04500  0.41511  0.41515 
 57.14500  0.41363  0.41365 
 57.24500  0.41214  0.41215 
 57.34500  0.41065  0.41065 
 57.44500  0.40914  0.40915 
 57.54500  0.40764  0.40765 
 57.64500  0.40613  0.40615 
 57.74500  0.40461  0.40465 
 57.84500  0.40310  0.40312 
 57.94500  0.40159  0.40160 
 58.04500  0.40006  0.40010 
 58.14500  0.39854  0.39855 
 58.24500  0.39702  0.39705 
 58.34500  0.39549  0.39552 
 58.44500  0.39398  0.39400 
 58.54500  0.39246  0.39250 
 58.64500  0.39094  0.39095 
 58.74500  0.38943  0.38945 
 58.84500  0.38791  0.38795 
 58.94500  0.38639  0.38642 
 59.04500  0.38490  0.38490 
 59.14500  0.38338  0.38340 
 59.24500  0.38190  0.38190 
 59.34500  0.38041  0.38045 
 59.44500  0.37891  0.37895 
 59.54500  0.37744  0.37746 
 59.64500  0.37597  0.37600 
 59.74500  0.37451  0.37454 
 59.84500  0.37306  0.37308 
 59.94500  0.37161  0.37164 
 60.04500  0.37019  0.37022 
 60.14500  0.36875  0.36879 
 60.24500  0.36736  0.36739 
 60.34500  0.36596  0.36599 
 60.44500  0.36457  0.36461 
 60.54500  0.36320  0.36324 
 60.64500  0.36185  0.36188 
 60.74500  0.36050  0.36053 
 60.84500  0.35919  0.35922 
 60.94500  0.35788  0.35791 
 61.04500  0.35659  0.35662 
 61.14500  0.35532  0.35535 
 61.24500  0.35407  0.35410 
 61.34500  0.35283  0.35286 
 61.44500  0.35163  0.35166 
 61.54500  0.35044  0.35046 
 61.64500  0.34924  0.34929 
 61.74500  0.34812  0.34814 
 61.84500  0.34699  0.34701 
 61.94500  0.34588  0.34591 
 62.04500  0.34480  0.34485 
 62.14500  0.34375  0.34375 
 62.24500  0.34272  0.34275 
 62.34500  0.34171  0.34175 
 62.44500  0.34073  0.34075 
 62.54500  0.33979  0.33982 
 62.64500  0.33886  0.33889 
 62.74500  0.33797  0.33799 
 62.84500  0.33711  0.33712 
 62.94500  0.33627  0.33629 
 63.04500  0.33546  0.33548 
 63.14500  0.33469  0.33470 
 63.24500  0.33394  0.33395 
 63.34500  0.33323  0.33324 
 63.44500  0.33254  0.33257 
 63.54500  0.33189  0.33190 
 63.64500  0.33127  0.33128 
 63.74500  0.33068  0.33069 
 63.84500  0.33013  0.33014 
 63.94500  0.32961  0.32960 
 64.04500  0.32913  0.32912 
 64.14500  0.32867  0.32868 
 64.24500  0.32825  0.32826 
 64.34500  0.32788  0.32787 
 64.44500  0.32753  0.32752 
 64.54500  0.32722  0.32721 
 64.64500  0.32694  0.32692 
 64.74500  0.32669  0.32668 
 64.84500  0.32648  0.32647 
 64.94500  0.32631  0.32631 
 65.04500  0.32618  0.32616 
 65.14500  0.32609  0.32607 
 65.24500  0.32600  0.32600 
