  0.04500  1.00001  1.00000 
  0.14500  1.00001  1.00000 
  0.24500  1.00000  1.00000 
  0.34500  1.00001  1.00000 
  0.44500  1.00001  1.00000 
  0.54500  1.00001  1.00000 
  0.64500  1.00001  1.00000 
  0.74500  1.00001  1.00000 
  0.84500  1.00001  1.00000 
  0.94500  1.00001  1.00000 
  1.04500  1.00001  1.00000 
  1.14500  1.00001  1.00000 
  1.24500  1.00000  1.00000 
  1.34500  1.00001  1.00000 
  1.44500  1.00001  1.00000 
  1.54500  1.00001  1.00000 
  1.64500  1.00001  1.00000 
  1.74500  1.00001  1.00000 
  1.84500  1.00001  1.00000 
  1.94500  1.00001  1.00000 
  2.04500  1.00000  1.00000 
  2.14500  1.00000  1.00000 
  2.24500  1.00000  1.00000 
  2.34500  1.00000  1.00000 
  2.44500  1.00000  1.00000 
  2.54500  1.00001  1.00000 
  2.64500  1.00001  1.00000 
  2.74500  1.00001  1.00000 
  2.84500  1.00002  0.99992 
  2.94500  0.99987  0.99976 
  3.04500  0.99941  0.99929 
  3.14500  0.99819  0.99812 
  3.24500  0.99533  0.99537 
  3.34500  0.98925  0.98939 
  3.44500  0.97741  0.97760 
  3.54500  0.95623  0.95624 
  3.64500  0.92121  0.92087 
  3.74500  0.86798  0.86720 
  3.84500  0.79362  0.79261 
  3.94500  0.69846  0.69773 
  4.04500  0.58704  0.58711 
  4.14500  0.46924  0.46908 
  4.24500  0.35330  0.35373 
  4.34500  0.24952  0.25047 
  4.44500  0.16491  0.16585 
  4.54500  0.10176  0.10233 
  4.64500  0.05852  0.05866 
  4.74500  0.03129  0.03117 
  4.84500  0.01551  0.01533 
  4.94500  0.00705  0.00695 
  5.04500  0.00290  0.00291 
  5.14500  0.00104  0.00112 
  5.24500  0.00030  0.00041 
  5.34500  0.00004  0.00013 
  5.44500 -0.00001  0.00003 
  5.54500 -0.00001  0.00000 
  5.64500 -0.00001  0.00000 
  5.74500  0.00001  0.00000 
  5.84500  0.00001  0.00000 
  5.94500  0.00001  0.00000 
  6.04500 -0.00000  0.00000 
  6.14500  0.00001  0.00000 
  6.24500  0.00001  0.00000 
  6.34500  0.00001  0.00000 
  6.44500  0.00000  0.00000 
  6.54500  0.00000  0.00000 
  6.64500  0.00001  0.00000 
  6.74500  0.00001  0.00000 
  6.84500  0.00000  0.00000 
  6.94500 -0.00001  0.00000 
  7.04500 -0.00001  0.00000 
  7.14500 -0.00000  0.00007 
  7.24500  0.00011  0.00021 
  7.34500  0.00053  0.00064 
  7.44500  0.00165  0.00171 
  7.54500  0.00432  0.00426 
  7.64500  0.01001  0.00987 
  7.74500  0.02119  0.02099 
  7.84500  0.04133  0.04127 
  7.94500  0.07489  0.07517 
  8.04500  0.12629  0.12703 
  8.14500  0.19866  0.19964 
  8.24500  0.29204  0.29281 
  8.34500  0.40226  0.40229 
  8.44500  0.51995  0.52005 
  8.54500  0.63641  0.63605 
  8.64500  0.74168  0.74076 
  8.74500  0.82821  0.82725 
  8.84500  0.89331  0.89273 
  8.94500  0.93824  0.93808 
  9.04500  0.96675  0.96687 
  9.14500  0.98342  0.98360 
  9.24500  0.99239  0.99250 
  9.34500  0.99684  0.99685 
  9.44500  0.99885  0.99878 
  9.54500  0.99967  0.99955 
  9.64500  0.99996  0.99986 
  9.74500  1.00001  0.99996 
  9.84500  1.00001  1.00000 
  9.94500  1.00002  1.00000 
 10.04500  1.00000  1.00000 
 10.14500  1.00000  1.00000 
 10.24500  1.00000  1.00000 
 10.34500  1.00001  1.00000 
 10.44500  1.00000  1.00000 
 10.54500  1.00001  1.00000 
 10.64500  1.00001  1.00000 
 10.74500  1.00001  1.00000 
 10.84500  1.00000  1.00000 
 10.94500  1.00001  1.00000 
 11.04500  1.00000  1.00000 
 11.14500  1.00000  1.00000 
 11.24500  1.00000  1.00000 
 11.34500  1.00001  1.00000 
 11.44500  1.00002  1.00000 
 11.54500  1.00002  1.00000 
 11.64500  0.99999  0.99989 
 11.74500  0.99981  0.99970 
 11.84500  0.99925  0.99913 
 11.94500  0.99777  0.99774 
 12.04500  0.99439  0.99446 
 12.14500  0.98735  0.98751 
 12.24500  0.97391  0.97406 
 12.34500  0.95020  0.95018 
 12.44500  0.91173  0.91130 
 12.54500  0.85425  0.85340 
 12.64500  0.77538  0.77439 
 12.74500  0.67632  0.67568 
 12.84500  0.56248  0.56276 
 12.94500  0.44472  0.44444 
 13.04500  0.33032  0.33087 
 13.14500  0.23014  0.23112 
 13.24500  0.14995  0.15082 
 13.34500  0.09120  0.09165 
 13.44500  0.05168  0.05172 
 13.54500  0.02721  0.02704 
 13.64500  0.01326  0.01308 
 13.74500  0.00592  0.00584 
 13.84500  0.00238  0.00239 
 13.94500  0.00083  0.00091 
 14.04500  0.00021  0.00032 
 14.14500  0.00002  0.00011 
 14.24500 -0.00002  0.00001 
 14.34500 -0.00001  0.00000 
 14.44500 -0.00000  0.00000 
 14.54500  0.00001  0.00000 
 14.64500  0.00000  0.00000 
 14.74500  0.00001  0.00000 
 14.84500 -0.00000  0.00000 
 14.94500  0.00000  0.00000 
 15.04500 -0.00000  0.00000 
 15.14500  0.00001  0.00000 
 15.24500  0.00000  0.00000 
 15.34500  0.00000  0.00000 
 15.44500 -0.00001  0.00000 
 15.54500 -0.00001  0.00000 
 15.64500 -0.00001  0.00002 
 15.74500  0.00003  0.00012 
 15.84500  0.00026  0.00037 
 15.94500  0.00093  0.00101 
 16.04500  0.00265  0.00269 
 16.14500  0.00651  0.00642 
 16.24500  0.01444  0.01423 
 16.34500  0.02937  0.02920 
 16.44500  0.05530  0.05538 
 16.54500  0.09681  0.09731 
 16.64500  0.15791  0.15882 
 16.74500  0.24048  0.24144 
 16.84500  0.34264  0.34313 
 16.94500  0.45793  0.45772 
 17.04500  0.57578  0.57594 
 17.14500  0.68834  0.68767 
 17.24500  0.78534  0.78434 
 17.34500  0.86177  0.86097 
 17.44500  0.91695  0.91658 
 17.54500  0.95353  0.95352 
 17.64500  0.97586  0.97604 
 17.74500  0.98842  0.98855 
 17.84500  0.99491  0.99496 
 17.94500  0.99801  0.99795 
 18.04500  0.99935  0.99923 
 18.14500  0.99985  0.99973 
 18.24500  1.00001  0.99991 
 18.34500  1.00002  1.00000 
 18.44500  1.00001  1.00000 
 18.54500  1.00001  1.00000 
 18.64500  1.00000  1.00000 
 18.74500  1.00001  1.00000 
 18.84500  1.00000  1.00000 
 18.94500  1.00001  1.00000 
 19.04500  1.00001  1.00000 
 19.14500  1.00001  1.00000 
 19.24500  1.00001  1.00000 
 19.34500  1.00001  1.00000 
 19.44500  1.00000  1.00000 
 19.54500  1.00001  1.00000 
 19.64500  1.00000  1.00000 
 19.74500  1.00000  1.00000 
 19.84500  1.00000  1.00000 
 19.94500  1.00002  1.00000 
 20.04500  1.00002  1.00000 
 20.14500  1.00001  0.99995 
 20.24500  0.99994  0.99984 
 20.34500  0.99960  0.99949 
 20.44500  0.99871  0.99864 
 20.54500  0.99649  0.99647 
 20.64500  0.99165  0.99178 
 20.74500  0.98199  0.98218 
 20.84500  0.96421  0.96432 
 20.94500  0.93410  0.93389 
 21.04500  0.88704  0.88640 
 21.14500  0.81954  0.81854 
 21.24500  0.73068  0.72977 
 21.34500  0.62364  0.62341 
 21.44500  0.50665  0.50668 
 21.54500  0.38923  0.38938 
 21.64500  0.28056  0.28141 
 21.74500  0.18942  0.19041 
 21.84500  0.11948  0.12017 
 21.94500  0.07028  0.07052 
 22.04500  0.03847  0.03838 
 22.14500  0.01954  0.01935 
 22.24500  0.00914  0.00903 
 22.34500  0.00390  0.00387 
 22.44500  0.00147  0.00154 
 22.54500  0.00046  0.00057 
 22.64500  0.00008  0.00019 
 22.74500 -0.00001  0.00006 
 22.84500 -0.00001  0.00000 
 22.94500 -0.00001  0.00000 
 23.04500  0.00000  0.00000 
 23.14500 -0.00000  0.00000 
 23.24500  0.00001  0.00000 
 23.34500  0.00000  0.00000 
 23.44500 -0.00000  0.00000 
 23.54500 -0.00000  0.00000 
 23.64500  0.00000  0.00000 
 23.74500  0.00001  0.00000 
 23.84500  0.00000  0.00000 
 23.94500  0.00001  0.00000 
 24.04500 -0.00001  0.00000 
 24.14500 -0.00002  0.00000 
 24.24500 -0.00000  0.00006 
 24.34500  0.00010  0.00020 
 24.44500  0.00049  0.00059 
 24.54500  0.00157  0.00163 
 24.64500  0.00411  0.00409 
 24.74500  0.00962  0.00946 
 24.84500  0.02042  0.02022 
 24.94500  0.04001  0.03995 
 25.04500  0.07276  0.07304 
 25.14500  0.12316  0.12388 
 25.24500  0.19443  0.19542 
 25.34500  0.28680  0.28760 
 25.44500  0.39633  0.39640 
 25.54500  0.51391  0.51396 
 25.64500  0.63064  0.63034 
 25.74500  0.73670  0.73580 
 25.84500  0.82430  0.82334 
 25.94500  0.89050  0.88989 
 26.04500  0.93638  0.93619 
 26.14500  0.96563  0.96572 
 26.24500  0.98276  0.98296 
 26.34500  0.99207  0.99218 
 26.44500  0.99668  0.99668 
 26.54500  0.99879  0.99870 
 26.64500  0.99963  0.99954 
 26.74500  0.99994  0.99985 
 26.84500  1.00001  0.99996 
 26.94500  1.00002  1.00000 
 27.04500  1.00003  1.00000 
 27.14500  1.00000  1.00000 
 27.24500  1.00001  1.00000 
 27.34500  1.00000  1.00000 
 27.44500  1.00001  1.00000 
 27.54500  1.00000  1.00000 
 27.64500  1.00001  1.00000 
 27.74500  1.00001  1.00000 
 27.84500  1.00001  1.00000 
 27.94500  1.00001  1.00000 
 28.04500  1.00001  1.00000 
 28.14500  1.00001  1.00000 
 28.24500  1.00001  1.00000 
 28.34500  1.00001  1.00000 
 28.44500  1.00001  1.00000 
 28.54500  1.00001  1.00000 
 28.64500  1.00000  1.00000 
 28.74500  1.00000  1.00000 
 28.84500  1.00000  1.00000 
 28.94500  1.00001  1.00000 
 29.04500  1.00000  1.00000 
 29.14500  1.00001  1.00000 
 29.24500  1.00001  1.00000 
 29.34500  1.00002  1.00000 
 29.44500  1.00001  0.99991 
 29.54500  0.99985  0.99973 
 29.64500  0.99935  0.99923 
 29.74500  0.99802  0.99795 
 29.84500  0.99492  0.99496 
 29.94500  0.98845  0.98861 
 30.04500  0.97590  0.97607 
 30.14500  0.95364  0.95365 
 30.24500  0.91710  0.91673 
 30.34500  0.86200  0.86120 
 30.44500  0.78564  0.78463 
 30.54500  0.68871  0.68802 
 30.64500  0.57619  0.57634 
 30.74500  0.45834  0.45812 
 30.84500  0.34303  0.34351 
 30.94500  0.24081  0.24175 
 31.04500  0.15817  0.15905 
 31.14500  0.09697  0.09748 
 31.24500  0.05541  0.05549 
 31.34500  0.02943  0.02927 
 31.44500  0.01448  0.01430 
 31.54500  0.00653  0.00644 
 31.64500  0.00266  0.00270 
 31.74500  0.00093  0.00101 
 31.84500  0.00026  0.00037 
 31.94500  0.00003  0.00012 
 32.04500 -0.00002  0.00002 
 32.14500 -0.00001  0.00000 
 32.24500 -0.00001  0.00000 
 32.34500  0.00001  0.00000 
 32.44500  0.00001  0.00000 
 32.54500  0.00001  0.00000 
 32.64500  0.00000  0.00000 
 32.74500  0.00001  0.00000 
 32.84500  0.00000  0.00000 
 32.94500 -0.00000  0.00000 
 33.04500 -0.00000  0.00000 
 33.14500 -0.00000  0.00000 
 33.24500 -0.00001  0.00000 
 33.34500 -0.00000  0.00000 
 33.44500 -0.00000  0.00000 
 33.54500 -0.00000  0.00000 
 33.64500  0.00001  0.00000 
 33.74500  0.00000  0.00000 
 33.84500  0.00001  0.00000 
 33.94500  0.00001  0.00000 
 34.04500  0.00001  0.00000 
 34.14500 -0.00000  0.00000 
 34.24500 -0.00001  0.00000 
 34.34500 -0.00002  0.00000 
 34.44500  0.00001  0.00011 
 34.54500  0.00020  0.00030 
 34.64500  0.00076  0.00087 
 34.74500  0.00222  0.00226 
 34.84500  0.00558  0.00551 
 34.94500  0.01260  0.01243 
 35.04500  0.02600  0.02584 
 35.14500  0.04966  0.04967 
 35.24500  0.08804  0.08847 
 35.34500  0.14543  0.14628 
 35.44500  0.22420  0.22518 
 35.54500  0.32319  0.32379 
 35.64500  0.43695  0.43668 
 35.74500  0.55471  0.55501 
 35.84500  0.66916  0.66861 
 35.94500  0.76944  0.76845 
 36.04500  0.84971  0.84883 
 36.14500  0.90857  0.90811 
 36.24500  0.94818  0.94812 
 36.34500  0.97270  0.97287 
 36.44500  0.98671  0.98687 
 36.54500  0.99407  0.99412 
 36.64500  0.99763  0.99760 
 36.74500  0.99918  0.99908 
 36.84500  0.99978  0.99968 
 36.94500  0.99999  0.99989 
 37.04500  1.00002  0.99999 
 37.14500  1.00002  1.00000 
 37.24500  1.00001  1.00000 
 37.34500  1.00000  1.00000 
 37.44500  1.00000  1.00000 
 37.54500  1.00000  1.00000 
 37.64500  1.00001  1.00000 
 37.74500  1.00000  1.00000 
 37.84500  1.00001  1.00000 
 37.94500  1.00001  1.00000 
 38.04500  1.00002  1.00000 
 38.14500  1.00001  1.00000 
 38.24500  1.00001  1.00000 
 38.34500  1.00000  1.00000 
 38.44500  1.00000  1.00000 
 38.54500  1.00000  1.00000 
 38.64500  1.00000  1.00000 
 38.74500  1.00000  1.00000 
 38.84500  1.00001  1.00000 
 38.94500  1.00002  1.00000 
 39.04500  1.00002  1.00000 
 39.14500  0.99999  0.99991 
 39.24500  0.99983  0.99971 
 39.34500  0.99930  0.99920 
 39.44500  0.99789  0.99785 
 39.54500  0.99467  0.99472 
 39.64500  0.98791  0.98809 
 39.74500  0.97494  0.97511 
 39.84500  0.95198  0.95195 
 39.94500  0.91450  0.91410 
 40.04500  0.85824  0.85741 
 40.14500  0.78065  0.77965 
 40.24500  0.68266  0.68201 
 40.34500  0.56949  0.56971 
 40.44500  0.45166  0.45139 
 40.54500  0.33678  0.33730 
 40.64500  0.23554  0.23650 
 40.74500  0.15410  0.15499 
 40.84500  0.09412  0.09459 
 40.94500  0.05356  0.05362 
 41.04500  0.02832  0.02818 
 41.14500  0.01386  0.01367 
 41.24500  0.00623  0.00614 
 41.34500  0.00252  0.00254 
 41.44500  0.00088  0.00098 
 41.54500  0.00025  0.00033 
 41.64500  0.00003  0.00012 
 41.74500 -0.00001  0.00001 
 41.84500 -0.00001  0.00000 
 41.94500 -0.00001  0.00000 
 42.04500  0.00000  0.00000 
 42.14500  0.00000  0.00000 
 42.24500  0.00000  0.00000 
 42.34500 -0.00000  0.00000 
 42.44500  0.00001  0.00000 
 42.54500 -0.00000  0.00000 
 42.64500 -0.00000  0.00000 
 42.74500 -0.00000  0.00000 
 42.84500 -0.00000  0.00000 
 42.94500  0.00001  0.00000 
 43.04500 -0.00000  0.00000 
 43.14500  0.00001  0.00000 
 43.24500  0.00000  0.00000 
 43.34500  0.00000  0.00000 
 43.44500 -0.00001  0.00000 
 43.54500 -0.00001  0.00000 
 43.64500 -0.00001  0.00006 
 43.74500  0.00009  0.00019 
 43.84500  0.00045  0.00057 
 43.94500  0.00145  0.00154 
 44.04500  0.00389  0.00387 
 44.14500  0.00913  0.00899 
 44.24500  0.01950  0.01931 
 44.34500  0.03839  0.03830 
 44.44500  0.07014  0.07040 
 44.54500  0.11927  0.11997 
 44.64500  0.18915  0.19013 
 44.74500  0.28021  0.28104 
 44.84500  0.38883  0.38898 
 44.94500  0.50625  0.50626 
 45.04500  0.62326  0.62304 
 45.14500  0.73033  0.72945 
 45.24500  0.81927  0.81828 
 45.34500  0.88685  0.88620 
 45.44500  0.93395  0.93374 
 45.54500  0.96413  0.96423 
 45.64500  0.98194  0.98213 
 45.74500  0.99162  0.99175 
 45.84500  0.99648  0.99646 
 45.94500  0.99870  0.99863 
 46.04500  0.99960  0.99949 
 46.14500  0.99994  0.99984 
 46.24500  1.00001  0.99995 
 46.34500  1.00002  1.00000 
 46.44500  1.00002  1.00000 
 46.54500  1.00000  1.00000 
 46.64500  1.00000  1.00000 
 46.74500  1.00000  1.00000 
 46.84500  1.00001  1.00000 
 46.94500  1.00000  1.00000 
 47.04500  1.00000  1.00000 
 47.14500  1.00001  1.00000 
 47.24500  1.00001  1.00000 
 47.34500  1.00001  1.00000 
 47.44500  1.00001  1.00000 
 47.54500  1.00001  1.00000 
 47.64500  1.00001  1.00000 
 47.74500  1.00001  1.00000 
 47.84500  1.00001  1.00000 
 47.94500  1.00001  1.00000 
 48.04500  1.00000  1.00000 
 48.14500  1.00000  1.00000 
 48.24500  1.00000  1.00000 
 48.34500  1.00000  1.00000 
 48.44500  1.00000  1.00000 
 48.54500  1.00001  1.00000 
 48.64500  1.00002  1.00000 
 48.74500  1.00002  1.00000 
 48.84500  1.00000  0.99992 
 48.94500  0.99986  0.99976 
 49.04500  0.99939  0.99928 
 49.14500  0.99814  0.99809 
 49.24500  0.99521  0.99526 
 49.34500  0.98900  0.98916 
 49.44500  0.97698  0.97712 
 49.54500  0.95546  0.95548 
 49.64500  0.91999  0.91966 
 49.74500  0.86621  0.86541 
 49.84500  0.79124  0.79025 
 49.94500  0.69555  0.69481 
 50.04500  0.58380  0.58388 
 50.14500  0.46596  0.46579 
 50.24500  0.35021  0.35066 
 50.34500  0.24689  0.24784 
 50.44500  0.16288  0.16380 
 50.54500  0.10031  0.10085 
 50.64500  0.05757  0.05769 
 50.74500  0.03072  0.03059 
 50.84500  0.01520  0.01501 
 50.94500  0.00690  0.00680 
 51.04500  0.00283  0.00285 
 51.14500  0.00101  0.00109 
 51.24500  0.00029  0.00039 
 51.34500  0.00003  0.00013 
 51.44500 -0.00001  0.00002 
 51.54500 -0.00001  0.00000 
 51.64500 -0.00001  0.00000 
 51.74500  0.00001  0.00000 
 51.84500  0.00001  0.00000 
 51.94500  0.00001  0.00000 
 52.04500 -0.00000  0.00000 
 52.14500  0.00000  0.00000 
 52.24500 -0.00000  0.00000 
 52.34500 -0.00001  0.00000 
 52.44500 -0.00000  0.00000 
 52.54500 -0.00000  0.00000 
 52.64500  0.00001  0.00000 
 52.74500 -0.00000  0.00000 
 52.84500  0.00001  0.00000 
 52.94500  0.00000  0.00000 
 53.04500  0.00001  0.00000 
 53.14500 -0.00001  0.00000 
 53.24500 -0.00001  0.00000 
 53.34500 -0.00000  0.00005 
 53.44500  0.00006  0.00016 
 53.54500  0.00039  0.00050 
 53.64500  0.00129  0.00134 
 53.74500  0.00347  0.00345 
 53.84500  0.00827  0.00814 
 53.94500  0.01784  0.01766 
 54.04500  0.03550  0.03539 
 54.14500  0.06544  0.06564 
 54.24500  0.11225  0.11287 
 54.34500  0.17949  0.18045 
 54.44500  0.26807  0.26896 
 54.54500  0.37490  0.37514 
 54.64500  0.49186  0.49181 
 54.74500  0.60930  0.60918 
 54.84500  0.71817  0.71734 
 54.94500  0.80955  0.80857 
 55.04500  0.87978  0.87907 
 55.14500  0.92920  0.92896 
 55.24500  0.96121  0.96128 
 55.34500  0.98027  0.98047 
 55.44500  0.99076  0.99089 
 55.54500  0.99606  0.99610 
 55.64500  0.99852  0.99844 
 55.74500  0.99954  0.99943 
 55.84500  0.99992  0.99981 
 55.94500  1.00001  0.99994 
 56.04500  1.00002  1.00000 
 56.14500  1.00002  1.00000 
 56.24500  1.00000  1.00000 
 56.34500  1.00001  1.00000 
 56.44500  1.00000  1.00000 
 56.54500  1.00001  1.00000 
 56.64500  1.00000  1.00000 
 56.74500  1.00000  1.00000 
 56.84500  1.00000  1.00000 
 56.94500  1.00000  1.00000 
 57.04500  1.00000  1.00000 
 57.14500  1.00000  1.00000 
 57.24500  1.00000  1.00000 
 57.34500  1.00002  1.00000 
 57.44500  1.00002  1.00000 
 57.54500  1.00001  0.99999 
 57.64500  0.99998  0.99988 
 57.74500  0.99976  0.99967 
 57.84500  0.99913  0.99903 
 57.94500  0.99750  0.99747 
 58.04500  0.99380  0.99387 
 58.14500  0.98616  0.98634 
 58.24500  0.97174  0.97191 
 58.34500  0.94657  0.94649 
 58.44500  0.90605  0.90560 
 58.54500  0.84614  0.84524 
 58.64500  0.76477  0.76378 
 58.74500  0.66359  0.66307 
 58.84500  0.54872  0.54899 
 58.94500  0.43092  0.43069 
 59.04500  0.31770  0.31835 
 59.14500  0.21964  0.22063 
 59.24500  0.14199  0.14280 
 59.34500  0.08565  0.08606 
 59.44500  0.04813  0.04813 
 59.54500  0.02512  0.02496 
 59.64500  0.01213  0.01196 
 59.74500  0.00536  0.00529 
 59.84500  0.00211  0.00216 
 59.94500  0.00071  0.00080 
 60.04500  0.00018  0.00029 
 60.14500  0.00001  0.00009 
 60.24500 -0.00002  0.00000 
 60.34500 -0.00001  0.00000 
 60.44500 -0.00000  0.00000 
 60.54500  0.00000  0.00000 
 60.64500  0.00001  0.00000 
 60.74500  0.00001  0.00000 
 60.84500  0.00000  0.00000 
 60.94500 -0.00000  0.00000 
 61.04500 -0.00000  0.00000 
 61.14500 -0.00000  0.00000 
 61.24500 -0.00001  0.00000 
 61.34500 -0.00000  0.00000 
 61.44500 -0.00000  0.00000 
 61.54500 -0.00000  0.00000 
 61.64500 -0.00000  0.00000 
 61.74500  0.00001  0.00000 
 61.84500 -0.00000  0.00000 
 61.94500  0.00000  0.00000 
 62.04500 -0.00000  0.00000 
 62.14500 -0.00000  0.00000 
 62.24500 -0.00000  0.00000 
 62.34500 -0.00000  0.00000 
 62.44500  0.00000  0.00000 
 62.54500 -0.00000  0.00000 
 62.64500 -0.00000  0.00000 
 62.74500  0.00000  0.00000 
