  0.04500  0.64619  0.64617 
  0.14500  0.64613  0.64610 
  0.24500  0.64604  0.64602 
  0.34500  0.64590  0.64587 
  0.44500  0.64571  0.64569 
  0.54500  0.64548  0.64545 
  0.64500  0.64520  0.64518 
  0.74500  0.64487  0.64485 
  0.84500  0.64451  0.64448 
  0.94500  0.64407  0.64407 
  1.04500  0.64361  0.64360 
  1.14500  0.64309  0.64309 
  1.24500  0.64256  0.64254 
  1.34500  0.64197  0.64195 
  1.44500  0.64132  0.64130 
  1.54500  0.64065  0.64063 
  1.64500  0.63993  0.63990 
  1.74500  0.63916  0.63915 
  1.84500  0.63835  0.63835 
  1.94500  0.63753  0.63751 
  2.04500  0.63664  0.63663 
  2.14500  0.63573  0.63573 
  2.24500  0.63478  0.63475 
  2.34500  0.63380  0.63375 
  2.44500  0.63277  0.63275 
  2.54500  0.63173  0.63172 
  2.64500  0.63063  0.63063 
  2.74500  0.62952  0.62952 
  2.84500  0.62837  0.62839 
  2.94500  0.62721  0.62721 
  3.04500  0.62602  0.62602 
  3.14500  0.62479  0.62479 
  3.24500  0.62353  0.62355 
  3.34500  0.62227  0.62227 
  3.44500  0.62096  0.62098 
  3.54500  0.61965  0.61967 
  3.64500  0.61832  0.61833 
  3.74500  0.61698  0.61699 
  3.84500  0.61560  0.61561 
  3.94500  0.61421  0.61423 
  4.04500  0.61282  0.61283 
  4.14500  0.61141  0.61143 
  4.24500  0.60998  0.61000 
  4.34500  0.60854  0.60857 
  4.44500  0.60709  0.60713 
  4.54500  0.60565  0.60567 
  4.64500  0.60418  0.60422 
  4.74500  0.60273  0.60275 
  4.84500  0.60125  0.60129 
  4.94500  0.59978  0.59981 
  5.04500  0.59833  0.59835 
  5.14500  0.59684  0.59686 
  5.24500  0.59537  0.59540 
  5.34500  0.59390  0.59392 
  5.44500  0.59242  0.59245 
  5.54500  0.59096  0.59099 
  5.64500  0.58950  0.58953 
  5.74500  0.58804  0.58806 
  5.84500  0.58659  0.58662 
  5.94500  0.58514  0.58517 
  6.04500  0.58371  0.58374 
  6.14500  0.58228  0.58232 
  6.24500  0.58086  0.58091 
  6.34500  0.57946  0.57950 
  6.44500  0.57807  0.57811 
  6.54500  0.57669  0.57672 
  6.64500  0.57533  0.57537 
  6.74500  0.57398  0.57400 
  6.84500  0.57263  0.57267 
  6.94500  0.57132  0.57135 
  7.04500  0.57000  0.57005 
  7.14500  0.56871  0.56875 
  7.24500  0.56746  0.56748 
  7.34500  0.56619  0.56623 
  7.44500  0.56495  0.56499 
  7.54500  0.56375  0.56377 
  7.64500  0.56253  0.56257 
  7.74500  0.56135  0.56139 
  7.84500  0.56019  0.56022 
  7.94500  0.55904  0.55909 
  8.04500  0.55792  0.55797 
  8.14500  0.55683  0.55686 
  8.24500  0.55573  0.55577 
  8.34500  0.55469  0.55473 
  8.44500  0.55364  0.55365 
  8.54500  0.55264  0.55265 
  8.64500  0.55164  0.55165 
  8.74500  0.55064  0.55065 
  8.84500  0.54971  0.54975 
  8.94500  0.54877  0.54879 
  9.04500  0.54785  0.54787 
  9.14500  0.54696  0.54699 
  9.24500  0.54609  0.54611 
  9.34500  0.54524  0.54527 
  9.44500  0.54442  0.54443 
  9.54500  0.54361  0.54362 
  9.64500  0.54282  0.54284 
  9.74500  0.54206  0.54207 
  9.84500  0.54131  0.54133 
  9.94500  0.54058  0.54059 
 10.04500  0.53988  0.53989 
 10.14500  0.53920  0.53920 
 10.24500  0.53853  0.53853 
 10.34500  0.53788  0.53789 
 10.44500  0.53725  0.53726 
 10.54500  0.53665  0.53665 
 10.64500  0.53606  0.53606 
 10.74500  0.53549  0.53549 
 10.84500  0.53494  0.53494 
 10.94500  0.53440  0.53440 
 11.04500  0.53388  0.53390 
 11.14500  0.53339  0.53340 
 11.24500  0.53290  0.53290 
 11.34500  0.53244  0.53244 
 11.44500  0.53200  0.53199 
 11.54500  0.53156  0.53156 
 11.64500  0.53115  0.53114 
 11.74500  0.53074  0.53074 
 11.84500  0.53036  0.53035 
 11.94500  0.52998  0.52998 
 12.04500  0.52963  0.52963 
 12.14500  0.52928  0.52928 
 12.24500  0.52896  0.52895 
 12.34500  0.52865  0.52865 
 12.44500  0.52835  0.52835 
 12.54500  0.52807  0.52806 
 12.64500  0.52780  0.52780 
 12.74500  0.52753  0.52752 
 12.84500  0.52728  0.52728 
 12.94500  0.52705  0.52705 
 13.04500  0.52682  0.52683 
 13.14500  0.52661  0.52661 
 13.24500  0.52641  0.52642 
 13.34500  0.52622  0.52623 
 13.44500  0.52604  0.52605 
 13.54500  0.52588  0.52588 
 13.64500  0.52572  0.52574 
 13.74500  0.52557  0.52557 
 13.84500  0.52544  0.52545 
 13.94500  0.52531  0.52533 
 14.04500  0.52520  0.52521 
 14.14500  0.52507  0.52510 
 14.24500  0.52498  0.52500 
 14.34500  0.52490  0.52490 
 14.44500  0.52483  0.52482 
 14.54500  0.52474  0.52476 
 14.64500  0.52469  0.52470 
 14.74500  0.52463  0.52462 
 14.84500  0.52459  0.52460 
 14.94500  0.52453  0.52453 
 15.04500  0.52450  0.52450 
 15.14500  0.52447  0.52450 
 15.24500  0.52445  0.52450 
 15.34500  0.52443  0.52444 
 15.44500  0.52442  0.52440 
 15.54500  0.52441  0.52440 
 15.64500  0.52444  0.52443 
 15.74500  0.52442  0.52450 
 15.84500  0.52445  0.52450 
 15.94500  0.52447  0.52450 
 16.04500  0.52451  0.52450 
 16.14500  0.52454  0.52459 
 16.24500  0.52459  0.52460 
 16.34500  0.52463  0.52465 
 16.44500  0.52467  0.52470 
 16.54500  0.52473  0.52476 
 16.64500  0.52479  0.52480 
 16.74500  0.52485  0.52490 
 16.84500  0.52493  0.52495 
 16.94500  0.52500  0.52501 
 17.04500  0.52508  0.52510 
 17.14500  0.52515  0.52519 
 17.24500  0.52527  0.52527 
 17.34500  0.52535  0.52535 
 17.44500  0.52543  0.52545 
 17.54500  0.52553  0.52554 
 17.64500  0.52563  0.52564 
 17.74500  0.52572  0.52574 
 17.84500  0.52584  0.52585 
 17.94500  0.52595  0.52596 
 18.04500  0.52606  0.52607 
 18.14500  0.52617  0.52618 
 18.24500  0.52630  0.52630 
 18.34500  0.52640  0.52643 
 18.44500  0.52654  0.52654 
 18.54500  0.52666  0.52666 
 18.64500  0.52678  0.52679 
 18.74500  0.52692  0.52693 
 18.84500  0.52705  0.52705 
 18.94500  0.52718  0.52718 
 19.04500  0.52730  0.52733 
 19.14500  0.52746  0.52746 
 19.24500  0.52759  0.52759 
 19.34500  0.52772  0.52774 
 19.44500  0.52787  0.52787 
 19.54500  0.52801  0.52803 
 19.64500  0.52816  0.52816 
 19.74500  0.52831  0.52831 
 19.84500  0.52844  0.52845 
 19.94500  0.52859  0.52859 
 20.04500  0.52874  0.52874 
 20.14500  0.52889  0.52889 
 20.24500  0.52903  0.52904 
 20.34500  0.52918  0.52918 
 20.44500  0.52932  0.52934 
 20.54500  0.52947  0.52947 
 20.64500  0.52961  0.52964 
 20.74500  0.52977  0.52977 
 20.84500  0.52992  0.52993 
 20.94500  0.53007  0.53006 
 21.04500  0.53020  0.53023 
 21.14500  0.53035  0.53036 
 21.24500  0.53050  0.53051 
 21.34500  0.53064  0.53065 
 21.44500  0.53078  0.53079 
 21.54500  0.53093  0.53094 
 21.64500  0.53106  0.53106 
 21.74500  0.53119  0.53121 
 21.84500  0.53132  0.53134 
 21.94500  0.53145  0.53147 
 22.04500  0.53159  0.53160 
 22.14500  0.53172  0.53173 
 22.24500  0.53185  0.53185 
 22.34500  0.53196  0.53197 
 22.44500  0.53209  0.53209 
 22.54500  0.53219  0.53221 
 22.64500  0.53229  0.53232 
 22.74500  0.53241  0.53243 
 22.84500  0.53252  0.53253 
 22.94500  0.53261  0.53262 
 23.04500  0.53270  0.53272 
 23.14500  0.53278  0.53280 
 23.24500  0.53287  0.53290 
 23.34500  0.53293  0.53298 
 23.44500  0.53302  0.53304 
 23.54500  0.53309  0.53310 
 23.64500  0.53314  0.53319 
 23.74500  0.53321  0.53320 
 23.84500  0.53325  0.53330 
 23.94500  0.53330  0.53330 
 24.04500  0.53332  0.53336 
 24.14500  0.53337  0.53340 
 24.24500  0.53338  0.53340 
 24.34500  0.53340  0.53340 
 24.44500  0.53341  0.53340 
 24.54500  0.53340  0.53340 
 24.64500  0.53340  0.53340 
 24.74500  0.53337  0.53340 
 24.84500  0.53334  0.53335 
 24.94500  0.53330  0.53330 
 25.04500  0.53325  0.53327 
 25.14500  0.53319  0.53320 
 25.24500  0.53313  0.53313 
 25.34500  0.53305  0.53307 
 25.44500  0.53298  0.53298 
 25.54500  0.53289  0.53288 
 25.64500  0.53278  0.53277 
 25.74500  0.53266  0.53266 
 25.84500  0.53253  0.53253 
 25.94500  0.53240  0.53239 
 26.04500  0.53225  0.53225 
 26.14500  0.53209  0.53208 
 26.24500  0.53192  0.53192 
 26.34500  0.53173  0.53173 
 26.44500  0.53155  0.53155 
 26.54500  0.53135  0.53133 
 26.64500  0.53114  0.53112 
 26.74500  0.53091  0.53090 
 26.84500  0.53068  0.53068 
 26.94500  0.53043  0.53042 
 27.04500  0.53018  0.53017 
 27.14500  0.52991  0.52990 
 27.24500  0.52964  0.52961 
 27.34500  0.52935  0.52933 
 27.44500  0.52905  0.52903 
 27.54500  0.52875  0.52872 
 27.64500  0.52842  0.52841 
 27.74500  0.52810  0.52808 
 27.84500  0.52775  0.52775 
 27.94500  0.52741  0.52738 
 28.04500  0.52705  0.52704 
 28.14500  0.52669  0.52666 
 28.24500  0.52631  0.52630 
 28.34500  0.52593  0.52591 
 28.44500  0.52553  0.52552 
 28.54500  0.52514  0.52512 
 28.64500  0.52474  0.52472 
 28.74500  0.52432  0.52430 
 28.84500  0.52390  0.52388 
 28.94500  0.52347  0.52347 
 29.04500  0.52304  0.52302 
 29.14500  0.52260  0.52259 
 29.24500  0.52216  0.52214 
 29.34500  0.52171  0.52170 
 29.44500  0.52126  0.52125 
 29.54500  0.52081  0.52080 
 29.64500  0.52034  0.52034 
 29.74500  0.51988  0.51988 
 29.84500  0.51941  0.51940 
 29.94500  0.51895  0.51895 
 30.04500  0.51848  0.51848 
 30.14500  0.51801  0.51800 
 30.24500  0.51754  0.51755 
 30.34500  0.51707  0.51707 
 30.44500  0.51661  0.51660 
 30.54500  0.51613  0.51614 
 30.64500  0.51566  0.51567 
 30.74500  0.51520  0.51520 
 30.84500  0.51474  0.51475 
 30.94500  0.51427  0.51429 
 31.04500  0.51381  0.51383 
 31.14500  0.51337  0.51338 
 31.24500  0.51292  0.51293 
 31.34500  0.51248  0.51249 
 31.44500  0.51204  0.51206 
 31.54500  0.51161  0.51162 
 31.64500  0.51118  0.51120 
 31.74500  0.51075  0.51078 
 31.84500  0.51034  0.51037 
 31.94500  0.50994  0.50996 
 32.04500  0.50954  0.50956 
 32.14500  0.50915  0.50918 
 32.24500  0.50877  0.50880 
 32.34500  0.50840  0.50843 
 32.44500  0.50803  0.50806 
 32.54500  0.50768  0.50772 
 32.64500  0.50734  0.50738 
 32.74500  0.50700  0.50705 
 32.84500  0.50668  0.50672 
 32.94500  0.50637  0.50640 
 33.04500  0.50606  0.50610 
 33.14500  0.50578  0.50580 
 33.24500  0.50549  0.50553 
 33.34500  0.50523  0.50526 
 33.44500  0.50497  0.50500 
 33.54500  0.50472  0.50475 
 33.64500  0.50449  0.50452 
 33.74500  0.50427  0.50430 
 33.84500  0.50406  0.50409 
 33.94500  0.50386  0.50389 
 34.04500  0.50368  0.50371 
 34.14500  0.50350  0.50354 
 34.24500  0.50334  0.50336 
 34.34500  0.50320  0.50323 
 34.44500  0.50306  0.50307 
 34.54500  0.50293  0.50295 
 34.64500  0.50282  0.50284 
 34.74500  0.50272  0.50274 
 34.84500  0.50263  0.50264 
 34.94500  0.50254  0.50257 
 35.04500  0.50248  0.50250 
 35.14500  0.50244  0.50243 
 35.24500  0.50239  0.50240 
 35.34500  0.50234  0.50239 
 35.44500  0.50233  0.50230 
 35.54500  0.50229  0.50230 
 35.64500  0.50232  0.50230 
 35.74500  0.50231  0.50230 
 35.84500  0.50234  0.50235 
 35.94500  0.50238  0.50240 
 36.04500  0.50242  0.50240 
 36.14500  0.50247  0.50248 
 36.24500  0.50252  0.50251 
 36.34500  0.50259  0.50260 
 36.44500  0.50265  0.50267 
 36.54500  0.50273  0.50275 
 36.64500  0.50285  0.50284 
 36.74500  0.50294  0.50295 
 36.84500  0.50305  0.50305 
 36.94500  0.50318  0.50317 
 37.04500  0.50329  0.50330 
 37.14500  0.50343  0.50343 
 37.24500  0.50357  0.50356 
 37.34500  0.50372  0.50371 
 37.44500  0.50386  0.50386 
 37.54500  0.50402  0.50403 
 37.64500  0.50419  0.50418 
 37.74500  0.50436  0.50435 
 37.84500  0.50454  0.50454 
 37.94500  0.50472  0.50472 
 38.04500  0.50491  0.50491 
 38.14500  0.50509  0.50509 
 38.24500  0.50529  0.50529 
 38.34500  0.50549  0.50549 
 38.44500  0.50571  0.50570 
 38.54500  0.50591  0.50591 
 38.64500  0.50613  0.50613 
 38.74500  0.50635  0.50634 
 38.84500  0.50657  0.50657 
 38.94500  0.50680  0.50680 
 39.04500  0.50702  0.50702 
 39.14500  0.50726  0.50726 
 39.24500  0.50749  0.50750 
 39.34500  0.50773  0.50773 
 39.44500  0.50797  0.50798 
 39.54500  0.50822  0.50822 
 39.64500  0.50846  0.50848 
 39.74500  0.50871  0.50872 
 39.84500  0.50896  0.50898 
 39.94500  0.50922  0.50922 
 40.04500  0.50948  0.50948 
 40.14500  0.50974  0.50975 
 40.24500  0.51000  0.51000 
 40.34500  0.51026  0.51027 
 40.44500  0.51053  0.51053 
 40.54500  0.51079  0.51080 
 40.64500  0.51105  0.51107 
 40.74500  0.51132  0.51133 
 40.84500  0.51159  0.51160 
 40.94500  0.51186  0.51188 
 41.04500  0.51214  0.51214 
 41.14500  0.51240  0.51241 
 41.24500  0.51268  0.51269 
 41.34500  0.51294  0.51296 
 41.44500  0.51322  0.51323 
 41.54500  0.51350  0.51350 
 41.64500  0.51376  0.51378 
 41.74500  0.51404  0.51405 
 41.84500  0.51431  0.51432 
 41.94500  0.51458  0.51460 
 42.04500  0.51485  0.51487 
 42.14500  0.51512  0.51514 
 42.24500  0.51539  0.51540 
 42.34500  0.51566  0.51568 
 42.44500  0.51593  0.51594 
 42.54500  0.51619  0.51620 
 42.64500  0.51645  0.51647 
 42.74500  0.51671  0.51672 
 42.84500  0.51697  0.51698 
 42.94500  0.51722  0.51722 
 43.04500  0.51747  0.51749 
 43.14500  0.51772  0.51772 
 43.24500  0.51797  0.51798 
 43.34500  0.51821  0.51822 
 43.44500  0.51844  0.51846 
 43.54500  0.51868  0.51869 
 43.64500  0.51890  0.51892 
 43.74500  0.51913  0.51913 
 43.84500  0.51935  0.51936 
 43.94500  0.51956  0.51957 
 44.04500  0.51976  0.51977 
 44.14500  0.51996  0.51997 
 44.24500  0.52016  0.52016 
 44.34500  0.52034  0.52035 
 44.44500  0.52051  0.52053 
 44.54500  0.52068  0.52070 
 44.64500  0.52084  0.52085 
 44.74500  0.52102  0.52101 
 44.84500  0.52115  0.52115 
 44.94500  0.52129  0.52128 
 45.04500  0.52141  0.52142 
 45.14500  0.52153  0.52153 
 45.24500  0.52164  0.52164 
 45.34500  0.52173  0.52173 
 45.44500  0.52183  0.52180 
 45.54500  0.52190  0.52190 
 45.64500  0.52196  0.52195 
 45.74500  0.52202  0.52200 
 45.84500  0.52203  0.52200 
 45.94500  0.52207  0.52210 
 46.04500  0.52208  0.52210 
 46.14500  0.52208  0.52210 
 46.24500  0.52206  0.52208 
 46.34500  0.52204  0.52200 
 46.44500  0.52200  0.52200 
 46.54500  0.52193  0.52191 
 46.64500  0.52187  0.52186 
 46.74500  0.52179  0.52177 
 46.84500  0.52168  0.52166 
 46.94500  0.52157  0.52155 
 47.04500  0.52141  0.52141 
 47.14500  0.52128  0.52126 
 47.24500  0.52111  0.52110 
 47.34500  0.52092  0.52091 
 47.44500  0.52072  0.52071 
 47.54500  0.52051  0.52050 
 47.64500  0.52027  0.52027 
 47.74500  0.52002  0.52001 
 47.84500  0.51975  0.51974 
 47.94500  0.51947  0.51946 
 48.04500  0.51916  0.51915 
 48.14500  0.51884  0.51885 
 48.24500  0.51850  0.51849 
 48.34500  0.51814  0.51814 
 48.44500  0.51777  0.51776 
 48.54500  0.51737  0.51738 
 48.64500  0.51697  0.51696 
 48.74500  0.51653  0.51653 
 48.84500  0.51608  0.51609 
 48.94500  0.51562  0.51560 
 49.04500  0.51514  0.51515 
 49.14500  0.51462  0.51464 
 49.24500  0.51410  0.51410 
 49.34500  0.51356  0.51356 
 49.44500  0.51300  0.51300 
 49.54500  0.51242  0.51243 
 49.64500  0.51183  0.51183 
 49.74500  0.51122  0.51122 
 49.84500  0.51058  0.51059 
 49.94500  0.50993  0.50993 
 50.04500  0.50926  0.50927 
 50.14500  0.50857  0.50858 
 50.24500  0.50786  0.50786 
 50.34500  0.50713  0.50715 
 50.44500  0.50638  0.50640 
 50.54500  0.50562  0.50564 
 50.64500  0.50485  0.50486 
 50.74500  0.50405  0.50406 
 50.84500  0.50324  0.50325 
 50.94500  0.50241  0.50241 
 51.04500  0.50156  0.50158 
 51.14500  0.50068  0.50070 
 51.24500  0.49980  0.49981 
 51.34500  0.49890  0.49891 
 51.44500  0.49797  0.49798 
 51.54500  0.49703  0.49705 
 51.64500  0.49609  0.49608 
 51.74500  0.49511  0.49515 
 51.84500  0.49412  0.49415 
 51.94500  0.49313  0.49315 
 52.04500  0.49209  0.49210 
 52.14500  0.49104  0.49105 
 52.24500  0.48999  0.49000 
 52.34500  0.48892  0.48893 
 52.44500  0.48784  0.48783 
 52.54500  0.48672  0.48672 
 52.64500  0.48560  0.48560 
 52.74500  0.48446  0.48447 
 52.84500  0.48330  0.48330 
 52.94500  0.48214  0.48213 
 53.04500  0.48095  0.48094 
 53.14500  0.47975  0.47974 
 53.24500  0.47853  0.47853 
 53.34500  0.47729  0.47729 
 53.44500  0.47605  0.47605 
 53.54500  0.47477  0.47477 
 53.64500  0.47350  0.47349 
 53.74500  0.47220  0.47220 
 53.84500  0.47090  0.47089 
 53.94500  0.46957  0.46957 
 54.04500  0.46823  0.46823 
 54.14500  0.46687  0.46687 
 54.24500  0.46551  0.46550 
 54.34500  0.46413  0.46412 
 54.44500  0.46274  0.46273 
 54.54500  0.46133  0.46133 
 54.64500  0.45992  0.45990 
 54.74500  0.45847  0.45847 
 54.84500  0.45704  0.45703 
 54.94500  0.45558  0.45556 
 55.04500  0.45411  0.45410 
 55.14500  0.45263  0.45260 
 55.24500  0.45114  0.45115 
 55.34500  0.44964  0.44964 
 55.44500  0.44812  0.44810 
 55.54500  0.44661  0.44660 
 55.64500  0.44508  0.44506 
 55.74500  0.44354  0.44352 
 55.84500  0.44199  0.44198 
 55.94500  0.44044  0.44042 
 56.04500  0.43887  0.43887 
 56.14500  0.43730  0.43729 
 56.24500  0.43573  0.43572 
 56.34500  0.43415  0.43414 
 56.44500  0.43257  0.43256 
 56.54500  0.43098  0.43097 
 56.64500  0.42938  0.42938 
 56.74500  0.42780  0.42778 
 56.84500  0.42619  0.42618 
 56.94500  0.42459  0.42459 
 57.04500  0.42300  0.42300 
 57.14500  0.42140  0.42140 
 57.24500  0.41981  0.41980 
 57.34500  0.41820  0.41820 
 57.44500  0.41662  0.41662 
 57.54500  0.41503  0.41502 
 57.64500  0.41345  0.41345 
 57.74500  0.41186  0.41187 
 57.84500  0.41032  0.41030 
 57.94500  0.40874  0.40873 
 58.04500  0.40718  0.40719 
 58.14500  0.40563  0.40564 
 58.24500  0.40410  0.40410 
 58.34500  0.40259  0.40260 
 58.44500  0.40108  0.40107 
 58.54500  0.39957  0.39960 
 58.64500  0.39811  0.39810 
 58.74500  0.39662  0.39664 
 58.84500  0.39518  0.39518 
 58.94500  0.39375  0.39376 
 59.04500  0.39234  0.39235 
 59.14500  0.39096  0.39095 
 59.24500  0.38956  0.38958 
 59.34500  0.38821  0.38823 
 59.44500  0.38691  0.38690 
 59.54500  0.38560  0.38561 
 59.64500  0.38433  0.38433 
 59.74500  0.38307  0.38308 
 59.84500  0.38185  0.38186 
 59.94500  0.38065  0.38067 
 60.04500  0.37949  0.37950 
 60.14500  0.37836  0.37838 
 60.24500  0.37726  0.37727 
 60.34500  0.37618  0.37620 
 60.44500  0.37516  0.37515 
 60.54500  0.37415  0.37415 
 60.64500  0.37319  0.37320 
 60.74500  0.37225  0.37227 
 60.84500  0.37135  0.37138 
 60.94500  0.37049  0.37051 
 61.04500  0.36968  0.36971 
 61.14500  0.36891  0.36893 
 61.24500  0.36818  0.36819 
 61.34500  0.36746  0.36750 
 61.44500  0.36682  0.36684 
 61.54500  0.36621  0.36623 
 61.64500  0.36563  0.36566 
 61.74500  0.36510  0.36515 
 61.84500  0.36462  0.36465 
 61.94500  0.36418  0.36421 
 62.04500  0.36379  0.36382 
 62.14500  0.36343  0.36346 
 62.24500  0.36313  0.36316 
 62.34500  0.36288  0.36290 
 62.44500  0.36267  0.36269 
 62.54500  0.36249  0.36253 
 62.64500  0.36238  0.36241 
 62.74500  0.36229  0.36232 
