  0.04500  1.00002  1.00000 
  0.14500  1.00003  1.00000 
  0.24500  1.00002  1.00000 
  0.34500  1.00002  1.00000 
  0.44500  1.00001  1.00000 
  0.54500  1.00001  1.00000 
  0.64500  1.00002  1.00000 
  0.74500  1.00002  1.00000 
  0.84500  1.00002  1.00000 
  0.94500  1.00003  1.00000 
  1.04500  1.00002  1.00000 
  1.14500  1.00003  1.00000 
  1.24500  1.00001  1.00000 
  1.34500  1.00002  1.00000 
  1.44500  1.00001  1.00000 
  1.54500  1.00000  1.00000 
  1.64500  0.99998  0.99996 
  1.74500  0.99994  0.99990 
  1.84500  0.99984  0.99983 
  1.94500  0.99971  0.99969 
  2.04500  0.99947  0.99945 
  2.14500  0.99906  0.99905 
  2.24500  0.99842  0.99841 
  2.34500  0.99740  0.99739 
  2.44500  0.99582  0.99579 
  2.54500  0.99346  0.99340 
  2.64500  0.98996  0.98984 
  2.74500  0.98490  0.98474 
  2.84500  0.97778  0.97758 
  2.94500  0.96795  0.96772 
  3.04500  0.95472  0.95460 
  3.14500  0.93738  0.93744 
  3.24500  0.91530  0.91560 
  3.34500  0.88800  0.88850 
  3.44500  0.85517  0.85569 
  3.54500  0.81671  0.81693 
  3.64500  0.77264  0.77226 
  3.74500  0.72302  0.72200 
  3.84500  0.66804  0.66689 
  3.94500  0.60832  0.60791 
  4.04500  0.54503  0.54635 
  4.14500  0.48457  0.48363 
  4.24500  0.42166  0.42132 
  4.34500  0.36003  0.36096 
  4.44500  0.30268  0.30383 
  4.54500  0.25046  0.25113 
  4.64500  0.20371  0.20372 
  4.74500  0.16257  0.16211 
  4.84500  0.12704  0.12646 
  4.94500  0.09710  0.09668 
  5.04500  0.07258  0.07240 
  5.14500  0.05305  0.05309 
  5.24500  0.03793  0.03809 
  5.34500  0.02657  0.02676 
  5.44500  0.01824  0.01840 
  5.54500  0.01226  0.01237 
  5.64500  0.00808  0.00814 
  5.74500  0.00522  0.00524 
  5.84500  0.00332  0.00332 
  5.94500  0.00208  0.00206 
  6.04500  0.00131  0.00131 
  6.14500  0.00090  0.00087 
  6.24500  0.00071  0.00070 
  6.34500  0.00076  0.00074 
  6.44500  0.00103  0.00103 
  6.54500  0.00160  0.00158 
  6.64500  0.00254  0.00252 
  6.74500  0.00406  0.00403 
  6.84500  0.00632  0.00634 
  6.94500  0.00969  0.00976 
  7.04500  0.01457  0.01471 
  7.14500  0.02150  0.02169 
  7.24500  0.03104  0.03124 
  7.34500  0.04393  0.04405 
  7.44500  0.06086  0.06081 
  7.54500  0.08247  0.08217 
  7.64500  0.10929  0.10878 
  7.74500  0.14161  0.14105 
  7.84500  0.17955  0.17928 
  7.94500  0.22311  0.22341 
  8.04500  0.27223  0.27316 
  8.14500  0.32672  0.32788 
  8.24500  0.38605  0.38654 
  8.34500  0.44910  0.44793 
  8.44500  0.51002  0.51061 
  8.54500  0.57253  0.57301 
  8.64500  0.63449  0.63362 
  8.74500  0.69229  0.69111 
  8.84500  0.74500  0.74423 
  8.94500  0.79225  0.79214 
  9.04500  0.83392  0.83432 
  9.14500  0.86997  0.87052 
  9.24500  0.90040  0.90082 
  9.34500  0.92542  0.92559 
  9.44500  0.94538  0.94533 
  9.54500  0.96087  0.96069 
  9.64500  0.97255  0.97233 
  9.74500  0.98114  0.98094 
  9.84500  0.98730  0.98716 
  9.94500  0.99161  0.99154 
 10.04500  0.99460  0.99455 
 10.14500  0.99658  0.99656 
 10.24500  0.99788  0.99785 
 10.34500  0.99871  0.99870 
 10.44500  0.99921  0.99919 
 10.54500  0.99948  0.99946 
 10.64500  0.99958  0.99959 
 10.74500  0.99955  0.99953 
 10.84500  0.99933  0.99931 
 10.94500  0.99892  0.99890 
 11.04500  0.99822  0.99822 
 11.14500  0.99711  0.99711 
 11.24500  0.99540  0.99538 
 11.34500  0.99283  0.99277 
 11.44500  0.98905  0.98894 
 11.54500  0.98361  0.98343 
 11.64500  0.97597  0.97575 
 11.74500  0.96549  0.96527 
 11.84500  0.95146  0.95136 
 11.94500  0.93320  0.93329 
 12.04500  0.91006  0.91039 
 12.14500  0.88162  0.88214 
 12.24500  0.84760  0.84809 
 12.34500  0.80798  0.80809 
 12.44500  0.76272  0.76221 
 12.54500  0.71197  0.71088 
 12.64500  0.65594  0.65487 
 12.74500  0.59533  0.59523 
 12.84500  0.53154  0.53330 
 12.94500  0.47226  0.47054 
 13.04500  0.40852  0.40852 
 13.14500  0.34766  0.34869 
 13.24500  0.29133  0.29244 
 13.34500  0.24024  0.24079 
 13.44500  0.19466  0.19457 
 13.54500  0.15468  0.15419 
 13.64500  0.12033  0.11978 
 13.74500  0.09156  0.09117 
 13.84500  0.06810  0.06797 
 13.94500  0.04956  0.04963 
 14.04500  0.03527  0.03545 
 14.14500  0.02460  0.02481 
 14.24500  0.01682  0.01697 
 14.34500  0.01127  0.01137 
 14.44500  0.00741  0.00746 
 14.54500  0.00480  0.00482 
 14.64500  0.00310  0.00308 
 14.74500  0.00205  0.00203 
 14.84500  0.00150  0.00148 
 14.94500  0.00135  0.00130 
 15.04500  0.00154  0.00152 
 15.14500  0.00214  0.00211 
 15.24500  0.00327  0.00324 
 15.34500  0.00505  0.00506 
 15.44500  0.00779  0.00783 
 15.54500  0.01179  0.01190 
 15.64500  0.01758  0.01774 
 15.74500  0.02564  0.02586 
 15.84500  0.03670  0.03689 
 15.94500  0.05142  0.05147 
 16.04500  0.07049  0.07035 
 16.14500  0.09452  0.09412 
 16.24500  0.12393  0.12336 
 16.34500  0.15890  0.15843 
 16.44500  0.19953  0.19946 
 16.54500  0.24572  0.24634 
 16.64500  0.29742  0.29854 
 16.74500  0.35432  0.35529 
 16.84500  0.41560  0.41543 
 16.94500  0.47891  0.47760 
 17.04500  0.53881  0.54034 
 17.14500  0.60236  0.60208 
 17.24500  0.66250  0.66136 
 17.34500  0.71796  0.71691 
 17.44500  0.76811  0.76766 
 17.54500  0.81271  0.81289 
 17.64500  0.85174  0.85224 
 17.74500  0.88509  0.88563 
 17.84500  0.91292  0.91323 
 17.94500  0.93549  0.93553 
 18.04500  0.95323  0.95311 
 18.14500  0.96684  0.96663 
 18.24500  0.97696  0.97674 
 18.34500  0.98432  0.98415 
 18.44500  0.98955  0.98943 
 18.54500  0.99317  0.99311 
 18.64500  0.99563  0.99559 
 18.74500  0.99727  0.99725 
 18.84500  0.99832  0.99832 
 18.94500  0.99899  0.99897 
 19.04500  0.99936  0.99934 
 19.14500  0.99956  0.99954 
 19.24500  0.99958  0.99958 
 19.34500  0.99946  0.99944 
 19.44500  0.99916  0.99916 
 19.54500  0.99863  0.99863 
 19.64500  0.99775  0.99774 
 19.74500  0.99639  0.99638 
 19.84500  0.99431  0.99425 
 19.94500  0.99121  0.99112 
 20.04500  0.98672  0.98655 
 20.14500  0.98029  0.98009 
 20.24500  0.97139  0.97117 
 20.34500  0.95932  0.95914 
 20.44500  0.94336  0.94334 
 20.54500  0.92286  0.92305 
 20.64500  0.89725  0.89770 
 20.74500  0.86618  0.86674 
 20.84500  0.82952  0.82987 
 20.94500  0.78720  0.78702 
 21.04500  0.73933  0.73849 
 21.14500  0.68601  0.68485 
 21.24500  0.62770  0.62696 
 21.34500  0.56535  0.56605 
 21.44500  0.50336  0.50353 
 21.54500  0.44185  0.44095 
 21.64500  0.37915  0.37978 
 21.74500  0.32033  0.32147 
 21.84500  0.26642  0.26730 
 21.94500  0.21792  0.21814 
 22.04500  0.17499  0.17467 
 22.14500  0.13767  0.13710 
 22.24500  0.10600  0.10550 
 22.34500  0.07979  0.07952 
 22.44500  0.05872  0.05870 
 22.54500  0.04229  0.04243 
 22.64500  0.02981  0.03000 
 22.74500  0.02060  0.02079 
 22.84500  0.01394  0.01408 
 22.94500  0.00926  0.00934 
 23.04500  0.00604  0.00606 
 23.14500  0.00391  0.00390 
 23.24500  0.00254  0.00251 
 23.34500  0.00173  0.00171 
 23.44500  0.00137  0.00134 
 23.54500  0.00139  0.00136 
 23.64500  0.00177  0.00174 
 23.74500  0.00261  0.00258 
 23.84500  0.00401  0.00402 
 23.94500  0.00621  0.00623 
 24.04500  0.00949  0.00958 
 24.14500  0.01429  0.01443 
 24.24500  0.02107  0.02126 
 24.34500  0.03047  0.03068 
 24.44500  0.04318  0.04330 
 24.54500  0.05988  0.05984 
 24.64500  0.08123  0.08095 
 24.74500  0.10777  0.10727 
 24.84500  0.13982  0.13925 
 24.94500  0.17747  0.17716 
 25.04500  0.22074  0.22101 
 25.14500  0.26958  0.27048 
 25.24500  0.32380  0.32495 
 25.34500  0.38290  0.38348 
 25.44500  0.44580  0.44475 
 25.54500  0.50694  0.50739 
 25.64500  0.56927  0.56985 
 25.74500  0.63141  0.63061 
 25.84500  0.68944  0.68825 
 25.94500  0.74242  0.74161 
 26.04500  0.78996  0.78982 
 26.14500  0.83193  0.83231 
 26.24500  0.86825  0.86881 
 26.34500  0.89896  0.89941 
 26.44500  0.92426  0.92445 
 26.54500  0.94447  0.94443 
 26.64500  0.96017  0.96000 
 26.74500  0.97203  0.97180 
 26.84500  0.98076  0.98055 
 26.94500  0.98703  0.98689 
 27.04500  0.99144  0.99133 
 27.14500  0.99447  0.99442 
 27.24500  0.99649  0.99650 
 27.34500  0.99784  0.99783 
 27.44500  0.99870  0.99870 
 27.54500  0.99924  0.99923 
 27.64500  0.99957  0.99956 
 27.74500  0.99978  0.99975 
 27.84500  0.99988  0.99987 
 27.94500  0.99996  0.99990 
 28.04500  0.99999  0.99994 
 28.14500  0.99999  1.00000 
 28.24500  0.99997  0.99990 
 28.34500  0.99993  0.99990 
 28.44500  0.99983  0.99982 
 28.54500  0.99969  0.99967 
 28.64500  0.99944  0.99942 
 28.74500  0.99902  0.99900 
 28.84500  0.99834  0.99833 
 28.94500  0.99728  0.99726 
 29.04500  0.99564  0.99562 
 29.14500  0.99318  0.99312 
 29.24500  0.98957  0.98946 
 29.34500  0.98433  0.98418 
 29.44500  0.97698  0.97678 
 29.54500  0.96687  0.96666 
 29.64500  0.95330  0.95319 
 29.74500  0.93556  0.93561 
 29.84500  0.91302  0.91333 
 29.94500  0.88520  0.88573 
 30.04500  0.85186  0.85236 
 30.14500  0.81287  0.81304 
 30.24500  0.76826  0.76782 
 30.34500  0.71812  0.71707 
 30.44500  0.66270  0.66156 
 30.54500  0.60257  0.60230 
 30.64500  0.53903  0.54056 
 30.74500  0.47912  0.47782 
 30.84500  0.41581  0.41563 
 30.94500  0.35452  0.35549 
 31.04500  0.29761  0.29874 
 31.14500  0.24588  0.24651 
 31.24500  0.19966  0.19964 
 31.34500  0.15903  0.15856 
 31.44500  0.12403  0.12346 
 31.54500  0.09462  0.09421 
 31.64500  0.07057  0.07041 
 31.74500  0.05147  0.05152 
 31.84500  0.03674  0.03689 
 31.94500  0.02567  0.02587 
 32.04500  0.01759  0.01775 
 32.14500  0.01180  0.01190 
 32.24500  0.00776  0.00782 
 32.34500  0.00500  0.00500 
 32.44500  0.00316  0.00314 
 32.54500  0.00195  0.00195 
 32.64500  0.00118  0.00116 
 32.74500  0.00069  0.00069 
 32.84500  0.00039  0.00039 
 32.94500  0.00022  0.00023 
 33.04500  0.00013  0.00012 
 33.14500  0.00007  0.00010 
 33.24500  0.00007  0.00010 
 33.34500  0.00011  0.00010 
 33.44500  0.00020  0.00021 
 33.54500  0.00036  0.00035 
 33.64500  0.00063  0.00062 
 33.74500  0.00106  0.00105 
 33.84500  0.00178  0.00177 
 33.94500  0.00290  0.00288 
 34.04500  0.00461  0.00462 
 34.14500  0.00717  0.00721 
 34.24500  0.01095  0.01106 
 34.34500  0.01637  0.01652 
 34.44500  0.02400  0.02419 
 34.54500  0.03447  0.03464 
 34.64500  0.04848  0.04858 
 34.74500  0.06673  0.06662 
 34.84500  0.08984  0.08948 
 34.94500  0.11826  0.11770 
 35.04500  0.15223  0.15171 
 35.14500  0.19184  0.19171 
 35.24500  0.23706  0.23756 
 35.34500  0.28780  0.28888 
 35.44500  0.34380  0.34485 
 35.54500  0.40438  0.40449 
 35.64500  0.46817  0.46640 
 35.74500  0.52747  0.52916 
 35.84500  0.59121  0.59118 
 35.94500  0.65208  0.65103 
 36.04500  0.70843  0.70732 
 36.14500  0.75955  0.75897 
 36.24500  0.80516  0.80522 
 36.34500  0.84517  0.84564 
 36.44500  0.87955  0.88008 
 36.54500  0.90835  0.90870 
 36.64500  0.93181  0.93193 
 36.74500  0.95039  0.95031 
 36.84500  0.96467  0.96446 
 36.94500  0.97537  0.97516 
 37.04500  0.98318  0.98302 
 37.14500  0.98875  0.98863 
 37.24500  0.99262  0.99256 
 37.34500  0.99526  0.99525 
 37.44500  0.99703  0.99702 
 37.54500  0.99818  0.99817 
 37.64500  0.99891  0.99889 
 37.74500  0.99936  0.99935 
 37.84500  0.99962  0.99961 
 37.94500  0.99977  0.99975 
 38.04500  0.99981  0.99980 
 38.14500  0.99978  0.99976 
 38.24500  0.99965  0.99963 
 38.34500  0.99940  0.99938 
 38.44500  0.99897  0.99898 
 38.54500  0.99829  0.99830 
 38.64500  0.99719  0.99719 
 38.74500  0.99552  0.99549 
 38.84500  0.99301  0.99295 
 38.94500  0.98931  0.98919 
 39.04500  0.98399  0.98382 
 39.14500  0.97650  0.97629 
 39.24500  0.96620  0.96599 
 39.34500  0.95240  0.95229 
 39.44500  0.93440  0.93448 
 39.54500  0.91157  0.91191 
 39.64500  0.88345  0.88397 
 39.74500  0.84977  0.85029 
 39.84500  0.81047  0.81062 
 39.94500  0.76557  0.76507 
 40.04500  0.71511  0.71406 
 40.14500  0.65939  0.65829 
 40.24500  0.59904  0.59884 
 40.34500  0.53536  0.53701 
 40.44500  0.47577  0.47425 
 40.54500  0.41223  0.41214 
 40.64500  0.35116  0.35216 
 40.74500  0.29453  0.29564 
 40.84500  0.24311  0.24369 
 40.94500  0.19720  0.19714 
 41.04500  0.15689  0.15640 
 41.14500  0.12220  0.12163 
 41.24500  0.09310  0.09272 
 41.34500  0.06934  0.06921 
 41.44500  0.05052  0.05057 
 41.54500  0.03602  0.03619 
 41.64500  0.02515  0.02534 
 41.74500  0.01721  0.01736 
 41.84500  0.01153  0.01163 
 41.94500  0.00756  0.00762 
 42.04500  0.00487  0.00487 
 42.14500  0.00309  0.00307 
 42.24500  0.00190  0.00187 
 42.34500  0.00116  0.00113 
 42.44500  0.00072  0.00070 
 42.54500  0.00046  0.00045 
 42.64500  0.00039  0.00040 
 42.74500  0.00041  0.00040 
 42.84500  0.00054  0.00056 
 42.94500  0.00088  0.00087 
 43.04500  0.00146  0.00144 
 43.14500  0.00238  0.00237 
 43.24500  0.00382  0.00382 
 43.34500  0.00599  0.00602 
 43.44500  0.00923  0.00930 
 43.54500  0.01392  0.01402 
 43.64500  0.02058  0.02073 
 43.74500  0.02977  0.02998 
 43.84500  0.04224  0.04237 
 43.94500  0.05864  0.05864 
 44.04500  0.07971  0.07945 
 44.14500  0.10589  0.10540 
 44.24500  0.13756  0.13699 
 44.34500  0.17486  0.17452 
 44.44500  0.21775  0.21799 
 44.54500  0.26624  0.26711 
 44.64500  0.32013  0.32129 
 44.74500  0.37894  0.37957 
 44.84500  0.44162  0.44071 
 44.94500  0.50315  0.50331 
 45.04500  0.56512  0.56582 
 45.14500  0.62750  0.62675 
 45.24500  0.68581  0.68465 
 45.34500  0.73915  0.73833 
 45.44500  0.78704  0.78687 
 45.54500  0.82936  0.82973 
 45.64500  0.86607  0.86663 
 45.74500  0.89714  0.89760 
 45.84500  0.92277  0.92299 
 45.94500  0.94331  0.94328 
 46.04500  0.95927  0.95912 
 46.14500  0.97136  0.97115 
 46.24500  0.98028  0.98008 
 46.34500  0.98669  0.98654 
 46.44500  0.99119  0.99112 
 46.54500  0.99430  0.99425 
 46.64500  0.99639  0.99639 
 46.74500  0.99776  0.99774 
 46.84500  0.99866  0.99865 
 46.94500  0.99921  0.99920 
 47.04500  0.99956  0.99953 
 47.14500  0.99976  0.99975 
 47.24500  0.99987  0.99986 
 47.34500  0.99995  0.99990 
 47.44500  0.99998  0.99994 
 47.54500  0.99999  1.00000 
 47.64500  0.99997  0.99990 
 47.74500  0.99994  0.99990 
 47.84500  0.99984  0.99982 
 47.94500  0.99970  0.99968 
 48.04500  0.99946  0.99944 
 48.14500  0.99905  0.99905 
 48.24500  0.99839  0.99839 
 48.34500  0.99735  0.99735 
 48.44500  0.99576  0.99575 
 48.54500  0.99338  0.99332 
 48.64500  0.98984  0.98973 
 48.74500  0.98474  0.98459 
 48.84500  0.97753  0.97733 
 48.94500  0.96763  0.96742 
 49.04500  0.95431  0.95417 
 49.14500  0.93683  0.93690 
 49.24500  0.91463  0.91493 
 49.34500  0.88716  0.88767 
 49.44500  0.85418  0.85470 
 49.54500  0.81555  0.81576 
 49.64500  0.77132  0.77091 
 49.74500  0.72155  0.72053 
 49.84500  0.66644  0.66530 
 49.94500  0.60659  0.60623 
 50.04500  0.54324  0.54459 
 50.14500  0.48293  0.48190 
 50.24500  0.41991  0.41961 
 50.34500  0.35837  0.35929 
 50.44500  0.30114  0.30230 
 50.54500  0.24909  0.24976 
 50.64500  0.20250  0.20250 
 50.74500  0.16149  0.16104 
 50.84500  0.12612  0.12556 
 50.94500  0.09635  0.09593 
 51.04500  0.07196  0.07180 
 51.14500  0.05258  0.05261 
 51.24500  0.03758  0.03774 
 51.34500  0.02631  0.02651 
 51.44500  0.01803  0.01821 
 51.54500  0.01212  0.01223 
 51.64500  0.00800  0.00806 
 51.74500  0.00515  0.00517 
 51.84500  0.00326  0.00325 
 51.94500  0.00201  0.00200 
 52.04500  0.00123  0.00122 
 52.14500  0.00075  0.00073 
 52.24500  0.00048  0.00047 
 52.34500  0.00039  0.00040 
 52.44500  0.00039  0.00040 
 52.54500  0.00052  0.00051 
 52.64500  0.00083  0.00083 
 52.74500  0.00137  0.00135 
 52.84500  0.00225  0.00225 
 52.94500  0.00360  0.00360 
 53.04500  0.00566  0.00570 
 53.14500  0.00877  0.00883 
 53.24500  0.01324  0.01337 
 53.34500  0.01962  0.01980 
 53.44500  0.02848  0.02869 
 53.54500  0.04051  0.04067 
 53.64500  0.05642  0.05643 
 53.74500  0.07686  0.07665 
 53.84500  0.10241  0.10195 
 53.94500  0.13341  0.13283 
 54.04500  0.17001  0.16963 
 54.14500  0.21225  0.21240 
 54.24500  0.26004  0.26085 
 54.34500  0.31329  0.31446 
 54.44500  0.37154  0.37231 
 54.54500  0.43386  0.43316 
 54.64500  0.49590  0.49567 
 54.74500  0.55734  0.55827 
 54.84500  0.62008  0.61947 
 54.94500  0.67897  0.67779 
 55.04500  0.73295  0.73204 
 55.14500  0.78151  0.78126 
 55.24500  0.82452  0.82481 
 55.34500  0.86189  0.86244 
 55.44500  0.89366  0.89413 
 55.54500  0.91994  0.92019 
 55.64500  0.94106  0.94106 
 55.74500  0.95755  0.95739 
 55.84500  0.97007  0.96985 
 55.94500  0.97932  0.97911 
 56.04500  0.98601  0.98587 
 56.14500  0.99072  0.99064 
 56.24500  0.99397  0.99393 
 56.34500  0.99613  0.99613 
 56.44500  0.99756  0.99755 
 56.54500  0.99845  0.99845 
 56.64500  0.99894  0.99895 
 56.74500  0.99914  0.99913 
 56.84500  0.99907  0.99906 
 56.94500  0.99873  0.99873 
 57.04500  0.99804  0.99803 
 57.14500  0.99691  0.99691 
 57.24500  0.99514  0.99511 
 57.34500  0.99244  0.99238 
 57.44500  0.98849  0.98837 
 57.54500  0.98284  0.98267 
 57.64500  0.97490  0.97469 
 57.74500  0.96405  0.96385 
 57.84500  0.94954  0.94946 
 57.94500  0.93074  0.93086 
 58.04500  0.90700  0.90738 
 58.14500  0.87792  0.87847 
 58.24500  0.84324  0.84373 
 58.34500  0.80296  0.80300 
 58.44500  0.75706  0.75645 
 58.54500  0.70566  0.70453 
 58.64500  0.64905  0.64804 
 58.74500  0.58799  0.58807 
 58.84500  0.52444  0.52595 
 58.94500  0.46486  0.46319 
 59.04500  0.40119  0.40136 
 59.14500  0.34081  0.34189 
 59.24500  0.28506  0.28613 
 59.34500  0.23462  0.23508 
 59.44500  0.18967  0.18952 
 59.54500  0.15036  0.14984 
 59.64500  0.11667  0.11613 
 59.74500  0.08853  0.08817 
 59.84500  0.06570  0.06558 
 59.94500  0.04766  0.04776 
 60.04500  0.03385  0.03405 
 60.14500  0.02355  0.02374 
 60.24500  0.01605  0.01621 
 60.34500  0.01072  0.01081 
 60.44500  0.00702  0.00707 
 60.54500  0.00450  0.00451 
 60.64500  0.00282  0.00281 
 60.74500  0.00173  0.00170 
 60.84500  0.00103  0.00102 
 60.94500  0.00060  0.00060 
 61.04500  0.00034  0.00034 
 61.14500  0.00019  0.00018 
 61.24500  0.00009  0.00010 
 61.34500  0.00004  0.00006 
 61.44500  0.00002  0.00000 
 61.54500  0.00001  0.00000 
 61.64500 -0.00000  0.00000 
 61.74500  0.00000  0.00000 
 61.84500 -0.00000  0.00000 
 61.94500 -0.00001  0.00000 
 62.04500 -0.00001  0.00000 
 62.14500 -0.00001  0.00000 
 62.24500  0.00000  0.00000 
 62.34500  0.00000  0.00000 
 62.44500  0.00000  0.00000 
 62.54500  0.00000  0.00000 
 62.64500  0.00000  0.00000 
 62.74500 -0.00000  0.00000 
