  0.04500  0.66685  0.66670 
  0.14500  0.66676  0.66666 
  0.24500  0.66660  0.66651 
  0.34500  0.66639  0.66630 
  0.44500  0.66610  0.66598 
  0.54500  0.66571  0.66563 
  0.64500  0.66529  0.66520 
  0.74500  0.66477  0.66468 
  0.84500  0.66419  0.66409 
  0.94500  0.66353  0.66343 
  1.04500  0.66281  0.66272 
  1.14500  0.66202  0.66191 
  1.24500  0.66117  0.66106 
  1.34500  0.66024  0.66015 
  1.44500  0.65925  0.65915 
  1.54500  0.65820  0.65809 
  1.64500  0.65709  0.65699 
  1.74500  0.65591  0.65580 
  1.84500  0.65467  0.65457 
  1.94500  0.65338  0.65327 
  2.04500  0.65203  0.65192 
  2.14500  0.65063  0.65053 
  2.24500  0.64917  0.64908 
  2.34500  0.64767  0.64759 
  2.44500  0.64612  0.64603 
  2.54500  0.64454  0.64444 
  2.64500  0.64290  0.64282 
  2.74500  0.64122  0.64114 
  2.84500  0.63952  0.63942 
  2.94500  0.63775  0.63768 
  3.04500  0.63598  0.63589 
  3.14500  0.63416  0.63408 
  3.24500  0.63233  0.63224 
  3.34500  0.63045  0.63037 
  3.44500  0.62855  0.62848 
  3.54500  0.62664  0.62657 
  3.64500  0.62471  0.62461 
  3.74500  0.62275  0.62270 
  3.84500  0.62079  0.62070 
  3.94500  0.61880  0.61870 
  4.04500  0.61682  0.61670 
  4.14500  0.61483  0.61470 
  4.24500  0.61281  0.61270 
  4.34500  0.61081  0.61070 
  4.44500  0.60880  0.60870 
  4.54500  0.60679  0.60670 
  4.64500  0.60478  0.60470 
  4.74500  0.60277  0.60270 
  4.84500  0.60078  0.60070 
  4.94500  0.59879  0.59870 
  5.04500  0.59682  0.59680 
  5.14500  0.59486  0.59480 
  5.24500  0.59291  0.59286 
  5.34500  0.59099  0.59092 
  5.44500  0.58906  0.58901 
  5.54500  0.58716  0.58712 
  5.64500  0.58530  0.58524 
  5.74500  0.58344  0.58338 
  5.84500  0.58160  0.58155 
  5.94500  0.57979  0.57975 
  6.04500  0.57802  0.57798 
  6.14500  0.57625  0.57622 
  6.24500  0.57454  0.57450 
  6.34500  0.57284  0.57279 
  6.44500  0.57116  0.57113 
  6.54500  0.56952  0.56949 
  6.64500  0.56792  0.56788 
  6.74500  0.56634  0.56631 
  6.84500  0.56480  0.56476 
  6.94500  0.56329  0.56325 
  7.04500  0.56181  0.56178 
  7.14500  0.56035  0.56033 
  7.24500  0.55895  0.55893 
  7.34500  0.55757  0.55755 
  7.44500  0.55623  0.55620 
  7.54500  0.55492  0.55489 
  7.64500  0.55364  0.55363 
  7.74500  0.55239  0.55238 
  7.84500  0.55119  0.55117 
  7.94500  0.55003  0.55000 
  8.04500  0.54887  0.54887 
  8.14500  0.54776  0.54775 
  8.24500  0.54669  0.54666 
  8.34500  0.54566  0.54565 
  8.44500  0.54463  0.54465 
  8.54500  0.54368  0.54365 
  8.64500  0.54272  0.54270 
  8.74500  0.54179  0.54179 
  8.84500  0.54093  0.54090 
  8.94500  0.54007  0.54005 
  9.04500  0.53923  0.53922 
  9.14500  0.53844  0.53843 
  9.24500  0.53767  0.53765 
  9.34500  0.53693  0.53691 
  9.44500  0.53620  0.53620 
  9.54500  0.53553  0.53550 
  9.64500  0.53486  0.53484 
  9.74500  0.53422  0.53421 
  9.84500  0.53360  0.53359 
  9.94500  0.53301  0.53300 
 10.04500  0.53244  0.53243 
 10.14500  0.53189  0.53189 
 10.24500  0.53137  0.53135 
 10.34500  0.53086  0.53085 
 10.44500  0.53036  0.53037 
 10.54500  0.52991  0.52990 
 10.64500  0.52946  0.52947 
 10.74500  0.52904  0.52903 
 10.84500  0.52862  0.52862 
 10.94500  0.52824  0.52823 
 11.04500  0.52786  0.52785 
 11.14500  0.52749  0.52749 
 11.24500  0.52715  0.52715 
 11.34500  0.52682  0.52682 
 11.44500  0.52650  0.52651 
 11.54500  0.52621  0.52620 
 11.64500  0.52592  0.52591 
 11.74500  0.52564  0.52565 
 11.84500  0.52538  0.52538 
 11.94500  0.52512  0.52512 
 12.04500  0.52489  0.52490 
 12.14500  0.52466  0.52467 
 12.24500  0.52445  0.52446 
 12.34500  0.52425  0.52425 
 12.44500  0.52405  0.52406 
 12.54500  0.52387  0.52388 
 12.64500  0.52370  0.52372 
 12.74500  0.52354  0.52355 
 12.84500  0.52338  0.52340 
 12.94500  0.52325  0.52326 
 13.04500  0.52311  0.52313 
 13.14500  0.52299  0.52300 
 13.24500  0.52287  0.52288 
 13.34500  0.52277  0.52278 
 13.44500  0.52266  0.52269 
 13.54500  0.52257  0.52260 
 13.64500  0.52250  0.52251 
 13.74500  0.52243  0.52244 
 13.84500  0.52237  0.52240 
 13.94500  0.52232  0.52231 
 14.04500  0.52226  0.52230 
 14.14500  0.52223  0.52222 
 14.24500  0.52219  0.52220 
 14.34500  0.52217  0.52220 
 14.44500  0.52218  0.52220 
 14.54500  0.52215  0.52220 
 14.64500  0.52216  0.52220 
 14.74500  0.52216  0.52220 
 14.84500  0.52217  0.52220 
 14.94500  0.52216  0.52220 
 15.04500  0.52221  0.52220 
 15.14500  0.52223  0.52223 
 15.24500  0.52229  0.52230 
 15.34500  0.52231  0.52230 
 15.44500  0.52234  0.52240 
 15.54500  0.52240  0.52241 
 15.64500  0.52247  0.52250 
 15.74500  0.52254  0.52256 
 15.84500  0.52262  0.52262 
 15.94500  0.52268  0.52270 
 16.04500  0.52278  0.52280 
 16.14500  0.52287  0.52288 
 16.24500  0.52295  0.52297 
 16.34500  0.52306  0.52307 
 16.44500  0.52316  0.52317 
 16.54500  0.52326  0.52327 
 16.64500  0.52337  0.52338 
 16.74500  0.52348  0.52349 
 16.84500  0.52361  0.52362 
 16.94500  0.52372  0.52374 
 17.04500  0.52384  0.52386 
 17.14500  0.52398  0.52398 
 17.24500  0.52411  0.52412 
 17.34500  0.52425  0.52425 
 17.44500  0.52437  0.52437 
 17.54500  0.52451  0.52453 
 17.64500  0.52465  0.52466 
 17.74500  0.52479  0.52481 
 17.84500  0.52494  0.52495 
 17.94500  0.52509  0.52509 
 18.04500  0.52523  0.52524 
 18.14500  0.52538  0.52539 
 18.24500  0.52554  0.52554 
 18.34500  0.52569  0.52569 
 18.44500  0.52585  0.52585 
 18.54500  0.52599  0.52600 
 18.64500  0.52615  0.52615 
 18.74500  0.52632  0.52631 
 18.84500  0.52646  0.52646 
 18.94500  0.52662  0.52664 
 19.04500  0.52679  0.52678 
 19.14500  0.52695  0.52695 
 19.24500  0.52710  0.52711 
 19.34500  0.52727  0.52726 
 19.44500  0.52742  0.52744 
 19.54500  0.52760  0.52760 
 19.64500  0.52775  0.52776 
 19.74500  0.52793  0.52793 
 19.84500  0.52809  0.52808 
 19.94500  0.52826  0.52825 
 20.04500  0.52844  0.52844 
 20.14500  0.52859  0.52860 
 20.24500  0.52878  0.52876 
 20.34500  0.52893  0.52894 
 20.44500  0.52910  0.52911 
 20.54500  0.52929  0.52928 
 20.64500  0.52946  0.52945 
 20.74500  0.52963  0.52964 
 20.84500  0.52982  0.52981 
 20.94500  0.52999  0.52999 
 21.04500  0.53018  0.53017 
 21.14500  0.53035  0.53035 
 21.24500  0.53054  0.53054 
 21.34500  0.53072  0.53072 
 21.44500  0.53091  0.53091 
 21.54500  0.53111  0.53109 
 21.64500  0.53130  0.53128 
 21.74500  0.53147  0.53147 
 21.84500  0.53167  0.53166 
 21.94500  0.53186  0.53185 
 22.04500  0.53206  0.53205 
 22.14500  0.53225  0.53225 
 22.24500  0.53243  0.53243 
 22.34500  0.53265  0.53263 
 22.44500  0.53283  0.53283 
 22.54500  0.53304  0.53303 
 22.64500  0.53323  0.53322 
 22.74500  0.53343  0.53341 
 22.84500  0.53362  0.53361 
 22.94500  0.53382  0.53381 
 23.04500  0.53400  0.53400 
 23.14500  0.53420  0.53419 
 23.24500  0.53441  0.53438 
 23.34500  0.53458  0.53457 
 23.44500  0.53476  0.53475 
 23.54500  0.53495  0.53494 
 23.64500  0.53513  0.53512 
 23.74500  0.53530  0.53530 
 23.84500  0.53549  0.53546 
 23.94500  0.53563  0.53564 
 24.04500  0.53581  0.53579 
 24.14500  0.53597  0.53595 
 24.24500  0.53611  0.53609 
 24.34500  0.53625  0.53624 
 24.44500  0.53639  0.53637 
 24.54500  0.53650  0.53650 
 24.64500  0.53663  0.53662 
 24.74500  0.53675  0.53672 
 24.84500  0.53683  0.53682 
 24.94500  0.53691  0.53690 
 25.04500  0.53699  0.53700 
 25.14500  0.53706  0.53705 
 25.24500  0.53711  0.53710 
 25.34500  0.53716  0.53711 
 25.44500  0.53717  0.53720 
 25.54500  0.53719  0.53720 
 25.64500  0.53718  0.53720 
 25.74500  0.53716  0.53715 
 25.84500  0.53712  0.53710 
 25.94500  0.53708  0.53707 
 26.04500  0.53700  0.53700 
 26.14500  0.53691  0.53690 
 26.24500  0.53682  0.53681 
 26.34500  0.53669  0.53667 
 26.44500  0.53655  0.53654 
 26.54500  0.53639  0.53638 
 26.64500  0.53622  0.53620 
 26.74500  0.53600  0.53601 
 26.84500  0.53579  0.53579 
 26.94500  0.53556  0.53555 
 27.04500  0.53530  0.53529 
 27.14500  0.53501  0.53501 
 27.24500  0.53471  0.53471 
 27.34500  0.53440  0.53438 
 27.44500  0.53405  0.53405 
 27.54500  0.53369  0.53369 
 27.64500  0.53331  0.53330 
 27.74500  0.53291  0.53290 
 27.84500  0.53248  0.53248 
 27.94500  0.53204  0.53204 
 28.04500  0.53158  0.53158 
 28.14500  0.53110  0.53110 
 28.24500  0.53060  0.53060 
 28.34500  0.53008  0.53009 
 28.44500  0.52955  0.52955 
 28.54500  0.52900  0.52899 
 28.64500  0.52843  0.52843 
 28.74500  0.52783  0.52784 
 28.84500  0.52723  0.52725 
 28.94500  0.52662  0.52662 
 29.04500  0.52599  0.52600 
 29.14500  0.52535  0.52536 
 29.24500  0.52470  0.52470 
 29.34500  0.52403  0.52403 
 29.44500  0.52335  0.52337 
 29.54500  0.52267  0.52267 
 29.64500  0.52197  0.52198 
 29.74500  0.52126  0.52128 
 29.84500  0.52056  0.52057 
 29.94500  0.51984  0.51986 
 30.04500  0.51913  0.51914 
 30.14500  0.51840  0.51842 
 30.24500  0.51768  0.51769 
 30.34500  0.51696  0.51697 
 30.44500  0.51623  0.51625 
 30.54500  0.51550  0.51552 
 30.64500  0.51478  0.51480 
 30.74500  0.51406  0.51408 
 30.84500  0.51336  0.51336 
 30.94500  0.51264  0.51266 
 31.04500  0.51194  0.51195 
 31.14500  0.51124  0.51126 
 31.24500  0.51056  0.51057 
 31.34500  0.50988  0.50990 
 31.44500  0.50921  0.50923 
 31.54500  0.50857  0.50858 
 31.64500  0.50792  0.50794 
 31.74500  0.50729  0.50731 
 31.84500  0.50667  0.50669 
 31.94500  0.50608  0.50609 
 32.04500  0.50549  0.50552 
 32.14500  0.50493  0.50495 
 32.24500  0.50438  0.50440 
 32.34500  0.50385  0.50387 
 32.44500  0.50334  0.50335 
 32.54500  0.50286  0.50287 
 32.64500  0.50238  0.50240 
 32.74500  0.50194  0.50196 
 32.84500  0.50151  0.50152 
 32.94500  0.50110  0.50112 
 33.04500  0.50071  0.50073 
 33.14500  0.50034  0.50036 
 33.24500  0.50000  0.50002 
 33.34500  0.49969  0.49971 
 33.44500  0.49939  0.49941 
 33.54500  0.49911  0.49913 
 33.64500  0.49887  0.49888 
 33.74500  0.49864  0.49866 
 33.84500  0.49843  0.49845 
 33.94500  0.49824  0.49826 
 34.04500  0.49809  0.49811 
 34.14500  0.49794  0.49796 
 34.24500  0.49783  0.49785 
 34.34500  0.49775  0.49775 
 34.44500  0.49766  0.49769 
 34.54500  0.49761  0.49760 
 34.64500  0.49757  0.49760 
 34.74500  0.49755  0.49760 
 34.84500  0.49755  0.49760 
 34.94500  0.49757  0.49760 
 35.04500  0.49762  0.49763 
 35.14500  0.49769  0.49770 
 35.24500  0.49776  0.49778 
 35.34500  0.49786  0.49786 
 35.44500  0.49794  0.49797 
 35.54500  0.49806  0.49808 
 35.64500  0.49820  0.49823 
 35.74500  0.49834  0.49836 
 35.84500  0.49851  0.49854 
 35.94500  0.49869  0.49870 
 36.04500  0.49887  0.49889 
 36.14500  0.49907  0.49909 
 36.24500  0.49926  0.49929 
 36.34500  0.49948  0.49950 
 36.44500  0.49970  0.49972 
 36.54500  0.49993  0.49994 
 36.64500  0.50016  0.50018 
 36.74500  0.50040  0.50042 
 36.84500  0.50065  0.50068 
 36.94500  0.50090  0.50092 
 37.04500  0.50115  0.50118 
 37.14500  0.50142  0.50142 
 37.24500  0.50166  0.50169 
 37.34500  0.50193  0.50195 
 37.44500  0.50220  0.50222 
 37.54500  0.50246  0.50249 
 37.64500  0.50273  0.50275 
 37.74500  0.50299  0.50302 
 37.84500  0.50328  0.50330 
 37.94500  0.50355  0.50356 
 38.04500  0.50381  0.50382 
 38.14500  0.50407  0.50410 
 38.24500  0.50434  0.50436 
 38.34500  0.50461  0.50462 
 38.44500  0.50488  0.50490 
 38.54500  0.50513  0.50515 
 38.64500  0.50540  0.50542 
 38.74500  0.50566  0.50568 
 38.84500  0.50593  0.50594 
 38.94500  0.50618  0.50620 
 39.04500  0.50643  0.50645 
 39.14500  0.50669  0.50670 
 39.24500  0.50694  0.50695 
 39.34500  0.50719  0.50720 
 39.44500  0.50744  0.50745 
 39.54500  0.50770  0.50770 
 39.64500  0.50794  0.50795 
 39.74500  0.50820  0.50820 
 39.84500  0.50844  0.50845 
 39.94500  0.50869  0.50870 
 40.04500  0.50893  0.50895 
 40.14500  0.50918  0.50920 
 40.24500  0.50944  0.50945 
 40.34500  0.50970  0.50970 
 40.44500  0.50994  0.50997 
 40.54500  0.51019  0.51022 
 40.64500  0.51047  0.51048 
 40.74500  0.51072  0.51073 
 40.84500  0.51098  0.51100 
 40.94500  0.51125  0.51127 
 41.04500  0.51152  0.51153 
 41.14500  0.51179  0.51180 
 41.24500  0.51206  0.51209 
 41.34500  0.51235  0.51236 
 41.44500  0.51262  0.51264 
 41.54500  0.51292  0.51293 
 41.64500  0.51321  0.51323 
 41.74500  0.51351  0.51352 
 41.84500  0.51380  0.51382 
 41.94500  0.51411  0.51413 
 42.04500  0.51442  0.51445 
 42.14500  0.51475  0.51475 
 42.24500  0.51506  0.51508 
 42.34500  0.51539  0.51542 
 42.44500  0.51572  0.51575 
 42.54500  0.51605  0.51608 
 42.64500  0.51640  0.51642 
 42.74500  0.51674  0.51675 
 42.84500  0.51710  0.51711 
 42.94500  0.51744  0.51745 
 43.04500  0.51780  0.51782 
 43.14500  0.51815  0.51817 
 43.24500  0.51852  0.51853 
 43.34500  0.51888  0.51889 
 43.44500  0.51925  0.51925 
 43.54500  0.51962  0.51963 
 43.64500  0.51999  0.51999 
 43.74500  0.52035  0.52036 
 43.84500  0.52073  0.52073 
 43.94500  0.52110  0.52109 
 44.04500  0.52144  0.52145 
 44.14500  0.52180  0.52182 
 44.24500  0.52217  0.52218 
 44.34500  0.52254  0.52253 
 44.44500  0.52289  0.52288 
 44.54500  0.52322  0.52322 
 44.64500  0.52357  0.52357 
 44.74500  0.52390  0.52391 
 44.84500  0.52423  0.52422 
 44.94500  0.52454  0.52455 
 45.04500  0.52485  0.52485 
 45.14500  0.52516  0.52515 
 45.24500  0.52544  0.52544 
 45.34500  0.52573  0.52571 
 45.44500  0.52598  0.52598 
 45.54500  0.52624  0.52622 
 45.64500  0.52648  0.52647 
 45.74500  0.52670  0.52669 
 45.84500  0.52690  0.52689 
 45.94500  0.52711  0.52709 
 46.04500  0.52728  0.52726 
 46.14500  0.52744  0.52743 
 46.24500  0.52757  0.52756 
 46.34500  0.52768  0.52767 
 46.44500  0.52780  0.52778 
 46.54500  0.52785  0.52786 
 46.64500  0.52793  0.52790 
 46.74500  0.52798  0.52796 
 46.84500  0.52798  0.52800 
 46.94500  0.52798  0.52800 
 47.04500  0.52795  0.52790 
 47.14500  0.52790  0.52789 
 47.24500  0.52783  0.52780 
 47.34500  0.52771  0.52771 
 47.44500  0.52760  0.52757 
 47.54500  0.52744  0.52744 
 47.64500  0.52728  0.52726 
 47.74500  0.52708  0.52707 
 47.84500  0.52686  0.52684 
 47.94500  0.52661  0.52660 
 48.04500  0.52633  0.52632 
 48.14500  0.52605  0.52602 
 48.24500  0.52572  0.52571 
 48.34500  0.52537  0.52535 
 48.44500  0.52499  0.52498 
 48.54500  0.52460  0.52458 
 48.64500  0.52418  0.52417 
 48.74500  0.52373  0.52372 
 48.84500  0.52327  0.52325 
 48.94500  0.52277  0.52275 
 49.04500  0.52225  0.52225 
 49.14500  0.52171  0.52169 
 49.24500  0.52114  0.52113 
 49.34500  0.52056  0.52055 
 49.44500  0.51995  0.51994 
 49.54500  0.51932  0.51931 
 49.64500  0.51866  0.51867 
 49.74500  0.51799  0.51799 
 49.84500  0.51730  0.51729 
 49.94500  0.51659  0.51658 
 50.04500  0.51585  0.51585 
 50.14500  0.51509  0.51509 
 50.24500  0.51432  0.51432 
 50.34500  0.51352  0.51354 
 50.44500  0.51273  0.51272 
 50.54500  0.51189  0.51190 
 50.64500  0.51105  0.51106 
 50.74500  0.51018  0.51020 
 50.84500  0.50931  0.50932 
 50.94500  0.50842  0.50843 
 51.04500  0.50751  0.50752 
 51.14500  0.50657  0.50659 
 51.24500  0.50564  0.50565 
 51.34500  0.50468  0.50471 
 51.44500  0.50372  0.50375 
 51.54500  0.50274  0.50275 
 51.64500  0.50173  0.50175 
 51.74500  0.50075  0.50075 
 51.84500  0.49971  0.49975 
 51.94500  0.49869  0.49868 
 52.04500  0.49760  0.49765 
 52.14500  0.49654  0.49657 
 52.24500  0.49547  0.49550 
 52.34500  0.49438  0.49441 
 52.44500  0.49328  0.49331 
 52.54500  0.49215  0.49219 
 52.64500  0.49104  0.49106 
 52.74500  0.48987  0.48991 
 52.84500  0.48873  0.48875 
 52.94500  0.48754  0.48759 
 53.04500  0.48637  0.48640 
 53.14500  0.48516  0.48520 
 53.24500  0.48396  0.48398 
 53.34500  0.48271  0.48276 
 53.44500  0.48149  0.48153 
 53.54500  0.48021  0.48025 
 53.64500  0.47894  0.47898 
 53.74500  0.47765  0.47769 
 53.84500  0.47634  0.47639 
 53.94500  0.47503  0.47507 
 54.04500  0.47368  0.47373 
 54.14500  0.47232  0.47237 
 54.24500  0.47095  0.47100 
 54.34500  0.46956  0.46961 
 54.44500  0.46815  0.46820 
 54.54500  0.46672  0.46677 
 54.64500  0.46527  0.46533 
 54.74500  0.46381  0.46385 
 54.84500  0.46233  0.46238 
 54.94500  0.46082  0.46087 
 55.04500  0.45930  0.45935 
 55.14500  0.45775  0.45781 
 55.24500  0.45620  0.45625 
 55.34500  0.45461  0.45466 
 55.44500  0.45299  0.45306 
 55.54500  0.45139  0.45144 
 55.64500  0.44973  0.44979 
 55.74500  0.44808  0.44813 
 55.84500  0.44638  0.44645 
 55.94500  0.44468  0.44474 
 56.04500  0.44296  0.44302 
 56.14500  0.44122  0.44128 
 56.24500  0.43944  0.43952 
 56.34500  0.43768  0.43774 
 56.44500  0.43588  0.43595 
 56.54500  0.43406  0.43414 
 56.64500  0.43222  0.43230 
 56.74500  0.43038  0.43045 
 56.84500  0.42851  0.42858 
 56.94500  0.42663  0.42671 
 57.04500  0.42474  0.42481 
 57.14500  0.42283  0.42290 
 57.24500  0.42091  0.42099 
 57.34500  0.41897  0.41905 
 57.44500  0.41704  0.41710 
 57.54500  0.41507  0.41517 
 57.64500  0.41311  0.41320 
 57.74500  0.41115  0.41120 
 57.84500  0.40918  0.40929 
 57.94500  0.40720  0.40730 
 58.04500  0.40522  0.40530 
 58.14500  0.40324  0.40330 
 58.24500  0.40126  0.40134 
 58.34500  0.39928  0.39940 
 58.44500  0.39730  0.39740 
 58.54500  0.39534  0.39540 
 58.64500  0.39338  0.39350 
 58.74500  0.39142  0.39150 
 58.84500  0.38947  0.38960 
 58.94500  0.38754  0.38765 
 59.04500  0.38563  0.38574 
 59.14500  0.38375  0.38385 
 59.24500  0.38185  0.38196 
 59.34500  0.38000  0.38012 
 59.44500  0.37816  0.37828 
 59.54500  0.37636  0.37647 
 59.64500  0.37457  0.37469 
 59.74500  0.37281  0.37293 
 59.84500  0.37110  0.37121 
 59.94500  0.36940  0.36952 
 60.04500  0.36773  0.36786 
 60.14500  0.36612  0.36624 
 60.24500  0.36454  0.36467 
 60.34500  0.36301  0.36313 
 60.44500  0.36151  0.36165 
 60.54500  0.36005  0.36018 
 60.64500  0.35865  0.35878 
 60.74500  0.35729  0.35743 
 60.84500  0.35598  0.35611 
 60.94500  0.35470  0.35485 
 61.04500  0.35351  0.35365 
 61.14500  0.35238  0.35250 
 61.24500  0.35129  0.35142 
 61.34500  0.35024  0.35035 
 61.44500  0.34927  0.34941 
 61.54500  0.34836  0.34849 
 61.64500  0.34750  0.34764 
 61.74500  0.34672  0.34685 
 61.84500  0.34600  0.34613 
 61.94500  0.34533  0.34548 
 62.04500  0.34474  0.34488 
 62.14500  0.34421  0.34435 
 62.24500  0.34376  0.34391 
 62.34500  0.34337  0.34352 
 62.44500  0.34305  0.34319 
 62.54500  0.34280  0.34293 
 62.64500  0.34262  0.34275 
 62.74500  0.34249  0.34264 
