  0.04500  0.72481  0.72470 
  0.14500  0.72461  0.72454 
  0.24500  0.72428  0.72419 
  0.34500  0.72374  0.72364 
  0.44500  0.72300  0.72292 
  0.54500  0.72210  0.72205 
  0.64500  0.72102  0.72094 
  0.74500  0.71977  0.71970 
  0.84500  0.71834  0.71825 
  0.94500  0.71675  0.71667 
  1.04500  0.71499  0.71490 
  1.14500  0.71308  0.71300 
  1.24500  0.71099  0.71089 
  1.34500  0.70876  0.70865 
  1.44500  0.70639  0.70628 
  1.54500  0.70384  0.70374 
  1.64500  0.70117  0.70107 
  1.74500  0.69838  0.69826 
  1.84500  0.69545  0.69535 
  1.94500  0.69239  0.69229 
  2.04500  0.68924  0.68912 
  2.14500  0.68595  0.68583 
  2.24500  0.68259  0.68247 
  2.34500  0.67912  0.67900 
  2.44500  0.67555  0.67544 
  2.54500  0.67191  0.67179 
  2.64500  0.66822  0.66808 
  2.74500  0.66445  0.66431 
  2.84500  0.66061  0.66047 
  2.94500  0.65671  0.65659 
  3.04500  0.65279  0.65267 
  3.14500  0.64882  0.64870 
  3.24500  0.64485  0.64470 
  3.34500  0.64084  0.64070 
  3.44500  0.63681  0.63670 
  3.54500  0.63278  0.63264 
  3.64500  0.62877  0.62860 
  3.74500  0.62474  0.62460 
  3.84500  0.62075  0.62060 
  3.94500  0.61679  0.61662 
  4.04500  0.61285  0.61270 
  4.14500  0.60894  0.60878 
  4.24500  0.60509  0.60494 
  4.34500  0.60127  0.60111 
  4.44500  0.59751  0.59736 
  4.54500  0.59382  0.59368 
  4.64500  0.59020  0.59005 
  4.74500  0.58667  0.58650 
  4.84500  0.58318  0.58303 
  4.94500  0.57979  0.57964 
  5.04500  0.57649  0.57634 
  5.14500  0.57328  0.57313 
  5.24500  0.57015  0.57002 
  5.34500  0.56715  0.56698 
  5.44500  0.56422  0.56408 
  5.54500  0.56141  0.56127 
  5.64500  0.55871  0.55857 
  5.74500  0.55612  0.55596 
  5.84500  0.55362  0.55348 
  5.94500  0.55126  0.55112 
  6.04500  0.54899  0.54885 
  6.14500  0.54685  0.54670 
  6.24500  0.54482  0.54470 
  6.34500  0.54289  0.54274 
  6.44500  0.54108  0.54092 
  6.54500  0.53938  0.53923 
  6.64500  0.53779  0.53765 
  6.74500  0.53631  0.53616 
  6.84500  0.53493  0.53480 
  6.94500  0.53367  0.53353 
  7.04500  0.53251  0.53237 
  7.14500  0.53145  0.53133 
  7.24500  0.53049  0.53035 
  7.34500  0.52960  0.52947 
  7.44500  0.52881  0.52870 
  7.54500  0.52815  0.52800 
  7.64500  0.52753  0.52740 
  7.74500  0.52700  0.52686 
  7.84500  0.52655  0.52642 
  7.94500  0.52618  0.52605 
  8.04500  0.52587  0.52573 
  8.14500  0.52563  0.52548 
  8.24500  0.52544  0.52530 
  8.34500  0.52530  0.52516 
  8.44500  0.52523  0.52509 
  8.54500  0.52518  0.52500 
  8.64500  0.52518  0.52500 
  8.74500  0.52524  0.52509 
  8.84500  0.52528  0.52513 
  8.94500  0.52538  0.52523 
  9.04500  0.52551  0.52535 
  9.14500  0.52564  0.52547 
  9.24500  0.52579  0.52564 
  9.34500  0.52593  0.52579 
  9.44500  0.52610  0.52595 
  9.54500  0.52627  0.52612 
  9.64500  0.52644  0.52628 
  9.74500  0.52660  0.52645 
  9.84500  0.52675  0.52659 
  9.94500  0.52688  0.52674 
 10.04500  0.52702  0.52686 
 10.14500  0.52712  0.52698 
 10.24500  0.52721  0.52707 
 10.34500  0.52729  0.52713 
 10.44500  0.52734  0.52720 
 10.54500  0.52736  0.52720 
 10.64500  0.52734  0.52720 
 10.74500  0.52734  0.52719 
 10.84500  0.52725  0.52710 
 10.94500  0.52717  0.52702 
 11.04500  0.52705  0.52690 
 11.14500  0.52691  0.52676 
 11.24500  0.52673  0.52658 
 11.34500  0.52653  0.52638 
 11.44500  0.52629  0.52615 
 11.54500  0.52603  0.52589 
 11.64500  0.52574  0.52560 
 11.74500  0.52543  0.52528 
 11.84500  0.52509  0.52495 
 11.94500  0.52475  0.52460 
 12.04500  0.52436  0.52423 
 12.14500  0.52397  0.52383 
 12.24500  0.52355  0.52342 
 12.34500  0.52313  0.52299 
 12.44500  0.52269  0.52256 
 12.54500  0.52224  0.52211 
 12.64500  0.52178  0.52166 
 12.74500  0.52133  0.52120 
 12.84500  0.52086  0.52074 
 12.94500  0.52041  0.52029 
 13.04500  0.51994  0.51983 
 13.14500  0.51950  0.51938 
 13.24500  0.51906  0.51894 
 13.34500  0.51862  0.51852 
 13.44500  0.51820  0.51810 
 13.54500  0.51781  0.51770 
 13.64500  0.51743  0.51733 
 13.74500  0.51708  0.51696 
 13.84500  0.51673  0.51662 
 13.94500  0.51642  0.51632 
 14.04500  0.51613  0.51603 
 14.14500  0.51589  0.51578 
 14.24500  0.51567  0.51556 
 14.34500  0.51548  0.51537 
 14.44500  0.51532  0.51522 
 14.54500  0.51519  0.51509 
 14.64500  0.51511  0.51500 
 14.74500  0.51506  0.51496 
 14.84500  0.51502  0.51490 
 14.94500  0.51503  0.51499 
 15.04500  0.51513  0.51502 
 15.14500  0.51521  0.51513 
 15.24500  0.51534  0.51525 
 15.34500  0.51552  0.51543 
 15.44500  0.51573  0.51563 
 15.54500  0.51599  0.51588 
 15.64500  0.51625  0.51616 
 15.74500  0.51655  0.51647 
 15.84500  0.51690  0.51682 
 15.94500  0.51727  0.51718 
 16.04500  0.51768  0.51758 
 16.14500  0.51810  0.51801 
 16.24500  0.51855  0.51846 
 16.34500  0.51903  0.51893 
 16.44500  0.51951  0.51940 
 16.54500  0.52002  0.51994 
 16.64500  0.52056  0.52045 
 16.74500  0.52110  0.52099 
 16.84500  0.52164  0.52154 
 16.94500  0.52221  0.52209 
 17.04500  0.52276  0.52266 
 17.14500  0.52332  0.52322 
 17.24500  0.52388  0.52377 
 17.34500  0.52445  0.52434 
 17.44500  0.52501  0.52488 
 17.54500  0.52553  0.52543 
 17.64500  0.52609  0.52595 
 17.74500  0.52661  0.52649 
 17.84500  0.52711  0.52700 
 17.94500  0.52759  0.52746 
 18.04500  0.52807  0.52793 
 18.14500  0.52850  0.52838 
 18.24500  0.52891  0.52879 
 18.34500  0.52930  0.52919 
 18.44500  0.52968  0.52955 
 18.54500  0.53002  0.52988 
 18.64500  0.53032  0.53019 
 18.74500  0.53059  0.53047 
 18.84500  0.53084  0.53071 
 18.94500  0.53106  0.53091 
 19.04500  0.53122  0.53110 
 19.14500  0.53137  0.53124 
 19.24500  0.53148  0.53135 
 19.34500  0.53154  0.53141 
 19.44500  0.53159  0.53150 
 19.54500  0.53161  0.53150 
 19.64500  0.53159  0.53150 
 19.74500  0.53155  0.53140 
 19.84500  0.53146  0.53134 
 19.94500  0.53137  0.53124 
 20.04500  0.53123  0.53111 
 20.14500  0.53109  0.53095 
 20.24500  0.53091  0.53078 
 20.34500  0.53070  0.53059 
 20.44500  0.53048  0.53037 
 20.54500  0.53026  0.53013 
 20.64500  0.53001  0.52990 
 20.74500  0.52975  0.52965 
 20.84500  0.52950  0.52938 
 20.94500  0.52921  0.52912 
 21.04500  0.52896  0.52885 
 21.14500  0.52869  0.52859 
 21.24500  0.52841  0.52832 
 21.34500  0.52817  0.52808 
 21.44500  0.52792  0.52782 
 21.54500  0.52769  0.52759 
 21.64500  0.52747  0.52737 
 21.74500  0.52727  0.52717 
 21.84500  0.52708  0.52700 
 21.94500  0.52692  0.52685 
 22.04500  0.52679  0.52672 
 22.14500  0.52668  0.52662 
 22.24500  0.52665  0.52657 
 22.34500  0.52660  0.52650 
 22.44500  0.52660  0.52650 
 22.54500  0.52664  0.52660 
 22.64500  0.52671  0.52666 
 22.74500  0.52686  0.52677 
 22.84500  0.52701  0.52695 
 22.94500  0.52720  0.52716 
 23.04500  0.52746  0.52740 
 23.14500  0.52774  0.52772 
 23.24500  0.52807  0.52805 
 23.34500  0.52847  0.52844 
 23.44500  0.52892  0.52887 
 23.54500  0.52938  0.52935 
 23.64500  0.52990  0.52986 
 23.74500  0.53048  0.53043 
 23.84500  0.53108  0.53104 
 23.94500  0.53173  0.53170 
 24.04500  0.53240  0.53237 
 24.14500  0.53313  0.53310 
 24.24500  0.53388  0.53385 
 24.34500  0.53468  0.53464 
 24.44500  0.53551  0.53547 
 24.54500  0.53636  0.53631 
 24.64500  0.53721  0.53719 
 24.74500  0.53811  0.53808 
 24.84500  0.53903  0.53898 
 24.94500  0.53994  0.53991 
 25.04500  0.54087  0.54085 
 25.14500  0.54181  0.54177 
 25.24500  0.54275  0.54273 
 25.34500  0.54369  0.54365 
 25.44500  0.54462  0.54459 
 25.54500  0.54554  0.54551 
 25.64500  0.54646  0.54642 
 25.74500  0.54735  0.54730 
 25.84500  0.54820  0.54817 
 25.94500  0.54903  0.54900 
 26.04500  0.54984  0.54979 
 26.14500  0.55060  0.55055 
 26.24500  0.55132  0.55128 
 26.34500  0.55201  0.55196 
 26.44500  0.55263  0.55258 
 26.54500  0.55319  0.55315 
 26.64500  0.55373  0.55365 
 26.74500  0.55416  0.55412 
 26.84500  0.55455  0.55451 
 26.94500  0.55488  0.55481 
 27.04500  0.55511  0.55507 
 27.14500  0.55529  0.55524 
 27.24500  0.55539  0.55530 
 27.34500  0.55539  0.55530 
 27.44500  0.55533  0.55527 
 27.54500  0.55515  0.55513 
 27.64500  0.55493  0.55489 
 27.74500  0.55462  0.55456 
 27.84500  0.55420  0.55414 
 27.94500  0.55370  0.55365 
 28.04500  0.55311  0.55306 
 28.14500  0.55244  0.55237 
 28.24500  0.55166  0.55160 
 28.34500  0.55079  0.55074 
 28.44500  0.54985  0.54982 
 28.54500  0.54884  0.54875 
 28.64500  0.54772  0.54765 
 28.74500  0.54652  0.54645 
 28.84500  0.54523  0.54517 
 28.94500  0.54387  0.54382 
 29.04500  0.54244  0.54239 
 29.14500  0.54094  0.54089 
 29.24500  0.53937  0.53931 
 29.34500  0.53772  0.53768 
 29.44500  0.53602  0.53597 
 29.54500  0.53427  0.53421 
 29.64500  0.53246  0.53240 
 29.74500  0.53059  0.53055 
 29.84500  0.52869  0.52864 
 29.94500  0.52675  0.52670 
 30.04500  0.52479  0.52470 
 30.14500  0.52277  0.52270 
 30.24500  0.52076  0.52070 
 30.34500  0.51870  0.51869 
 30.44500  0.51666  0.51660 
 30.54500  0.51460  0.51457 
 30.64500  0.51255  0.51250 
 30.74500  0.51050  0.51045 
 30.84500  0.50845  0.50840 
 30.94500  0.50643  0.50640 
 31.04500  0.50442  0.50440 
 31.14500  0.50245  0.50240 
 31.24500  0.50051  0.50049 
 31.34500  0.49862  0.49858 
 31.44500  0.49677  0.49674 
 31.54500  0.49497  0.49493 
 31.64500  0.49321  0.49319 
 31.74500  0.49152  0.49149 
 31.84500  0.48992  0.48987 
 31.94500  0.48836  0.48830 
 32.04500  0.48686  0.48683 
 32.14500  0.48546  0.48542 
 32.24500  0.48411  0.48411 
 32.34500  0.48287  0.48286 
 32.44500  0.48173  0.48170 
 32.54500  0.48065  0.48065 
 32.64500  0.47968  0.47965 
 32.74500  0.47878  0.47878 
 32.84500  0.47801  0.47798 
 32.94500  0.47732  0.47730 
 33.04500  0.47671  0.47671 
 33.14500  0.47624  0.47621 
 33.24500  0.47583  0.47582 
 33.34500  0.47553  0.47552 
 33.44500  0.47534  0.47533 
 33.54500  0.47523  0.47520 
 33.64500  0.47522  0.47520 
 33.74500  0.47532  0.47530 
 33.84500  0.47550  0.47548 
 33.94500  0.47578  0.47575 
 34.04500  0.47613  0.47612 
 34.14500  0.47658  0.47656 
 34.24500  0.47712  0.47710 
 34.34500  0.47772  0.47770 
 34.44500  0.47841  0.47840 
 34.54500  0.47917  0.47916 
 34.64500  0.48001  0.47999 
 34.74500  0.48089  0.48088 
 34.84500  0.48184  0.48185 
 34.94500  0.48286  0.48285 
 35.04500  0.48391  0.48391 
 35.14500  0.48503  0.48501 
 35.24500  0.48617  0.48617 
 35.34500  0.48735  0.48734 
 35.44500  0.48857  0.48856 
 35.54500  0.48982  0.48980 
 35.64500  0.49107  0.49105 
 35.74500  0.49235  0.49233 
 35.84500  0.49361  0.49361 
 35.94500  0.49491  0.49489 
 36.04500  0.49620  0.49618 
 36.14500  0.49747  0.49746 
 36.24500  0.49875  0.49873 
 36.34500  0.49998  0.49997 
 36.44500  0.50123  0.50122 
 36.54500  0.50240  0.50242 
 36.64500  0.50360  0.50360 
 36.74500  0.50474  0.50473 
 36.84500  0.50583  0.50584 
 36.94500  0.50690  0.50689 
 37.04500  0.50791  0.50794 
 37.14500  0.50888  0.50885 
 37.24500  0.50978  0.50979 
 37.34500  0.51065  0.51063 
 37.44500  0.51142  0.51144 
 37.54500  0.51218  0.51218 
 37.64500  0.51287  0.51286 
 37.74500  0.51348  0.51347 
 37.84500  0.51401  0.51400 
 37.94500  0.51449  0.51450 
 38.04500  0.51491  0.51491 
 38.14500  0.51527  0.51526 
 38.24500  0.51554  0.51555 
 38.34500  0.51577  0.51576 
 38.44500  0.51592  0.51592 
 38.54500  0.51599  0.51600 
 38.64500  0.51603  0.51600 
 38.74500  0.51598  0.51600 
 38.84500  0.51587  0.51588 
 38.94500  0.51574  0.51573 
 39.04500  0.51552  0.51552 
 39.14500  0.51526  0.51526 
 39.24500  0.51493  0.51495 
 39.34500  0.51458  0.51459 
 39.44500  0.51417  0.51419 
 39.54500  0.51373  0.51374 
 39.64500  0.51325  0.51325 
 39.74500  0.51274  0.51275 
 39.84500  0.51222  0.51223 
 39.94500  0.51166  0.51167 
 40.04500  0.51109  0.51109 
 40.14500  0.51048  0.51051 
 40.24500  0.50989  0.50991 
 40.34500  0.50928  0.50930 
 40.44500  0.50867  0.50869 
 40.54500  0.50807  0.50809 
 40.64500  0.50749  0.50751 
 40.74500  0.50690  0.50693 
 40.84500  0.50634  0.50637 
 40.94500  0.50582  0.50585 
 41.04500  0.50531  0.50531 
 41.14500  0.50481  0.50485 
 41.24500  0.50438  0.50441 
 41.34500  0.50397  0.50400 
 41.44500  0.50360  0.50365 
 41.54500  0.50328  0.50332 
 41.64500  0.50302  0.50306 
 41.74500  0.50281  0.50285 
 41.84500  0.50265  0.50268 
 41.94500  0.50256  0.50260 
 42.04500  0.50252  0.50260 
 42.14500  0.50255  0.50260 
 42.24500  0.50265  0.50267 
 42.34500  0.50279  0.50283 
 42.44500  0.50300  0.50305 
 42.54500  0.50330  0.50335 
 42.64500  0.50366  0.50370 
 42.74500  0.50410  0.50415 
 42.84500  0.50459  0.50465 
 42.94500  0.50517  0.50521 
 43.04500  0.50580  0.50583 
 43.14500  0.50649  0.50655 
 43.24500  0.50729  0.50732 
 43.34500  0.50810  0.50815 
 43.44500  0.50899  0.50905 
 43.54500  0.50995  0.50998 
 43.64500  0.51095  0.51102 
 43.74500  0.51203  0.51207 
 43.84500  0.51313  0.51319 
 43.94500  0.51432  0.51436 
 44.04500  0.51551  0.51557 
 44.14500  0.51677  0.51683 
 44.24500  0.51805  0.51811 
 44.34500  0.51937  0.51943 
 44.44500  0.52073  0.52077 
 44.54500  0.52208  0.52214 
 44.64500  0.52347  0.52353 
 44.74500  0.52487  0.52493 
 44.84500  0.52628  0.52634 
 44.94500  0.52770  0.52776 
 45.04500  0.52914  0.52917 
 45.14500  0.53052  0.53057 
 45.24500  0.53190  0.53197 
 45.34500  0.53332  0.53335 
 45.44500  0.53465  0.53470 
 45.54500  0.53599  0.53603 
 45.64500  0.53729  0.53734 
 45.74500  0.53854  0.53860 
 45.84500  0.53978  0.53982 
 45.94500  0.54095  0.54100 
 46.04500  0.54207  0.54212 
 46.14500  0.54314  0.54318 
 46.24500  0.54413  0.54422 
 46.34500  0.54510  0.54515 
 46.44500  0.54598  0.54602 
 46.54500  0.54677  0.54684 
 46.64500  0.54750  0.54757 
 46.74500  0.54817  0.54822 
 46.84500  0.54876  0.54881 
 46.94500  0.54925  0.54930 
 47.04500  0.54968  0.54973 
 47.14500  0.54999  0.55005 
 47.24500  0.55024  0.55029 
 47.34500  0.55038  0.55045 
 47.44500  0.55045  0.55050 
 47.54500  0.55041  0.55048 
 47.64500  0.55030  0.55036 
 47.74500  0.55009  0.55015 
 47.84500  0.54977  0.54985 
 47.94500  0.54940  0.54946 
 48.04500  0.54891  0.54898 
 48.14500  0.54835  0.54841 
 48.24500  0.54770  0.54776 
 48.34500  0.54697  0.54703 
 48.44500  0.54615  0.54621 
 48.54500  0.54525  0.54532 
 48.64500  0.54428  0.54435 
 48.74500  0.54322  0.54330 
 48.84500  0.54212  0.54219 
 48.94500  0.54093  0.54099 
 49.04500  0.53968  0.53975 
 49.14500  0.53835  0.53843 
 49.24500  0.53701  0.53709 
 49.34500  0.53559  0.53567 
 49.44500  0.53415  0.53420 
 49.54500  0.53263  0.53270 
 49.64500  0.53109  0.53117 
 49.74500  0.52951  0.52959 
 49.84500  0.52791  0.52800 
 49.94500  0.52629  0.52636 
 50.04500  0.52465  0.52472 
 50.14500  0.52298  0.52305 
 50.24500  0.52132  0.52138 
 50.34500  0.51963  0.51972 
 50.44500  0.51797  0.51805 
 50.54500  0.51629  0.51638 
 50.64500  0.51462  0.51472 
 50.74500  0.51297  0.51305 
 50.84500  0.51134  0.51141 
 50.94500  0.50972  0.50980 
 51.04500  0.50814  0.50821 
 51.14500  0.50655  0.50665 
 51.24500  0.50503  0.50510 
 51.34500  0.50354  0.50361 
 51.44500  0.50207  0.50215 
 51.54500  0.50065  0.50073 
 51.64500  0.49927  0.49935 
 51.74500  0.49793  0.49801 
 51.84500  0.49662  0.49673 
 51.94500  0.49539  0.49547 
 52.04500  0.49419  0.49429 
 52.14500  0.49305  0.49312 
 52.24500  0.49194  0.49204 
 52.34500  0.49090  0.49095 
 52.44500  0.48989  0.48995 
 52.54500  0.48894  0.48904 
 52.64500  0.48805  0.48812 
 52.74500  0.48717  0.48727 
 52.84500  0.48640  0.48646 
 52.94500  0.48560  0.48570 
 53.04500  0.48490  0.48497 
 53.14500  0.48421  0.48428 
 53.24500  0.48356  0.48364 
 53.34500  0.48293  0.48303 
 53.44500  0.48237  0.48244 
 53.54500  0.48181  0.48189 
 53.64500  0.48129  0.48135 
 53.74500  0.48077  0.48085 
 53.84500  0.48027  0.48035 
 53.94500  0.47981  0.47990 
 54.04500  0.47934  0.47941 
 54.14500  0.47887  0.47895 
 54.24500  0.47841  0.47849 
 54.34500  0.47792  0.47800 
 54.44500  0.47745  0.47753 
 54.54500  0.47694  0.47705 
 54.64500  0.47644  0.47650 
 54.74500  0.47592  0.47597 
 54.84500  0.47532  0.47540 
 54.94500  0.47472  0.47479 
 55.04500  0.47406  0.47413 
 55.14500  0.47339  0.47345 
 55.24500  0.47264  0.47272 
 55.34500  0.47185  0.47191 
 55.44500  0.47100  0.47108 
 55.54500  0.47008  0.47015 
 55.64500  0.46910  0.46915 
 55.74500  0.46805  0.46813 
 55.84500  0.46692  0.46700 
 55.94500  0.46571  0.46580 
 56.04500  0.46443  0.46451 
 56.14500  0.46307  0.46315 
 56.24500  0.46162  0.46170 
 56.34500  0.46007  0.46015 
 56.44500  0.45843  0.45851 
 56.54500  0.45671  0.45678 
 56.64500  0.45486  0.45496 
 56.74500  0.45293  0.45300 
 56.84500  0.45092  0.45100 
 56.94500  0.44882  0.44889 
 57.04500  0.44660  0.44668 
 57.14500  0.44428  0.44436 
 57.24500  0.44185  0.44195 
 57.34500  0.43935  0.43944 
 57.44500  0.43675  0.43683 
 57.54500  0.43406  0.43415 
 57.64500  0.43126  0.43135 
 57.74500  0.42839  0.42845 
 57.84500  0.42541  0.42548 
 57.94500  0.42235  0.42244 
 58.04500  0.41922  0.41931 
 58.14500  0.41601  0.41610 
 58.24500  0.41274  0.41282 
 58.34500  0.40936  0.40946 
 58.44500  0.40596  0.40605 
 58.54500  0.40247  0.40258 
 58.64500  0.39895  0.39904 
 58.74500  0.39539  0.39546 
 58.84500  0.39176  0.39185 
 58.94500  0.38812  0.38818 
 59.04500  0.38442  0.38450 
 59.14500  0.38070  0.38079 
 59.24500  0.37697  0.37706 
 59.34500  0.37324  0.37332 
 59.44500  0.36951  0.36958 
 59.54500  0.36575  0.36582 
 59.64500  0.36203  0.36210 
 59.74500  0.35831  0.35839 
 59.84500  0.35463  0.35468 
 59.94500  0.35097  0.35103 
 60.04500  0.34734  0.34742 
 60.14500  0.34378  0.34384 
 60.24500  0.34027  0.34031 
 60.34500  0.33679  0.33686 
 60.44500  0.33340  0.33347 
 60.54500  0.33010  0.33015 
 60.64500  0.32686  0.32692 
 60.74500  0.32372  0.32377 
 60.84500  0.32067  0.32075 
 60.94500  0.31772  0.31778 
 61.04500  0.31488  0.31494 
 61.14500  0.31216  0.31221 
 61.24500  0.30957  0.30961 
 61.34500  0.30710  0.30714 
 61.44500  0.30475  0.30479 
 61.54500  0.30255  0.30258 
 61.64500  0.30048  0.30050 
 61.74500  0.29856  0.29860 
 61.84500  0.29680  0.29683 
 61.94500  0.29520  0.29521 
 62.04500  0.29373  0.29377 
 62.14500  0.29244  0.29246 
 62.24500  0.29130  0.29135 
 62.34500  0.29035  0.29038 
 62.44500  0.28955  0.28958 
 62.54500  0.28894  0.28896 
 62.64500  0.28849  0.28852 
 62.74500  0.28824  0.28824 
