  0.04500  0.95737  0.95753 
  0.14500  0.95692  0.95706 
  0.24500  0.95593  0.95608 
  0.34500  0.95446  0.95461 
  0.44500  0.95245  0.95262 
  0.54500  0.94998  0.95010 
  0.64500  0.94695  0.94709 
  0.74500  0.94342  0.94355 
  0.84500  0.93933  0.93947 
  0.94500  0.93474  0.93484 
  1.04500  0.92956  0.92969 
  1.14500  0.92383  0.92397 
  1.24500  0.91755  0.91768 
  1.34500  0.91068  0.91080 
  1.44500  0.90324  0.90335 
  1.54500  0.89523  0.89531 
  1.64500  0.88660  0.88670 
  1.74500  0.87738  0.87745 
  1.84500  0.86755  0.86764 
  1.94500  0.85712  0.85719 
  2.04500  0.84612  0.84616 
  2.14500  0.83449  0.83457 
  2.24500  0.82230  0.82234 
  2.34500  0.80955  0.80954 
  2.44500  0.79619  0.79620 
  2.54500  0.78232  0.78230 
  2.64500  0.76788  0.76788 
  2.74500  0.75299  0.75293 
  2.84500  0.73758  0.73754 
  2.94500  0.72174  0.72168 
  3.04500  0.70544  0.70541 
  3.14500  0.68881  0.68877 
  3.24500  0.67182  0.67180 
  3.34500  0.65454  0.65452 
  3.44500  0.63707  0.63701 
  3.54500  0.61942  0.61931 
  3.64500  0.60162  0.60147 
  3.74500  0.58377  0.58354 
  3.84500  0.56585  0.56560 
  3.94500  0.54792  0.54771 
  4.04500  0.52999  0.52990 
  4.14500  0.51249  0.51227 
  4.24500  0.49506  0.49488 
  4.34500  0.47789  0.47777 
  4.44500  0.46114  0.46103 
  4.54500  0.44488  0.44472 
  4.64500  0.42911  0.42891 
  4.74500  0.41392  0.41366 
  4.84500  0.39930  0.39900 
  4.94500  0.38536  0.38507 
  5.04500  0.37216  0.37187 
  5.14500  0.35972  0.35944 
  5.24500  0.34813  0.34788 
  5.34500  0.33748  0.33724 
  5.44500  0.32777  0.32751 
  5.54500  0.31904  0.31877 
  5.64500  0.31137  0.31109 
  5.74500  0.30472  0.30445 
  5.84500  0.29917  0.29889 
  5.94500  0.29475  0.29447 
  6.04500  0.29145  0.29118 
  6.14500  0.28930  0.28902 
  6.24500  0.28829  0.28802 
  6.34500  0.28843  0.28816 
  6.44500  0.28976  0.28947 
  6.54500  0.29219  0.29191 
  6.64500  0.29573  0.29549 
  6.74500  0.30041  0.30019 
  6.84500  0.30618  0.30595 
  6.94500  0.31296  0.31274 
  7.04500  0.32080  0.32058 
  7.14500  0.32958  0.32937 
  7.24500  0.33928  0.33910 
  7.34500  0.34992  0.34970 
  7.44500  0.36136  0.36114 
  7.54500  0.37353  0.37331 
  7.64500  0.38642  0.38619 
  7.74500  0.39990  0.39969 
  7.84500  0.41395  0.41376 
  7.94500  0.42841  0.42832 
  8.04500  0.44334  0.44329 
  8.14500  0.45863  0.45861 
  8.24500  0.47422  0.47416 
  8.34500  0.49006  0.48991 
  8.44500  0.50579  0.50574 
  8.54500  0.52164  0.52158 
  8.64500  0.53751  0.53737 
  8.74500  0.55318  0.55300 
  8.84500  0.56852  0.56841 
  8.94500  0.58357  0.58352 
  9.04500  0.59821  0.59823 
  9.14500  0.61244  0.61248 
  9.24500  0.62616  0.62621 
  9.34500  0.63931  0.63932 
  9.44500  0.65177  0.65178 
  9.54500  0.66349  0.66352 
  9.64500  0.67445  0.67446 
  9.74500  0.68453  0.68453 
  9.84500  0.69375  0.69375 
  9.94500  0.70198  0.70201 
 10.04500  0.70924  0.70929 
 10.14500  0.71550  0.71554 
 10.24500  0.72070  0.72076 
 10.34500  0.72485  0.72487 
 10.44500  0.72786  0.72791 
 10.54500  0.72981  0.72985 
 10.64500  0.73061  0.73064 
 10.74500  0.73030  0.73033 
 10.84500  0.72887  0.72890 
 10.94500  0.72635  0.72638 
 11.04500  0.72270  0.72273 
 11.14500  0.71798  0.71801 
 11.24500  0.71223  0.71224 
 11.34500  0.70544  0.70547 
 11.44500  0.69769  0.69769 
 11.54500  0.68897  0.68898 
 11.64500  0.67936  0.67937 
 11.74500  0.66891  0.66891 
 11.84500  0.65765  0.65766 
 11.94500  0.64564  0.64567 
 12.04500  0.63299  0.63303 
 12.14500  0.61976  0.61978 
 12.24500  0.60600  0.60600 
 12.34500  0.59181  0.59174 
 12.44500  0.57726  0.57714 
 12.54500  0.56240  0.56223 
 12.64500  0.54724  0.54707 
 12.74500  0.53190  0.53180 
 12.84500  0.51642  0.51645 
 12.94500  0.50133  0.50114 
 13.04500  0.48602  0.48591 
 13.14500  0.47092  0.47090 
 13.24500  0.45617  0.45616 
 13.34500  0.44183  0.44176 
 13.44500  0.42793  0.42780 
 13.54500  0.41452  0.41433 
 13.64500  0.40168  0.40148 
 13.74500  0.38945  0.38923 
 13.84500  0.37793  0.37773 
 13.94500  0.36718  0.36700 
 14.04500  0.35728  0.35713 
 14.14500  0.34832  0.34814 
 14.24500  0.34026  0.34011 
 14.34500  0.33320  0.33305 
 14.44500  0.32720  0.32702 
 14.54500  0.32223  0.32204 
 14.64500  0.31836  0.31816 
 14.74500  0.31562  0.31541 
 14.84500  0.31396  0.31378 
 14.94500  0.31345  0.31326 
 15.04500  0.31409  0.31389 
 15.14500  0.31586  0.31567 
 15.24500  0.31874  0.31856 
 15.34500  0.32274  0.32256 
 15.44500  0.32781  0.32764 
 15.54500  0.33396  0.33378 
 15.64500  0.34113  0.34097 
 15.74500  0.34926  0.34910 
 15.84500  0.35836  0.35820 
 15.94500  0.36833  0.36818 
 16.04500  0.37916  0.37900 
 16.14500  0.39079  0.39060 
 16.24500  0.40307  0.40288 
 16.34500  0.41601  0.41582 
 16.44500  0.42946  0.42935 
 16.54500  0.44342  0.44337 
 16.64500  0.45781  0.45780 
 16.74500  0.47259  0.47258 
 16.84500  0.48773  0.48763 
 16.94500  0.50303  0.50286 
 17.04500  0.51819  0.51819 
 17.14500  0.53364  0.53353 
 17.24500  0.54897  0.54879 
 17.34500  0.56409  0.56394 
 17.44500  0.57893  0.57881 
 17.54500  0.59344  0.59338 
 17.64500  0.60759  0.60759 
 17.74500  0.62131  0.62132 
 17.84500  0.63448  0.63452 
 17.94500  0.64708  0.64709 
 18.04500  0.65899  0.65901 
 18.14500  0.67020  0.67018 
 18.24500  0.68057  0.68055 
 18.34500  0.69010  0.69008 
 18.44500  0.69870  0.69868 
 18.54500  0.70637  0.70639 
 18.64500  0.71307  0.71306 
 18.74500  0.71870  0.71873 
 18.84500  0.72333  0.72336 
 18.94500  0.72687  0.72691 
 19.04500  0.72932  0.72935 
 19.14500  0.73066  0.73069 
 19.24500  0.73090  0.73093 
 19.34500  0.73002  0.73004 
 19.44500  0.72802  0.72804 
 19.54500  0.72494  0.72495 
 19.64500  0.72076  0.72078 
 19.74500  0.71551  0.71554 
 19.84500  0.70925  0.70927 
 19.94500  0.70198  0.70197 
 20.04500  0.69375  0.69375 
 20.14500  0.68461  0.68459 
 20.24500  0.67457  0.67456 
 20.34500  0.66373  0.66370 
 20.44500  0.65209  0.65209 
 20.54500  0.63978  0.63977 
 20.64500  0.62681  0.62684 
 20.74500  0.61330  0.61332 
 20.84500  0.59933  0.59932 
 20.94500  0.58496  0.58488 
 21.04500  0.57022  0.57012 
 21.14500  0.55524  0.55507 
 21.24500  0.53998  0.53985 
 21.34500  0.52458  0.52453 
 21.44500  0.50928  0.50920 
 21.54500  0.49405  0.49391 
 21.64500  0.47884  0.47877 
 21.74500  0.46389  0.46390 
 21.84500  0.44934  0.44931 
 21.94500  0.43518  0.43511 
 22.04500  0.42151  0.42138 
 22.14500  0.40840  0.40818 
 22.24500  0.39581  0.39564 
 22.34500  0.38393  0.38375 
 22.44500  0.37279  0.37262 
 22.54500  0.36246  0.36232 
 22.64500  0.35298  0.35287 
 22.74500  0.34447  0.34433 
 22.84500  0.33693  0.33678 
 22.94500  0.33041  0.33024 
 23.04500  0.32491  0.32476 
 23.14500  0.32051  0.32034 
 23.24500  0.31718  0.31703 
 23.34500  0.31504  0.31486 
 23.44500  0.31399  0.31383 
 23.54500  0.31412  0.31394 
 23.64500  0.31537  0.31521 
 23.74500  0.31779  0.31761 
 23.84500  0.32132  0.32115 
 23.94500  0.32598  0.32581 
 24.04500  0.33172  0.33157 
 24.14500  0.33855  0.33841 
 24.24500  0.34638  0.34626 
 24.34500  0.35521  0.35512 
 24.44500  0.36503  0.36490 
 24.54500  0.37572  0.37559 
 24.64500  0.38732  0.38713 
 24.74500  0.39963  0.39948 
 24.84500  0.41270  0.41255 
 24.94500  0.42639  0.42628 
 25.04500  0.44063  0.44059 
 25.14500  0.45544  0.45546 
 25.24500  0.47073  0.47076 
 25.34500  0.48644  0.48644 
 25.44500  0.50255  0.50244 
 25.54500  0.51868  0.51866 
 25.64500  0.53505  0.53505 
 25.74500  0.55160  0.55150 
 25.84500  0.56808  0.56795 
 25.94500  0.58442  0.58432 
 26.04500  0.60057  0.60055 
 26.14500  0.61650  0.61655 
 26.24500  0.63217  0.63224 
 26.34500  0.64749  0.64756 
 26.44500  0.66237  0.66245 
 26.54500  0.67679  0.67687 
 26.64500  0.69062  0.69068 
 26.74500  0.70384  0.70390 
 26.84500  0.71635  0.71641 
 26.94500  0.72814  0.72821 
 27.04500  0.73915  0.73921 
 27.14500  0.74930  0.74940 
 27.24500  0.75861  0.75871 
 27.34500  0.76699  0.76709 
 27.44500  0.77448  0.77456 
 27.54500  0.78095  0.78106 
 27.64500  0.78642  0.78653 
 27.74500  0.79088  0.79098 
 27.84500  0.79431  0.79440 
 27.94500  0.79665  0.79676 
 28.04500  0.79794  0.79805 
 28.14500  0.79817  0.79826 
 28.24500  0.79730  0.79741 
 28.34500  0.79536  0.79547 
 28.44500  0.79234  0.79246 
 28.54500  0.78828  0.78839 
 28.64500  0.78316  0.78327 
 28.74500  0.77701  0.77712 
 28.84500  0.76988  0.76996 
 28.94500  0.76172  0.76181 
 29.04500  0.75265  0.75271 
 29.14500  0.74262  0.74269 
 29.24500  0.73174  0.73177 
 29.34500  0.71997  0.72002 
 29.44500  0.70740  0.70744 
 29.54500  0.69409  0.69412 
 29.64500  0.68006  0.68009 
 29.74500  0.66533  0.66539 
 29.84500  0.65002  0.65008 
 29.94500  0.63416  0.63426 
 30.04500  0.61786  0.61789 
 30.14500  0.60112  0.60114 
 30.24500  0.58407  0.58402 
 30.34500  0.56672  0.56659 
 30.44500  0.54907  0.54893 
 30.54500  0.53121  0.53112 
 30.64500  0.51317  0.51320 
 30.74500  0.49542  0.49528 
 30.84500  0.47745  0.47738 
 30.94500  0.45962  0.45962 
 31.04500  0.44201  0.44201 
 31.14500  0.42471  0.42469 
 31.24500  0.40777  0.40768 
 31.34500  0.39118  0.39103 
 31.44500  0.37504  0.37484 
 31.54500  0.35938  0.35918 
 31.64500  0.34427  0.34409 
 31.74500  0.32980  0.32962 
 31.84500  0.31600  0.31585 
 31.94500  0.30298  0.30283 
 32.04500  0.29074  0.29057 
 32.14500  0.27935  0.27918 
 32.24500  0.26884  0.26865 
 32.34500  0.25925  0.25907 
 32.44500  0.25062  0.25042 
 32.54500  0.24298  0.24277 
 32.64500  0.23635  0.23615 
 32.74500  0.23078  0.23058 
 32.84500  0.22628  0.22605 
 32.94500  0.22283  0.22262 
 33.04500  0.22051  0.22029 
 33.14500  0.21928  0.21905 
 33.24500  0.21913  0.21893 
 33.34500  0.22015  0.21993 
 33.44500  0.22222  0.22202 
 33.54500  0.22541  0.22519 
 33.64500  0.22966  0.22949 
 33.74500  0.23500  0.23481 
 33.84500  0.24136  0.24117 
 33.94500  0.24876  0.24857 
 34.04500  0.25712  0.25697 
 34.14500  0.26645  0.26628 
 34.24500  0.27671  0.27654 
 34.34500  0.28783  0.28768 
 34.44500  0.29977  0.29964 
 34.54500  0.31252  0.31238 
 34.64500  0.32601  0.32585 
 34.74500  0.34017  0.34002 
 34.84500  0.35495  0.35478 
 34.94500  0.37029  0.37012 
 35.04500  0.38608  0.38594 
 35.14500  0.40228  0.40221 
 35.24500  0.41882  0.41881 
 35.34500  0.43568  0.43575 
 35.44500  0.45279  0.45284 
 35.54500  0.47014  0.47013 
 35.64500  0.48762  0.48748 
 35.74500  0.50473  0.50483 
 35.84500  0.52215  0.52212 
 35.94500  0.53934  0.53925 
 36.04500  0.55626  0.55617 
 36.14500  0.57283  0.57281 
 36.24500  0.58905  0.58908 
 36.34500  0.60481  0.60493 
 36.44500  0.62015  0.62025 
 36.54500  0.63493  0.63505 
 36.64500  0.64910  0.64921 
 36.74500  0.66257  0.66269 
 36.84500  0.67530  0.67541 
 36.94500  0.68724  0.68733 
 37.04500  0.69830  0.69841 
 37.14500  0.70849  0.70858 
 37.24500  0.71769  0.71781 
 37.34500  0.72594  0.72606 
 37.44500  0.73318  0.73330 
 37.54500  0.73937  0.73951 
 37.64500  0.74449  0.74462 
 37.74500  0.74851  0.74866 
 37.84500  0.75143  0.75159 
 37.94500  0.75323  0.75339 
 38.04500  0.75391  0.75405 
 38.14500  0.75344  0.75360 
 38.24500  0.75186  0.75200 
 38.34500  0.74914  0.74929 
 38.44500  0.74533  0.74548 
 38.54500  0.74042  0.74057 
 38.64500  0.73449  0.73461 
 38.74500  0.72746  0.72757 
 38.84500  0.71947  0.71956 
 38.94500  0.71047  0.71058 
 39.04500  0.70054  0.70066 
 39.14500  0.68975  0.68985 
 39.24500  0.67811  0.67819 
 39.34500  0.66570  0.66578 
 39.44500  0.65252  0.65263 
 39.54500  0.63869  0.63878 
 39.64500  0.62427  0.62438 
 39.74500  0.60932  0.60940 
 39.84500  0.59395  0.59399 
 39.94500  0.57819  0.57818 
 40.04500  0.56209  0.56201 
 40.14500  0.54569  0.54560 
 40.24500  0.52907  0.52902 
 40.34500  0.51228  0.51235 
 40.44500  0.49579  0.49567 
 40.54500  0.47904  0.47902 
 40.64500  0.46249  0.46251 
 40.74500  0.44619  0.44623 
 40.84500  0.43023  0.43023 
 40.94500  0.41465  0.41457 
 41.04500  0.39950  0.39936 
 41.14500  0.38481  0.38467 
 41.24500  0.37070  0.37054 
 41.34500  0.35720  0.35707 
 41.44500  0.34440  0.34427 
 41.54500  0.33238  0.33224 
 41.64500  0.32119  0.32104 
 41.74500  0.31087  0.31072 
 41.84500  0.30146  0.30131 
 41.94500  0.29302  0.29286 
 42.04500  0.28559  0.28543 
 42.14500  0.27920  0.27904 
 42.24500  0.27389  0.27370 
 42.34500  0.26964  0.26947 
 42.44500  0.26652  0.26636 
 42.54500  0.26454  0.26436 
 42.64500  0.26366  0.26350 
 42.74500  0.26399  0.26380 
 42.84500  0.26542  0.26524 
 42.94500  0.26800  0.26781 
 43.04500  0.27171  0.27154 
 43.14500  0.27651  0.27634 
 43.24500  0.28243  0.28225 
 43.34500  0.28935  0.28923 
 43.44500  0.29737  0.29724 
 43.54500  0.30638  0.30624 
 43.64500  0.31633  0.31621 
 43.74500  0.32721  0.32708 
 43.84500  0.33897  0.33884 
 43.94500  0.35154  0.35138 
 44.04500  0.36485  0.36470 
 44.14500  0.37889  0.37873 
 44.24500  0.39353  0.39338 
 44.34500  0.40871  0.40862 
 44.44500  0.42439  0.42437 
 44.54500  0.44050  0.44054 
 44.64500  0.45703  0.45711 
 44.74500  0.47391  0.47395 
 44.84500  0.49108  0.49102 
 44.94500  0.50823  0.50825 
 45.04500  0.52553  0.52557 
 45.14500  0.54294  0.54286 
 45.24500  0.56020  0.56011 
 45.34500  0.57726  0.57724 
 45.44500  0.59408  0.59410 
 45.54500  0.61063  0.61073 
 45.64500  0.62686  0.62698 
 45.74500  0.64269  0.64282 
 45.84500  0.65805  0.65821 
 45.94500  0.67290  0.67302 
 46.04500  0.68713  0.68725 
 46.14500  0.70068  0.70080 
 46.24500  0.71355  0.71366 
 46.34500  0.72562  0.72574 
 46.44500  0.73692  0.73703 
 46.54500  0.74735  0.74748 
 46.64500  0.75687  0.75703 
 46.74500  0.76547  0.76566 
 46.84500  0.77313  0.77331 
 46.94500  0.77980  0.77997 
 47.04500  0.78545  0.78563 
 47.14500  0.79008  0.79028 
 47.24500  0.79365  0.79383 
 47.34500  0.79617  0.79636 
 47.44500  0.79758  0.79780 
 47.54500  0.79795  0.79815 
 47.64500  0.79722  0.79741 
 47.74500  0.79540  0.79561 
 47.84500  0.79252  0.79274 
 47.94500  0.78861  0.78880 
 48.04500  0.78361  0.78382 
 48.14500  0.77761  0.77782 
 48.24500  0.77061  0.77081 
 48.34500  0.76265  0.76281 
 48.44500  0.75369  0.75387 
 48.54500  0.74385  0.74402 
 48.64500  0.73314  0.73330 
 48.74500  0.72155  0.72171 
 48.84500  0.70924  0.70937 
 48.94500  0.69614  0.69627 
 49.04500  0.68232  0.68247 
 49.14500  0.66786  0.66802 
 49.24500  0.65285  0.65300 
 49.34500  0.63731  0.63745 
 49.44500  0.62133  0.62147 
 49.54500  0.60500  0.60508 
 49.64500  0.58835  0.58837 
 49.74500  0.57142  0.57140 
 49.84500  0.55428  0.55424 
 49.94500  0.53697  0.53696 
 50.04500  0.51953  0.51964 
 50.14500  0.50243  0.50235 
 50.24500  0.48517  0.48517 
 50.34500  0.46809  0.46817 
 50.44500  0.45133  0.45140 
 50.54500  0.43495  0.43497 
 50.64500  0.41897  0.41893 
 50.74500  0.40343  0.40335 
 50.84500  0.38844  0.38830 
 50.94500  0.37398  0.37383 
 51.04500  0.36019  0.36004 
 51.14500  0.34709  0.34696 
 51.24500  0.33476  0.33467 
 51.34500  0.32333  0.32320 
 51.44500  0.31274  0.31262 
 51.54500  0.30309  0.30299 
 51.64500  0.29441  0.29427 
 51.74500  0.28674  0.28659 
 51.84500  0.28013  0.27995 
 51.94500  0.27455  0.27439 
 52.04500  0.27008  0.26993 
 52.14500  0.26673  0.26656 
 52.24500  0.26450  0.26431 
 52.34500  0.26339  0.26320 
 52.44500  0.26343  0.26325 
 52.54500  0.26460  0.26441 
 52.64500  0.26687  0.26670 
 52.74500  0.27028  0.27012 
 52.84500  0.27477  0.27460 
 52.94500  0.28034  0.28017 
 53.04500  0.28694  0.28679 
 53.14500  0.29456  0.29442 
 53.24500  0.30312  0.30298 
 53.34500  0.31263  0.31251 
 53.44500  0.32301  0.32289 
 53.54500  0.33422  0.33411 
 53.64500  0.34622  0.34609 
 53.74500  0.35893  0.35876 
 53.84500  0.37227  0.37210 
 53.94500  0.38615  0.38600 
 54.04500  0.40050  0.40040 
 54.14500  0.41528  0.41525 
 54.24500  0.43040  0.43042 
 54.34500  0.44582  0.44588 
 54.44500  0.46152  0.46155 
 54.54500  0.47739  0.47733 
 54.64500  0.49317  0.49315 
 54.74500  0.50886  0.50892 
 54.84500  0.52460  0.52456 
 54.94500  0.54009  0.53999 
 55.04500  0.55521  0.55515 
 55.14500  0.56991  0.56993 
 55.24500  0.58419  0.58427 
 55.34500  0.59793  0.59808 
 55.44500  0.61118  0.61133 
 55.54500  0.62373  0.62388 
 55.64500  0.63561  0.63572 
 55.74500  0.64667  0.64680 
 55.84500  0.65688  0.65703 
 55.94500  0.66619  0.66631 
 56.04500  0.67455  0.67468 
 56.14500  0.68189  0.68206 
 56.24500  0.68822  0.68839 
 56.34500  0.69347  0.69367 
 56.44500  0.69764  0.69784 
 56.54500  0.70070  0.70089 
 56.64500  0.70260  0.70280 
 56.74500  0.70336  0.70356 
 56.84500  0.70298  0.70320 
 56.94500  0.70141  0.70165 
 57.04500  0.69870  0.69894 
 57.14500  0.69488  0.69509 
 57.24500  0.68990  0.69012 
 57.34500  0.68384  0.68405 
 57.44500  0.67670  0.67691 
 57.54500  0.66850  0.66870 
 57.64500  0.65931  0.65951 
 57.74500  0.64912  0.64934 
 57.84500  0.63804  0.63825 
 57.94500  0.62606  0.62628 
 58.04500  0.61324  0.61350 
 58.14500  0.59969  0.59994 
 58.24500  0.58543  0.58567 
 58.34500  0.57061  0.57077 
 58.44500  0.55518  0.55525 
 58.54500  0.53919  0.53925 
 58.64500  0.52273  0.52279 
 58.74500  0.50580  0.50594 
 58.84500  0.48853  0.48875 
 58.94500  0.47134  0.47132 
 59.04500  0.45358  0.45370 
 59.14500  0.43578  0.43595 
 59.24500  0.41800  0.41815 
 59.34500  0.40026  0.40036 
 59.44500  0.38256  0.38262 
 59.54500  0.36501  0.36500 
 59.64500  0.34759  0.34755 
 59.74500  0.33038  0.33035 
 59.84500  0.31345  0.31341 
 59.94500  0.29683  0.29679 
 60.04500  0.28057  0.28054 
 60.14500  0.26477  0.26472 
 60.24500  0.24938  0.24931 
 60.34500  0.23444  0.23439 
 60.44500  0.22005  0.21996 
 60.54500  0.20618  0.20608 
 60.64500  0.19285  0.19276 
 60.74500  0.18009  0.17996 
 60.84500  0.16791  0.16778 
 60.94500  0.15635  0.15618 
 61.04500  0.14536  0.14519 
 61.14500  0.13500  0.13482 
 61.24500  0.12523  0.12506 
 61.34500  0.11611  0.11590 
 61.44500  0.10759  0.10737 
 61.54500  0.09968  0.09947 
 61.64500  0.09238  0.09217 
 61.74500  0.08570  0.08549 
 61.84500  0.07961  0.07940 
 61.94500  0.07417  0.07391 
 62.04500  0.06926  0.06902 
 62.14500  0.06497  0.06472 
 62.24500  0.06124  0.06100 
 62.34500  0.05807  0.05787 
 62.44500  0.05553  0.05527 
 62.54500  0.05352  0.05327 
 62.64500  0.05208  0.05181 
 62.74500  0.05119  0.05093 
