  0.04500  0.56318  0.56340 
  0.14500  0.56319  0.56340 
  0.24500  0.56319  0.56340 
  0.34500  0.56317  0.56340 
  0.44500  0.56316  0.56340 
  0.54500  0.56316  0.56336 
  0.64500  0.56310  0.56330 
  0.74500  0.56307  0.56330 
  0.84500  0.56306  0.56330 
  0.94500  0.56308  0.56330 
  1.04500  0.56308  0.56330 
  1.14500  0.56307  0.56330 
  1.24500  0.56307  0.56330 
  1.34500  0.56304  0.56321 
  1.44500  0.56299  0.56320 
  1.54500  0.56297  0.56320 
  1.64500  0.56297  0.56320 
  1.74500  0.56294  0.56317 
  1.84500  0.56291  0.56310 
  1.94500  0.56288  0.56310 
  2.04500  0.56286  0.56310 
  2.14500  0.56283  0.56303 
  2.24500  0.56281  0.56300 
  2.34500  0.56274  0.56300 
  2.44500  0.56274  0.56294 
  2.54500  0.56273  0.56290 
  2.64500  0.56263  0.56290 
  2.74500  0.56264  0.56281 
  2.84500  0.56259  0.56280 
  2.94500  0.56254  0.56276 
  3.04500  0.56250  0.56270 
  3.14500  0.56246  0.56269 
  3.24500  0.56241  0.56260 
  3.34500  0.56238  0.56260 
  3.44500  0.56230  0.56251 
  3.54500  0.56230  0.56250 
  3.64500  0.56220  0.56241 
  3.74500  0.56219  0.56240 
  3.84500  0.56212  0.56230 
  3.94500  0.56206  0.56229 
  4.04500  0.56201  0.56220 
  4.14500  0.56195  0.56216 
  4.24500  0.56188  0.56210 
  4.34500  0.56185  0.56203 
  4.44500  0.56177  0.56199 
  4.54500  0.56171  0.56190 
  4.64500  0.56164  0.56185 
  4.74500  0.56158  0.56180 
  4.84500  0.56152  0.56170 
  4.94500  0.56144  0.56164 
  5.04500  0.56139  0.56159 
  5.14500  0.56130  0.56150 
  5.24500  0.56123  0.56143 
  5.34500  0.56117  0.56136 
  5.44500  0.56109  0.56130 
  5.54500  0.56100  0.56120 
  5.64500  0.56095  0.56112 
  5.74500  0.56085  0.56105 
  5.84500  0.56077  0.56098 
  5.94500  0.56070  0.56090 
  6.04500  0.56062  0.56080 
  6.14500  0.56053  0.56072 
  6.24500  0.56044  0.56063 
  6.34500  0.56036  0.56055 
  6.44500  0.56026  0.56046 
  6.54500  0.56018  0.56037 
  6.64500  0.56008  0.56028 
  6.74500  0.56000  0.56019 
  6.84500  0.55990  0.56010 
  6.94500  0.55981  0.56000 
  7.04500  0.55971  0.55990 
  7.14500  0.55962  0.55981 
  7.24500  0.55952  0.55971 
  7.34500  0.55942  0.55961 
  7.44500  0.55932  0.55951 
  7.54500  0.55921  0.55941 
  7.64500  0.55911  0.55931 
  7.74500  0.55900  0.55920 
  7.84500  0.55890  0.55909 
  7.94500  0.55879  0.55899 
  8.04500  0.55869  0.55888 
  8.14500  0.55858  0.55877 
  8.24500  0.55847  0.55866 
  8.34500  0.55836  0.55855 
  8.44500  0.55824  0.55844 
  8.54500  0.55812  0.55832 
  8.64500  0.55802  0.55821 
  8.74500  0.55790  0.55808 
  8.84500  0.55778  0.55797 
  8.94500  0.55765  0.55785 
  9.04500  0.55754  0.55774 
  9.14500  0.55741  0.55762 
  9.24500  0.55729  0.55748 
  9.34500  0.55717  0.55736 
  9.44500  0.55704  0.55724 
  9.54500  0.55692  0.55712 
  9.64500  0.55680  0.55698 
  9.74500  0.55666  0.55686 
  9.84500  0.55654  0.55674 
  9.94500  0.55641  0.55660 
 10.04500  0.55627  0.55647 
 10.14500  0.55614  0.55634 
 10.24500  0.55601  0.55621 
 10.34500  0.55587  0.55606 
 10.44500  0.55574  0.55594 
 10.54500  0.55560  0.55579 
 10.64500  0.55547  0.55566 
 10.74500  0.55532  0.55553 
 10.84500  0.55519  0.55537 
 10.94500  0.55505  0.55524 
 11.04500  0.55492  0.55509 
 11.14500  0.55477  0.55495 
 11.24500  0.55462  0.55481 
 11.34500  0.55448  0.55466 
 11.44500  0.55433  0.55453 
 11.54500  0.55419  0.55436 
 11.64500  0.55405  0.55423 
 11.74500  0.55388  0.55407 
 11.84500  0.55374  0.55393 
 11.94500  0.55359  0.55376 
 12.04500  0.55343  0.55363 
 12.14500  0.55329  0.55346 
 12.24500  0.55313  0.55332 
 12.34500  0.55297  0.55315 
 12.44500  0.55282  0.55300 
 12.54500  0.55266  0.55285 
 12.64500  0.55251  0.55268 
 12.74500  0.55235  0.55253 
 12.84500  0.55219  0.55236 
 12.94500  0.55202  0.55220 
 13.04500  0.55188  0.55205 
 13.14500  0.55170  0.55188 
 13.24500  0.55155  0.55172 
 13.34500  0.55137  0.55155 
 13.44500  0.55122  0.55138 
 13.54500  0.55105  0.55122 
 13.64500  0.55089  0.55105 
 13.74500  0.55071  0.55088 
 13.84500  0.55055  0.55072 
 13.94500  0.55037  0.55055 
 14.04500  0.55021  0.55037 
 14.14500  0.55004  0.55020 
 14.24500  0.54986  0.55004 
 14.34500  0.54971  0.54985 
 14.44500  0.54951  0.54968 
 14.54500  0.54935  0.54951 
 14.64500  0.54917  0.54934 
 14.74500  0.54899  0.54915 
 14.84500  0.54883  0.54897 
 14.94500  0.54864  0.54880 
 15.04500  0.54846  0.54862 
 15.14500  0.54829  0.54844 
 15.24500  0.54811  0.54825 
 15.34500  0.54792  0.54807 
 15.44500  0.54775  0.54789 
 15.54500  0.54757  0.54771 
 15.64500  0.54737  0.54753 
 15.74500  0.54719  0.54735 
 15.84500  0.54701  0.54715 
 15.94500  0.54683  0.54697 
 16.04500  0.54664  0.54678 
 16.14500  0.54646  0.54659 
 16.24500  0.54626  0.54641 
 16.34500  0.54607  0.54622 
 16.44500  0.54588  0.54603 
 16.54500  0.54569  0.54584 
 16.64500  0.54551  0.54565 
 16.74500  0.54531  0.54545 
 16.84500  0.54512  0.54526 
 16.94500  0.54492  0.54507 
 17.04500  0.54474  0.54487 
 17.14500  0.54454  0.54467 
 17.24500  0.54434  0.54449 
 17.34500  0.54414  0.54429 
 17.44500  0.54395  0.54409 
 17.54500  0.54376  0.54389 
 17.64500  0.54356  0.54369 
 17.74500  0.54336  0.54349 
 17.84500  0.54316  0.54329 
 17.94500  0.54295  0.54309 
 18.04500  0.54276  0.54289 
 18.14500  0.54255  0.54269 
 18.24500  0.54235  0.54249 
 18.34500  0.54216  0.54229 
 18.44500  0.54195  0.54209 
 18.54500  0.54175  0.54189 
 18.64500  0.54155  0.54167 
 18.74500  0.54135  0.54147 
 18.84500  0.54113  0.54127 
 18.94500  0.54093  0.54107 
 19.04500  0.54072  0.54085 
 19.14500  0.54052  0.54065 
 19.24500  0.54031  0.54043 
 19.34500  0.54010  0.54023 
 19.44500  0.53989  0.54002 
 19.54500  0.53969  0.53981 
 19.64500  0.53948  0.53961 
 19.74500  0.53927  0.53939 
 19.84500  0.53906  0.53918 
 19.94500  0.53884  0.53897 
 20.04500  0.53863  0.53876 
 20.14500  0.53842  0.53854 
 20.24500  0.53821  0.53833 
 20.34500  0.53800  0.53812 
 20.44500  0.53779  0.53791 
 20.54500  0.53757  0.53769 
 20.64500  0.53736  0.53747 
 20.74500  0.53714  0.53726 
 20.84500  0.53692  0.53704 
 20.94500  0.53671  0.53683 
 21.04500  0.53650  0.53661 
 21.14500  0.53628  0.53639 
 21.24500  0.53605  0.53617 
 21.34500  0.53585  0.53596 
 21.44500  0.53562  0.53573 
 21.54500  0.53541  0.53551 
 21.64500  0.53519  0.53530 
 21.74500  0.53496  0.53508 
 21.84500  0.53475  0.53486 
 21.94500  0.53453  0.53463 
 22.04500  0.53430  0.53441 
 22.14500  0.53408  0.53419 
 22.24500  0.53387  0.53397 
 22.34500  0.53365  0.53374 
 22.44500  0.53343  0.53352 
 22.54500  0.53320  0.53330 
 22.64500  0.53298  0.53308 
 22.74500  0.53276  0.53286 
 22.84500  0.53253  0.53262 
 22.94500  0.53231  0.53240 
 23.04500  0.53209  0.53218 
 23.14500  0.53186  0.53196 
 23.24500  0.53163  0.53172 
 23.34500  0.53141  0.53150 
 23.44500  0.53119  0.53128 
 23.54500  0.53095  0.53104 
 23.64500  0.53072  0.53082 
 23.74500  0.53050  0.53059 
 23.84500  0.53027  0.53037 
 23.94500  0.53005  0.53013 
 24.04500  0.52982  0.52990 
 24.14500  0.52960  0.52968 
 24.24500  0.52937  0.52944 
 24.34500  0.52913  0.52921 
 24.44500  0.52890  0.52899 
 24.54500  0.52868  0.52876 
 24.64500  0.52845  0.52852 
 24.74500  0.52821  0.52830 
 24.84500  0.52798  0.52806 
 24.94500  0.52775  0.52782 
 25.04500  0.52753  0.52760 
 25.14500  0.52729  0.52737 
 25.24500  0.52706  0.52713 
 25.34500  0.52683  0.52690 
 25.44500  0.52659  0.52667 
 25.54500  0.52637  0.52643 
 25.64500  0.52613  0.52620 
 25.74500  0.52590  0.52597 
 25.84500  0.52566  0.52572 
 25.94500  0.52543  0.52550 
 26.04500  0.52520  0.52527 
 26.14500  0.52496  0.52502 
 26.24500  0.52474  0.52480 
 26.34500  0.52450  0.52456 
 26.44500  0.52427  0.52432 
 26.54500  0.52403  0.52408 
 26.64500  0.52379  0.52385 
 26.74500  0.52356  0.52361 
 26.84500  0.52332  0.52338 
 26.94500  0.52308  0.52314 
 27.04500  0.52284  0.52290 
 27.14500  0.52261  0.52267 
 27.24500  0.52238  0.52242 
 27.34500  0.52213  0.52219 
 27.44500  0.52190  0.52195 
 27.54500  0.52166  0.52171 
 27.64500  0.52144  0.52148 
 27.74500  0.52119  0.52123 
 27.84500  0.52095  0.52100 
 27.94500  0.52071  0.52075 
 28.04500  0.52048  0.52052 
 28.14500  0.52024  0.52028 
 28.24500  0.52000  0.52004 
 28.34500  0.51976  0.51980 
 28.44500  0.51951  0.51956 
 28.54500  0.51928  0.51932 
 28.64500  0.51904  0.51908 
 28.74500  0.51881  0.51884 
 28.84500  0.51856  0.51860 
 28.94500  0.51833  0.51835 
 29.04500  0.51808  0.51812 
 29.14500  0.51785  0.51788 
 29.24500  0.51760  0.51762 
 29.34500  0.51737  0.51740 
 29.44500  0.51712  0.51715 
 29.54500  0.51687  0.51690 
 29.64500  0.51664  0.51668 
 29.74500  0.51640  0.51642 
 29.84500  0.51615  0.51618 
 29.94500  0.51592  0.51595 
 30.04500  0.51569  0.51570 
 30.14500  0.51543  0.51545 
 30.24500  0.51520  0.51522 
 30.34500  0.51495  0.51498 
 30.44500  0.51471  0.51472 
 30.54500  0.51446  0.51448 
 30.64500  0.51422  0.51425 
 30.74500  0.51397  0.51400 
 30.84500  0.51373  0.51375 
 30.94500  0.51349  0.51351 
 31.04500  0.51326  0.51328 
 31.14500  0.51301  0.51302 
 31.24500  0.51278  0.51278 
 31.34500  0.51252  0.51254 
 31.44500  0.51229  0.51230 
 31.54500  0.51204  0.51205 
 31.64500  0.51179  0.51180 
 31.74500  0.51156  0.51156 
 31.84500  0.51131  0.51132 
 31.94500  0.51106  0.51108 
 32.04500  0.51083  0.51082 
 32.14500  0.51058  0.51058 
 32.24500  0.51034  0.51035 
 32.34500  0.51009  0.51010 
 32.44500  0.50985  0.50985 
 32.54500  0.50960  0.50960 
 32.64500  0.50937  0.50936 
 32.74500  0.50912  0.50912 
 32.84500  0.50887  0.50888 
 32.94500  0.50863  0.50862 
 33.04500  0.50839  0.50838 
 33.14500  0.50815  0.50813 
 33.24500  0.50789  0.50790 
 33.34500  0.50766  0.50765 
 33.44500  0.50741  0.50740 
 33.54500  0.50717  0.50715 
 33.64500  0.50693  0.50691 
 33.74500  0.50667  0.50668 
 33.84500  0.50643  0.50642 
 33.94500  0.50619  0.50618 
 34.04500  0.50594  0.50592 
 34.14500  0.50570  0.50568 
 34.24500  0.50546  0.50545 
 34.34500  0.50521  0.50520 
 34.44500  0.50498  0.50495 
 34.54500  0.50473  0.50470 
 34.64500  0.50449  0.50445 
 34.74500  0.50425  0.50422 
 34.84500  0.50400  0.50398 
 34.94500  0.50376  0.50372 
 35.04500  0.50352  0.50348 
 35.14500  0.50327  0.50322 
 35.24500  0.50302  0.50299 
 35.34500  0.50279  0.50275 
 35.44500  0.50253  0.50250 
 35.54500  0.50228  0.50225 
 35.64500  0.50204  0.50200 
 35.74500  0.50178  0.50177 
 35.84500  0.50155  0.50152 
 35.94500  0.50130  0.50128 
 36.04500  0.50107  0.50102 
 36.14500  0.50082  0.50078 
 36.24500  0.50058  0.50054 
 36.34500  0.50033  0.50030 
 36.44500  0.50010  0.50005 
 36.54500  0.49984  0.49980 
 36.64500  0.49961  0.49956 
 36.74500  0.49936  0.49932 
 36.84500  0.49912  0.49908 
 36.94500  0.49888  0.49882 
 37.04500  0.49863  0.49858 
 37.14500  0.49839  0.49834 
 37.24500  0.49815  0.49810 
 37.34500  0.49790  0.49785 
 37.44500  0.49766  0.49760 
 37.54500  0.49741  0.49737 
 37.64500  0.49716  0.49712 
 37.74500  0.49693  0.49688 
 37.84500  0.49669  0.49662 
 37.94500  0.49644  0.49640 
 38.04500  0.49620  0.49615 
 38.14500  0.49596  0.49590 
 38.24500  0.49572  0.49567 
 38.34500  0.49547  0.49542 
 38.44500  0.49524  0.49518 
 38.54500  0.49499  0.49492 
 38.64500  0.49475  0.49470 
 38.74500  0.49450  0.49445 
 38.84500  0.49427  0.49420 
 38.94500  0.49403  0.49398 
 39.04500  0.49378  0.49372 
 39.14500  0.49355  0.49348 
 39.24500  0.49331  0.49325 
 39.34500  0.49307  0.49300 
 39.44500  0.49283  0.49276 
 39.54500  0.49259  0.49252 
 39.64500  0.49236  0.49228 
 39.74500  0.49211  0.49204 
 39.84500  0.49187  0.49180 
 39.94500  0.49163  0.49156 
 40.04500  0.49140  0.49132 
 40.14500  0.49115  0.49108 
 40.24500  0.49092  0.49084 
 40.34500  0.49068  0.49060 
 40.44500  0.49044  0.49037 
 40.54500  0.49020  0.49012 
 40.64500  0.48997  0.48988 
 40.74500  0.48973  0.48965 
 40.84500  0.48949  0.48940 
 40.94500  0.48925  0.48918 
 41.04500  0.48902  0.48893 
 41.14500  0.48878  0.48870 
 41.24500  0.48854  0.48846 
 41.34500  0.48830  0.48822 
 41.44500  0.48807  0.48799 
 41.54500  0.48785  0.48775 
 41.64500  0.48761  0.48752 
 41.74500  0.48737  0.48728 
 41.84500  0.48714  0.48705 
 41.94500  0.48690  0.48681 
 42.04500  0.48667  0.48658 
 42.14500  0.48643  0.48634 
 42.24500  0.48621  0.48610 
 42.34500  0.48598  0.48588 
 42.44500  0.48574  0.48564 
 42.54500  0.48551  0.48540 
 42.64500  0.48528  0.48518 
 42.74500  0.48504  0.48494 
 42.84500  0.48481  0.48471 
 42.94500  0.48459  0.48448 
 43.04500  0.48435  0.48425 
 43.14500  0.48412  0.48402 
 43.24500  0.48389  0.48379 
 43.34500  0.48367  0.48356 
 43.44500  0.48344  0.48332 
 43.54500  0.48321  0.48310 
 43.64500  0.48299  0.48287 
 43.74500  0.48276  0.48264 
 43.84500  0.48253  0.48241 
 43.94500  0.48229  0.48219 
 44.04500  0.48208  0.48196 
 44.14500  0.48185  0.48173 
 44.24500  0.48163  0.48150 
 44.34500  0.48141  0.48128 
 44.44500  0.48117  0.48106 
 44.54500  0.48096  0.48083 
 44.64500  0.48072  0.48060 
 44.74500  0.48051  0.48038 
 44.84500  0.48028  0.48016 
 44.94500  0.48006  0.47993 
 45.04500  0.47983  0.47971 
 45.14500  0.47962  0.47949 
 45.24500  0.47939  0.47927 
 45.34500  0.47917  0.47904 
 45.44500  0.47895  0.47882 
 45.54500  0.47873  0.47861 
 45.64500  0.47851  0.47839 
 45.74500  0.47830  0.47817 
 45.84500  0.47807  0.47794 
 45.94500  0.47786  0.47773 
 46.04500  0.47765  0.47751 
 46.14500  0.47743  0.47729 
 46.24500  0.47721  0.47708 
 46.34500  0.47700  0.47687 
 46.44500  0.47678  0.47665 
 46.54500  0.47657  0.47643 
 46.64500  0.47635  0.47622 
 46.74500  0.47614  0.47601 
 46.84500  0.47593  0.47579 
 46.94500  0.47572  0.47558 
 47.04500  0.47551  0.47537 
 47.14500  0.47530  0.47516 
 47.24500  0.47508  0.47495 
 47.34500  0.47488  0.47473 
 47.44500  0.47467  0.47453 
 47.54500  0.47446  0.47432 
 47.64500  0.47426  0.47411 
 47.74500  0.47404  0.47391 
 47.84500  0.47385  0.47370 
 47.94500  0.47363  0.47349 
 48.04500  0.47344  0.47329 
 48.14500  0.47323  0.47309 
 48.24500  0.47302  0.47289 
 48.34500  0.47283  0.47267 
 48.44500  0.47262  0.47247 
 48.54500  0.47243  0.47227 
 48.64500  0.47222  0.47207 
 48.74500  0.47201  0.47187 
 48.84500  0.47182  0.47167 
 48.94500  0.47162  0.47147 
 49.04500  0.47143  0.47127 
 49.14500  0.47124  0.47108 
 49.24500  0.47103  0.47089 
 49.34500  0.47084  0.47069 
 49.44500  0.47065  0.47049 
 49.54500  0.47045  0.47030 
 49.64500  0.47026  0.47011 
 49.74500  0.47007  0.46991 
 49.84500  0.46988  0.46973 
 49.94500  0.46969  0.46953 
 50.04500  0.46951  0.46935 
 50.14500  0.46930  0.46915 
 50.24500  0.46912  0.46896 
 50.34500  0.46895  0.46877 
 50.44500  0.46874  0.46859 
 50.54500  0.46856  0.46841 
 50.64500  0.46838  0.46822 
 50.74500  0.46820  0.46804 
 50.84500  0.46801  0.46785 
 50.94500  0.46784  0.46767 
 51.04500  0.46765  0.46749 
 51.14500  0.46747  0.46731 
 51.24500  0.46730  0.46713 
 51.34500  0.46711  0.46695 
 51.44500  0.46694  0.46677 
 51.54500  0.46677  0.46660 
 51.64500  0.46659  0.46642 
 51.74500  0.46642  0.46625 
 51.84500  0.46624  0.46607 
 51.94500  0.46607  0.46590 
 52.04500  0.46590  0.46574 
 52.14500  0.46573  0.46555 
 52.24500  0.46556  0.46538 
 52.34500  0.46539  0.46522 
 52.44500  0.46523  0.46505 
 52.54500  0.46506  0.46488 
 52.64500  0.46490  0.46472 
 52.74500  0.46473  0.46455 
 52.84500  0.46457  0.46438 
 52.94500  0.46441  0.46424 
 53.04500  0.46425  0.46406 
 53.14500  0.46409  0.46390 
 53.24500  0.46393  0.46375 
 53.34500  0.46378  0.46358 
 53.44500  0.46360  0.46344 
 53.54500  0.46346  0.46326 
 53.64500  0.46329  0.46312 
 53.74500  0.46315  0.46296 
 53.84500  0.46300  0.46281 
 53.94500  0.46284  0.46265 
 54.04500  0.46270  0.46251 
 54.14500  0.46254  0.46235 
 54.24500  0.46239  0.46221 
 54.34500  0.46226  0.46206 
 54.44500  0.46210  0.46191 
 54.54500  0.46195  0.46176 
 54.64500  0.46181  0.46163 
 54.74500  0.46168  0.46147 
 54.84500  0.46153  0.46134 
 54.94500  0.46139  0.46119 
 55.04500  0.46125  0.46105 
 55.14500  0.46111  0.46093 
 55.24500  0.46098  0.46077 
 55.34500  0.46085  0.46065 
 55.44500  0.46071  0.46051 
 55.54500  0.46058  0.46037 
 55.64500  0.46044  0.46025 
 55.74500  0.46031  0.46012 
 55.84500  0.46018  0.45998 
 55.94500  0.46005  0.45985 
 56.04500  0.45993  0.45973 
 56.14500  0.45979  0.45960 
 56.24500  0.45967  0.45947 
 56.34500  0.45954  0.45935 
 56.44500  0.45942  0.45923 
 56.54500  0.45931  0.45911 
 56.64500  0.45918  0.45898 
 56.74500  0.45906  0.45887 
 56.84500  0.45895  0.45875 
 56.94500  0.45884  0.45864 
 57.04500  0.45871  0.45852 
 57.14500  0.45861  0.45841 
 57.24500  0.45849  0.45829 
 57.34500  0.45838  0.45818 
 57.44500  0.45826  0.45807 
 57.54500  0.45817  0.45796 
 57.64500  0.45806  0.45786 
 57.74500  0.45795  0.45775 
 57.84500  0.45785  0.45765 
 57.94500  0.45774  0.45755 
 58.04500  0.45765  0.45744 
 58.14500  0.45754  0.45734 
 58.24500  0.45745  0.45724 
 58.34500  0.45734  0.45715 
 58.44500  0.45725  0.45705 
 58.54500  0.45716  0.45696 
 58.64500  0.45706  0.45686 
 58.74500  0.45698  0.45677 
 58.84500  0.45687  0.45668 
 58.94500  0.45678  0.45660 
 59.04500  0.45670  0.45650 
 59.14500  0.45662  0.45641 
 59.24500  0.45653  0.45633 
 59.34500  0.45644  0.45625 
 59.44500  0.45636  0.45617 
 59.54500  0.45629  0.45609 
 59.64500  0.45620  0.45600 
 59.74500  0.45612  0.45592 
 59.84500  0.45606  0.45585 
 59.94500  0.45597  0.45578 
 60.04500  0.45590  0.45570 
 60.14500  0.45584  0.45562 
 60.24500  0.45576  0.45556 
 60.34500  0.45569  0.45550 
 60.44500  0.45563  0.45541 
 60.54500  0.45555  0.45536 
 60.64500  0.45550  0.45530 
 60.74500  0.45541  0.45521 
 60.84500  0.45537  0.45517 
 60.94500  0.45531  0.45510 
 61.04500  0.45524  0.45504 
 61.14500  0.45520  0.45500 
 61.24500  0.45514  0.45491 
 61.34500  0.45508  0.45490 
 61.44500  0.45504  0.45480 
 61.54500  0.45496  0.45479 
 61.64500  0.45495  0.45470 
 61.74500  0.45486  0.45469 
 61.84500  0.45485  0.45460 
 61.94500  0.45478  0.45460 
 62.04500  0.45474  0.45451 
 62.14500  0.45472  0.45450 
 62.24500  0.45465  0.45444 
 62.34500  0.45463  0.45440 
 62.44500  0.45459  0.45440 
 62.54500  0.45453  0.45430 
 62.64500  0.45452  0.45430 
 62.74500  0.45450  0.45429 
 62.84500  0.45441  0.45420 
 62.94500  0.45444  0.45420 
 63.04500  0.45439  0.45420 
 63.14500  0.45436  0.45412 
 63.24500  0.45433  0.45410 
 63.34500  0.45430  0.45410 
 63.44500  0.45429  0.45410 
 63.54500  0.45429  0.45404 
 63.64500  0.45426  0.45400 
 63.74500  0.45422  0.45400 
 63.84500  0.45418  0.45400 
 63.94500  0.45418  0.45400 
 64.04500  0.45419  0.45400 
 64.14500  0.45419  0.45394 
 64.24500  0.45419  0.45390 
 64.34500  0.45418  0.45390 
 64.44500  0.45417  0.45390 
 64.54500  0.45410  0.45390 
 64.64500  0.45409  0.45390 
 64.74500  0.45409  0.45390 
 64.84500  0.45408  0.45390 
