  0.04500  0.63214  0.63220 
  0.14500  0.63212  0.63220 
  0.24500  0.63211  0.63211 
  0.34500  0.63202  0.63210 
  0.44500  0.63197  0.63201 
  0.54500  0.63188  0.63194 
  0.64500  0.63177  0.63184 
  0.74500  0.63165  0.63173 
  0.84500  0.63155  0.63160 
  0.94500  0.63140  0.63145 
  1.04500  0.63123  0.63130 
  1.14500  0.63106  0.63112 
  1.24500  0.63086  0.63093 
  1.34500  0.63066  0.63071 
  1.44500  0.63045  0.63049 
  1.54500  0.63019  0.63025 
  1.64500  0.62993  0.63000 
  1.74500  0.62967  0.62972 
  1.84500  0.62938  0.62943 
  1.94500  0.62909  0.62913 
  2.04500  0.62877  0.62882 
  2.14500  0.62844  0.62848 
  2.24500  0.62808  0.62814 
  2.34500  0.62773  0.62777 
  2.44500  0.62736  0.62740 
  2.54500  0.62697  0.62700 
  2.64500  0.62656  0.62660 
  2.74500  0.62614  0.62618 
  2.84500  0.62570  0.62574 
  2.94500  0.62526  0.62530 
  3.04500  0.62481  0.62484 
  3.14500  0.62432  0.62435 
  3.24500  0.62385  0.62389 
  3.34500  0.62335  0.62338 
  3.44500  0.62284  0.62285 
  3.54500  0.62231  0.62235 
  3.64500  0.62177  0.62180 
  3.74500  0.62122  0.62125 
  3.84500  0.62066  0.62068 
  3.94500  0.62009  0.62011 
  4.04500  0.61950  0.61953 
  4.14500  0.61890  0.61893 
  4.24500  0.61829  0.61831 
  4.34500  0.61768  0.61770 
  4.44500  0.61705  0.61707 
  4.54500  0.61641  0.61643 
  4.64500  0.61576  0.61577 
  4.74500  0.61510  0.61510 
  4.84500  0.61442  0.61443 
  4.94500  0.61375  0.61377 
  5.04500  0.61305  0.61307 
  5.14500  0.61236  0.61238 
  5.24500  0.61167  0.61166 
  5.34500  0.61094  0.61095 
  5.44500  0.61022  0.61023 
  5.54500  0.60948  0.60950 
  5.64500  0.60873  0.60875 
  5.74500  0.60799  0.60800 
  5.84500  0.60724  0.60725 
  5.94500  0.60647  0.60649 
  6.04500  0.60571  0.60573 
  6.14500  0.60493  0.60495 
  6.24500  0.60414  0.60416 
  6.34500  0.60337  0.60338 
  6.44500  0.60257  0.60258 
  6.54500  0.60177  0.60178 
  6.64500  0.60097  0.60098 
  6.74500  0.60016  0.60018 
  6.84500  0.59935  0.59937 
  6.94500  0.59853  0.59855 
  7.04500  0.59770  0.59773 
  7.14500  0.59689  0.59690 
  7.24500  0.59606  0.59609 
  7.34500  0.59522  0.59525 
  7.44500  0.59440  0.59441 
  7.54500  0.59354  0.59359 
  7.64500  0.59271  0.59273 
  7.74500  0.59186  0.59190 
  7.84500  0.59102  0.59105 
  7.94500  0.59018  0.59020 
  8.04500  0.58933  0.58936 
  8.14500  0.58848  0.58851 
  8.24500  0.58764  0.58767 
  8.34500  0.58678  0.58681 
  8.44500  0.58593  0.58597 
  8.54500  0.58509  0.58511 
  8.64500  0.58424  0.58427 
  8.74500  0.58337  0.58341 
  8.84500  0.58254  0.58257 
  8.94500  0.58169  0.58171 
  9.04500  0.58084  0.58088 
  9.14500  0.57999  0.58002 
  9.24500  0.57914  0.57919 
  9.34500  0.57829  0.57833 
  9.44500  0.57746  0.57750 
  9.54500  0.57662  0.57666 
  9.64500  0.57578  0.57581 
  9.74500  0.57497  0.57499 
  9.84500  0.57411  0.57415 
  9.94500  0.57328  0.57333 
 10.04500  0.57246  0.57250 
 10.14500  0.57164  0.57168 
 10.24500  0.57082  0.57086 
 10.34500  0.57001  0.57004 
 10.44500  0.56921  0.56924 
 10.54500  0.56838  0.56842 
 10.64500  0.56758  0.56762 
 10.74500  0.56679  0.56682 
 10.84500  0.56600  0.56603 
 10.94500  0.56522  0.56524 
 11.04500  0.56441  0.56446 
 11.14500  0.56363  0.56367 
 11.24500  0.56286  0.56291 
 11.34500  0.56210  0.56213 
 11.44500  0.56135  0.56137 
 11.54500  0.56058  0.56061 
 11.64500  0.55983  0.55985 
 11.74500  0.55908  0.55911 
 11.84500  0.55834  0.55837 
 11.94500  0.55761  0.55764 
 12.04500  0.55688  0.55691 
 12.14500  0.55615  0.55618 
 12.24500  0.55544  0.55546 
 12.34500  0.55474  0.55476 
 12.44500  0.55403  0.55406 
 12.54500  0.55334  0.55337 
 12.64500  0.55264  0.55267 
 12.74500  0.55197  0.55200 
 12.84500  0.55129  0.55130 
 12.94500  0.55062  0.55063 
 13.04500  0.54996  0.54999 
 13.14500  0.54931  0.54933 
 13.24500  0.54866  0.54869 
 13.34500  0.54802  0.54804 
 13.44500  0.54740  0.54741 
 13.54500  0.54677  0.54679 
 13.64500  0.54615  0.54617 
 13.74500  0.54554  0.54555 
 13.84500  0.54495  0.54495 
 13.94500  0.54435  0.54436 
 14.04500  0.54376  0.54377 
 14.14500  0.54317  0.54319 
 14.24500  0.54260  0.54262 
 14.34500  0.54204  0.54206 
 14.44500  0.54149  0.54150 
 14.54500  0.54094  0.54095 
 14.64500  0.54039  0.54040 
 14.74500  0.53986  0.53987 
 14.84500  0.53934  0.53935 
 14.94500  0.53881  0.53884 
 15.04500  0.53830  0.53830 
 15.14500  0.53780  0.53780 
 15.24500  0.53730  0.53730 
 15.34500  0.53682  0.53684 
 15.44500  0.53635  0.53635 
 15.54500  0.53586  0.53588 
 15.64500  0.53541  0.53541 
 15.74500  0.53494  0.53496 
 15.84500  0.53449  0.53450 
 15.94500  0.53405  0.53407 
 16.04500  0.53362  0.53362 
 16.14500  0.53319  0.53320 
 16.24500  0.53277  0.53278 
 16.34500  0.53235  0.53237 
 16.44500  0.53196  0.53196 
 16.54500  0.53155  0.53156 
 16.64500  0.53116  0.53117 
 16.74500  0.53077  0.53079 
 16.84500  0.53040  0.53041 
 16.94500  0.53002  0.53004 
 17.04500  0.52966  0.52968 
 17.14500  0.52931  0.52932 
 17.24500  0.52895  0.52898 
 17.34500  0.52861  0.52862 
 17.44500  0.52828  0.52828 
 17.54500  0.52795  0.52797 
 17.64500  0.52762  0.52765 
 17.74500  0.52731  0.52733 
 17.84500  0.52699  0.52702 
 17.94500  0.52670  0.52672 
 18.04500  0.52640  0.52642 
 18.14500  0.52610  0.52613 
 18.24500  0.52582  0.52585 
 18.34500  0.52555  0.52557 
 18.44500  0.52527  0.52530 
 18.54500  0.52501  0.52503 
 18.64500  0.52475  0.52478 
 18.74500  0.52450  0.52452 
 18.84500  0.52424  0.52428 
 18.94500  0.52400  0.52402 
 19.04500  0.52377  0.52380 
 19.14500  0.52353  0.52357 
 19.24500  0.52331  0.52333 
 19.34500  0.52308  0.52311 
 19.44500  0.52286  0.52290 
 19.54500  0.52267  0.52269 
 19.64500  0.52245  0.52249 
 19.74500  0.52225  0.52229 
 19.84500  0.52206  0.52209 
 19.94500  0.52187  0.52190 
 20.04500  0.52168  0.52172 
 20.14500  0.52150  0.52154 
 20.24500  0.52132  0.52136 
 20.34500  0.52115  0.52118 
 20.44500  0.52099  0.52102 
 20.54500  0.52083  0.52086 
 20.64500  0.52067  0.52070 
 20.74500  0.52051  0.52055 
 20.84500  0.52036  0.52040 
 20.94500  0.52021  0.52025 
 21.04500  0.52008  0.52011 
 21.14500  0.51994  0.51997 
 21.24500  0.51981  0.51984 
 21.34500  0.51967  0.51972 
 21.44500  0.51957  0.51958 
 21.54500  0.51943  0.51946 
 21.64500  0.51932  0.51934 
 21.74500  0.51917  0.51923 
 21.84500  0.51909  0.51912 
 21.94500  0.51897  0.51901 
 22.04500  0.51887  0.51890 
 22.14500  0.51877  0.51879 
 22.24500  0.51868  0.51870 
 22.34500  0.51858  0.51860 
 22.44500  0.51847  0.51850 
 22.54500  0.51839  0.51841 
 22.64500  0.51831  0.51832 
 22.74500  0.51821  0.51824 
 22.84500  0.51813  0.51816 
 22.94500  0.51807  0.51809 
 23.04500  0.51799  0.51800 
 23.14500  0.51790  0.51792 
 23.24500  0.51783  0.51785 
 23.34500  0.51777  0.51780 
 23.44500  0.51770  0.51770 
 23.54500  0.51761  0.51765 
 23.64500  0.51757  0.51760 
 23.74500  0.51750  0.51751 
 23.84500  0.51746  0.51748 
 23.94500  0.51740  0.51740 
 24.04500  0.51736  0.51736 
 24.14500  0.51728  0.51730 
 24.24500  0.51723  0.51725 
 24.34500  0.51718  0.51720 
 24.44500  0.51715  0.51715 
 24.54500  0.51710  0.51710 
 24.64500  0.51704  0.51707 
 24.74500  0.51702  0.51700 
 24.84500  0.51698  0.51700 
 24.94500  0.51693  0.51691 
 25.04500  0.51689  0.51690 
 25.14500  0.51684  0.51687 
 25.24500  0.51680  0.51680 
 25.34500  0.51679  0.51680 
 25.44500  0.51673  0.51676 
 25.54500  0.51672  0.51670 
 25.64500  0.51668  0.51670 
 25.74500  0.51666  0.51669 
 25.84500  0.51662  0.51660 
 25.94500  0.51661  0.51660 
 26.04500  0.51657  0.51660 
 26.14500  0.51657  0.51656 
 26.24500  0.51653  0.51650 
 26.34500  0.51652  0.51650 
 26.44500  0.51648  0.51650 
 26.54500  0.51647  0.51648 
 26.64500  0.51642  0.51640 
 26.74500  0.51641  0.51640 
 26.84500  0.51640  0.51640 
 26.94500  0.51635  0.51640 
 27.04500  0.51636  0.51637 
 27.14500  0.51631  0.51630 
 27.24500  0.51630  0.51630 
 27.34500  0.51630  0.51630 
 27.44500  0.51625  0.51630 
 27.54500  0.51626  0.51630 
 27.64500  0.51627  0.51625 
 27.74500  0.51621  0.51620 
 27.84500  0.51622  0.51620 
 27.94500  0.51621  0.51620 
 28.04500  0.51616  0.51620 
 28.14500  0.51615  0.51620 
 28.24500  0.51617  0.51620 
 28.34500  0.51610  0.51611 
 28.44500  0.51611  0.51610 
 28.54500  0.51609  0.51610 
 28.64500  0.51608  0.51610 
 28.74500  0.51607  0.51610 
 28.84500  0.51607  0.51610 
 28.94500  0.51603  0.51610 
 29.04500  0.51604  0.51601 
 29.14500  0.51603  0.51600 
 29.24500  0.51601  0.51600 
 29.34500  0.51598  0.51600 
 29.44500  0.51598  0.51600 
 29.54500  0.51596  0.51600 
 29.64500  0.51591  0.51599 
 29.74500  0.51593  0.51590 
 29.84500  0.51592  0.51590 
 29.94500  0.51587  0.51590 
 30.04500  0.51588  0.51590 
 30.14500  0.51589  0.51590 
 30.24500  0.51583  0.51589 
 30.34500  0.51582  0.51580 
 30.44500  0.51583  0.51580 
 30.54500  0.51577  0.51580 
 30.64500  0.51576  0.51580 
 30.74500  0.51575  0.51580 
 30.84500  0.51571  0.51571 
 30.94500  0.51571  0.51570 
 31.04500  0.51569  0.51570 
 31.14500  0.51564  0.51570 
 31.24500  0.51564  0.51566 
 31.34500  0.51558  0.51560 
 31.44500  0.51559  0.51560 
 31.54500  0.51555  0.51560 
 31.64500  0.51552  0.51555 
 31.74500  0.51550  0.51550 
 31.84500  0.51545  0.51550 
 31.94500  0.51545  0.51549 
 32.04500  0.51541  0.51540 
 32.14500  0.51539  0.51540 
 32.24500  0.51534  0.51540 
 32.34500  0.51532  0.51530 
 32.44500  0.51526  0.51530 
 32.54500  0.51526  0.51528 
 32.64500  0.51521  0.51520 
 32.74500  0.51519  0.51520 
 32.84500  0.51514  0.51514 
 32.94500  0.51511  0.51510 
 33.04500  0.51505  0.51508 
 33.14500  0.51502  0.51500 
 33.24500  0.51498  0.51500 
 33.34500  0.51490  0.51490 
 33.44500  0.51487  0.51490 
 33.54500  0.51482  0.51481 
 33.64500  0.51477  0.51480 
 33.74500  0.51474  0.51471 
 33.84500  0.51465  0.51469 
 33.94500  0.51460  0.51460 
 34.04500  0.51456  0.51457 
 34.14500  0.51451  0.51450 
 34.24500  0.51443  0.51444 
 34.34500  0.51438  0.51440 
 34.44500  0.51433  0.51430 
 34.54500  0.51425  0.51425 
 34.64500  0.51419  0.51420 
 34.74500  0.51411  0.51410 
 34.84500  0.51404  0.51404 
 34.94500  0.51398  0.51398 
 35.04500  0.51390  0.51390 
 35.14500  0.51382  0.51381 
 35.24500  0.51374  0.51374 
 35.34500  0.51367  0.51366 
 35.44500  0.51358  0.51358 
 35.54500  0.51350  0.51350 
 35.64500  0.51342  0.51340 
 35.74500  0.51331  0.51331 
 35.84500  0.51324  0.51322 
 35.94500  0.51314  0.51313 
 36.04500  0.51304  0.51304 
 36.14500  0.51294  0.51294 
 36.24500  0.51284  0.51284 
 36.34500  0.51273  0.51274 
 36.44500  0.51263  0.51264 
 36.54500  0.51252  0.51253 
 36.64500  0.51242  0.51242 
 36.74500  0.51231  0.51231 
 36.84500  0.51220  0.51219 
 36.94500  0.51207  0.51208 
 37.04500  0.51197  0.51196 
 37.14500  0.51183  0.51184 
 37.24500  0.51172  0.51172 
 37.34500  0.51160  0.51158 
 37.44500  0.51146  0.51146 
 37.54500  0.51134  0.51134 
 37.64500  0.51120  0.51120 
 37.74500  0.51106  0.51106 
 37.84500  0.51092  0.51093 
 37.94500  0.51078  0.51079 
 38.04500  0.51064  0.51065 
 38.14500  0.51049  0.51050 
 38.24500  0.51034  0.51035 
 38.34500  0.51020  0.51020 
 38.44500  0.51004  0.51005 
 38.54500  0.50988  0.50989 
 38.64500  0.50972  0.50974 
 38.74500  0.50956  0.50956 
 38.84500  0.50939  0.50940 
 38.94500  0.50923  0.50924 
 39.04500  0.50906  0.50906 
 39.14500  0.50888  0.50890 
 39.24500  0.50870  0.50872 
 39.34500  0.50853  0.50855 
 39.44500  0.50835  0.50836 
 39.54500  0.50817  0.50817 
 39.64500  0.50798  0.50799 
 39.74500  0.50779  0.50780 
 39.84500  0.50759  0.50761 
 39.94500  0.50740  0.50741 
 40.04500  0.50721  0.50721 
 40.14500  0.50700  0.50701 
 40.24500  0.50680  0.50681 
 40.34500  0.50659  0.50660 
 40.44500  0.50638  0.50639 
 40.54500  0.50617  0.50618 
 40.64500  0.50596  0.50597 
 40.74500  0.50573  0.50574 
 40.84500  0.50551  0.50552 
 40.94500  0.50529  0.50530 
 41.04500  0.50507  0.50507 
 41.14500  0.50483  0.50483 
 41.24500  0.50460  0.50460 
 41.34500  0.50436  0.50438 
 41.44500  0.50413  0.50412 
 41.54500  0.50389  0.50388 
 41.64500  0.50363  0.50363 
 41.74500  0.50339  0.50340 
 41.84500  0.50314  0.50312 
 41.94500  0.50287  0.50288 
 42.04500  0.50262  0.50262 
 42.14500  0.50236  0.50236 
 42.24500  0.50210  0.50210 
 42.34500  0.50183  0.50182 
 42.44500  0.50156  0.50155 
 42.54500  0.50129  0.50128 
 42.64500  0.50101  0.50100 
 42.74500  0.50073  0.50071 
 42.84500  0.50044  0.50043 
 42.94500  0.50015  0.50014 
 43.04500  0.49987  0.49986 
 43.14500  0.49957  0.49956 
 43.24500  0.49928  0.49926 
 43.34500  0.49898  0.49896 
 43.44500  0.49868  0.49865 
 43.54500  0.49836  0.49835 
 43.64500  0.49806  0.49804 
 43.74500  0.49774  0.49772 
 43.84500  0.49741  0.49741 
 43.94500  0.49710  0.49708 
 44.04500  0.49678  0.49675 
 44.14500  0.49645  0.49642 
 44.24500  0.49612  0.49608 
 44.34500  0.49579  0.49575 
 44.44500  0.49544  0.49542 
 44.54500  0.49510  0.49508 
 44.64500  0.49475  0.49474 
 44.74500  0.49441  0.49438 
 44.84500  0.49405  0.49403 
 44.94500  0.49370  0.49367 
 45.04500  0.49334  0.49332 
 45.14500  0.49297  0.49295 
 45.24500  0.49260  0.49258 
 45.34500  0.49223  0.49221 
 45.44500  0.49186  0.49184 
 45.54500  0.49147  0.49146 
 45.64500  0.49110  0.49107 
 45.74500  0.49071  0.49069 
 45.84500  0.49032  0.49030 
 45.94500  0.48992  0.48990 
 46.04500  0.48953  0.48950 
 46.14500  0.48912  0.48910 
 46.24500  0.48872  0.48870 
 46.34500  0.48831  0.48828 
 46.44500  0.48789  0.48788 
 46.54500  0.48747  0.48746 
 46.64500  0.48705  0.48703 
 46.74500  0.48663  0.48661 
 46.84500  0.48619  0.48618 
 46.94500  0.48576  0.48574 
 47.04500  0.48532  0.48531 
 47.14500  0.48488  0.48487 
 47.24500  0.48443  0.48442 
 47.34500  0.48399  0.48397 
 47.44500  0.48353  0.48351 
 47.54500  0.48307  0.48306 
 47.64500  0.48261  0.48260 
 47.74500  0.48214  0.48213 
 47.84500  0.48168  0.48165 
 47.94500  0.48119  0.48120 
 48.04500  0.48072  0.48070 
 48.14500  0.48023  0.48023 
 48.24500  0.47974  0.47975 
 48.34500  0.47924  0.47925 
 48.44500  0.47875  0.47875 
 48.54500  0.47826  0.47825 
 48.64500  0.47775  0.47775 
 48.74500  0.47723  0.47725 
 48.84500  0.47672  0.47674 
 48.94500  0.47623  0.47620 
 49.04500  0.47570  0.47570 
 49.14500  0.47516  0.47516 
 49.24500  0.47464  0.47464 
 49.34500  0.47410  0.47410 
 49.44500  0.47357  0.47356 
 49.54500  0.47302  0.47302 
 49.64500  0.47247  0.47247 
 49.74500  0.47191  0.47193 
 49.84500  0.47136  0.47137 
 49.94500  0.47081  0.47082 
 50.04500  0.47024  0.47024 
 50.14500  0.46967  0.46968 
 50.24500  0.46911  0.46911 
 50.34500  0.46852  0.46853 
 50.44500  0.46796  0.46795 
 50.54500  0.46736  0.46737 
 50.64500  0.46678  0.46677 
 50.74500  0.46618  0.46619 
 50.84500  0.46558  0.46559 
 50.94500  0.46499  0.46499 
 51.04500  0.46438  0.46439 
 51.14500  0.46377  0.46377 
 51.24500  0.46316  0.46316 
 51.34500  0.46255  0.46255 
 51.44500  0.46193  0.46192 
 51.54500  0.46130  0.46130 
 51.64500  0.46067  0.46067 
 51.74500  0.46004  0.46004 
 51.84500  0.45941  0.45940 
 51.94500  0.45877  0.45877 
 52.04500  0.45813  0.45812 
 52.14500  0.45748  0.45747 
 52.24500  0.45682  0.45682 
 52.34500  0.45619  0.45617 
 52.44500  0.45552  0.45550 
 52.54500  0.45486  0.45485 
 52.64500  0.45421  0.45420 
 52.74500  0.45353  0.45353 
 52.84500  0.45287  0.45285 
 52.94500  0.45219  0.45217 
 53.04500  0.45152  0.45150 
 53.14500  0.45084  0.45083 
 53.24500  0.45016  0.45013 
 53.34500  0.44947  0.44946 
 53.44500  0.44879  0.44877 
 53.54500  0.44810  0.44808 
 53.64500  0.44741  0.44739 
 53.74500  0.44671  0.44669 
 53.84500  0.44602  0.44600 
 53.94500  0.44532  0.44530 
 54.04500  0.44461  0.44459 
 54.14500  0.44392  0.44389 
 54.24500  0.44321  0.44319 
 54.34500  0.44251  0.44248 
 54.44500  0.44180  0.44178 
 54.54500  0.44108  0.44106 
 54.64500  0.44038  0.44035 
 54.74500  0.43967  0.43964 
 54.84500  0.43896  0.43892 
 54.94500  0.43823  0.43821 
 55.04500  0.43751  0.43749 
 55.14500  0.43681  0.43678 
 55.24500  0.43609  0.43606 
 55.34500  0.43538  0.43535 
 55.44500  0.43467  0.43464 
 55.54500  0.43394  0.43392 
 55.64500  0.43323  0.43320 
 55.74500  0.43251  0.43248 
 55.84500  0.43179  0.43176 
 55.94500  0.43108  0.43105 
 56.04500  0.43036  0.43034 
 56.14500  0.42964  0.42962 
 56.24500  0.42893  0.42891 
 56.34500  0.42822  0.42819 
 56.44500  0.42750  0.42748 
 56.54500  0.42680  0.42677 
 56.64500  0.42609  0.42606 
 56.74500  0.42538  0.42536 
 56.84500  0.42467  0.42465 
 56.94500  0.42397  0.42395 
 57.04500  0.42326  0.42325 
 57.14500  0.42256  0.42255 
 57.24500  0.42186  0.42186 
 57.34500  0.42118  0.42117 
 57.44500  0.42048  0.42047 
 57.54500  0.41980  0.41979 
 57.64500  0.41912  0.41910 
 57.74500  0.41843  0.41843 
 57.84500  0.41775  0.41774 
 57.94500  0.41708  0.41707 
 58.04500  0.41643  0.41640 
 58.14500  0.41575  0.41573 
 58.24500  0.41509  0.41509 
 58.34500  0.41443  0.41443 
 58.44500  0.41379  0.41378 
 58.54500  0.41314  0.41313 
 58.64500  0.41250  0.41250 
 58.74500  0.41187  0.41186 
 58.84500  0.41125  0.41124 
 58.94500  0.41062  0.41061 
 59.04500  0.40999  0.40999 
 59.14500  0.40940  0.40939 
 59.24500  0.40878  0.40877 
 59.34500  0.40818  0.40818 
 59.44500  0.40760  0.40759 
 59.54500  0.40702  0.40701 
 59.64500  0.40644  0.40643 
 59.74500  0.40587  0.40586 
 59.84500  0.40530  0.40529 
 59.94500  0.40474  0.40474 
 60.04500  0.40419  0.40419 
 60.14500  0.40366  0.40365 
 60.24500  0.40313  0.40312 
 60.34500  0.40260  0.40260 
 60.44500  0.40209  0.40210 
 60.54500  0.40158  0.40160 
 60.64500  0.40109  0.40110 
 60.74500  0.40060  0.40060 
 60.84500  0.40012  0.40010 
 60.94500  0.39965  0.39965 
 61.04500  0.39919  0.39919 
 61.14500  0.39875  0.39873 
 61.24500  0.39832  0.39829 
 61.34500  0.39788  0.39787 
 61.44500  0.39745  0.39744 
 61.54500  0.39704  0.39703 
 61.64500  0.39665  0.39664 
 61.74500  0.39627  0.39624 
 61.84500  0.39588  0.39586 
 61.94500  0.39551  0.39549 
 62.04500  0.39516  0.39514 
 62.14500  0.39482  0.39478 
 62.24500  0.39448  0.39445 
 62.34500  0.39415  0.39413 
 62.44500  0.39385  0.39382 
 62.54500  0.39354  0.39352 
 62.64500  0.39326  0.39323 
 62.74500  0.39297  0.39295 
 62.84500  0.39271  0.39268 
 62.94500  0.39247  0.39242 
 63.04500  0.39222  0.39219 
 63.14500  0.39200  0.39196 
 63.24500  0.39177  0.39173 
 63.34500  0.39157  0.39153 
 63.44500  0.39137  0.39134 
 63.54500  0.39120  0.39115 
 63.64500  0.39102  0.39098 
 63.74500  0.39087  0.39084 
 63.84500  0.39074  0.39069 
 63.94500  0.39060  0.39056 
 64.04500  0.39049  0.39044 
 64.14500  0.39038  0.39033 
 64.24500  0.39029  0.39024 
 64.34500  0.39022  0.39016 
 64.44500  0.39013  0.39010 
 64.54500  0.39007  0.39002 
 64.64500  0.39004  0.39000 
 64.74500  0.39001  0.39000 
 64.84500  0.39000  0.38995 
