  0.04500  0.51454  0.51670 
  0.14500  0.51454  0.51670 
  0.24500  0.51454  0.51670 
  0.34500  0.51454  0.51670 
  0.44500  0.51454  0.51670 
  0.54500  0.51454  0.51670 
  0.64500  0.51454  0.51670 
  0.74500  0.51454  0.51670 
  0.84500  0.51454  0.51670 
  0.94500  0.51454  0.51670 
  1.04500  0.51453  0.51670 
  1.14500  0.51453  0.51670 
  1.24500  0.51451  0.51670 
  1.34500  0.51451  0.51670 
  1.44500  0.51450  0.51670 
  1.54500  0.51450  0.51670 
  1.64500  0.51451  0.51670 
  1.74500  0.51452  0.51670 
  1.84500  0.51452  0.51670 
  1.94500  0.51451  0.51670 
  2.04500  0.51452  0.51670 
  2.14500  0.51451  0.51670 
  2.24500  0.51451  0.51670 
  2.34500  0.51451  0.51670 
  2.44500  0.51452  0.51670 
  2.54500  0.51452  0.51670 
  2.64500  0.51451  0.51670 
  2.74500  0.51450  0.51670 
  2.84500  0.51449  0.51670 
  2.94500  0.51449  0.51670 
  3.04500  0.51450  0.51670 
  3.14500  0.51448  0.51670 
  3.24500  0.51449  0.51667 
  3.34500  0.51448  0.51660 
  3.44500  0.51448  0.51660 
  3.54500  0.51446  0.51660 
  3.64500  0.51446  0.51660 
  3.74500  0.51446  0.51660 
  3.84500  0.51447  0.51660 
  3.94500  0.51447  0.51660 
  4.04500  0.51446  0.51660 
  4.14500  0.51446  0.51660 
  4.24500  0.51445  0.51660 
  4.34500  0.51442  0.51660 
  4.44500  0.51442  0.51660 
  4.54500  0.51443  0.51660 
  4.64500  0.51442  0.51660 
  4.74500  0.51443  0.51650 
  4.84500  0.51443  0.51650 
  4.94500  0.51442  0.51650 
  5.04500  0.51439  0.51650 
  5.14500  0.51440  0.51650 
  5.24500  0.51439  0.51650 
  5.34500  0.51439  0.51650 
  5.44500  0.51437  0.51650 
  5.54500  0.51437  0.51650 
  5.64500  0.51436  0.51650 
  5.74500  0.51436  0.51650 
  5.84500  0.51436  0.51640 
  5.94500  0.51434  0.51640 
  6.04500  0.51433  0.51640 
  6.14500  0.51434  0.51640 
  6.24500  0.51433  0.51640 
  6.34500  0.51432  0.51640 
  6.44500  0.51431  0.51640 
  6.54500  0.51431  0.51640 
  6.64500  0.51431  0.51640 
  6.74500  0.51429  0.51632 
  6.84500  0.51427  0.51630 
  6.94500  0.51427  0.51630 
  7.04500  0.51426  0.51630 
  7.14500  0.51426  0.51630 
  7.24500  0.51424  0.51630 
  7.34500  0.51423  0.51630 
  7.44500  0.51422  0.51630 
  7.54500  0.51422  0.51623 
  7.64500  0.51420  0.51620 
  7.74500  0.51419  0.51620 
  7.84500  0.51419  0.51620 
  7.94500  0.51417  0.51620 
  8.04500  0.51416  0.51620 
  8.14500  0.51416  0.51620 
  8.24500  0.51414  0.51617 
  8.34500  0.51413  0.51610 
  8.44500  0.51413  0.51610 
  8.54500  0.51411  0.51610 
  8.64500  0.51410  0.51610 
  8.74500  0.51408  0.51610 
  8.84500  0.51409  0.51610 
  8.94500  0.51407  0.51605 
  9.04500  0.51404  0.51600 
  9.14500  0.51405  0.51600 
  9.24500  0.51405  0.51600 
  9.34500  0.51403  0.51600 
  9.44500  0.51402  0.51600 
  9.54500  0.51400  0.51598 
  9.64500  0.51399  0.51590 
  9.74500  0.51399  0.51590 
  9.84500  0.51397  0.51590 
  9.94500  0.51395  0.51590 
 10.04500  0.51395  0.51590 
 10.14500  0.51394  0.51588 
 10.24500  0.51393  0.51580 
 10.34500  0.51392  0.51580 
 10.44500  0.51390  0.51580 
 10.54500  0.51389  0.51580 
 10.64500  0.51389  0.51580 
 10.74500  0.51387  0.51574 
 10.84500  0.51385  0.51570 
 10.94500  0.51384  0.51570 
 11.04500  0.51382  0.51570 
 11.14500  0.51381  0.51570 
 11.24500  0.51379  0.51569 
 11.34500  0.51378  0.51560 
 11.44500  0.51376  0.51560 
 11.54500  0.51375  0.51560 
 11.64500  0.51374  0.51560 
 11.74500  0.51372  0.51560 
 11.84500  0.51371  0.51550 
 11.94500  0.51371  0.51550 
 12.04500  0.51367  0.51550 
 12.14500  0.51367  0.51550 
 12.24500  0.51365  0.51550 
 12.34500  0.51364  0.51540 
 12.44500  0.51362  0.51540 
 12.54500  0.51361  0.51540 
 12.64500  0.51360  0.51540 
 12.74500  0.51357  0.51538 
 12.84500  0.51357  0.51530 
 12.94500  0.51355  0.51530 
 13.04500  0.51353  0.51530 
 13.14500  0.51352  0.51530 
 13.24500  0.51350  0.51525 
 13.34500  0.51349  0.51520 
 13.44500  0.51348  0.51520 
 13.54500  0.51346  0.51520 
 13.64500  0.51345  0.51520 
 13.74500  0.51344  0.51510 
 13.84500  0.51340  0.51510 
 13.94500  0.51340  0.51510 
 14.04500  0.51338  0.51510 
 14.14500  0.51337  0.51504 
 14.24500  0.51335  0.51500 
 14.34500  0.51334  0.51500 
 14.44500  0.51333  0.51500 
 14.54500  0.51330  0.51497 
 14.64500  0.51329  0.51490 
 14.74500  0.51327  0.51490 
 14.84500  0.51324  0.51490 
 14.94500  0.51322  0.51489 
 15.04500  0.51321  0.51480 
 15.14500  0.51318  0.51480 
 15.24500  0.51318  0.51480 
 15.34500  0.51315  0.51480 
 15.44500  0.51313  0.51470 
 15.54500  0.51312  0.51470 
 15.64500  0.51311  0.51470 
 15.74500  0.51309  0.51470 
 15.84500  0.51308  0.51460 
 15.94500  0.51306  0.51460 
 16.04500  0.51303  0.51460 
 16.14500  0.51302  0.51459 
 16.24500  0.51300  0.51450 
 16.34500  0.51298  0.51450 
 16.44500  0.51297  0.51450 
 16.54500  0.51295  0.51448 
 16.64500  0.51292  0.51440 
 16.74500  0.51291  0.51440 
 16.84500  0.51289  0.51440 
 16.94500  0.51287  0.51436 
 17.04500  0.51285  0.51430 
 17.14500  0.51283  0.51430 
 17.24500  0.51280  0.51430 
 17.34500  0.51279  0.51423 
 17.44500  0.51276  0.51420 
 17.54500  0.51274  0.51420 
 17.64500  0.51273  0.51420 
 17.74500  0.51270  0.51410 
 17.84500  0.51269  0.51410 
 17.94500  0.51268  0.51410 
 18.04500  0.51265  0.51406 
 18.14500  0.51262  0.51400 
 18.24500  0.51260  0.51400 
 18.34500  0.51258  0.51400 
 18.44500  0.51256  0.51391 
 18.54500  0.51255  0.51390 
 18.64500  0.51253  0.51390 
 18.74500  0.51251  0.51386 
 18.84500  0.51249  0.51380 
 18.94500  0.51247  0.51380 
 19.04500  0.51246  0.51380 
 19.14500  0.51242  0.51371 
 19.24500  0.51241  0.51370 
 19.34500  0.51239  0.51370 
 19.44500  0.51237  0.51365 
 19.54500  0.51235  0.51360 
 19.64500  0.51232  0.51360 
 19.74500  0.51230  0.51359 
 19.84500  0.51228  0.51350 
 19.94500  0.51225  0.51350 
 20.04500  0.51224  0.51350 
 20.14500  0.51220  0.51342 
 20.24500  0.51219  0.51340 
 20.34500  0.51217  0.51340 
 20.44500  0.51215  0.51335 
 20.54500  0.51213  0.51330 
 20.64500  0.51211  0.51330 
 20.74500  0.51209  0.51328 
 20.84500  0.51207  0.51320 
 20.94500  0.51204  0.51320 
 21.04500  0.51202  0.51320 
 21.14500  0.51199  0.51310 
 21.24500  0.51197  0.51310 
 21.34500  0.51195  0.51310 
 21.44500  0.51193  0.51303 
 21.54500  0.51191  0.51300 
 21.64500  0.51189  0.51300 
 21.74500  0.51187  0.51294 
 21.84500  0.51184  0.51290 
 21.94500  0.51181  0.51290 
 22.04500  0.51179  0.51286 
 22.14500  0.51176  0.51280 
 22.24500  0.51175  0.51280 
 22.34500  0.51173  0.51277 
 22.44500  0.51170  0.51270 
 22.54500  0.51168  0.51270 
 22.64500  0.51165  0.51268 
 22.74500  0.51164  0.51260 
 22.84500  0.51160  0.51260 
 22.94500  0.51159  0.51259 
 23.04500  0.51156  0.51250 
 23.14500  0.51155  0.51250 
 23.24500  0.51153  0.51249 
 23.34500  0.51150  0.51240 
 23.44500  0.51149  0.51240 
 23.54500  0.51146  0.51240 
 23.64500  0.51143  0.51230 
 23.74500  0.51140  0.51230 
 23.84500  0.51139  0.51230 
 23.94500  0.51136  0.51220 
 24.04500  0.51134  0.51220 
 24.14500  0.51132  0.51220 
 24.24500  0.51128  0.51210 
 24.34500  0.51127  0.51210 
 24.44500  0.51124  0.51209 
 24.54500  0.51122  0.51200 
 24.64500  0.51119  0.51200 
 24.74500  0.51118  0.51199 
 24.84500  0.51115  0.51190 
 24.94500  0.51111  0.51190 
 25.04500  0.51109  0.51188 
 25.14500  0.51107  0.51180 
 25.24500  0.51105  0.51180 
 25.34500  0.51102  0.51177 
 25.44500  0.51100  0.51170 
 25.54500  0.51098  0.51170 
 25.64500  0.51096  0.51167 
 25.74500  0.51093  0.51160 
 25.84500  0.51091  0.51160 
 25.94500  0.51089  0.51155 
 26.04500  0.51085  0.51150 
 26.14500  0.51083  0.51150 
 26.24500  0.51079  0.51144 
 26.34500  0.51078  0.51140 
 26.44500  0.51075  0.51140 
 26.54500  0.51073  0.51133 
 26.64500  0.51070  0.51130 
 26.74500  0.51069  0.51130 
 26.84500  0.51066  0.51122 
 26.94500  0.51063  0.51120 
 27.04500  0.51061  0.51120 
 27.14500  0.51059  0.51110 
 27.24500  0.51057  0.51110 
 27.34500  0.51054  0.51108 
 27.44500  0.51051  0.51100 
 27.54500  0.51049  0.51100 
 27.64500  0.51046  0.51097 
 27.74500  0.51043  0.51090 
 27.84500  0.51042  0.51090 
 27.94500  0.51039  0.51085 
 28.04500  0.51036  0.51080 
 28.14500  0.51033  0.51080 
 28.24500  0.51030  0.51073 
 28.34500  0.51029  0.51070 
 28.44500  0.51025  0.51070 
 28.54500  0.51023  0.51061 
 28.64500  0.51019  0.51060 
 28.74500  0.51017  0.51059 
 28.84500  0.51014  0.51050 
 28.94500  0.51012  0.51050 
 29.04500  0.51010  0.51047 
 29.14500  0.51007  0.51040 
 29.24500  0.51004  0.51040 
 29.34500  0.51002  0.51034 
 29.44500  0.51000  0.51030 
 29.54500  0.50998  0.51030 
 29.64500  0.50995  0.51022 
 29.74500  0.50992  0.51020 
 29.84500  0.50990  0.51020 
 29.94500  0.50986  0.51010 
 30.04500  0.50983  0.51010 
 30.14500  0.50981  0.51008 
 30.24500  0.50979  0.51000 
 30.34500  0.50976  0.51000 
 30.44500  0.50974  0.50995 
 30.54500  0.50972  0.50990 
 30.64500  0.50970  0.50990 
 30.74500  0.50966  0.50983 
 30.84500  0.50964  0.50980 
 30.94500  0.50961  0.50980 
 31.04500  0.50959  0.50970 
 31.14500  0.50956  0.50970 
 31.24500  0.50954  0.50968 
 31.34500  0.50951  0.50960 
 31.44500  0.50948  0.50960 
 31.54500  0.50945  0.50955 
 31.64500  0.50943  0.50950 
 31.74500  0.50941  0.50950 
 31.84500  0.50938  0.50943 
 31.94500  0.50935  0.50940 
 32.04500  0.50932  0.50940 
 32.14500  0.50930  0.50930 
 32.24500  0.50926  0.50930 
 32.34500  0.50924  0.50928 
 32.44500  0.50921  0.50920 
 32.54500  0.50920  0.50920 
 32.64500  0.50917  0.50915 
 32.74500  0.50915  0.50910 
 32.84500  0.50912  0.50910 
 32.94500  0.50910  0.50903 
 33.04500  0.50907  0.50900 
 33.14500  0.50905  0.50900 
 33.24500  0.50902  0.50890 
 33.34500  0.50899  0.50890 
 33.44500  0.50897  0.50888 
 33.54500  0.50894  0.50880 
 33.64500  0.50892  0.50880 
 33.74500  0.50889  0.50875 
 33.84500  0.50886  0.50870 
 33.94500  0.50883  0.50870 
 34.04500  0.50881  0.50863 
 34.14500  0.50878  0.50860 
 34.24500  0.50877  0.50860 
 34.34500  0.50874  0.50850 
 34.44500  0.50871  0.50850 
 34.54500  0.50867  0.50848 
 34.64500  0.50866  0.50840 
 34.74500  0.50862  0.50840 
 34.84500  0.50861  0.50835 
 34.94500  0.50857  0.50830 
 35.04500  0.50856  0.50830 
 35.14500  0.50853  0.50823 
 35.24500  0.50850  0.50820 
 35.34500  0.50848  0.50820 
 35.44500  0.50845  0.50811 
 35.54500  0.50843  0.50810 
 35.64500  0.50839  0.50808 
 35.74500  0.50837  0.50800 
 35.84500  0.50835  0.50800 
 35.94500  0.50832  0.50796 
 36.04500  0.50829  0.50790 
 36.14500  0.50827  0.50790 
 36.24500  0.50824  0.50784 
 36.34500  0.50822  0.50780 
 36.44500  0.50819  0.50780 
 36.54500  0.50818  0.50772 
 36.64500  0.50815  0.50770 
 36.74500  0.50812  0.50770 
 36.84500  0.50810  0.50760 
 36.94500  0.50807  0.50760 
 37.04500  0.50804  0.50758 
 37.14500  0.50801  0.50750 
 37.24500  0.50800  0.50750 
 37.34500  0.50797  0.50747 
 37.44500  0.50795  0.50740 
 37.54500  0.50792  0.50740 
 37.64500  0.50789  0.50735 
 37.74500  0.50786  0.50730 
 37.84500  0.50784  0.50730 
 37.94500  0.50781  0.50723 
 38.04500  0.50779  0.50720 
 38.14500  0.50775  0.50720 
 38.24500  0.50774  0.50712 
 38.34500  0.50771  0.50710 
 38.44500  0.50768  0.50710 
 38.54500  0.50767  0.50700 
 38.64500  0.50763  0.50700 
 38.74500  0.50762  0.50699 
 38.84500  0.50759  0.50690 
 38.94500  0.50758  0.50690 
 39.04500  0.50755  0.50688 
 39.14500  0.50753  0.50680 
 39.24500  0.50749  0.50680 
 39.34500  0.50747  0.50677 
 39.44500  0.50745  0.50670 
 39.54500  0.50741  0.50670 
 39.64500  0.50740  0.50666 
 39.74500  0.50737  0.50660 
 39.84500  0.50735  0.50660 
 39.94500  0.50732  0.50655 
 40.04500  0.50730  0.50650 
 40.14500  0.50728  0.50650 
 40.24500  0.50725  0.50645 
 40.34500  0.50723  0.50640 
 40.44500  0.50721  0.50640 
 40.54500  0.50718  0.50634 
 40.64500  0.50715  0.50630 
 40.74500  0.50714  0.50630 
 40.84500  0.50710  0.50624 
 40.94500  0.50708  0.50620 
 41.04500  0.50706  0.50620 
 41.14500  0.50704  0.50614 
 41.24500  0.50702  0.50610 
 41.34500  0.50700  0.50610 
 41.44500  0.50697  0.50604 
 41.54500  0.50694  0.50600 
 41.64500  0.50692  0.50600 
 41.74500  0.50688  0.50595 
 41.84500  0.50686  0.50590 
 41.94500  0.50685  0.50590 
 42.04500  0.50682  0.50585 
 42.14500  0.50680  0.50580 
 42.24500  0.50677  0.50580 
 42.34500  0.50676  0.50576 
 42.44500  0.50674  0.50570 
 42.54500  0.50672  0.50570 
 42.64500  0.50669  0.50567 
 42.74500  0.50666  0.50560 
 42.84500  0.50665  0.50560 
 42.94500  0.50662  0.50558 
 43.04500  0.50661  0.50550 
 43.14500  0.50658  0.50550 
 43.24500  0.50656  0.50550 
 43.34500  0.50654  0.50540 
 43.44500  0.50651  0.50540 
 43.54500  0.50649  0.50540 
 43.64500  0.50648  0.50532 
 43.74500  0.50645  0.50530 
 43.84500  0.50642  0.50530 
 43.94500  0.50640  0.50524 
 44.04500  0.50639  0.50520 
 44.14500  0.50636  0.50520 
 44.24500  0.50635  0.50517 
 44.34500  0.50632  0.50510 
 44.44500  0.50629  0.50510 
 44.54500  0.50627  0.50509 
 44.64500  0.50625  0.50500 
 44.74500  0.50623  0.50500 
 44.84500  0.50622  0.50500 
 44.94500  0.50619  0.50492 
 45.04500  0.50618  0.50490 
 45.14500  0.50615  0.50490 
 45.24500  0.50612  0.50486 
 45.34500  0.50610  0.50480 
 45.44500  0.50608  0.50480 
 45.54500  0.50607  0.50480 
 45.64500  0.50605  0.50470 
 45.74500  0.50602  0.50470 
 45.84500  0.50601  0.50470 
 45.94500  0.50598  0.50464 
 46.04500  0.50596  0.50460 
 46.14500  0.50593  0.50460 
 46.24500  0.50591  0.50459 
 46.34500  0.50589  0.50450 
 46.44500  0.50587  0.50450 
 46.54500  0.50585  0.50450 
 46.64500  0.50584  0.50444 
 46.74500  0.50581  0.50440 
 46.84500  0.50580  0.50440 
 46.94500  0.50579  0.50440 
 47.04500  0.50576  0.50430 
 47.14500  0.50574  0.50430 
 47.24500  0.50572  0.50430 
 47.34500  0.50570  0.50426 
 47.44500  0.50568  0.50420 
 47.54500  0.50566  0.50420 
 47.64500  0.50564  0.50420 
 47.74500  0.50562  0.50413 
 47.84500  0.50560  0.50410 
 47.94500  0.50559  0.50410 
 48.04500  0.50557  0.50410 
 48.14500  0.50555  0.50401 
 48.24500  0.50553  0.50400 
 48.34500  0.50552  0.50400 
 48.44500  0.50549  0.50399 
 48.54500  0.50547  0.50390 
 48.64500  0.50545  0.50390 
 48.74500  0.50543  0.50390 
 48.84500  0.50541  0.50387 
 48.94500  0.50541  0.50380 
 49.04500  0.50538  0.50380 
 49.14500  0.50536  0.50380 
 49.24500  0.50534  0.50377 
 49.34500  0.50532  0.50370 
 49.44500  0.50531  0.50370 
 49.54500  0.50528  0.50370 
 49.64500  0.50527  0.50367 
 49.74500  0.50525  0.50360 
 49.84500  0.50524  0.50360 
 49.94500  0.50522  0.50360 
 50.04500  0.50520  0.50359 
 50.14500  0.50519  0.50350 
 50.24500  0.50517  0.50350 
 50.34500  0.50515  0.50350 
 50.44500  0.50514  0.50350 
 50.54500  0.50513  0.50341 
 50.64500  0.50510  0.50340 
 50.74500  0.50508  0.50340 
 50.84500  0.50507  0.50340 
 50.94500  0.50505  0.50334 
 51.04500  0.50503  0.50330 
 51.14500  0.50503  0.50330 
 51.24500  0.50501  0.50330 
 51.34500  0.50499  0.50329 
 51.44500  0.50497  0.50320 
 51.54500  0.50496  0.50320 
 51.64500  0.50493  0.50320 
 51.74500  0.50493  0.50320 
 51.84500  0.50491  0.50314 
 51.94500  0.50490  0.50310 
 52.04500  0.50488  0.50310 
 52.14500  0.50486  0.50310 
 52.24500  0.50486  0.50310 
 52.34500  0.50484  0.50301 
 52.44500  0.50483  0.50300 
 52.54500  0.50482  0.50300 
 52.64500  0.50480  0.50300 
 52.74500  0.50478  0.50300 
 52.84500  0.50476  0.50290 
 52.94500  0.50476  0.50290 
 53.04500  0.50473  0.50290 
 53.14500  0.50472  0.50290 
 53.24500  0.50471  0.50290 
 53.34500  0.50470  0.50281 
 53.44500  0.50469  0.50280 
 53.54500  0.50467  0.50280 
 53.64500  0.50465  0.50280 
 53.74500  0.50466  0.50280 
 53.84500  0.50464  0.50273 
 53.94500  0.50462  0.50270 
 54.04500  0.50461  0.50270 
 54.14500  0.50461  0.50270 
 54.24500  0.50460  0.50270 
 54.34500  0.50457  0.50268 
 54.44500  0.50456  0.50260 
 54.54500  0.50455  0.50260 
 54.64500  0.50453  0.50260 
 54.74500  0.50452  0.50260 
 54.84500  0.50451  0.50260 
 54.94500  0.50449  0.50256 
 55.04500  0.50447  0.50250 
 55.14500  0.50446  0.50250 
 55.24500  0.50444  0.50250 
 55.34500  0.50444  0.50250 
 55.44500  0.50443  0.50250 
 55.54500  0.50442  0.50247 
 55.64500  0.50441  0.50240 
 55.74500  0.50439  0.50240 
 55.84500  0.50438  0.50240 
 55.94500  0.50438  0.50240 
 56.04500  0.50436  0.50240 
 56.14500  0.50434  0.50240 
 56.24500  0.50434  0.50232 
 56.34500  0.50434  0.50230 
 56.44500  0.50432  0.50230 
 56.54500  0.50431  0.50230 
 56.64500  0.50431  0.50230 
 56.74500  0.50429  0.50230 
 56.84500  0.50428  0.50230 
 56.94500  0.50427  0.50221 
 57.04500  0.50427  0.50220 
 57.14500  0.50425  0.50220 
 57.24500  0.50425  0.50220 
 57.34500  0.50424  0.50220 
 57.44500  0.50422  0.50220 
 57.54500  0.50421  0.50220 
 57.64500  0.50422  0.50218 
 57.74500  0.50421  0.50210 
 57.84500  0.50419  0.50210 
 57.94500  0.50417  0.50210 
 58.04500  0.50417  0.50210 
 58.14500  0.50417  0.50210 
 58.24500  0.50417  0.50210 
 58.34500  0.50414  0.50210 
 58.44500  0.50413  0.50210 
 58.54500  0.50412  0.50202 
 58.64500  0.50412  0.50200 
 58.74500  0.50410  0.50200 
 58.84500  0.50410  0.50200 
 58.94500  0.50410  0.50200 
 59.04500  0.50409  0.50200 
 59.14500  0.50409  0.50200 
 59.24500  0.50406  0.50200 
 59.34500  0.50406  0.50200 
 59.44500  0.50407  0.50199 
 59.54500  0.50406  0.50190 
 59.64500  0.50405  0.50190 
 59.74500  0.50404  0.50190 
 59.84500  0.50405  0.50190 
 59.94500  0.50405  0.50190 
 60.04500  0.50404  0.50190 
 60.14500  0.50402  0.50190 
 60.24500  0.50401  0.50190 
 60.34500  0.50401  0.50190 
 60.44500  0.50400  0.50190 
 60.54500  0.50399  0.50190 
 60.64500  0.50399  0.50188 
 60.74500  0.50400  0.50180 
 60.84500  0.50399  0.50180 
 60.94500  0.50398  0.50180 
 61.04500  0.50397  0.50180 
 61.14500  0.50396  0.50180 
 61.24500  0.50396  0.50180 
 61.34500  0.50397  0.50180 
 61.44500  0.50396  0.50180 
 61.54500  0.50396  0.50180 
 61.64500  0.50395  0.50180 
 61.74500  0.50395  0.50180 
 61.84500  0.50395  0.50180 
 61.94500  0.50394  0.50180 
 62.04500  0.50394  0.50180 
 62.14500  0.50394  0.50180 
 62.24500  0.50395  0.50180 
 62.34500  0.50395  0.50175 
 62.44500  0.50394  0.50170 
 62.54500  0.50393  0.50170 
 62.64500  0.50391  0.50170 
 62.74500  0.50392  0.50170 
 62.84500  0.50392  0.50170 
 62.94500  0.50392  0.50170 
 63.04500  0.50392  0.50170 
 63.14500  0.50392  0.50170 
 63.24500  0.50393  0.50170 
 63.34500  0.50393  0.50170 
 63.44500  0.50392  0.50170 
 63.54500  0.50391  0.50170 
 63.64500  0.50392  0.50170 
 63.74500  0.50393  0.50170 
 63.84500  0.50392  0.50170 
 63.94500  0.50392  0.50170 
 64.04500  0.50392  0.50170 
 64.14500  0.50392  0.50170 
 64.24500  0.50391  0.50170 
 64.34500  0.50391  0.50170 
 64.44500  0.50391  0.50170 
 64.54500  0.50391  0.50170 
 64.64500  0.50391  0.50170 
 64.74500  0.50391  0.50170 
 64.84500  0.50391  0.50170 
