  0.04500  0.99999  1.00000 
  0.14500  1.00003  1.00000 
  0.24500  1.00003  1.00000 
  0.34500  1.00003  1.00000 
  0.44500  1.00002  1.00000 
  0.54500  0.99994  1.00000 
  0.64500  0.99996  1.00000 
  0.74500  0.99998  0.99996 
  0.84500  0.99994  0.99990 
  0.94500  0.99993  0.99990 
  1.04500  0.99984  0.99987 
  1.14500  0.99978  0.99980 
  1.24500  0.99973  0.99972 
  1.34500  0.99958  0.99961 
  1.44500  0.99946  0.99946 
  1.54500  0.99927  0.99927 
  1.64500  0.99897  0.99898 
  1.74500  0.99863  0.99864 
  1.84500  0.99818  0.99818 
  1.94500  0.99756  0.99757 
  2.04500  0.99679  0.99681 
  2.14500  0.99579  0.99581 
  2.24500  0.99456  0.99454 
  2.34500  0.99294  0.99295 
  2.44500  0.99097  0.99097 
  2.54500  0.98852  0.98854 
  2.64500  0.98550  0.98552 
  2.74500  0.98185  0.98186 
  2.84500  0.97740  0.97741 
  2.94500  0.97211  0.97212 
  3.04500  0.96578  0.96580 
  3.14500  0.95833  0.95836 
  3.24500  0.94965  0.94966 
  3.34500  0.93953  0.93956 
  3.44500  0.92793  0.92796 
  3.54500  0.91469  0.91472 
  3.64500  0.89969  0.89973 
  3.74500  0.88286  0.88291 
  3.84500  0.86411  0.86415 
  3.94500  0.84342  0.84347 
  4.04500  0.82074  0.82078 
  4.14500  0.79610  0.79618 
  4.24500  0.76954  0.76962 
  4.34500  0.74121  0.74124 
  4.44500  0.71123  0.71117 
  4.54500  0.67974  0.67953 
  4.64500  0.64681  0.64656 
  4.74500  0.61258  0.61241 
  4.84500  0.57722  0.57740 
  4.94500  0.54096  0.54176 
  5.04500  0.50536  0.50580 
  5.14500  0.47077  0.46980 
  5.24500  0.43435  0.43402 
  5.34500  0.39871  0.39879 
  5.44500  0.36417  0.36442 
  5.54500  0.33089  0.33112 
  5.64500  0.29903  0.29913 
  5.74500  0.26870  0.26869 
  5.84500  0.24001  0.23995 
  5.94500  0.21316  0.21306 
  6.04500  0.18824  0.18816 
  6.14500  0.16537  0.16532 
  6.24500  0.14462  0.14459 
  6.34500  0.12601  0.12599 
  6.44500  0.10955  0.10955 
  6.54500  0.09521  0.09519 
  6.64500  0.08297  0.08294 
  6.74500  0.07282  0.07277 
  6.84500  0.06467  0.06463 
  6.94500  0.05848  0.05844 
  7.04500  0.05427  0.05423 
  7.14500  0.05194  0.05192 
  7.24500  0.05155  0.05155 
  7.34500  0.05310  0.05306 
  7.44500  0.05652  0.05650 
  7.54500  0.06189  0.06184 
  7.64500  0.06924  0.06920 
  7.74500  0.07855  0.07853 
  7.84500  0.08995  0.08992 
  7.94500  0.10343  0.10340 
  8.04500  0.11898  0.11898 
  8.14500  0.13672  0.13672 
  8.24500  0.15660  0.15656 
  8.34500  0.17862  0.17854 
  8.44500  0.20270  0.20261 
  8.54500  0.22878  0.22870 
  8.64500  0.25672  0.25669 
  8.74500  0.28640  0.28645 
  8.84500  0.31766  0.31784 
  8.94500  0.35035  0.35059 
  9.04500  0.38439  0.38457 
  9.14500  0.41961  0.41948 
  9.24500  0.45575  0.45505 
  9.34500  0.49158  0.49100 
  9.44500  0.52591  0.52700 
  9.54500  0.56239  0.56278 
  9.64500  0.59810  0.59806 
  9.74500  0.63281  0.63256 
  9.84500  0.66625  0.66601 
  9.94500  0.69827  0.69814 
 10.04500  0.72879  0.72881 
 10.14500  0.75773  0.75777 
 10.24500  0.78482  0.78492 
 10.34500  0.81006  0.81013 
 10.44500  0.83328  0.83332 
 10.54500  0.85444  0.85445 
 10.64500  0.87347  0.87352 
 10.74500  0.89045  0.89048 
 10.84500  0.90537  0.90539 
 10.94500  0.91824  0.91829 
 11.04500  0.92921  0.92924 
 11.14500  0.93824  0.93827 
 11.24500  0.94543  0.94545 
 11.34500  0.95080  0.95084 
 11.44500  0.95443  0.95447 
 11.54500  0.95633  0.95636 
 11.64500  0.95651  0.95652 
 11.74500  0.95495  0.95499 
 11.84500  0.95167  0.95171 
 11.94500  0.94665  0.94669 
 12.04500  0.93981  0.93987 
 12.14500  0.93120  0.93120 
 12.24500  0.92062  0.92066 
 12.34500  0.90814  0.90815 
 12.44500  0.89362  0.89363 
 12.54500  0.87706  0.87708 
 12.64500  0.85844  0.85847 
 12.74500  0.83770  0.83773 
 12.84500  0.81491  0.81497 
 12.94500  0.79006  0.79013 
 13.04500  0.76331  0.76340 
 13.14500  0.73477  0.73478 
 13.24500  0.70455  0.70445 
 13.34500  0.67278  0.67259 
 13.44500  0.63963  0.63936 
 13.54500  0.60519  0.60508 
 13.64500  0.56964  0.56993 
 13.74500  0.53330  0.53419 
 13.84500  0.49835  0.49820 
 13.94500  0.46306  0.46221 
 14.04500  0.42675  0.42651 
 14.14500  0.39128  0.39142 
 14.24500  0.35695  0.35719 
 14.34500  0.32388  0.32409 
 14.44500  0.29223  0.29232 
 14.54500  0.26209  0.26209 
 14.64500  0.23365  0.23360 
 14.74500  0.20699  0.20689 
 14.84500  0.18222  0.18217 
 14.94500  0.15946  0.15939 
 15.04500  0.13868  0.13868 
 15.14500  0.11997  0.11996 
 15.24500  0.10325  0.10324 
 15.34500  0.08848  0.08847 
 15.44500  0.07559  0.07557 
 15.54500  0.06453  0.06448 
 15.64500  0.05516  0.05513 
 15.74500  0.04747  0.04741 
 15.84500  0.04135  0.04131 
 15.94500  0.03669  0.03667 
 16.04500  0.03354  0.03351 
 16.14500  0.03179  0.03178 
 16.24500  0.03143  0.03139 
 16.34500  0.03247  0.03241 
 16.44500  0.03487  0.03483 
 16.54500  0.03875  0.03868 
 16.64500  0.04406  0.04404 
 16.74500  0.05093  0.05088 
 16.84500  0.05941  0.05938 
 16.94500  0.06957  0.06953 
 17.04500  0.08148  0.08147 
 17.14500  0.09525  0.09524 
 17.24500  0.11094  0.11096 
 17.34500  0.12861  0.12862 
 17.44500  0.14834  0.14828 
 17.54500  0.17003  0.16998 
 17.64500  0.19377  0.19370 
 17.74500  0.21946  0.21937 
 17.84500  0.24699  0.24693 
 17.94500  0.27626  0.27628 
 18.04500  0.30711  0.30727 
 18.14500  0.33945  0.33970 
 18.24500  0.37314  0.37336 
 18.34500  0.40805  0.40806 
 18.44500  0.44396  0.44347 
 18.54500  0.48053  0.47931 
 18.64500  0.51427  0.51540 
 18.74500  0.55072  0.55132 
 18.84500  0.58675  0.58680 
 18.94500  0.62182  0.62161 
 19.04500  0.65572  0.65548 
 19.14500  0.68827  0.68812 
 19.24500  0.71938  0.71933 
 19.34500  0.74892  0.74897 
 19.44500  0.77677  0.77685 
 19.54500  0.80279  0.80288 
 19.64500  0.82690  0.82694 
 19.74500  0.84902  0.84904 
 19.84500  0.86914  0.86916 
 19.94500  0.88729  0.88730 
 20.04500  0.90351  0.90352 
 20.14500  0.91790  0.91792 
 20.24500  0.93048  0.93052 
 20.34500  0.94141  0.94145 
 20.44500  0.95081  0.95084 
 20.54500  0.95872  0.95872 
 20.64500  0.96526  0.96528 
 20.74500  0.97055  0.97058 
 20.84500  0.97467  0.97468 
 20.94500  0.97765  0.97769 
 21.04500  0.97963  0.97964 
 21.14500  0.98058  0.98059 
 21.24500  0.98052  0.98055 
 21.34500  0.97950  0.97951 
 21.44500  0.97743  0.97745 
 21.54500  0.97432  0.97437 
 21.64500  0.97012  0.97016 
 21.74500  0.96473  0.96476 
 21.84500  0.95806  0.95808 
 21.94500  0.95002  0.95006 
 22.04500  0.94052  0.94054 
 22.14500  0.92945  0.92946 
 22.24500  0.91669  0.91670 
 22.34500  0.90217  0.90216 
 22.44500  0.88577  0.88578 
 22.54500  0.86746  0.86747 
 22.64500  0.84714  0.84717 
 22.74500  0.82484  0.82488 
 22.84500  0.80056  0.80065 
 22.94500  0.77437  0.77444 
 23.04500  0.74638  0.74640 
 23.14500  0.71668  0.71664 
 23.24500  0.68545  0.68526 
 23.34500  0.65275  0.65252 
 23.44500  0.61877  0.61857 
 23.54500  0.58360  0.58369 
 23.64500  0.54748  0.54814 
 23.74500  0.51130  0.51220 
 23.84500  0.47729  0.47620 
 23.94500  0.44078  0.44033 
 24.04500  0.40495  0.40497 
 24.14500  0.37016  0.37037 
 24.24500  0.33659  0.33682 
 24.34500  0.30443  0.30453 
 24.44500  0.27373  0.27374 
 24.54500  0.24464  0.24458 
 24.64500  0.21734  0.21725 
 24.74500  0.19192  0.19183 
 24.84500  0.16848  0.16842 
 24.94500  0.14707  0.14703 
 25.04500  0.12775  0.12774 
 25.14500  0.11052  0.11049 
 25.24500  0.09529  0.09527 
 25.34500  0.08208  0.08206 
 25.44500  0.07077  0.07074 
 25.54500  0.06134  0.06132 
 25.64500  0.05375  0.05371 
 25.74500  0.04789  0.04783 
 25.84500  0.04372  0.04369 
 25.94500  0.04124  0.04120 
 26.04500  0.04040  0.04035 
 26.14500  0.04117  0.04114 
 26.24500  0.04360  0.04358 
 26.34500  0.04773  0.04769 
 26.44500  0.05354  0.05348 
 26.54500  0.06106  0.06103 
 26.64500  0.07045  0.07040 
 26.74500  0.08166  0.08165 
 26.84500  0.09483  0.09481 
 26.94500  0.10998  0.10997 
 27.04500  0.12713  0.12715 
 27.14500  0.14639  0.14638 
 27.24500  0.16773  0.16769 
 27.34500  0.19109  0.19102 
 27.44500  0.21644  0.21638 
 27.54500  0.24371  0.24367 
 27.64500  0.27273  0.27275 
 27.74500  0.30337  0.30351 
 27.84500  0.33550  0.33573 
 27.94500  0.36902  0.36924 
 28.04500  0.40377  0.40379 
 28.14500  0.43955  0.43913 
 28.24500  0.47608  0.47494 
 28.34500  0.51018  0.51100 
 28.44500  0.54623  0.54692 
 28.54500  0.58236  0.58248 
 28.64500  0.61755  0.61735 
 28.74500  0.65154  0.65129 
 28.84500  0.68422  0.68404 
 28.94500  0.71543  0.71536 
 29.04500  0.74508  0.74511 
 29.14500  0.77301  0.77308 
 29.24500  0.79909  0.79918 
 29.34500  0.82320  0.82328 
 29.44500  0.84531  0.84532 
 29.54500  0.86526  0.86530 
 29.64500  0.88320  0.88317 
 29.74500  0.89900  0.89902 
 29.84500  0.91278  0.91278 
 29.94500  0.92457  0.92461 
 30.04500  0.93444  0.93449 
 30.14500  0.94243  0.94249 
 30.24500  0.94863  0.94867 
 30.34500  0.95302  0.95307 
 30.44500  0.95568  0.95572 
 30.54500  0.95661  0.95665 
 30.64500  0.95583  0.95588 
 30.74500  0.95333  0.95338 
 30.84500  0.94911  0.94914 
 30.94500  0.94311  0.94311 
 31.04500  0.93524  0.93528 
 31.14500  0.92554  0.92558 
 31.24500  0.91392  0.91395 
 31.34500  0.90032  0.90033 
 31.44500  0.88468  0.88470 
 31.54500  0.86699  0.86698 
 31.64500  0.84717  0.84720 
 31.74500  0.82529  0.82534 
 31.84500  0.80135  0.80143 
 31.94500  0.77545  0.77552 
 32.04500  0.74765  0.74770 
 32.14500  0.71816  0.71810 
 32.24500  0.68708  0.68693 
 32.34500  0.65455  0.65428 
 32.44500  0.62064  0.62046 
 32.54500  0.58557  0.58565 
 32.64500  0.54955  0.55015 
 32.74500  0.51327  0.51420 
 32.84500  0.47941  0.47820 
 32.94500  0.44286  0.44239 
 33.04500  0.40701  0.40702 
 33.14500  0.37219  0.37242 
 33.24500  0.33861  0.33885 
 33.34500  0.30639  0.30652 
 33.44500  0.27566  0.27570 
 33.54500  0.24661  0.24656 
 33.64500  0.21930  0.21922 
 33.74500  0.19393  0.19384 
 33.84500  0.17057  0.17052 
 33.94500  0.14932  0.14928 
 34.04500  0.13019  0.13017 
 34.14500  0.11323  0.11321 
 34.24500  0.09840  0.09838 
 34.34500  0.08567  0.08565 
 34.44500  0.07504  0.07501 
 34.54500  0.06641  0.06637 
 34.64500  0.05977  0.05972 
 34.74500  0.05508  0.05505 
 34.84500  0.05233  0.05229 
 34.94500  0.05151  0.05146 
 35.04500  0.05257  0.05252 
 35.14500  0.05554  0.05550 
 35.24500  0.06047  0.06041 
 35.34500  0.06732  0.06728 
 35.44500  0.07620  0.07616 
 35.54500  0.08708  0.08707 
 35.64500  0.10006  0.10003 
 35.74500  0.11514  0.11511 
 35.84500  0.13237  0.13233 
 35.94500  0.15171  0.15170 
 36.04500  0.17324  0.17317 
 36.14500  0.19683  0.19676 
 36.24500  0.22247  0.22237 
 36.34500  0.24999  0.24991 
 36.44500  0.27925  0.27928 
 36.54500  0.31015  0.31029 
 36.64500  0.34254  0.34278 
 36.74500  0.37625  0.37648 
 36.84500  0.41123  0.41118 
 36.94500  0.44719  0.44663 
 37.04500  0.48373  0.48250 
 37.14500  0.51733  0.51856 
 37.24500  0.55389  0.55443 
 37.34500  0.58983  0.58990 
 37.44500  0.62484  0.62462 
 37.54500  0.65861  0.65838 
 37.64500  0.69105  0.69089 
 37.74500  0.72201  0.72198 
 37.84500  0.75142  0.75145 
 37.94500  0.77912  0.77918 
 38.04500  0.80497  0.80504 
 38.14500  0.82891  0.82894 
 38.24500  0.85087  0.85088 
 38.34500  0.87082  0.87081 
 38.44500  0.88880  0.88879 
 38.54500  0.90485  0.90486 
 38.64500  0.91907  0.91908 
 38.74500  0.93151  0.93153 
 38.84500  0.94230  0.94232 
 38.94500  0.95155  0.95158 
 39.04500  0.95934  0.95936 
 39.14500  0.96577  0.96580 
 39.24500  0.97094  0.97097 
 39.34500  0.97494  0.97500 
 39.44500  0.97788  0.97790 
 39.54500  0.97973  0.97976 
 39.64500  0.98061  0.98063 
 39.74500  0.98047  0.98051 
 39.84500  0.97936  0.97939 
 39.94500  0.97721  0.97724 
 40.04500  0.97402  0.97404 
 40.14500  0.96971  0.96973 
 40.24500  0.96420  0.96423 
 40.34500  0.95743  0.95744 
 40.44500  0.94925  0.94929 
 40.54500  0.93961  0.93966 
 40.64500  0.92841  0.92843 
 40.74500  0.91550  0.91552 
 40.84500  0.90082  0.90080 
 40.94500  0.88427  0.88427 
 41.04500  0.86576  0.86577 
 41.14500  0.84530  0.84532 
 41.24500  0.82280  0.82285 
 41.34500  0.79834  0.79843 
 41.44500  0.77200  0.77208 
 41.54500  0.74383  0.74389 
 41.64500  0.71401  0.71397 
 41.74500  0.68264  0.68246 
 41.84500  0.64985  0.64961 
 41.94500  0.61574  0.61557 
 42.04500  0.58048  0.58062 
 42.14500  0.54429  0.54501 
 42.24500  0.50839  0.50905 
 42.34500  0.47407  0.47300 
 42.44500  0.43759  0.43718 
 42.54500  0.40182  0.40188 
 42.64500  0.36710  0.36735 
 42.74500  0.33364  0.33387 
 42.84500  0.30155  0.30166 
 42.94500  0.27093  0.27094 
 43.04500  0.24194  0.24188 
 43.14500  0.21469  0.21461 
 43.24500  0.18929  0.18922 
 43.34500  0.16584  0.16580 
 43.44500  0.14440  0.14440 
 43.54500  0.12494  0.12495 
 43.64500  0.10751  0.10750 
 43.74500  0.09197  0.09196 
 43.84500  0.07829  0.07828 
 43.94500  0.06641  0.06638 
 44.04500  0.05619  0.05615 
 44.14500  0.04751  0.04748 
 44.24500  0.04036  0.04032 
 44.34500  0.03459  0.03458 
 44.44500  0.03015  0.03014 
 44.54500  0.02699  0.02696 
 44.64500  0.02502  0.02497 
 44.74500  0.02418  0.02416 
 44.84500  0.02454  0.02451 
 44.94500  0.02607  0.02604 
 45.04500  0.02878  0.02874 
 45.14500  0.03271  0.03268 
 45.24500  0.03796  0.03793 
 45.34500  0.04456  0.04452 
 45.44500  0.05261  0.05259 
 45.54500  0.06221  0.06220 
 45.64500  0.07346  0.07344 
 45.74500  0.08644  0.08641 
 45.84500  0.10122  0.10120 
 45.94500  0.11791  0.11791 
 46.04500  0.13657  0.13655 
 46.14500  0.15723  0.15721 
 46.24500  0.17991  0.17983 
 46.34500  0.20455  0.20446 
 46.44500  0.23107  0.23102 
 46.54500  0.25940  0.25940 
 46.64500  0.28942  0.28949 
 46.74500  0.32093  0.32113 
 46.84500  0.35387  0.35413 
 46.94500  0.38812  0.38829 
 47.04500  0.42350  0.42332 
 47.14500  0.45975  0.45895 
 47.24500  0.49531  0.49494 
 47.34500  0.52999  0.53098 
 47.44500  0.56641  0.56673 
 47.54500  0.60204  0.60193 
 47.64500  0.63659  0.63635 
 47.74500  0.66988  0.66966 
 47.84500  0.70175  0.70165 
 47.94500  0.73212  0.73212 
 48.04500  0.76082  0.76089 
 48.14500  0.78773  0.78783 
 48.24500  0.81274  0.81282 
 48.34500  0.83573  0.83579 
 48.44500  0.85667  0.85669 
 48.54500  0.87546  0.87551 
 48.64500  0.89224  0.89223 
 48.74500  0.90690  0.90693 
 48.84500  0.91960  0.91962 
 48.94500  0.93032  0.93033 
 49.04500  0.93913  0.93916 
 49.14500  0.94611  0.94614 
 49.24500  0.95128  0.95133 
 49.34500  0.95473  0.95475 
 49.44500  0.95643  0.95646 
 49.54500  0.95640  0.95643 
 49.64500  0.95466  0.95471 
 49.74500  0.95120  0.95123 
 49.84500  0.94598  0.94603 
 49.94500  0.93895  0.93900 
 50.04500  0.93010  0.93013 
 50.14500  0.91933  0.91935 
 50.24500  0.90662  0.90663 
 50.34500  0.89189  0.89191 
 50.44500  0.87511  0.87511 
 50.54500  0.85624  0.85624 
 50.64500  0.83528  0.83532 
 50.74500  0.81224  0.81231 
 50.84500  0.78720  0.78725 
 50.94500  0.76023  0.76029 
 51.04500  0.73146  0.73148 
 51.14500  0.70109  0.70098 
 51.24500  0.66918  0.66895 
 51.34500  0.63585  0.63562 
 51.44500  0.60130  0.60121 
 51.54500  0.56564  0.56597 
 51.64500  0.52921  0.53020 
 51.74500  0.49460  0.49420 
 51.84500  0.45899  0.45823 
 51.94500  0.42276  0.42258 
 52.04500  0.38743  0.38759 
 52.14500  0.35325  0.35351 
 52.24500  0.32037  0.32057 
 52.34500  0.28892  0.28899 
 52.44500  0.25902  0.25900 
 52.54500  0.23079  0.23072 
 52.64500  0.20442  0.20435 
 52.74500  0.17998  0.17989 
 52.84500  0.15753  0.15748 
 52.94500  0.13719  0.13716 
 53.04500  0.11889  0.11888 
 53.14500  0.10266  0.10264 
 53.24500  0.08846  0.08843 
 53.34500  0.07621  0.07618 
 53.44500  0.06584  0.06583 
 53.54500  0.05733  0.05730 
 53.64500  0.05062  0.05057 
 53.74500  0.04560  0.04555 
 53.84500  0.04228  0.04224 
 53.94500  0.04061  0.04059 
 54.04500  0.04057  0.04054 
 54.14500  0.04218  0.04214 
 54.24500  0.04545  0.04543 
 54.34500  0.05041  0.05037 
 54.44500  0.05706  0.05701 
 54.54500  0.06553  0.06547 
 54.64500  0.07582  0.07576 
 54.74500  0.08800  0.08796 
 54.84500  0.10212  0.10213 
 54.94500  0.11829  0.11826 
 55.04500  0.13650  0.13648 
 55.14500  0.15677  0.15675 
 55.24500  0.17914  0.17907 
 55.34500  0.20351  0.20344 
 55.44500  0.22985  0.22974 
 55.54500  0.25799  0.25795 
 55.64500  0.28783  0.28790 
 55.74500  0.31923  0.31940 
 55.84500  0.35204  0.35231 
 55.94500  0.38618  0.38637 
 56.04500  0.42150  0.42134 
 56.14500  0.45770  0.45693 
 56.24500  0.49337  0.49290 
 56.34500  0.52786  0.52889 
 56.44500  0.56427  0.56464 
 56.54500  0.59994  0.59987 
 56.64500  0.63451  0.63427 
 56.74500  0.66783  0.66758 
 56.84500  0.69973  0.69959 
 56.94500  0.73008  0.73008 
 57.04500  0.75875  0.75882 
 57.14500  0.78564  0.78572 
 57.24500  0.81055  0.81062 
 57.34500  0.83340  0.83343 
 57.44500  0.85411  0.85414 
 57.54500  0.87265  0.87265 
 57.64500  0.88900  0.88900 
 57.74500  0.90319  0.90319 
 57.84500  0.91520  0.91522 
 57.94500  0.92509  0.92514 
 58.04500  0.93294  0.93298 
 58.14500  0.93872  0.93876 
 58.24500  0.94249  0.94248 
 58.34500  0.94419  0.94424 
 58.44500  0.94392  0.94397 
 58.54500  0.94166  0.94171 
 58.64500  0.93740  0.93742 
 58.74500  0.93107  0.93112 
 58.84500  0.92272  0.92275 
 58.94500  0.91225  0.91228 
 59.04500  0.89968  0.89967 
 59.14500  0.88491  0.88492 
 59.24500  0.86800  0.86802 
 59.34500  0.84889  0.84891 
 59.44500  0.82759  0.82767 
 59.54500  0.80419  0.80428 
 59.64500  0.77877  0.77885 
 59.74500  0.75142  0.75146 
 59.84500  0.72226  0.72224 
 59.94500  0.69146  0.69133 
 60.04500  0.65920  0.65897 
 60.14500  0.62554  0.62533 
 60.24500  0.59065  0.59067 
 60.34500  0.55477  0.55528 
 60.44500  0.51815  0.51940 
 60.54500  0.48454  0.48340 
 60.64500  0.44807  0.44749 
 60.74500  0.41206  0.41200 
 60.84500  0.37701  0.37723 
 60.94500  0.34317  0.34342 
 61.04500  0.31067  0.31083 
 61.14500  0.27961  0.27964 
 61.24500  0.25011  0.25006 
 61.34500  0.22230  0.22222 
 61.44500  0.19629  0.19623 
 61.54500  0.17226  0.17221 
 61.64500  0.15016  0.15013 
 61.74500  0.13006  0.13002 
 61.84500  0.11190  0.11184 
 61.94500  0.09561  0.09559 
 62.04500  0.08116  0.08112 
 62.14500  0.06843  0.06840 
 62.24500  0.05728  0.05726 
 62.34500  0.04760  0.04759 
 62.44500  0.03931  0.03929 
 62.54500  0.03222  0.03219 
 62.64500  0.02620  0.02619 
 62.74500  0.02118  0.02118 
 62.84500  0.01697  0.01697 
 62.94500  0.01353  0.01350 
 63.04500  0.01070  0.01068 
 63.14500  0.00839  0.00840 
 63.24500  0.00653  0.00653 
 63.34500  0.00505  0.00505 
 63.44500  0.00388  0.00386 
 63.54500  0.00295  0.00295 
 63.64500  0.00224  0.00224 
 63.74500  0.00168  0.00166 
 63.84500  0.00124  0.00125 
 63.94500  0.00094  0.00092 
 64.04500  0.00068  0.00068 
 64.14500  0.00050  0.00049 
 64.24500  0.00037  0.00035 
 64.34500  0.00027  0.00026 
 64.44500  0.00019  0.00020 
 64.54500  0.00015  0.00011 
 64.64500  0.00007  0.00010 
 64.74500  0.00008  0.00010 
 64.84500  0.00008  0.00010 
