  0.04500  0.53424  0.53490 
  0.14500  0.53424  0.53490 
  0.24500  0.53424  0.53490 
  0.34500  0.53424  0.53490 
  0.44500  0.53424  0.53490 
  0.54500  0.53424  0.53490 
  0.64500  0.53424  0.53490 
  0.74500  0.53424  0.53490 
  0.84500  0.53424  0.53490 
  0.94500  0.53425  0.53490 
  1.04500  0.53425  0.53489 
  1.14500  0.53425  0.53480 
  1.24500  0.53425  0.53480 
  1.34500  0.53425  0.53480 
  1.44500  0.53423  0.53480 
  1.54500  0.53422  0.53480 
  1.64500  0.53415  0.53480 
  1.74500  0.53414  0.53480 
  1.84500  0.53413  0.53480 
  1.94500  0.53414  0.53480 
  2.04500  0.53414  0.53480 
  2.14500  0.53415  0.53473 
  2.24500  0.53416  0.53470 
  2.34500  0.53414  0.53470 
  2.44500  0.53411  0.53470 
  2.54500  0.53409  0.53470 
  2.64500  0.53404  0.53470 
  2.74500  0.53404  0.53470 
  2.84500  0.53405  0.53461 
  2.94500  0.53400  0.53460 
  3.04500  0.53399  0.53460 
  3.14500  0.53401  0.53460 
  3.24500  0.53399  0.53460 
  3.34500  0.53395  0.53455 
  3.44500  0.53391  0.53450 
  3.54500  0.53391  0.53450 
  3.64500  0.53390  0.53450 
  3.74500  0.53389  0.53450 
  3.84500  0.53383  0.53442 
  3.94500  0.53381  0.53440 
  4.04500  0.53380  0.53440 
  4.14500  0.53378  0.53440 
  4.24500  0.53373  0.53434 
  4.34500  0.53375  0.53430 
  4.44500  0.53374  0.53430 
  4.54500  0.53367  0.53430 
  4.64500  0.53367  0.53422 
  4.74500  0.53363  0.53420 
  4.84500  0.53359  0.53420 
  4.94500  0.53357  0.53417 
  5.04500  0.53357  0.53410 
  5.14500  0.53349  0.53410 
  5.24500  0.53350  0.53410 
  5.34500  0.53350  0.53400 
  5.44500  0.53342  0.53400 
  5.54500  0.53338  0.53400 
  5.64500  0.53337  0.53391 
  5.74500  0.53335  0.53390 
  5.84500  0.53331  0.53390 
  5.94500  0.53324  0.53380 
  6.04500  0.53325  0.53380 
  6.14500  0.53322  0.53378 
  6.24500  0.53315  0.53370 
  6.34500  0.53315  0.53370 
  6.44500  0.53308  0.53365 
  6.54500  0.53306  0.53360 
  6.64500  0.53300  0.53360 
  6.74500  0.53298  0.53351 
  6.84500  0.53294  0.53350 
  6.94500  0.53290  0.53346 
  7.04500  0.53285  0.53340 
  7.14500  0.53280  0.53340 
  7.24500  0.53279  0.53330 
  7.34500  0.53272  0.53330 
  7.44500  0.53271  0.53323 
  7.54500  0.53266  0.53320 
  7.64500  0.53259  0.53316 
  7.74500  0.53257  0.53310 
  7.84500  0.53254  0.53308 
  7.94500  0.53247  0.53300 
  8.04500  0.53244  0.53299 
  8.14500  0.53239  0.53290 
  8.24500  0.53234  0.53290 
  8.34500  0.53229  0.53280 
  8.44500  0.53224  0.53280 
  8.54500  0.53221  0.53271 
  8.64500  0.53215  0.53270 
  8.74500  0.53212  0.53261 
  8.84500  0.53203  0.53260 
  8.94500  0.53200  0.53250 
  9.04500  0.53195  0.53249 
  9.14500  0.53190  0.53240 
  9.24500  0.53185  0.53238 
  9.34500  0.53177  0.53230 
  9.44500  0.53176  0.53227 
  9.54500  0.53171  0.53220 
  9.64500  0.53163  0.53215 
  9.74500  0.53158  0.53210 
  9.84500  0.53154  0.53202 
  9.94500  0.53147  0.53200 
 10.04500  0.53142  0.53190 
 10.14500  0.53137  0.53187 
 10.24500  0.53130  0.53180 
 10.34500  0.53124  0.53174 
 10.44500  0.53120  0.53170 
 10.54500  0.53111  0.53161 
 10.64500  0.53107  0.53157 
 10.74500  0.53099  0.53150 
 10.84500  0.53096  0.53144 
 10.94500  0.53089  0.53140 
 11.04500  0.53082  0.53130 
 11.14500  0.53078  0.53125 
 11.24500  0.53071  0.53120 
 11.34500  0.53065  0.53111 
 11.44500  0.53057  0.53106 
 11.54500  0.53052  0.53100 
 11.64500  0.53044  0.53092 
 11.74500  0.53039  0.53087 
 11.84500  0.53032  0.53080 
 11.94500  0.53025  0.53072 
 12.04500  0.53018  0.53066 
 12.14500  0.53011  0.53060 
 12.24500  0.53004  0.53051 
 12.34500  0.52998  0.53045 
 12.44500  0.52991  0.53040 
 12.54500  0.52984  0.53030 
 12.64500  0.52976  0.53024 
 12.74500  0.52971  0.53018 
 12.84500  0.52964  0.53010 
 12.94500  0.52957  0.53002 
 13.04500  0.52949  0.52995 
 13.14500  0.52941  0.52989 
 13.24500  0.52935  0.52980 
 13.34500  0.52927  0.52972 
 13.44500  0.52919  0.52966 
 13.54500  0.52913  0.52959 
 13.64500  0.52906  0.52950 
 13.74500  0.52896  0.52942 
 13.84500  0.52891  0.52935 
 13.94500  0.52883  0.52928 
 14.04500  0.52875  0.52920 
 14.14500  0.52868  0.52911 
 14.24500  0.52860  0.52904 
 14.34500  0.52852  0.52896 
 14.44500  0.52843  0.52889 
 14.54500  0.52837  0.52880 
 14.64500  0.52827  0.52871 
 14.74500  0.52818  0.52864 
 14.84500  0.52813  0.52856 
 14.94500  0.52803  0.52848 
 15.04500  0.52795  0.52840 
 15.14500  0.52788  0.52830 
 15.24500  0.52779  0.52823 
 15.34500  0.52772  0.52815 
 15.44500  0.52763  0.52806 
 15.54500  0.52755  0.52798 
 15.64500  0.52746  0.52790 
 15.74500  0.52738  0.52780 
 15.84500  0.52730  0.52772 
 15.94500  0.52720  0.52763 
 16.04500  0.52714  0.52755 
 16.14500  0.52705  0.52746 
 16.24500  0.52695  0.52738 
 16.34500  0.52688  0.52729 
 16.44500  0.52679  0.52720 
 16.54500  0.52669  0.52710 
 16.64500  0.52661  0.52702 
 16.74500  0.52653  0.52693 
 16.84500  0.52643  0.52684 
 16.94500  0.52635  0.52675 
 17.04500  0.52625  0.52666 
 17.14500  0.52616  0.52657 
 17.24500  0.52609  0.52648 
 17.34500  0.52599  0.52639 
 17.44500  0.52589  0.52629 
 17.54500  0.52581  0.52620 
 17.64500  0.52572  0.52610 
 17.74500  0.52562  0.52601 
 17.84500  0.52554  0.52592 
 17.94500  0.52543  0.52582 
 18.04500  0.52534  0.52573 
 18.14500  0.52525  0.52563 
 18.24500  0.52517  0.52554 
 18.34500  0.52508  0.52544 
 18.44500  0.52497  0.52535 
 18.54500  0.52488  0.52525 
 18.64500  0.52478  0.52515 
 18.74500  0.52469  0.52505 
 18.84500  0.52459  0.52496 
 18.94500  0.52450  0.52486 
 19.04500  0.52439  0.52476 
 19.14500  0.52431  0.52466 
 19.24500  0.52421  0.52456 
 19.34500  0.52412  0.52446 
 19.44500  0.52401  0.52436 
 19.54500  0.52392  0.52426 
 19.64500  0.52383  0.52416 
 19.74500  0.52372  0.52406 
 19.84500  0.52361  0.52396 
 19.94500  0.52352  0.52386 
 20.04500  0.52342  0.52375 
 20.14500  0.52333  0.52365 
 20.24500  0.52322  0.52355 
 20.34500  0.52313  0.52345 
 20.44500  0.52302  0.52334 
 20.54500  0.52292  0.52324 
 20.64500  0.52282  0.52313 
 20.74500  0.52272  0.52303 
 20.84500  0.52260  0.52293 
 20.94500  0.52251  0.52282 
 21.04500  0.52241  0.52272 
 21.14500  0.52231  0.52261 
 21.24500  0.52220  0.52250 
 21.34500  0.52209  0.52239 
 21.44500  0.52199  0.52229 
 21.54500  0.52188  0.52218 
 21.64500  0.52178  0.52207 
 21.74500  0.52168  0.52197 
 21.84500  0.52157  0.52186 
 21.94500  0.52147  0.52175 
 22.04500  0.52136  0.52164 
 22.14500  0.52125  0.52154 
 22.24500  0.52114  0.52143 
 22.34500  0.52103  0.52132 
 22.44500  0.52092  0.52121 
 22.54500  0.52081  0.52109 
 22.64500  0.52071  0.52098 
 22.74500  0.52061  0.52087 
 22.84500  0.52051  0.52076 
 22.94500  0.52039  0.52065 
 23.04500  0.52027  0.52054 
 23.14500  0.52017  0.52043 
 23.24500  0.52007  0.52032 
 23.34500  0.51994  0.52021 
 23.44500  0.51983  0.52009 
 23.54500  0.51974  0.51998 
 23.64500  0.51962  0.51987 
 23.74500  0.51952  0.51975 
 23.84500  0.51940  0.51964 
 23.94500  0.51929  0.51953 
 24.04500  0.51917  0.51942 
 24.14500  0.51906  0.51930 
 24.24500  0.51895  0.51918 
 24.34500  0.51883  0.51907 
 24.44500  0.51873  0.51896 
 24.54500  0.51861  0.51884 
 24.64500  0.51849  0.51873 
 24.74500  0.51838  0.51862 
 24.84500  0.51828  0.51849 
 24.94500  0.51815  0.51838 
 25.04500  0.51804  0.51826 
 25.14500  0.51793  0.51815 
 25.24500  0.51781  0.51803 
 25.34500  0.51770  0.51792 
 25.44500  0.51759  0.51779 
 25.54500  0.51748  0.51768 
 25.64500  0.51735  0.51756 
 25.74500  0.51725  0.51745 
 25.84500  0.51713  0.51733 
 25.94500  0.51700  0.51722 
 26.04500  0.51691  0.51708 
 26.14500  0.51678  0.51697 
 26.24500  0.51667  0.51685 
 26.34500  0.51655  0.51674 
 26.44500  0.51643  0.51662 
 26.54500  0.51632  0.51650 
 26.64500  0.51620  0.51637 
 26.74500  0.51608  0.51626 
 26.84500  0.51597  0.51614 
 26.94500  0.51586  0.51602 
 27.04500  0.51573  0.51590 
 27.14500  0.51563  0.51578 
 27.24500  0.51550  0.51566 
 27.34500  0.51538  0.51554 
 27.44500  0.51527  0.51542 
 27.54500  0.51514  0.51530 
 27.64500  0.51505  0.51517 
 27.74500  0.51493  0.51506 
 27.84500  0.51480  0.51494 
 27.94500  0.51469  0.51482 
 28.04500  0.51456  0.51469 
 28.14500  0.51444  0.51457 
 28.24500  0.51432  0.51445 
 28.34500  0.51419  0.51433 
 28.44500  0.51410  0.51421 
 28.54500  0.51396  0.51408 
 28.64500  0.51385  0.51396 
 28.74500  0.51374  0.51384 
 28.84500  0.51361  0.51372 
 28.94500  0.51349  0.51360 
 29.04500  0.51336  0.51347 
 29.14500  0.51325  0.51335 
 29.24500  0.51314  0.51323 
 29.34500  0.51301  0.51311 
 29.44500  0.51290  0.51298 
 29.54500  0.51277  0.51286 
 29.64500  0.51265  0.51274 
 29.74500  0.51254  0.51262 
 29.84500  0.51241  0.51248 
 29.94500  0.51230  0.51236 
 30.04500  0.51216  0.51224 
 30.14500  0.51206  0.51213 
 30.24500  0.51192  0.51200 
 30.34500  0.51180  0.51187 
 30.44500  0.51168  0.51175 
 30.54500  0.51156  0.51163 
 30.64500  0.51144  0.51150 
 30.74500  0.51133  0.51137 
 30.84500  0.51120  0.51125 
 30.94500  0.51110  0.51113 
 31.04500  0.51095  0.51101 
 31.14500  0.51084  0.51088 
 31.24500  0.51071  0.51076 
 31.34500  0.51059  0.51064 
 31.44500  0.51047  0.51052 
 31.54500  0.51034  0.51038 
 31.64500  0.51023  0.51026 
 31.74500  0.51011  0.51014 
 31.84500  0.50999  0.51002 
 31.94500  0.50986  0.50988 
 32.04500  0.50974  0.50976 
 32.14500  0.50962  0.50964 
 32.24500  0.50949  0.50952 
 32.34500  0.50938  0.50938 
 32.44500  0.50926  0.50926 
 32.54500  0.50912  0.50914 
 32.64500  0.50901  0.50902 
 32.74500  0.50888  0.50889 
 32.84500  0.50877  0.50877 
 32.94500  0.50863  0.50865 
 33.04500  0.50852  0.50853 
 33.14500  0.50840  0.50840 
 33.24500  0.50827  0.50827 
 33.34500  0.50815  0.50815 
 33.44500  0.50803  0.50803 
 33.54500  0.50791  0.50790 
 33.64500  0.50779  0.50777 
 33.74500  0.50767  0.50765 
 33.84500  0.50755  0.50753 
 33.94500  0.50743  0.50740 
 34.04500  0.50730  0.50727 
 34.14500  0.50717  0.50715 
 34.24500  0.50706  0.50703 
 34.34500  0.50692  0.50692 
 34.44500  0.50681  0.50678 
 34.54500  0.50670  0.50666 
 34.64500  0.50656  0.50654 
 34.74500  0.50646  0.50642 
 34.84500  0.50632  0.50628 
 34.94500  0.50621  0.50616 
 35.04500  0.50608  0.50604 
 35.14500  0.50596  0.50592 
 35.24500  0.50584  0.50580 
 35.34500  0.50572  0.50567 
 35.44500  0.50561  0.50555 
 35.54500  0.50548  0.50543 
 35.64500  0.50536  0.50530 
 35.74500  0.50525  0.50517 
 35.84500  0.50511  0.50506 
 35.94500  0.50500  0.50494 
 36.04500  0.50488  0.50482 
 36.14500  0.50476  0.50468 
 36.24500  0.50465  0.50456 
 36.34500  0.50451  0.50445 
 36.44500  0.50441  0.50433 
 36.54500  0.50428  0.50420 
 36.64500  0.50416  0.50407 
 36.74500  0.50405  0.50396 
 36.84500  0.50393  0.50384 
 36.94500  0.50382  0.50372 
 37.04500  0.50370  0.50358 
 37.14500  0.50357  0.50347 
 37.24500  0.50346  0.50335 
 37.34500  0.50334  0.50323 
 37.44500  0.50321  0.50311 
 37.54500  0.50311  0.50298 
 37.64500  0.50299  0.50286 
 37.74500  0.50288  0.50275 
 37.84500  0.50275  0.50263 
 37.94500  0.50263  0.50251 
 38.04500  0.50251  0.50238 
 38.14500  0.50240  0.50226 
 38.24500  0.50227  0.50215 
 38.34500  0.50216  0.50203 
 38.44500  0.50205  0.50191 
 38.54500  0.50192  0.50178 
 38.64500  0.50182  0.50166 
 38.74500  0.50169  0.50155 
 38.84500  0.50159  0.50143 
 38.94500  0.50147  0.50132 
 39.04500  0.50135  0.50119 
 39.14500  0.50123  0.50107 
 39.24500  0.50113  0.50096 
 39.34500  0.50102  0.50084 
 39.44500  0.50089  0.50073 
 39.54500  0.50078  0.50061 
 39.64500  0.50066  0.50048 
 39.74500  0.50056  0.50037 
 39.84500  0.50042  0.50025 
 39.94500  0.50032  0.50014 
 40.04500  0.50021  0.50002 
 40.14500  0.50009  0.49991 
 40.24500  0.49998  0.49978 
 40.34500  0.49987  0.49967 
 40.44500  0.49976  0.49956 
 40.54500  0.49964  0.49944 
 40.64500  0.49953  0.49933 
 40.74500  0.49941  0.49922 
 40.84500  0.49931  0.49909 
 40.94500  0.49920  0.49898 
 41.04500  0.49908  0.49887 
 41.14500  0.49897  0.49875 
 41.24500  0.49886  0.49864 
 41.34500  0.49875  0.49853 
 41.44500  0.49862  0.49842 
 41.54500  0.49852  0.49831 
 41.64500  0.49841  0.49818 
 41.74500  0.49830  0.49807 
 41.84500  0.49819  0.49796 
 41.94500  0.49808  0.49785 
 42.04500  0.49798  0.49774 
 42.14500  0.49786  0.49763 
 42.24500  0.49776  0.49752 
 42.34500  0.49764  0.49741 
 42.44500  0.49754  0.49729 
 42.54500  0.49743  0.49718 
 42.64500  0.49733  0.49707 
 42.74500  0.49722  0.49697 
 42.84500  0.49710  0.49686 
 42.94500  0.49700  0.49675 
 43.04500  0.49689  0.49664 
 43.14500  0.49679  0.49653 
 43.24500  0.49669  0.49643 
 43.34500  0.49657  0.49632 
 43.44500  0.49648  0.49621 
 43.54500  0.49638  0.49610 
 43.64500  0.49627  0.49599 
 43.74500  0.49616  0.49588 
 43.84500  0.49604  0.49578 
 43.94500  0.49596  0.49567 
 44.04500  0.49584  0.49557 
 44.14500  0.49575  0.49546 
 44.24500  0.49563  0.49536 
 44.34500  0.49554  0.49525 
 44.44500  0.49544  0.49515 
 44.54500  0.49534  0.49505 
 44.64500  0.49523  0.49494 
 44.74500  0.49514  0.49484 
 44.84500  0.49503  0.49474 
 44.94500  0.49494  0.49463 
 45.04500  0.49482  0.49453 
 45.14500  0.49474  0.49443 
 45.24500  0.49464  0.49433 
 45.34500  0.49452  0.49422 
 45.44500  0.49443  0.49412 
 45.54500  0.49434  0.49402 
 45.64500  0.49423  0.49392 
 45.74500  0.49415  0.49382 
 45.84500  0.49404  0.49372 
 45.94500  0.49396  0.49362 
 46.04500  0.49384  0.49352 
 46.14500  0.49374  0.49343 
 46.24500  0.49366  0.49333 
 46.34500  0.49357  0.49323 
 46.44500  0.49346  0.49313 
 46.54500  0.49339  0.49303 
 46.64500  0.49328  0.49294 
 46.74500  0.49319  0.49284 
 46.84500  0.49309  0.49275 
 46.94500  0.49300  0.49265 
 47.04500  0.49291  0.49256 
 47.14500  0.49281  0.49246 
 47.24500  0.49272  0.49237 
 47.34500  0.49264  0.49227 
 47.44500  0.49254  0.49218 
 47.54500  0.49245  0.49209 
 47.64500  0.49238  0.49200 
 47.74500  0.49226  0.49190 
 47.84500  0.49218  0.49180 
 47.94500  0.49210  0.49171 
 48.04500  0.49200  0.49162 
 48.14500  0.49192  0.49153 
 48.24500  0.49182  0.49144 
 48.34500  0.49174  0.49136 
 48.44500  0.49166  0.49127 
 48.54500  0.49157  0.49118 
 48.64500  0.49147  0.49109 
 48.74500  0.49139  0.49100 
 48.84500  0.49131  0.49091 
 48.94500  0.49121  0.49082 
 49.04500  0.49114  0.49074 
 49.14500  0.49104  0.49065 
 49.24500  0.49097  0.49057 
 49.34500  0.49090  0.49048 
 49.44500  0.49079  0.49040 
 49.54500  0.49072  0.49030 
 49.64500  0.49064  0.49022 
 49.74500  0.49055  0.49014 
 49.84500  0.49046  0.49006 
 49.94500  0.49038  0.48998 
 50.04500  0.49032  0.48990 
 50.14500  0.49021  0.48980 
 50.24500  0.49014  0.48972 
 50.34500  0.49008  0.48965 
 50.44500  0.48998  0.48957 
 50.54500  0.48991  0.48950 
 50.64500  0.48984  0.48940 
 50.74500  0.48976  0.48932 
 50.84500  0.48967  0.48925 
 50.94500  0.48960  0.48918 
 51.04500  0.48953  0.48910 
 51.14500  0.48943  0.48900 
 51.24500  0.48937  0.48893 
 51.34500  0.48930  0.48886 
 51.44500  0.48921  0.48880 
 51.54500  0.48914  0.48870 
 51.64500  0.48909  0.48863 
 51.74500  0.48899  0.48856 
 51.84500  0.48893  0.48850 
 51.94500  0.48885  0.48840 
 52.04500  0.48878  0.48834 
 52.14500  0.48872  0.48827 
 52.24500  0.48862  0.48820 
 52.34500  0.48857  0.48811 
 52.44500  0.48849  0.48805 
 52.54500  0.48843  0.48799 
 52.64500  0.48835  0.48790 
 52.74500  0.48830  0.48784 
 52.84500  0.48821  0.48778 
 52.94500  0.48815  0.48770 
 53.04500  0.48808  0.48763 
 53.14500  0.48804  0.48758 
 53.24500  0.48795  0.48750 
 53.34500  0.48789  0.48743 
 53.44500  0.48781  0.48738 
 53.54500  0.48777  0.48730 
 53.64500  0.48771  0.48723 
 53.74500  0.48763  0.48719 
 53.84500  0.48756  0.48710 
 53.94500  0.48752  0.48704 
 54.04500  0.48745  0.48700 
 54.14500  0.48736  0.48690 
 54.24500  0.48733  0.48686 
 54.34500  0.48726  0.48680 
 54.44500  0.48722  0.48673 
 54.54500  0.48713  0.48669 
 54.64500  0.48711  0.48660 
 54.74500  0.48703  0.48656 
 54.84500  0.48698  0.48650 
 54.94500  0.48692  0.48643 
 55.04500  0.48686  0.48640 
 55.14500  0.48679  0.48630 
 55.24500  0.48675  0.48628 
 55.34500  0.48669  0.48620 
 55.44500  0.48665  0.48616 
 55.54500  0.48656  0.48610 
 55.64500  0.48653  0.48604 
 55.74500  0.48648  0.48600 
 55.84500  0.48643  0.48593 
 55.94500  0.48637  0.48590 
 56.04500  0.48632  0.48582 
 56.14500  0.48628  0.48580 
 56.24500  0.48623  0.48571 
 56.34500  0.48618  0.48570 
 56.44500  0.48612  0.48561 
 56.54500  0.48609  0.48560 
 56.64500  0.48602  0.48551 
 56.74500  0.48601  0.48550 
 56.84500  0.48592  0.48542 
 56.94500  0.48590  0.48540 
 57.04500  0.48586  0.48533 
 57.14500  0.48578  0.48530 
 57.24500  0.48575  0.48525 
 57.34500  0.48575  0.48520 
 57.44500  0.48565  0.48517 
 57.54500  0.48563  0.48510 
 57.64500  0.48559  0.48510 
 57.74500  0.48553  0.48500 
 57.84500  0.48551  0.48500 
 57.94500  0.48547  0.48494 
 58.04500  0.48542  0.48490 
 58.14500  0.48541  0.48489 
 58.24500  0.48533  0.48480 
 58.34500  0.48534  0.48480 
 58.44500  0.48527  0.48474 
 58.54500  0.48524  0.48470 
 58.64500  0.48521  0.48470 
 58.74500  0.48517  0.48460 
 58.84500  0.48512  0.48460 
 58.94500  0.48508  0.48458 
 59.04500  0.48509  0.48450 
 59.14500  0.48500  0.48450 
 59.24500  0.48499  0.48447 
 59.34500  0.48497  0.48440 
 59.44500  0.48494  0.48440 
 59.54500  0.48490  0.48437 
 59.64500  0.48486  0.48430 
 59.74500  0.48483  0.48430 
 59.84500  0.48481  0.48429 
 59.94500  0.48477  0.48420 
 60.04500  0.48473  0.48420 
 60.14500  0.48475  0.48420 
 60.24500  0.48470  0.48414 
 60.34500  0.48466  0.48410 
 60.44500  0.48467  0.48410 
 60.54500  0.48461  0.48410 
 60.64500  0.48458  0.48401 
 60.74500  0.48454  0.48400 
 60.84500  0.48454  0.48400 
 60.94500  0.48450  0.48400 
 61.04500  0.48450  0.48391 
 61.14500  0.48449  0.48390 
 61.24500  0.48446  0.48390 
 61.34500  0.48441  0.48390 
 61.44500  0.48442  0.48386 
 61.54500  0.48442  0.48380 
 61.64500  0.48441  0.48380 
 61.74500  0.48431  0.48380 
 61.84500  0.48430  0.48380 
 61.94500  0.48432  0.48378 
 62.04500  0.48432  0.48370 
 62.14500  0.48432  0.48370 
 62.24500  0.48427  0.48370 
 62.34500  0.48427  0.48370 
 62.44500  0.48425  0.48370 
 62.54500  0.48422  0.48370 
 62.64500  0.48421  0.48361 
 62.74500  0.48420  0.48360 
 62.84500  0.48416  0.48360 
 62.94500  0.48417  0.48360 
 63.04500  0.48416  0.48360 
 63.14500  0.48416  0.48360 
 63.24500  0.48416  0.48360 
 63.34500  0.48413  0.48360 
 63.44500  0.48415  0.48360 
 63.54500  0.48416  0.48350 
 63.64500  0.48411  0.48350 
 63.74500  0.48409  0.48350 
 63.84500  0.48407  0.48350 
 63.94500  0.48406  0.48350 
 64.04500  0.48406  0.48350 
 64.14500  0.48406  0.48350 
 64.24500  0.48406  0.48350 
 64.34500  0.48406  0.48350 
 64.44500  0.48406  0.48350 
 64.54500  0.48408  0.48350 
 64.64500  0.48408  0.48350 
 64.74500  0.48408  0.48350 
 64.84500  0.48409  0.48350 
