  0.04500  0.72811  0.72810 
  0.14500  0.72803  0.72805 
  0.24500  0.72785  0.72788 
  0.34500  0.72759  0.72761 
  0.44500  0.72724  0.72727 
  0.54500  0.72681  0.72684 
  0.64500  0.72628  0.72632 
  0.74500  0.72568  0.72570 
  0.84500  0.72498  0.72502 
  0.94500  0.72419  0.72423 
  1.04500  0.72334  0.72337 
  1.14500  0.72240  0.72245 
  1.24500  0.72137  0.72141 
  1.34500  0.72026  0.72030 
  1.44500  0.71910  0.71912 
  1.54500  0.71781  0.71785 
  1.64500  0.71647  0.71651 
  1.74500  0.71505  0.71509 
  1.84500  0.71357  0.71360 
  1.94500  0.71202  0.71204 
  2.04500  0.71038  0.71042 
  2.14500  0.70868  0.70872 
  2.24500  0.70692  0.70695 
  2.34500  0.70510  0.70514 
  2.44500  0.70321  0.70324 
  2.54500  0.70125  0.70130 
  2.64500  0.69925  0.69930 
  2.74500  0.69720  0.69722 
  2.84500  0.69507  0.69511 
  2.94500  0.69290  0.69293 
  3.04500  0.69069  0.69072 
  3.14500  0.68843  0.68846 
  3.24500  0.68612  0.68615 
  3.34500  0.68378  0.68380 
  3.44500  0.68138  0.68142 
  3.54500  0.67896  0.67899 
  3.64500  0.67650  0.67653 
  3.74500  0.67401  0.67405 
  3.84500  0.67149  0.67152 
  3.94500  0.66893  0.66897 
  4.04500  0.66635  0.66639 
  4.14500  0.66376  0.66379 
  4.24500  0.66115  0.66118 
  4.34500  0.65852  0.65854 
  4.44500  0.65587  0.65590 
  4.54500  0.65320  0.65323 
  4.64500  0.65053  0.65057 
  4.74500  0.64786  0.64787 
  4.84500  0.64518  0.64519 
  4.94500  0.64247  0.64250 
  5.04500  0.63978  0.63980 
  5.14500  0.63709  0.63710 
  5.24500  0.63439  0.63442 
  5.34500  0.63170  0.63173 
  5.44500  0.62903  0.62905 
  5.54500  0.62636  0.62637 
  5.64500  0.62370  0.62371 
  5.74500  0.62105  0.62107 
  5.84500  0.61842  0.61844 
  5.94500  0.61580  0.61581 
  6.04500  0.61321  0.61321 
  6.14500  0.61062  0.61063 
  6.24500  0.60805  0.60806 
  6.34500  0.60551  0.60552 
  6.44500  0.60300  0.60300 
  6.54500  0.60051  0.60050 
  6.64500  0.59803  0.59804 
  6.74500  0.59560  0.59561 
  6.84500  0.59318  0.59318 
  6.94500  0.59079  0.59080 
  7.04500  0.58844  0.58845 
  7.14500  0.58611  0.58612 
  7.24500  0.58383  0.58383 
  7.34500  0.58157  0.58158 
  7.44500  0.57935  0.57935 
  7.54500  0.57715  0.57715 
  7.64500  0.57499  0.57501 
  7.74500  0.57285  0.57288 
  7.84500  0.57077  0.57080 
  7.94500  0.56874  0.56872 
  8.04500  0.56672  0.56670 
  8.14500  0.56475  0.56474 
  8.24500  0.56279  0.56280 
  8.34500  0.56088  0.56090 
  8.44500  0.55902  0.55904 
  8.54500  0.55717  0.55720 
  8.64500  0.55539  0.55540 
  8.74500  0.55363  0.55365 
  8.84500  0.55191  0.55193 
  8.94500  0.55022  0.55025 
  9.04500  0.54857  0.54859 
  9.14500  0.54695  0.54698 
  9.24500  0.54538  0.54541 
  9.34500  0.54384  0.54387 
  9.44500  0.54235  0.54236 
  9.54500  0.54087  0.54091 
  9.64500  0.53944  0.53947 
  9.74500  0.53804  0.53808 
  9.84500  0.53668  0.53670 
  9.94500  0.53534  0.53538 
 10.04500  0.53406  0.53409 
 10.14500  0.53280  0.53283 
 10.24500  0.53156  0.53160 
 10.34500  0.53037  0.53040 
 10.44500  0.52919  0.52924 
 10.54500  0.52808  0.52811 
 10.64500  0.52698  0.52702 
 10.74500  0.52590  0.52595 
 10.84500  0.52485  0.52495 
 10.94500  0.52386  0.52395 
 11.04500  0.52287  0.52295 
 11.14500  0.52192  0.52197 
 11.24500  0.52101  0.52106 
 11.34500  0.52011  0.52017 
 11.44500  0.51924  0.51930 
 11.54500  0.51842  0.51847 
 11.64500  0.51760  0.51766 
 11.74500  0.51683  0.51688 
 11.84500  0.51607  0.51613 
 11.94500  0.51534  0.51541 
 12.04500  0.51464  0.51470 
 12.14500  0.51398  0.51403 
 12.24500  0.51332  0.51339 
 12.34500  0.51271  0.51277 
 12.44500  0.51211  0.51217 
 12.54500  0.51154  0.51159 
 12.64500  0.51098  0.51105 
 12.74500  0.51046  0.51053 
 12.84500  0.50997  0.51004 
 12.94500  0.50950  0.50955 
 13.04500  0.50905  0.50911 
 13.14500  0.50863  0.50868 
 13.24500  0.50823  0.50828 
 13.34500  0.50785  0.50790 
 13.44500  0.50748  0.50755 
 13.54500  0.50716  0.50722 
 13.64500  0.50685  0.50691 
 13.74500  0.50657  0.50662 
 13.84500  0.50631  0.50635 
 13.94500  0.50607  0.50612 
 14.04500  0.50586  0.50591 
 14.14500  0.50566  0.50571 
 14.24500  0.50550  0.50554 
 14.34500  0.50534  0.50537 
 14.44500  0.50521  0.50525 
 14.54500  0.50511  0.50515 
 14.64500  0.50502  0.50507 
 14.74500  0.50495  0.50500 
 14.84500  0.50493  0.50497 
 14.94500  0.50490  0.50490 
 15.04500  0.50489  0.50490 
 15.14500  0.50492  0.50495 
 15.24500  0.50496  0.50500 
 15.34500  0.50502  0.50505 
 15.44500  0.50510  0.50512 
 15.54500  0.50519  0.50522 
 15.64500  0.50530  0.50534 
 15.74500  0.50544  0.50546 
 15.84500  0.50560  0.50563 
 15.94500  0.50576  0.50579 
 16.04500  0.50595  0.50597 
 16.14500  0.50614  0.50618 
 16.24500  0.50637  0.50640 
 16.34500  0.50659  0.50662 
 16.44500  0.50685  0.50688 
 16.54500  0.50710  0.50715 
 16.64500  0.50739  0.50741 
 16.74500  0.50767  0.50771 
 16.84500  0.50798  0.50802 
 16.94500  0.50829  0.50832 
 17.04500  0.50861  0.50865 
 17.14500  0.50895  0.50898 
 17.24500  0.50930  0.50933 
 17.34500  0.50965  0.50968 
 17.44500  0.51001  0.51005 
 17.54500  0.51037  0.51041 
 17.64500  0.51075  0.51079 
 17.74500  0.51113  0.51117 
 17.84500  0.51151  0.51156 
 17.94500  0.51190  0.51195 
 18.04500  0.51230  0.51234 
 18.14500  0.51270  0.51274 
 18.24500  0.51308  0.51314 
 18.34500  0.51348  0.51354 
 18.44500  0.51389  0.51394 
 18.54500  0.51427  0.51434 
 18.64500  0.51468  0.51474 
 18.74500  0.51507  0.51512 
 18.84500  0.51546  0.51552 
 18.94500  0.51584  0.51590 
 19.04500  0.51621  0.51629 
 19.14500  0.51660  0.51666 
 19.24500  0.51695  0.51703 
 19.34500  0.51731  0.51739 
 19.44500  0.51767  0.51775 
 19.54500  0.51802  0.51808 
 19.64500  0.51835  0.51842 
 19.74500  0.51868  0.51875 
 19.84500  0.51899  0.51907 
 19.94500  0.51929  0.51937 
 20.04500  0.51958  0.51966 
 20.14500  0.51987  0.51994 
 20.24500  0.52013  0.52020 
 20.34500  0.52039  0.52047 
 20.44500  0.52062  0.52070 
 20.54500  0.52084  0.52093 
 20.64500  0.52106  0.52113 
 20.74500  0.52125  0.52133 
 20.84500  0.52144  0.52152 
 20.94500  0.52160  0.52167 
 21.04500  0.52173  0.52183 
 21.14500  0.52188  0.52196 
 21.24500  0.52200  0.52208 
 21.34500  0.52211  0.52218 
 21.44500  0.52218  0.52227 
 21.54500  0.52224  0.52232 
 21.64500  0.52231  0.52240 
 21.74500  0.52236  0.52240 
 21.84500  0.52236  0.52240 
 21.94500  0.52237  0.52240 
 22.04500  0.52236  0.52240 
 22.14500  0.52233  0.52240 
 22.24500  0.52229  0.52237 
 22.34500  0.52224  0.52230 
 22.44500  0.52215  0.52222 
 22.54500  0.52208  0.52214 
 22.64500  0.52198  0.52204 
 22.74500  0.52187  0.52193 
 22.84500  0.52173  0.52179 
 22.94500  0.52159  0.52165 
 23.04500  0.52145  0.52150 
 23.14500  0.52127  0.52134 
 23.24500  0.52112  0.52116 
 23.34500  0.52092  0.52097 
 23.44500  0.52073  0.52077 
 23.54500  0.52053  0.52057 
 23.64500  0.52032  0.52036 
 23.74500  0.52011  0.52013 
 23.84500  0.51986  0.51990 
 23.94500  0.51963  0.51968 
 24.04500  0.51940  0.51942 
 24.14500  0.51914  0.51918 
 24.24500  0.51889  0.51892 
 24.34500  0.51864  0.51867 
 24.44500  0.51837  0.51840 
 24.54500  0.51811  0.51814 
 24.64500  0.51786  0.51788 
 24.74500  0.51759  0.51760 
 24.84500  0.51733  0.51733 
 24.94500  0.51705  0.51707 
 25.04500  0.51678  0.51680 
 25.14500  0.51651  0.51652 
 25.24500  0.51625  0.51626 
 25.34500  0.51599  0.51600 
 25.44500  0.51571  0.51572 
 25.54500  0.51545  0.51548 
 25.64500  0.51520  0.51520 
 25.74500  0.51495  0.51495 
 25.84500  0.51470  0.51470 
 25.94500  0.51446  0.51448 
 26.04500  0.51421  0.51422 
 26.14500  0.51399  0.51400 
 26.24500  0.51376  0.51378 
 26.34500  0.51354  0.51356 
 26.44500  0.51333  0.51334 
 26.54500  0.51312  0.51313 
 26.64500  0.51294  0.51294 
 26.74500  0.51274  0.51275 
 26.84500  0.51256  0.51256 
 26.94500  0.51239  0.51240 
 27.04500  0.51223  0.51224 
 27.14500  0.51207  0.51207 
 27.24500  0.51191  0.51194 
 27.34500  0.51178  0.51179 
 27.44500  0.51164  0.51166 
 27.54500  0.51153  0.51154 
 27.64500  0.51140  0.51143 
 27.74500  0.51131  0.51133 
 27.84500  0.51122  0.51123 
 27.94500  0.51112  0.51115 
 28.04500  0.51105  0.51109 
 28.14500  0.51097  0.51100 
 28.24500  0.51092  0.51097 
 28.34500  0.51089  0.51090 
 28.44500  0.51085  0.51090 
 28.54500  0.51081  0.51083 
 28.64500  0.51080  0.51080 
 28.74500  0.51079  0.51080 
 28.84500  0.51079  0.51080 
 28.94500  0.51081  0.51080 
 29.04500  0.51080  0.51080 
 29.14500  0.51082  0.51086 
 29.24500  0.51084  0.51090 
 29.34500  0.51087  0.51090 
 29.44500  0.51090  0.51098 
 29.54500  0.51097  0.51100 
 29.64500  0.51104  0.51110 
 29.74500  0.51109  0.51114 
 29.84500  0.51116  0.51121 
 29.94500  0.51124  0.51130 
 30.04500  0.51134  0.51139 
 30.14500  0.51143  0.51149 
 30.24500  0.51154  0.51159 
 30.34500  0.51164  0.51169 
 30.44500  0.51174  0.51181 
 30.54500  0.51187  0.51193 
 30.64500  0.51200  0.51205 
 30.74500  0.51214  0.51218 
 30.84500  0.51227  0.51233 
 30.94500  0.51242  0.51246 
 31.04500  0.51256  0.51262 
 31.14500  0.51272  0.51276 
 31.24500  0.51288  0.51293 
 31.34500  0.51303  0.51308 
 31.44500  0.51321  0.51325 
 31.54500  0.51338  0.51344 
 31.64500  0.51357  0.51361 
 31.74500  0.51375  0.51379 
 31.84500  0.51394  0.51397 
 31.94500  0.51413  0.51417 
 32.04500  0.51432  0.51437 
 32.14500  0.51453  0.51457 
 32.24500  0.51474  0.51477 
 32.34500  0.51494  0.51498 
 32.44500  0.51517  0.51519 
 32.54500  0.51538  0.51541 
 32.64500  0.51559  0.51562 
 32.74500  0.51583  0.51585 
 32.84500  0.51605  0.51608 
 32.94500  0.51629  0.51630 
 33.04500  0.51652  0.51654 
 33.14500  0.51677  0.51678 
 33.24500  0.51700  0.51702 
 33.34500  0.51725  0.51725 
 33.44500  0.51750  0.51750 
 33.54500  0.51775  0.51775 
 33.64500  0.51800  0.51800 
 33.74500  0.51825  0.51825 
 33.84500  0.51852  0.51850 
 33.94500  0.51876  0.51875 
 34.04500  0.51902  0.51902 
 34.14500  0.51927  0.51928 
 34.24500  0.51954  0.51952 
 34.34500  0.51979  0.51979 
 34.44500  0.52005  0.52005 
 34.54500  0.52030  0.52030 
 34.64500  0.52056  0.52055 
 34.74500  0.52082  0.52081 
 34.84500  0.52107  0.52108 
 34.94500  0.52132  0.52132 
 35.04500  0.52158  0.52158 
 35.14500  0.52183  0.52182 
 35.24500  0.52207  0.52206 
 35.34500  0.52230  0.52230 
 35.44500  0.52255  0.52253 
 35.54500  0.52278  0.52277 
 35.64500  0.52300  0.52300 
 35.74500  0.52323  0.52321 
 35.84500  0.52344  0.52343 
 35.94500  0.52364  0.52364 
 36.04500  0.52384  0.52385 
 36.14500  0.52404  0.52403 
 36.24500  0.52423  0.52422 
 36.34500  0.52439  0.52440 
 36.44500  0.52456  0.52456 
 36.54500  0.52473  0.52473 
 36.64500  0.52487  0.52487 
 36.74500  0.52499  0.52501 
 36.84500  0.52512  0.52514 
 36.94500  0.52523  0.52525 
 37.04500  0.52533  0.52535 
 37.14500  0.52544  0.52543 
 37.24500  0.52550  0.52550 
 37.34500  0.52556  0.52559 
 37.44500  0.52560  0.52560 
 37.54500  0.52563  0.52564 
 37.64500  0.52563  0.52570 
 37.74500  0.52564  0.52570 
 37.84500  0.52562  0.52563 
 37.94500  0.52559  0.52560 
 38.04500  0.52553  0.52557 
 38.14500  0.52546  0.52550 
 38.24500  0.52538  0.52541 
 38.34500  0.52527  0.52531 
 38.44500  0.52515  0.52518 
 38.54500  0.52501  0.52505 
 38.64500  0.52486  0.52490 
 38.74500  0.52467  0.52472 
 38.84500  0.52448  0.52453 
 38.94500  0.52427  0.52431 
 39.04500  0.52403  0.52408 
 39.14500  0.52379  0.52382 
 39.24500  0.52352  0.52356 
 39.34500  0.52323  0.52327 
 39.44500  0.52292  0.52297 
 39.54500  0.52260  0.52265 
 39.64500  0.52225  0.52230 
 39.74500  0.52189  0.52194 
 39.84500  0.52151  0.52156 
 39.94500  0.52112  0.52116 
 40.04500  0.52071  0.52076 
 40.14500  0.52027  0.52032 
 40.24500  0.51984  0.51989 
 40.34500  0.51938  0.51942 
 40.44500  0.51890  0.51895 
 40.54500  0.51841  0.51845 
 40.64500  0.51791  0.51795 
 40.74500  0.51739  0.51744 
 40.84500  0.51686  0.51690 
 40.94500  0.51633  0.51635 
 41.04500  0.51577  0.51580 
 41.14500  0.51520  0.51524 
 41.24500  0.51463  0.51466 
 41.34500  0.51404  0.51407 
 41.44500  0.51346  0.51348 
 41.54500  0.51284  0.51288 
 41.64500  0.51224  0.51227 
 41.74500  0.51163  0.51165 
 41.84500  0.51100  0.51104 
 41.94500  0.51038  0.51041 
 42.04500  0.50976  0.50978 
 42.14500  0.50914  0.50915 
 42.24500  0.50850  0.50851 
 42.34500  0.50785  0.50788 
 42.44500  0.50724  0.50724 
 42.54500  0.50660  0.50660 
 42.64500  0.50595  0.50598 
 42.74500  0.50534  0.50534 
 42.84500  0.50471  0.50471 
 42.94500  0.50407  0.50409 
 43.04500  0.50347  0.50347 
 43.14500  0.50286  0.50285 
 43.24500  0.50225  0.50225 
 43.34500  0.50165  0.50165 
 43.44500  0.50105  0.50105 
 43.54500  0.50048  0.50046 
 43.64500  0.49989  0.49988 
 43.74500  0.49933  0.49932 
 43.84500  0.49877  0.49875 
 43.94500  0.49823  0.49821 
 44.04500  0.49769  0.49767 
 44.14500  0.49716  0.49715 
 44.24500  0.49665  0.49665 
 44.34500  0.49615  0.49615 
 44.44500  0.49567  0.49565 
 44.54500  0.49521  0.49518 
 44.64500  0.49474  0.49471 
 44.74500  0.49429  0.49427 
 44.84500  0.49386  0.49384 
 44.94500  0.49345  0.49342 
 45.04500  0.49304  0.49302 
 45.14500  0.49266  0.49264 
 45.24500  0.49228  0.49226 
 45.34500  0.49192  0.49190 
 45.44500  0.49158  0.49155 
 45.54500  0.49125  0.49123 
 45.64500  0.49094  0.49092 
 45.74500  0.49063  0.49062 
 45.84500  0.49035  0.49033 
 45.94500  0.49008  0.49006 
 46.04500  0.48982  0.48980 
 46.14500  0.48958  0.48957 
 46.24500  0.48935  0.48933 
 46.34500  0.48914  0.48911 
 46.44500  0.48894  0.48891 
 46.54500  0.48873  0.48873 
 46.64500  0.48855  0.48855 
 46.74500  0.48838  0.48838 
 46.84500  0.48823  0.48823 
 46.94500  0.48808  0.48807 
 47.04500  0.48793  0.48794 
 47.14500  0.48781  0.48782 
 47.24500  0.48769  0.48769 
 47.34500  0.48758  0.48759 
 47.44500  0.48747  0.48749 
 47.54500  0.48739  0.48740 
 47.64500  0.48731  0.48730 
 47.74500  0.48720  0.48722 
 47.84500  0.48714  0.48716 
 47.94500  0.48707  0.48710 
 48.04500  0.48700  0.48700 
 48.14500  0.48694  0.48696 
 48.24500  0.48687  0.48690 
 48.34500  0.48682  0.48683 
 48.44500  0.48675  0.48680 
 48.54500  0.48671  0.48671 
 48.64500  0.48665  0.48670 
 48.74500  0.48660  0.48660 
 48.84500  0.48654  0.48658 
 48.94500  0.48648  0.48650 
 49.04500  0.48643  0.48646 
 49.14500  0.48637  0.48640 
 49.24500  0.48629  0.48632 
 49.34500  0.48622  0.48627 
 49.44500  0.48617  0.48620 
 49.54500  0.48609  0.48611 
 49.64500  0.48601  0.48603 
 49.74500  0.48593  0.48595 
 49.84500  0.48582  0.48585 
 49.94500  0.48570  0.48575 
 50.04500  0.48561  0.48564 
 50.14500  0.48548  0.48553 
 50.24500  0.48537  0.48540 
 50.34500  0.48524  0.48526 
 50.44500  0.48510  0.48513 
 50.54500  0.48495  0.48497 
 50.64500  0.48478  0.48482 
 50.74500  0.48461  0.48464 
 50.84500  0.48444  0.48445 
 50.94500  0.48424  0.48427 
 51.04500  0.48404  0.48406 
 51.14500  0.48382  0.48384 
 51.24500  0.48359  0.48361 
 51.34500  0.48335  0.48338 
 51.44500  0.48310  0.48312 
 51.54500  0.48283  0.48285 
 51.64500  0.48256  0.48257 
 51.74500  0.48226  0.48228 
 51.84500  0.48195  0.48197 
 51.94500  0.48163  0.48165 
 52.04500  0.48129  0.48132 
 52.14500  0.48095  0.48095 
 52.24500  0.48058  0.48059 
 52.34500  0.48019  0.48020 
 52.44500  0.47980  0.47981 
 52.54500  0.47939  0.47939 
 52.64500  0.47897  0.47897 
 52.74500  0.47851  0.47851 
 52.84500  0.47805  0.47805 
 52.94500  0.47757  0.47755 
 53.04500  0.47707  0.47705 
 53.14500  0.47655  0.47655 
 53.24500  0.47601  0.47602 
 53.34500  0.47546  0.47546 
 53.44500  0.47489  0.47489 
 53.54500  0.47429  0.47429 
 53.64500  0.47369  0.47369 
 53.74500  0.47304  0.47305 
 53.84500  0.47240  0.47240 
 53.94500  0.47172  0.47173 
 54.04500  0.47102  0.47103 
 54.14500  0.47031  0.47032 
 54.24500  0.46956  0.46957 
 54.34500  0.46881  0.46882 
 54.44500  0.46802  0.46802 
 54.54500  0.46722  0.46722 
 54.64500  0.46638  0.46639 
 54.74500  0.46552  0.46553 
 54.84500  0.46465  0.46466 
 54.94500  0.46373  0.46375 
 55.04500  0.46279  0.46283 
 55.14500  0.46184  0.46185 
 55.24500  0.46086  0.46085 
 55.34500  0.45987  0.45985 
 55.44500  0.45881  0.45885 
 55.54500  0.45776  0.45777 
 55.64500  0.45666  0.45669 
 55.74500  0.45555  0.45558 
 55.84500  0.45440  0.45441 
 55.94500  0.45323  0.45324 
 56.04500  0.45202  0.45204 
 56.14500  0.45079  0.45080 
 56.24500  0.44951  0.44955 
 56.34500  0.44823  0.44826 
 56.44500  0.44691  0.44693 
 56.54500  0.44555  0.44559 
 56.64500  0.44416  0.44420 
 56.74500  0.44275  0.44278 
 56.84500  0.44132  0.44135 
 56.94500  0.43984  0.43988 
 57.04500  0.43833  0.43838 
 57.14500  0.43680  0.43684 
 57.24500  0.43524  0.43528 
 57.34500  0.43365  0.43370 
 57.44500  0.43204  0.43207 
 57.54500  0.43037  0.43042 
 57.64500  0.42870  0.42875 
 57.74500  0.42699  0.42704 
 57.84500  0.42527  0.42530 
 57.94500  0.42350  0.42354 
 58.04500  0.42171  0.42176 
 58.14500  0.41988  0.41995 
 58.24500  0.41806  0.41811 
 58.34500  0.41620  0.41625 
 58.44500  0.41431  0.41436 
 58.54500  0.41239  0.41244 
 58.64500  0.41046  0.41050 
 58.74500  0.40850  0.40857 
 58.84500  0.40653  0.40660 
 58.94500  0.40454  0.40460 
 59.04500  0.40253  0.40260 
 59.14500  0.40050  0.40056 
 59.24500  0.39846  0.39850 
 59.34500  0.39640  0.39645 
 59.44500  0.39433  0.39439 
 59.54500  0.39226  0.39230 
 59.64500  0.39016  0.39021 
 59.74500  0.38807  0.38811 
 59.84500  0.38595  0.38601 
 59.94500  0.38385  0.38389 
 60.04500  0.38174  0.38178 
 60.14500  0.37962  0.37967 
 60.24500  0.37751  0.37756 
 60.34500  0.37541  0.37545 
 60.44500  0.37330  0.37334 
 60.54500  0.37120  0.37124 
 60.64500  0.36910  0.36915 
 60.74500  0.36702  0.36707 
 60.84500  0.36495  0.36500 
 60.94500  0.36290  0.36293 
 61.04500  0.36086  0.36090 
 61.14500  0.35884  0.35890 
 61.24500  0.35685  0.35690 
 61.34500  0.35486  0.35490 
 61.44500  0.35291  0.35293 
 61.54500  0.35098  0.35101 
 61.64500  0.34908  0.34912 
 61.74500  0.34721  0.34725 
 61.84500  0.34537  0.34541 
 61.94500  0.34358  0.34361 
 62.04500  0.34182  0.34185 
 62.14500  0.34010  0.34012 
 62.24500  0.33842  0.33843 
 62.34500  0.33678  0.33679 
 62.44500  0.33517  0.33519 
 62.54500  0.33362  0.33365 
 62.64500  0.33211  0.33215 
 62.74500  0.33067  0.33069 
 62.84500  0.32927  0.32929 
 62.94500  0.32792  0.32794 
 63.04500  0.32664  0.32665 
 63.14500  0.32540  0.32542 
 63.24500  0.32423  0.32424 
 63.34500  0.32312  0.32314 
 63.44500  0.32206  0.32205 
 63.54500  0.32107  0.32107 
 63.64500  0.32014  0.32017 
 63.74500  0.31929  0.31930 
 63.84500  0.31848  0.31851 
 63.94500  0.31776  0.31778 
 64.04500  0.31711  0.31711 
 64.14500  0.31652  0.31653 
 64.24500  0.31600  0.31600 
 64.34500  0.31555  0.31557 
 64.44500  0.31516  0.31518 
 64.54500  0.31485  0.31488 
 64.64500  0.31462  0.31464 
 64.74500  0.31447  0.31447 
 64.84500  0.31438  0.31440 
