  0.04500  0.77698  0.77696 
  0.14500  0.77683  0.77681 
  0.24500  0.77654  0.77650 
  0.34500  0.77608  0.77605 
  0.44500  0.77546  0.77543 
  0.54500  0.77470  0.77467 
  0.64500  0.77377  0.77375 
  0.74500  0.77272  0.77269 
  0.84500  0.77149  0.77146 
  0.94500  0.77013  0.77009 
  1.04500  0.76861  0.76859 
  1.14500  0.76696  0.76693 
  1.24500  0.76517  0.76515 
  1.34500  0.76324  0.76320 
  1.44500  0.76119  0.76115 
  1.54500  0.75898  0.75895 
  1.64500  0.75665  0.75662 
  1.74500  0.75423  0.75415 
  1.84500  0.75164  0.75160 
  1.94500  0.74896  0.74891 
  2.04500  0.74615  0.74611 
  2.14500  0.74323  0.74320 
  2.24500  0.74022  0.74017 
  2.34500  0.73711  0.73707 
  2.44500  0.73390  0.73385 
  2.54500  0.73060  0.73056 
  2.64500  0.72721  0.72716 
  2.74500  0.72375  0.72370 
  2.84500  0.72018  0.72014 
  2.94500  0.71659  0.71652 
  3.04500  0.71290  0.71284 
  3.14500  0.70915  0.70910 
  3.24500  0.70534  0.70530 
  3.34500  0.70150  0.70145 
  3.44500  0.69760  0.69755 
  3.54500  0.69366  0.69360 
  3.64500  0.68970  0.68960 
  3.74500  0.68570  0.68560 
  3.84500  0.68167  0.68160 
  3.94500  0.67762  0.67760 
  4.04500  0.67357  0.67350 
  4.14500  0.66952  0.66946 
  4.24500  0.66544  0.66540 
  4.34500  0.66137  0.66131 
  4.44500  0.65731  0.65728 
  4.54500  0.65328  0.65320 
  4.64500  0.64925  0.64920 
  4.74500  0.64523  0.64520 
  4.84500  0.64125  0.64120 
  4.94500  0.63730  0.63724 
  5.04500  0.63337  0.63332 
  5.14500  0.62949  0.62944 
  5.24500  0.62566  0.62560 
  5.34500  0.62185  0.62181 
  5.44500  0.61811  0.61807 
  5.54500  0.61443  0.61438 
  5.64500  0.61078  0.61074 
  5.74500  0.60720  0.60717 
  5.84500  0.60370  0.60365 
  5.94500  0.60025  0.60021 
  6.04500  0.59687  0.59683 
  6.14500  0.59355  0.59352 
  6.24500  0.59030  0.59028 
  6.34500  0.58716  0.58711 
  6.44500  0.58405  0.58405 
  6.54500  0.58103  0.58105 
  6.64500  0.57811  0.57807 
  6.74500  0.57524  0.57521 
  6.84500  0.57245  0.57243 
  6.94500  0.56978  0.56973 
  7.04500  0.56716  0.56712 
  7.14500  0.56462  0.56460 
  7.24500  0.56215  0.56212 
  7.34500  0.55978  0.55975 
  7.44500  0.55748  0.55745 
  7.54500  0.55527  0.55524 
  7.64500  0.55313  0.55310 
  7.74500  0.55107  0.55100 
  7.84500  0.54907  0.54904 
  7.94500  0.54717  0.54714 
  8.04500  0.54533  0.54529 
  8.14500  0.54356  0.54353 
  8.24500  0.54189  0.54185 
  8.34500  0.54024  0.54021 
  8.44500  0.53868  0.53865 
  8.54500  0.53718  0.53715 
  8.64500  0.53576  0.53573 
  8.74500  0.53439  0.53434 
  8.84500  0.53307  0.53304 
  8.94500  0.53181  0.53177 
  9.04500  0.53060  0.53057 
  9.14500  0.52944  0.52940 
  9.24500  0.52834  0.52829 
  9.34500  0.52727  0.52725 
  9.44500  0.52624  0.52625 
  9.54500  0.52527  0.52525 
  9.64500  0.52433  0.52427 
  9.74500  0.52341  0.52337 
  9.84500  0.52254  0.52249 
  9.94500  0.52169  0.52163 
 10.04500  0.52088  0.52082 
 10.14500  0.52009  0.52002 
 10.24500  0.51931  0.51925 
 10.34500  0.51855  0.51850 
 10.44500  0.51781  0.51775 
 10.54500  0.51711  0.51704 
 10.64500  0.51640  0.51634 
 10.74500  0.51571  0.51564 
 10.84500  0.51503  0.51497 
 10.94500  0.51436  0.51430 
 11.04500  0.51368  0.51363 
 11.14500  0.51302  0.51298 
 11.24500  0.51237  0.51233 
 11.34500  0.51175  0.51169 
 11.44500  0.51111  0.51104 
 11.54500  0.51047  0.51040 
 11.64500  0.50982  0.50977 
 11.74500  0.50919  0.50913 
 11.84500  0.50856  0.50850 
 11.94500  0.50793  0.50787 
 12.04500  0.50729  0.50724 
 12.14500  0.50667  0.50661 
 12.24500  0.50603  0.50599 
 12.34500  0.50541  0.50536 
 12.44500  0.50478  0.50474 
 12.54500  0.50416  0.50411 
 12.64500  0.50355  0.50350 
 12.74500  0.50294  0.50289 
 12.84500  0.50233  0.50229 
 12.94500  0.50173  0.50169 
 13.04500  0.50114  0.50110 
 13.14500  0.50056  0.50053 
 13.24500  0.49998  0.49996 
 13.34500  0.49943  0.49940 
 13.44500  0.49888  0.49885 
 13.54500  0.49836  0.49835 
 13.64500  0.49785  0.49780 
 13.74500  0.49735  0.49734 
 13.84500  0.49688  0.49686 
 13.94500  0.49643  0.49641 
 14.04500  0.49601  0.49599 
 14.14500  0.49560  0.49560 
 14.24500  0.49522  0.49523 
 14.34500  0.49489  0.49488 
 14.44500  0.49457  0.49457 
 14.54500  0.49428  0.49430 
 14.64500  0.49405  0.49406 
 14.74500  0.49384  0.49385 
 14.84500  0.49366  0.49366 
 14.94500  0.49354  0.49354 
 15.04500  0.49343  0.49344 
 15.14500  0.49337  0.49340 
 15.24500  0.49337  0.49340 
 15.34500  0.49340  0.49340 
 15.44500  0.49345  0.49349 
 15.54500  0.49357  0.49361 
 15.64500  0.49374  0.49377 
 15.74500  0.49395  0.49398 
 15.84500  0.49420  0.49423 
 15.94500  0.49450  0.49452 
 16.04500  0.49484  0.49486 
 16.14500  0.49523  0.49526 
 16.24500  0.49566  0.49570 
 16.34500  0.49614  0.49615 
 16.44500  0.49667  0.49670 
 16.54500  0.49724  0.49727 
 16.64500  0.49784  0.49788 
 16.74500  0.49850  0.49853 
 16.84500  0.49920  0.49921 
 16.94500  0.49991  0.49995 
 17.04500  0.50068  0.50071 
 17.14500  0.50147  0.50151 
 17.24500  0.50233  0.50235 
 17.34500  0.50320  0.50321 
 17.44500  0.50409  0.50411 
 17.54500  0.50503  0.50505 
 17.64500  0.50597  0.50597 
 17.74500  0.50694  0.50695 
 17.84500  0.50794  0.50795 
 17.94500  0.50896  0.50895 
 18.04500  0.50999  0.50999 
 18.14500  0.51102  0.51105 
 18.24500  0.51208  0.51208 
 18.34500  0.51314  0.51315 
 18.44500  0.51420  0.51421 
 18.54500  0.51526  0.51525 
 18.64500  0.51634  0.51635 
 18.74500  0.51740  0.51737 
 18.84500  0.51844  0.51845 
 18.94500  0.51949  0.51945 
 19.04500  0.52052  0.52048 
 19.14500  0.52151  0.52155 
 19.24500  0.52251  0.52247 
 19.34500  0.52349  0.52345 
 19.44500  0.52443  0.52441 
 19.54500  0.52536  0.52532 
 19.64500  0.52624  0.52620 
 19.74500  0.52709  0.52706 
 19.84500  0.52791  0.52788 
 19.94500  0.52870  0.52865 
 20.04500  0.52944  0.52940 
 20.14500  0.53015  0.53010 
 20.24500  0.53080  0.53076 
 20.34500  0.53142  0.53137 
 20.44500  0.53199  0.53195 
 20.54500  0.53251  0.53245 
 20.64500  0.53298  0.53293 
 20.74500  0.53339  0.53336 
 20.84500  0.53377  0.53372 
 20.94500  0.53409  0.53404 
 21.04500  0.53435  0.53430 
 21.14500  0.53458  0.53453 
 21.24500  0.53472  0.53467 
 21.34500  0.53482  0.53479 
 21.44500  0.53488  0.53480 
 21.54500  0.53488  0.53480 
 21.64500  0.53483  0.53479 
 21.74500  0.53474  0.53468 
 21.84500  0.53458  0.53453 
 21.94500  0.53433  0.53432 
 22.04500  0.53411  0.53407 
 22.14500  0.53380  0.53376 
 22.24500  0.53346  0.53341 
 22.34500  0.53306  0.53302 
 22.44500  0.53262  0.53259 
 22.54500  0.53214  0.53210 
 22.64500  0.53160  0.53159 
 22.74500  0.53104  0.53103 
 22.84500  0.53044  0.53045 
 22.94500  0.52984  0.52982 
 23.04500  0.52917  0.52917 
 23.14500  0.52851  0.52848 
 23.24500  0.52778  0.52777 
 23.34500  0.52704  0.52705 
 23.44500  0.52628  0.52628 
 23.54500  0.52551  0.52552 
 23.64500  0.52472  0.52473 
 23.74500  0.52392  0.52393 
 23.84500  0.52310  0.52312 
 23.94500  0.52229  0.52230 
 24.04500  0.52147  0.52149 
 24.14500  0.52065  0.52066 
 24.24500  0.51981  0.51984 
 24.34500  0.51900  0.51902 
 24.44500  0.51818  0.51820 
 24.54500  0.51737  0.51740 
 24.64500  0.51659  0.51661 
 24.74500  0.51579  0.51583 
 24.84500  0.51503  0.51505 
 24.94500  0.51430  0.51431 
 25.04500  0.51355  0.51358 
 25.14500  0.51282  0.51287 
 25.24500  0.51216  0.51219 
 25.34500  0.51149  0.51153 
 25.44500  0.51086  0.51089 
 25.54500  0.51026  0.51029 
 25.64500  0.50966  0.50971 
 25.74500  0.50911  0.50915 
 25.84500  0.50860  0.50865 
 25.94500  0.50812  0.50815 
 26.04500  0.50766  0.50771 
 26.14500  0.50726  0.50728 
 26.24500  0.50688  0.50690 
 26.34500  0.50652  0.50655 
 26.44500  0.50621  0.50624 
 26.54500  0.50593  0.50596 
 26.64500  0.50569  0.50571 
 26.74500  0.50549  0.50550 
 26.84500  0.50530  0.50532 
 26.94500  0.50516  0.50517 
 27.04500  0.50504  0.50506 
 27.14500  0.50496  0.50500 
 27.24500  0.50491  0.50490 
 27.34500  0.50490  0.50490 
 27.44500  0.50489  0.50490 
 27.54500  0.50494  0.50495 
 27.64500  0.50500  0.50500 
 27.74500  0.50510  0.50510 
 27.84500  0.50522  0.50522 
 27.94500  0.50535  0.50534 
 28.04500  0.50551  0.50550 
 28.14500  0.50567  0.50566 
 28.24500  0.50588  0.50585 
 28.34500  0.50608  0.50606 
 28.44500  0.50632  0.50628 
 28.54500  0.50655  0.50651 
 28.64500  0.50679  0.50675 
 28.74500  0.50704  0.50700 
 28.84500  0.50729  0.50727 
 28.94500  0.50757  0.50753 
 29.04500  0.50784  0.50780 
 29.14500  0.50813  0.50808 
 29.24500  0.50840  0.50835 
 29.34500  0.50867  0.50862 
 29.44500  0.50895  0.50890 
 29.54500  0.50923  0.50917 
 29.64500  0.50949  0.50944 
 29.74500  0.50976  0.50970 
 29.84500  0.51001  0.50995 
 29.94500  0.51027  0.51020 
 30.04500  0.51050  0.51045 
 30.14500  0.51075  0.51068 
 30.24500  0.51096  0.51090 
 30.34500  0.51118  0.51111 
 30.44500  0.51138  0.51131 
 30.54500  0.51157  0.51151 
 30.64500  0.51175  0.51169 
 30.74500  0.51191  0.51186 
 30.84500  0.51208  0.51203 
 30.94500  0.51222  0.51216 
 31.04500  0.51238  0.51231 
 31.14500  0.51249  0.51244 
 31.24500  0.51263  0.51256 
 31.34500  0.51272  0.51266 
 31.44500  0.51282  0.51277 
 31.54500  0.51290  0.51286 
 31.64500  0.51300  0.51294 
 31.74500  0.51306  0.51301 
 31.84500  0.51314  0.51310 
 31.94500  0.51320  0.51317 
 32.04500  0.51328  0.51322 
 32.14500  0.51334  0.51330 
 32.24500  0.51339  0.51336 
 32.34500  0.51345  0.51341 
 32.44500  0.51351  0.51350 
 32.54500  0.51358  0.51356 
 32.64500  0.51365  0.51362 
 32.74500  0.51372  0.51370 
 32.84500  0.51381  0.51380 
 32.94500  0.51390  0.51389 
 33.04500  0.51399  0.51399 
 33.14500  0.51411  0.51410 
 33.24500  0.51422  0.51423 
 33.34500  0.51437  0.51436 
 33.44500  0.51453  0.51452 
 33.54500  0.51470  0.51469 
 33.64500  0.51486  0.51487 
 33.74500  0.51507  0.51508 
 33.84500  0.51528  0.51530 
 33.94500  0.51552  0.51553 
 34.04500  0.51576  0.51580 
 34.14500  0.51607  0.51607 
 34.24500  0.51636  0.51638 
 34.34500  0.51669  0.51670 
 34.44500  0.51703  0.51705 
 34.54500  0.51738  0.51741 
 34.64500  0.51776  0.51780 
 34.74500  0.51817  0.51821 
 34.84500  0.51860  0.51863 
 34.94500  0.51905  0.51909 
 35.04500  0.51953  0.51955 
 35.14500  0.52001  0.52005 
 35.24500  0.52052  0.52055 
 35.34500  0.52106  0.52109 
 35.44500  0.52161  0.52164 
 35.54500  0.52217  0.52220 
 35.64500  0.52273  0.52277 
 35.74500  0.52333  0.52337 
 35.84500  0.52394  0.52397 
 35.94500  0.52455  0.52459 
 36.04500  0.52518  0.52520 
 36.14500  0.52581  0.52583 
 36.24500  0.52645  0.52647 
 36.34500  0.52708  0.52710 
 36.44500  0.52772  0.52774 
 36.54500  0.52836  0.52838 
 36.64500  0.52899  0.52901 
 36.74500  0.52963  0.52965 
 36.84500  0.53026  0.53026 
 36.94500  0.53086  0.53087 
 37.04500  0.53147  0.53147 
 37.14500  0.53205  0.53206 
 37.24500  0.53261  0.53262 
 37.34500  0.53317  0.53316 
 37.44500  0.53370  0.53370 
 37.54500  0.53419  0.53420 
 37.64500  0.53468  0.53466 
 37.74500  0.53513  0.53510 
 37.84500  0.53553  0.53551 
 37.94500  0.53591  0.53588 
 38.04500  0.53625  0.53622 
 38.14500  0.53656  0.53653 
 38.24500  0.53682  0.53680 
 38.34500  0.53705  0.53701 
 38.44500  0.53722  0.53719 
 38.54500  0.53736  0.53733 
 38.64500  0.53745  0.53740 
 38.74500  0.53750  0.53745 
 38.84500  0.53747  0.53740 
 38.94500  0.53742  0.53738 
 39.04500  0.53731  0.53726 
 39.14500  0.53714  0.53709 
 39.24500  0.53692  0.53688 
 39.34500  0.53665  0.53660 
 39.44500  0.53631  0.53627 
 39.54500  0.53594  0.53588 
 39.64500  0.53551  0.53545 
 39.74500  0.53501  0.53495 
 39.84500  0.53446  0.53441 
 39.94500  0.53387  0.53381 
 40.04500  0.53322  0.53317 
 40.14500  0.53252  0.53245 
 40.24500  0.53175  0.53170 
 40.34500  0.53097  0.53090 
 40.44500  0.53010  0.53005 
 40.54500  0.52920  0.52915 
 40.64500  0.52826  0.52822 
 40.74500  0.52727  0.52725 
 40.84500  0.52623  0.52618 
 40.94500  0.52517  0.52513 
 41.04500  0.52406  0.52401 
 41.14500  0.52291  0.52289 
 41.24500  0.52174  0.52170 
 41.34500  0.52052  0.52050 
 41.44500  0.51933  0.51927 
 41.54500  0.51805  0.51803 
 41.64500  0.51678  0.51675 
 41.74500  0.51548  0.51546 
 41.84500  0.51417  0.51415 
 41.94500  0.51284  0.51283 
 42.04500  0.51153  0.51150 
 42.14500  0.51018  0.51017 
 42.24500  0.50883  0.50883 
 42.34500  0.50750  0.50747 
 42.44500  0.50616  0.50613 
 42.54500  0.50482  0.50480 
 42.64500  0.50349  0.50350 
 42.74500  0.50218  0.50218 
 42.84500  0.50088  0.50089 
 42.94500  0.49959  0.49961 
 43.04500  0.49836  0.49835 
 43.14500  0.49711  0.49713 
 43.24500  0.49592  0.49592 
 43.34500  0.49474  0.49475 
 43.44500  0.49359  0.49360 
 43.54500  0.49247  0.49249 
 43.64500  0.49140  0.49144 
 43.74500  0.49037  0.49035 
 43.84500  0.48937  0.48937 
 43.94500  0.48842  0.48845 
 44.04500  0.48751  0.48753 
 44.14500  0.48664  0.48667 
 44.24500  0.48584  0.48585 
 44.34500  0.48506  0.48507 
 44.44500  0.48433  0.48437 
 44.54500  0.48367  0.48370 
 44.64500  0.48304  0.48307 
 44.74500  0.48247  0.48250 
 44.84500  0.48196  0.48200 
 44.94500  0.48149  0.48152 
 45.04500  0.48109  0.48110 
 45.14500  0.48071  0.48075 
 45.24500  0.48041  0.48043 
 45.34500  0.48016  0.48018 
 45.44500  0.47992  0.47995 
 45.54500  0.47976  0.47979 
 45.64500  0.47966  0.47968 
 45.74500  0.47959  0.47960 
 45.84500  0.47956  0.47960 
 45.94500  0.47959  0.47960 
 46.04500  0.47966  0.47967 
 46.14500  0.47976  0.47977 
 46.24500  0.47992  0.47992 
 46.34500  0.48010  0.48009 
 46.44500  0.48031  0.48030 
 46.54500  0.48055  0.48055 
 46.64500  0.48084  0.48083 
 46.74500  0.48115  0.48113 
 46.84500  0.48148  0.48146 
 46.94500  0.48184  0.48182 
 47.04500  0.48220  0.48220 
 47.14500  0.48261  0.48258 
 47.24500  0.48302  0.48300 
 47.34500  0.48345  0.48342 
 47.44500  0.48387  0.48386 
 47.54500  0.48431  0.48430 
 47.64500  0.48477  0.48474 
 47.74500  0.48521  0.48520 
 47.84500  0.48569  0.48564 
 47.94500  0.48613  0.48610 
 48.04500  0.48658  0.48654 
 48.14500  0.48702  0.48699 
 48.24500  0.48746  0.48742 
 48.34500  0.48788  0.48784 
 48.44500  0.48829  0.48825 
 48.54500  0.48869  0.48864 
 48.64500  0.48908  0.48903 
 48.74500  0.48943  0.48938 
 48.84500  0.48977  0.48972 
 48.94500  0.49010  0.49005 
 49.04500  0.49040  0.49034 
 49.14500  0.49067  0.49062 
 49.24500  0.49091  0.49087 
 49.34500  0.49114  0.49109 
 49.44500  0.49135  0.49129 
 49.54500  0.49151  0.49145 
 49.64500  0.49165  0.49160 
 49.74500  0.49177  0.49171 
 49.84500  0.49183  0.49180 
 49.94500  0.49188  0.49184 
 50.04500  0.49191  0.49190 
 50.14500  0.49189  0.49190 
 50.24500  0.49187  0.49181 
 50.34500  0.49181  0.49177 
 50.44500  0.49171  0.49168 
 50.54500  0.49159  0.49156 
 50.64500  0.49144  0.49142 
 50.74500  0.49126  0.49124 
 50.84500  0.49106  0.49104 
 50.94500  0.49083  0.49082 
 51.04500  0.49058  0.49057 
 51.14500  0.49031  0.49030 
 51.24500  0.49002  0.49000 
 51.34500  0.48971  0.48968 
 51.44500  0.48937  0.48935 
 51.54500  0.48901  0.48900 
 51.64500  0.48863  0.48864 
 51.74500  0.48826  0.48825 
 51.84500  0.48786  0.48785 
 51.94500  0.48743  0.48743 
 52.04500  0.48701  0.48701 
 52.14500  0.48656  0.48658 
 52.24500  0.48611  0.48613 
 52.34500  0.48566  0.48568 
 52.44500  0.48520  0.48521 
 52.54500  0.48472  0.48475 
 52.64500  0.48426  0.48428 
 52.74500  0.48377  0.48380 
 52.84500  0.48330  0.48331 
 52.94500  0.48280  0.48285 
 53.04500  0.48232  0.48235 
 53.14500  0.48184  0.48186 
 53.24500  0.48134  0.48140 
 53.34500  0.48086  0.48090 
 53.44500  0.48037  0.48040 
 53.54500  0.47988  0.47993 
 53.64500  0.47939  0.47945 
 53.74500  0.47891  0.47895 
 53.84500  0.47843  0.47847 
 53.94500  0.47794  0.47800 
 54.04500  0.47744  0.47750 
 54.14500  0.47696  0.47700 
 54.24500  0.47646  0.47652 
 54.34500  0.47598  0.47605 
 54.44500  0.47549  0.47555 
 54.54500  0.47499  0.47505 
 54.64500  0.47447  0.47454 
 54.74500  0.47397  0.47400 
 54.84500  0.47344  0.47350 
 54.94500  0.47293  0.47295 
 55.04500  0.47238  0.47242 
 55.14500  0.47180  0.47186 
 55.24500  0.47122  0.47128 
 55.34500  0.47064  0.47069 
 55.44500  0.47003  0.47008 
 55.54500  0.46941  0.46944 
 55.64500  0.46873  0.46879 
 55.74500  0.46807  0.46810 
 55.84500  0.46734  0.46739 
 55.94500  0.46661  0.46665 
 56.04500  0.46583  0.46587 
 56.14500  0.46503  0.46507 
 56.24500  0.46418  0.46421 
 56.34500  0.46330  0.46333 
 56.44500  0.46236  0.46240 
 56.54500  0.46140  0.46145 
 56.64500  0.46037  0.46041 
 56.74500  0.45931  0.45933 
 56.84500  0.45819  0.45821 
 56.94500  0.45701  0.45704 
 57.04500  0.45579  0.45580 
 57.14500  0.45450  0.45453 
 57.24500  0.45315  0.45318 
 57.34500  0.45175  0.45177 
 57.44500  0.45028  0.45030 
 57.54500  0.44874  0.44877 
 57.64500  0.44715  0.44717 
 57.74500  0.44548  0.44550 
 57.84500  0.44375  0.44377 
 57.94500  0.44196  0.44196 
 58.04500  0.44009  0.44009 
 58.14500  0.43814  0.43817 
 58.24500  0.43612  0.43614 
 58.34500  0.43405  0.43406 
 58.44500  0.43192  0.43191 
 58.54500  0.42967  0.42969 
 58.64500  0.42738  0.42738 
 58.74500  0.42503  0.42503 
 58.84500  0.42259  0.42260 
 58.94500  0.42010  0.42010 
 59.04500  0.41752  0.41753 
 59.14500  0.41489  0.41490 
 59.24500  0.41220  0.41221 
 59.34500  0.40943  0.40945 
 59.44500  0.40663  0.40663 
 59.54500  0.40375  0.40376 
 59.64500  0.40082  0.40085 
 59.74500  0.39785  0.39785 
 59.84500  0.39481  0.39483 
 59.94500  0.39174  0.39174 
 60.04500  0.38860  0.38861 
 60.14500  0.38545  0.38546 
 60.24500  0.38224  0.38226 
 60.34500  0.37902  0.37903 
 60.44500  0.37575  0.37576 
 60.54500  0.37247  0.37248 
 60.64500  0.36915  0.36917 
 60.74500  0.36583  0.36583 
 60.84500  0.36249  0.36250 
 60.94500  0.35915  0.35917 
 61.04500  0.35578  0.35581 
 61.14500  0.35247  0.35247 
 61.24500  0.34911  0.34913 
 61.34500  0.34579  0.34580 
 61.44500  0.34246  0.34248 
 61.54500  0.33917  0.33919 
 61.64500  0.33590  0.33593 
 61.74500  0.33268  0.33268 
 61.84500  0.32947  0.32949 
 61.94500  0.32631  0.32632 
 62.04500  0.32321  0.32323 
 62.14500  0.32015  0.32015 
 62.24500  0.31714  0.31715 
 62.34500  0.31419  0.31422 
 62.44500  0.31131  0.31133 
 62.54500  0.30851  0.30853 
 62.64500  0.30579  0.30580 
 62.74500  0.30311  0.30315 
 62.84500  0.30056  0.30060 
 62.94500  0.29807  0.29811 
 63.04500  0.29571  0.29572 
 63.14500  0.29342  0.29345 
 63.24500  0.29124  0.29125 
 63.34500  0.28915  0.28920 
 63.44500  0.28718  0.28721 
 63.54500  0.28532  0.28536 
 63.64500  0.28360  0.28362 
 63.74500  0.28198  0.28199 
 63.84500  0.28047  0.28050 
 63.94500  0.27910  0.27911 
 64.04500  0.27784  0.27787 
 64.14500  0.27674  0.27675 
 64.24500  0.27573  0.27576 
 64.34500  0.27487  0.27491 
 64.44500  0.27416  0.27418 
 64.54500  0.27358  0.27360 
 64.64500  0.27313  0.27315 
 64.74500  0.27280  0.27284 
 64.84500  0.27264  0.27266 
