  0.04500  0.92761  0.92752 
  0.14500  0.92720  0.92710 
  0.24500  0.92630  0.92625 
  0.34500  0.92510  0.92499 
  0.44500  0.92339  0.92329 
  0.54500  0.92126  0.92117 
  0.64500  0.91870  0.91860 
  0.74500  0.91571  0.91562 
  0.84500  0.91229  0.91220 
  0.94500  0.90842  0.90837 
  1.04500  0.90418  0.90408 
  1.14500  0.89948  0.89935 
  1.24500  0.89434  0.89424 
  1.34500  0.88878  0.88869 
  1.44500  0.88282  0.88271 
  1.54500  0.87641  0.87630 
  1.64500  0.86960  0.86946 
  1.74500  0.86236  0.86224 
  1.84500  0.85473  0.85463 
  1.94500  0.84668  0.84658 
  2.04500  0.83826  0.83814 
  2.14500  0.82944  0.82933 
  2.24500  0.82021  0.82012 
  2.34500  0.81065  0.81054 
  2.44500  0.80074  0.80059 
  2.54500  0.79046  0.79034 
  2.64500  0.77985  0.77975 
  2.74500  0.76895  0.76883 
  2.84500  0.75771  0.75760 
  2.94500  0.74618  0.74609 
  3.04500  0.73440  0.73434 
  3.14500  0.72242  0.72233 
  3.24500  0.71019  0.71010 
  3.34500  0.69776  0.69767 
  3.44500  0.68518  0.68507 
  3.54500  0.67245  0.67233 
  3.64500  0.65959  0.65947 
  3.74500  0.64663  0.64655 
  3.84500  0.63362  0.63353 
  3.94500  0.62055  0.62045 
  4.04500  0.60748  0.60745 
  4.14500  0.59445  0.59445 
  4.24500  0.58148  0.58147 
  4.34500  0.56866  0.56863 
  4.44500  0.55606  0.55591 
  4.54500  0.54368  0.54337 
  4.64500  0.53086  0.53105 
  4.74500  0.51893  0.51892 
  4.84500  0.50717  0.50710 
  4.94500  0.49571  0.49558 
  5.04500  0.48450  0.48438 
  5.14500  0.47364  0.47358 
  5.24500  0.46320  0.46316 
  5.34500  0.45319  0.45318 
  5.44500  0.44365  0.44366 
  5.54500  0.43463  0.43464 
  5.64500  0.42615  0.42615 
  5.74500  0.41820  0.41820 
  5.84500  0.41084  0.41080 
  5.94500  0.40403  0.40402 
  6.04500  0.39786  0.39785 
  6.14500  0.39232  0.39231 
  6.24500  0.38740  0.38742 
  6.34500  0.38318  0.38320 
  6.44500  0.37964  0.37962 
  6.54500  0.37675  0.37673 
  6.64500  0.37453  0.37455 
  6.74500  0.37304  0.37306 
  6.84500  0.37223  0.37223 
  6.94500  0.37211  0.37212 
  7.04500  0.37266  0.37267 
  7.14500  0.37390  0.37392 
  7.24500  0.37581  0.37583 
  7.34500  0.37836  0.37838 
  7.44500  0.38158  0.38157 
  7.54500  0.38540  0.38542 
  7.64500  0.38984  0.38982 
  7.74500  0.39482  0.39481 
  7.84500  0.40037  0.40035 
  7.94500  0.40644  0.40642 
  8.04500  0.41299  0.41298 
  8.14500  0.41999  0.42000 
  8.24500  0.42745  0.42744 
  8.34500  0.43528  0.43530 
  8.44500  0.44350  0.44347 
  8.54500  0.45207  0.45198 
  8.64500  0.46087  0.46076 
  8.74500  0.46989  0.46976 
  8.84500  0.47908  0.47895 
  8.94500  0.48833  0.48829 
  9.04500  0.49765  0.49775 
  9.14500  0.50742  0.50725 
  9.24500  0.51696  0.51675 
  9.34500  0.52633  0.52624 
  9.44500  0.53568  0.53564 
  9.54500  0.54497  0.54494 
  9.64500  0.55415  0.55405 
  9.74500  0.56312  0.56299 
  9.84500  0.57182  0.57168 
  9.94500  0.58024  0.58006 
 10.04500  0.58834  0.58816 
 10.14500  0.59600  0.59584 
 10.24500  0.60334  0.60319 
 10.34500  0.61022  0.61006 
 10.44500  0.61667  0.61650 
 10.54500  0.62258  0.62243 
 10.64500  0.62803  0.62785 
 10.74500  0.63291  0.63274 
 10.84500  0.63725  0.63707 
 10.94500  0.64098  0.64080 
 11.04500  0.64415  0.64393 
 11.14500  0.64666  0.64646 
 11.24500  0.64859  0.64838 
 11.34500  0.64984  0.64964 
 11.44500  0.65050  0.65030 
 11.54500  0.65050  0.65030 
 11.64500  0.64986  0.64965 
 11.74500  0.64861  0.64840 
 11.84500  0.64670  0.64652 
 11.94500  0.64421  0.64401 
 12.04500  0.64107  0.64091 
 12.14500  0.63739  0.63720 
 12.24500  0.63312  0.63297 
 12.34500  0.62831  0.62814 
 12.44500  0.62298  0.62283 
 12.54500  0.61715  0.61700 
 12.64500  0.61089  0.61073 
 12.74500  0.60416  0.60402 
 12.84500  0.59706  0.59688 
 12.94500  0.58954  0.58938 
 13.04500  0.58174  0.58158 
 13.14500  0.57358  0.57344 
 13.24500  0.56519  0.56508 
 13.34500  0.55654  0.55650 
 13.44500  0.54778  0.54775 
 13.54500  0.53892  0.53885 
 13.64500  0.53004  0.52995 
 13.74500  0.52117  0.52095 
 13.84500  0.51193  0.51195 
 13.94500  0.50291  0.50297 
 14.04500  0.49418  0.49412 
 14.14500  0.48551  0.48540 
 14.24500  0.47697  0.47687 
 14.34500  0.46862  0.46856 
 14.44500  0.46053  0.46051 
 14.54500  0.45274  0.45275 
 14.64500  0.44532  0.44533 
 14.74500  0.43829  0.43831 
 14.84500  0.43167  0.43169 
 14.94500  0.42553  0.42551 
 15.04500  0.41982  0.41982 
 15.14500  0.41462  0.41465 
 15.24500  0.40996  0.40998 
 15.34500  0.40584  0.40586 
 15.44500  0.40234  0.40234 
 15.54500  0.39939  0.39943 
 15.64500  0.39707  0.39710 
 15.74500  0.39537  0.39542 
 15.84500  0.39433  0.39436 
 15.94500  0.39392  0.39393 
 16.04500  0.39417  0.39418 
 16.14500  0.39501  0.39505 
 16.24500  0.39654  0.39656 
 16.34500  0.39868  0.39873 
 16.44500  0.40149  0.40153 
 16.54500  0.40492  0.40495 
 16.64500  0.40892  0.40896 
 16.74500  0.41354  0.41357 
 16.84500  0.41872  0.41873 
 16.94500  0.42446  0.42448 
 17.04500  0.43070  0.43072 
 17.14500  0.43742  0.43745 
 17.24500  0.44463  0.44467 
 17.34500  0.45227  0.45233 
 17.44500  0.46036  0.46037 
 17.54500  0.46881  0.46878 
 17.64500  0.47762  0.47755 
 17.74500  0.48666  0.48658 
 17.84500  0.49594  0.49586 
 17.94500  0.50537  0.50537 
 18.04500  0.51490  0.51503 
 18.14500  0.52488  0.52483 
 18.24500  0.53490  0.53471 
 18.34500  0.54468  0.54462 
 18.44500  0.55454  0.55455 
 18.54500  0.56440  0.56442 
 18.64500  0.57422  0.57420 
 18.74500  0.58388  0.58384 
 18.84500  0.59343  0.59332 
 18.94500  0.60270  0.60257 
 19.04500  0.61169  0.61157 
 19.14500  0.62039  0.62028 
 19.24500  0.62876  0.62864 
 19.34500  0.63673  0.63663 
 19.44500  0.64435  0.64422 
 19.54500  0.65145  0.65134 
 19.64500  0.65814  0.65803 
 19.74500  0.66430  0.66418 
 19.84500  0.66996  0.66982 
 19.94500  0.67505  0.67490 
 20.04500  0.67955  0.67942 
 20.14500  0.68347  0.68332 
 20.24500  0.68673  0.68660 
 20.34500  0.68940  0.68925 
 20.44500  0.69140  0.69125 
 20.54500  0.69274  0.69260 
 20.64500  0.69342  0.69327 
 20.74500  0.69342  0.69330 
 20.84500  0.69275  0.69263 
 20.94500  0.69143  0.69127 
 21.04500  0.68942  0.68927 
 21.14500  0.68674  0.68660 
 21.24500  0.68341  0.68327 
 21.34500  0.67943  0.67930 
 21.44500  0.67483  0.67468 
 21.54500  0.66960  0.66945 
 21.64500  0.66377  0.66363 
 21.74500  0.65734  0.65724 
 21.84500  0.65038  0.65028 
 21.94500  0.64292  0.64279 
 22.04500  0.63491  0.63482 
 22.14500  0.62646  0.62635 
 22.24500  0.61757  0.61744 
 22.34500  0.60828  0.60815 
 22.44500  0.59860  0.59847 
 22.54500  0.58855  0.58846 
 22.64500  0.57822  0.57814 
 22.74500  0.56762  0.56756 
 22.84500  0.55678  0.55678 
 22.94500  0.54577  0.54581 
 23.04500  0.53470  0.53469 
 23.14500  0.52356  0.52347 
 23.24500  0.51245  0.51221 
 23.34500  0.50085  0.50094 
 23.44500  0.48962  0.48968 
 23.54500  0.47856  0.47851 
 23.64500  0.46756  0.46745 
 23.74500  0.45665  0.45657 
 23.84500  0.44591  0.44588 
 23.94500  0.43542  0.43542 
 24.04500  0.42523  0.42524 
 24.14500  0.41534  0.41540 
 24.24500  0.40586  0.40590 
 24.34500  0.39676  0.39678 
 24.44500  0.38809  0.38812 
 24.54500  0.37989  0.37990 
 24.64500  0.37217  0.37218 
 24.74500  0.36496  0.36497 
 24.84500  0.35830  0.35833 
 24.94500  0.35219  0.35225 
 25.04500  0.34673  0.34678 
 25.14500  0.34188  0.34191 
 25.24500  0.33762  0.33771 
 25.34500  0.33406  0.33412 
 25.44500  0.33114  0.33121 
 25.54500  0.32891  0.32898 
 25.64500  0.32736  0.32742 
 25.74500  0.32652  0.32657 
 25.84500  0.32634  0.32642 
 25.94500  0.32688  0.32692 
 26.04500  0.32809  0.32814 
 26.14500  0.32998  0.33005 
 26.24500  0.33254  0.33261 
 26.34500  0.33580  0.33586 
 26.44500  0.33968  0.33975 
 26.54500  0.34424  0.34428 
 26.64500  0.34937  0.34942 
 26.74500  0.35514  0.35515 
 26.84500  0.36143  0.36147 
 26.94500  0.36831  0.36833 
 27.04500  0.37568  0.37571 
 27.14500  0.38355  0.38359 
 27.24500  0.39187  0.39191 
 27.34500  0.40061  0.40066 
 27.44500  0.40974  0.40980 
 27.54500  0.41926  0.41930 
 27.64500  0.42909  0.42910 
 27.74500  0.43921  0.43919 
 27.84500  0.44957  0.44951 
 27.94500  0.46010  0.46002 
 28.04500  0.47075  0.47068 
 28.14500  0.48140  0.48146 
 28.24500  0.49210  0.49230 
 28.34500  0.50338  0.50316 
 28.44500  0.51412  0.51400 
 28.54500  0.52476  0.52477 
 28.64500  0.53543  0.53544 
 28.74500  0.54592  0.54594 
 28.84500  0.55629  0.55627 
 28.94500  0.56641  0.56638 
 29.04500  0.57625  0.57617 
 29.14500  0.58579  0.58567 
 29.24500  0.59492  0.59483 
 29.34500  0.60366  0.60358 
 29.44500  0.61197  0.61189 
 29.54500  0.61985  0.61977 
 29.64500  0.62723  0.62717 
 29.74500  0.63411  0.63403 
 29.84500  0.64043  0.64037 
 29.94500  0.64621  0.64610 
 30.04500  0.65137  0.65124 
 30.14500  0.65590  0.65581 
 30.24500  0.65983  0.65971 
 30.34500  0.66307  0.66294 
 30.44500  0.66565  0.66555 
 30.54500  0.66758  0.66748 
 30.64500  0.66882  0.66873 
 30.74500  0.66938  0.66926 
 30.84500  0.66924  0.66915 
 30.94500  0.66844  0.66832 
 31.04500  0.66693  0.66685 
 31.14500  0.66476  0.66465 
 31.24500  0.66191  0.66180 
 31.34500  0.65839  0.65828 
 31.44500  0.65422  0.65415 
 31.54500  0.64945  0.64938 
 31.64500  0.64407  0.64400 
 31.74500  0.63810  0.63803 
 31.84500  0.63157  0.63150 
 31.94500  0.62448  0.62443 
 32.04500  0.61692  0.61685 
 32.14500  0.60886  0.60880 
 32.24500  0.60037  0.60030 
 32.34500  0.59147  0.59141 
 32.44500  0.58219  0.58209 
 32.54500  0.57254  0.57249 
 32.64500  0.56260  0.56258 
 32.74500  0.55236  0.55238 
 32.84500  0.54191  0.54199 
 32.94500  0.53132  0.53140 
 33.04500  0.52071  0.52069 
 33.14500  0.51006  0.50989 
 33.24500  0.49905  0.49902 
 33.34500  0.48801  0.48818 
 33.44500  0.47733  0.47734 
 33.54500  0.46667  0.46660 
 33.64500  0.45603  0.45600 
 33.74500  0.44555  0.44553 
 33.84500  0.43527  0.43531 
 33.94500  0.42523  0.42532 
 34.04500  0.41552  0.41561 
 34.14500  0.40613  0.40623 
 34.24500  0.39714  0.39721 
 34.34500  0.38855  0.38862 
 34.44500  0.38038  0.38044 
 34.54500  0.37269  0.37275 
 34.64500  0.36544  0.36556 
 34.74500  0.35879  0.35887 
 34.84500  0.35265  0.35275 
 34.94500  0.34714  0.34722 
 35.04500  0.34217  0.34228 
 35.14500  0.33786  0.33796 
 35.24500  0.33419  0.33428 
 35.34500  0.33116  0.33126 
 35.44500  0.32879  0.32891 
 35.54500  0.32714  0.32724 
 35.64500  0.32612  0.32624 
 35.74500  0.32579  0.32591 
 35.84500  0.32616  0.32628 
 35.94500  0.32724  0.32734 
 36.04500  0.32898  0.32909 
 36.14500  0.33137  0.33150 
 36.24500  0.33445  0.33457 
 36.34500  0.33818  0.33831 
 36.44500  0.34257  0.34265 
 36.54500  0.34754  0.34765 
 36.64500  0.35314  0.35323 
 36.74500  0.35930  0.35940 
 36.84500  0.36600  0.36612 
 36.94500  0.37329  0.37336 
 37.04500  0.38101  0.38110 
 37.14500  0.38922  0.38931 
 37.24500  0.39785  0.39797 
 37.34500  0.40688  0.40700 
 37.44500  0.41629  0.41639 
 37.54500  0.42604  0.42612 
 37.64500  0.43608  0.43614 
 37.74500  0.44640  0.44640 
 37.84500  0.45687  0.45687 
 37.94500  0.46752  0.46751 
 38.04500  0.47820  0.47826 
 38.14500  0.48888  0.48909 
 38.24500  0.49996  0.49997 
 38.34500  0.51093  0.51081 
 38.44500  0.52163  0.52164 
 38.54500  0.53227  0.53234 
 38.64500  0.54281  0.54293 
 38.74500  0.55328  0.55332 
 38.84500  0.56350  0.56350 
 38.94500  0.57345  0.57342 
 39.04500  0.58309  0.58304 
 39.14500  0.59235  0.59232 
 39.24500  0.60128  0.60123 
 39.34500  0.60977  0.60973 
 39.44500  0.61781  0.61777 
 39.54500  0.62538  0.62535 
 39.64500  0.63245  0.63241 
 39.74500  0.63898  0.63894 
 39.84500  0.64499  0.64493 
 39.94500  0.65038  0.65033 
 40.04500  0.65518  0.65512 
 40.14500  0.65934  0.65928 
 40.24500  0.66289  0.66281 
 40.34500  0.66581  0.66572 
 40.44500  0.66801  0.66797 
 40.54500  0.66957  0.66951 
 40.64500  0.67048  0.67041 
 40.74500  0.67066  0.67063 
 40.84500  0.67023  0.67018 
 40.94500  0.66911  0.66903 
 41.04500  0.66731  0.66727 
 41.14500  0.66484  0.66480 
 41.24500  0.66177  0.66173 
 41.34500  0.65806  0.65800 
 41.44500  0.65372  0.65369 
 41.54500  0.64883  0.64878 
 41.64500  0.64333  0.64331 
 41.74500  0.63730  0.63728 
 41.84500  0.63075  0.63072 
 41.94500  0.62372  0.62370 
 42.04500  0.61622  0.61623 
 42.14500  0.60833  0.60829 
 42.24500  0.60004  0.60002 
 42.34500  0.59138  0.59137 
 42.44500  0.58242  0.58242 
 42.54500  0.57315  0.57318 
 42.64500  0.56362  0.56372 
 42.74500  0.55394  0.55405 
 42.84500  0.54412  0.54425 
 42.94500  0.53427  0.53431 
 43.04500  0.52443  0.52440 
 43.14500  0.51444  0.51440 
 43.24500  0.50411  0.50440 
 43.34500  0.49437  0.49450 
 43.44500  0.48467  0.48470 
 43.54500  0.47503  0.47507 
 43.64500  0.46563  0.46565 
 43.74500  0.45639  0.45645 
 43.84500  0.44741  0.44753 
 43.94500  0.43878  0.43893 
 44.04500  0.43053  0.43070 
 44.14500  0.42266  0.42283 
 44.24500  0.41524  0.41540 
 44.34500  0.40831  0.40842 
 44.44500  0.40180  0.40195 
 44.54500  0.39584  0.39597 
 44.64500  0.39043  0.39057 
 44.74500  0.38552  0.38568 
 44.84500  0.38124  0.38140 
 44.94500  0.37755  0.37772 
 45.04500  0.37449  0.37464 
 45.14500  0.37203  0.37222 
 45.24500  0.37024  0.37041 
 45.34500  0.36909  0.36927 
 45.44500  0.36857  0.36875 
 45.54500  0.36871  0.36888 
 45.64500  0.36949  0.36967 
 45.74500  0.37092  0.37107 
 45.84500  0.37297  0.37313 
 45.94500  0.37565  0.37580 
 46.04500  0.37890  0.37907 
 46.14500  0.38278  0.38293 
 46.24500  0.38721  0.38735 
 46.34500  0.39217  0.39232 
 46.44500  0.39766  0.39779 
 46.54500  0.40362  0.40376 
 46.64500  0.41005  0.41019 
 46.74500  0.41689  0.41706 
 46.84500  0.42414  0.42431 
 46.94500  0.43176  0.43191 
 47.04500  0.43973  0.43983 
 47.14500  0.44796  0.44805 
 47.24500  0.45644  0.45651 
 47.34500  0.46511  0.46514 
 47.44500  0.47390  0.47394 
 47.54500  0.48273  0.48285 
 47.64500  0.49154  0.49185 
 47.74500  0.50094  0.50085 
 47.84500  0.50986  0.50983 
 47.94500  0.51865  0.51873 
 48.04500  0.52742  0.52755 
 48.14500  0.53608  0.53619 
 48.24500  0.54459  0.54466 
 48.34500  0.55285  0.55288 
 48.44500  0.56084  0.56084 
 48.54500  0.56848  0.56847 
 48.64500  0.57578  0.57574 
 48.74500  0.58265  0.58264 
 48.84500  0.58912  0.58911 
 48.94500  0.59509  0.59512 
 49.04500  0.60063  0.60064 
 49.14500  0.60564  0.60566 
 49.24500  0.61013  0.61013 
 49.34500  0.61404  0.61404 
 49.44500  0.61740  0.61735 
 49.54500  0.62013  0.62011 
 49.64500  0.62226  0.62224 
 49.74500  0.62374  0.62372 
 49.84500  0.62463  0.62460 
 49.94500  0.62486  0.62484 
 50.04500  0.62446  0.62444 
 50.14500  0.62342  0.62337 
 50.24500  0.62174  0.62170 
 50.34500  0.61942  0.61941 
 50.44500  0.61651  0.61648 
 50.54500  0.61295  0.61295 
 50.64500  0.60885  0.60883 
 50.74500  0.60417  0.60415 
 50.84500  0.59891  0.59892 
 50.94500  0.59317  0.59317 
 51.04500  0.58689  0.58689 
 51.14500  0.58016  0.58015 
 51.24500  0.57301  0.57300 
 51.34500  0.56544  0.56543 
 51.44500  0.55748  0.55748 
 51.54500  0.54918  0.54919 
 51.64500  0.54054  0.54062 
 51.74500  0.53167  0.53176 
 51.84500  0.52261  0.52273 
 51.94500  0.51342  0.51352 
 52.04500  0.50419  0.50415 
 52.14500  0.49480  0.49470 
 52.24500  0.48491  0.48521 
 52.34500  0.47559  0.47575 
 52.44500  0.46623  0.46629 
 52.54500  0.45691  0.45694 
 52.64500  0.44768  0.44770 
 52.74500  0.43859  0.43866 
 52.84500  0.42969  0.42984 
 52.94500  0.42113  0.42127 
 53.04500  0.41281  0.41301 
 53.14500  0.40487  0.40505 
 53.24500  0.39734  0.39748 
 53.34500  0.39017  0.39035 
 53.44500  0.38348  0.38362 
 53.54500  0.37725  0.37740 
 53.64500  0.37152  0.37168 
 53.74500  0.36633  0.36648 
 53.84500  0.36168  0.36186 
 53.94500  0.35764  0.35781 
 54.04500  0.35417  0.35437 
 54.14500  0.35135  0.35154 
 54.24500  0.34913  0.34935 
 54.34500  0.34764  0.34781 
 54.44500  0.34673  0.34692 
 54.54500  0.34650  0.34672 
 54.64500  0.34695  0.34713 
 54.74500  0.34806  0.34828 
 54.84500  0.34984  0.35003 
 54.94500  0.35228  0.35249 
 55.04500  0.35535  0.35558 
 55.14500  0.35912  0.35931 
 55.24500  0.36347  0.36368 
 55.34500  0.36848  0.36865 
 55.44500  0.37403  0.37423 
 55.54500  0.38019  0.38037 
 55.64500  0.38688  0.38706 
 55.74500  0.39411  0.39428 
 55.84500  0.40182  0.40200 
 55.94500  0.41000  0.41017 
 56.04500  0.41861  0.41879 
 56.14500  0.42764  0.42781 
 56.24500  0.43701  0.43717 
 56.34500  0.44676  0.44688 
 56.44500  0.45680  0.45688 
 56.54500  0.46705  0.46712 
 56.64500  0.47752  0.47756 
 56.74500  0.48802  0.48818 
 56.84500  0.49863  0.49892 
 56.94500  0.50965  0.50974 
 57.04500  0.52063  0.52060 
 57.14500  0.53136  0.53145 
 57.24500  0.54210  0.54225 
 57.34500  0.55279  0.55296 
 57.44500  0.56342  0.56354 
 57.54500  0.57385  0.57394 
 57.64500  0.58407  0.58410 
 57.74500  0.59400  0.59404 
 57.84500  0.60364  0.60365 
 57.94500  0.61289  0.61293 
 58.04500  0.62180  0.62184 
 58.14500  0.63029  0.63033 
 58.24500  0.63834  0.63837 
 58.34500  0.64591  0.64595 
 58.44500  0.65300  0.65301 
 58.54500  0.65951  0.65954 
 58.64500  0.66548  0.66550 
 58.74500  0.67085  0.67085 
 58.84500  0.67559  0.67563 
 58.94500  0.67972  0.67975 
 59.04500  0.68320  0.68322 
 59.14500  0.68599  0.68602 
 59.24500  0.68811  0.68813 
 59.34500  0.68955  0.68954 
 59.44500  0.69028  0.69027 
 59.54500  0.69028  0.69030 
 59.64500  0.68957  0.68960 
 59.74500  0.68816  0.68818 
 59.84500  0.68606  0.68607 
 59.94500  0.68322  0.68323 
 60.04500  0.67970  0.67971 
 60.14500  0.67548  0.67549 
 60.24500  0.67057  0.67059 
 60.34500  0.66500  0.66500 
 60.44500  0.65876  0.65879 
 60.54500  0.65190  0.65192 
 60.64500  0.64439  0.64445 
 60.74500  0.63633  0.63637 
 60.84500  0.62766  0.62771 
 60.94500  0.61845  0.61849 
 61.04500  0.60874  0.60877 
 61.14500  0.59850  0.59854 
 61.24500  0.58779  0.58783 
 61.34500  0.57665  0.57667 
 61.44500  0.56511  0.56513 
 61.54500  0.55311  0.55319 
 61.64500  0.54080  0.54093 
 61.74500  0.52818  0.52834 
 61.84500  0.51534  0.51545 
 61.94500  0.50234  0.50235 
 62.04500  0.48914  0.48903 
 62.14500  0.47532  0.47552 
 62.24500  0.46166  0.46187 
 62.34500  0.44802  0.44811 
 62.44500  0.43423  0.43426 
 62.54500  0.42035  0.42038 
 62.64500  0.40644  0.40648 
 62.74500  0.39253  0.39261 
 62.84500  0.37863  0.37879 
 62.94500  0.36490  0.36503 
 63.04500  0.35124  0.35141 
 63.14500  0.33778  0.33791 
 63.24500  0.32444  0.32457 
 63.34500  0.31133  0.31145 
 63.44500  0.29840  0.29849 
 63.54500  0.28570  0.28581 
 63.64500  0.27326  0.27339 
 63.74500  0.26112  0.26122 
 63.84500  0.24926  0.24939 
 63.94500  0.23774  0.23786 
 64.04500  0.22655  0.22665 
 64.14500  0.21571  0.21583 
 64.24500  0.20525  0.20537 
 64.34500  0.19515  0.19525 
 64.44500  0.18543  0.18556 
 64.54500  0.17614  0.17627 
 64.64500  0.16725  0.16738 
 64.74500  0.15882  0.15891 
 64.84500  0.15076  0.15088 
 64.94500  0.14316  0.14328 
 65.04500  0.13598  0.13614 
 65.14500  0.12929  0.12941 
 65.24500  0.12306  0.12314 
 65.34500  0.11723  0.11734 
 65.44500  0.11188  0.11198 
 65.54500  0.10698  0.10710 
 65.64500  0.10257  0.10268 
 65.74500  0.09860  0.09871 
 65.84500  0.09510  0.09522 
 65.94500  0.09206  0.09220 
 66.04500  0.08952  0.08964 
 66.14500  0.08743  0.08754 
 66.24500  0.08580  0.08592 
 66.34500  0.08468  0.08477 
 66.44500  0.08396  0.08407 
