  0.04500  0.99998  1.00000 
  0.14500  0.99998  1.00000 
  0.24500  0.99998  1.00000 
  0.34500  0.99998  1.00000 
  0.44500  0.99998  1.00000 
  0.54500  0.99998  1.00000 
  0.64500  0.99998  1.00000 
  0.74500  0.99998  1.00000 
  0.84500  0.99998  1.00000 
  0.94500  0.99998  1.00000 
  1.04500  0.99998  1.00000 
  1.14500  0.99998  1.00000 
  1.24500  0.99998  1.00000 
  1.34500  0.99998  1.00000 
  1.44500  0.99998  1.00000 
  1.54500  0.99998  1.00000 
  1.64500  0.99998  1.00000 
  1.74500  0.99998  1.00000 
  1.84500  0.99997  1.00000 
  1.94500  0.99997  1.00000 
  2.04500  0.99998  1.00000 
  2.14500  0.99997  1.00000 
  2.24500  0.99998  1.00000 
  2.34500  0.99998  1.00000 
  2.44500  0.99999  1.00000 
  2.54500  0.99997  1.00000 
  2.64500  0.99999  1.00000 
  2.74500  1.00000  1.00000 
  2.84500  1.00000  1.00000 
  2.94500  0.99998  0.99995 
  3.04500  0.99990  0.99987 
  3.14500  0.99972  0.99969 
  3.24500  0.99928  0.99928 
  3.34500  0.99834  0.99839 
  3.44500  0.99653  0.99660 
  3.54500  0.99314  0.99328 
  3.64500  0.98719  0.98730 
  3.74500  0.97720  0.97716 
  3.84500  0.96125  0.96096 
  3.94500  0.93698  0.93642 
  4.04500  0.90204  0.90126 
  4.14500  0.85440  0.85369 
  4.24500  0.79305  0.79271 
  4.34500  0.71843  0.71881 
  4.44500  0.63269  0.63412 
  4.54500  0.54003  0.54230 
  4.64500  0.45064  0.44819 
  4.74500  0.35819  0.35689 
  4.84500  0.27343  0.27314 
  4.94500  0.20007  0.20051 
  5.04500  0.14013  0.14090 
  5.14500  0.09385  0.09460 
  5.24500  0.06010  0.06064 
  5.34500  0.03680  0.03706 
  5.44500  0.02153  0.02155 
  5.54500  0.01202  0.01194 
  5.64500  0.00640  0.00629 
  5.74500  0.00321  0.00315 
  5.84500  0.00151  0.00149 
  5.94500  0.00064  0.00067 
  6.04500  0.00023  0.00028 
  6.14500  0.00006  0.00012 
  6.24500 -0.00000  0.00004 
  6.34500 -0.00001  0.00000 
  6.44500 -0.00001  0.00000 
  6.54500 -0.00001  0.00000 
  6.64500  0.00001  0.00000 
  6.74500 -0.00000  0.00000 
  6.84500  0.00000  0.00000 
  6.94500 -0.00000  0.00000 
  7.04500  0.00000  0.00000 
  7.14500 -0.00000  0.00000 
  7.24500 -0.00002  0.00000 
  7.34500 -0.00002  0.00000 
  7.44500 -0.00000  0.00001 
  7.54500  0.00004  0.00010 
  7.64500  0.00018  0.00023 
  7.74500  0.00049  0.00056 
  7.84500  0.00124  0.00123 
  7.94500  0.00267  0.00262 
  8.04500  0.00539  0.00530 
  8.14500  0.01028  0.01018 
  8.24500  0.01864  0.01864 
  8.34500  0.03223  0.03241 
  8.44500  0.05322  0.05370 
  8.54500  0.08407  0.08483 
  8.64500  0.12700  0.12779 
  8.74500  0.18341  0.18398 
  8.84500  0.25347  0.25338 
  8.94500  0.33558  0.33457 
  9.04500  0.42651  0.42434 
  9.14500  0.51725  0.51823 
  9.24500  0.60939  0.61112 
  9.34500  0.69742  0.69804 
  9.44500  0.77516  0.77496 
  9.54500  0.84001  0.83936 
  9.64500  0.89112  0.89035 
  9.74500  0.92914  0.92853 
  9.84500  0.95591  0.95555 
  9.94500  0.97377  0.97368 
 10.04500  0.98510  0.98517 
 10.14500  0.99193  0.99206 
 10.24500  0.99584  0.99596 
 10.34500  0.99799  0.99802 
 10.44500  0.99910  0.99909 
 10.54500  0.99963  0.99960 
 10.64500  0.99987  0.99984 
 10.74500  0.99997  0.99993 
 10.84500  0.99999  1.00000 
 10.94500  1.00001  1.00000 
 11.04500  0.99999  1.00000 
 11.14500  0.99998  1.00000 
 11.24500  0.99999  1.00000 
 11.34500  0.99998  1.00000 
 11.44500  0.99998  1.00000 
 11.54500  0.99998  1.00000 
 11.64500  0.99998  1.00000 
 11.74500  0.99998  1.00000 
 11.84500  0.99998  1.00000 
 11.94500  0.99999  1.00000 
 12.04500  1.00000  1.00000 
 12.14500  0.99999  1.00000 
 12.24500  0.99995  0.99990 
 12.34500  0.99981  0.99978 
 12.44500  0.99950  0.99949 
 12.54500  0.99880  0.99883 
 12.64500  0.99741  0.99748 
 12.74500  0.99479  0.99490 
 12.84500  0.99005  0.99016 
 12.94500  0.98192  0.98195 
 13.04500  0.96866  0.96850 
 13.14500  0.94812  0.94769 
 13.24500  0.91785  0.91716 
 13.34500  0.87564  0.87489 
 13.44500  0.81999  0.81944 
 13.54500  0.75066  0.75070 
 13.64500  0.66913  0.67010 
 13.74500  0.57859  0.58068 
 13.84500  0.48760  0.48691 
 13.94500  0.39558  0.39381 
 14.04500  0.30712  0.30645 
 14.14500  0.22874  0.22892 
 14.24500  0.16313  0.16380 
 14.34500  0.11130  0.11209 
 14.44500  0.07261  0.07324 
 14.54500  0.04527  0.04566 
 14.64500  0.02700  0.02712 
 14.74500  0.01539  0.01531 
 14.84500  0.00835  0.00824 
 14.94500  0.00430  0.00421 
 15.04500  0.00208  0.00204 
 15.14500  0.00093  0.00094 
 15.24500  0.00036  0.00042 
 15.34500  0.00012  0.00016 
 15.44500  0.00000  0.00008 
 15.54500 -0.00001  0.00000 
 15.64500 -0.00002  0.00000 
 15.74500 -0.00002  0.00000 
 15.84500 -0.00000  0.00000 
 15.94500  0.00001  0.00000 
 16.04500  0.00001  0.00000 
 16.14500 -0.00000  0.00000 
 16.24500 -0.00002  0.00000 
 16.34500 -0.00002  0.00000 
 16.44500 -0.00001  0.00000 
 16.54500  0.00003  0.00010 
 16.64500  0.00015  0.00020 
 16.74500  0.00044  0.00048 
 16.84500  0.00109  0.00108 
 16.94500  0.00239  0.00236 
 17.04500  0.00489  0.00479 
 17.14500  0.00939  0.00928 
 17.24500  0.01713  0.01710 
 17.34500  0.02983  0.02998 
 17.44500  0.04961  0.05003 
 17.54500  0.07887  0.07957 
 17.64500  0.11991  0.12069 
 17.74500  0.17432  0.17489 
 17.84500  0.24242  0.24246 
 17.94500  0.32291  0.32209 
 18.04500  0.41281  0.41084 
 18.14500  0.50420  0.50445 
 18.24500  0.59591  0.59780 
 18.34500  0.68510  0.68590 
 18.44500  0.76453  0.76447 
 18.54500  0.83140  0.83076 
 18.64500  0.88449  0.88370 
 18.74500  0.92433  0.92368 
 18.84500  0.95260  0.95223 
 18.94500  0.97162  0.97149 
 19.04500  0.98376  0.98381 
 19.14500  0.99114  0.99126 
 19.24500  0.99539  0.99551 
 19.34500  0.99775  0.99781 
 19.44500  0.99897  0.99899 
 19.54500  0.99958  0.99955 
 19.64500  0.99984  0.99982 
 19.74500  0.99997  0.99991 
 19.84500  0.99998  1.00000 
 19.94500  0.99999  1.00000 
 20.04500  1.00000  1.00000 
 20.14500  0.99997  1.00000 
 20.24500  0.99998  1.00000 
 20.34500  0.99998  1.00000 
 20.44500  0.99998  1.00000 
 20.54500  0.99998  1.00000 
 20.64500  0.99998  1.00000 
 20.74500  0.99997  1.00000 
 20.84500  0.99998  1.00000 
 20.94500  0.99998  1.00000 
 21.04500  0.99998  1.00000 
 21.14500  0.99998  1.00000 
 21.24500  0.99998  1.00000 
 21.34500  0.99999  1.00000 
 21.44500  1.00000  1.00000 
 21.54500  1.00000  1.00000 
 21.64500  0.99998  0.99998 
 21.74500  0.99993  0.99990 
 21.84500  0.99977  0.99974 
 21.94500  0.99944  0.99942 
 22.04500  0.99866  0.99869 
 22.14500  0.99714  0.99720 
 22.24500  0.99426  0.99438 
 22.34500  0.98911  0.98921 
 22.44500  0.98037  0.98038 
 22.54500  0.96621  0.96601 
 22.64500  0.94441  0.94395 
 22.74500  0.91257  0.91185 
 22.84500  0.86849  0.86771 
 22.94500  0.81084  0.81035 
 23.04500  0.73963  0.73978 
 23.14500  0.65656  0.65770 
 23.24500  0.56509  0.56736 
 23.34500  0.47472  0.47333 
 23.44500  0.38238  0.38078 
 23.54500  0.29516  0.29463 
 23.64500  0.21847  0.21873 
 23.74500  0.15482  0.15554 
 23.84500  0.10495  0.10575 
 23.94500  0.06803  0.06863 
 24.04500  0.04215  0.04248 
 24.14500  0.02496  0.02504 
 24.24500  0.01412  0.01406 
 24.34500  0.00761  0.00752 
 24.44500  0.00388  0.00382 
 24.54500  0.00188  0.00184 
 24.64500  0.00081  0.00085 
 24.74500  0.00031  0.00036 
 24.84500  0.00011  0.00015 
 24.94500  0.00000  0.00006 
 25.04500 -0.00001  0.00000 
 25.14500 -0.00002  0.00000 
 25.24500 -0.00001  0.00000 
 25.34500  0.00001  0.00000 
 25.44500 -0.00001  0.00000 
 25.54500 -0.00000  0.00000 
 25.64500 -0.00000  0.00000 
 25.74500  0.00001  0.00000 
 25.84500  0.00001  0.00000 
 25.94500  0.00000  0.00000 
 26.04500 -0.00000  0.00000 
 26.14500 -0.00000  0.00000 
 26.24500 -0.00001  0.00000 
 26.34500 -0.00001  0.00000 
 26.44500 -0.00001  0.00000 
 26.54500 -0.00002  0.00000 
 26.64500 -0.00000  0.00003 
 26.74500  0.00006  0.00011 
 26.84500  0.00022  0.00028 
 26.94500  0.00059  0.00065 
 27.04500  0.00145  0.00144 
 27.14500  0.00308  0.00303 
 27.24500  0.00617  0.00606 
 27.34500  0.01163  0.01154 
 27.44500  0.02086  0.02092 
 27.54500  0.03577  0.03602 
 27.64500  0.05857  0.05908 
 27.74500  0.09170  0.09243 
 27.84500  0.13723  0.13799 
 27.94500  0.19641  0.19685 
 28.04500  0.26905  0.26883 
 28.14500  0.35326  0.35202 
 28.24500  0.44541  0.44304 
 28.34500  0.53515  0.53713 
 28.44500  0.62772  0.62919 
 28.54500  0.71394  0.71438 
 28.64500  0.78926  0.78895 
 28.74500  0.85138  0.85067 
 28.84500  0.89973  0.89899 
 28.94500  0.93535  0.93479 
 29.04500  0.96012  0.95983 
 29.14500  0.97647  0.97644 
 29.24500  0.98677  0.98686 
 29.34500  0.99290  0.99303 
 29.44500  0.99639  0.99649 
 29.54500  0.99827  0.99831 
 29.64500  0.99925  0.99923 
 29.74500  0.99970  0.99967 
 29.84500  0.99989  0.99986 
 29.94500  0.99998  0.99995 
 30.04500  1.00000  1.00000 
 30.14500  1.00000  1.00000 
 30.24500  0.99999  1.00000 
 30.34500  0.99997  1.00000 
 30.44500  0.99998  1.00000 
 30.54500  0.99998  1.00000 
 30.64500  0.99998  1.00000 
 30.74500  0.99997  1.00000 
 30.84500  0.99998  1.00000 
 30.94500  0.99998  1.00000 
 31.04500  0.99998  1.00000 
 31.14500  0.99998  1.00000 
 31.24500  0.99998  1.00000 
 31.34500  1.00000  1.00000 
 31.44500  1.00000  1.00000 
 31.54500  0.99998  1.00000 
 31.64500  0.99996  0.99991 
 31.74500  0.99983  0.99981 
 31.84500  0.99956  0.99953 
 31.94500  0.99895  0.99897 
 32.04500  0.99770  0.99775 
 32.14500  0.99530  0.99540 
 32.24500  0.99095  0.99106 
 32.34500  0.98345  0.98351 
 32.44500  0.97112  0.97102 
 32.54500  0.95186  0.95147 
 32.64500  0.92324  0.92261 
 32.74500  0.88301  0.88222 
 32.84500  0.82948  0.82887 
 32.94500  0.76220  0.76215 
 33.04500  0.68239  0.68319 
 33.14500  0.59296  0.59489 
 33.24500  0.50135  0.50145 
 33.34500  0.40984  0.40793 
 33.44500  0.32019  0.31938 
 33.54500  0.24005  0.24011 
 33.64500  0.17235  0.17297 
 33.74500  0.11841  0.11919 
 33.84500  0.07777  0.07846 
 33.94500  0.04884  0.04928 
 34.04500  0.02932  0.02948 
 34.14500  0.01682  0.01679 
 34.24500  0.00920  0.00910 
 34.34500  0.00478  0.00469 
 34.44500  0.00234  0.00229 
 34.54500  0.00106  0.00108 
 34.64500  0.00042  0.00047 
 34.74500  0.00016  0.00020 
 34.84500  0.00002  0.00009 
 34.94500 -0.00001  0.00000 
 35.04500 -0.00002  0.00000 
 35.14500 -0.00002  0.00000 
 35.24500  0.00000  0.00000 
 35.34500 -0.00000  0.00000 
 35.44500 -0.00000  0.00000 
 35.54500  0.00000  0.00000 
 35.64500  0.00000  0.00000 
 35.74500  0.00001  0.00000 
 35.84500  0.00000  0.00000 
 35.94500  0.00000  0.00000 
 36.04500 -0.00000  0.00000 
 36.14500 -0.00000  0.00000 
 36.24500 -0.00001  0.00000 
 36.34500 -0.00002  0.00000 
 36.44500 -0.00002  0.00000 
 36.54500 -0.00000  0.00000 
 36.64500  0.00002  0.00010 
 36.74500  0.00016  0.00021 
 36.84500  0.00046  0.00051 
 36.94500  0.00113  0.00115 
 37.04500  0.00248  0.00244 
 37.14500  0.00504  0.00496 
 37.24500  0.00968  0.00957 
 37.34500  0.01762  0.01760 
 37.44500  0.03059  0.03078 
 37.54500  0.05079  0.05122 
 37.64500  0.08059  0.08130 
 37.74500  0.12226  0.12305 
 37.84500  0.17732  0.17790 
 37.94500  0.24607  0.24608 
 38.04500  0.32715  0.32623 
 38.14500  0.41738  0.41534 
 38.24500  0.50857  0.50907 
 38.34500  0.60044  0.60228 
 38.44500  0.68924  0.68996 
 38.54500  0.76812  0.76800 
 38.64500  0.83430  0.83369 
 38.74500  0.88673  0.88596 
 38.84500  0.92596  0.92533 
 38.94500  0.95372  0.95336 
 39.04500  0.97236  0.97226 
 39.14500  0.98421  0.98426 
 39.24500  0.99140  0.99153 
 39.34500  0.99555  0.99567 
 39.44500  0.99783  0.99789 
 39.54500  0.99902  0.99901 
 39.64500  0.99960  0.99957 
 39.74500  0.99985  0.99982 
 39.84500  0.99997  0.99992 
 39.94500  0.99999  1.00000 
 40.04500  1.00000  1.00000 
 40.14500  1.00000  1.00000 
 40.24500  0.99997  1.00000 
 40.34500  0.99998  1.00000 
 40.44500  0.99998  1.00000 
 40.54500  0.99998  1.00000 
 40.64500  0.99998  1.00000 
 40.74500  0.99997  1.00000 
 40.84500  0.99998  1.00000 
 40.94500  0.99998  1.00000 
 41.04500  0.99999  1.00000 
 41.14500  0.99998  1.00000 
 41.24500  0.99999  1.00000 
 41.34500  0.99999  1.00000 
 41.44500  0.99999  1.00000 
 41.54500  0.99998  0.99994 
 41.64500  0.99989  0.99986 
 41.74500  0.99967  0.99964 
 41.84500  0.99919  0.99917 
 41.94500  0.99816  0.99821 
 42.04500  0.99617  0.99627 
 42.14500  0.99252  0.99264 
 42.24500  0.98610  0.98621 
 42.34500  0.97543  0.97536 
 42.44500  0.95847  0.95818 
 42.54500  0.93291  0.93231 
 42.64500  0.89634  0.89556 
 42.74500  0.84686  0.84617 
 42.84500  0.78365  0.78340 
 42.94500  0.70735  0.70787 
 43.04500  0.62038  0.62194 
 43.14500  0.52796  0.52953 
 43.24500  0.43778  0.43549 
 43.34500  0.34611  0.34497 
 43.44500  0.26273  0.26257 
 43.54500  0.19111  0.19160 
 43.64500  0.13304  0.13382 
 43.74500  0.08857  0.08931 
 43.84500  0.05638  0.05685 
 43.94500  0.03432  0.03452 
 44.04500  0.01994  0.01997 
 44.14500  0.01107  0.01098 
 44.24500  0.00586  0.00573 
 44.34500  0.00291  0.00286 
 44.44500  0.00136  0.00136 
 44.54500  0.00055  0.00061 
 44.64500  0.00020  0.00026 
 44.74500  0.00006  0.00011 
 44.84500 -0.00001  0.00002 
 44.94500 -0.00002  0.00000 
 45.04500 -0.00002  0.00000 
 45.14500 -0.00001  0.00000 
 45.24500  0.00000  0.00000 
 45.34500 -0.00000  0.00000 
 45.44500  0.00000  0.00000 
 45.54500 -0.00000  0.00000 
 45.64500  0.00000  0.00000 
 45.74500 -0.00001  0.00000 
 45.84500 -0.00002  0.00000 
 45.94500 -0.00002  0.00000 
 46.04500 -0.00001  0.00002 
 46.14500  0.00005  0.00011 
 46.24500  0.00021  0.00026 
 46.34500  0.00057  0.00061 
 46.44500  0.00137  0.00136 
 46.54500  0.00296  0.00288 
 46.64500  0.00589  0.00580 
 46.74500  0.01117  0.01109 
 46.84500  0.02014  0.02014 
 46.94500  0.03460  0.03482 
 47.04500  0.05681  0.05730 
 47.14500  0.08917  0.08991 
 47.24500  0.13387  0.13463 
 47.34500  0.19214  0.19263 
 47.44500  0.26396  0.26380 
 47.54500  0.34750  0.34635 
 47.64500  0.43926  0.43698 
 47.74500  0.52935  0.53103 
 47.84500  0.62183  0.62340 
 47.94500  0.70865  0.70915 
 48.04500  0.78476  0.78450 
 48.14500  0.84777  0.84708 
 48.24500  0.89702  0.89624 
 48.34500  0.93338  0.93279 
 48.44500  0.95881  0.95850 
 48.54500  0.97564  0.97559 
 48.64500  0.98623  0.98633 
 48.74500  0.99259  0.99272 
 48.84500  0.99621  0.99632 
 48.94500  0.99819  0.99824 
 49.04500  0.99919  0.99920 
 49.14500  0.99967  0.99964 
 49.24500  0.99989  0.99986 
 49.34500  0.99998  0.99994 
 49.44500  0.99999  1.00000 
 49.54500  1.00000  1.00000 
 49.64500  0.99999  1.00000 
 49.74500  0.99997  1.00000 
 49.84500  0.99999  1.00000 
 49.94500  0.99998  1.00000 
 50.04500  0.99999  1.00000 
 50.14500  0.99997  1.00000 
 50.24500  0.99999  1.00000 
 50.34500  0.99999  1.00000 
 50.44500  1.00000  1.00000 
 50.54500  0.99998  0.99995 
 50.64500  0.99989  0.99986 
 50.74500  0.99969  0.99967 
 50.84500  0.99923  0.99922 
 50.94500  0.99822  0.99828 
 51.04500  0.99633  0.99643 
 51.14500  0.99279  0.99292 
 51.24500  0.98656  0.98666 
 51.34500  0.97618  0.97612 
 51.44500  0.95964  0.95936 
 51.54500  0.93461  0.93404 
 51.64500  0.89875  0.89800 
 51.74500  0.85006  0.84936 
 51.84500  0.78761  0.78731 
 51.94500  0.71200  0.71247 
 52.04500  0.62556  0.62707 
 52.14500  0.53304  0.53491 
 52.24500  0.44315  0.44080 
 52.34500  0.35114  0.34994 
 52.44500  0.26717  0.26697 
 52.54500  0.19483  0.19529 
 52.64500  0.13598  0.13675 
 52.74500  0.09075  0.09150 
 52.84500  0.05789  0.05842 
 52.94500  0.03533  0.03558 
 53.04500  0.02059  0.02061 
 53.14500  0.01147  0.01138 
 53.24500  0.00608  0.00597 
 53.34500  0.00304  0.00296 
 53.44500  0.00142  0.00139 
 53.54500  0.00060  0.00063 
 53.64500  0.00023  0.00028 
 53.74500  0.00005  0.00011 
 53.84500 -0.00001  0.00003 
 53.94500 -0.00002  0.00000 
 54.04500 -0.00002  0.00000 
 54.14500 -0.00001  0.00000 
 54.24500  0.00000  0.00000 
 54.34500 -0.00001  0.00000 
 54.44500  0.00000  0.00000 
 54.54500  0.00000  0.00000 
 54.64500 -0.00000  0.00000 
 54.74500 -0.00000  0.00000 
 54.84500 -0.00000  0.00000 
 54.94500  0.00000  0.00000 
 55.04500 -0.00002  0.00000 
 55.14500 -0.00002  0.00000 
 55.24500 -0.00001  0.00000 
 55.34500  0.00002  0.00009 
 55.44500  0.00014  0.00020 
 55.54500  0.00042  0.00047 
 55.64500  0.00104  0.00107 
 55.74500  0.00232  0.00229 
 55.84500  0.00475  0.00464 
 55.94500  0.00915  0.00903 
 56.04500  0.01672  0.01670 
 56.14500  0.02919  0.02935 
 56.24500  0.04863  0.04906 
 56.34500  0.07748  0.07816 
 56.44500  0.11799  0.11878 
 56.54500  0.17184  0.17245 
 56.64500  0.23939  0.23948 
 56.74500  0.31946  0.31865 
 56.84500  0.40906  0.40714 
 56.94500  0.50058  0.50064 
 57.04500  0.59215  0.59410 
 57.14500  0.68165  0.68249 
 57.24500  0.76157  0.76151 
 57.34500  0.82896  0.82834 
 57.44500  0.88261  0.88183 
 57.54500  0.92297  0.92229 
 57.64500  0.95166  0.95127 
 57.74500  0.97099  0.97087 
 57.84500  0.98336  0.98341 
 57.94500  0.99090  0.99104 
 58.04500  0.99528  0.99538 
 58.14500  0.99767  0.99773 
 58.24500  0.99894  0.99895 
 58.34500  0.99957  0.99953 
 58.44500  0.99984  0.99981 
 58.54500  0.99996  0.99991 
 58.64500  0.99999  1.00000 
 58.74500  0.99999  1.00000 
 58.84500  1.00000  1.00000 
 58.94500  0.99998  1.00000 
 59.04500  0.99998  1.00000 
 59.14500  0.99998  1.00000 
 59.24500  0.99998  1.00000 
 59.34500  0.99997  1.00000 
 59.44500  0.99997  1.00000 
 59.54500  0.99996  1.00000 
 59.64500  0.99998  1.00000 
 59.74500  0.99998  1.00000 
 59.84500  0.99998  1.00000 
 59.94500  0.99998  1.00000 
 60.04500  0.99998  1.00000 
 60.14500  0.99998  1.00000 
 60.24500  0.99999  1.00000 
 60.34500  1.00000  1.00000 
 60.44500  0.99998  0.99998 
 60.54500  0.99993  0.99990 
 60.64500  0.99979  0.99976 
 60.74500  0.99945  0.99944 
 60.84500  0.99869  0.99873 
 60.94500  0.99721  0.99728 
 61.04500  0.99440  0.99452 
 61.14500  0.98939  0.98949 
 61.24500  0.98082  0.98084 
 61.34500  0.96691  0.96674 
 61.44500  0.94548  0.94501 
 61.54500  0.91407  0.91337 
 61.64500  0.87053  0.86977 
 61.74500  0.81344  0.81294 
 61.84500  0.74275  0.74288 
 61.94500  0.66011  0.66118 
 62.04500  0.56889  0.57112 
 62.14500  0.47836  0.47714 
 62.24500  0.38606  0.38443 
 62.34500  0.29848  0.29790 
 62.44500  0.22133  0.22157 
 62.54500  0.15713  0.15783 
 62.64500  0.10671  0.10751 
 62.74500  0.06929  0.06989 
 62.84500  0.04301  0.04334 
 62.94500  0.02552  0.02562 
 63.04500  0.01447  0.01442 
 63.14500  0.00780  0.00769 
 63.24500  0.00401  0.00393 
 63.34500  0.00192  0.00189 
 63.44500  0.00085  0.00086 
 63.54500  0.00032  0.00038 
 63.64500  0.00010  0.00015 
 63.74500  0.00000  0.00007 
 63.84500 -0.00001  0.00000 
 63.94500 -0.00002  0.00000 
 64.04500 -0.00002  0.00000 
 64.14500  0.00001  0.00000 
 64.24500 -0.00001  0.00000 
 64.34500 -0.00001  0.00000 
 64.44500  0.00000  0.00000 
 64.54500  0.00000  0.00000 
 64.64500 -0.00000  0.00000 
 64.74500 -0.00000  0.00000 
 64.84500  0.00000  0.00000 
 64.94500 -0.00001  0.00000 
 65.04500 -0.00000  0.00000 
 65.14500 -0.00001  0.00000 
 65.24500 -0.00000  0.00000 
 65.34500  0.00000  0.00000 
 65.44500 -0.00000  0.00000 
 65.54500 -0.00000  0.00000 
 65.64500 -0.00000  0.00000 
 65.74500  0.00000  0.00000 
 65.84500 -0.00000  0.00000 
 65.94500 -0.00001  0.00000 
 66.04500 -0.00000  0.00000 
 66.14500 -0.00000  0.00000 
 66.24500 -0.00000  0.00000 
 66.34500 -0.00000  0.00000 
 66.44500 -0.00000  0.00000 
