  0.04500  0.51599  0.51410 
  0.14500  0.51599  0.51410 
  0.24500  0.51599  0.51410 
  0.34500  0.51599  0.51410 
  0.44500  0.51599  0.51410 
  0.54500  0.51601  0.51410 
  0.64500  0.51600  0.51410 
  0.74500  0.51599  0.51410 
  0.84500  0.51598  0.51410 
  0.94500  0.51600  0.51410 
  1.04500  0.51599  0.51410 
  1.14500  0.51597  0.51410 
  1.24500  0.51598  0.51410 
  1.34500  0.51598  0.51410 
  1.44500  0.51596  0.51410 
  1.54500  0.51593  0.51410 
  1.64500  0.51592  0.51410 
  1.74500  0.51592  0.51410 
  1.84500  0.51592  0.51410 
  1.94500  0.51594  0.51410 
  2.04500  0.51596  0.51410 
  2.14500  0.51596  0.51410 
  2.24500  0.51594  0.51410 
  2.34500  0.51591  0.51410 
  2.44500  0.51591  0.51410 
  2.54500  0.51586  0.51410 
  2.64500  0.51584  0.51410 
  2.74500  0.51585  0.51410 
  2.84500  0.51587  0.51410 
  2.94500  0.51585  0.51410 
  3.04500  0.51585  0.51410 
  3.14500  0.51585  0.51410 
  3.24500  0.51586  0.51410 
  3.34500  0.51582  0.51410 
  3.44500  0.51583  0.51410 
  3.54500  0.51584  0.51410 
  3.64500  0.51585  0.51410 
  3.74500  0.51583  0.51410 
  3.84500  0.51579  0.51410 
  3.94500  0.51580  0.51410 
  4.04500  0.51578  0.51410 
  4.14500  0.51572  0.51410 
  4.24500  0.51568  0.51410 
  4.34500  0.51570  0.51410 
  4.44500  0.51569  0.51410 
  4.54500  0.51569  0.51409 
  4.64500  0.51568  0.51400 
  4.74500  0.51568  0.51400 
  4.84500  0.51570  0.51400 
  4.94500  0.51569  0.51400 
  5.04500  0.51568  0.51400 
  5.14500  0.51565  0.51400 
  5.24500  0.51568  0.51400 
  5.34500  0.51569  0.51400 
  5.44500  0.51562  0.51400 
  5.54500  0.51565  0.51400 
  5.64500  0.51562  0.51400 
  5.74500  0.51561  0.51400 
  5.84500  0.51563  0.51400 
  5.94500  0.51561  0.51400 
  6.04500  0.51562  0.51400 
  6.14500  0.51562  0.51400 
  6.24500  0.51563  0.51400 
  6.34500  0.51563  0.51400 
  6.44500  0.51556  0.51400 
  6.54500  0.51558  0.51400 
  6.64500  0.51556  0.51400 
  6.74500  0.51558  0.51400 
  6.84500  0.51555  0.51400 
  6.94500  0.51553  0.51400 
  7.04500  0.51556  0.51396 
  7.14500  0.51557  0.51390 
  7.24500  0.51552  0.51390 
  7.34500  0.51550  0.51390 
  7.44500  0.51553  0.51390 
  7.54500  0.51551  0.51390 
  7.64500  0.51554  0.51390 
  7.74500  0.51554  0.51390 
  7.84500  0.51552  0.51390 
  7.94500  0.51548  0.51390 
  8.04500  0.51545  0.51390 
  8.14500  0.51548  0.51390 
  8.24500  0.51546  0.51390 
  8.34500  0.51548  0.51390 
  8.44500  0.51546  0.51390 
  8.54500  0.51550  0.51390 
  8.64500  0.51551  0.51390 
  8.74500  0.51548  0.51390 
  8.84500  0.51543  0.51388 
  8.94500  0.51541  0.51380 
  9.04500  0.51543  0.51380 
  9.14500  0.51541  0.51380 
  9.24500  0.51545  0.51380 
  9.34500  0.51541  0.51380 
  9.44500  0.51536  0.51380 
  9.54500  0.51533  0.51380 
  9.64500  0.51530  0.51380 
  9.74500  0.51530  0.51380 
  9.84500  0.51533  0.51380 
  9.94500  0.51529  0.51380 
 10.04500  0.51527  0.51380 
 10.14500  0.51527  0.51380 
 10.24500  0.51528  0.51380 
 10.34500  0.51529  0.51380 
 10.44500  0.51525  0.51371 
 10.54500  0.51522  0.51370 
 10.64500  0.51523  0.51370 
 10.74500  0.51522  0.51370 
 10.84500  0.51525  0.51370 
 10.94500  0.51525  0.51370 
 11.04500  0.51526  0.51370 
 11.14500  0.51519  0.51370 
 11.24500  0.51517  0.51370 
 11.34500  0.51518  0.51370 
 11.44500  0.51519  0.51370 
 11.54500  0.51520  0.51370 
 11.64500  0.51516  0.51370 
 11.74500  0.51514  0.51365 
 11.84500  0.51513  0.51360 
 11.94500  0.51511  0.51360 
 12.04500  0.51512  0.51360 
 12.14500  0.51506  0.51360 
 12.24500  0.51505  0.51360 
 12.34500  0.51505  0.51360 
 12.44500  0.51504  0.51360 
 12.54500  0.51501  0.51360 
 12.64500  0.51500  0.51360 
 12.74500  0.51500  0.51360 
 12.84500  0.51500  0.51360 
 12.94500  0.51500  0.51357 
 13.04500  0.51500  0.51350 
 13.14500  0.51494  0.51350 
 13.24500  0.51492  0.51350 
 13.34500  0.51493  0.51350 
 13.44500  0.51493  0.51350 
 13.54500  0.51492  0.51350 
 13.64500  0.51487  0.51350 
 13.74500  0.51485  0.51350 
 13.84500  0.51486  0.51350 
 13.94500  0.51484  0.51350 
 14.04500  0.51481  0.51349 
 14.14500  0.51474  0.51340 
 14.24500  0.51472  0.51340 
 14.34500  0.51473  0.51340 
 14.44500  0.51471  0.51340 
 14.54500  0.51469  0.51340 
 14.64500  0.51467  0.51340 
 14.74500  0.51466  0.51340 
 14.84500  0.51463  0.51340 
 14.94500  0.51456  0.51340 
 15.04500  0.51458  0.51340 
 15.14500  0.51459  0.51335 
 15.24500  0.51457  0.51330 
 15.34500  0.51451  0.51330 
 15.44500  0.51451  0.51330 
 15.54500  0.51451  0.51330 
 15.64500  0.51450  0.51330 
 15.74500  0.51447  0.51330 
 15.84500  0.51450  0.51330 
 15.94500  0.51447  0.51330 
 16.04500  0.51446  0.51330 
 16.14500  0.51443  0.51324 
 16.24500  0.51443  0.51320 
 16.34500  0.51444  0.51320 
 16.44500  0.51440  0.51320 
 16.54500  0.51435  0.51320 
 16.64500  0.51438  0.51320 
 16.74500  0.51438  0.51320 
 16.84500  0.51434  0.51320 
 16.94500  0.51427  0.51320 
 17.04500  0.51428  0.51319 
 17.14500  0.51428  0.51310 
 17.24500  0.51428  0.51310 
 17.34500  0.51428  0.51310 
 17.44500  0.51423  0.51310 
 17.54500  0.51425  0.51310 
 17.64500  0.51419  0.51310 
 17.74500  0.51420  0.51310 
 17.84500  0.51421  0.51310 
 17.94500  0.51418  0.51310 
 18.04500  0.51415  0.51300 
 18.14500  0.51416  0.51300 
 18.24500  0.51417  0.51300 
 18.34500  0.51410  0.51300 
 18.44500  0.51410  0.51300 
 18.54500  0.51413  0.51300 
 18.64500  0.51412  0.51300 
 18.74500  0.51411  0.51300 
 18.84500  0.51406  0.51298 
 18.94500  0.51405  0.51290 
 19.04500  0.51401  0.51290 
 19.14500  0.51401  0.51290 
 19.24500  0.51400  0.51290 
 19.34500  0.51398  0.51290 
 19.44500  0.51396  0.51290 
 19.54500  0.51398  0.51290 
 19.64500  0.51398  0.51290 
 19.74500  0.51391  0.51283 
 19.84500  0.51394  0.51280 
 19.94500  0.51394  0.51280 
 20.04500  0.51392  0.51280 
 20.14500  0.51387  0.51280 
 20.24500  0.51388  0.51280 
 20.34500  0.51388  0.51280 
 20.44500  0.51384  0.51280 
 20.54500  0.51384  0.51275 
 20.64500  0.51381  0.51270 
 20.74500  0.51371  0.51270 
 20.84500  0.51367  0.51270 
 20.94500  0.51368  0.51270 
 21.04500  0.51363  0.51270 
 21.14500  0.51362  0.51270 
 21.24500  0.51363  0.51270 
 21.34500  0.51361  0.51265 
 21.44500  0.51355  0.51260 
 21.54500  0.51356  0.51260 
 21.64500  0.51355  0.51260 
 21.74500  0.51351  0.51260 
 21.84500  0.51350  0.51260 
 21.94500  0.51347  0.51260 
 22.04500  0.51345  0.51260 
 22.14500  0.51347  0.51254 
 22.24500  0.51345  0.51250 
 22.34500  0.51340  0.51250 
 22.44500  0.51339  0.51250 
 22.54500  0.51337  0.51250 
 22.64500  0.51330  0.51250 
 22.74500  0.51328  0.51250 
 22.84500  0.51330  0.51250 
 22.94500  0.51324  0.51240 
 23.04500  0.51322  0.51240 
 23.14500  0.51321  0.51240 
 23.24500  0.51319  0.51240 
 23.34500  0.51321  0.51240 
 23.44500  0.51318  0.51240 
 23.54500  0.51310  0.51240 
 23.64500  0.51305  0.51236 
 23.74500  0.51306  0.51230 
 23.84500  0.51299  0.51230 
 23.94500  0.51297  0.51230 
 24.04500  0.51299  0.51230 
 24.14500  0.51293  0.51230 
 24.24500  0.51288  0.51230 
 24.34500  0.51289  0.51230 
 24.44500  0.51287  0.51220 
 24.54500  0.51286  0.51220 
 24.64500  0.51283  0.51220 
 24.74500  0.51279  0.51220 
 24.84500  0.51279  0.51220 
 24.94500  0.51279  0.51220 
 25.04500  0.51271  0.51220 
 25.14500  0.51272  0.51213 
 25.24500  0.51272  0.51210 
 25.34500  0.51267  0.51210 
 25.44500  0.51266  0.51210 
 25.54500  0.51266  0.51210 
 25.64500  0.51263  0.51210 
 25.74500  0.51261  0.51210 
 25.84500  0.51257  0.51204 
 25.94500  0.51253  0.51200 
 26.04500  0.51254  0.51200 
 26.14500  0.51249  0.51200 
 26.24500  0.51240  0.51200 
 26.34500  0.51241  0.51200 
 26.44500  0.51240  0.51200 
 26.54500  0.51236  0.51195 
 26.64500  0.51243  0.51190 
 26.74500  0.51240  0.51190 
 26.84500  0.51239  0.51190 
 26.94500  0.51238  0.51190 
 27.04500  0.51234  0.51190 
 27.14500  0.51234  0.51190 
 27.24500  0.51232  0.51186 
 27.34500  0.51228  0.51180 
 27.44500  0.51226  0.51180 
 27.54500  0.51228  0.51180 
 27.64500  0.51222  0.51180 
 27.74500  0.51221  0.51180 
 27.84500  0.51222  0.51180 
 27.94500  0.51218  0.51175 
 28.04500  0.51217  0.51170 
 28.14500  0.51214  0.51170 
 28.24500  0.51214  0.51170 
 28.34500  0.51212  0.51170 
 28.44500  0.51208  0.51170 
 28.54500  0.51211  0.51170 
 28.64500  0.51210  0.51164 
 28.74500  0.51199  0.51160 
 28.84500  0.51198  0.51160 
 28.94500  0.51197  0.51160 
 29.04500  0.51191  0.51160 
 29.14500  0.51189  0.51160 
 29.24500  0.51187  0.51160 
 29.34500  0.51187  0.51152 
 29.44500  0.51184  0.51150 
 29.54500  0.51183  0.51150 
 29.64500  0.51184  0.51150 
 29.74500  0.51181  0.51150 
 29.84500  0.51176  0.51150 
 29.94500  0.51176  0.51150 
 30.04500  0.51175  0.51140 
 30.14500  0.51171  0.51140 
 30.24500  0.51170  0.51140 
 30.34500  0.51167  0.51140 
 30.44500  0.51167  0.51140 
 30.54500  0.51163  0.51140 
 30.64500  0.51160  0.51138 
 30.74500  0.51160  0.51130 
 30.84500  0.51157  0.51130 
 30.94500  0.51153  0.51130 
 31.04500  0.51153  0.51130 
 31.14500  0.51150  0.51130 
 31.24500  0.51139  0.51130 
 31.34500  0.51140  0.51126 
 31.44500  0.51138  0.51120 
 31.54500  0.51138  0.51120 
 31.64500  0.51135  0.51120 
 31.74500  0.51132  0.51120 
 31.84500  0.51131  0.51120 
 31.94500  0.51126  0.51120 
 32.04500  0.51121  0.51113 
 32.14500  0.51121  0.51110 
 32.24500  0.51117  0.51110 
 32.34500  0.51114  0.51110 
 32.44500  0.51116  0.51110 
 32.54500  0.51113  0.51110 
 32.64500  0.51110  0.51110 
 32.74500  0.51108  0.51100 
 32.84500  0.51105  0.51100 
 32.94500  0.51104  0.51100 
 33.04500  0.51100  0.51100 
 33.14500  0.51097  0.51100 
 33.24500  0.51099  0.51100 
 33.34500  0.51090  0.51097 
 33.44500  0.51093  0.51090 
 33.54500  0.51089  0.51090 
 33.64500  0.51079  0.51090 
 33.74500  0.51074  0.51090 
 33.84500  0.51074  0.51090 
 33.94500  0.51070  0.51090 
 34.04500  0.51068  0.51084 
 34.14500  0.51064  0.51080 
 34.24500  0.51063  0.51080 
 34.34500  0.51066  0.51080 
 34.44500  0.51064  0.51080 
 34.54500  0.51065  0.51080 
 34.64500  0.51063  0.51080 
 34.74500  0.51059  0.51071 
 34.84500  0.51058  0.51070 
 34.94500  0.51055  0.51070 
 35.04500  0.51050  0.51070 
 35.14500  0.51048  0.51070 
 35.24500  0.51043  0.51070 
 35.34500  0.51046  0.51068 
 35.44500  0.51046  0.51060 
 35.54500  0.51041  0.51060 
 35.64500  0.51042  0.51060 
 35.74500  0.51040  0.51060 
 35.84500  0.51034  0.51060 
 35.94500  0.51035  0.51060 
 36.04500  0.51030  0.51056 
 36.14500  0.51023  0.51050 
 36.24500  0.51022  0.51050 
 36.34500  0.51018  0.51050 
 36.44500  0.51022  0.51050 
 36.54500  0.51015  0.51050 
 36.64500  0.51011  0.51050 
 36.74500  0.51012  0.51044 
 36.84500  0.51011  0.51040 
 36.94500  0.51004  0.51040 
 37.04500  0.51007  0.51040 
 37.14500  0.51003  0.51040 
 37.24500  0.51000  0.51040 
 37.34500  0.51002  0.51040 
 37.44500  0.50999  0.51032 
 37.54500  0.51000  0.51030 
 37.64500  0.50995  0.51030 
 37.74500  0.50994  0.51030 
 37.84500  0.50993  0.51030 
 37.94500  0.50989  0.51030 
 38.04500  0.50983  0.51030 
 38.14500  0.50983  0.51020 
 38.24500  0.50980  0.51020 
 38.34500  0.50977  0.51020 
 38.44500  0.50979  0.51020 
 38.54500  0.50970  0.51020 
 38.64500  0.50970  0.51020 
 38.74500  0.50965  0.51020 
 38.84500  0.50964  0.51010 
 38.94500  0.50964  0.51010 
 39.04500  0.50961  0.51010 
 39.14500  0.50957  0.51010 
 39.24500  0.50959  0.51010 
 39.34500  0.50956  0.51010 
 39.44500  0.50955  0.51009 
 39.54500  0.50955  0.51000 
 39.64500  0.50948  0.51000 
 39.74500  0.50948  0.51000 
 39.84500  0.50945  0.51000 
 39.94500  0.50942  0.51000 
 40.04500  0.50942  0.51000 
 40.14500  0.50942  0.51000 
 40.24500  0.50935  0.50990 
 40.34500  0.50936  0.50990 
 40.44500  0.50938  0.50990 
 40.54500  0.50932  0.50990 
 40.64500  0.50933  0.50990 
 40.74500  0.50930  0.50990 
 40.84500  0.50929  0.50990 
 40.94500  0.50926  0.50981 
 41.04500  0.50922  0.50980 
 41.14500  0.50915  0.50980 
 41.24500  0.50912  0.50980 
 41.34500  0.50907  0.50980 
 41.44500  0.50905  0.50980 
 41.54500  0.50909  0.50980 
 41.64500  0.50904  0.50973 
 41.74500  0.50901  0.50970 
 41.84500  0.50900  0.50970 
 41.94500  0.50898  0.50970 
 42.04500  0.50895  0.50970 
 42.14500  0.50893  0.50970 
 42.24500  0.50893  0.50970 
 42.34500  0.50896  0.50966 
 42.44500  0.50895  0.50960 
 42.54500  0.50890  0.50960 
 42.64500  0.50890  0.50960 
 42.74500  0.50891  0.50960 
 42.84500  0.50883  0.50960 
 42.94500  0.50880  0.50960 
 43.04500  0.50880  0.50960 
 43.14500  0.50877  0.50950 
 43.24500  0.50873  0.50950 
 43.34500  0.50873  0.50950 
 43.44500  0.50870  0.50950 
 43.54500  0.50869  0.50950 
 43.64500  0.50868  0.50950 
 43.74500  0.50861  0.50950 
 43.84500  0.50858  0.50946 
 43.94500  0.50858  0.50940 
 44.04500  0.50852  0.50940 
 44.14500  0.50849  0.50940 
 44.24500  0.50850  0.50940 
 44.34500  0.50848  0.50940 
 44.44500  0.50844  0.50940 
 44.54500  0.50841  0.50940 
 44.64500  0.50842  0.50933 
 44.74500  0.50839  0.50930 
 44.84500  0.50841  0.50930 
 44.94500  0.50838  0.50930 
 45.04500  0.50835  0.50930 
 45.14500  0.50836  0.50930 
 45.24500  0.50834  0.50930 
 45.34500  0.50828  0.50930 
 45.44500  0.50828  0.50922 
 45.54500  0.50829  0.50920 
 45.64500  0.50826  0.50920 
 45.74500  0.50821  0.50920 
 45.84500  0.50823  0.50920 
 45.94500  0.50823  0.50920 
 46.04500  0.50822  0.50920 
 46.14500  0.50818  0.50920 
 46.24500  0.50817  0.50913 
 46.34500  0.50812  0.50910 
 46.44500  0.50813  0.50910 
 46.54500  0.50812  0.50910 
 46.64500  0.50802  0.50910 
 46.74500  0.50799  0.50910 
 46.84500  0.50800  0.50910 
 46.94500  0.50798  0.50910 
 47.04500  0.50792  0.50906 
 47.14500  0.50795  0.50900 
 47.24500  0.50796  0.50900 
 47.34500  0.50793  0.50900 
 47.44500  0.50790  0.50900 
 47.54500  0.50789  0.50900 
 47.64500  0.50787  0.50900 
 47.74500  0.50787  0.50900 
 47.84500  0.50786  0.50900 
 47.94500  0.50783  0.50892 
 48.04500  0.50780  0.50890 
 48.14500  0.50780  0.50890 
 48.24500  0.50780  0.50890 
 48.34500  0.50774  0.50890 
 48.44500  0.50773  0.50890 
 48.54500  0.50775  0.50890 
 48.64500  0.50775  0.50890 
 48.74500  0.50771  0.50890 
 48.84500  0.50768  0.50880 
 48.94500  0.50768  0.50880 
 49.04500  0.50767  0.50880 
 49.14500  0.50766  0.50880 
 49.24500  0.50765  0.50880 
 49.34500  0.50762  0.50880 
 49.44500  0.50759  0.50880 
 49.54500  0.50758  0.50880 
 49.64500  0.50759  0.50880 
 49.74500  0.50761  0.50872 
 49.84500  0.50750  0.50870 
 49.94500  0.50747  0.50870 
 50.04500  0.50749  0.50870 
 50.14500  0.50748  0.50870 
 50.24500  0.50744  0.50870 
 50.34500  0.50738  0.50870 
 50.44500  0.50738  0.50870 
 50.54500  0.50738  0.50870 
 50.64500  0.50734  0.50868 
 50.74500  0.50735  0.50860 
 50.84500  0.50731  0.50860 
 50.94500  0.50730  0.50860 
 51.04500  0.50726  0.50860 
 51.14500  0.50728  0.50860 
 51.24500  0.50730  0.50860 
 51.34500  0.50728  0.50860 
 51.44500  0.50721  0.50860 
 51.54500  0.50722  0.50860 
 51.64500  0.50723  0.50859 
 51.74500  0.50722  0.50850 
 51.84500  0.50718  0.50850 
 51.94500  0.50716  0.50850 
 52.04500  0.50721  0.50850 
 52.14500  0.50720  0.50850 
 52.24500  0.50719  0.50850 
 52.34500  0.50717  0.50850 
 52.44500  0.50715  0.50850 
 52.54500  0.50712  0.50850 
 52.64500  0.50709  0.50850 
 52.74500  0.50708  0.50847 
 52.84500  0.50709  0.50840 
 52.94500  0.50709  0.50840 
 53.04500  0.50708  0.50840 
 53.14500  0.50700  0.50840 
 53.24500  0.50701  0.50840 
 53.34500  0.50702  0.50840 
 53.44500  0.50704  0.50840 
 53.54500  0.50700  0.50840 
 53.64500  0.50691  0.50840 
 53.74500  0.50686  0.50840 
 53.84500  0.50688  0.50840 
 53.94500  0.50687  0.50832 
 54.04500  0.50686  0.50830 
 54.14500  0.50684  0.50830 
 54.24500  0.50683  0.50830 
 54.34500  0.50679  0.50830 
 54.44500  0.50683  0.50830 
 54.54500  0.50683  0.50830 
 54.64500  0.50679  0.50830 
 54.74500  0.50680  0.50830 
 54.84500  0.50680  0.50830 
 54.94500  0.50680  0.50830 
 55.04500  0.50675  0.50830 
 55.14500  0.50673  0.50826 
 55.24500  0.50673  0.50820 
 55.34500  0.50671  0.50820 
 55.44500  0.50671  0.50820 
 55.54500  0.50672  0.50820 
 55.64500  0.50664  0.50820 
 55.74500  0.50664  0.50820 
 55.84500  0.50665  0.50820 
 55.94500  0.50665  0.50820 
 56.04500  0.50665  0.50820 
 56.14500  0.50665  0.50820 
 56.24500  0.50662  0.50820 
 56.34500  0.50662  0.50820 
 56.44500  0.50663  0.50820 
 56.54500  0.50662  0.50815 
 56.64500  0.50664  0.50810 
 56.74500  0.50663  0.50810 
 56.84500  0.50659  0.50810 
 56.94500  0.50661  0.50810 
 57.04500  0.50661  0.50810 
 57.14500  0.50661  0.50810 
 57.24500  0.50659  0.50810 
 57.34500  0.50659  0.50810 
 57.44500  0.50654  0.50810 
 57.54500  0.50656  0.50810 
 57.64500  0.50657  0.50810 
 57.74500  0.50657  0.50810 
 57.84500  0.50658  0.50810 
 57.94500  0.50658  0.50810 
 58.04500  0.50653  0.50810 
 58.14500  0.50649  0.50804 
 58.24500  0.50654  0.50800 
 58.34500  0.50649  0.50800 
 58.44500  0.50653  0.50800 
 58.54500  0.50652  0.50800 
 58.64500  0.50654  0.50800 
 58.74500  0.50652  0.50800 
 58.84500  0.50645  0.50800 
 58.94500  0.50641  0.50800 
 59.04500  0.50639  0.50800 
 59.14500  0.50639  0.50800 
 59.24500  0.50641  0.50800 
 59.34500  0.50641  0.50800 
 59.44500  0.50640  0.50800 
 59.54500  0.50640  0.50800 
 59.64500  0.50635  0.50800 
 59.74500  0.50637  0.50800 
 59.84500  0.50636  0.50800 
 59.94500  0.50639  0.50800 
 60.04500  0.50636  0.50800 
 60.14500  0.50633  0.50790 
 60.24500  0.50635  0.50790 
 60.34500  0.50632  0.50790 
 60.44500  0.50633  0.50790 
 60.54500  0.50628  0.50790 
 60.64500  0.50627  0.50790 
 60.74500  0.50633  0.50790 
 60.84500  0.50629  0.50790 
 60.94500  0.50629  0.50790 
 61.04500  0.50630  0.50790 
 61.14500  0.50628  0.50790 
 61.24500  0.50629  0.50790 
 61.34500  0.50627  0.50790 
 61.44500  0.50623  0.50790 
 61.54500  0.50621  0.50790 
 61.64500  0.50620  0.50790 
 61.74500  0.50619  0.50790 
 61.84500  0.50621  0.50790 
 61.94500  0.50619  0.50790 
 62.04500  0.50618  0.50790 
 62.14500  0.50617  0.50790 
 62.24500  0.50621  0.50790 
 62.34500  0.50624  0.50790 
 62.44500  0.50620  0.50790 
 62.54500  0.50619  0.50790 
 62.64500  0.50620  0.50790 
 62.74500  0.50622  0.50790 
 62.84500  0.50613  0.50790 
 62.94500  0.50615  0.50785 
 63.04500  0.50615  0.50780 
 63.14500  0.50610  0.50780 
 63.24500  0.50608  0.50780 
 63.34500  0.50608  0.50780 
 63.44500  0.50607  0.50780 
 63.54500  0.50606  0.50780 
 63.64500  0.50609  0.50780 
 63.74500  0.50610  0.50780 
 63.84500  0.50606  0.50780 
 63.94500  0.50605  0.50780 
 64.04500  0.50605  0.50780 
 64.14500  0.50608  0.50780 
 64.24500  0.50608  0.50780 
 64.34500  0.50607  0.50780 
 64.44500  0.50604  0.50780 
 64.54500  0.50601  0.50780 
 64.64500  0.50602  0.50780 
 64.74500  0.50603  0.50780 
 64.84500  0.50603  0.50780 
 64.94500  0.50601  0.50780 
 65.04500  0.50601  0.50780 
 65.14500  0.50601  0.50780 
 65.24500  0.50600  0.50780 
 65.34500  0.50599  0.50780 
 65.44500  0.50594  0.50780 
 65.54500  0.50595  0.50780 
 65.64500  0.50595  0.50780 
 65.74500  0.50595  0.50780 
 65.84500  0.50595  0.50780 
 65.94500  0.50595  0.50780 
 66.04500  0.50595  0.50780 
 66.14500  0.50594  0.50780 
 66.24500  0.50594  0.50780 
 66.34500  0.50594  0.50780 
 66.44500  0.50594  0.50780 
