  0.04500  1.00000  1.00000 
  0.14500  1.00001  1.00000 
  0.24500  1.00001  1.00000 
  0.34500  1.00000  1.00000 
  0.44500  1.00000  1.00000 
  0.54500  1.00001  1.00000 
  0.64500  1.00000  1.00000 
  0.74500  1.00000  1.00000 
  0.84500  1.00000  1.00000 
  0.94500  0.99996  1.00000 
  1.04500  0.99997  1.00000 
  1.14500  0.99994  0.99990 
  1.24500  0.99992  0.99990 
  1.34500  0.99983  0.99985 
  1.44500  0.99977  0.99977 
  1.54500  0.99965  0.99965 
  1.64500  0.99948  0.99947 
  1.74500  0.99922  0.99923 
  1.84500  0.99887  0.99888 
  1.94500  0.99837  0.99838 
  2.04500  0.99769  0.99769 
  2.14500  0.99674  0.99674 
  2.24500  0.99547  0.99547 
  2.34500  0.99376  0.99376 
  2.44500  0.99152  0.99150 
  2.54500  0.98858  0.98856 
  2.64500  0.98478  0.98476 
  2.74500  0.97997  0.97995 
  2.84500  0.97392  0.97390 
  2.94500  0.96641  0.96641 
  3.04500  0.95719  0.95719 
  3.14500  0.94606  0.94604 
  3.24500  0.93276  0.93274 
  3.34500  0.91706  0.91701 
  3.44500  0.89875  0.89867 
  3.54500  0.87766  0.87753 
  3.64500  0.85361  0.85347 
  3.74500  0.82657  0.82643 
  3.84500  0.79652  0.79642 
  3.94500  0.76352  0.76349 
  4.04500  0.72780  0.72785 
  4.14500  0.68960  0.68972 
  4.24500  0.64933  0.64944 
  4.34500  0.60739  0.60739 
  4.44500  0.56427  0.56406 
  4.54500  0.52035  0.51994 
  4.64500  0.47511  0.47556 
  4.74500  0.43132  0.43150 
  4.84500  0.38828  0.38827 
  4.94500  0.34649  0.34640 
  5.04500  0.30640  0.30631 
  5.14500  0.26847  0.26841 
  5.24500  0.23300  0.23304 
  5.34500  0.20030  0.20043 
  5.44500  0.17054  0.17072 
  5.54500  0.14383  0.14399 
  5.64500  0.12011  0.12025 
  5.74500  0.09933  0.09945 
  5.84500  0.08135  0.08141 
  5.94500  0.06598  0.06600 
  6.04500  0.05301  0.05301 
  6.14500  0.04223  0.04225 
  6.24500  0.03342  0.03345 
  6.34500  0.02638  0.02640 
  6.44500  0.02089  0.02093 
  6.54500  0.01680  0.01686 
  6.64500  0.01396  0.01399 
  6.74500  0.01223  0.01229 
  6.84500  0.01160  0.01164 
  6.94500  0.01196  0.01201 
  7.04500  0.01340  0.01344 
  7.14500  0.01596  0.01600 
  7.24500  0.01972  0.01975 
  7.34500  0.02484  0.02486 
  7.44500  0.03145  0.03146 
  7.54500  0.03978  0.03982 
  7.64500  0.05004  0.05007 
  7.74500  0.06242  0.06246 
  7.84500  0.07718  0.07723 
  7.94500  0.09447  0.09457 
  8.04500  0.11452  0.11464 
  8.14500  0.13747  0.13763 
  8.24500  0.16342  0.16358 
  8.34500  0.19240  0.19252 
  8.44500  0.22434  0.22441 
  8.54500  0.25912  0.25912 
  8.64500  0.29647  0.29638 
  8.74500  0.33605  0.33595 
  8.84500  0.37746  0.37740 
  8.94500  0.42020  0.42033 
  9.04500  0.46386  0.46425 
  9.14500  0.50875  0.50857 
  9.24500  0.55307  0.55280 
  9.34500  0.59646  0.59640 
  9.44500  0.63874  0.63883 
  9.54500  0.67947  0.67961 
  9.64500  0.71822  0.71831 
  9.74500  0.75462  0.75463 
  9.84500  0.78834  0.78826 
  9.94500  0.81916  0.81902 
 10.04500  0.84698  0.84684 
 10.14500  0.87176  0.87162 
 10.24500  0.89359  0.89348 
 10.34500  0.91258  0.91250 
 10.44500  0.92890  0.92886 
 10.54500  0.94275  0.94273 
 10.64500  0.95436  0.95435 
 10.74500  0.96393  0.96393 
 10.84500  0.97169  0.97169 
 10.94500  0.97789  0.97787 
 11.04500  0.98270  0.98266 
 11.14500  0.98631  0.98628 
 11.24500  0.98884  0.98880 
 11.34500  0.99043  0.99041 
 11.44500  0.99114  0.99111 
 11.54500  0.99100  0.99097 
 11.64500  0.98999  0.98998 
 11.74500  0.98811  0.98809 
 11.84500  0.98523  0.98521 
 11.94500  0.98124  0.98122 
 12.04500  0.97599  0.97597 
 12.14500  0.96929  0.96929 
 12.24500  0.96095  0.96096 
 12.34500  0.95074  0.95072 
 12.44500  0.93842  0.93840 
 12.54500  0.92375  0.92371 
 12.64500  0.90659  0.90651 
 12.74500  0.88666  0.88654 
 12.84500  0.86387  0.86371 
 12.94500  0.83807  0.83792 
 13.04500  0.80925  0.80914 
 13.14500  0.77746  0.77738 
 13.24500  0.74282  0.74283 
 13.34500  0.70561  0.70569 
 13.44500  0.66615  0.66627 
 13.54500  0.62484  0.62490 
 13.64500  0.58214  0.58202 
 13.74500  0.53851  0.53816 
 13.84500  0.49369  0.49384 
 13.94500  0.44930  0.44960 
 14.04500  0.40588  0.40594 
 14.14500  0.36352  0.36346 
 14.24500  0.32269  0.32257 
 14.34500  0.28381  0.28373 
 14.44500  0.24730  0.24731 
 14.54500  0.21344  0.21353 
 14.64500  0.18249  0.18262 
 14.74500  0.15451  0.15469 
 14.84500  0.12958  0.12976 
 14.94500  0.10766  0.10778 
 15.04500  0.08860  0.08868 
 15.14500  0.07225  0.07231 
 15.24500  0.05844  0.05846 
 15.34500  0.04696  0.04700 
 15.44500  0.03760  0.03762 
 15.54500  0.03017  0.03021 
 15.64500  0.02450  0.02453 
 15.74500  0.02041  0.02044 
 15.84500  0.01779  0.01785 
 15.94500  0.01657  0.01662 
 16.04500  0.01669  0.01675 
 16.14500  0.01817  0.01823 
 16.24500  0.02105  0.02111 
 16.34500  0.02542  0.02545 
 16.44500  0.03143  0.03144 
 16.54500  0.03920  0.03921 
 16.64500  0.04893  0.04894 
 16.74500  0.06084  0.06085 
 16.84500  0.07511  0.07514 
 16.94500  0.09194  0.09203 
 17.04500  0.11153  0.11166 
 17.14500  0.13401  0.13414 
 17.24500  0.15948  0.15967 
 17.34500  0.18800  0.18814 
 17.44500  0.21951  0.21959 
 17.54500  0.25389  0.25390 
 17.64500  0.29088  0.29079 
 17.74500  0.33016  0.33003 
 17.84500  0.37130  0.37125 
 17.94500  0.41390  0.41399 
 18.04500  0.45744  0.45777 
 18.14500  0.50214  0.50210 
 18.24500  0.54668  0.54638 
 18.34500  0.59018  0.59009 
 18.44500  0.63264  0.63273 
 18.54500  0.67364  0.67375 
 18.64500  0.71271  0.71280 
 18.74500  0.74948  0.74949 
 18.84500  0.78359  0.78352 
 18.94500  0.81486  0.81471 
 19.04500  0.84311  0.84295 
 19.14500  0.86835  0.86820 
 19.24500  0.89062  0.89049 
 19.34500  0.91002  0.90996 
 19.44500  0.92675  0.92671 
 19.54500  0.94098  0.94096 
 19.64500  0.95294  0.95294 
 19.74500  0.96287  0.96287 
 19.84500  0.97103  0.97101 
 19.94500  0.97760  0.97760 
 20.04500  0.98285  0.98284 
 20.14500  0.98697  0.98694 
 20.24500  0.99012  0.99009 
 20.34500  0.99247  0.99246 
 20.44500  0.99415  0.99413 
 20.54500  0.99527  0.99523 
 20.64500  0.99588  0.99587 
 20.74500  0.99601  0.99600 
 20.84500  0.99573  0.99571 
 20.94500  0.99496  0.99494 
 21.04500  0.99366  0.99364 
 21.14500  0.99178  0.99175 
 21.24500  0.98917  0.98913 
 21.34500  0.98573  0.98568 
 21.44500  0.98125  0.98123 
 21.54500  0.97560  0.97559 
 21.64500  0.96854  0.96851 
 21.74500  0.95982  0.95980 
 21.84500  0.94924  0.94921 
 21.94500  0.93655  0.93652 
 22.04500  0.92151  0.92147 
 22.14500  0.90392  0.90383 
 22.24500  0.88359  0.88346 
 22.34500  0.86036  0.86021 
 22.44500  0.83413  0.83397 
 22.54500  0.80487  0.80473 
 22.64500  0.77265  0.77258 
 22.74500  0.73763  0.73767 
 22.84500  0.70005  0.70016 
 22.94500  0.66031  0.66041 
 23.04500  0.61877  0.61879 
 23.14500  0.57591  0.57577 
 23.24500  0.53220  0.53181 
 23.34500  0.48719  0.48745 
 23.44500  0.44298  0.44324 
 23.54500  0.39971  0.39975 
 23.64500  0.35754  0.35746 
 23.74500  0.31696  0.31683 
 23.84500  0.27840  0.27835 
 23.94500  0.24224  0.24226 
 24.04500  0.20876  0.20887 
 24.14500  0.17821  0.17837 
 24.24500  0.15066  0.15082 
 24.34500  0.12613  0.12628 
 24.44500  0.10456  0.10468 
 24.54500  0.08580  0.08587 
 24.64500  0.06969  0.06974 
 24.74500  0.05602  0.05605 
 24.84500  0.04456  0.04460 
 24.94500  0.03510  0.03510 
 25.04500  0.02737  0.02739 
 25.14500  0.02116  0.02118 
 25.24500  0.01625  0.01628 
 25.34500  0.01246  0.01251 
 25.44500  0.00964  0.00967 
 25.54500  0.00761  0.00764 
 25.64500  0.00629  0.00635 
 25.74500  0.00562  0.00563 
 25.84500  0.00551  0.00555 
 25.94500  0.00601  0.00603 
 26.04500  0.00711  0.00714 
 26.14500  0.00890  0.00893 
 26.24500  0.01145  0.01149 
 26.34500  0.01492  0.01494 
 26.44500  0.01944  0.01947 
 26.54500  0.02520  0.02521 
 26.64500  0.03240  0.03244 
 26.74500  0.04128  0.04129 
 26.84500  0.05208  0.05210 
 26.94500  0.06501  0.06504 
 27.04500  0.08031  0.08037 
 27.14500  0.09819  0.09828 
 27.24500  0.11884  0.11899 
 27.34500  0.14241  0.14257 
 27.44500  0.16897  0.16913 
 27.54500  0.19856  0.19868 
 27.64500  0.23111  0.23118 
 27.74500  0.26644  0.26638 
 27.84500  0.30425  0.30415 
 27.94500  0.34423  0.34413 
 28.04500  0.38593  0.38595 
 28.14500  0.42891  0.42909 
 28.24500  0.47271  0.47312 
 28.34500  0.51783  0.51748 
 28.44500  0.56185  0.56165 
 28.54500  0.60505  0.60502 
 28.64500  0.64707  0.64717 
 28.74500  0.68744  0.68755 
 28.84500  0.72575  0.72581 
 28.94500  0.76164  0.76159 
 29.04500  0.79478  0.79467 
 29.14500  0.82500  0.82484 
 29.24500  0.85221  0.85206 
 29.34500  0.87641  0.87626 
 29.44500  0.89766  0.89755 
 29.54500  0.91612  0.91606 
 29.64500  0.93194  0.93191 
 29.74500  0.94535  0.94533 
 29.84500  0.95655  0.95653 
 29.94500  0.96583  0.96582 
 30.04500  0.97337  0.97335 
 30.14500  0.97940  0.97938 
 30.24500  0.98414  0.98412 
 30.34500  0.98779  0.98773 
 30.44500  0.99047  0.99044 
 30.54500  0.99234  0.99233 
 30.64500  0.99350  0.99349 
 30.74500  0.99399  0.99397 
 30.84500  0.99389  0.99387 
 30.94500  0.99315  0.99313 
 31.04500  0.99172  0.99172 
 31.14500  0.98956  0.98952 
 31.24500  0.98652  0.98649 
 31.34500  0.98248  0.98245 
 31.44500  0.97727  0.97725 
 31.54500  0.97069  0.97068 
 31.64500  0.96253  0.96251 
 31.74500  0.95256  0.95256 
 31.84500  0.94053  0.94054 
 31.94500  0.92624  0.92619 
 32.04500  0.90942  0.90938 
 32.14500  0.88994  0.88983 
 32.24500  0.86759  0.86744 
 32.34500  0.84226  0.84209 
 32.44500  0.81389  0.81376 
 32.54500  0.78255  0.78249 
 32.64500  0.74834  0.74836 
 32.74500  0.71150  0.71159 
 32.84500  0.67237  0.67249 
 32.94500  0.63131  0.63137 
 33.04500  0.58881  0.58871 
 33.14500  0.54529  0.54497 
 33.24500  0.50069  0.50068 
 33.34500  0.45605  0.45637 
 33.44500  0.41252  0.41262 
 33.54500  0.36996  0.36990 
 33.64500  0.32886  0.32876 
 33.74500  0.28965  0.28957 
 33.84500  0.25275  0.25272 
 33.94500  0.21845  0.21854 
 34.04500  0.18700  0.18714 
 34.14500  0.15856  0.15874 
 34.24500  0.13314  0.13329 
 34.34500  0.11069  0.11079 
 34.44500  0.09110  0.09119 
 34.54500  0.07423  0.07429 
 34.64500  0.05985  0.05988 
 34.74500  0.04776  0.04778 
 34.84500  0.03773  0.03772 
 34.94500  0.02950  0.02952 
 35.04500  0.02286  0.02287 
 35.14500  0.01760  0.01762 
 35.24500  0.01349  0.01353 
 35.34500  0.01040  0.01044 
 35.44500  0.00815  0.00816 
 35.54500  0.00662  0.00665 
 35.64500  0.00575  0.00578 
 35.74500  0.00548  0.00551 
 35.84500  0.00581  0.00583 
 35.94500  0.00672  0.00673 
 36.04500  0.00829  0.00832 
 36.14500  0.01060  0.01064 
 36.24500  0.01378  0.01381 
 36.34500  0.01798  0.01801 
 36.44500  0.02336  0.02336 
 36.54500  0.03009  0.03011 
 36.64500  0.03846  0.03846 
 36.74500  0.04866  0.04866 
 36.84500  0.06092  0.06096 
 36.94500  0.07550  0.07555 
 37.04500  0.09259  0.09267 
 37.14500  0.11239  0.11251 
 37.24500  0.13507  0.13523 
 37.34500  0.16075  0.16091 
 37.44500  0.18943  0.18958 
 37.54500  0.22112  0.22118 
 37.64500  0.25563  0.25561 
 37.74500  0.29275  0.29265 
 37.84500  0.33212  0.33200 
 37.94500  0.37335  0.37329 
 38.04500  0.41599  0.41610 
 38.14500  0.45958  0.45994 
 38.24500  0.50435  0.50426 
 38.34500  0.54883  0.54854 
 38.44500  0.59228  0.59221 
 38.54500  0.63469  0.63475 
 38.64500  0.67560  0.67572 
 38.74500  0.71457  0.71465 
 38.84500  0.75120  0.75122 
 38.94500  0.78519  0.78511 
 39.04500  0.81631  0.81617 
 39.14500  0.84442  0.84424 
 39.24500  0.86951  0.86937 
 39.34500  0.89162  0.89152 
 39.44500  0.91089  0.91081 
 39.54500  0.92748  0.92744 
 39.64500  0.94158  0.94158 
 39.74500  0.95344  0.95342 
 39.84500  0.96325  0.96324 
 39.94500  0.97129  0.97127 
 40.04500  0.97774  0.97773 
 40.14500  0.98285  0.98282 
 40.24500  0.98681  0.98678 
 40.34500  0.98976  0.98972 
 40.44500  0.99186  0.99184 
 40.54500  0.99323  0.99322 
 40.64500  0.99392  0.99390 
 40.74500  0.99398  0.99396 
 40.84500  0.99342  0.99342 
 40.94500  0.99222  0.99220 
 41.04500  0.99028  0.99026 
 41.14500  0.98752  0.98750 
 41.24500  0.98380  0.98376 
 41.34500  0.97895  0.97894 
 41.44500  0.97281  0.97280 
 41.54500  0.96515  0.96514 
 41.64500  0.95572  0.95572 
 41.74500  0.94434  0.94432 
 41.84500  0.93074  0.93071 
 41.94500  0.91473  0.91464 
 42.04500  0.89605  0.89594 
 42.14500  0.87455  0.87443 
 42.24500  0.85012  0.84997 
 42.34500  0.82266  0.82253 
 42.44500  0.79221  0.79211 
 42.54500  0.75884  0.75882 
 42.64500  0.72275  0.72281 
 42.74500  0.68426  0.68437 
 42.84500  0.64372  0.64382 
 42.94500  0.60159  0.60157 
 43.04500  0.55833  0.55809 
 43.14500  0.51420  0.51391 
 43.24500  0.46916  0.46956 
 43.34500  0.42540  0.42558 
 43.44500  0.38253  0.38251 
 43.54500  0.34093  0.34083 
 43.64500  0.30112  0.30102 
 43.74500  0.26348  0.26345 
 43.84500  0.22838  0.22844 
 43.94500  0.19608  0.19620 
 44.04500  0.16675  0.16690 
 44.14500  0.14043  0.14059 
 44.24500  0.11712  0.11726 
 44.34500  0.09672  0.09683 
 44.44500  0.07911  0.07916 
 44.54500  0.06408  0.06410 
 44.64500  0.05141  0.05143 
 44.74500  0.04091  0.04094 
 44.84500  0.03237  0.03239 
 44.94500  0.02555  0.02558 
 45.04500  0.02026  0.02028 
 45.14500  0.01634  0.01640 
 45.24500  0.01366  0.01370 
 45.34500  0.01209  0.01213 
 45.44500  0.01159  0.01162 
 45.54500  0.01210  0.01216 
 45.64500  0.01369  0.01374 
 45.74500  0.01640  0.01643 
 45.84500  0.02034  0.02036 
 45.94500  0.02564  0.02566 
 46.04500  0.03250  0.03252 
 46.14500  0.04107  0.04109 
 46.24500  0.05161  0.05162 
 46.34500  0.06429  0.06431 
 46.44500  0.07938  0.07942 
 46.54500  0.09703  0.09714 
 46.64500  0.11748  0.11760 
 46.74500  0.14083  0.14098 
 46.84500  0.16718  0.16736 
 46.94500  0.19657  0.19669 
 47.04500  0.22892  0.22896 
 47.14500  0.26407  0.26402 
 47.24500  0.30174  0.30163 
 47.34500  0.34158  0.34147 
 47.44500  0.38319  0.38317 
 47.54500  0.42610  0.42626 
 47.64500  0.46983  0.47027 
 47.74500  0.51489  0.51461 
 47.84500  0.55902  0.55878 
 47.94500  0.60227  0.60223 
 48.04500  0.64438  0.64446 
 48.14500  0.68487  0.68500 
 48.24500  0.72333  0.72340 
 48.34500  0.75937  0.75934 
 48.44500  0.79270  0.79260 
 48.54500  0.82312  0.82296 
 48.64500  0.85050  0.85033 
 48.74500  0.87486  0.87472 
 48.84500  0.89627  0.89618 
 48.94500  0.91486  0.91480 
 49.04500  0.93077  0.93074 
 49.14500  0.94423  0.94421 
 49.24500  0.95543  0.95542 
 49.34500  0.96459  0.96461 
 49.44500  0.97195  0.97192 
 49.54500  0.97765  0.97762 
 49.64500  0.98191  0.98187 
 49.74500  0.98485  0.98481 
 49.84500  0.98656  0.98652 
 49.94500  0.98715  0.98711 
 50.04500  0.98661  0.98658 
 50.14500  0.98493  0.98490 
 50.24500  0.98205  0.98202 
 50.34500  0.97785  0.97781 
 50.44500  0.97220  0.97219 
 50.54500  0.96493  0.96493 
 50.64500  0.95584  0.95583 
 50.74500  0.94473  0.94472 
 50.84500  0.93138  0.93134 
 50.94500  0.91555  0.91547 
 51.04500  0.89708  0.89700 
 51.14500  0.87580  0.87565 
 51.24500  0.85156  0.85139 
 51.34500  0.82429  0.82413 
 51.44500  0.79400  0.79389 
 51.54500  0.76079  0.76077 
 51.64500  0.72485  0.72494 
 51.74500  0.68650  0.68662 
 51.84500  0.64607  0.64616 
 51.94500  0.60403  0.60400 
 52.04500  0.56081  0.56058 
 52.14500  0.51677  0.51644 
 52.24500  0.47164  0.47207 
 52.34500  0.42787  0.42807 
 52.44500  0.38493  0.38491 
 52.54500  0.34326  0.34315 
 52.64500  0.30332  0.30324 
 52.74500  0.26556  0.26552 
 52.84500  0.23032  0.23035 
 52.94500  0.19782  0.19797 
 53.04500  0.16831  0.16848 
 53.14500  0.14183  0.14197 
 53.24500  0.11832  0.11848 
 53.34500  0.09776  0.09786 
 53.44500  0.07997  0.08001 
 53.54500  0.06474  0.06476 
 53.64500  0.05188  0.05189 
 53.74500  0.04119  0.04118 
 53.84500  0.03240  0.03241 
 53.94500  0.02531  0.02533 
 54.04500  0.01969  0.01971 
 54.14500  0.01536  0.01538 
 54.24500  0.01215  0.01221 
 54.34500  0.00993  0.00996 
 54.44500  0.00857  0.00860 
 54.54500  0.00804  0.00806 
 54.64500  0.00829  0.00834 
 54.74500  0.00934  0.00938 
 54.84500  0.01124  0.01128 
 54.94500  0.01407  0.01412 
 55.04500  0.01798  0.01801 
 55.14500  0.02311  0.02314 
 55.24500  0.02963  0.02965 
 55.34500  0.03778  0.03780 
 55.44500  0.04777  0.04778 
 55.54500  0.05980  0.05983 
 55.64500  0.07415  0.07419 
 55.74500  0.09097  0.09105 
 55.84500  0.11053  0.11067 
 55.94500  0.13295  0.13309 
 56.04500  0.15832  0.15849 
 56.14500  0.18675  0.18689 
 56.24500  0.21817  0.21825 
 56.34500  0.25245  0.25242 
 56.44500  0.28933  0.28925 
 56.54500  0.32852  0.32839 
 56.64500  0.36960  0.36954 
 56.74500  0.41214  0.41224 
 56.84500  0.45567  0.45602 
 56.94500  0.50030  0.50030 
 57.04500  0.54492  0.54458 
 57.14500  0.58843  0.58836 
 57.24500  0.63095  0.63102 
 57.34500  0.67202  0.67213 
 57.44500  0.71119  0.71126 
 57.54500  0.74804  0.74806 
 57.64500  0.78228  0.78220 
 57.74500  0.81365  0.81351 
 57.84500  0.84203  0.84186 
 57.94500  0.86740  0.86723 
 58.04500  0.88977  0.88964 
 58.14500  0.90931  0.90921 
 58.24500  0.92612  0.92608 
 58.34500  0.94046  0.94044 
 58.44500  0.95251  0.95249 
 58.54500  0.96253  0.96251 
 58.64500  0.97074  0.97073 
 58.74500  0.97737  0.97736 
 58.84500  0.98266  0.98266 
 58.94500  0.98682  0.98679 
 59.04500  0.99002  0.98999 
 59.14500  0.99239  0.99237 
 59.24500  0.99411  0.99408 
 59.34500  0.99523  0.99522 
 59.44500  0.99587  0.99585 
 59.54500  0.99602  0.99600 
 59.64500  0.99575  0.99573 
 59.74500  0.99500  0.99497 
 59.84500  0.99372  0.99372 
 59.94500  0.99187  0.99185 
 60.04500  0.98931  0.98926 
 60.14500  0.98588  0.98585 
 60.24500  0.98146  0.98143 
 60.34500  0.97585  0.97583 
 60.44500  0.96884  0.96882 
 60.54500  0.96021  0.96019 
 60.64500  0.94971  0.94969 
 60.74500  0.93712  0.93708 
 60.84500  0.92217  0.92212 
 60.94500  0.90468  0.90460 
 61.04500  0.88446  0.88435 
 61.14500  0.86136  0.86120 
 61.24500  0.83524  0.83508 
 61.34500  0.80611  0.80599 
 61.44500  0.77402  0.77394 
 61.54500  0.73909  0.73911 
 61.64500  0.70163  0.70173 
 61.74500  0.66195  0.66207 
 61.84500  0.62048  0.62052 
 61.94500  0.57767  0.57753 
 62.04500  0.53398  0.53360 
 62.14500  0.48902  0.48924 
 62.24500  0.44478  0.44502 
 62.34500  0.40144  0.40148 
 62.44500  0.35921  0.35912 
 62.54500  0.31857  0.31844 
 62.64500  0.27992  0.27984 
 62.74500  0.24364  0.24365 
 62.84500  0.21005  0.21018 
 62.94500  0.17939  0.17954 
 63.04500  0.15171  0.15189 
 63.14500  0.12708  0.12722 
 63.24500  0.10537  0.10548 
 63.34500  0.08649  0.08657 
 63.44500  0.07027  0.07031 
 63.54500  0.05650  0.05651 
 63.64500  0.04494  0.04495 
 63.74500  0.03535  0.03537 
 63.84500  0.02752  0.02751 
 63.94500  0.02117  0.02119 
 64.04500  0.01611  0.01613 
 64.14500  0.01213  0.01214 
 64.24500  0.00902  0.00905 
 64.34500  0.00664  0.00665 
 64.44500  0.00483  0.00486 
 64.54500  0.00347  0.00349 
 64.64500  0.00247  0.00249 
 64.74500  0.00175  0.00175 
 64.84500  0.00121  0.00121 
 64.94500  0.00084  0.00084 
 65.04500  0.00056  0.00057 
 65.14500  0.00038  0.00038 
 65.24500  0.00024  0.00025 
 65.34500  0.00017  0.00017 
 65.44500  0.00009  0.00010 
 65.54500  0.00006  0.00010 
 65.64500  0.00003  0.00002 
 65.74500  0.00003  0.00000 
 65.84500  0.00000  0.00000 
 65.94500 -0.00000  0.00000 
 66.04500 -0.00001  0.00000 
 66.14500 -0.00001  0.00000 
 66.24500 -0.00001  0.00000 
 66.34500 -0.00001  0.00000 
 66.44500 -0.00001  0.00000 
