  0.04500  0.99965  0.99970 
  0.14500  0.99964  0.99967 
  0.24500  0.99957  0.99960 
  0.34500  0.99951  0.99952 
  0.44500  0.99938  0.99939 
  0.54500  0.99920  0.99923 
  0.64500  0.99898  0.99900 
  0.74500  0.99869  0.99872 
  0.84500  0.99833  0.99835 
  0.94500  0.99788  0.99789 
  1.04500  0.99727  0.99730 
  1.14500  0.99656  0.99658 
  1.24500  0.99566  0.99565 
  1.34500  0.99455  0.99457 
  1.44500  0.99321  0.99323 
  1.54500  0.99156  0.99159 
  1.64500  0.98959  0.98963 
  1.74500  0.98722  0.98725 
  1.84500  0.98440  0.98443 
  1.94500  0.98105  0.98108 
  2.04500  0.97711  0.97715 
  2.14500  0.97249  0.97254 
  2.24500  0.96713  0.96720 
  2.34500  0.96096  0.96102 
  2.44500  0.95388  0.95393 
  2.54500  0.94578  0.94583 
  2.64500  0.93661  0.93664 
  2.74500  0.92627  0.92628 
  2.84500  0.91466  0.91466 
  2.94500  0.90176  0.90175 
  3.04500  0.88744  0.88745 
  3.14500  0.87167  0.87170 
  3.24500  0.85442  0.85454 
  3.34500  0.83567  0.83584 
  3.44500  0.81544  0.81569 
  3.54500  0.79376  0.79403 
  3.64500  0.77071  0.77095 
  3.74500  0.74630  0.74650 
  3.84500  0.72064  0.72070 
  3.94500  0.69378  0.69375 
  4.04500  0.66577  0.66565 
  4.14500  0.63670  0.63662 
  4.24500  0.60679  0.60680 
  4.34500  0.57625  0.57634 
  4.44500  0.54529  0.54542 
  4.54500  0.51415  0.51423 
  4.64500  0.48295  0.48297 
  4.74500  0.45184  0.45185 
  4.84500  0.42099  0.42102 
  4.94500  0.39059  0.39072 
  5.04500  0.36091  0.36110 
  5.14500  0.33215  0.33236 
  5.24500  0.30450  0.30467 
  5.34500  0.27811  0.27814 
  5.44500  0.25298  0.25291 
  5.54500  0.22926  0.22911 
  5.64500  0.20700  0.20686 
  5.74500  0.18631  0.18619 
  5.84500  0.16724  0.16719 
  5.94500  0.14991  0.14991 
  6.04500  0.13434  0.13440 
  6.14500  0.12057  0.12067 
  6.24500  0.10864  0.10873 
  6.34500  0.09850  0.09862 
  6.44500  0.09020  0.09026 
  6.54500  0.08370  0.08374 
  6.64500  0.07900  0.07903 
  6.74500  0.07609  0.07609 
  6.84500  0.07498  0.07498 
  6.94500  0.07565  0.07564 
  7.04500  0.07810  0.07810 
  7.14500  0.08233  0.08237 
  7.24500  0.08837  0.08843 
  7.34500  0.09622  0.09631 
  7.44500  0.10587  0.10596 
  7.54500  0.11735  0.11743 
  7.64500  0.13066  0.13071 
  7.74500  0.14577  0.14578 
  7.84500  0.16265  0.16260 
  7.94500  0.18128  0.18116 
  8.04500  0.20156  0.20141 
  8.14500  0.22344  0.22327 
  8.24500  0.24679  0.24668 
  8.34500  0.27155  0.27153 
  8.44500  0.29764  0.29773 
  8.54500  0.32498  0.32514 
  8.64500  0.35344  0.35365 
  8.74500  0.38291  0.38304 
  8.84500  0.41313  0.41316 
  8.94500  0.44387  0.44386 
  9.04500  0.47491  0.47489 
  9.14500  0.50606  0.50612 
  9.24500  0.53720  0.53730 
  9.34500  0.56817  0.56825 
  9.44500  0.59877  0.59876 
  9.54500  0.62877  0.62867 
  9.64500  0.65793  0.65780 
  9.74500  0.68606  0.68598 
  9.84500  0.71302  0.71305 
  9.94500  0.73875  0.73887 
 10.04500  0.76313  0.76333 
 10.14500  0.78612  0.78634 
 10.24500  0.80762  0.80784 
 10.34500  0.82757  0.82771 
 10.44500  0.84586  0.84595 
 10.54500  0.86249  0.86252 
 10.64500  0.87738  0.87736 
 10.74500  0.89053  0.89053 
 10.84500  0.90198  0.90195 
 10.94500  0.91170  0.91170 
 11.04500  0.91973  0.91976 
 11.14500  0.92608  0.92610 
 11.24500  0.93076  0.93081 
 11.34500  0.93376  0.93383 
 11.44500  0.93513  0.93522 
 11.54500  0.93485  0.93492 
 11.64500  0.93295  0.93299 
 11.74500  0.92937  0.92941 
 11.84500  0.92416  0.92417 
 11.94500  0.91726  0.91726 
 12.04500  0.90866  0.90865 
 12.14500  0.89838  0.89836 
 12.24500  0.88636  0.88636 
 12.34500  0.87262  0.87264 
 12.44500  0.85716  0.85722 
 12.54500  0.83997  0.84009 
 12.64500  0.82112  0.82129 
 12.74500  0.80065  0.80087 
 12.84500  0.77863  0.77888 
 12.94500  0.75520  0.75538 
 13.04500  0.73037  0.73045 
 13.14500  0.70423  0.70420 
 13.24500  0.67687  0.67676 
 13.34500  0.64839  0.64828 
 13.44500  0.61893  0.61886 
 13.54500  0.58874  0.58876 
 13.64500  0.55801  0.55811 
 13.74500  0.52701  0.52710 
 13.84500  0.49590  0.49592 
 13.94500  0.46481  0.46477 
 14.04500  0.43392  0.43391 
 14.14500  0.40341  0.40346 
 14.24500  0.37355  0.37368 
 14.34500  0.34452  0.34471 
 14.44500  0.31658  0.31675 
 14.54500  0.28987  0.28994 
 14.64500  0.26447  0.26442 
 14.74500  0.24049  0.24033 
 14.84500  0.21799  0.21782 
 14.94500  0.19709  0.19695 
 15.04500  0.17789  0.17778 
 15.14500  0.16049  0.16045 
 15.24500  0.14494  0.14496 
 15.34500  0.13130  0.13137 
 15.44500  0.11962  0.11970 
 15.54500  0.10992  0.10998 
 15.64500  0.10217  0.10223 
 15.74500  0.09643  0.09644 
 15.84500  0.09264  0.09264 
 15.94500  0.09085  0.09084 
 16.04500  0.09102  0.09104 
 16.14500  0.09318  0.09322 
 16.24500  0.09733  0.09737 
 16.34500  0.10347  0.10353 
 16.44500  0.11157  0.11164 
 16.54500  0.12166  0.12172 
 16.64500  0.13370  0.13373 
 16.74500  0.14770  0.14771 
 16.84500  0.16358  0.16354 
 16.94500  0.18134  0.18125 
 17.04500  0.20087  0.20072 
 17.14500  0.22206  0.22188 
 17.24500  0.24483  0.24471 
 17.34500  0.26911  0.26908 
 17.44500  0.29475  0.29483 
 17.54500  0.32170  0.32188 
 17.64500  0.34985  0.35004 
 17.74500  0.37905  0.37919 
 17.84500  0.40908  0.40913 
 17.94500  0.43969  0.43968 
 18.04500  0.47067  0.47063 
 18.14500  0.50175  0.50181 
 18.24500  0.53290  0.53300 
 18.34500  0.56389  0.56401 
 18.44500  0.59460  0.59462 
 18.54500  0.62475  0.62470 
 18.64500  0.65412  0.65402 
 18.74500  0.68252  0.68244 
 18.84500  0.70980  0.70981 
 18.94500  0.73588  0.73599 
 19.04500  0.76068  0.76089 
 19.14500  0.78417  0.78440 
 19.24500  0.80623  0.80647 
 19.34500  0.82684  0.82701 
 19.44500  0.84591  0.84602 
 19.54500  0.86342  0.86345 
 19.64500  0.87934  0.87931 
 19.74500  0.89367  0.89366 
 19.84500  0.90646  0.90644 
 19.94500  0.91773  0.91772 
 20.04500  0.92752  0.92751 
 20.14500  0.93587  0.93589 
 20.24500  0.94284  0.94284 
 20.34500  0.94844  0.94847 
 20.44500  0.95272  0.95275 
 20.54500  0.95567  0.95573 
 20.64500  0.95738  0.95742 
 20.74500  0.95781  0.95786 
 20.84500  0.95694  0.95702 
 20.94500  0.95485  0.95489 
 21.04500  0.95145  0.95147 
 21.14500  0.94674  0.94677 
 21.24500  0.94068  0.94070 
 21.34500  0.93327  0.93327 
 21.44500  0.92445  0.92445 
 21.54500  0.91417  0.91415 
 21.64500  0.90241  0.90238 
 21.74500  0.88913  0.88909 
 21.84500  0.87426  0.87426 
 21.94500  0.85781  0.85786 
 22.04500  0.83979  0.83989 
 22.14500  0.82022  0.82040 
 22.24500  0.79911  0.79933 
 22.34500  0.77657  0.77678 
 22.44500  0.75263  0.75278 
 22.54500  0.72739  0.72746 
 22.64500  0.70091  0.70085 
 22.74500  0.67322  0.67311 
 22.84500  0.64448  0.64436 
 22.94500  0.61478  0.61474 
 23.04500  0.58440  0.58443 
 23.14500  0.55353  0.55363 
 23.24500  0.52240  0.52246 
 23.34500  0.49116  0.49117 
 23.44500  0.45999  0.45993 
 23.54500  0.42899  0.42896 
 23.64500  0.39835  0.39841 
 23.74500  0.36835  0.36849 
 23.84500  0.33919  0.33936 
 23.94500  0.31107  0.31119 
 24.04500  0.28410  0.28413 
 24.14500  0.25835  0.25829 
 24.24500  0.23392  0.23375 
 24.34500  0.21084  0.21067 
 24.44500  0.18921  0.18904 
 24.54500  0.16909  0.16901 
 24.64500  0.15054  0.15052 
 24.74500  0.13360  0.13364 
 24.84500  0.11829  0.11837 
 24.94500  0.10462  0.10470 
 25.04500  0.09254  0.09262 
 25.14500  0.08204  0.08210 
 25.24500  0.07309  0.07314 
 25.34500  0.06565  0.06568 
 25.44500  0.05968  0.05970 
 25.54500  0.05519  0.05518 
 25.64500  0.05211  0.05211 
 25.74500  0.05048  0.05048 
 25.84500  0.05026  0.05023 
 25.94500  0.05144  0.05144 
 26.04500  0.05405  0.05403 
 26.14500  0.05808  0.05809 
 26.24500  0.06355  0.06358 
 26.34500  0.07054  0.07057 
 26.44500  0.07898  0.07903 
 26.54500  0.08898  0.08904 
 26.64500  0.10055  0.10062 
 26.74500  0.11371  0.11376 
 26.84500  0.12848  0.12851 
 26.94500  0.14491  0.14490 
 27.04500  0.16292  0.16283 
 27.14500  0.18255  0.18239 
 27.24500  0.20370  0.20351 
 27.34500  0.22632  0.22613 
 27.44500  0.25032  0.25020 
 27.54500  0.27564  0.27563 
 27.64500  0.30222  0.30232 
 27.74500  0.32999  0.33016 
 27.84500  0.35884  0.35901 
 27.94500  0.38858  0.38865 
 28.04500  0.41903  0.41903 
 28.14500  0.44993  0.44986 
 28.24500  0.48106  0.48104 
 28.34500  0.51229  0.51232 
 28.44500  0.54345  0.54353 
 28.54500  0.57441  0.57447 
 28.64500  0.60497  0.60495 
 28.74500  0.63486  0.63477 
 28.84500  0.66392  0.66379 
 28.94500  0.69191  0.69182 
 29.04500  0.71875  0.71873 
 29.14500  0.74432  0.74443 
 29.24500  0.76858  0.76879 
 29.34500  0.79148  0.79170 
 29.44500  0.81290  0.81309 
 29.54500  0.83280  0.83293 
 29.64500  0.85114  0.85118 
 29.74500  0.86781  0.86781 
 29.84500  0.88288  0.88283 
 29.94500  0.89628  0.89624 
 30.04500  0.90807  0.90801 
 30.14500  0.91826  0.91824 
 30.24500  0.92690  0.92686 
 30.34500  0.93398  0.93399 
 30.44500  0.93958  0.93960 
 30.54500  0.94368  0.94371 
 30.64500  0.94631  0.94634 
 30.74500  0.94748  0.94752 
 30.84500  0.94721  0.94725 
 30.94500  0.94548  0.94550 
 31.04500  0.94229  0.94234 
 31.14500  0.93765  0.93764 
 31.24500  0.93147  0.93149 
 31.34500  0.92381  0.92379 
 31.44500  0.91460  0.91455 
 31.54500  0.90379  0.90374 
 31.64500  0.89139  0.89135 
 31.74500  0.87737  0.87734 
 31.84500  0.86170  0.86170 
 31.94500  0.84437  0.84445 
 32.04500  0.82546  0.82562 
 32.14500  0.80500  0.80517 
 32.24500  0.78298  0.78318 
 32.34500  0.75956  0.75973 
 32.44500  0.73479  0.73487 
 32.54500  0.70874  0.70869 
 32.64500  0.68144  0.68133 
 32.74500  0.65306  0.65291 
 32.84500  0.62364  0.62355 
 32.94500  0.59348  0.59346 
 33.04500  0.56274  0.56280 
 33.14500  0.53166  0.53173 
 33.24500  0.50048  0.50047 
 33.34500  0.46926  0.46921 
 33.44500  0.43820  0.43816 
 33.54500  0.40744  0.40745 
 33.64500  0.37724  0.37734 
 33.74500  0.34780  0.34796 
 33.84500  0.31934  0.31948 
 33.94500  0.29203  0.29208 
 34.04500  0.26591  0.26583 
 34.14500  0.24108  0.24091 
 34.24500  0.21759  0.21739 
 34.34500  0.19552  0.19532 
 34.44500  0.17494  0.17480 
 34.54500  0.15592  0.15585 
 34.64500  0.13851  0.13848 
 34.74500  0.12270  0.12274 
 34.84500  0.10855  0.10862 
 34.94500  0.09600  0.09606 
 35.04500  0.08503  0.08508 
 35.14500  0.07560  0.07564 
 35.24500  0.06773  0.06774 
 35.34500  0.06133  0.06133 
 35.44500  0.05639  0.05638 
 35.54500  0.05290  0.05289 
 35.64500  0.05083  0.05082 
 35.74500  0.05021  0.05016 
 35.84500  0.05096  0.05092 
 35.94500  0.05313  0.05311 
 36.04500  0.05675  0.05673 
 36.14500  0.06181  0.06178 
 36.24500  0.06832  0.06832 
 36.34500  0.07632  0.07635 
 36.44500  0.08586  0.08590 
 36.54500  0.09695  0.09702 
 36.64500  0.10965  0.10967 
 36.74500  0.12393  0.12396 
 36.84500  0.13986  0.13983 
 36.94500  0.15740  0.15732 
 37.04500  0.17655  0.17640 
 37.14500  0.19725  0.19706 
 37.24500  0.21943  0.21922 
 37.34500  0.24305  0.24288 
 37.44500  0.26799  0.26790 
 37.54500  0.29419  0.29423 
 37.64500  0.32160  0.32173 
 37.74500  0.35013  0.35029 
 37.84500  0.37964  0.37974 
 37.94500  0.40991  0.40992 
 38.04500  0.44070  0.44065 
 38.14500  0.47179  0.47173 
 38.24500  0.50299  0.50300 
 38.34500  0.53420  0.53425 
 38.44500  0.56523  0.56529 
 38.54500  0.59593  0.59591 
 38.64500  0.62607  0.62594 
 38.74500  0.65540  0.65521 
 38.84500  0.68370  0.68356 
 38.94500  0.71089  0.71086 
 39.04500  0.73684  0.73692 
 39.14500  0.76152  0.76167 
 39.24500  0.78482  0.78503 
 39.34500  0.80670  0.80689 
 39.44500  0.82708  0.82719 
 39.54500  0.84587  0.84593 
 39.64500  0.86304  0.86303 
 39.74500  0.87856  0.87853 
 39.84500  0.89248  0.89240 
 39.94500  0.90473  0.90467 
 40.04500  0.91541  0.91535 
 40.14500  0.92451  0.92446 
 40.24500  0.93205  0.93202 
 40.34500  0.93809  0.93808 
 40.44500  0.94261  0.94263 
 40.54500  0.94571  0.94572 
 40.64500  0.94730  0.94731 
 40.74500  0.94746  0.94749 
 40.84500  0.94618  0.94617 
 40.94500  0.94342  0.94343 
 41.04500  0.93919  0.93920 
 41.14500  0.93350  0.93348 
 41.24500  0.92627  0.92624 
 41.34500  0.91750  0.91747 
 41.44500  0.90719  0.90711 
 41.54500  0.89526  0.89519 
 41.64500  0.88173  0.88168 
 41.74500  0.86654  0.86654 
 41.84500  0.84974  0.84979 
 41.94500  0.83129  0.83140 
 42.04500  0.81126  0.81144 
 42.14500  0.78971  0.78991 
 42.24500  0.76670  0.76689 
 42.34500  0.74233  0.74242 
 42.44500  0.71666  0.71665 
 42.54500  0.68974  0.68961 
 42.64500  0.66166  0.66151 
 42.74500  0.63257  0.63243 
 42.84500  0.60259  0.60255 
 42.94500  0.57202  0.57205 
 43.04500  0.54107  0.54112 
 43.14500  0.50991  0.50993 
 43.24500  0.47874  0.47869 
 43.34500  0.44766  0.44758 
 43.44500  0.41687  0.41684 
 43.54500  0.38657  0.38662 
 43.64500  0.35700  0.35714 
 43.74500  0.32839  0.32852 
 43.84500  0.30092  0.30098 
 43.94500  0.27468  0.27461 
 44.04500  0.24975  0.24958 
 44.14500  0.22622  0.22600 
 44.24500  0.20415  0.20393 
 44.34500  0.18369  0.18351 
 44.44500  0.16485  0.16475 
 44.54500  0.14776  0.14770 
 44.64500  0.13244  0.13242 
 44.74500  0.11891  0.11895 
 44.84500  0.10722  0.10724 
 44.94500  0.09735  0.09736 
 45.04500  0.08929  0.08928 
 45.14500  0.08302  0.08300 
 45.24500  0.07857  0.07851 
 45.34500  0.07589  0.07587 
 45.44500  0.07503  0.07496 
 45.54500  0.07593  0.07587 
 45.64500  0.07861  0.07860 
 45.74500  0.08311  0.08307 
 45.84500  0.08940  0.08941 
 45.94500  0.09748  0.09751 
 46.04500  0.10740  0.10742 
 46.14500  0.11912  0.11915 
 46.24500  0.13266  0.13266 
 46.34500  0.14802  0.14797 
 46.44500  0.16516  0.16504 
 46.54500  0.18400  0.18382 
 46.64500  0.20449  0.20429 
 46.74500  0.22658  0.22636 
 46.84500  0.25013  0.24997 
 46.94500  0.27508  0.27500 
 47.04500  0.30133  0.30139 
 47.14500  0.32881  0.32895 
 47.24500  0.35744  0.35756 
 47.34500  0.38699  0.38703 
 47.44500  0.41729  0.41726 
 47.54500  0.44807  0.44797 
 47.64500  0.47911  0.47903 
 47.74500  0.51023  0.51023 
 47.84500  0.54131  0.54135 
 47.94500  0.57219  0.57221 
 48.04500  0.60266  0.60258 
 48.14500  0.63248  0.63234 
 48.24500  0.66140  0.66123 
 48.34500  0.68926  0.68913 
 48.44500  0.71590  0.71585 
 48.54500  0.74122  0.74130 
 48.64500  0.76518  0.76535 
 48.74500  0.78767  0.78784 
 48.84500  0.80861  0.80876 
 48.94500  0.82788  0.82798 
 49.04500  0.84544  0.84545 
 49.14500  0.86122  0.86118 
 49.24500  0.87514  0.87508 
 49.34500  0.88723  0.88716 
 49.44500  0.89744  0.89738 
 49.54500  0.90579  0.90575 
 49.64500  0.91230  0.91228 
 49.74500  0.91694  0.91693 
 49.84500  0.91976  0.91975 
 49.94500  0.92071  0.92072 
 50.04500  0.91981  0.91983 
 50.14500  0.91710  0.91708 
 50.24500  0.91253  0.91249 
 50.34500  0.90610  0.90605 
 50.44500  0.89782  0.89776 
 50.54500  0.88769  0.88760 
 50.64500  0.87568  0.87561 
 50.74500  0.86182  0.86178 
 50.84500  0.84612  0.84614 
 50.94500  0.82866  0.82873 
 51.04500  0.80943  0.80956 
 51.14500  0.78856  0.78873 
 51.24500  0.76613  0.76629 
 51.34500  0.74223  0.74231 
 51.44500  0.71695  0.71694 
 51.54500  0.69037  0.69024 
 51.64500  0.66256  0.66237 
 51.74500  0.63365  0.63350 
 51.84500  0.60386  0.60379 
 51.94500  0.57340  0.57342 
 52.04500  0.54253  0.54255 
 52.14500  0.51143  0.51143 
 52.24500  0.48028  0.48021 
 52.34500  0.44920  0.44910 
 52.44500  0.41837  0.41831 
 52.54500  0.38799  0.38802 
 52.64500  0.35832  0.35841 
 52.74500  0.32957  0.32968 
 52.84500  0.30191  0.30194 
 52.94500  0.27545  0.27538 
 53.04500  0.25026  0.25009 
 53.14500  0.22643  0.22620 
 53.24500  0.20403  0.20378 
 53.34500  0.18312  0.18294 
 53.44500  0.16379  0.16370 
 53.54500  0.14612  0.14606 
 53.64500  0.13013  0.13011 
 53.74500  0.11585  0.11586 
 53.84500  0.10327  0.10328 
 53.94500  0.09238  0.09240 
 54.04500  0.08316  0.08318 
 54.14500  0.07561  0.07561 
 54.24500  0.06970  0.06967 
 54.34500  0.06541  0.06536 
 54.44500  0.06271  0.06265 
 54.54500  0.06164  0.06157 
 54.64500  0.06213  0.06207 
 54.74500  0.06424  0.06419 
 54.84500  0.06795  0.06791 
 54.94500  0.07327  0.07325 
 55.04500  0.08023  0.08023 
 55.14500  0.08883  0.08886 
 55.24500  0.09912  0.09913 
 55.34500  0.11109  0.11111 
 55.44500  0.12474  0.12476 
 55.54500  0.14012  0.14009 
 55.64500  0.15718  0.15709 
 55.74500  0.17592  0.17576 
 55.84500  0.19625  0.19601 
 55.94500  0.21812  0.21789 
 56.04500  0.24146  0.24126 
 56.14500  0.26616  0.26606 
 56.24500  0.29215  0.29219 
 56.34500  0.31939  0.31952 
 56.44500  0.34778  0.34790 
 56.54500  0.37716  0.37724 
 56.64500  0.40733  0.40732 
 56.74500  0.43806  0.43797 
 56.84500  0.46910  0.46902 
 56.94500  0.50031  0.50028 
 57.04500  0.53150  0.53154 
 57.14500  0.56258  0.56262 
 57.24500  0.59333  0.59328 
 57.34500  0.62354  0.62342 
 57.44500  0.65296  0.65280 
 57.54500  0.68143  0.68126 
 57.64500  0.70875  0.70869 
 57.74500  0.73489  0.73492 
 57.84500  0.75975  0.75990 
 57.94500  0.78326  0.78347 
 58.04500  0.80542  0.80558 
 58.14500  0.82608  0.82621 
 58.24500  0.84523  0.84526 
 58.34500  0.86279  0.86278 
 58.44500  0.87878  0.87870 
 58.54500  0.89318  0.89309 
 58.64500  0.90603  0.90594 
 58.74500  0.91735  0.91727 
 58.84500  0.92722  0.92714 
 58.94500  0.93564  0.93557 
 59.04500  0.94264  0.94261 
 59.14500  0.94830  0.94827 
 59.24500  0.95262  0.95261 
 59.34500  0.95564  0.95563 
 59.44500  0.95740  0.95739 
 59.54500  0.95789  0.95786 
 59.64500  0.95708  0.95704 
 59.74500  0.95501  0.95498 
 59.84500  0.95167  0.95166 
 59.94500  0.94700  0.94698 
 60.04500  0.94103  0.94098 
 60.14500  0.93368  0.93362 
 60.24500  0.92491  0.92483 
 60.34500  0.91470  0.91460 
 60.44500  0.90300  0.90289 
 60.54500  0.88975  0.88966 
 60.64500  0.87495  0.87489 
 60.74500  0.85857  0.85857 
 60.84500  0.84062  0.84067 
 60.94500  0.82109  0.82122 
 61.04500  0.80006  0.80022 
 61.14500  0.77757  0.77771 
 61.24500  0.75368  0.75378 
 61.34500  0.72850  0.72850 
 61.44500  0.70207  0.70195 
 61.54500  0.67444  0.67424 
 61.64500  0.64573  0.64551 
 61.74500  0.61607  0.61595 
 61.84500  0.58569  0.58565 
 61.94500  0.55482  0.55485 
 62.04500  0.52369  0.52368 
 62.14500  0.49245  0.49239 
 62.24500  0.46125  0.46112 
 62.34500  0.43021  0.43010 
 62.44500  0.39953  0.39950 
 62.54500  0.36944  0.36952 
 62.64500  0.34021  0.34030 
 62.74500  0.31196  0.31202 
 62.84500  0.28484  0.28480 
 62.94500  0.25890  0.25876 
 63.04500  0.23425  0.23403 
 63.14500  0.21089  0.21063 
 63.24500  0.18892  0.18869 
 63.34500  0.16839  0.16820 
 63.44500  0.14932  0.14922 
 63.54500  0.13177  0.13173 
 63.64500  0.11569  0.11571 
 63.74500  0.10109  0.10109 
 63.84500  0.08788  0.08788 
 63.94500  0.07602  0.07601 
 64.04500  0.06544  0.06542 
 64.14500  0.05601  0.05599 
 64.24500  0.04772  0.04766 
 64.34500  0.04042  0.04039 
 64.44500  0.03406  0.03401 
 64.54500  0.02853  0.02848 
 64.64500  0.02379  0.02374 
 64.74500  0.01970  0.01967 
 64.84500  0.01624  0.01621 
 64.94500  0.01333  0.01329 
 65.04500  0.01086  0.01085 
 65.14500  0.00881  0.00878 
 65.24500  0.00709  0.00709 
 65.34500  0.00570  0.00568 
 65.44500  0.00455  0.00455 
 65.54500  0.00360  0.00359 
 65.64500  0.00285  0.00284 
 65.74500  0.00224  0.00225 
 65.84500  0.00177  0.00176 
 65.94500  0.00139  0.00138 
 66.04500  0.00110  0.00108 
 66.14500  0.00089  0.00087 
 66.24500  0.00073  0.00072 
 66.34500  0.00061  0.00060 
 66.44500  0.00054  0.00052 
