  0.04500  0.54580  0.54660 
  0.14500  0.54580  0.54660 
  0.24500  0.54580  0.54660 
  0.34500  0.54580  0.54660 
  0.44500  0.54581  0.54660 
  0.54500  0.54581  0.54660 
  0.64500  0.54580  0.54660 
  0.74500  0.54578  0.54660 
  0.84500  0.54579  0.54660 
  0.94500  0.54579  0.54660 
  1.04500  0.54578  0.54655 
  1.14500  0.54575  0.54650 
  1.24500  0.54573  0.54650 
  1.34500  0.54573  0.54650 
  1.44500  0.54573  0.54650 
  1.54500  0.54571  0.54650 
  1.64500  0.54572  0.54650 
  1.74500  0.54571  0.54650 
  1.84500  0.54566  0.54646 
  1.94500  0.54565  0.54640 
  2.04500  0.54565  0.54640 
  2.14500  0.54566  0.54640 
  2.24500  0.54564  0.54640 
  2.34500  0.54560  0.54640 
  2.44500  0.54556  0.54631 
  2.54500  0.54555  0.54630 
  2.64500  0.54555  0.54630 
  2.74500  0.54554  0.54630 
  2.84500  0.54550  0.54626 
  2.94500  0.54547  0.54620 
  3.04500  0.54546  0.54620 
  3.14500  0.54545  0.54620 
  3.24500  0.54544  0.54615 
  3.34500  0.54538  0.54610 
  3.44500  0.54535  0.54610 
  3.54500  0.54534  0.54610 
  3.64500  0.54534  0.54600 
  3.74500  0.54528  0.54600 
  3.84500  0.54523  0.54600 
  3.94500  0.54523  0.54591 
  4.04500  0.54517  0.54590 
  4.14500  0.54514  0.54590 
  4.24500  0.54513  0.54580 
  4.34500  0.54510  0.54580 
  4.44500  0.54507  0.54578 
  4.54500  0.54500  0.54570 
  4.64500  0.54499  0.54570 
  4.74500  0.54493  0.54564 
  4.84500  0.54490  0.54560 
  4.94500  0.54486  0.54558 
  5.04500  0.54484  0.54550 
  5.14500  0.54479  0.54550 
  5.24500  0.54474  0.54541 
  5.34500  0.54471  0.54540 
  5.44500  0.54465  0.54534 
  5.54500  0.54462  0.54530 
  5.64500  0.54457  0.54525 
  5.74500  0.54452  0.54520 
  5.84500  0.54449  0.54516 
  5.94500  0.54441  0.54510 
  6.04500  0.54439  0.54506 
  6.14500  0.54431  0.54500 
  6.24500  0.54429  0.54496 
  6.34500  0.54423  0.54490 
  6.44500  0.54416  0.54485 
  6.54500  0.54413  0.54480 
  6.64500  0.54406  0.54473 
  6.74500  0.54401  0.54470 
  6.84500  0.54395  0.54461 
  6.94500  0.54390  0.54458 
  7.04500  0.54385  0.54450 
  7.14500  0.54377  0.54445 
  7.24500  0.54373  0.54440 
  7.34500  0.54367  0.54432 
  7.44500  0.54361  0.54428 
  7.54500  0.54353  0.54420 
  7.64500  0.54348  0.54414 
  7.74500  0.54340  0.54410 
  7.84500  0.54335  0.54400 
  7.94500  0.54328  0.54396 
  8.04500  0.54321  0.54390 
  8.14500  0.54315  0.54381 
  8.24500  0.54307  0.54376 
  8.34500  0.54303  0.54370 
  8.44500  0.54296  0.54360 
  8.54500  0.54287  0.54355 
  8.64500  0.54280  0.54349 
  8.74500  0.54274  0.54340 
  8.84500  0.54266  0.54333 
  8.94500  0.54260  0.54326 
  9.04500  0.54250  0.54320 
  9.14500  0.54243  0.54310 
  9.24500  0.54237  0.54303 
  9.34500  0.54229  0.54297 
  9.44500  0.54221  0.54290 
  9.54500  0.54213  0.54280 
  9.64500  0.54205  0.54273 
  9.74500  0.54196  0.54265 
  9.84500  0.54189  0.54258 
  9.94500  0.54182  0.54250 
 10.04500  0.54174  0.54240 
 10.14500  0.54165  0.54233 
 10.24500  0.54157  0.54225 
 10.34500  0.54150  0.54217 
 10.44500  0.54140  0.54209 
 10.54500  0.54132  0.54200 
 10.64500  0.54124  0.54191 
 10.74500  0.54116  0.54182 
 10.84500  0.54106  0.54174 
 10.94500  0.54097  0.54165 
 11.04500  0.54089  0.54157 
 11.14500  0.54081  0.54148 
 11.24500  0.54072  0.54139 
 11.34500  0.54063  0.54130 
 11.44500  0.54055  0.54120 
 11.54500  0.54045  0.54111 
 11.64500  0.54036  0.54102 
 11.74500  0.54028  0.54093 
 11.84500  0.54018  0.54084 
 11.94500  0.54008  0.54074 
 12.04500  0.53999  0.54065 
 12.14500  0.53990  0.54055 
 12.24500  0.53981  0.54046 
 12.34500  0.53971  0.54036 
 12.44500  0.53961  0.54026 
 12.54500  0.53952  0.54016 
 12.64500  0.53943  0.54006 
 12.74500  0.53934  0.53996 
 12.84500  0.53923  0.53986 
 12.94500  0.53913  0.53976 
 13.04500  0.53904  0.53966 
 13.14500  0.53893  0.53956 
 13.24500  0.53883  0.53946 
 13.34500  0.53874  0.53935 
 13.44500  0.53863  0.53925 
 13.54500  0.53854  0.53915 
 13.64500  0.53844  0.53904 
 13.74500  0.53833  0.53894 
 13.84500  0.53823  0.53883 
 13.94500  0.53812  0.53872 
 14.04500  0.53802  0.53862 
 14.14500  0.53792  0.53851 
 14.24500  0.53781  0.53839 
 14.34500  0.53769  0.53828 
 14.44500  0.53760  0.53817 
 14.54500  0.53748  0.53806 
 14.64500  0.53738  0.53795 
 14.74500  0.53727  0.53784 
 14.84500  0.53715  0.53773 
 14.94500  0.53705  0.53762 
 15.04500  0.53694  0.53751 
 15.14500  0.53682  0.53738 
 15.24500  0.53671  0.53727 
 15.34500  0.53659  0.53716 
 15.44500  0.53649  0.53704 
 15.54500  0.53637  0.53693 
 15.64500  0.53625  0.53681 
 15.74500  0.53616  0.53668 
 15.84500  0.53603  0.53657 
 15.94500  0.53591  0.53645 
 16.04500  0.53580  0.53634 
 16.14500  0.53568  0.53622 
 16.24500  0.53557  0.53609 
 16.34500  0.53544  0.53597 
 16.44500  0.53533  0.53585 
 16.54500  0.53521  0.53573 
 16.64500  0.53508  0.53560 
 16.74500  0.53496  0.53548 
 16.84500  0.53484  0.53536 
 16.94500  0.53472  0.53524 
 17.04500  0.53460  0.53512 
 17.14500  0.53446  0.53498 
 17.24500  0.53435  0.53486 
 17.34500  0.53422  0.53474 
 17.44500  0.53410  0.53460 
 17.54500  0.53398  0.53447 
 17.64500  0.53386  0.53435 
 17.74500  0.53373  0.53423 
 17.84500  0.53359  0.53408 
 17.94500  0.53347  0.53396 
 18.04500  0.53333  0.53384 
 18.14500  0.53321  0.53370 
 18.24500  0.53308  0.53357 
 18.34500  0.53296  0.53344 
 18.44500  0.53283  0.53331 
 18.54500  0.53269  0.53317 
 18.64500  0.53256  0.53304 
 18.74500  0.53243  0.53291 
 18.84500  0.53230  0.53277 
 18.94500  0.53216  0.53264 
 19.04500  0.53205  0.53251 
 19.14500  0.53190  0.53237 
 19.24500  0.53177  0.53224 
 19.34500  0.53163  0.53210 
 19.44500  0.53150  0.53196 
 19.54500  0.53137  0.53183 
 19.64500  0.53123  0.53169 
 19.74500  0.53110  0.53155 
 19.84500  0.53096  0.53142 
 19.94500  0.53082  0.53127 
 20.04500  0.53068  0.53114 
 20.14500  0.53055  0.53099 
 20.24500  0.53042  0.53086 
 20.34500  0.53029  0.53073 
 20.44500  0.53014  0.53057 
 20.54500  0.53000  0.53044 
 20.64500  0.52986  0.53029 
 20.74500  0.52972  0.53015 
 20.84500  0.52958  0.53001 
 20.94500  0.52944  0.52986 
 21.04500  0.52930  0.52973 
 21.14500  0.52916  0.52957 
 21.24500  0.52902  0.52944 
 21.34500  0.52889  0.52929 
 21.44500  0.52873  0.52915 
 21.54500  0.52861  0.52901 
 21.64500  0.52845  0.52886 
 21.74500  0.52832  0.52871 
 21.84500  0.52817  0.52856 
 21.94500  0.52804  0.52843 
 22.04500  0.52790  0.52827 
 22.14500  0.52775  0.52813 
 22.24500  0.52761  0.52797 
 22.34500  0.52746  0.52784 
 22.44500  0.52732  0.52768 
 22.54500  0.52718  0.52754 
 22.64500  0.52702  0.52739 
 22.74500  0.52689  0.52724 
 22.84500  0.52673  0.52709 
 22.94500  0.52660  0.52694 
 23.04500  0.52645  0.52679 
 23.14500  0.52630  0.52664 
 23.24500  0.52616  0.52649 
 23.34500  0.52602  0.52634 
 23.44500  0.52585  0.52618 
 23.54500  0.52573  0.52604 
 23.64500  0.52557  0.52588 
 23.74500  0.52542  0.52574 
 23.84500  0.52528  0.52557 
 23.94500  0.52513  0.52543 
 24.04500  0.52498  0.52527 
 24.14500  0.52483  0.52513 
 24.24500  0.52467  0.52496 
 24.34500  0.52452  0.52482 
 24.44500  0.52437  0.52466 
 24.54500  0.52422  0.52451 
 24.64500  0.52407  0.52435 
 24.74500  0.52392  0.52419 
 24.84500  0.52378  0.52404 
 24.94500  0.52362  0.52388 
 25.04500  0.52348  0.52374 
 25.14500  0.52333  0.52357 
 25.24500  0.52317  0.52342 
 25.34500  0.52302  0.52326 
 25.44500  0.52287  0.52311 
 25.54500  0.52270  0.52295 
 25.64500  0.52255  0.52279 
 25.74500  0.52241  0.52264 
 25.84500  0.52223  0.52247 
 25.94500  0.52209  0.52232 
 26.04500  0.52194  0.52216 
 26.14500  0.52178  0.52200 
 26.24500  0.52162  0.52185 
 26.34500  0.52147  0.52168 
 26.44500  0.52132  0.52154 
 26.54500  0.52115  0.52136 
 26.64500  0.52100  0.52122 
 26.74500  0.52085  0.52105 
 26.84500  0.52069  0.52089 
 26.94500  0.52052  0.52074 
 27.04500  0.52039  0.52057 
 27.14500  0.52022  0.52042 
 27.24500  0.52006  0.52025 
 27.34500  0.51990  0.52010 
 27.44500  0.51974  0.51994 
 27.54500  0.51958  0.51977 
 27.64500  0.51943  0.51962 
 27.74500  0.51927  0.51945 
 27.84500  0.51911  0.51929 
 27.94500  0.51896  0.51914 
 28.04500  0.51878  0.51896 
 28.14500  0.51864  0.51881 
 28.24500  0.51848  0.51865 
 28.34500  0.51831  0.51848 
 28.44500  0.51816  0.51833 
 28.54500  0.51800  0.51816 
 28.64500  0.51784  0.51800 
 28.74500  0.51767  0.51784 
 28.84500  0.51751  0.51767 
 28.94500  0.51735  0.51752 
 29.04500  0.51719  0.51735 
 29.14500  0.51703  0.51718 
 29.24500  0.51688  0.51704 
 29.34500  0.51672  0.51686 
 29.44500  0.51655  0.51670 
 29.54500  0.51640  0.51654 
 29.64500  0.51623  0.51637 
 29.74500  0.51608  0.51622 
 29.84500  0.51591  0.51605 
 29.94500  0.51575  0.51588 
 30.04500  0.51559  0.51573 
 30.14500  0.51544  0.51556 
 30.24500  0.51527  0.51540 
 30.34500  0.51511  0.51524 
 30.44500  0.51495  0.51506 
 30.54500  0.51479  0.51491 
 30.64500  0.51463  0.51475 
 30.74500  0.51447  0.51458 
 30.84500  0.51431  0.51442 
 30.94500  0.51416  0.51425 
 31.04500  0.51399  0.51408 
 31.14500  0.51383  0.51394 
 31.24500  0.51368  0.51376 
 31.34500  0.51351  0.51360 
 31.44500  0.51335  0.51344 
 31.54500  0.51319  0.51326 
 31.64500  0.51303  0.51311 
 31.74500  0.51288  0.51295 
 31.84500  0.51271  0.51278 
 31.94500  0.51256  0.51262 
 32.04500  0.51240  0.51245 
 32.14500  0.51224  0.51228 
 32.24500  0.51208  0.51214 
 32.34500  0.51191  0.51196 
 32.44500  0.51177  0.51180 
 32.54500  0.51160  0.51164 
 32.64500  0.51144  0.51146 
 32.74500  0.51128  0.51131 
 32.84500  0.51113  0.51115 
 32.94500  0.51097  0.51098 
 33.04500  0.51082  0.51082 
 33.14500  0.51065  0.51065 
 33.24500  0.51050  0.51048 
 33.34500  0.51034  0.51034 
 33.44500  0.51018  0.51016 
 33.54500  0.51001  0.51000 
 33.64500  0.50986  0.50984 
 33.74500  0.50970  0.50966 
 33.84500  0.50955  0.50952 
 33.94500  0.50938  0.50935 
 34.04500  0.50922  0.50918 
 34.14500  0.50906  0.50902 
 34.24500  0.50890  0.50886 
 34.34500  0.50875  0.50870 
 34.44500  0.50859  0.50854 
 34.54500  0.50844  0.50836 
 34.64500  0.50829  0.50821 
 34.74500  0.50812  0.50805 
 34.84500  0.50797  0.50788 
 34.94500  0.50781  0.50772 
 35.04500  0.50765  0.50756 
 35.14500  0.50749  0.50740 
 35.24500  0.50734  0.50724 
 35.34500  0.50717  0.50706 
 35.44500  0.50702  0.50692 
 35.54500  0.50686  0.50675 
 35.64500  0.50670  0.50658 
 35.74500  0.50655  0.50644 
 35.84500  0.50639  0.50626 
 35.94500  0.50623  0.50610 
 36.04500  0.50608  0.50595 
 36.14500  0.50591  0.50578 
 36.24500  0.50576  0.50563 
 36.34500  0.50560  0.50546 
 36.44500  0.50545  0.50530 
 36.54500  0.50528  0.50514 
 36.64500  0.50513  0.50498 
 36.74500  0.50497  0.50482 
 36.84500  0.50481  0.50466 
 36.94500  0.50466  0.50450 
 37.04500  0.50450  0.50435 
 37.14500  0.50435  0.50418 
 37.24500  0.50419  0.50403 
 37.34500  0.50403  0.50386 
 37.44500  0.50388  0.50371 
 37.54500  0.50372  0.50355 
 37.64500  0.50357  0.50339 
 37.74500  0.50342  0.50324 
 37.84500  0.50326  0.50307 
 37.94500  0.50310  0.50292 
 38.04500  0.50294  0.50276 
 38.14500  0.50278  0.50260 
 38.24500  0.50263  0.50245 
 38.34500  0.50248  0.50228 
 38.44500  0.50232  0.50214 
 38.54500  0.50217  0.50197 
 38.64500  0.50201  0.50182 
 38.74500  0.50185  0.50166 
 38.84500  0.50171  0.50151 
 38.94500  0.50155  0.50135 
 39.04500  0.50140  0.50119 
 39.14500  0.50125  0.50104 
 39.24500  0.50110  0.50088 
 39.34500  0.50094  0.50074 
 39.44500  0.50079  0.50057 
 39.54500  0.50063  0.50043 
 39.64500  0.50049  0.50026 
 39.74500  0.50034  0.50012 
 39.84500  0.50018  0.49996 
 39.94500  0.50004  0.49981 
 40.04500  0.49988  0.49965 
 40.14500  0.49973  0.49950 
 40.24500  0.49959  0.49935 
 40.34500  0.49943  0.49919 
 40.44500  0.49928  0.49905 
 40.54500  0.49914  0.49889 
 40.64500  0.49899  0.49874 
 40.74500  0.49885  0.49859 
 40.84500  0.49870  0.49844 
 40.94500  0.49855  0.49828 
 41.04500  0.49840  0.49814 
 41.14500  0.49825  0.49798 
 41.24500  0.49811  0.49784 
 41.34500  0.49796  0.49769 
 41.44500  0.49781  0.49754 
 41.54500  0.49766  0.49739 
 41.64500  0.49752  0.49724 
 41.74500  0.49737  0.49709 
 41.84500  0.49722  0.49695 
 41.94500  0.49709  0.49679 
 42.04500  0.49696  0.49665 
 42.14500  0.49681  0.49651 
 42.24500  0.49667  0.49636 
 42.34500  0.49652  0.49621 
 42.44500  0.49638  0.49606 
 42.54500  0.49623  0.49593 
 42.64500  0.49609  0.49577 
 42.74500  0.49595  0.49564 
 42.84500  0.49581  0.49548 
 42.94500  0.49568  0.49534 
 43.04500  0.49553  0.49519 
 43.14500  0.49539  0.49505 
 43.24500  0.49525  0.49491 
 43.34500  0.49512  0.49476 
 43.44500  0.49498  0.49463 
 43.54500  0.49485  0.49447 
 43.64500  0.49469  0.49434 
 43.74500  0.49457  0.49420 
 43.84500  0.49443  0.49406 
 43.94500  0.49429  0.49393 
 44.04500  0.49415  0.49377 
 44.14500  0.49402  0.49364 
 44.24500  0.49388  0.49349 
 44.34500  0.49375  0.49336 
 44.44500  0.49361  0.49323 
 44.54500  0.49348  0.49307 
 44.64500  0.49333  0.49295 
 44.74500  0.49321  0.49281 
 44.84500  0.49307  0.49266 
 44.94500  0.49294  0.49254 
 45.04500  0.49281  0.49239 
 45.14500  0.49268  0.49226 
 45.24500  0.49255  0.49213 
 45.34500  0.49241  0.49199 
 45.44500  0.49227  0.49185 
 45.54500  0.49214  0.49173 
 45.64500  0.49202  0.49158 
 45.74500  0.49189  0.49145 
 45.84500  0.49176  0.49133 
 45.94500  0.49163  0.49118 
 46.04500  0.49150  0.49105 
 46.14500  0.49138  0.49093 
 46.24500  0.49124  0.49079 
 46.34500  0.49111  0.49066 
 46.44500  0.49098  0.49054 
 46.54500  0.49085  0.49040 
 46.64500  0.49073  0.49027 
 46.74500  0.49060  0.49014 
 46.84500  0.49047  0.49002 
 46.94500  0.49036  0.48988 
 47.04500  0.49023  0.48976 
 47.14500  0.49010  0.48964 
 47.24500  0.48998  0.48950 
 47.34500  0.48985  0.48937 
 47.44500  0.48973  0.48925 
 47.54500  0.48960  0.48913 
 47.64500  0.48947  0.48900 
 47.74500  0.48936  0.48887 
 47.84500  0.48924  0.48875 
 47.94500  0.48912  0.48863 
 48.04500  0.48899  0.48852 
 48.14500  0.48887  0.48838 
 48.24500  0.48875  0.48826 
 48.34500  0.48863  0.48814 
 48.44500  0.48851  0.48803 
 48.54500  0.48840  0.48790 
 48.64500  0.48828  0.48778 
 48.74500  0.48817  0.48766 
 48.84500  0.48805  0.48754 
 48.94500  0.48793  0.48743 
 49.04500  0.48782  0.48731 
 49.14500  0.48770  0.48718 
 49.24500  0.48759  0.48707 
 49.34500  0.48748  0.48695 
 49.44500  0.48736  0.48684 
 49.54500  0.48726  0.48673 
 49.64500  0.48713  0.48661 
 49.74500  0.48702  0.48649 
 49.84500  0.48690  0.48638 
 49.94500  0.48681  0.48627 
 50.04500  0.48669  0.48615 
 50.14500  0.48657  0.48604 
 50.24500  0.48648  0.48593 
 50.34500  0.48636  0.48582 
 50.44500  0.48626  0.48571 
 50.54500  0.48616  0.48559 
 50.64500  0.48604  0.48549 
 50.74500  0.48594  0.48538 
 50.84500  0.48583  0.48527 
 50.94500  0.48573  0.48516 
 51.04500  0.48563  0.48506 
 51.14500  0.48553  0.48495 
 51.24500  0.48542  0.48484 
 51.34500  0.48531  0.48474 
 51.44500  0.48522  0.48463 
 51.54500  0.48512  0.48453 
 51.64500  0.48502  0.48443 
 51.74500  0.48491  0.48432 
 51.84500  0.48482  0.48422 
 51.94500  0.48472  0.48412 
 52.04500  0.48463  0.48402 
 52.14500  0.48452  0.48391 
 52.24500  0.48443  0.48381 
 52.34500  0.48434  0.48371 
 52.44500  0.48424  0.48361 
 52.54500  0.48414  0.48352 
 52.64500  0.48405  0.48342 
 52.74500  0.48396  0.48332 
 52.84500  0.48387  0.48322 
 52.94500  0.48377  0.48313 
 53.04500  0.48366  0.48303 
 53.14500  0.48358  0.48294 
 53.24500  0.48349  0.48284 
 53.34500  0.48339  0.48275 
 53.44500  0.48331  0.48266 
 53.54500  0.48322  0.48256 
 53.64500  0.48312  0.48247 
 53.74500  0.48304  0.48238 
 53.84500  0.48295  0.48229 
 53.94500  0.48285  0.48220 
 54.04500  0.48278  0.48210 
 54.14500  0.48268  0.48202 
 54.24500  0.48261  0.48193 
 54.34500  0.48251  0.48184 
 54.44500  0.48243  0.48176 
 54.54500  0.48235  0.48168 
 54.64500  0.48227  0.48159 
 54.74500  0.48218  0.48150 
 54.84500  0.48209  0.48141 
 54.94500  0.48201  0.48133 
 55.04500  0.48194  0.48125 
 55.14500  0.48184  0.48117 
 55.24500  0.48177  0.48109 
 55.34500  0.48169  0.48100 
 55.44500  0.48161  0.48092 
 55.54500  0.48152  0.48084 
 55.64500  0.48146  0.48077 
 55.74500  0.48137  0.48070 
 55.84500  0.48129  0.48060 
 55.94500  0.48121  0.48052 
 56.04500  0.48114  0.48046 
 56.14500  0.48108  0.48039 
 56.24500  0.48099  0.48030 
 56.34500  0.48092  0.48022 
 56.44500  0.48085  0.48016 
 56.54500  0.48076  0.48009 
 56.64500  0.48069  0.48000 
 56.74500  0.48063  0.47993 
 56.84500  0.48055  0.47987 
 56.94500  0.48049  0.47980 
 57.04500  0.48041  0.47971 
 57.14500  0.48034  0.47966 
 57.24500  0.48026  0.47960 
 57.34500  0.48020  0.47950 
 57.44500  0.48014  0.47945 
 57.54500  0.48008  0.47940 
 57.64500  0.47999  0.47930 
 57.74500  0.47994  0.47926 
 57.84500  0.47989  0.47920 
 57.94500  0.47980  0.47911 
 58.04500  0.47976  0.47907 
 58.14500  0.47968  0.47900 
 58.24500  0.47962  0.47893 
 58.34500  0.47954  0.47890 
 58.44500  0.47951  0.47880 
 58.54500  0.47944  0.47876 
 58.64500  0.47938  0.47870 
 58.74500  0.47931  0.47864 
 58.84500  0.47926  0.47860 
 58.94500  0.47920  0.47851 
 59.04500  0.47914  0.47849 
 59.14500  0.47909  0.47840 
 59.24500  0.47903  0.47837 
 59.34500  0.47897  0.47830 
 59.44500  0.47893  0.47826 
 59.54500  0.47888  0.47820 
 59.64500  0.47882  0.47815 
 59.74500  0.47878  0.47810 
 59.84500  0.47872  0.47805 
 59.94500  0.47869  0.47800 
 60.04500  0.47862  0.47795 
 60.14500  0.47858  0.47790 
 60.24500  0.47854  0.47786 
 60.34500  0.47848  0.47780 
 60.44500  0.47844  0.47778 
 60.54500  0.47841  0.47770 
 60.64500  0.47835  0.47770 
 60.74500  0.47833  0.47760 
 60.84500  0.47827  0.47760 
 60.94500  0.47824  0.47753 
 61.04500  0.47820  0.47750 
 61.14500  0.47814  0.47748 
 61.24500  0.47814  0.47740 
 61.34500  0.47808  0.47740 
 61.44500  0.47804  0.47733 
 61.54500  0.47801  0.47730 
 61.64500  0.47797  0.47730 
 61.74500  0.47794  0.47720 
 61.84500  0.47790  0.47720 
 61.94500  0.47789  0.47718 
 62.04500  0.47784  0.47710 
 62.14500  0.47782  0.47710 
 62.24500  0.47780  0.47708 
 62.34500  0.47775  0.47700 
 62.44500  0.47773  0.47700 
 62.54500  0.47770  0.47700 
 62.64500  0.47765  0.47690 
 62.74500  0.47766  0.47690 
 62.84500  0.47764  0.47690 
 62.94500  0.47759  0.47686 
 63.04500  0.47757  0.47680 
 63.14500  0.47755  0.47680 
 63.24500  0.47754  0.47680 
 63.34500  0.47749  0.47675 
 63.44500  0.47747  0.47670 
 63.54500  0.47747  0.47670 
 63.64500  0.47745  0.47670 
 63.74500  0.47743  0.47669 
 63.84500  0.47739  0.47660 
 63.94500  0.47737  0.47660 
 64.04500  0.47739  0.47660 
 64.14500  0.47736  0.47660 
 64.24500  0.47736  0.47660 
 64.34500  0.47734  0.47652 
 64.44500  0.47731  0.47650 
 64.54500  0.47729  0.47650 
 64.64500  0.47728  0.47650 
 64.74500  0.47726  0.47650 
 64.84500  0.47727  0.47650 
 64.94500  0.47726  0.47650 
 65.04500  0.47726  0.47642 
 65.14500  0.47726  0.47640 
 65.24500  0.47727  0.47640 
 65.34500  0.47725  0.47640 
 65.44500  0.47722  0.47640 
 65.54500  0.47719  0.47640 
 65.64500  0.47718  0.47640 
 65.74500  0.47718  0.47640 
 65.84500  0.47717  0.47640 
 65.94500  0.47717  0.47640 
 66.04500  0.47717  0.47640 
 66.14500  0.47717  0.47640 
 66.24500  0.47717  0.47640 
 66.34500  0.47717  0.47640 
 66.44500  0.47717  0.47640 
