  0.04500  0.84948  0.84956 
  0.14500  0.84914  0.84923 
  0.24500  0.84846  0.84852 
  0.34500  0.84741  0.84747 
  0.44500  0.84600  0.84607 
  0.54500  0.84425  0.84430 
  0.64500  0.84213  0.84221 
  0.74500  0.83970  0.83976 
  0.84500  0.83691  0.83695 
  0.94500  0.83379  0.83386 
  1.04500  0.83032  0.83039 
  1.14500  0.82653  0.82660 
  1.24500  0.82242  0.82251 
  1.34500  0.81801  0.81809 
  1.44500  0.81328  0.81337 
  1.54500  0.80827  0.80835 
  1.64500  0.80297  0.80304 
  1.74500  0.79736  0.79745 
  1.84500  0.79150  0.79160 
  1.94500  0.78539  0.78547 
  2.04500  0.77901  0.77910 
  2.14500  0.77240  0.77248 
  2.24500  0.76555  0.76565 
  2.34500  0.75850  0.75860 
  2.44500  0.75124  0.75133 
  2.54500  0.74380  0.74390 
  2.64500  0.73618  0.73628 
  2.74500  0.72839  0.72849 
  2.84500  0.72047  0.72060 
  2.94500  0.71241  0.71250 
  3.04500  0.70423  0.70434 
  3.14500  0.69596  0.69607 
  3.24500  0.68760  0.68770 
  3.34500  0.67919  0.67929 
  3.44500  0.67069  0.67080 
  3.54500  0.66219  0.66230 
  3.64500  0.65365  0.65377 
  3.74500  0.64511  0.64525 
  3.84500  0.63660  0.63675 
  3.94500  0.62813  0.62828 
  4.04500  0.61972  0.61986 
  4.14500  0.61138  0.61152 
  4.24500  0.60313  0.60326 
  4.34500  0.59498  0.59511 
  4.44500  0.58697  0.58710 
  4.54500  0.57908  0.57919 
  4.64500  0.57133  0.57146 
  4.74500  0.56375  0.56391 
  4.84500  0.55640  0.55654 
  4.94500  0.54921  0.54936 
  5.04500  0.54228  0.54242 
  5.14500  0.53557  0.53572 
  5.24500  0.52911  0.52923 
  5.34500  0.52289  0.52302 
  5.44500  0.51694  0.51708 
  5.54500  0.51128  0.51142 
  5.64500  0.50591  0.50606 
  5.74500  0.50084  0.50099 
  5.84500  0.49611  0.49626 
  5.94500  0.49167  0.49183 
  6.04500  0.48757  0.48772 
  6.14500  0.48380  0.48397 
  6.24500  0.48038  0.48053 
  6.34500  0.47728  0.47746 
  6.44500  0.47454  0.47471 
  6.54500  0.47214  0.47230 
  6.64500  0.47010  0.47024 
  6.74500  0.46838  0.46856 
  6.84500  0.46703  0.46718 
  6.94500  0.46601  0.46617 
  7.04500  0.46533  0.46547 
  7.14500  0.46496  0.46513 
  7.24500  0.46493  0.46509 
  7.34500  0.46525  0.46537 
  7.44500  0.46583  0.46598 
  7.54500  0.46673  0.46686 
  7.64500  0.46792  0.46807 
  7.74500  0.46938  0.46953 
  7.84500  0.47111  0.47125 
  7.94500  0.47310  0.47323 
  8.04500  0.47532  0.47545 
  8.14500  0.47777  0.47791 
  8.24500  0.48043  0.48055 
  8.34500  0.48329  0.48338 
  8.44500  0.48630  0.48640 
  8.54500  0.48947  0.48957 
  8.64500  0.49277  0.49288 
  8.74500  0.49620  0.49631 
  8.84500  0.49972  0.49984 
  8.94500  0.50334  0.50345 
  9.04500  0.50702  0.50713 
  9.14500  0.51076  0.51085 
  9.24500  0.51452  0.51460 
  9.34500  0.51824  0.51835 
  9.44500  0.52200  0.52210 
  9.54500  0.52570  0.52580 
  9.64500  0.52936  0.52946 
  9.74500  0.53295  0.53304 
  9.84500  0.53645  0.53655 
  9.94500  0.53987  0.53996 
 10.04500  0.54316  0.54324 
 10.14500  0.54634  0.54640 
 10.24500  0.54931  0.54940 
 10.34500  0.55216  0.55224 
 10.44500  0.55482  0.55489 
 10.54500  0.55729  0.55737 
 10.64500  0.55958  0.55965 
 10.74500  0.56162  0.56170 
 10.84500  0.56347  0.56354 
 10.94500  0.56509  0.56515 
 11.04500  0.56647  0.56655 
 11.14500  0.56761  0.56765 
 11.24500  0.56852  0.56858 
 11.34500  0.56916  0.56923 
 11.44500  0.56954  0.56962 
 11.54500  0.56970  0.56979 
 11.64500  0.56957  0.56966 
 11.74500  0.56923  0.56930 
 11.84500  0.56863  0.56870 
 11.94500  0.56779  0.56785 
 12.04500  0.56670  0.56677 
 12.14500  0.56537  0.56545 
 12.24500  0.56384  0.56391 
 12.34500  0.56209  0.56216 
 12.44500  0.56012  0.56020 
 12.54500  0.55795  0.55803 
 12.64500  0.55563  0.55569 
 12.74500  0.55311  0.55318 
 12.84500  0.55044  0.55052 
 12.94500  0.54761  0.54770 
 13.04500  0.54465  0.54475 
 13.14500  0.54158  0.54170 
 13.24500  0.53842  0.53854 
 13.34500  0.53519  0.53529 
 13.44500  0.53190  0.53200 
 13.54500  0.52854  0.52864 
 13.64500  0.52516  0.52526 
 13.74500  0.52176  0.52187 
 13.84500  0.51837  0.51848 
 13.94500  0.51498  0.51510 
 14.04500  0.51165  0.51178 
 14.14500  0.50839  0.50851 
 14.24500  0.50519  0.50530 
 14.34500  0.50209  0.50220 
 14.44500  0.49910  0.49921 
 14.54500  0.49624  0.49634 
 14.64500  0.49350  0.49360 
 14.74500  0.49091  0.49102 
 14.84500  0.48848  0.48862 
 14.94500  0.48624  0.48638 
 15.04500  0.48422  0.48433 
 15.14500  0.48237  0.48251 
 15.24500  0.48077  0.48090 
 15.34500  0.47938  0.47951 
 15.44500  0.47823  0.47835 
 15.54500  0.47730  0.47743 
 15.64500  0.47664  0.47676 
 15.74500  0.47622  0.47636 
 15.84500  0.47608  0.47620 
 15.94500  0.47618  0.47630 
 16.04500  0.47654  0.47666 
 16.14500  0.47716  0.47729 
 16.24500  0.47806  0.47815 
 16.34500  0.47919  0.47932 
 16.44500  0.48059  0.48071 
 16.54500  0.48224  0.48236 
 16.64500  0.48414  0.48429 
 16.74500  0.48627  0.48639 
 16.84500  0.48863  0.48876 
 16.94500  0.49122  0.49134 
 17.04500  0.49402  0.49414 
 17.14500  0.49701  0.49713 
 17.24500  0.50021  0.50031 
 17.34500  0.50357  0.50366 
 17.44500  0.50708  0.50718 
 17.54500  0.51077  0.51085 
 17.64500  0.51456  0.51464 
 17.74500  0.51846  0.51853 
 17.84500  0.52245  0.52253 
 17.94500  0.52653  0.52663 
 18.04500  0.53068  0.53077 
 18.14500  0.53489  0.53497 
 18.24500  0.53911  0.53918 
 18.34500  0.54334  0.54341 
 18.44500  0.54755  0.54762 
 18.54500  0.55173  0.55180 
 18.64500  0.55586  0.55594 
 18.74500  0.55993  0.56000 
 18.84500  0.56390  0.56399 
 18.94500  0.56779  0.56786 
 19.04500  0.57156  0.57162 
 19.14500  0.57519  0.57524 
 19.24500  0.57865  0.57870 
 19.34500  0.58195  0.58199 
 19.44500  0.58504  0.58505 
 19.54500  0.58795  0.58799 
 19.64500  0.59063  0.59068 
 19.74500  0.59310  0.59312 
 19.84500  0.59530  0.59534 
 19.94500  0.59725  0.59728 
 20.04500  0.59894  0.59899 
 20.14500  0.60037  0.60039 
 20.24500  0.60149  0.60155 
 20.34500  0.60233  0.60238 
 20.44500  0.60289  0.60293 
 20.54500  0.60315  0.60318 
 20.64500  0.60311  0.60314 
 20.74500  0.60274  0.60277 
 20.84500  0.60208  0.60211 
 20.94500  0.60111  0.60113 
 21.04500  0.59983  0.59984 
 21.14500  0.59825  0.59827 
 21.24500  0.59635  0.59640 
 21.34500  0.59417  0.59420 
 21.44500  0.59171  0.59173 
 21.54500  0.58897  0.58900 
 21.64500  0.58594  0.58598 
 21.74500  0.58266  0.58268 
 21.84500  0.57913  0.57915 
 21.94500  0.57534  0.57537 
 22.04500  0.57136  0.57137 
 22.14500  0.56712  0.56715 
 22.24500  0.56269  0.56273 
 22.34500  0.55809  0.55813 
 22.44500  0.55332  0.55334 
 22.54500  0.54837  0.54845 
 22.64500  0.54331  0.54337 
 22.74500  0.53814  0.53819 
 22.84500  0.53286  0.53292 
 22.94500  0.52752  0.52757 
 23.04500  0.52212  0.52216 
 23.14500  0.51666  0.51670 
 23.24500  0.51120  0.51125 
 23.34500  0.50570  0.50576 
 23.44500  0.50026  0.50032 
 23.54500  0.49484  0.49490 
 23.64500  0.48949  0.48954 
 23.74500  0.48421  0.48427 
 23.84500  0.47904  0.47910 
 23.94500  0.47399  0.47405 
 24.04500  0.46905  0.46911 
 24.14500  0.46429  0.46435 
 24.24500  0.45970  0.45975 
 24.34500  0.45528  0.45534 
 24.44500  0.45109  0.45113 
 24.54500  0.44708  0.44714 
 24.64500  0.44332  0.44339 
 24.74500  0.43982  0.43988 
 24.84500  0.43656  0.43666 
 24.94500  0.43359  0.43368 
 25.04500  0.43089  0.43096 
 25.14500  0.42849  0.42857 
 25.24500  0.42639  0.42647 
 25.34500  0.42458  0.42466 
 25.44500  0.42310  0.42319 
 25.54500  0.42195  0.42205 
 25.64500  0.42111  0.42117 
 25.74500  0.42058  0.42065 
 25.84500  0.42040  0.42050 
 25.94500  0.42053  0.42059 
 26.04500  0.42098  0.42104 
 26.14500  0.42176  0.42185 
 26.24500  0.42285  0.42292 
 26.34500  0.42425  0.42431 
 26.44500  0.42595  0.42603 
 26.54500  0.42797  0.42803 
 26.64500  0.43026  0.43032 
 26.74500  0.43284  0.43291 
 26.84500  0.43567  0.43575 
 26.94500  0.43877  0.43883 
 27.04500  0.44211  0.44216 
 27.14500  0.44568  0.44575 
 27.24500  0.44947  0.44953 
 27.34500  0.45346  0.45351 
 27.44500  0.45764  0.45768 
 27.54500  0.46198  0.46201 
 27.64500  0.46646  0.46648 
 27.74500  0.47107  0.47110 
 27.84500  0.47579  0.47581 
 27.94500  0.48059  0.48061 
 28.04500  0.48547  0.48550 
 28.14500  0.49039  0.49045 
 28.24500  0.49538  0.49540 
 28.34500  0.50036  0.50035 
 28.44500  0.50533  0.50535 
 28.54500  0.51028  0.51028 
 28.64500  0.51516  0.51519 
 28.74500  0.52000  0.51999 
 28.84500  0.52472  0.52473 
 28.94500  0.52934  0.52937 
 29.04500  0.53386  0.53388 
 29.14500  0.53822  0.53822 
 29.24500  0.54243  0.54243 
 29.34500  0.54645  0.54646 
 29.44500  0.55029  0.55027 
 29.54500  0.55392  0.55390 
 29.64500  0.55728  0.55728 
 29.74500  0.56045  0.56045 
 29.84500  0.56336  0.56334 
 29.94500  0.56599  0.56598 
 30.04500  0.56836  0.56834 
 30.14500  0.57045  0.57040 
 30.24500  0.57224  0.57222 
 30.34500  0.57374  0.57372 
 30.44500  0.57493  0.57493 
 30.54500  0.57582  0.57578 
 30.64500  0.57639  0.57636 
 30.74500  0.57664  0.57659 
 30.84500  0.57658  0.57655 
 30.94500  0.57620  0.57618 
 31.04500  0.57552  0.57549 
 31.14500  0.57450  0.57448 
 31.24500  0.57320  0.57317 
 31.34500  0.57158  0.57155 
 31.44500  0.56967  0.56966 
 31.54500  0.56748  0.56745 
 31.64500  0.56502  0.56496 
 31.74500  0.56226  0.56222 
 31.84500  0.55925  0.55922 
 31.94500  0.55600  0.55596 
 32.04500  0.55251  0.55247 
 32.14500  0.54879  0.54877 
 32.24500  0.54489  0.54489 
 32.34500  0.54078  0.54076 
 32.44500  0.53650  0.53649 
 32.54500  0.53208  0.53205 
 32.64500  0.52751  0.52750 
 32.74500  0.52283  0.52282 
 32.84500  0.51804  0.51803 
 32.94500  0.51317  0.51316 
 33.04500  0.50826  0.50825 
 33.14500  0.50327  0.50325 
 33.24500  0.49827  0.49825 
 33.34500  0.49326  0.49325 
 33.44500  0.48828  0.48826 
 33.54500  0.48334  0.48335 
 33.64500  0.47846  0.47846 
 33.74500  0.47367  0.47365 
 33.84500  0.46895  0.46893 
 33.94500  0.46435  0.46433 
 34.04500  0.45988  0.45987 
 34.14500  0.45556  0.45556 
 34.24500  0.45140  0.45140 
 34.34500  0.44744  0.44744 
 34.44500  0.44368  0.44369 
 34.54500  0.44014  0.44013 
 34.64500  0.43681  0.43683 
 34.74500  0.43375  0.43375 
 34.84500  0.43094  0.43095 
 34.94500  0.42838  0.42839 
 35.04500  0.42611  0.42613 
 35.14500  0.42413  0.42414 
 35.24500  0.42245  0.42246 
 35.34500  0.42104  0.42105 
 35.44500  0.41996  0.41997 
 35.54500  0.41919  0.41921 
 35.64500  0.41874  0.41876 
 35.74500  0.41860  0.41860 
 35.84500  0.41878  0.41880 
 35.94500  0.41927  0.41928 
 36.04500  0.42009  0.42007 
 36.14500  0.42120  0.42121 
 36.24500  0.42263  0.42263 
 36.34500  0.42435  0.42434 
 36.44500  0.42637  0.42637 
 36.54500  0.42868  0.42867 
 36.64500  0.43127  0.43127 
 36.74500  0.43412  0.43415 
 36.84500  0.43724  0.43723 
 36.94500  0.44060  0.44058 
 37.04500  0.44416  0.44416 
 37.14500  0.44798  0.44795 
 37.24500  0.45198  0.45195 
 37.34500  0.45617  0.45615 
 37.44500  0.46053  0.46051 
 37.54500  0.46504  0.46502 
 37.64500  0.46969  0.46965 
 37.74500  0.47445  0.47441 
 37.84500  0.47929  0.47927 
 37.94500  0.48421  0.48419 
 38.04500  0.48923  0.48917 
 38.14500  0.49423  0.49425 
 38.24500  0.49931  0.49926 
 38.34500  0.50438  0.50435 
 38.44500  0.50941  0.50935 
 38.54500  0.51443  0.51435 
 38.64500  0.51935  0.51930 
 38.74500  0.52420  0.52416 
 38.84500  0.52897  0.52892 
 38.94500  0.53360  0.53357 
 39.04500  0.53815  0.53809 
 39.14500  0.54252  0.54247 
 39.24500  0.54672  0.54666 
 39.34500  0.55075  0.55069 
 39.44500  0.55458  0.55451 
 39.54500  0.55819  0.55810 
 39.64500  0.56158  0.56150 
 39.74500  0.56473  0.56465 
 39.84500  0.56764  0.56756 
 39.94500  0.57028  0.57020 
 40.04500  0.57265  0.57256 
 40.14500  0.57475  0.57468 
 40.24500  0.57658  0.57648 
 40.34500  0.57810  0.57802 
 40.44500  0.57933  0.57924 
 40.54500  0.58026  0.58017 
 40.64500  0.58090  0.58080 
 40.74500  0.58123  0.58114 
 40.84500  0.58126  0.58118 
 40.94500  0.58101  0.58092 
 41.04500  0.58043  0.58036 
 41.14500  0.57960  0.57952 
 41.24500  0.57846  0.57837 
 41.34500  0.57703  0.57694 
 41.44500  0.57536  0.57526 
 41.54500  0.57340  0.57330 
 41.64500  0.57118  0.57110 
 41.74500  0.56875  0.56864 
 41.84500  0.56606  0.56597 
 41.94500  0.56316  0.56305 
 42.04500  0.56005  0.55996 
 42.14500  0.55674  0.55666 
 42.24500  0.55326  0.55319 
 42.34500  0.54961  0.54956 
 42.44500  0.54584  0.54577 
 42.54500  0.54194  0.54190 
 42.64500  0.53794  0.53788 
 42.74500  0.53383  0.53377 
 42.84500  0.52968  0.52959 
 42.94500  0.52545  0.52538 
 43.04500  0.52118  0.52110 
 43.14500  0.51688  0.51683 
 43.24500  0.51262  0.51255 
 43.34500  0.50835  0.50830 
 43.44500  0.50412  0.50407 
 43.54500  0.49997  0.49992 
 43.64500  0.49588  0.49580 
 43.74500  0.49188  0.49181 
 43.84500  0.48801  0.48794 
 43.94500  0.48424  0.48417 
 44.04500  0.48061  0.48056 
 44.14500  0.47713  0.47708 
 44.24500  0.47385  0.47379 
 44.34500  0.47073  0.47065 
 44.44500  0.46781  0.46777 
 44.54500  0.46510  0.46506 
 44.64500  0.46260  0.46257 
 44.74500  0.46036  0.46032 
 44.84500  0.45833  0.45830 
 44.94500  0.45654  0.45650 
 45.04500  0.45502  0.45496 
 45.14500  0.45375  0.45369 
 45.24500  0.45272  0.45267 
 45.34500  0.45196  0.45191 
 45.44500  0.45147  0.45142 
 45.54500  0.45123  0.45120 
 45.64500  0.45127  0.45122 
 45.74500  0.45156  0.45150 
 45.84500  0.45208  0.45205 
 45.94500  0.45290  0.45285 
 46.04500  0.45393  0.45388 
 46.14500  0.45521  0.45515 
 46.24500  0.45671  0.45665 
 46.34500  0.45844  0.45838 
 46.44500  0.46038  0.46030 
 46.54500  0.46252  0.46246 
 46.64500  0.46485  0.46478 
 46.74500  0.46736  0.46727 
 46.84500  0.47001  0.46994 
 46.94500  0.47283  0.47274 
 47.04500  0.47578  0.47565 
 47.14500  0.47881  0.47872 
 47.24500  0.48195  0.48187 
 47.34500  0.48519  0.48510 
 47.44500  0.48848  0.48840 
 47.54500  0.49182  0.49174 
 47.64500  0.49520  0.49511 
 47.74500  0.49858  0.49849 
 47.84500  0.50198  0.50188 
 47.94500  0.50534  0.50523 
 48.04500  0.50865  0.50855 
 48.14500  0.51192  0.51180 
 48.24500  0.51509  0.51499 
 48.34500  0.51817  0.51805 
 48.44500  0.52116  0.52105 
 48.54500  0.52403  0.52392 
 48.64500  0.52676  0.52664 
 48.74500  0.52934  0.52920 
 48.84500  0.53174  0.53161 
 48.94500  0.53396  0.53385 
 49.04500  0.53602  0.53588 
 49.14500  0.53784  0.53771 
 49.24500  0.53946  0.53934 
 49.34500  0.54086  0.54072 
 49.44500  0.54204  0.54191 
 49.54500  0.54296  0.54282 
 49.64500  0.54366  0.54353 
 49.74500  0.54411  0.54398 
 49.84500  0.54431  0.54418 
 49.94500  0.54425  0.54412 
 50.04500  0.54395  0.54382 
 50.14500  0.54339  0.54325 
 50.24500  0.54258  0.54245 
 50.34500  0.54154  0.54140 
 50.44500  0.54025  0.54011 
 50.54500  0.53872  0.53857 
 50.64500  0.53695  0.53679 
 50.74500  0.53497  0.53480 
 50.84500  0.53278  0.53261 
 50.94500  0.53035  0.53020 
 51.04500  0.52775  0.52759 
 51.14500  0.52496  0.52481 
 51.24500  0.52199  0.52185 
 51.34500  0.51887  0.51873 
 51.44500  0.51560  0.51547 
 51.54500  0.51222  0.51209 
 51.64500  0.50871  0.50859 
 51.74500  0.50514  0.50500 
 51.84500  0.50146  0.50133 
 51.94500  0.49772  0.49759 
 52.04500  0.49395  0.49381 
 52.14500  0.49015  0.49000 
 52.24500  0.48628  0.48619 
 52.34500  0.48248  0.48238 
 52.44500  0.47873  0.47860 
 52.54500  0.47498  0.47487 
 52.64500  0.47132  0.47120 
 52.74500  0.46775  0.46762 
 52.84500  0.46427  0.46413 
 52.94500  0.46089  0.46077 
 53.04500  0.45765  0.45753 
 53.14500  0.45458  0.45445 
 53.24500  0.45165  0.45154 
 53.34500  0.44890  0.44880 
 53.44500  0.44636  0.44627 
 53.54500  0.44404  0.44393 
 53.64500  0.44191  0.44180 
 53.74500  0.44003  0.43994 
 53.84500  0.43840  0.43830 
 53.94500  0.43702  0.43693 
 54.04500  0.43591  0.43582 
 54.14500  0.43506  0.43496 
 54.24500  0.43446  0.43438 
 54.34500  0.43419  0.43410 
 54.44500  0.43416  0.43409 
 54.54500  0.43445  0.43437 
 54.64500  0.43503  0.43494 
 54.74500  0.43589  0.43579 
 54.84500  0.43704  0.43694 
 54.94500  0.43847  0.43837 
 55.04500  0.44019  0.44012 
 55.14500  0.44218  0.44211 
 55.24500  0.44445  0.44437 
 55.34500  0.44698  0.44690 
 55.44500  0.44977  0.44968 
 55.54500  0.45279  0.45272 
 55.64500  0.45607  0.45599 
 55.74500  0.45957  0.45949 
 55.84500  0.46330  0.46321 
 55.94500  0.46721  0.46710 
 56.04500  0.47131  0.47122 
 56.14500  0.47558  0.47548 
 56.24500  0.48002  0.47990 
 56.34500  0.48456  0.48445 
 56.44500  0.48923  0.48913 
 56.54500  0.49398  0.49389 
 56.64500  0.49885  0.49874 
 56.74500  0.50375  0.50365 
 56.84500  0.50872  0.50865 
 56.94500  0.51371  0.51358 
 57.04500  0.51870  0.51855 
 57.14500  0.52366  0.52355 
 57.24500  0.52860  0.52847 
 57.34500  0.53346  0.53333 
 57.44500  0.53824  0.53813 
 57.54500  0.54293  0.54281 
 57.64500  0.54750  0.54739 
 57.74500  0.55193  0.55181 
 57.84500  0.55622  0.55608 
 57.94500  0.56033  0.56020 
 58.04500  0.56420  0.56406 
 58.14500  0.56791  0.56774 
 58.24500  0.57136  0.57120 
 58.34500  0.57456  0.57442 
 58.44500  0.57750  0.57734 
 58.54500  0.58016  0.58000 
 58.64500  0.58252  0.58238 
 58.74500  0.58460  0.58445 
 58.84500  0.58634  0.58618 
 58.94500  0.58776  0.58759 
 59.04500  0.58884  0.58865 
 59.14500  0.58956  0.58939 
 59.24500  0.58993  0.58976 
 59.34500  0.58993  0.58976 
 59.44500  0.58957  0.58939 
 59.54500  0.58882  0.58864 
 59.64500  0.58769  0.58753 
 59.74500  0.58619  0.58601 
 59.84500  0.58431  0.58412 
 59.94500  0.58203  0.58184 
 60.04500  0.57938  0.57921 
 60.14500  0.57634  0.57617 
 60.24500  0.57292  0.57275 
 60.34500  0.56915  0.56898 
 60.44500  0.56499  0.56480 
 60.54500  0.56048  0.56029 
 60.64500  0.55561  0.55544 
 60.74500  0.55039  0.55022 
 60.84500  0.54483  0.54466 
 60.94500  0.53896  0.53879 
 61.04500  0.53278  0.53258 
 61.14500  0.52625  0.52610 
 61.24500  0.51946  0.51931 
 61.34500  0.51238  0.51223 
 61.44500  0.50506  0.50489 
 61.54500  0.49748  0.49734 
 61.64500  0.48969  0.48950 
 61.74500  0.48167  0.48149 
 61.84500  0.47344  0.47328 
 61.94500  0.46503  0.46485 
 62.04500  0.45646  0.45630 
 62.14500  0.44773  0.44757 
 62.24500  0.43886  0.43872 
 62.34500  0.42990  0.42975 
 62.44500  0.42083  0.42070 
 62.54500  0.41170  0.41156 
 62.64500  0.40252  0.40236 
 62.74500  0.39329  0.39313 
 62.84500  0.38403  0.38387 
 62.94500  0.37477  0.37463 
 63.04500  0.36553  0.36538 
 63.14500  0.35631  0.35619 
 63.24500  0.34717  0.34703 
 63.34500  0.33809  0.33795 
 63.44500  0.32908  0.32895 
 63.54500  0.32018  0.32007 
 63.64500  0.31142  0.31130 
 63.74500  0.30279  0.30266 
 63.84500  0.29431  0.29419 
 63.94500  0.28599  0.28588 
 64.04500  0.27787  0.27780 
 64.14500  0.26994  0.26984 
 64.24500  0.26223  0.26213 
 64.34500  0.25475  0.25464 
 64.44500  0.24750  0.24739 
 64.54500  0.24051  0.24040 
 64.64500  0.23378  0.23368 
 64.74500  0.22732  0.22722 
 64.84500  0.22116  0.22110 
 64.94500  0.21530  0.21519 
 65.04500  0.20973  0.20964 
 65.14500  0.20449  0.20438 
 65.24500  0.19957  0.19948 
 65.34500  0.19500  0.19489 
 65.44500  0.19074  0.19064 
 65.54500  0.18684  0.18677 
 65.64500  0.18331  0.18322 
 65.74500  0.18014  0.18005 
 65.84500  0.17731  0.17722 
 65.94500  0.17486  0.17477 
 66.04500  0.17278  0.17271 
 66.14500  0.17108  0.17099 
 66.24500  0.16976  0.16967 
 66.34500  0.16883  0.16872 
 66.44500  0.16825  0.16817 
