  0.04500  0.51197  0.51410 
  0.14500  0.51198  0.51410 
  0.24500  0.51197  0.51410 
  0.34500  0.51197  0.51410 
  0.44500  0.51197  0.51410 
  0.54500  0.51197  0.51410 
  0.64500  0.51197  0.51410 
  0.74500  0.51197  0.51410 
  0.84500  0.51197  0.51410 
  0.94500  0.51196  0.51410 
  1.04500  0.51196  0.51410 
  1.14500  0.51196  0.51410 
  1.24500  0.51196  0.51410 
  1.34500  0.51196  0.51410 
  1.44500  0.51196  0.51410 
  1.54500  0.51196  0.51410 
  1.64500  0.51196  0.51410 
  1.74500  0.51196  0.51410 
  1.84500  0.51196  0.51410 
  1.94500  0.51195  0.51410 
  2.04500  0.51195  0.51410 
  2.14500  0.51194  0.51410 
  2.24500  0.51194  0.51410 
  2.34500  0.51194  0.51410 
  2.44500  0.51194  0.51410 
  2.54500  0.51194  0.51410 
  2.64500  0.51194  0.51410 
  2.74500  0.51193  0.51410 
  2.84500  0.51193  0.51410 
  2.94500  0.51193  0.51410 
  3.04500  0.51192  0.51410 
  3.14500  0.51192  0.51410 
  3.24500  0.51191  0.51410 
  3.34500  0.51191  0.51402 
  3.44500  0.51191  0.51400 
  3.54500  0.51190  0.51400 
  3.64500  0.51190  0.51400 
  3.74500  0.51189  0.51400 
  3.84500  0.51188  0.51400 
  3.94500  0.51188  0.51400 
  4.04500  0.51188  0.51400 
  4.14500  0.51187  0.51400 
  4.24500  0.51186  0.51400 
  4.34500  0.51186  0.51400 
  4.44500  0.51185  0.51400 
  4.54500  0.51185  0.51400 
  4.64500  0.51185  0.51400 
  4.74500  0.51184  0.51400 
  4.84500  0.51183  0.51395 
  4.94500  0.51183  0.51390 
  5.04500  0.51182  0.51390 
  5.14500  0.51182  0.51390 
  5.24500  0.51181  0.51390 
  5.34500  0.51181  0.51390 
  5.44500  0.51181  0.51390 
  5.54500  0.51180  0.51390 
  5.64500  0.51179  0.51390 
  5.74500  0.51178  0.51390 
  5.84500  0.51178  0.51390 
  5.94500  0.51178  0.51390 
  6.04500  0.51177  0.51381 
  6.14500  0.51175  0.51380 
  6.24500  0.51175  0.51380 
  6.34500  0.51175  0.51380 
  6.44500  0.51174  0.51380 
  6.54500  0.51174  0.51380 
  6.64500  0.51173  0.51380 
  6.74500  0.51173  0.51380 
  6.84500  0.51172  0.51380 
  6.94500  0.51172  0.51378 
  7.04500  0.51172  0.51370 
  7.14500  0.51169  0.51370 
  7.24500  0.51168  0.51370 
  7.34500  0.51167  0.51370 
  7.44500  0.51166  0.51370 
  7.54500  0.51166  0.51370 
  7.64500  0.51165  0.51370 
  7.74500  0.51163  0.51370 
  7.84500  0.51163  0.51364 
  7.94500  0.51163  0.51360 
  8.04500  0.51161  0.51360 
  8.14500  0.51161  0.51360 
  8.24500  0.51160  0.51360 
  8.34500  0.51159  0.51360 
  8.44500  0.51158  0.51360 
  8.54500  0.51158  0.51360 
  8.64500  0.51157  0.51351 
  8.74500  0.51156  0.51350 
  8.84500  0.51156  0.51350 
  8.94500  0.51155  0.51350 
  9.04500  0.51154  0.51350 
  9.14500  0.51152  0.51350 
  9.24500  0.51151  0.51350 
  9.34500  0.51150  0.51343 
  9.44500  0.51150  0.51340 
  9.54500  0.51148  0.51340 
  9.64500  0.51147  0.51340 
  9.74500  0.51147  0.51340 
  9.84500  0.51147  0.51340 
  9.94500  0.51145  0.51340 
 10.04500  0.51144  0.51330 
 10.14500  0.51142  0.51330 
 10.24500  0.51141  0.51330 
 10.34500  0.51141  0.51330 
 10.44500  0.51140  0.51330 
 10.54500  0.51138  0.51330 
 10.64500  0.51137  0.51322 
 10.74500  0.51137  0.51320 
 10.84500  0.51135  0.51320 
 10.94500  0.51134  0.51320 
 11.04500  0.51133  0.51320 
 11.14500  0.51132  0.51320 
 11.24500  0.51130  0.51312 
 11.34500  0.51129  0.51310 
 11.44500  0.51128  0.51310 
 11.54500  0.51126  0.51310 
 11.64500  0.51125  0.51310 
 11.74500  0.51124  0.51309 
 11.84500  0.51123  0.51300 
 11.94500  0.51122  0.51300 
 12.04500  0.51121  0.51300 
 12.14500  0.51119  0.51300 
 12.24500  0.51119  0.51300 
 12.34500  0.51115  0.51294 
 12.44500  0.51115  0.51290 
 12.54500  0.51113  0.51290 
 12.64500  0.51112  0.51290 
 12.74500  0.51111  0.51290 
 12.84500  0.51110  0.51286 
 12.94500  0.51109  0.51280 
 13.04500  0.51108  0.51280 
 13.14500  0.51106  0.51280 
 13.24500  0.51105  0.51280 
 13.34500  0.51104  0.51277 
 13.44500  0.51103  0.51270 
 13.54500  0.51101  0.51270 
 13.64500  0.51099  0.51270 
 13.74500  0.51098  0.51270 
 13.84500  0.51097  0.51266 
 13.94500  0.51095  0.51260 
 14.04500  0.51093  0.51260 
 14.14500  0.51092  0.51260 
 14.24500  0.51090  0.51260 
 14.34500  0.51089  0.51254 
 14.44500  0.51087  0.51250 
 14.54500  0.51086  0.51250 
 14.64500  0.51085  0.51250 
 14.74500  0.51083  0.51250 
 14.84500  0.51082  0.51240 
 14.94500  0.51080  0.51240 
 15.04500  0.51078  0.51240 
 15.14500  0.51077  0.51240 
 15.24500  0.51076  0.51236 
 15.34500  0.51075  0.51230 
 15.44500  0.51074  0.51230 
 15.54500  0.51072  0.51230 
 15.64500  0.51071  0.51230 
 15.74500  0.51068  0.51220 
 15.84500  0.51066  0.51220 
 15.94500  0.51065  0.51220 
 16.04500  0.51063  0.51220 
 16.14500  0.51061  0.51213 
 16.24500  0.51060  0.51210 
 16.34500  0.51059  0.51210 
 16.44500  0.51057  0.51210 
 16.54500  0.51055  0.51205 
 16.64500  0.51054  0.51200 
 16.74500  0.51052  0.51200 
 16.84500  0.51051  0.51200 
 16.94500  0.51049  0.51197 
 17.04500  0.51048  0.51190 
 17.14500  0.51046  0.51190 
 17.24500  0.51043  0.51190 
 17.34500  0.51042  0.51188 
 17.44500  0.51040  0.51180 
 17.54500  0.51039  0.51180 
 17.64500  0.51038  0.51180 
 17.74500  0.51036  0.51178 
 17.84500  0.51035  0.51170 
 17.94500  0.51033  0.51170 
 18.04500  0.51031  0.51170 
 18.14500  0.51030  0.51167 
 18.24500  0.51028  0.51160 
 18.34500  0.51026  0.51160 
 18.44500  0.51025  0.51160 
 18.54500  0.51024  0.51156 
 18.64500  0.51021  0.51150 
 18.74500  0.51018  0.51150 
 18.84500  0.51017  0.51150 
 18.94500  0.51015  0.51144 
 19.04500  0.51013  0.51140 
 19.14500  0.51012  0.51140 
 19.24500  0.51010  0.51140 
 19.34500  0.51008  0.51132 
 19.44500  0.51006  0.51130 
 19.54500  0.51004  0.51130 
 19.64500  0.51003  0.51129 
 19.74500  0.51001  0.51120 
 19.84500  0.50999  0.51120 
 19.94500  0.50997  0.51120 
 20.04500  0.50995  0.51116 
 20.14500  0.50993  0.51110 
 20.24500  0.50991  0.51110 
 20.34500  0.50990  0.51110 
 20.44500  0.50988  0.51103 
 20.54500  0.50986  0.51100 
 20.64500  0.50984  0.51100 
 20.74500  0.50981  0.51098 
 20.84500  0.50980  0.51090 
 20.94500  0.50978  0.51090 
 21.04500  0.50977  0.51090 
 21.14500  0.50975  0.51084 
 21.24500  0.50972  0.51080 
 21.34500  0.50970  0.51080 
 21.44500  0.50969  0.51079 
 21.54500  0.50967  0.51070 
 21.64500  0.50964  0.51070 
 21.74500  0.50963  0.51070 
 21.84500  0.50960  0.51064 
 21.94500  0.50959  0.51060 
 22.04500  0.50957  0.51060 
 22.14500  0.50955  0.51059 
 22.24500  0.50954  0.51050 
 22.34500  0.50952  0.51050 
 22.44500  0.50950  0.51050 
 22.54500  0.50947  0.51043 
 22.64500  0.50944  0.51040 
 22.74500  0.50942  0.51040 
 22.84500  0.50940  0.51037 
 22.94500  0.50938  0.51030 
 23.04500  0.50936  0.51030 
 23.14500  0.50934  0.51030 
 23.24500  0.50933  0.51020 
 23.34500  0.50930  0.51020 
 23.44500  0.50928  0.51020 
 23.54500  0.50927  0.51014 
 23.64500  0.50924  0.51010 
 23.74500  0.50923  0.51010 
 23.84500  0.50920  0.51007 
 23.94500  0.50918  0.51000 
 24.04500  0.50917  0.51000 
 24.14500  0.50914  0.51000 
 24.24500  0.50912  0.50990 
 24.34500  0.50910  0.50990 
 24.44500  0.50908  0.50990 
 24.54500  0.50906  0.50983 
 24.64500  0.50904  0.50980 
 24.74500  0.50902  0.50980 
 24.84500  0.50900  0.50975 
 24.94500  0.50897  0.50970 
 25.04500  0.50895  0.50970 
 25.14500  0.50893  0.50967 
 25.24500  0.50891  0.50960 
 25.34500  0.50889  0.50960 
 25.44500  0.50888  0.50960 
 25.54500  0.50885  0.50950 
 25.64500  0.50883  0.50950 
 25.74500  0.50880  0.50950 
 25.84500  0.50878  0.50942 
 25.94500  0.50876  0.50940 
 26.04500  0.50874  0.50940 
 26.14500  0.50871  0.50933 
 26.24500  0.50869  0.50930 
 26.34500  0.50867  0.50930 
 26.44500  0.50865  0.50925 
 26.54500  0.50862  0.50920 
 26.64500  0.50860  0.50920 
 26.74500  0.50858  0.50917 
 26.84500  0.50856  0.50910 
 26.94500  0.50855  0.50910 
 27.04500  0.50853  0.50908 
 27.14500  0.50851  0.50900 
 27.24500  0.50848  0.50900 
 27.34500  0.50845  0.50899 
 27.44500  0.50844  0.50890 
 27.54500  0.50842  0.50890 
 27.64500  0.50839  0.50890 
 27.74500  0.50837  0.50881 
 27.84500  0.50836  0.50880 
 27.94500  0.50834  0.50880 
 28.04500  0.50832  0.50872 
 28.14500  0.50828  0.50870 
 28.24500  0.50827  0.50870 
 28.34500  0.50825  0.50863 
 28.44500  0.50821  0.50860 
 28.54500  0.50820  0.50860 
 28.64500  0.50818  0.50853 
 28.74500  0.50815  0.50850 
 28.84500  0.50813  0.50850 
 28.94500  0.50811  0.50844 
 29.04500  0.50809  0.50840 
 29.14500  0.50807  0.50840 
 29.24500  0.50805  0.50835 
 29.34500  0.50803  0.50830 
 29.44500  0.50801  0.50830 
 29.54500  0.50799  0.50826 
 29.64500  0.50795  0.50820 
 29.74500  0.50794  0.50820 
 29.84500  0.50791  0.50816 
 29.94500  0.50789  0.50810 
 30.04500  0.50787  0.50810 
 30.14500  0.50785  0.50807 
 30.24500  0.50784  0.50800 
 30.34500  0.50781  0.50800 
 30.44500  0.50778  0.50797 
 30.54500  0.50776  0.50790 
 30.64500  0.50774  0.50790 
 30.74500  0.50772  0.50788 
 30.84500  0.50769  0.50780 
 30.94500  0.50768  0.50780 
 31.04500  0.50765  0.50778 
 31.14500  0.50763  0.50770 
 31.24500  0.50760  0.50770 
 31.34500  0.50758  0.50769 
 31.44500  0.50756  0.50760 
 31.54500  0.50753  0.50760 
 31.64500  0.50751  0.50759 
 31.74500  0.50749  0.50750 
 31.84500  0.50746  0.50750 
 31.94500  0.50744  0.50750 
 32.04500  0.50741  0.50740 
 32.14500  0.50740  0.50740 
 32.24500  0.50738  0.50740 
 32.34500  0.50736  0.50730 
 32.44500  0.50734  0.50730 
 32.54500  0.50732  0.50730 
 32.64500  0.50729  0.50721 
 32.74500  0.50727  0.50720 
 32.84500  0.50724  0.50720 
 32.94500  0.50722  0.50711 
 33.04500  0.50720  0.50710 
 33.14500  0.50718  0.50710 
 33.24500  0.50716  0.50701 
 33.34500  0.50714  0.50700 
 33.44500  0.50711  0.50700 
 33.54500  0.50709  0.50692 
 33.64500  0.50707  0.50690 
 33.74500  0.50705  0.50690 
 33.84500  0.50703  0.50682 
 33.94500  0.50700  0.50680 
 34.04500  0.50698  0.50680 
 34.14500  0.50695  0.50673 
 34.24500  0.50693  0.50670 
 34.34500  0.50691  0.50670 
 34.44500  0.50689  0.50664 
 34.54500  0.50687  0.50660 
 34.64500  0.50685  0.50660 
 34.74500  0.50683  0.50654 
 34.84500  0.50681  0.50650 
 34.94500  0.50678  0.50650 
 35.04500  0.50676  0.50645 
 35.14500  0.50673  0.50640 
 35.24500  0.50670  0.50640 
 35.34500  0.50669  0.50636 
 35.44500  0.50667  0.50630 
 35.54500  0.50665  0.50630 
 35.64500  0.50663  0.50627 
 35.74500  0.50660  0.50620 
 35.84500  0.50659  0.50620 
 35.94500  0.50657  0.50618 
 36.04500  0.50654  0.50610 
 36.14500  0.50653  0.50610 
 36.24500  0.50650  0.50609 
 36.34500  0.50648  0.50600 
 36.44500  0.50645  0.50600 
 36.54500  0.50644  0.50600 
 36.64500  0.50641  0.50590 
 36.74500  0.50639  0.50590 
 36.84500  0.50636  0.50590 
 36.94500  0.50634  0.50581 
 37.04500  0.50633  0.50580 
 37.14500  0.50631  0.50580 
 37.24500  0.50628  0.50572 
 37.34500  0.50625  0.50570 
 37.44500  0.50624  0.50570 
 37.54500  0.50622  0.50564 
 37.64500  0.50620  0.50560 
 37.74500  0.50618  0.50560 
 37.84500  0.50616  0.50555 
 37.94500  0.50614  0.50550 
 38.04500  0.50611  0.50550 
 38.14500  0.50609  0.50547 
 38.24500  0.50608  0.50540 
 38.34500  0.50606  0.50540 
 38.44500  0.50603  0.50539 
 38.54500  0.50601  0.50530 
 38.64500  0.50599  0.50530 
 38.74500  0.50597  0.50530 
 38.84500  0.50595  0.50521 
 38.94500  0.50593  0.50520 
 39.04500  0.50591  0.50520 
 39.14500  0.50589  0.50513 
 39.24500  0.50587  0.50510 
 39.34500  0.50585  0.50510 
 39.44500  0.50583  0.50506 
 39.54500  0.50581  0.50500 
 39.64500  0.50577  0.50500 
 39.74500  0.50575  0.50498 
 39.84500  0.50573  0.50490 
 39.94500  0.50571  0.50490 
 40.04500  0.50570  0.50490 
 40.14500  0.50568  0.50481 
 40.24500  0.50565  0.50480 
 40.34500  0.50563  0.50480 
 40.44500  0.50560  0.50474 
 40.54500  0.50559  0.50470 
 40.64500  0.50557  0.50470 
 40.74500  0.50555  0.50468 
 40.84500  0.50553  0.50460 
 40.94500  0.50551  0.50460 
 41.04500  0.50549  0.50460 
 41.14500  0.50547  0.50451 
 41.24500  0.50545  0.50450 
 41.34500  0.50543  0.50450 
 41.44500  0.50541  0.50445 
 41.54500  0.50539  0.50440 
 41.64500  0.50537  0.50440 
 41.74500  0.50535  0.50439 
 41.84500  0.50534  0.50430 
 41.94500  0.50532  0.50430 
 42.04500  0.50529  0.50430 
 42.14500  0.50526  0.50423 
 42.24500  0.50525  0.50420 
 42.34500  0.50523  0.50420 
 42.44500  0.50521  0.50418 
 42.54500  0.50519  0.50410 
 42.64500  0.50517  0.50410 
 42.74500  0.50515  0.50410 
 42.84500  0.50513  0.50403 
 42.94500  0.50511  0.50400 
 43.04500  0.50509  0.50400 
 43.14500  0.50507  0.50398 
 43.24500  0.50506  0.50390 
 43.34500  0.50503  0.50390 
 43.44500  0.50501  0.50390 
 43.54500  0.50499  0.50384 
 43.64500  0.50498  0.50380 
 43.74500  0.50496  0.50380 
 43.84500  0.50493  0.50380 
 43.94500  0.50491  0.50370 
 44.04500  0.50490  0.50370 
 44.14500  0.50488  0.50370 
 44.24500  0.50486  0.50367 
 44.34500  0.50484  0.50360 
 44.44500  0.50483  0.50360 
 44.54500  0.50481  0.50360 
 44.64500  0.50479  0.50354 
 44.74500  0.50476  0.50350 
 44.84500  0.50475  0.50350 
 44.94500  0.50473  0.50350 
 45.04500  0.50472  0.50341 
 45.14500  0.50470  0.50340 
 45.24500  0.50468  0.50340 
 45.34500  0.50467  0.50339 
 45.44500  0.50465  0.50330 
 45.54500  0.50464  0.50330 
 45.64500  0.50462  0.50330 
 45.74500  0.50459  0.50328 
 45.84500  0.50458  0.50320 
 45.94500  0.50456  0.50320 
 46.04500  0.50454  0.50320 
 46.14500  0.50452  0.50317 
 46.24500  0.50450  0.50310 
 46.34500  0.50448  0.50310 
 46.44500  0.50448  0.50310 
 46.54500  0.50446  0.50307 
 46.64500  0.50444  0.50300 
 46.74500  0.50441  0.50300 
 46.84500  0.50440  0.50300 
 46.94500  0.50439  0.50297 
 47.04500  0.50438  0.50290 
 47.14500  0.50436  0.50290 
 47.24500  0.50435  0.50290 
 47.34500  0.50433  0.50288 
 47.44500  0.50431  0.50280 
 47.54500  0.50430  0.50280 
 47.64500  0.50427  0.50280 
 47.74500  0.50426  0.50280 
 47.84500  0.50424  0.50270 
 47.94500  0.50423  0.50270 
 48.04500  0.50421  0.50270 
 48.14500  0.50420  0.50270 
 48.24500  0.50419  0.50263 
 48.34500  0.50417  0.50260 
 48.44500  0.50416  0.50260 
 48.54500  0.50414  0.50260 
 48.64500  0.50413  0.50257 
 48.74500  0.50411  0.50250 
 48.84500  0.50409  0.50250 
 48.94500  0.50408  0.50250 
 49.04500  0.50406  0.50250 
 49.14500  0.50405  0.50241 
 49.24500  0.50403  0.50240 
 49.34500  0.50402  0.50240 
 49.44500  0.50401  0.50240 
 49.54500  0.50399  0.50237 
 49.64500  0.50397  0.50230 
 49.74500  0.50395  0.50230 
 49.84500  0.50394  0.50230 
 49.94500  0.50392  0.50230 
 50.04500  0.50391  0.50224 
 50.14500  0.50390  0.50220 
 50.24500  0.50388  0.50220 
 50.34500  0.50388  0.50220 
 50.44500  0.50386  0.50220 
 50.54500  0.50384  0.50213 
 50.64500  0.50384  0.50210 
 50.74500  0.50382  0.50210 
 50.84500  0.50380  0.50210 
 50.94500  0.50379  0.50210 
 51.04500  0.50377  0.50202 
 51.14500  0.50376  0.50200 
 51.24500  0.50375  0.50200 
 51.34500  0.50373  0.50200 
 51.44500  0.50372  0.50200 
 51.54500  0.50370  0.50194 
 51.64500  0.50369  0.50190 
 51.74500  0.50369  0.50190 
 51.84500  0.50367  0.50190 
 51.94500  0.50366  0.50190 
 52.04500  0.50366  0.50187 
 52.14500  0.50364  0.50180 
 52.24500  0.50362  0.50180 
 52.34500  0.50361  0.50180 
 52.44500  0.50359  0.50180 
 52.54500  0.50358  0.50180 
 52.64500  0.50357  0.50173 
 52.74500  0.50356  0.50170 
 52.84500  0.50355  0.50170 
 52.94500  0.50353  0.50170 
 53.04500  0.50352  0.50170 
 53.14500  0.50351  0.50170 
 53.24500  0.50350  0.50161 
 53.34500  0.50349  0.50160 
 53.44500  0.50348  0.50160 
 53.54500  0.50348  0.50160 
 53.64500  0.50346  0.50160 
 53.74500  0.50345  0.50160 
 53.84500  0.50344  0.50152 
 53.94500  0.50343  0.50150 
 54.04500  0.50341  0.50150 
 54.14500  0.50341  0.50150 
 54.24500  0.50340  0.50150 
 54.34500  0.50339  0.50150 
 54.44500  0.50337  0.50146 
 54.54500  0.50335  0.50140 
 54.64500  0.50335  0.50140 
 54.74500  0.50333  0.50140 
 54.84500  0.50333  0.50140 
 54.94500  0.50332  0.50140 
 55.04500  0.50331  0.50140 
 55.14500  0.50330  0.50135 
 55.24500  0.50329  0.50130 
 55.34500  0.50329  0.50130 
 55.44500  0.50327  0.50130 
 55.54500  0.50325  0.50130 
 55.64500  0.50324  0.50130 
 55.74500  0.50325  0.50130 
 55.84500  0.50323  0.50128 
 55.94500  0.50322  0.50120 
 56.04500  0.50322  0.50120 
 56.14500  0.50321  0.50120 
 56.24500  0.50321  0.50120 
 56.34500  0.50320  0.50120 
 56.44500  0.50319  0.50120 
 56.54500  0.50318  0.50120 
 56.64500  0.50318  0.50119 
 56.74500  0.50317  0.50110 
 56.84500  0.50316  0.50110 
 56.94500  0.50315  0.50110 
 57.04500  0.50315  0.50110 
 57.14500  0.50314  0.50110 
 57.24500  0.50313  0.50110 
 57.34500  0.50313  0.50110 
 57.44500  0.50313  0.50110 
 57.54500  0.50311  0.50109 
 57.64500  0.50310  0.50100 
 57.74500  0.50309  0.50100 
 57.84500  0.50309  0.50100 
 57.94500  0.50308  0.50100 
 58.04500  0.50307  0.50100 
 58.14500  0.50307  0.50100 
 58.24500  0.50306  0.50100 
 58.34500  0.50305  0.50100 
 58.44500  0.50305  0.50100 
 58.54500  0.50305  0.50100 
 58.64500  0.50305  0.50092 
 58.74500  0.50304  0.50090 
 58.84500  0.50301  0.50090 
 58.94500  0.50301  0.50090 
 59.04500  0.50301  0.50090 
 59.14500  0.50301  0.50090 
 59.24500  0.50300  0.50090 
 59.34500  0.50299  0.50090 
 59.44500  0.50299  0.50090 
 59.54500  0.50299  0.50090 
 59.64500  0.50298  0.50090 
 59.74500  0.50298  0.50090 
 59.84500  0.50297  0.50089 
 59.94500  0.50297  0.50080 
 60.04500  0.50297  0.50080 
 60.14500  0.50297  0.50080 
 60.24500  0.50296  0.50080 
 60.34500  0.50296  0.50080 
 60.44500  0.50295  0.50080 
 60.54500  0.50295  0.50080 
 60.64500  0.50293  0.50080 
 60.74500  0.50293  0.50080 
 60.84500  0.50293  0.50080 
 60.94500  0.50293  0.50080 
 61.04500  0.50293  0.50080 
 61.14500  0.50292  0.50080 
 61.24500  0.50291  0.50080 
 61.34500  0.50291  0.50080 
 61.44500  0.50291  0.50080 
 61.54500  0.50291  0.50080 
 61.64500  0.50290  0.50080 
 61.74500  0.50290  0.50071 
 61.84500  0.50290  0.50070 
 61.94500  0.50290  0.50070 
 62.04500  0.50289  0.50070 
 62.14500  0.50289  0.50070 
 62.24500  0.50289  0.50070 
 62.34500  0.50289  0.50070 
 62.44500  0.50289  0.50070 
 62.54500  0.50289  0.50070 
 62.64500  0.50288  0.50070 
 62.74500  0.50288  0.50070 
 62.84500  0.50288  0.50070 
 62.94500  0.50288  0.50070 
 63.04500  0.50288  0.50070 
 63.14500  0.50287  0.50070 
 63.24500  0.50287  0.50070 
 63.34500  0.50287  0.50070 
 63.44500  0.50287  0.50070 
 63.54500  0.50287  0.50070 
 63.64500  0.50288  0.50070 
 63.74500  0.50288  0.50070 
 63.84500  0.50288  0.50070 
 63.94500  0.50288  0.50070 
 64.04500  0.50288  0.50070 
 64.14500  0.50288  0.50070 
