  0.04500  0.82285  0.82258 
  0.14500  0.82262  0.82235 
  0.24500  0.82212  0.82186 
  0.34500  0.82139  0.82112 
  0.44500  0.82041  0.82014 
  0.54500  0.81916  0.81892 
  0.64500  0.81770  0.81746 
  0.74500  0.81600  0.81575 
  0.84500  0.81405  0.81380 
  0.94500  0.81186  0.81161 
  1.04500  0.80945  0.80920 
  1.14500  0.80683  0.80657 
  1.24500  0.80395  0.80373 
  1.34500  0.80088  0.80063 
  1.44500  0.79759  0.79735 
  1.54500  0.79410  0.79386 
  1.64500  0.79040  0.79016 
  1.74500  0.78651  0.78630 
  1.84500  0.78244  0.78222 
  1.94500  0.77820  0.77797 
  2.04500  0.77376  0.77355 
  2.14500  0.76918  0.76897 
  2.24500  0.76445  0.76423 
  2.34500  0.75956  0.75935 
  2.44500  0.75454  0.75434 
  2.54500  0.74939  0.74919 
  2.64500  0.74411  0.74393 
  2.74500  0.73873  0.73854 
  2.84500  0.73324  0.73305 
  2.94500  0.72766  0.72750 
  3.04500  0.72200  0.72184 
  3.14500  0.71629  0.71612 
  3.24500  0.71050  0.71033 
  3.34500  0.70465  0.70449 
  3.44500  0.69878  0.69862 
  3.54500  0.69286  0.69271 
  3.64500  0.68692  0.68680 
  3.74500  0.68098  0.68085 
  3.84500  0.67504  0.67490 
  3.94500  0.66910  0.66899 
  4.04500  0.66318  0.66307 
  4.14500  0.65729  0.65719 
  4.24500  0.65146  0.65135 
  4.34500  0.64564  0.64556 
  4.44500  0.63992  0.63983 
  4.54500  0.63425  0.63416 
  4.64500  0.62864  0.62857 
  4.74500  0.62313  0.62306 
  4.84500  0.61772  0.61764 
  4.94500  0.61238  0.61233 
  5.04500  0.60717  0.60711 
  5.14500  0.60208  0.60205 
  5.24500  0.59709  0.59706 
  5.34500  0.59225  0.59221 
  5.44500  0.58755  0.58750 
  5.54500  0.58297  0.58295 
  5.64500  0.57853  0.57852 
  5.74500  0.57424  0.57423 
  5.84500  0.57012  0.57010 
  5.94500  0.56615  0.56613 
  6.04500  0.56233  0.56233 
  6.14500  0.55867  0.55867 
  6.24500  0.55517  0.55518 
  6.34500  0.55186  0.55185 
  6.44500  0.54870  0.54869 
  6.54500  0.54569  0.54569 
  6.64500  0.54286  0.54287 
  6.74500  0.54019  0.54020 
  6.84500  0.53767  0.53769 
  6.94500  0.53532  0.53535 
  7.04500  0.53315  0.53315 
  7.14500  0.53110  0.53111 
  7.24500  0.52923  0.52924 
  7.34500  0.52750  0.52750 
  7.44500  0.52589  0.52590 
  7.54500  0.52444  0.52445 
  7.64500  0.52313  0.52313 
  7.74500  0.52191  0.52192 
  7.84500  0.52084  0.52085 
  7.94500  0.51988  0.51988 
  8.04500  0.51902  0.51902 
  8.14500  0.51826  0.51827 
  8.24500  0.51761  0.51761 
  8.34500  0.51704  0.51703 
  8.44500  0.51653  0.51652 
  8.54500  0.51610  0.51610 
  8.64500  0.51574  0.51572 
  8.74500  0.51543  0.51541 
  8.84500  0.51515  0.51515 
  8.94500  0.51493  0.51491 
  9.04500  0.51474  0.51471 
  9.14500  0.51455  0.51453 
  9.24500  0.51439  0.51435 
  9.34500  0.51423  0.51420 
  9.44500  0.51409  0.51404 
  9.54500  0.51389  0.51386 
  9.64500  0.51372  0.51367 
  9.74500  0.51351  0.51346 
  9.84500  0.51326  0.51321 
  9.94500  0.51299  0.51294 
 10.04500  0.51267  0.51262 
 10.14500  0.51229  0.51224 
 10.24500  0.51187  0.51182 
 10.34500  0.51142  0.51135 
 10.44500  0.51088  0.51080 
 10.54500  0.51028  0.51020 
 10.64500  0.50959  0.50952 
 10.74500  0.50885  0.50877 
 10.84500  0.50804  0.50795 
 10.94500  0.50713  0.50705 
 11.04500  0.50617  0.50605 
 11.14500  0.50511  0.50503 
 11.24500  0.50398  0.50390 
 11.34500  0.50278  0.50269 
 11.44500  0.50150  0.50140 
 11.54500  0.50013  0.50005 
 11.64500  0.49871  0.49862 
 11.74500  0.49720  0.49712 
 11.84500  0.49563  0.49556 
 11.94500  0.49400  0.49392 
 12.04500  0.49231  0.49223 
 12.14500  0.49056  0.49048 
 12.24500  0.48876  0.48868 
 12.34500  0.48692  0.48685 
 12.44500  0.48504  0.48496 
 12.54500  0.48313  0.48305 
 12.64500  0.48117  0.48110 
 12.74500  0.47922  0.47915 
 12.84500  0.47724  0.47720 
 12.94500  0.47525  0.47520 
 13.04500  0.47328  0.47320 
 13.14500  0.47130  0.47125 
 13.24500  0.46934  0.46930 
 13.34500  0.46742  0.46738 
 13.44500  0.46553  0.46548 
 13.54500  0.46366  0.46364 
 13.64500  0.46186  0.46182 
 13.74500  0.46011  0.46008 
 13.84500  0.45843  0.45839 
 13.94500  0.45681  0.45678 
 14.04500  0.45526  0.45525 
 14.14500  0.45383  0.45380 
 14.24500  0.45246  0.45244 
 14.34500  0.45121  0.45119 
 14.44500  0.45005  0.45005 
 14.54500  0.44903  0.44902 
 14.64500  0.44809  0.44809 
 14.74500  0.44730  0.44728 
 14.84500  0.44663  0.44662 
 14.94500  0.44608  0.44608 
 15.04500  0.44568  0.44568 
 15.14500  0.44541  0.44542 
 15.24500  0.44529  0.44530 
 15.34500  0.44531  0.44532 
 15.44500  0.44548  0.44548 
 15.54500  0.44579  0.44580 
 15.64500  0.44626  0.44626 
 15.74500  0.44687  0.44688 
 15.84500  0.44763  0.44765 
 15.94500  0.44854  0.44855 
 16.04500  0.44959  0.44959 
 16.14500  0.45078  0.45079 
 16.24500  0.45211  0.45212 
 16.34500  0.45357  0.45360 
 16.44500  0.45518  0.45518 
 16.54500  0.45690  0.45691 
 16.64500  0.45874  0.45876 
 16.74500  0.46072  0.46070 
 16.84500  0.46280  0.46282 
 16.94500  0.46498  0.46498 
 17.04500  0.46725  0.46725 
 17.14500  0.46962  0.46962 
 17.24500  0.47208  0.47207 
 17.34500  0.47461  0.47459 
 17.44500  0.47720  0.47718 
 17.54500  0.47985  0.47983 
 17.64500  0.48253  0.48251 
 17.74500  0.48527  0.48525 
 17.84500  0.48802  0.48801 
 17.94500  0.49081  0.49078 
 18.04500  0.49359  0.49356 
 18.14500  0.49640  0.49636 
 18.24500  0.49917  0.49913 
 18.34500  0.50194  0.50190 
 18.44500  0.50466  0.50462 
 18.54500  0.50736  0.50730 
 18.64500  0.50999  0.50995 
 18.74500  0.51259  0.51254 
 18.84500  0.51511  0.51505 
 18.94500  0.51754  0.51750 
 19.04500  0.51993  0.51985 
 19.14500  0.52218  0.52212 
 19.24500  0.52435  0.52428 
 19.34500  0.52641  0.52630 
 19.44500  0.52836  0.52827 
 19.54500  0.53017  0.53010 
 19.64500  0.53187  0.53177 
 19.74500  0.53343  0.53335 
 19.84500  0.53483  0.53476 
 19.94500  0.53611  0.53603 
 20.04500  0.53725  0.53715 
 20.14500  0.53821  0.53812 
 20.24500  0.53902  0.53895 
 20.34500  0.53969  0.53959 
 20.44500  0.54020  0.54009 
 20.54500  0.54053  0.54043 
 20.64500  0.54072  0.54060 
 20.74500  0.54075  0.54062 
 20.84500  0.54059  0.54049 
 20.94500  0.54028  0.54017 
 21.04500  0.53982  0.53973 
 21.14500  0.53921  0.53910 
 21.24500  0.53844  0.53834 
 21.34500  0.53753  0.53745 
 21.44500  0.53646  0.53636 
 21.54500  0.53525  0.53516 
 21.64500  0.53392  0.53383 
 21.74500  0.53246  0.53236 
 21.84500  0.53086  0.53078 
 21.94500  0.52916  0.52908 
 22.04500  0.52735  0.52727 
 22.14500  0.52542  0.52538 
 22.24500  0.52341  0.52337 
 22.34500  0.52133  0.52126 
 22.44500  0.51916  0.51909 
 22.54500  0.51693  0.51686 
 22.64500  0.51462  0.51457 
 22.74500  0.51227  0.51222 
 22.84500  0.50988  0.50983 
 22.94500  0.50746  0.50741 
 23.04500  0.50501  0.50497 
 23.14500  0.50255  0.50251 
 23.24500  0.50008  0.50006 
 23.34500  0.49763  0.49760 
 23.44500  0.49518  0.49517 
 23.54500  0.49277  0.49274 
 23.64500  0.49038  0.49036 
 23.74500  0.48803  0.48802 
 23.84500  0.48574  0.48573 
 23.94500  0.48349  0.48349 
 24.04500  0.48132  0.48133 
 24.14500  0.47923  0.47922 
 24.24500  0.47720  0.47720 
 24.34500  0.47528  0.47528 
 24.44500  0.47345  0.47346 
 24.54500  0.47172  0.47172 
 24.64500  0.47007  0.47008 
 24.74500  0.46855  0.46856 
 24.84500  0.46714  0.46717 
 24.94500  0.46584  0.46587 
 25.04500  0.46468  0.46470 
 25.14500  0.46362  0.46365 
 25.24500  0.46270  0.46274 
 25.34500  0.46191  0.46195 
 25.44500  0.46127  0.46129 
 25.54500  0.46072  0.46076 
 25.64500  0.46032  0.46035 
 25.74500  0.46004  0.46008 
 25.84500  0.45989  0.45992 
 25.94500  0.45987  0.45990 
 26.04500  0.45996  0.46000 
 26.14500  0.46018  0.46022 
 26.24500  0.46053  0.46056 
 26.34500  0.46096  0.46100 
 26.44500  0.46152  0.46155 
 26.54500  0.46218  0.46221 
 26.64500  0.46295  0.46297 
 26.74500  0.46379  0.46382 
 26.84500  0.46473  0.46475 
 26.94500  0.46575  0.46576 
 27.04500  0.46685  0.46687 
 27.14500  0.46801  0.46802 
 27.24500  0.46923  0.46925 
 27.34500  0.47048  0.47051 
 27.44500  0.47181  0.47183 
 27.54500  0.47317  0.47317 
 27.64500  0.47455  0.47455 
 27.74500  0.47595  0.47595 
 27.84500  0.47737  0.47737 
 27.94500  0.47879  0.47878 
 28.04500  0.48021  0.48020 
 28.14500  0.48163  0.48161 
 28.24500  0.48300  0.48300 
 28.34500  0.48437  0.48437 
 28.44500  0.48573  0.48570 
 28.54500  0.48701  0.48700 
 28.64500  0.48827  0.48825 
 28.74500  0.48946  0.48945 
 28.84500  0.49061  0.49059 
 28.94500  0.49169  0.49165 
 29.04500  0.49271  0.49265 
 29.14500  0.49364  0.49362 
 29.24500  0.49450  0.49448 
 29.34500  0.49528  0.49525 
 29.44500  0.49597  0.49594 
 29.54500  0.49658  0.49655 
 29.64500  0.49711  0.49705 
 29.74500  0.49752  0.49747 
 29.84500  0.49785  0.49781 
 29.94500  0.49808  0.49803 
 30.04500  0.49820  0.49817 
 30.14500  0.49824  0.49820 
 30.24500  0.49819  0.49815 
 30.34500  0.49805  0.49799 
 30.44500  0.49779  0.49776 
 30.54500  0.49745  0.49741 
 30.64500  0.49703  0.49700 
 30.74500  0.49652  0.49649 
 30.84500  0.49594  0.49590 
 30.94500  0.49527  0.49523 
 31.04500  0.49453  0.49449 
 31.14500  0.49372  0.49369 
 31.24500  0.49284  0.49281 
 31.34500  0.49191  0.49185 
 31.44500  0.49092  0.49085 
 31.54500  0.48988  0.48985 
 31.64500  0.48882  0.48880 
 31.74500  0.48771  0.48770 
 31.84500  0.48658  0.48658 
 31.94500  0.48543  0.48541 
 32.04500  0.48427  0.48427 
 32.14500  0.48310  0.48310 
 32.24500  0.48194  0.48193 
 32.34500  0.48079  0.48078 
 32.44500  0.47963  0.47963 
 32.54500  0.47851  0.47851 
 32.64500  0.47741  0.47744 
 32.74500  0.47635  0.47635 
 32.84500  0.47535  0.47535 
 32.94500  0.47438  0.47440 
 33.04500  0.47347  0.47349 
 33.14500  0.47263  0.47265 
 33.24500  0.47185  0.47187 
 33.34500  0.47114  0.47117 
 33.44500  0.47049  0.47053 
 33.54500  0.46994  0.46999 
 33.64500  0.46947  0.46951 
 33.74500  0.46909  0.46914 
 33.84500  0.46881  0.46885 
 33.94500  0.46861  0.46865 
 34.04500  0.46853  0.46860 
 34.14500  0.46853  0.46860 
 34.24500  0.46862  0.46867 
 34.34500  0.46883  0.46888 
 34.44500  0.46914  0.46919 
 34.54500  0.46955  0.46960 
 34.64500  0.47006  0.47011 
 34.74500  0.47065  0.47070 
 34.84500  0.47135  0.47140 
 34.94500  0.47217  0.47220 
 35.04500  0.47304  0.47308 
 35.14500  0.47402  0.47405 
 35.24500  0.47507  0.47512 
 35.34500  0.47623  0.47626 
 35.44500  0.47744  0.47747 
 35.54500  0.47872  0.47877 
 35.64500  0.48008  0.48011 
 35.74500  0.48150  0.48153 
 35.84500  0.48296  0.48300 
 35.94500  0.48449  0.48451 
 36.04500  0.48603  0.48607 
 36.14500  0.48764  0.48766 
 36.24500  0.48926  0.48928 
 36.34500  0.49090  0.49092 
 36.44500  0.49255  0.49258 
 36.54500  0.49421  0.49423 
 36.64500  0.49588  0.49588 
 36.74500  0.49753  0.49754 
 36.84500  0.49916  0.49917 
 36.94500  0.50077  0.50078 
 37.04500  0.50234  0.50237 
 37.14500  0.50390  0.50390 
 37.24500  0.50539  0.50540 
 37.34500  0.50688  0.50684 
 37.44500  0.50822  0.50823 
 37.54500  0.50956  0.50956 
 37.64500  0.51081  0.51082 
 37.74500  0.51200  0.51200 
 37.84500  0.51311  0.51310 
 37.94500  0.51411  0.51413 
 38.04500  0.51505  0.51503 
 38.14500  0.51588  0.51587 
 38.24500  0.51662  0.51660 
 38.34500  0.51725  0.51724 
 38.44500  0.51777  0.51777 
 38.54500  0.51819  0.51820 
 38.64500  0.51854  0.51852 
 38.74500  0.51874  0.51874 
 38.84500  0.51885  0.51884 
 38.94500  0.51885  0.51883 
 39.04500  0.51873  0.51873 
 39.14500  0.51851  0.51851 
 39.24500  0.51819  0.51820 
 39.34500  0.51778  0.51778 
 39.44500  0.51724  0.51724 
 39.54500  0.51661  0.51663 
 39.64500  0.51591  0.51593 
 39.74500  0.51512  0.51511 
 39.84500  0.51423  0.51424 
 39.94500  0.51326  0.51325 
 40.04500  0.51223  0.51224 
 40.14500  0.51112  0.51112 
 40.24500  0.50994  0.50996 
 40.34500  0.50871  0.50874 
 40.44500  0.50745  0.50746 
 40.54500  0.50613  0.50615 
 40.64500  0.50478  0.50480 
 40.74500  0.50339  0.50342 
 40.84500  0.50201  0.50203 
 40.94500  0.50060  0.50063 
 41.04500  0.49917  0.49921 
 41.14500  0.49777  0.49781 
 41.24500  0.49637  0.49641 
 41.34500  0.49499  0.49504 
 41.44500  0.49366  0.49370 
 41.54500  0.49236  0.49238 
 41.64500  0.49107  0.49113 
 41.74500  0.48985  0.48990 
 41.84500  0.48869  0.48875 
 41.94500  0.48760  0.48765 
 42.04500  0.48656  0.48665 
 42.14500  0.48562  0.48568 
 42.24500  0.48477  0.48482 
 42.34500  0.48400  0.48405 
 42.44500  0.48331  0.48339 
 42.54500  0.48274  0.48281 
 42.64500  0.48228  0.48234 
 42.74500  0.48192  0.48199 
 42.84500  0.48168  0.48174 
 42.94500  0.48153  0.48160 
 43.04500  0.48153  0.48160 
 43.14500  0.48162  0.48169 
 43.24500  0.48184  0.48192 
 43.34500  0.48220  0.48227 
 43.44500  0.48267  0.48275 
 43.54500  0.48326  0.48333 
 43.64500  0.48397  0.48403 
 43.74500  0.48480  0.48487 
 43.84500  0.48575  0.48585 
 43.94500  0.48682  0.48688 
 44.04500  0.48801  0.48806 
 44.14500  0.48928  0.48934 
 44.24500  0.49068  0.49073 
 44.34500  0.49217  0.49222 
 44.44500  0.49376  0.49381 
 44.54500  0.49543  0.49549 
 44.64500  0.49719  0.49724 
 44.74500  0.49902  0.49907 
 44.84500  0.50094  0.50100 
 44.94500  0.50291  0.50291 
 45.04500  0.50494  0.50499 
 45.14500  0.50700  0.50704 
 45.24500  0.50912  0.50915 
 45.34500  0.51127  0.51129 
 45.44500  0.51343  0.51346 
 45.54500  0.51563  0.51565 
 45.64500  0.51781  0.51783 
 45.74500  0.52002  0.52002 
 45.84500  0.52219  0.52220 
 45.94500  0.52435  0.52435 
 46.04500  0.52648  0.52648 
 46.14500  0.52857  0.52858 
 46.24500  0.53062  0.53060 
 46.34500  0.53262  0.53260 
 46.44500  0.53455  0.53455 
 46.54500  0.53641  0.53641 
 46.64500  0.53821  0.53820 
 46.74500  0.53991  0.53990 
 46.84500  0.54153  0.54151 
 46.94500  0.54304  0.54304 
 47.04500  0.54445  0.54443 
 47.14500  0.54576  0.54575 
 47.24500  0.54695  0.54693 
 47.34500  0.54802  0.54802 
 47.44500  0.54896  0.54894 
 47.54500  0.54978  0.54977 
 47.64500  0.55047  0.55046 
 47.74500  0.55102  0.55100 
 47.84500  0.55144  0.55144 
 47.94500  0.55173  0.55172 
 48.04500  0.55188  0.55187 
 48.14500  0.55189  0.55189 
 48.24500  0.55176  0.55175 
 48.34500  0.55149  0.55148 
 48.44500  0.55108  0.55109 
 48.54500  0.55053  0.55055 
 48.64500  0.54988  0.54988 
 48.74500  0.54908  0.54910 
 48.84500  0.54816  0.54815 
 48.94500  0.54711  0.54713 
 49.04500  0.54595  0.54598 
 49.14500  0.54470  0.54472 
 49.24500  0.54330  0.54335 
 49.34500  0.54185  0.54190 
 49.44500  0.54028  0.54033 
 49.54500  0.53864  0.53868 
 49.64500  0.53691  0.53698 
 49.74500  0.53512  0.53518 
 49.84500  0.53326  0.53333 
 49.94500  0.53135  0.53140 
 50.04500  0.52940  0.52950 
 50.14500  0.52740  0.52750 
 50.24500  0.52538  0.52548 
 50.34500  0.52333  0.52340 
 50.44500  0.52130  0.52140 
 50.54500  0.51923  0.51930 
 50.64500  0.51718  0.51730 
 50.74500  0.51516  0.51530 
 50.84500  0.51316  0.51330 
 50.94500  0.51118  0.51130 
 51.04500  0.50926  0.50937 
 51.14500  0.50738  0.50749 
 51.24500  0.50556  0.50568 
 51.34500  0.50380  0.50393 
 51.44500  0.50213  0.50225 
 51.54500  0.50054  0.50066 
 51.64500  0.49903  0.49915 
 51.74500  0.49762  0.49774 
 51.84500  0.49630  0.49643 
 51.94500  0.49509  0.49522 
 52.04500  0.49399  0.49415 
 52.14500  0.49301  0.49315 
 52.24500  0.49216  0.49229 
 52.34500  0.49142  0.49154 
 52.44500  0.49080  0.49093 
 52.54500  0.49030  0.49044 
 52.64500  0.48995  0.49009 
 52.74500  0.48972  0.48985 
 52.84500  0.48964  0.48974 
 52.94500  0.48966  0.48978 
 53.04500  0.48981  0.48993 
 53.14500  0.49010  0.49022 
 53.24500  0.49051  0.49062 
 53.34500  0.49105  0.49116 
 53.44500  0.49170  0.49181 
 53.54500  0.49248  0.49258 
 53.64500  0.49336  0.49345 
 53.74500  0.49434  0.49445 
 53.84500  0.49543  0.49551 
 53.94500  0.49661  0.49668 
 54.04500  0.49786  0.49794 
 54.14500  0.49920  0.49928 
 54.24500  0.50063  0.50069 
 54.34500  0.50211  0.50215 
 54.44500  0.50364  0.50370 
 54.54500  0.50522  0.50527 
 54.64500  0.50683  0.50689 
 54.74500  0.50848  0.50852 
 54.84500  0.51014  0.51018 
 54.94500  0.51181  0.51185 
 55.04500  0.51348  0.51352 
 55.14500  0.51515  0.51515 
 55.24500  0.51677  0.51679 
 55.34500  0.51838  0.51838 
 55.44500  0.51993  0.51993 
 55.54500  0.52142  0.52143 
 55.64500  0.52286  0.52285 
 55.74500  0.52423  0.52420 
 55.84500  0.52550  0.52547 
 55.94500  0.52668  0.52664 
 56.04500  0.52774  0.52775 
 56.14500  0.52871  0.52867 
 56.24500  0.52954  0.52949 
 56.34500  0.53023  0.53019 
 56.44500  0.53078  0.53074 
 56.54500  0.53119  0.53114 
 56.64500  0.53143  0.53137 
 56.74500  0.53150  0.53147 
 56.84500  0.53141  0.53135 
 56.94500  0.53113  0.53107 
 57.04500  0.53066  0.53059 
 57.14500  0.53001  0.52995 
 57.24500  0.52915  0.52909 
 57.34500  0.52809  0.52802 
 57.44500  0.52683  0.52677 
 57.54500  0.52535  0.52531 
 57.64500  0.52369  0.52362 
 57.74500  0.52179  0.52170 
 57.84500  0.51967  0.51962 
 57.94500  0.51735  0.51732 
 58.04500  0.51483  0.51476 
 58.14500  0.51206  0.51202 
 58.24500  0.50910  0.50905 
 58.34500  0.50593  0.50589 
 58.44500  0.50254  0.50250 
 58.54500  0.49895  0.49894 
 58.64500  0.49517  0.49515 
 58.74500  0.49119  0.49117 
 58.84500  0.48699  0.48700 
 58.94500  0.48261  0.48263 
 59.04500  0.47808  0.47809 
 59.14500  0.47337  0.47338 
 59.24500  0.46849  0.46851 
 59.34500  0.46344  0.46346 
 59.44500  0.45824  0.45827 
 59.54500  0.45291  0.45295 
 59.64500  0.44745  0.44750 
 59.74500  0.44186  0.44191 
 59.84500  0.43617  0.43622 
 59.94500  0.43038  0.43043 
 60.04500  0.42447  0.42454 
 60.14500  0.41850  0.41860 
 60.24500  0.41246  0.41254 
 60.34500  0.40637  0.40645 
 60.44500  0.40021  0.40032 
 60.54500  0.39403  0.39415 
 60.64500  0.38784  0.38795 
 60.74500  0.38162  0.38175 
 60.84500  0.37542  0.37555 
 60.94500  0.36922  0.36936 
 61.04500  0.36306  0.36321 
 61.14500  0.35693  0.35709 
 61.24500  0.35085  0.35100 
 61.34500  0.34483  0.34500 
 61.44500  0.33891  0.33908 
 61.54500  0.33306  0.33325 
 61.64500  0.32730  0.32751 
 61.74500  0.32168  0.32187 
 61.84500  0.31616  0.31636 
 61.94500  0.31078  0.31100 
 62.04500  0.30556  0.30578 
 62.14500  0.30047  0.30066 
 62.24500  0.29556  0.29579 
 62.34500  0.29083  0.29104 
 62.44500  0.28627  0.28650 
 62.54500  0.28191  0.28215 
 62.64500  0.27776  0.27800 
 62.74500  0.27381  0.27406 
 62.84500  0.27008  0.27034 
 62.94500  0.26659  0.26685 
 63.04500  0.26333  0.26359 
 63.14500  0.26030  0.26058 
 63.24500  0.25754  0.25780 
 63.34500  0.25501  0.25529 
 63.44500  0.25276  0.25304 
 63.54500  0.25076  0.25104 
 63.64500  0.24903  0.24931 
 63.74500  0.24757  0.24786 
 63.84500  0.24640  0.24666 
 63.94500  0.24547  0.24576 
 64.04500  0.24484  0.24512 
 64.14500  0.24449  0.24478 
