  0.04500  0.99979  0.99980 
  0.14500  0.99979  0.99980 
  0.24500  0.99976  0.99971 
  0.34500  0.99974  0.99968 
  0.44500  0.99962  0.99959 
  0.54500  0.99951  0.99947 
  0.64500  0.99936  0.99932 
  0.74500  0.99916  0.99912 
  0.84500  0.99892  0.99887 
  0.94500  0.99860  0.99855 
  1.04500  0.99818  0.99814 
  1.14500  0.99766  0.99764 
  1.24500  0.99705  0.99700 
  1.34500  0.99626  0.99622 
  1.44500  0.99531  0.99525 
  1.54500  0.99415  0.99409 
  1.64500  0.99274  0.99269 
  1.74500  0.99101  0.99097 
  1.84500  0.98897  0.98893 
  1.94500  0.98655  0.98649 
  2.04500  0.98363  0.98360 
  2.14500  0.98023  0.98019 
  2.24500  0.97625  0.97620 
  2.34500  0.97160  0.97153 
  2.44500  0.96622  0.96616 
  2.54500  0.96005  0.95996 
  2.64500  0.95295  0.95290 
  2.74500  0.94493  0.94484 
  2.84500  0.93583  0.93577 
  2.94500  0.92563  0.92555 
  3.04500  0.91422  0.91414 
  3.14500  0.90153  0.90146 
  3.24500  0.88753  0.88747 
  3.34500  0.87220  0.87211 
  3.44500  0.85543  0.85534 
  3.54500  0.83726  0.83719 
  3.64500  0.81767  0.81759 
  3.74500  0.79665  0.79658 
  3.84500  0.77426  0.77419 
  3.94500  0.75050  0.75050 
  4.04500  0.72552  0.72551 
  4.14500  0.69938  0.69938 
  4.24500  0.67222  0.67221 
  4.34500  0.64411  0.64409 
  4.44500  0.61525  0.61518 
  4.54500  0.58574  0.58562 
  4.64500  0.55568  0.55561 
  4.74500  0.52532  0.52531 
  4.84500  0.49492  0.49492 
  4.94500  0.46457  0.46461 
  5.04500  0.43451  0.43458 
  5.14500  0.40495  0.40504 
  5.24500  0.37612  0.37617 
  5.34500  0.34809  0.34813 
  5.44500  0.32111  0.32111 
  5.54500  0.29530  0.29529 
  5.64500  0.27074  0.27077 
  5.74500  0.24770  0.24773 
  5.84500  0.22623  0.22627 
  5.94500  0.20646  0.20654 
  6.04500  0.18849  0.18860 
  6.14500  0.17244  0.17251 
  6.24500  0.15832  0.15840 
  6.34500  0.14622  0.14630 
  6.44500  0.13615  0.13623 
  6.54500  0.12819  0.12827 
  6.64500  0.12235  0.12244 
  6.74500  0.11866  0.11875 
  6.84500  0.11710  0.11720 
  6.94500  0.11773  0.11781 
  7.04500  0.12050  0.12058 
  7.14500  0.12537  0.12547 
  7.24500  0.13244  0.13251 
  7.34500  0.14159  0.14167 
  7.44500  0.15280  0.15288 
  7.54500  0.16607  0.16614 
  7.64500  0.18126  0.18137 
  7.74500  0.19844  0.19849 
  7.84500  0.21741  0.21745 
  7.94500  0.23814  0.23818 
  8.04500  0.26049  0.26051 
  8.14500  0.28440  0.28438 
  8.24500  0.30967  0.30965 
  8.34500  0.33615  0.33613 
  8.44500  0.36367  0.36372 
  8.54500  0.39210  0.39218 
  8.64500  0.42130  0.42141 
  8.74500  0.45108  0.45113 
  8.84500  0.48125  0.48124 
  8.94500  0.51146  0.51147 
  9.04500  0.54167  0.54164 
  9.14500  0.57165  0.57154 
  9.24500  0.60110  0.60100 
  9.34500  0.62991  0.62983 
  9.44500  0.65784  0.65781 
  9.54500  0.68480  0.68481 
  9.64500  0.71068  0.71068 
  9.74500  0.73525  0.73525 
  9.84500  0.75843  0.75837 
  9.94500  0.78004  0.77997 
 10.04500  0.79999  0.79991 
 10.14500  0.81823  0.81813 
 10.24500  0.83467  0.83456 
 10.34500  0.84921  0.84910 
 10.44500  0.86187  0.86177 
 10.54500  0.87253  0.87246 
 10.64500  0.88126  0.88117 
 10.74500  0.88798  0.88787 
 10.84500  0.89264  0.89257 
 10.94500  0.89532  0.89520 
 11.04500  0.89593  0.89584 
 11.14500  0.89449  0.89440 
 11.24500  0.89105  0.89095 
 11.34500  0.88554  0.88548 
 11.44500  0.87805  0.87796 
 11.54500  0.86857  0.86847 
 11.64500  0.85709  0.85699 
 11.74500  0.84367  0.84358 
 11.84500  0.82837  0.82829 
 11.94500  0.81123  0.81113 
 12.04500  0.79227  0.79221 
 12.14500  0.77166  0.77157 
 12.24500  0.74941  0.74935 
 12.34500  0.72563  0.72559 
 12.44500  0.70051  0.70051 
 12.54500  0.67415  0.67412 
 12.64500  0.64669  0.64667 
 12.74500  0.61836  0.61827 
 12.84500  0.58921  0.58908 
 12.94500  0.55940  0.55930 
 13.04500  0.52916  0.52913 
 13.14500  0.49873  0.49872 
 13.24500  0.46827  0.46829 
 13.34500  0.43796  0.43803 
 13.44500  0.40801  0.40810 
 13.54500  0.37863  0.37869 
 13.64500  0.35000  0.34999 
 13.74500  0.32217  0.32214 
 13.84500  0.29530  0.29529 
 13.94500  0.26956  0.26954 
 14.04500  0.24501  0.24505 
 14.14500  0.22183  0.22187 
 14.24500  0.20006  0.20010 
 14.34500  0.17975  0.17981 
 14.44500  0.16094  0.16103 
 14.54500  0.14374  0.14380 
 14.64500  0.12806  0.12811 
 14.74500  0.11395  0.11402 
 14.84500  0.10140  0.10146 
 14.94500  0.09043  0.09048 
 15.04500  0.08097  0.08102 
 15.14500  0.07302  0.07309 
 15.24500  0.06658  0.06664 
 15.34500  0.06162  0.06168 
 15.44500  0.05813  0.05819 
 15.54500  0.05610  0.05613 
 15.64500  0.05549  0.05554 
 15.74500  0.05632  0.05638 
 15.84500  0.05858  0.05865 
 15.94500  0.06236  0.06239 
 16.04500  0.06753  0.06756 
 16.14500  0.07419  0.07426 
 16.24500  0.08236  0.08243 
 16.34500  0.09209  0.09213 
 16.44500  0.10334  0.10338 
 16.54500  0.11611  0.11620 
 16.64500  0.13048  0.13054 
 16.74500  0.14641  0.14647 
 16.84500  0.16392  0.16397 
 16.94500  0.18295  0.18299 
 17.04500  0.20347  0.20353 
 17.14500  0.22551  0.22555 
 17.24500  0.24893  0.24896 
 17.34500  0.27370  0.27367 
 17.44500  0.29964  0.29963 
 17.54500  0.32670  0.32667 
 17.64500  0.35470  0.35472 
 17.74500  0.38351  0.38359 
 17.84500  0.41305  0.41313 
 17.94500  0.44313  0.44319 
 18.04500  0.47363  0.47360 
 18.14500  0.50415  0.50416 
 18.24500  0.53473  0.53470 
 18.34500  0.56512  0.56503 
 18.44500  0.59507  0.59496 
 18.54500  0.62442  0.62434 
 18.64500  0.65300  0.65297 
 18.74500  0.68073  0.68076 
 18.84500  0.70751  0.70750 
 18.94500  0.73312  0.73311 
 19.04500  0.75751  0.75743 
 19.14500  0.78053  0.78043 
 19.24500  0.80209  0.80202 
 19.34500  0.82219  0.82211 
 19.44500  0.84077  0.84067 
 19.54500  0.85776  0.85767 
 19.64500  0.87316  0.87309 
 19.74500  0.88701  0.88692 
 19.84500  0.89928  0.89919 
 19.94500  0.90995  0.90986 
 20.04500  0.91909  0.91899 
 20.14500  0.92665  0.92659 
 20.24500  0.93273  0.93265 
 20.34500  0.93728  0.93721 
 20.44500  0.94035  0.94026 
 20.54500  0.94193  0.94184 
 20.64500  0.94202  0.94194 
 20.74500  0.94064  0.94056 
 20.84500  0.93776  0.93769 
 20.94500  0.93344  0.93336 
 21.04500  0.92760  0.92751 
 21.14500  0.92019  0.92013 
 21.24500  0.91128  0.91122 
 21.34500  0.90084  0.90074 
 21.44500  0.88878  0.88870 
 21.54500  0.87516  0.87509 
 21.64500  0.85995  0.85986 
 21.74500  0.84316  0.84309 
 21.84500  0.82482  0.82474 
 21.94500  0.80495  0.80486 
 22.04500  0.78356  0.78347 
 22.14500  0.76072  0.76068 
 22.24500  0.73654  0.73651 
 22.34500  0.71107  0.71107 
 22.44500  0.68447  0.68449 
 22.54500  0.65686  0.65685 
 22.64500  0.62835  0.62832 
 22.74500  0.59913  0.59903 
 22.84500  0.56925  0.56917 
 22.94500  0.53896  0.53889 
 23.04500  0.50840  0.50839 
 23.14500  0.47787  0.47785 
 23.24500  0.44737  0.44743 
 23.34500  0.41726  0.41734 
 23.44500  0.38771  0.38775 
 23.54500  0.35883  0.35884 
 23.64500  0.33077  0.33074 
 23.74500  0.30365  0.30365 
 23.84500  0.27766  0.27765 
 23.94500  0.25288  0.25287 
 24.04500  0.22939  0.22945 
 24.14500  0.20737  0.20745 
 24.24500  0.18686  0.18696 
 24.34500  0.16791  0.16799 
 24.44500  0.15057  0.15066 
 24.54500  0.13487  0.13491 
 24.64500  0.12080  0.12084 
 24.74500  0.10836  0.10841 
 24.84500  0.09760  0.09766 
 24.94500  0.08850  0.08857 
 25.04500  0.08104  0.08112 
 25.14500  0.07522  0.07529 
 25.24500  0.07103  0.07110 
 25.34500  0.06849  0.06855 
 25.44500  0.06754  0.06758 
 25.54500  0.06820  0.06826 
 25.64500  0.07047  0.07055 
 25.74500  0.07439  0.07446 
 25.84500  0.07993  0.08001 
 25.94500  0.08713  0.08718 
 26.04500  0.09594  0.09602 
 26.14500  0.10641  0.10651 
 26.24500  0.11858  0.11863 
 26.34500  0.13237  0.13243 
 26.44500  0.14778  0.14788 
 26.54500  0.16488  0.16495 
 26.64500  0.18352  0.18363 
 26.74500  0.20380  0.20385 
 26.84500  0.22554  0.22561 
 26.94500  0.24875  0.24878 
 27.04500  0.27330  0.27332 
 27.14500  0.29910  0.29909 
 27.24500  0.32600  0.32599 
 27.34500  0.35389  0.35390 
 27.44500  0.38256  0.38267 
 27.54500  0.41199  0.41207 
 27.64500  0.44194  0.44203 
 27.74500  0.47229  0.47230 
 27.84500  0.50272  0.50272 
 27.94500  0.53313  0.53308 
 28.04500  0.56332  0.56320 
 28.14500  0.59302  0.59291 
 28.24500  0.62207  0.62199 
 28.34500  0.65031  0.65028 
 28.44500  0.67759  0.67761 
 28.54500  0.70384  0.70382 
 28.64500  0.72877  0.72875 
 28.74500  0.75233  0.75231 
 28.84500  0.77440  0.77434 
 28.94500  0.79484  0.79475 
 29.04500  0.81355  0.81344 
 29.14500  0.83043  0.83034 
 29.24500  0.84552  0.84543 
 29.34500  0.85867  0.85861 
 29.44500  0.86989  0.86981 
 29.54500  0.87913  0.87903 
 29.64500  0.88636  0.88630 
 29.74500  0.89158  0.89151 
 29.84500  0.89479  0.89471 
 29.94500  0.89595  0.89588 
 30.04500  0.89508  0.89499 
 30.14500  0.89214  0.89207 
 30.24500  0.88720  0.88713 
 30.34500  0.88022  0.88014 
 30.44500  0.87123  0.87118 
 30.54500  0.86029  0.86023 
 30.64500  0.84739  0.84733 
 30.74500  0.83261  0.83252 
 30.84500  0.81595  0.81588 
 30.94500  0.79748  0.79741 
 31.04500  0.77731  0.77721 
 31.14500  0.75548  0.75543 
 31.24500  0.73210  0.73207 
 31.34500  0.70732  0.70732 
 31.44500  0.68128  0.68128 
 31.54500  0.65411  0.65411 
 31.64500  0.62603  0.62594 
 31.74500  0.59707  0.59696 
 31.84500  0.56748  0.56737 
 31.94500  0.53734  0.53730 
 32.04500  0.50699  0.50698 
 32.14500  0.47661  0.47659 
 32.24500  0.44626  0.44633 
 32.34500  0.41631  0.41640 
 32.44500  0.38688  0.38697 
 32.54500  0.35819  0.35819 
 32.64500  0.33029  0.33028 
 32.74500  0.30338  0.30338 
 32.84500  0.27763  0.27760 
 32.94500  0.25309  0.25311 
 33.04500  0.22997  0.23001 
 33.14500  0.20828  0.20838 
 33.24500  0.18823  0.18831 
 33.34500  0.16979  0.16984 
 33.44500  0.15300  0.15306 
 33.54500  0.13794  0.13805 
 33.64500  0.12465  0.12472 
 33.74500  0.11315  0.11322 
 33.84500  0.10340  0.10348 
 33.94500  0.09546  0.09553 
 34.04500  0.08930  0.08939 
 34.14500  0.08496  0.08504 
 34.24500  0.08241  0.08247 
 34.34500  0.08166  0.08172 
 34.44500  0.08268  0.08277 
 34.54500  0.08554  0.08561 
 34.64500  0.09017  0.09025 
 34.74500  0.09664  0.09669 
 34.84500  0.10486  0.10492 
 34.94500  0.11489  0.11496 
 35.04500  0.12671  0.12678 
 35.14500  0.14028  0.14035 
 35.24500  0.15561  0.15568 
 35.34500  0.17265  0.17273 
 35.44500  0.19136  0.19142 
 35.54500  0.21173  0.21179 
 35.64500  0.23363  0.23366 
 35.74500  0.25700  0.25701 
 35.84500  0.28173  0.28173 
 35.94500  0.30773  0.30768 
 36.04500  0.33478  0.33479 
 36.14500  0.36285  0.36288 
 36.24500  0.39170  0.39177 
 36.34500  0.42123  0.42134 
 36.44500  0.45135  0.45138 
 36.54500  0.48176  0.48173 
 36.64500  0.51217  0.51220 
 36.74500  0.54261  0.54257 
 36.84500  0.57279  0.57268 
 36.94500  0.60241  0.60233 
 37.04500  0.63139  0.63136 
 37.14500  0.65958  0.65956 
 37.24500  0.68682  0.68684 
 37.34500  0.71297  0.71297 
 37.44500  0.73786  0.73786 
 37.54500  0.76146  0.76140 
 37.64500  0.78352  0.78348 
 37.74500  0.80407  0.80399 
 37.84500  0.82295  0.82285 
 37.94500  0.84014  0.84006 
 38.04500  0.85558  0.85552 
 38.14500  0.86926  0.86918 
 38.24500  0.88114  0.88107 
 38.34500  0.89118  0.89111 
 38.44500  0.89941  0.89933 
 38.54500  0.90577  0.90573 
 38.64500  0.91032  0.91025 
 38.74500  0.91299  0.91292 
 38.84500  0.91383  0.91375 
 38.94500  0.91280  0.91273 
 39.04500  0.90994  0.90985 
 39.14500  0.90520  0.90513 
 39.24500  0.89865  0.89856 
 39.34500  0.89024  0.89014 
 39.44500  0.87999  0.87990 
 39.54500  0.86792  0.86784 
 39.64500  0.85405  0.85397 
 39.74500  0.83840  0.83834 
 39.84500  0.82105  0.82097 
 39.94500  0.80199  0.80192 
 40.04500  0.78127  0.78124 
 40.14500  0.75907  0.75901 
 40.24500  0.73532  0.73532 
 40.34500  0.71029  0.71031 
 40.44500  0.68402  0.68401 
 40.54500  0.65668  0.65666 
 40.64500  0.62841  0.62835 
 40.74500  0.59934  0.59926 
 40.84500  0.56963  0.56956 
 40.94500  0.53944  0.53941 
 41.04500  0.50897  0.50900 
 41.14500  0.47857  0.47856 
 41.24500  0.44814  0.44823 
 41.34500  0.41809  0.41823 
 41.44500  0.38863  0.38871 
 41.54500  0.35986  0.35989 
 41.64500  0.33191  0.33190 
 41.74500  0.30493  0.30493 
 41.84500  0.27908  0.27908 
 41.94500  0.25448  0.25449 
 42.04500  0.23126  0.23131 
 42.14500  0.20952  0.20958 
 42.24500  0.18933  0.18940 
 42.34500  0.17078  0.17087 
 42.44500  0.15390  0.15398 
 42.54500  0.13875  0.13886 
 42.64500  0.12538  0.12546 
 42.74500  0.11374  0.11383 
 42.84500  0.10393  0.10400 
 42.94500  0.09584  0.09594 
 43.04500  0.08961  0.08967 
 43.14500  0.08516  0.08521 
 43.24500  0.08249  0.08258 
 43.34500  0.08164  0.08171 
 43.44500  0.08257  0.08266 
 43.54500  0.08532  0.08540 
 43.64500  0.08986  0.08995 
 43.74500  0.09620  0.09627 
 43.84500  0.10433  0.10442 
 43.94500  0.11426  0.11434 
 44.04500  0.12598  0.12606 
 44.14500  0.13944  0.13952 
 44.24500  0.15467  0.15476 
 44.34500  0.17163  0.17170 
 44.44500  0.19025  0.19035 
 44.54500  0.21050  0.21058 
 44.64500  0.23231  0.23238 
 44.74500  0.25562  0.25564 
 44.84500  0.28029  0.28032 
 44.94500  0.30622  0.30622 
 45.04500  0.33326  0.33325 
 45.14500  0.36127  0.36131 
 45.24500  0.39011  0.39020 
 45.34500  0.41965  0.41975 
 45.44500  0.44974  0.44980 
 45.54500  0.48019  0.48020 
 45.64500  0.51069  0.51070 
 45.74500  0.54124  0.54117 
 45.84500  0.57151  0.57140 
 45.94500  0.60130  0.60122 
 46.04500  0.63049  0.63043 
 46.14500  0.65890  0.65889 
 46.24500  0.68643  0.68644 
 46.34500  0.71294  0.71297 
 46.44500  0.73834  0.73830 
 46.54500  0.76239  0.76237 
 46.64500  0.78515  0.78508 
 46.74500  0.80642  0.80634 
 46.84500  0.82617  0.82611 
 46.94500  0.84440  0.84434 
 47.04500  0.86109  0.86104 
 47.14500  0.87617  0.87613 
 47.24500  0.88969  0.88963 
 47.34500  0.90163  0.90156 
 47.44500  0.91198  0.91189 
 47.54500  0.92077  0.92072 
 47.64500  0.92805  0.92798 
 47.74500  0.93379  0.93371 
 47.84500  0.93803  0.93797 
 47.94500  0.94079  0.94072 
 48.04500  0.94205  0.94199 
 48.14500  0.94184  0.94179 
 48.24500  0.94014  0.94009 
 48.34500  0.93699  0.93694 
 48.44500  0.93231  0.93225 
 48.54500  0.92613  0.92609 
 48.64500  0.91845  0.91839 
 48.74500  0.90923  0.90916 
 48.84500  0.89843  0.89837 
 48.94500  0.88605  0.88600 
 49.04500  0.87209  0.87204 
 49.14500  0.85654  0.85651 
 49.24500  0.83949  0.83938 
 49.34500  0.82078  0.82073 
 49.44500  0.80058  0.80052 
 49.54500  0.77889  0.77885 
 49.64500  0.75576  0.75575 
 49.74500  0.73131  0.73132 
 49.84500  0.70558  0.70563 
 49.94500  0.67878  0.67881 
 50.04500  0.65100  0.65100 
 50.14500  0.62236  0.62231 
 50.24500  0.59298  0.59289 
 50.34500  0.56304  0.56296 
 50.44500  0.53266  0.53263 
 50.54500  0.50212  0.50214 
 50.64500  0.47161  0.47164 
 50.74500  0.44121  0.44133 
 50.84500  0.41129  0.41140 
 50.94500  0.38193  0.38199 
 51.04500  0.35332  0.35334 
 51.14500  0.32553  0.32555 
 51.24500  0.29882  0.29883 
 51.34500  0.27325  0.27323 
 51.44500  0.24894  0.24898 
 51.54500  0.22604  0.22611 
 51.64500  0.20464  0.20475 
 51.74500  0.18487  0.18493 
 51.84500  0.16668  0.16678 
 51.94500  0.15021  0.15031 
 52.04500  0.13551  0.13557 
 52.14500  0.12250  0.12257 
 52.24500  0.11128  0.11137 
 52.34500  0.10187  0.10195 
 52.44500  0.09425  0.09433 
 52.54500  0.08838  0.08849 
 52.64500  0.08438  0.08444 
 52.74500  0.08211  0.08222 
 52.84500  0.08168  0.08179 
 52.94500  0.08306  0.08315 
 53.04500  0.08622  0.08630 
 53.14500  0.09118  0.09125 
 53.24500  0.09794  0.09802 
 53.34500  0.10650  0.10656 
 53.44500  0.11682  0.11692 
 53.54500  0.12897  0.12903 
 53.64500  0.14283  0.14293 
 53.74500  0.15848  0.15856 
 53.84500  0.17583  0.17589 
 53.94500  0.19482  0.19491 
 54.04500  0.21545  0.21553 
 54.14500  0.23763  0.23769 
 54.24500  0.26129  0.26127 
 54.34500  0.28625  0.28623 
 54.44500  0.31241  0.31241 
 54.54500  0.33970  0.33974 
 54.64500  0.36793  0.36797 
 54.74500  0.39693  0.39703 
 54.84500  0.42664  0.42671 
 54.94500  0.45681  0.45687 
 55.04500  0.48734  0.48730 
 55.14500  0.51780  0.51783 
 55.24500  0.54831  0.54825 
 55.34500  0.57850  0.57839 
 55.44500  0.60817  0.60808 
 55.54500  0.63719  0.63715 
 55.64500  0.66542  0.66542 
 55.74500  0.69271  0.69271 
 55.84500  0.71895  0.71899 
 55.94500  0.74407  0.74405 
 56.04500  0.76784  0.76779 
 56.14500  0.79023  0.79017 
 56.24500  0.81116  0.81110 
 56.34500  0.83057  0.83052 
 56.44500  0.84845  0.84839 
 56.54500  0.86476  0.86469 
 56.64500  0.87945  0.87941 
 56.74500  0.89262  0.89253 
 56.84500  0.90417  0.90410 
 56.94500  0.91416  0.91410 
 57.04500  0.92257  0.92253 
 57.14500  0.92952  0.92945 
 57.24500  0.93492  0.93484 
 57.34500  0.93880  0.93874 
 57.44500  0.94122  0.94113 
 57.54500  0.94214  0.94206 
 57.64500  0.94159  0.94151 
 57.74500  0.93956  0.93948 
 57.84500  0.93603  0.93597 
 57.94500  0.93101  0.93095 
 58.04500  0.92449  0.92445 
 58.14500  0.91645  0.91638 
 58.24500  0.90681  0.90679 
 58.34500  0.89570  0.89562 
 58.44500  0.88294  0.88289 
 58.54500  0.86863  0.86856 
 58.64500  0.85274  0.85265 
 58.74500  0.83526  0.83516 
 58.84500  0.81620  0.81614 
 58.94500  0.79564  0.79558 
 59.04500  0.77362  0.77358 
 59.14500  0.75018  0.75015 
 59.24500  0.72538  0.72541 
 59.34500  0.69942  0.69944 
 59.44500  0.67237  0.67237 
 59.54500  0.64430  0.64431 
 59.64500  0.61546  0.61540 
 59.74500  0.58592  0.58585 
 59.84500  0.55585  0.55575 
 59.94500  0.52534  0.52534 
 60.04500  0.49475  0.49475 
 60.14500  0.46415  0.46420 
 60.24500  0.43374  0.43385 
 60.34500  0.40377  0.40387 
 60.44500  0.37439  0.37447 
 60.54500  0.34576  0.34576 
 60.64500  0.31792  0.31790 
 60.74500  0.29108  0.29107 
 60.84500  0.26531  0.26530 
 60.94500  0.24074  0.24076 
 61.04500  0.21747  0.21753 
 61.14500  0.19556  0.19563 
 61.24500  0.17503  0.17514 
 61.34500  0.15595  0.15604 
 61.44500  0.13833  0.13838 
 61.54500  0.12208  0.12213 
 61.64500  0.10720  0.10727 
 61.74500  0.09369  0.09378 
 61.84500  0.08150  0.08155 
 61.94500  0.07052  0.07059 
 62.04500  0.06072  0.06079 
 62.14500  0.05204  0.05208 
 62.24500  0.04435  0.04440 
 62.34500  0.03761  0.03767 
 62.44500  0.03174  0.03178 
 62.54500  0.02663  0.02670 
 62.64500  0.02223  0.02231 
 62.74500  0.01846  0.01851 
 62.84500  0.01525  0.01531 
 62.94500  0.01254  0.01259 
 63.04500  0.01026  0.01031 
 63.14500  0.00836  0.00839 
 63.24500  0.00677  0.00681 
 63.34500  0.00545  0.00549 
 63.44500  0.00440  0.00445 
 63.54500  0.00353  0.00356 
 63.64500  0.00285  0.00288 
 63.74500  0.00230  0.00235 
 63.84500  0.00189  0.00192 
 63.94500  0.00157  0.00162 
 64.04500  0.00137  0.00143 
 64.14500  0.00128  0.00130 
