  0.04500  1.00002  1.00000 
  0.14500  1.00000  1.00000 
  0.24500  1.00005  0.99999 
  0.34500  1.00001  0.99990 
  0.44500  0.99998  0.99990 
  0.54500  0.99994  0.99990 
  0.64500  0.99992  0.99984 
  0.74500  0.99989  0.99979 
  0.84500  0.99974  0.99970 
  0.94500  0.99963  0.99958 
  1.04500  0.99949  0.99945 
  1.14500  0.99927  0.99924 
  1.24500  0.99905  0.99899 
  1.34500  0.99874  0.99865 
  1.44500  0.99830  0.99820 
  1.54500  0.99777  0.99766 
  1.64500  0.99703  0.99696 
  1.74500  0.99610  0.99605 
  1.84500  0.99496  0.99491 
  1.94500  0.99358  0.99349 
  2.04500  0.99181  0.99175 
  2.14500  0.98969  0.98958 
  2.24500  0.98703  0.98694 
  2.34500  0.98387  0.98377 
  2.44500  0.98004  0.97995 
  2.54500  0.97549  0.97535 
  2.64500  0.97007  0.96995 
  2.74500  0.96369  0.96358 
  2.84500  0.95622  0.95615 
  2.94500  0.94764  0.94751 
  3.04500  0.93775  0.93762 
  3.14500  0.92646  0.92632 
  3.24500  0.91363  0.91349 
  3.34500  0.89926  0.89909 
  3.44500  0.88316  0.88301 
  3.54500  0.86528  0.86520 
  3.64500  0.84566  0.84560 
  3.74500  0.82420  0.82422 
  3.84500  0.80099  0.80104 
  3.94500  0.77604  0.77612 
  4.04500  0.74960  0.74951 
  4.14500  0.72163  0.72130 
  4.24500  0.69228  0.69163 
  4.34500  0.66146  0.66069 
  4.44500  0.62924  0.62861 
  4.54500  0.59564  0.59561 
  4.64500  0.56079  0.56190 
  4.74500  0.52512  0.52781 
  4.84500  0.49471  0.49349 
  4.94500  0.46125  0.45925 
  5.04500  0.42596  0.42534 
  5.14500  0.39172  0.39206 
  5.24500  0.35877  0.35955 
  5.34500  0.32738  0.32815 
  5.44500  0.29751  0.29801 
  5.54500  0.26915  0.26935 
  5.64500  0.24231  0.24235 
  5.74500  0.21717  0.21713 
  5.84500  0.19388  0.19381 
  5.94500  0.17249  0.17251 
  6.04500  0.15315  0.15330 
  6.14500  0.13610  0.13623 
  6.24500  0.12111  0.12130 
  6.34500  0.10846  0.10862 
  6.44500  0.09797  0.09816 
  6.54500  0.08974  0.08989 
  6.64500  0.08372  0.08386 
  6.74500  0.07992  0.08005 
  6.84500  0.07833  0.07846 
  6.94500  0.07894  0.07908 
  7.04500  0.08178  0.08193 
  7.14500  0.08684  0.08700 
  7.24500  0.09410  0.09430 
  7.34500  0.10360  0.10379 
  7.44500  0.11536  0.11553 
  7.54500  0.12931  0.12947 
  7.64500  0.14544  0.14562 
  7.74500  0.16387  0.16388 
  7.84500  0.18432  0.18429 
  7.94500  0.20681  0.20675 
  8.04500  0.23119  0.23116 
  8.14500  0.25733  0.25740 
  8.24500  0.28497  0.28536 
  8.34500  0.31424  0.31486 
  8.44500  0.34493  0.34574 
  8.54500  0.37719  0.37778 
  8.64500  0.41085  0.41074 
  8.74500  0.44577  0.44441 
  8.84500  0.48143  0.47848 
  8.94500  0.51048  0.51275 
  9.04500  0.54515  0.54693 
  9.14500  0.58037  0.58076 
  9.24500  0.61439  0.61398 
  9.34500  0.64711  0.64635 
  9.44500  0.67835  0.67763 
  9.54500  0.70807  0.70762 
  9.64500  0.73632  0.73614 
  9.74500  0.76303  0.76305 
  9.84500  0.78813  0.78820 
  9.94500  0.81140  0.81144 
 10.04500  0.83275  0.83275 
 10.14500  0.85214  0.85203 
 10.24500  0.86941  0.86923 
 10.34500  0.88460  0.88439 
 10.44500  0.89761  0.89743 
 10.54500  0.90856  0.90839 
 10.64500  0.91738  0.91723 
 10.74500  0.92417  0.92402 
 10.84500  0.92890  0.92875 
 10.94500  0.93158  0.93139 
 11.04500  0.93219  0.93203 
 11.14500  0.93075  0.93060 
 11.24500  0.92729  0.92713 
 11.34500  0.92170  0.92159 
 11.44500  0.91416  0.91399 
 11.54500  0.90447  0.90431 
 11.64500  0.89274  0.89254 
 11.74500  0.87882  0.87866 
 11.84500  0.86285  0.86269 
 11.94500  0.84475  0.84466 
 12.04500  0.82458  0.82457 
 12.14500  0.80243  0.80249 
 12.24500  0.77847  0.77848 
 12.34500  0.75271  0.75263 
 12.44500  0.72535  0.72506 
 12.54500  0.69650  0.69592 
 12.64500  0.66616  0.66538 
 12.74500  0.63435  0.63363 
 12.84500  0.60105  0.60088 
 12.94500  0.56648  0.56735 
 13.04500  0.53099  0.53332 
 13.14500  0.49921  0.49902 
 13.24500  0.46704  0.46470 
 13.34500  0.43147  0.43064 
 13.44500  0.39691  0.39710 
 13.54500  0.36359  0.36429 
 13.64500  0.33175  0.33244 
 13.74500  0.30123  0.30177 
 13.84500  0.27220  0.27246 
 13.94500  0.24463  0.24463 
 14.04500  0.21851  0.21845 
 14.14500  0.19406  0.19400 
 14.24500  0.17131  0.17129 
 14.34500  0.15038  0.15046 
 14.44500  0.13133  0.13146 
 14.54500  0.11412  0.11428 
 14.64500  0.09874  0.09891 
 14.74500  0.08514  0.08529 
 14.84500  0.07329  0.07338 
 14.94500  0.06301  0.06307 
 15.04500  0.05426  0.05436 
 15.14500  0.04703  0.04713 
 15.24500  0.04125  0.04134 
 15.34500  0.03683  0.03692 
 15.44500  0.03374  0.03383 
 15.54500  0.03197  0.03203 
 15.64500  0.03140  0.03151 
 15.74500  0.03213  0.03224 
 15.84500  0.03414  0.03424 
 15.94500  0.03747  0.03754 
 16.04500  0.04211  0.04219 
 16.14500  0.04809  0.04822 
 16.24500  0.05556  0.05567 
 16.34500  0.06454  0.06464 
 16.44500  0.07507  0.07517 
 16.54500  0.08724  0.08737 
 16.64500  0.10113  0.10126 
 16.74500  0.11679  0.11695 
 16.84500  0.13430  0.13440 
 16.94500  0.15369  0.15369 
 17.04500  0.17491  0.17485 
 17.14500  0.19789  0.19782 
 17.24500  0.22260  0.22257 
 17.34500  0.24897  0.24902 
 17.44500  0.27679  0.27710 
 17.54500  0.30610  0.30666 
 17.64500  0.33681  0.33754 
 17.74500  0.36890  0.36956 
 17.84500  0.40246  0.40252 
 17.94500  0.43726  0.43620 
 18.04500  0.47288  0.47032 
 18.14500  0.50384  0.50470 
 18.24500  0.53694  0.53902 
 18.34500  0.57240  0.57305 
 18.44500  0.60685  0.60653 
 18.54500  0.64002  0.63927 
 18.64500  0.67178  0.67101 
 18.74500  0.70203  0.70154 
 18.84500  0.73094  0.73069 
 18.94500  0.75835  0.75832 
 19.04500  0.78425  0.78431 
 19.14500  0.80854  0.80858 
 19.24500  0.83104  0.83103 
 19.34500  0.85177  0.85166 
 19.44500  0.87058  0.87043 
 19.54500  0.88755  0.88735 
 19.64500  0.90265  0.90252 
 19.74500  0.91602  0.91587 
 19.84500  0.92769  0.92754 
 19.94500  0.93769  0.93756 
 20.04500  0.94613  0.94601 
 20.14500  0.95305  0.95293 
 20.24500  0.95853  0.95841 
 20.34500  0.96264  0.96250 
 20.44500  0.96537  0.96523 
 20.54500  0.96674  0.96661 
 20.64500  0.96684  0.96672 
 20.74500  0.96563  0.96548 
 20.84500  0.96307  0.96295 
 20.94500  0.95917  0.95904 
 21.04500  0.95388  0.95376 
 21.14500  0.94716  0.94704 
 21.24500  0.93890  0.93881 
 21.34500  0.92915  0.92901 
 21.44500  0.91771  0.91755 
 21.54500  0.90460  0.90442 
 21.64500  0.88970  0.88953 
 21.74500  0.87300  0.87286 
 21.84500  0.85446  0.85434 
 21.94500  0.83396  0.83397 
 22.04500  0.81172  0.81174 
 22.14500  0.78766  0.78774 
 22.24500  0.76198  0.76196 
 22.34500  0.73480  0.73456 
 22.44500  0.70606  0.70561 
 22.54500  0.67598  0.67523 
 22.64500  0.64443  0.64368 
 22.74500  0.61148  0.61108 
 22.84500  0.57713  0.57767 
 22.94500  0.54183  0.54370 
 23.04500  0.50775  0.50940 
 23.14500  0.47779  0.47502 
 23.24500  0.44210  0.44084 
 23.34500  0.40716  0.40711 
 23.44500  0.37349  0.37404 
 23.54500  0.34113  0.34190 
 23.64500  0.31028  0.31088 
 23.74500  0.28082  0.28117 
 23.84500  0.25284  0.25293 
 23.94500  0.22636  0.22629 
 24.04500  0.20144  0.20137 
 24.14500  0.17827  0.17827 
 24.24500  0.15692  0.15697 
 24.34500  0.13747  0.13757 
 24.44500  0.11988  0.12005 
 24.54500  0.10424  0.10436 
 24.64500  0.09040  0.09052 
 24.74500  0.07835  0.07850 
 24.84500  0.06809  0.06816 
 24.94500  0.05944  0.05956 
 25.04500  0.05246  0.05256 
 25.14500  0.04707  0.04716 
 25.24500  0.04319  0.04330 
 25.34500  0.04085  0.04094 
 25.44500  0.04000  0.04006 
 25.54500  0.04057  0.04068 
 25.64500  0.04267  0.04280 
 25.74500  0.04628  0.04641 
 25.84500  0.05144  0.05154 
 25.94500  0.05816  0.05826 
 26.04500  0.06649  0.06660 
 26.14500  0.07649  0.07662 
 26.24500  0.08823  0.08837 
 26.34500  0.10178  0.10190 
 26.44500  0.11709  0.11726 
 26.54500  0.13438  0.13447 
 26.64500  0.15348  0.15356 
 26.74500  0.17455  0.17451 
 26.84500  0.19738  0.19733 
 26.94500  0.22201  0.22196 
 27.04500  0.24824  0.24830 
 27.14500  0.27599  0.27627 
 27.24500  0.30513  0.30575 
 27.34500  0.33583  0.33656 
 27.44500  0.36779  0.36853 
 27.54500  0.40134  0.40143 
 27.64500  0.43603  0.43503 
 27.74500  0.47167  0.46914 
 27.84500  0.50284  0.50345 
 27.94500  0.53558  0.53774 
 28.04500  0.57101  0.57173 
 28.14500  0.60541  0.60514 
 28.24500  0.63853  0.63778 
 28.34500  0.67018  0.66941 
 28.44500  0.70033  0.69976 
 28.54500  0.72900  0.72871 
 28.64500  0.75610  0.75606 
 28.74500  0.78161  0.78167 
 28.84500  0.80538  0.80546 
 28.94500  0.82731  0.82727 
 29.04500  0.84720  0.84708 
 29.14500  0.86504  0.86487 
 29.24500  0.88073  0.88057 
 29.34500  0.89433  0.89416 
 29.44500  0.90583  0.90568 
 29.54500  0.91524  0.91509 
 29.64500  0.92256  0.92242 
 29.74500  0.92782  0.92771 
 29.84500  0.93107  0.93091 
 29.94500  0.93219  0.93207 
 30.04500  0.93133  0.93119 
 30.14500  0.92837  0.92824 
 30.24500  0.92339  0.92324 
 30.34500  0.91639  0.91621 
 30.44500  0.90724  0.90709 
 30.54500  0.89601  0.89586 
 30.64500  0.88268  0.88257 
 30.74500  0.86729  0.86714 
 30.84500  0.84972  0.84965 
 30.94500  0.83011  0.83012 
 31.04500  0.80854  0.80855 
 31.14500  0.78498  0.78503 
 31.24500  0.75967  0.75966 
 31.34500  0.73279  0.73254 
 31.44500  0.70431  0.70382 
 31.54500  0.67434  0.67362 
 31.64500  0.64297  0.64217 
 31.74500  0.61004  0.60968 
 31.84500  0.57581  0.57634 
 31.94500  0.54051  0.54243 
 32.04500  0.50667  0.50818 
 32.14500  0.47662  0.47386 
 32.24500  0.44089  0.43971 
 32.34500  0.40605  0.40604 
 32.44500  0.37243  0.37305 
 32.54500  0.34021  0.34099 
 32.64500  0.30943  0.31007 
 32.74500  0.28009  0.28043 
 32.84500  0.25227  0.25232 
 32.94500  0.22593  0.22585 
 33.04500  0.20117  0.20110 
 33.14500  0.17825  0.17820 
 33.24500  0.15716  0.15719 
 33.34500  0.13803  0.13811 
 33.44500  0.12083  0.12097 
 33.54500  0.10559  0.10577 
 33.64500  0.09230  0.09247 
 33.74500  0.08095  0.08107 
 33.84500  0.07141  0.07154 
 33.94500  0.06370  0.06381 
 34.04500  0.05776  0.05789 
 34.14500  0.05361  0.05371 
 34.24500  0.05116  0.05127 
 34.34500  0.05043  0.05055 
 34.44500  0.05142  0.05155 
 34.54500  0.05415  0.05425 
 34.64500  0.05861  0.05872 
 34.74500  0.06483  0.06492 
 34.84500  0.07284  0.07294 
 34.94500  0.08264  0.08277 
 35.04500  0.09432  0.09447 
 35.14500  0.10793  0.10806 
 35.24500  0.12348  0.12360 
 35.34500  0.14097  0.14108 
 35.44500  0.16045  0.16047 
 35.54500  0.18180  0.18178 
 35.64500  0.20509  0.20499 
 35.74500  0.23005  0.23001 
 35.84500  0.25668  0.25678 
 35.94500  0.28480  0.28513 
 36.04500  0.31429  0.31496 
 36.14500  0.34532  0.34609 
 36.24500  0.37779  0.37834 
 36.34500  0.41163  0.41147 
 36.44500  0.44672  0.44526 
 36.54500  0.48243  0.47945 
 36.64500  0.51129  0.51380 
 36.74500  0.54633  0.54806 
 36.84500  0.58157  0.58192 
 36.94500  0.61566  0.61520 
 37.04500  0.64841  0.64762 
 37.14500  0.67970  0.67897 
 37.24500  0.70949  0.70904 
 37.34500  0.73786  0.73768 
 37.44500  0.76472  0.76472 
 37.54500  0.78997  0.79005 
 37.64500  0.81350  0.81355 
 37.74500  0.83523  0.83518 
 37.84500  0.85497  0.85487 
 37.94500  0.87271  0.87258 
 38.04500  0.88850  0.88836 
 38.14500  0.90231  0.90215 
 38.24500  0.91416  0.91399 
 38.34500  0.92411  0.92397 
 38.44500  0.93216  0.93201 
 38.54500  0.93834  0.93823 
 38.64500  0.94276  0.94264 
 38.74500  0.94533  0.94522 
 38.84500  0.94615  0.94603 
 38.94500  0.94517  0.94504 
 39.04500  0.94241  0.94226 
 39.14500  0.93776  0.93767 
 39.24500  0.93141  0.93126 
 39.34500  0.92318  0.92298 
 39.44500  0.91306  0.91284 
 39.54500  0.90097  0.90078 
 39.64500  0.88694  0.88678 
 39.74500  0.87096  0.87080 
 39.84500  0.85296  0.85289 
 39.94500  0.83303  0.83300 
 40.04500  0.81113  0.81118 
 40.14500  0.78742  0.78748 
 40.24500  0.76198  0.76198 
 40.34500  0.73495  0.73475 
 40.44500  0.70647  0.70597 
 40.54500  0.67648  0.67573 
 40.64500  0.64505  0.64427 
 40.74500  0.61216  0.61174 
 40.84500  0.57792  0.57840 
 40.94500  0.54262  0.54447 
 41.04500  0.50837  0.51021 
 41.14500  0.47866  0.47586 
 41.24500  0.44294  0.44170 
 41.34500  0.40799  0.40798 
 41.44500  0.37434  0.37494 
 41.54500  0.34199  0.34279 
 41.64500  0.31115  0.31178 
 41.74500  0.28175  0.28209 
 41.84500  0.25378  0.25389 
 41.94500  0.22739  0.22730 
 42.04500  0.20255  0.20247 
 42.14500  0.17949  0.17946 
 42.24500  0.15832  0.15835 
 42.34500  0.13904  0.13917 
 42.44500  0.12174  0.12188 
 42.54500  0.10638  0.10657 
 42.64500  0.09302  0.09318 
 42.74500  0.08150  0.08166 
 42.84500  0.07191  0.07203 
 42.94500  0.06406  0.06421 
 43.04500  0.05806  0.05817 
 43.14500  0.05379  0.05389 
 43.24500  0.05121  0.05137 
 43.34500  0.05042  0.05055 
 43.44500  0.05132  0.05146 
 43.54500  0.05399  0.05406 
 43.64500  0.05830  0.05842 
 43.74500  0.06442  0.06453 
 43.84500  0.07231  0.07244 
 43.94500  0.08204  0.08217 
 44.04500  0.09361  0.09376 
 44.14500  0.10714  0.10726 
 44.24500  0.12252  0.12268 
 44.34500  0.13993  0.14002 
 44.44500  0.15927  0.15930 
 44.54500  0.18056  0.18052 
 44.64500  0.20368  0.20361 
 44.74500  0.22860  0.22855 
 44.84500  0.25507  0.25521 
 44.94500  0.28312  0.28348 
 45.04500  0.31261  0.31323 
 45.14500  0.34354  0.34429 
 45.24500  0.37593  0.37651 
 45.34500  0.40970  0.40958 
 45.44500  0.44465  0.44334 
 45.54500  0.48042  0.47754 
 45.64500  0.50975  0.51190 
 45.74500  0.54443  0.54617 
 45.84500  0.57970  0.58011 
 45.94500  0.61388  0.61345 
 46.04500  0.64679  0.64599 
 46.14500  0.67821  0.67749 
 46.24500  0.70822  0.70775 
 46.34500  0.73676  0.73659 
 46.44500  0.76390  0.76389 
 46.54500  0.78944  0.78954 
 46.64500  0.81337  0.81341 
 46.74500  0.83553  0.83550 
 46.84500  0.85583  0.85573 
 46.94500  0.87425  0.87413 
 47.04500  0.89083  0.89068 
 47.14500  0.90557  0.90544 
 47.24500  0.91862  0.91845 
 47.34500  0.92987  0.92976 
 47.44500  0.93960  0.93945 
 47.54500  0.94768  0.94757 
 47.64500  0.95429  0.95420 
 47.74500  0.95950  0.95938 
 47.84500  0.96329  0.96318 
 47.94500  0.96575  0.96562 
 48.04500  0.96685  0.96676 
 48.14500  0.96667  0.96657 
 48.24500  0.96517  0.96506 
 48.34500  0.96235  0.96224 
 48.44500  0.95819  0.95807 
 48.54500  0.95258  0.95249 
 48.64500  0.94556  0.94544 
 48.74500  0.93699  0.93688 
 48.84500  0.92687  0.92675 
 48.94500  0.91510  0.91495 
 49.04500  0.90162  0.90148 
 49.14500  0.88635  0.88621 
 49.24500  0.86927  0.86914 
 49.34500  0.85027  0.85023 
 49.44500  0.82947  0.82948 
 49.54500  0.80682  0.80689 
 49.64500  0.78242  0.78249 
 49.74500  0.75643  0.75639 
 49.84500  0.72885  0.72864 
 49.94500  0.69992  0.69937 
 50.04500  0.66950  0.66876 
 50.14500  0.63764  0.63693 
 50.24500  0.60439  0.60418 
 50.34500  0.56986  0.57064 
 50.44500  0.53435  0.53656 
 50.54500  0.50189  0.50224 
 50.64500  0.47031  0.46790 
 50.74500  0.43471  0.43382 
 50.84500  0.40005  0.40021 
 50.94500  0.36667  0.36734 
 51.04500  0.33470  0.33545 
 51.14500  0.30415  0.30474 
 51.24500  0.27507  0.27537 
 51.34500  0.24753  0.24753 
 51.44500  0.22140  0.22137 
 51.54500  0.19700  0.19694 
 51.64500  0.17436  0.17437 
 51.74500  0.15362  0.15368 
 51.84500  0.13480  0.13497 
 51.94500  0.11798  0.11815 
 52.04500  0.10312  0.10326 
 52.14500  0.09017  0.09032 
 52.24500  0.07909  0.07925 
 52.34500  0.06989  0.07003 
 52.44500  0.06247  0.06263 
 52.54500  0.05688  0.05703 
 52.64500  0.05305  0.05313 
 52.74500  0.05088  0.05102 
 52.84500  0.05046  0.05061 
 52.94500  0.05184  0.05189 
 53.04500  0.05485  0.05492 
 53.14500  0.05959  0.05968 
 53.24500  0.06609  0.06622 
 53.34500  0.07445  0.07453 
 53.44500  0.08453  0.08471 
 53.54500  0.09659  0.09673 
 53.64500  0.11053  0.11068 
 53.74500  0.12641  0.12654 
 53.84500  0.14426  0.14434 
 53.94500  0.16408  0.16408 
 54.04500  0.18578  0.18575 
 54.14500  0.20935  0.20929 
 54.24500  0.23465  0.23460 
 54.34500  0.26150  0.26165 
 54.44500  0.28988  0.29029 
 54.54500  0.31968  0.32037 
 54.64500  0.35098  0.35172 
 54.74500  0.38368  0.38414 
 54.84500  0.41781  0.41741 
 54.94500  0.45297  0.45131 
 55.04500  0.48827  0.48555 
 55.14500  0.51690  0.51992 
 55.24500  0.55272  0.55413 
 55.34500  0.58779  0.58795 
 55.44500  0.62167  0.62111 
 55.54500  0.65426  0.65344 
 55.64500  0.68532  0.68465 
 55.74500  0.71500  0.71460 
 55.84500  0.74323  0.74312 
 55.94500  0.77004  0.77004 
 56.04500  0.79523  0.79527 
 56.14500  0.81871  0.81874 
 56.24500  0.84043  0.84037 
 56.34500  0.86032  0.86019 
 56.44500  0.87829  0.87815 
 56.54500  0.89446  0.89427 
 56.64500  0.90879  0.90864 
 56.74500  0.92144  0.92122 
 56.84500  0.93232  0.93215 
 56.94500  0.94163  0.94147 
 57.04500  0.94936  0.94925 
 57.14500  0.95564  0.95552 
 57.24500  0.96051  0.96038 
 57.34500  0.96400  0.96387 
 57.44500  0.96616  0.96601 
 57.54500  0.96697  0.96683 
 57.64500  0.96645  0.96632 
 57.74500  0.96468  0.96453 
 57.84500  0.96154  0.96140 
 57.94500  0.95702  0.95688 
 58.04500  0.95108  0.95097 
 58.14500  0.94373  0.94358 
 58.24500  0.93480  0.93466 
 58.34500  0.92431  0.92413 
 58.44500  0.91215  0.91197 
 58.54500  0.89824  0.89807 
 58.64500  0.88256  0.88240 
 58.74500  0.86506  0.86489 
 58.84500  0.84561  0.84554 
 58.94500  0.82436  0.82436 
 59.04500  0.80130  0.80135 
 59.14500  0.77657  0.77656 
 59.24500  0.75014  0.75007 
 59.34500  0.72227  0.72194 
 59.44500  0.69299  0.69233 
 59.54500  0.66216  0.66142 
 59.64500  0.63001  0.62938 
 59.74500  0.59646  0.59639 
 59.84500  0.56167  0.56270 
 59.94500  0.52596  0.52854 
 60.04500  0.49520  0.49418 
 60.14500  0.46192  0.45986 
 60.24500  0.42647  0.42583 
 60.34500  0.39206  0.39233 
 60.44500  0.35889  0.35964 
 60.54500  0.32722  0.32791 
 60.64500  0.29689  0.29740 
 60.74500  0.26802  0.26824 
 60.84500  0.24063  0.24060 
 60.94500  0.21469  0.21460 
 61.04500  0.19039  0.19030 
 61.14500  0.16777  0.16777 
 61.24500  0.14695  0.14705 
 61.34500  0.12796  0.12810 
 61.44500  0.11081  0.11092 
 61.54500  0.09533  0.09546 
 61.64500  0.08147  0.08163 
 61.74500  0.06928  0.06940 
 61.84500  0.05852  0.05863 
 61.94500  0.04911  0.04919 
 62.04500  0.04094  0.04102 
 62.14500  0.03392  0.03399 
 62.24500  0.02791  0.02797 
 62.34500  0.02279  0.02288 
 62.44500  0.01850  0.01861 
 62.54500  0.01493  0.01501 
 62.64500  0.01193  0.01202 
 62.74500  0.00952  0.00957 
 62.84500  0.00749  0.00758 
 62.94500  0.00588  0.00596 
 63.04500  0.00458  0.00465 
 63.14500  0.00354  0.00359 
 63.24500  0.00269  0.00278 
 63.34500  0.00208  0.00212 
 63.44500  0.00154  0.00161 
 63.54500  0.00115  0.00122 
 63.64500  0.00088  0.00092 
 63.74500  0.00065  0.00071 
 63.84500  0.00048  0.00054 
 63.94500  0.00037  0.00042 
 64.04500  0.00032  0.00035 
 64.14500  0.00029  0.00030 
