  0.04500  1.00006  1.00000 
  0.14500  1.00005  1.00000 
  0.24500  1.00007  1.00000 
  0.34500  1.00006  1.00000 
  0.44500  1.00004  1.00000 
  0.54500  1.00003  0.99997 
  0.64500  1.00003  0.99990 
  0.74500  1.00003  0.99990 
  0.84500  0.99989  0.99988 
  0.94500  0.99985  0.99980 
  1.04500  0.99980  0.99972 
  1.14500  0.99963  0.99962 
  1.24500  0.99953  0.99946 
  1.34500  0.99936  0.99927 
  1.44500  0.99906  0.99900 
  1.54500  0.99874  0.99863 
  1.64500  0.99825  0.99817 
  1.74500  0.99762  0.99756 
  1.84500  0.99682  0.99677 
  1.94500  0.99582  0.99576 
  2.04500  0.99451  0.99448 
  2.14500  0.99292  0.99285 
  2.24500  0.99086  0.99082 
  2.34500  0.98836  0.98830 
  2.44500  0.98525  0.98519 
  2.54500  0.98148  0.98142 
  2.64500  0.97691  0.97683 
  2.74500  0.97138  0.97136 
  2.84500  0.96484  0.96482 
  2.94500  0.95716  0.95713 
  3.04500  0.94816  0.94813 
  3.14500  0.93772  0.93767 
  3.24500  0.92567  0.92566 
  3.34500  0.91199  0.91194 
  3.44500  0.89646  0.89641 
  3.54500  0.87898  0.87900 
  3.64500  0.85954  0.85962 
  3.74500  0.83808  0.83825 
  3.84500  0.81462  0.81484 
  3.94500  0.78919  0.78947 
  4.04500  0.76202  0.76212 
  4.14500  0.73315  0.73295 
  4.24500  0.70269  0.70208 
  4.34500  0.67057  0.66969 
  4.44500  0.63679  0.63596 
  4.54500  0.60127  0.60115 
  4.64500  0.56417  0.56550 
  4.74500  0.52591  0.52937 
  4.84500  0.49457  0.49297 
  4.94500  0.45918  0.45664 
  5.04500  0.42137  0.42070 
  5.14500  0.38495  0.38542 
  5.24500  0.35017  0.35112 
  5.34500  0.31722  0.31803 
  5.44500  0.28599  0.28642 
  5.54500  0.25644  0.25648 
  5.64500  0.22857  0.22839 
  5.74500  0.20255  0.20230 
  5.84500  0.17855  0.17831 
  5.94500  0.15666  0.15654 
  6.04500  0.13700  0.13700 
  6.14500  0.11975  0.11971 
  6.24500  0.10470  0.10477 
  6.34500  0.09205  0.09208 
  6.44500  0.08163  0.08164 
  6.54500  0.07346  0.07346 
  6.64500  0.06754  0.06753 
  6.74500  0.06378  0.06376 
  6.84500  0.06223  0.06219 
  6.94500  0.06282  0.06281 
  7.04500  0.06561  0.06561 
  7.14500  0.07062  0.07061 
  7.24500  0.07780  0.07781 
  7.34500  0.08723  0.08726 
  7.44500  0.09894  0.09896 
  7.54500  0.11292  0.11294 
  7.64500  0.12919  0.12920 
  7.74500  0.14787  0.14776 
  7.84500  0.16876  0.16857 
  7.94500  0.19187  0.19161 
  8.04500  0.21705  0.21679 
  8.14500  0.24415  0.24402 
  8.24500  0.27293  0.27317 
  8.34500  0.30347  0.30408 
  8.44500  0.33564  0.33657 
  8.54500  0.36962  0.37038 
  8.64500  0.40532  0.40524 
  8.74500  0.44260  0.44091 
  8.84500  0.48094  0.47712 
  8.94500  0.51052  0.51350 
  9.04500  0.54756  0.54977 
  9.14500  0.58522  0.58563 
  9.24500  0.62134  0.62077 
  9.34500  0.65584  0.65489 
  9.44500  0.68858  0.68782 
  9.54500  0.71960  0.71924 
  9.64500  0.74895  0.74897 
  9.74500  0.77663  0.77686 
  9.84500  0.80252  0.80276 
  9.94500  0.82638  0.82658 
 10.04500  0.84812  0.84825 
 10.14500  0.86773  0.86776 
 10.24500  0.88507  0.88503 
 10.34500  0.90020  0.90014 
 10.44500  0.91309  0.91305 
 10.54500  0.92389  0.92383 
 10.64500  0.93252  0.93252 
 10.74500  0.93915  0.93917 
 10.84500  0.94376  0.94374 
 10.94500  0.94635  0.94634 
 11.04500  0.94695  0.94694 
 11.14500  0.94555  0.94556 
 11.24500  0.94219  0.94218 
 11.34500  0.93675  0.93678 
 11.44500  0.92938  0.92935 
 11.54500  0.91985  0.91985 
 11.64500  0.90827  0.90822 
 11.74500  0.89446  0.89444 
 11.84500  0.87851  0.87848 
 11.94500  0.86026  0.86032 
 12.04500  0.83983  0.83995 
 12.14500  0.81720  0.81744 
 12.24500  0.79256  0.79277 
 12.34500  0.76595  0.76607 
 12.44500  0.73759  0.73743 
 12.54500  0.70754  0.70700 
 12.64500  0.67586  0.67498 
 12.74500  0.64245  0.64155 
 12.84500  0.60726  0.60696 
 12.94500  0.57046  0.57148 
 13.04500  0.53243  0.53541 
 13.14500  0.49929  0.49903 
 13.24500  0.46563  0.46266 
 13.34500  0.42753  0.42656 
 13.44500  0.39079  0.39109 
 13.54500  0.35565  0.35653 
 13.64500  0.32227  0.32305 
 13.74500  0.29049  0.29099 
 13.84500  0.26039  0.26050 
 13.94500  0.23192  0.23175 
 14.04500  0.20514  0.20486 
 14.14500  0.18021  0.17995 
 14.24500  0.15719  0.15705 
 14.34500  0.13625  0.13619 
 14.44500  0.11736  0.11737 
 14.54500  0.10047  0.10051 
 14.64500  0.08557  0.08559 
 14.74500  0.07252  0.07255 
 14.84500  0.06125  0.06121 
 14.94500  0.05160  0.05156 
 15.04500  0.04347  0.04346 
 15.14500  0.03681  0.03683 
 15.24500  0.03153  0.03153 
 15.34500  0.02752  0.02753 
 15.44500  0.02474  0.02474 
 15.54500  0.02313  0.02312 
 15.64500  0.02263  0.02265 
 15.74500  0.02330  0.02331 
 15.84500  0.02508  0.02511 
 15.94500  0.02808  0.02810 
 16.04500  0.03232  0.03229 
 16.14500  0.03778  0.03779 
 16.24500  0.04468  0.04468 
 16.34500  0.05303  0.05301 
 16.44500  0.06294  0.06293 
 16.54500  0.07452  0.07451 
 16.64500  0.08786  0.08788 
 16.74500  0.10307  0.10309 
 16.84500  0.12027  0.12028 
 16.94500  0.13953  0.13941 
 17.04500  0.16082  0.16059 
 17.14500  0.18409  0.18384 
 17.24500  0.20932  0.20908 
 17.34500  0.23640  0.23627 
 17.44500  0.26515  0.26530 
 17.54500  0.29555  0.29610 
 17.64500  0.32757  0.32839 
 17.74500  0.36121  0.36204 
 17.84500  0.39666  0.39680 
 17.94500  0.43367  0.43241 
 18.04500  0.47184  0.46855 
 18.14500  0.50385  0.50498 
 18.24500  0.53870  0.54135 
 18.34500  0.57662  0.57738 
 18.44500  0.61322  0.61279 
 18.54500  0.64817  0.64727 
 18.64500  0.68141  0.68057 
 18.74500  0.71292  0.71248 
 18.84500  0.74287  0.74278 
 18.94500  0.77116  0.77132 
 19.04500  0.79771  0.79799 
 19.14500  0.82247  0.82267 
 19.24500  0.84521  0.84534 
 19.34500  0.86594  0.86598 
 19.44500  0.88460  0.88455 
 19.54500  0.90121  0.90115 
 19.64500  0.91585  0.91582 
 19.74500  0.92867  0.92864 
 19.84500  0.93977  0.93972 
 19.94500  0.94915  0.94914 
 20.04500  0.95701  0.95699 
 20.14500  0.96340  0.96339 
 20.24500  0.96842  0.96840 
 20.34500  0.97218  0.97210 
 20.44500  0.97463  0.97456 
 20.54500  0.97588  0.97584 
 20.64500  0.97596  0.97592 
 20.74500  0.97487  0.97481 
 20.84500  0.97257  0.97251 
 20.94500  0.96902  0.96896 
 21.04500  0.96416  0.96414 
 21.14500  0.95798  0.95796 
 21.24500  0.95030  0.95029 
 21.34500  0.94113  0.94112 
 21.44500  0.93029  0.93026 
 21.54500  0.91773  0.91768 
 21.64500  0.90331  0.90325 
 21.74500  0.88697  0.88692 
 21.84500  0.86862  0.86862 
 21.94500  0.84813  0.84827 
 22.04500  0.82569  0.82589 
 22.14500  0.80121  0.80147 
 22.24500  0.77488  0.77508 
 22.34500  0.74686  0.74678 
 22.44500  0.71710  0.71671 
 22.54500  0.68580  0.68499 
 22.64500  0.65281  0.65188 
 22.74500  0.61811  0.61753 
 22.84500  0.58168  0.58226 
 22.94500  0.54395  0.54630 
 23.04500  0.50781  0.50994 
 23.14500  0.47710  0.47353 
 23.24500  0.43885  0.43730 
 23.34500  0.40161  0.40164 
 23.44500  0.36599  0.36674 
 23.54500  0.33204  0.33292 
 23.64500  0.29985  0.30044 
 23.74500  0.26927  0.26946 
 23.84500  0.24030  0.24020 
 23.94500  0.21307  0.21279 
 24.04500  0.18757  0.18731 
 24.14500  0.16404  0.16387 
 24.24500  0.14256  0.14248 
 24.34500  0.12316  0.12313 
 24.44500  0.10580  0.10583 
 24.54500  0.09052  0.09052 
 24.64500  0.07711  0.07711 
 24.74500  0.06556  0.06557 
 24.84500  0.05580  0.05579 
 24.94500  0.04765  0.04765 
 25.04500  0.04114  0.04112 
 25.14500  0.03613  0.03610 
 25.24500  0.03253  0.03253 
 25.34500  0.03037  0.03036 
 25.44500  0.02960  0.02956 
 25.54500  0.03011  0.03013 
 25.64500  0.03206  0.03206 
 25.74500  0.03539  0.03540 
 25.84500  0.04019  0.04017 
 25.94500  0.04644  0.04644 
 26.04500  0.05430  0.05429 
 26.14500  0.06379  0.06380 
 26.24500  0.07503  0.07505 
 26.34500  0.08814  0.08812 
 26.44500  0.10308  0.10310 
 26.54500  0.12010  0.12007 
 26.64500  0.13912  0.13906 
 26.74500  0.16029  0.16011 
 26.84500  0.18344  0.18321 
 26.94500  0.20860  0.20834 
 27.04500  0.23557  0.23545 
 27.14500  0.26426  0.26439 
 27.24500  0.29452  0.29508 
 27.34500  0.32650  0.32733 
 27.44500  0.36004  0.36094 
 27.54500  0.39547  0.39565 
 27.64500  0.43240  0.43122 
 27.74500  0.47059  0.46734 
 27.84500  0.50293  0.50374 
 27.94500  0.53734  0.54010 
 28.04500  0.57528  0.57613 
 28.14500  0.61189  0.61150 
 28.24500  0.64684  0.64595 
 28.34500  0.68006  0.67922 
 28.44500  0.71156  0.71104 
 28.54500  0.74137  0.74123 
 28.64500  0.76947  0.76964 
 28.74500  0.79581  0.79607 
 28.84500  0.82023  0.82046 
 28.94500  0.84259  0.84272 
 29.04500  0.86274  0.86279 
 29.14500  0.88069  0.88066 
 29.24500  0.89637  0.89634 
 29.34500  0.90986  0.90983 
 29.44500  0.92121  0.92118 
 29.54500  0.93043  0.93043 
 29.64500  0.93759  0.93759 
 29.74500  0.94270  0.94272 
 29.84500  0.94587  0.94584 
 29.94500  0.94695  0.94697 
 30.04500  0.94611  0.94611 
 30.14500  0.94326  0.94326 
 30.24500  0.93841  0.93841 
 30.34500  0.93156  0.93153 
 30.44500  0.92260  0.92256 
 30.54500  0.91155  0.91151 
 30.64500  0.89832  0.89831 
 30.74500  0.88295  0.88293 
 30.84500  0.86532  0.86534 
 30.94500  0.84545  0.84557 
 31.04500  0.82346  0.82362 
 31.14500  0.79926  0.79954 
 31.24500  0.77316  0.77336 
 31.34500  0.74530  0.74522 
 31.44500  0.71567  0.71526 
 31.54500  0.68441  0.68364 
 31.64500  0.65151  0.65055 
 31.74500  0.61677  0.61626 
 31.84500  0.58040  0.58100 
 31.94500  0.54263  0.54505 
 32.04500  0.50675  0.50872 
 32.14500  0.47587  0.47232 
 32.24500  0.43756  0.43613 
 32.34500  0.40043  0.40051 
 32.44500  0.36487  0.36567 
 32.54500  0.33102  0.33190 
 32.64500  0.29888  0.29947 
 32.74500  0.26839  0.26860 
 32.84500  0.23958  0.23945 
 32.94500  0.21243  0.21213 
 33.04500  0.18705  0.18683 
 33.14500  0.16375  0.16355 
 33.24500  0.14247  0.14235 
 33.34500  0.12330  0.12327 
 33.44500  0.10625  0.10626 
 33.54500  0.09127  0.09130 
 33.64500  0.07832  0.07836 
 33.74500  0.06733  0.06731 
 33.84500  0.05817  0.05816 
 33.94500  0.05081  0.05078 
 34.04500  0.04516  0.04514 
 34.14500  0.04124  0.04121 
 34.24500  0.03892  0.03891 
 34.34500  0.03822  0.03825 
 34.44500  0.03917  0.03918 
 34.54500  0.04176  0.04175 
 34.64500  0.04598  0.04595 
 34.74500  0.05189  0.05184 
 34.84500  0.05953  0.05952 
 34.94500  0.06897  0.06898 
 35.04500  0.08029  0.08030 
 35.14500  0.09356  0.09358 
 35.24500  0.10887  0.10888 
 35.34500  0.12625  0.12621 
 35.44500  0.14576  0.14562 
 35.54500  0.16734  0.16715 
 35.64500  0.19108  0.19077 
 35.74500  0.21668  0.21642 
 35.84500  0.24414  0.24404 
 35.94500  0.27327  0.27347 
 36.04500  0.30395  0.30463 
 36.14500  0.33637  0.33728 
 36.24500  0.37050  0.37123 
 36.34500  0.40634  0.40621 
 36.44500  0.44376  0.44200 
 36.54500  0.48210  0.47823 
 36.64500  0.51138  0.51463 
 36.74500  0.54881  0.55096 
 36.84500  0.58645  0.58683 
 36.94500  0.62260  0.62198 
 37.04500  0.65708  0.65615 
 37.14500  0.68981  0.68905 
 37.24500  0.72085  0.72050 
 37.34500  0.75028  0.75029 
 37.44500  0.77803  0.77823 
 37.54500  0.80397  0.80426 
 37.64500  0.82800  0.82821 
 37.74500  0.85002  0.85008 
 37.84500  0.86987  0.86987 
 37.94500  0.88754  0.88753 
 38.04500  0.90314  0.90311 
 38.14500  0.91667  0.91664 
 38.24500  0.92820  0.92817 
 38.34500  0.93783  0.93779 
 38.44500  0.94556  0.94556 
 38.54500  0.95147  0.95148 
 38.64500  0.95567  0.95567 
 38.74500  0.95812  0.95810 
 38.84500  0.95889  0.95886 
 38.94500  0.95797  0.95793 
 39.04500  0.95533  0.95529 
 39.14500  0.95091  0.95096 
 39.24500  0.94484  0.94480 
 39.34500  0.93692  0.93688 
 39.44500  0.92714  0.92707 
 39.54500  0.91536  0.91532 
 39.64500  0.90161  0.90157 
 39.74500  0.88582  0.88577 
 39.84500  0.86785  0.86790 
 39.94500  0.84779  0.84790 
 40.04500  0.82559  0.82580 
 40.14500  0.80137  0.80160 
 40.24500  0.77521  0.77538 
 40.34500  0.74727  0.74724 
 40.44500  0.71770  0.71729 
 40.54500  0.68645  0.68569 
 40.64500  0.65356  0.65263 
 40.74500  0.61892  0.61832 
 40.84500  0.58256  0.58310 
 40.94500  0.54482  0.54716 
 41.04500  0.50844  0.51083 
 41.14500  0.47804  0.47441 
 41.24500  0.43973  0.43820 
 41.34500  0.40247  0.40252 
 41.44500  0.36686  0.36762 
 41.54500  0.33289  0.33379 
 41.64500  0.30067  0.30128 
 41.74500  0.27011  0.27032 
 41.84500  0.24114  0.24104 
 41.94500  0.21393  0.21364 
 42.04500  0.18847  0.18820 
 42.14500  0.16500  0.16481 
 42.24500  0.14361  0.14349 
 42.34500  0.12432  0.12429 
 42.44500  0.10716  0.10717 
 42.54500  0.09205  0.09209 
 42.64500  0.07900  0.07903 
 42.74500  0.06785  0.06789 
 42.84500  0.05864  0.05862 
 42.94500  0.05115  0.05116 
 43.04500  0.04544  0.04542 
 43.14500  0.04142  0.04139 
 43.24500  0.03897  0.03901 
 43.34500  0.03821  0.03824 
 43.44500  0.03908  0.03907 
 43.54500  0.04158  0.04154 
 43.64500  0.04568  0.04566 
 43.74500  0.05149  0.05147 
 43.84500  0.05904  0.05901 
 43.94500  0.06837  0.06838 
 44.04500  0.07958  0.07959 
 44.14500  0.09280  0.09278 
 44.24500  0.10792  0.10797 
 44.34500  0.12521  0.12517 
 44.44500  0.14459  0.14448 
 44.54500  0.16609  0.16588 
 44.64500  0.18963  0.18937 
 44.74500  0.21517  0.21492 
 44.84500  0.24248  0.24241 
 44.94500  0.27153  0.27177 
 45.04500  0.30219  0.30281 
 45.14500  0.33451  0.33540 
 45.24500  0.36852  0.36925 
 45.34500  0.40427  0.40420 
 45.44500  0.44154  0.43993 
 45.54500  0.47992  0.47616 
 45.64500  0.50978  0.51259 
 45.74500  0.54672  0.54892 
 45.84500  0.58440  0.58485 
 45.94500  0.62063  0.62008 
 46.04500  0.65526  0.65433 
 46.14500  0.68810  0.68734 
 46.24500  0.71933  0.71895 
 46.34500  0.74890  0.74889 
 46.44500  0.77687  0.77706 
 46.54500  0.80303  0.80331 
 46.64500  0.82739  0.82757 
 46.74500  0.84971  0.84980 
 46.84500  0.86999  0.87000 
 46.94500  0.88819  0.88817 
 47.04500  0.90441  0.90437 
 47.14500  0.91868  0.91864 
 47.24500  0.93115  0.93109 
 47.34500  0.94183  0.94183 
 47.44500  0.95095  0.95090 
 47.54500  0.95846  0.95845 
 47.64500  0.96455  0.96454 
 47.74500  0.96931  0.96927 
 47.84500  0.97275  0.97271 
 47.94500  0.97498  0.97492 
 48.04500  0.97598  0.97596 
 48.14500  0.97581  0.97578 
 48.24500  0.97447  0.97444 
 48.34500  0.97191  0.97188 
 48.44500  0.96811  0.96809 
 48.54500  0.96299  0.96296 
 48.64500  0.95649  0.95647 
 48.74500  0.94852  0.94849 
 48.84500  0.93897  0.93898 
 48.94500  0.92780  0.92777 
 49.04500  0.91486  0.91483 
 49.14500  0.90004  0.90002 
 49.24500  0.88328  0.88327 
 49.34500  0.86446  0.86453 
 49.44500  0.84363  0.84377 
 49.54500  0.82073  0.82096 
 49.64500  0.79586  0.79612 
 49.74500  0.76918  0.76932 
 49.84500  0.74073  0.74066 
 49.94500  0.71072  0.71023 
 50.04500  0.67904  0.67820 
 50.14500  0.64567  0.64480 
 50.24500  0.61061  0.61024 
 50.34500  0.57392  0.57482 
 50.44500  0.53591  0.53873 
 50.54500  0.50190  0.50236 
 50.64500  0.46905  0.46595 
 50.74500  0.43092  0.42983 
 50.84500  0.39404  0.39429 
 50.94500  0.35877  0.35964 
 51.04500  0.32526  0.32610 
 51.14500  0.29340  0.29395 
 51.24500  0.26317  0.26335 
 51.34500  0.23468  0.23449 
 51.44500  0.20777  0.20755 
 51.54500  0.18280  0.18257 
 51.64500  0.15982  0.15965 
 51.74500  0.13890  0.13885 
 51.84500  0.12009  0.12011 
 51.94500  0.10343  0.10350 
 52.04500  0.08885  0.08890 
 52.14500  0.07624  0.07625 
 52.24500  0.06554  0.06557 
 52.34500  0.05672  0.05673 
 52.44500  0.04964  0.04967 
 52.54500  0.04434  0.04433 
 52.64500  0.04072  0.04070 
 52.74500  0.03869  0.03868 
 52.84500  0.03826  0.03830 
 52.94500  0.03958  0.03951 
 53.04500  0.04242  0.04237 
 53.14500  0.04689  0.04687 
 53.24500  0.05309  0.05309 
 53.34500  0.06107  0.06104 
 53.44500  0.07079  0.07083 
 53.54500  0.08248  0.08249 
 53.64500  0.09610  0.09615 
 53.74500  0.11176  0.11177 
 53.84500  0.12954  0.12948 
 53.94500  0.14942  0.14927 
 54.04500  0.17137  0.17117 
 54.14500  0.19543  0.19513 
 54.24500  0.22139  0.22113 
 54.34500  0.24912  0.24910 
 54.44500  0.27855  0.27886 
 54.54500  0.30958  0.31028 
 54.64500  0.34230  0.34321 
 54.74500  0.37671  0.37733 
 54.84500  0.41288  0.41247 
 54.94500  0.45045  0.44834 
 55.04500  0.48820  0.48465 
 55.14500  0.51717  0.52109 
 55.24500  0.55560  0.55735 
 55.34500  0.59301  0.59312 
 55.44500  0.62887  0.62814 
 55.54500  0.66310  0.66214 
 55.64500  0.69552  0.69486 
 55.74500  0.72636  0.72609 
 55.84500  0.75558  0.75563 
 55.94500  0.78317  0.78336 
 56.04500  0.80893  0.80916 
 56.14500  0.83277  0.83296 
 56.24500  0.85464  0.85469 
 56.34500  0.87445  0.87442 
 56.44500  0.89217  0.89212 
 56.54500  0.90793  0.90787 
 56.64500  0.92178  0.92171 
 56.74500  0.93384  0.93376 
 56.84500  0.94413  0.94409 
 56.94500  0.95284  0.95279 
 57.04500  0.96002  0.95999 
 57.14500  0.96578  0.96577 
 57.24500  0.97023  0.97019 
 57.34500  0.97341  0.97334 
 57.44500  0.97533  0.97528 
 57.54500  0.97607  0.97602 
 57.64500  0.97562  0.97558 
 57.74500  0.97403  0.97394 
 57.84500  0.97117  0.97112 
 57.94500  0.96705  0.96700 
 58.04500  0.96160  0.96156 
 58.14500  0.95479  0.95477 
 58.24500  0.94646  0.94641 
 58.34500  0.93657  0.93652 
 58.44500  0.92500  0.92492 
 58.54500  0.91161  0.91154 
 58.64500  0.89632  0.89631 
 58.74500  0.87913  0.87911 
 58.84500  0.85982  0.85989 
 58.94500  0.83849  0.83863 
 59.04500  0.81513  0.81535 
 59.14500  0.78986  0.79005 
 59.24500  0.76271  0.76281 
 59.34500  0.73391  0.73372 
 59.44500  0.70352  0.70289 
 59.54500  0.67139  0.67052 
 59.64500  0.63766  0.63683 
 59.74500  0.60221  0.60205 
 59.84500  0.56517  0.56643 
 59.94500  0.52693  0.53027 
 60.04500  0.49518  0.49384 
 60.14500  0.46010  0.45747 
 60.24500  0.42221  0.42145 
 60.34500  0.38567  0.38607 
 60.44500  0.35072  0.35162 
 60.54500  0.31760  0.31836 
 60.64500  0.28604  0.28649 
 60.74500  0.25613  0.25619 
 60.84500  0.22791  0.22770 
 60.94500  0.20134  0.20105 
 61.04500  0.17665  0.17639 
 61.14500  0.15387  0.15372 
 61.24500  0.13312  0.13308 
 61.34500  0.11441  0.11442 
 61.44500  0.09771  0.09769 
 61.54500  0.08284  0.08286 
 61.64500  0.06971  0.06978 
 61.74500  0.05832  0.05833 
 61.84500  0.04844  0.04842 
 61.94500  0.03994  0.03993 
 62.04500  0.03265  0.03266 
 62.14500  0.02652  0.02653 
 62.24500  0.02140  0.02140 
 62.34500  0.01709  0.01712 
 62.44500  0.01356  0.01360 
 62.54500  0.01071  0.01072 
 62.64500  0.00833  0.00841 
 62.74500  0.00649  0.00652 
 62.84500  0.00496  0.00502 
 62.94500  0.00380  0.00385 
 63.04500  0.00287  0.00292 
 63.14500  0.00215  0.00220 
 63.24500  0.00158  0.00165 
 63.34500  0.00118  0.00123 
 63.44500  0.00082  0.00090 
 63.54500  0.00058  0.00066 
 63.64500  0.00044  0.00048 
 63.74500  0.00031  0.00035 
 63.84500  0.00019  0.00026 
 63.94500  0.00016  0.00020 
 64.04500  0.00015  0.00016 
 64.14500  0.00010  0.00010 
