  0.04500  0.58911  0.58890 
  0.14500  0.58911  0.58890 
  0.24500  0.58910  0.58890 
  0.34500  0.58908  0.58880 
  0.44500  0.58905  0.58880 
  0.54500  0.58903  0.58880 
  0.64500  0.58899  0.58871 
  0.74500  0.58892  0.58870 
  0.84500  0.58888  0.58861 
  0.94500  0.58878  0.58857 
  1.04500  0.58873  0.58850 
  1.14500  0.58864  0.58840 
  1.24500  0.58855  0.58832 
  1.34500  0.58846  0.58823 
  1.44500  0.58837  0.58814 
  1.54500  0.58825  0.58803 
  1.64500  0.58814  0.58792 
  1.74500  0.58801  0.58780 
  1.84500  0.58788  0.58766 
  1.94500  0.58774  0.58754 
  2.04500  0.58761  0.58739 
  2.14500  0.58746  0.58725 
  2.24500  0.58729  0.58709 
  2.34500  0.58713  0.58694 
  2.44500  0.58696  0.58676 
  2.54500  0.58677  0.58658 
  2.64500  0.58659  0.58641 
  2.74500  0.58639  0.58622 
  2.84500  0.58620  0.58603 
  2.94500  0.58600  0.58583 
  3.04500  0.58579  0.58561 
  3.14500  0.58557  0.58540 
  3.24500  0.58534  0.58518 
  3.34500  0.58511  0.58495 
  3.44500  0.58488  0.58472 
  3.54500  0.58463  0.58448 
  3.64500  0.58438  0.58422 
  3.74500  0.58413  0.58398 
  3.84500  0.58386  0.58372 
  3.94500  0.58360  0.58346 
  4.04500  0.58332  0.58319 
  4.14500  0.58305  0.58291 
  4.24500  0.58276  0.58263 
  4.34500  0.58247  0.58234 
  4.44500  0.58217  0.58205 
  4.54500  0.58187  0.58175 
  4.64500  0.58156  0.58145 
  4.74500  0.58124  0.58114 
  4.84500  0.58093  0.58082 
  4.94500  0.58061  0.58049 
  5.04500  0.58027  0.58018 
  5.14500  0.57993  0.57985 
  5.24500  0.57959  0.57951 
  5.34500  0.57925  0.57915 
  5.44500  0.57890  0.57882 
  5.54500  0.57855  0.57845 
  5.64500  0.57819  0.57810 
  5.74500  0.57783  0.57774 
  5.84500  0.57746  0.57737 
  5.94500  0.57708  0.57700 
  6.04500  0.57671  0.57663 
  6.14500  0.57632  0.57624 
  6.24500  0.57594  0.57586 
  6.34500  0.57555  0.57546 
  6.44500  0.57515  0.57506 
  6.54500  0.57475  0.57468 
  6.64500  0.57434  0.57426 
  6.74500  0.57394  0.57386 
  6.84500  0.57353  0.57345 
  6.94500  0.57312  0.57303 
  7.04500  0.57269  0.57261 
  7.14500  0.57227  0.57219 
  7.24500  0.57184  0.57177 
  7.34500  0.57141  0.57133 
  7.44500  0.57098  0.57090 
  7.54500  0.57054  0.57047 
  7.64500  0.57009  0.57002 
  7.74500  0.56965  0.56958 
  7.84500  0.56921  0.56912 
  7.94500  0.56876  0.56868 
  8.04500  0.56830  0.56822 
  8.14500  0.56785  0.56777 
  8.24500  0.56739  0.56730 
  8.34500  0.56694  0.56685 
  8.44500  0.56647  0.56638 
  8.54500  0.56600  0.56590 
  8.64500  0.56554  0.56545 
  8.74500  0.56507  0.56496 
  8.84500  0.56459  0.56450 
  8.94500  0.56411  0.56400 
  9.04500  0.56363  0.56354 
  9.14500  0.56316  0.56305 
  9.24500  0.56268  0.56255 
  9.34500  0.56219  0.56210 
  9.44500  0.56171  0.56160 
  9.54500  0.56123  0.56110 
  9.64500  0.56073  0.56060 
  9.74500  0.56024  0.56010 
  9.84500  0.55973  0.55961 
  9.94500  0.55924  0.55915 
 10.04500  0.55875  0.55865 
 10.14500  0.55826  0.55815 
 10.24500  0.55775  0.55765 
 10.34500  0.55725  0.55715 
 10.44500  0.55675  0.55665 
 10.54500  0.55625  0.55611 
 10.64500  0.55574  0.55560 
 10.74500  0.55524  0.55510 
 10.84500  0.55474  0.55460 
 10.94500  0.55423  0.55410 
 11.04500  0.55372  0.55360 
 11.14500  0.55321  0.55310 
 11.24500  0.55270  0.55260 
 11.34500  0.55219  0.55205 
 11.44500  0.55168  0.55155 
 11.54500  0.55117  0.55105 
 11.64500  0.55066  0.55055 
 11.74500  0.55015  0.55005 
 11.84500  0.54964  0.54955 
 11.94500  0.54913  0.54900 
 12.04500  0.54862  0.54850 
 12.14500  0.54812  0.54800 
 12.24500  0.54760  0.54750 
 12.34500  0.54710  0.54700 
 12.44500  0.54658  0.54650 
 12.54500  0.54608  0.54597 
 12.64500  0.54557  0.54545 
 12.74500  0.54507  0.54495 
 12.84500  0.54455  0.54445 
 12.94500  0.54405  0.54395 
 13.04500  0.54354  0.54345 
 13.14500  0.54304  0.54295 
 13.24500  0.54254  0.54245 
 13.34500  0.54203  0.54195 
 13.44500  0.54154  0.54145 
 13.54500  0.54104  0.54095 
 13.64500  0.54054  0.54045 
 13.74500  0.54005  0.53995 
 13.84500  0.53954  0.53946 
 13.94500  0.53905  0.53900 
 14.04500  0.53856  0.53850 
 14.14500  0.53807  0.53800 
 14.24500  0.53757  0.53750 
 14.34500  0.53708  0.53703 
 14.44500  0.53660  0.53655 
 14.54500  0.53612  0.53605 
 14.64500  0.53563  0.53560 
 14.74500  0.53516  0.53510 
 14.84500  0.53468  0.53463 
 14.94500  0.53420  0.53415 
 15.04500  0.53373  0.53369 
 15.14500  0.53326  0.53320 
 15.24500  0.53279  0.53275 
 15.34500  0.53233  0.53228 
 15.44500  0.53186  0.53181 
 15.54500  0.53141  0.53135 
 15.64500  0.53094  0.53090 
 15.74500  0.53048  0.53044 
 15.84500  0.53003  0.52999 
 15.94500  0.52958  0.52953 
 16.04500  0.52913  0.52909 
 16.14500  0.52869  0.52864 
 16.24500  0.52824  0.52820 
 16.34500  0.52780  0.52776 
 16.44500  0.52736  0.52731 
 16.54500  0.52693  0.52688 
 16.64500  0.52650  0.52645 
 16.74500  0.52607  0.52602 
 16.84500  0.52565  0.52559 
 16.94500  0.52523  0.52517 
 17.04500  0.52481  0.52474 
 17.14500  0.52439  0.52432 
 17.24500  0.52398  0.52391 
 17.34500  0.52356  0.52349 
 17.44500  0.52315  0.52308 
 17.54500  0.52275  0.52268 
 17.64500  0.52235  0.52227 
 17.74500  0.52195  0.52186 
 17.84500  0.52156  0.52147 
 17.94500  0.52116  0.52108 
 18.04500  0.52078  0.52068 
 18.14500  0.52038  0.52030 
 18.24500  0.52001  0.51991 
 18.34500  0.51963  0.51953 
 18.44500  0.51925  0.51915 
 18.54500  0.51888  0.51877 
 18.64500  0.51851  0.51840 
 18.74500  0.51813  0.51803 
 18.84500  0.51777  0.51766 
 18.94500  0.51741  0.51730 
 19.04500  0.51705  0.51694 
 19.14500  0.51670  0.51658 
 19.24500  0.51635  0.51623 
 19.34500  0.51600  0.51588 
 19.44500  0.51566  0.51553 
 19.54500  0.51531  0.51518 
 19.64500  0.51498  0.51485 
 19.74500  0.51464  0.51452 
 19.84500  0.51432  0.51418 
 19.94500  0.51399  0.51385 
 20.04500  0.51364  0.51352 
 20.14500  0.51333  0.51319 
 20.24500  0.51301  0.51288 
 20.34500  0.51270  0.51256 
 20.44500  0.51238  0.51225 
 20.54500  0.51206  0.51194 
 20.64500  0.51176  0.51163 
 20.74500  0.51145  0.51133 
 20.84500  0.51115  0.51103 
 20.94500  0.51086  0.51073 
 21.04500  0.51056  0.51044 
 21.14500  0.51027  0.51015 
 21.24500  0.50998  0.50987 
 21.34500  0.50970  0.50959 
 21.44500  0.50942  0.50930 
 21.54500  0.50914  0.50903 
 21.64500  0.50886  0.50875 
 21.74500  0.50859  0.50849 
 21.84500  0.50832  0.50822 
 21.94500  0.50806  0.50795 
 22.04500  0.50780  0.50770 
 22.14500  0.50754  0.50745 
 22.24500  0.50728  0.50720 
 22.34500  0.50703  0.50695 
 22.44500  0.50678  0.50670 
 22.54500  0.50654  0.50645 
 22.64500  0.50629  0.50621 
 22.74500  0.50604  0.50598 
 22.84500  0.50581  0.50574 
 22.94500  0.50558  0.50552 
 23.04500  0.50535  0.50529 
 23.14500  0.50512  0.50507 
 23.24500  0.50490  0.50485 
 23.34500  0.50468  0.50463 
 23.44500  0.50446  0.50442 
 23.54500  0.50426  0.50421 
 23.64500  0.50403  0.50401 
 23.74500  0.50383  0.50379 
 23.84500  0.50363  0.50359 
 23.94500  0.50343  0.50340 
 24.04500  0.50323  0.50321 
 24.14500  0.50304  0.50301 
 24.24500  0.50284  0.50283 
 24.34500  0.50266  0.50265 
 24.44500  0.50247  0.50245 
 24.54500  0.50230  0.50228 
 24.64500  0.50211  0.50210 
 24.74500  0.50194  0.50194 
 24.84500  0.50177  0.50176 
 24.94500  0.50159  0.50160 
 25.04500  0.50143  0.50144 
 25.14500  0.50127  0.50126 
 25.24500  0.50111  0.50111 
 25.34500  0.50095  0.50095 
 25.44500  0.50080  0.50080 
 25.54500  0.50065  0.50065 
 25.64500  0.50050  0.50051 
 25.74500  0.50035  0.50036 
 25.84500  0.50021  0.50023 
 25.94500  0.50007  0.50007 
 26.04500  0.49994  0.49994 
 26.14500  0.49981  0.49982 
 26.24500  0.49967  0.49967 
 26.34500  0.49955  0.49955 
 26.44500  0.49942  0.49943 
 26.54500  0.49930  0.49930 
 26.64500  0.49919  0.49918 
 26.74500  0.49906  0.49906 
 26.84500  0.49896  0.49895 
 26.94500  0.49884  0.49884 
 27.04500  0.49872  0.49873 
 27.14500  0.49863  0.49862 
 27.24500  0.49853  0.49851 
 27.34500  0.49842  0.49841 
 27.44500  0.49832  0.49831 
 27.54500  0.49823  0.49821 
 27.64500  0.49814  0.49811 
 27.74500  0.49805  0.49802 
 27.84500  0.49796  0.49793 
 27.94500  0.49786  0.49784 
 28.04500  0.49778  0.49775 
 28.14500  0.49770  0.49767 
 28.24500  0.49763  0.49759 
 28.34500  0.49753  0.49750 
 28.44500  0.49747  0.49742 
 28.54500  0.49739  0.49735 
 28.64500  0.49732  0.49729 
 28.74500  0.49724  0.49720 
 28.84500  0.49719  0.49713 
 28.94500  0.49709  0.49707 
 29.04500  0.49704  0.49700 
 29.14500  0.49699  0.49693 
 29.24500  0.49694  0.49689 
 29.34500  0.49686  0.49680 
 29.44500  0.49680  0.49676 
 29.54500  0.49674  0.49670 
 29.64500  0.49669  0.49663 
 29.74500  0.49664  0.49660 
 29.84500  0.49660  0.49652 
 29.94500  0.49655  0.49650 
 30.04500  0.49648  0.49643 
 30.14500  0.49644  0.49640 
 30.24500  0.49641  0.49634 
 30.34500  0.49634  0.49630 
 30.44500  0.49631  0.49628 
 30.54500  0.49628  0.49620 
 30.64500  0.49622  0.49620 
 30.74500  0.49618  0.49614 
 30.84500  0.49615  0.49610 
 30.94500  0.49611  0.49610 
 31.04500  0.49608  0.49602 
 31.14500  0.49604  0.49600 
 31.24500  0.49601  0.49600 
 31.34500  0.49598  0.49595 
 31.44500  0.49592  0.49590 
 31.54500  0.49591  0.49590 
 31.64500  0.49588  0.49590 
 31.74500  0.49585  0.49583 
 31.84500  0.49581  0.49580 
 31.94500  0.49579  0.49580 
 32.04500  0.49577  0.49580 
 32.14500  0.49576  0.49580 
 32.24500  0.49575  0.49570 
 32.34500  0.49571  0.49570 
 32.44500  0.49572  0.49570 
 32.54500  0.49567  0.49570 
 32.64500  0.49566  0.49570 
 32.74500  0.49565  0.49570 
 32.84500  0.49562  0.49562 
 32.94500  0.49561  0.49560 
 33.04500  0.49559  0.49560 
 33.14500  0.49558  0.49560 
 33.24500  0.49558  0.49560 
 33.34500  0.49556  0.49560 
 33.44500  0.49555  0.49560 
 33.54500  0.49553  0.49560 
 33.64500  0.49553  0.49560 
 33.74500  0.49551  0.49560 
 33.84500  0.49552  0.49553 
 33.94500  0.49550  0.49550 
 34.04500  0.49549  0.49550 
 34.14500  0.49549  0.49550 
 34.24500  0.49546  0.49550 
 34.34500  0.49549  0.49550 
 34.44500  0.49547  0.49550 
 34.54500  0.49546  0.49550 
 34.64500  0.49547  0.49550 
 34.74500  0.49545  0.49550 
 34.84500  0.49547  0.49550 
 34.94500  0.49545  0.49550 
 35.04500  0.49547  0.49550 
 35.14500  0.49542  0.49550 
 35.24500  0.49544  0.49550 
 35.34500  0.49544  0.49550 
 35.44500  0.49544  0.49550 
 35.54500  0.49543  0.49550 
 35.64500  0.49543  0.49550 
 35.74500  0.49545  0.49550 
 35.84500  0.49542  0.49550 
 35.94500  0.49544  0.49550 
 36.04500  0.49542  0.49550 
 36.14500  0.49543  0.49550 
 36.24500  0.49542  0.49541 
 36.34500  0.49543  0.49540 
 36.44500  0.49541  0.49540 
 36.54500  0.49541  0.49540 
 36.64500  0.49543  0.49540 
 36.74500  0.49540  0.49540 
 36.84500  0.49540  0.49540 
 36.94500  0.49540  0.49540 
 37.04500  0.49537  0.49540 
 37.14500  0.49539  0.49540 
 37.24500  0.49539  0.49540 
 37.34500  0.49535  0.49540 
 37.44500  0.49537  0.49540 
 37.54500  0.49535  0.49535 
 37.64500  0.49533  0.49530 
 37.74500  0.49533  0.49530 
 37.84500  0.49532  0.49530 
 37.94500  0.49533  0.49530 
 38.04500  0.49530  0.49530 
 38.14500  0.49528  0.49530 
 38.24500  0.49528  0.49526 
 38.34500  0.49524  0.49520 
 38.44500  0.49523  0.49520 
 38.54500  0.49522  0.49520 
 38.64500  0.49517  0.49520 
 38.74500  0.49516  0.49516 
 38.84500  0.49514  0.49510 
 38.94500  0.49511  0.49510 
 39.04500  0.49507  0.49510 
 39.14500  0.49507  0.49507 
 39.24500  0.49503  0.49500 
 39.34500  0.49500  0.49500 
 39.44500  0.49496  0.49500 
 39.54500  0.49495  0.49491 
 39.64500  0.49491  0.49490 
 39.74500  0.49487  0.49490 
 39.84500  0.49484  0.49481 
 39.94500  0.49479  0.49480 
 40.04500  0.49476  0.49478 
 40.14500  0.49470  0.49470 
 40.24500  0.49466  0.49470 
 40.34500  0.49463  0.49462 
 40.44500  0.49457  0.49460 
 40.54500  0.49453  0.49454 
 40.64500  0.49449  0.49450 
 40.74500  0.49441  0.49445 
 40.84500  0.49437  0.49440 
 40.94500  0.49432  0.49434 
 41.04500  0.49425  0.49430 
 41.14500  0.49419  0.49422 
 41.24500  0.49412  0.49419 
 41.34500  0.49406  0.49410 
 41.44500  0.49400  0.49406 
 41.54500  0.49393  0.49400 
 41.64500  0.49387  0.49391 
 41.74500  0.49380  0.49386 
 41.84500  0.49372  0.49380 
 41.94500  0.49365  0.49371 
 42.04500  0.49359  0.49364 
 42.14500  0.49349  0.49358 
 42.24500  0.49341  0.49350 
 42.34500  0.49334  0.49341 
 42.44500  0.49324  0.49333 
 42.54500  0.49316  0.49325 
 42.64500  0.49306  0.49317 
 42.74500  0.49298  0.49308 
 42.84500  0.49290  0.49299 
 42.94500  0.49280  0.49290 
 43.04500  0.49270  0.49280 
 43.14500  0.49261  0.49271 
 43.24500  0.49251  0.49261 
 43.34500  0.49240  0.49251 
 43.44500  0.49230  0.49241 
 43.54500  0.49220  0.49230 
 43.64500  0.49210  0.49219 
 43.74500  0.49198  0.49208 
 43.84500  0.49187  0.49197 
 43.94500  0.49177  0.49186 
 44.04500  0.49164  0.49175 
 44.14500  0.49152  0.49163 
 44.24500  0.49141  0.49150 
 44.34500  0.49128  0.49138 
 44.44500  0.49115  0.49126 
 44.54500  0.49103  0.49113 
 44.64500  0.49090  0.49100 
 44.74500  0.49077  0.49086 
 44.84500  0.49063  0.49074 
 44.94500  0.49050  0.49059 
 45.04500  0.49037  0.49045 
 45.14500  0.49022  0.49031 
 45.24500  0.49008  0.49016 
 45.34500  0.48994  0.49003 
 45.44500  0.48979  0.48986 
 45.54500  0.48963  0.48973 
 45.64500  0.48949  0.48956 
 45.74500  0.48933  0.48941 
 45.84500  0.48918  0.48925 
 45.94500  0.48902  0.48908 
 46.04500  0.48885  0.48892 
 46.14500  0.48868  0.48875 
 46.24500  0.48852  0.48858 
 46.34500  0.48835  0.48842 
 46.44500  0.48818  0.48825 
 46.54500  0.48801  0.48806 
 46.64500  0.48783  0.48789 
 46.74500  0.48766  0.48771 
 46.84500  0.48748  0.48753 
 46.94500  0.48729  0.48735 
 47.04500  0.48711  0.48715 
 47.14500  0.48691  0.48696 
 47.24500  0.48673  0.48677 
 47.34500  0.48654  0.48657 
 47.44500  0.48634  0.48637 
 47.54500  0.48613  0.48619 
 47.64500  0.48594  0.48597 
 47.74500  0.48574  0.48577 
 47.84500  0.48554  0.48557 
 47.94500  0.48532  0.48536 
 48.04500  0.48511  0.48515 
 48.14500  0.48490  0.48493 
 48.24500  0.48469  0.48472 
 48.34500  0.48447  0.48450 
 48.44500  0.48425  0.48429 
 48.54500  0.48402  0.48407 
 48.64500  0.48380  0.48384 
 48.74500  0.48358  0.48361 
 48.84500  0.48334  0.48339 
 48.94500  0.48312  0.48316 
 49.04500  0.48288  0.48292 
 49.14500  0.48264  0.48269 
 49.24500  0.48241  0.48245 
 49.34500  0.48216  0.48222 
 49.44500  0.48192  0.48198 
 49.54500  0.48169  0.48172 
 49.64500  0.48143  0.48150 
 49.74500  0.48119  0.48125 
 49.84500  0.48094  0.48100 
 49.94500  0.48069  0.48075 
 50.04500  0.48043  0.48050 
 50.14500  0.48018  0.48025 
 50.24500  0.47992  0.48000 
 50.34500  0.47967  0.47973 
 50.44500  0.47940  0.47948 
 50.54500  0.47914  0.47922 
 50.64500  0.47889  0.47896 
 50.74500  0.47861  0.47870 
 50.84500  0.47835  0.47843 
 50.94500  0.47808  0.47817 
 51.04500  0.47781  0.47790 
 51.14500  0.47754  0.47763 
 51.24500  0.47727  0.47737 
 51.34500  0.47700  0.47710 
 51.44500  0.47672  0.47682 
 51.54500  0.47645  0.47655 
 51.64500  0.47617  0.47628 
 51.74500  0.47590  0.47600 
 51.84500  0.47562  0.47573 
 51.94500  0.47535  0.47546 
 52.04500  0.47506  0.47518 
 52.14500  0.47478  0.47490 
 52.24500  0.47450  0.47461 
 52.34500  0.47423  0.47434 
 52.44500  0.47394  0.47406 
 52.54500  0.47366  0.47377 
 52.64500  0.47337  0.47350 
 52.74500  0.47309  0.47321 
 52.84500  0.47280  0.47293 
 52.94500  0.47252  0.47264 
 53.04500  0.47223  0.47236 
 53.14500  0.47195  0.47207 
 53.24500  0.47167  0.47179 
 53.34500  0.47138  0.47150 
 53.44500  0.47109  0.47121 
 53.54500  0.47082  0.47093 
 53.64500  0.47054  0.47064 
 53.74500  0.47025  0.47036 
 53.84500  0.46996  0.47007 
 53.94500  0.46969  0.46979 
 54.04500  0.46939  0.46950 
 54.14500  0.46911  0.46921 
 54.24500  0.46883  0.46894 
 54.34500  0.46854  0.46866 
 54.44500  0.46825  0.46837 
 54.54500  0.46798  0.46809 
 54.64500  0.46769  0.46780 
 54.74500  0.46742  0.46751 
 54.84500  0.46713  0.46723 
 54.94500  0.46685  0.46695 
 55.04500  0.46657  0.46667 
 55.14500  0.46629  0.46639 
 55.24500  0.46601  0.46611 
 55.34500  0.46574  0.46583 
 55.44500  0.46547  0.46555 
 55.54500  0.46519  0.46528 
 55.64500  0.46492  0.46500 
 55.74500  0.46465  0.46472 
 55.84500  0.46438  0.46445 
 55.94500  0.46410  0.46418 
 56.04500  0.46383  0.46390 
 56.14500  0.46357  0.46364 
 56.24500  0.46330  0.46337 
 56.34500  0.46304  0.46310 
 56.44500  0.46278  0.46283 
 56.54500  0.46251  0.46258 
 56.64500  0.46225  0.46230 
 56.74500  0.46199  0.46205 
 56.84500  0.46174  0.46180 
 56.94500  0.46148  0.46152 
 57.04500  0.46123  0.46128 
 57.14500  0.46097  0.46102 
 57.24500  0.46073  0.46078 
 57.34500  0.46048  0.46052 
 57.44500  0.46023  0.46028 
 57.54500  0.45999  0.46002 
 57.64500  0.45974  0.45979 
 57.74500  0.45950  0.45955 
 57.84500  0.45927  0.45931 
 57.94500  0.45902  0.45908 
 58.04500  0.45879  0.45884 
 58.14500  0.45857  0.45861 
 58.24500  0.45833  0.45838 
 58.34500  0.45811  0.45816 
 58.44500  0.45788  0.45793 
 58.54500  0.45766  0.45771 
 58.64500  0.45744  0.45750 
 58.74500  0.45722  0.45729 
 58.84500  0.45701  0.45707 
 58.94500  0.45680  0.45687 
 59.04500  0.45659  0.45665 
 59.14500  0.45639  0.45645 
 59.24500  0.45617  0.45625 
 59.34500  0.45598  0.45605 
 59.44500  0.45579  0.45586 
 59.54500  0.45559  0.45567 
 59.64500  0.45540  0.45549 
 59.74500  0.45521  0.45530 
 59.84500  0.45504  0.45512 
 59.94500  0.45484  0.45495 
 60.04500  0.45467  0.45476 
 60.14500  0.45450  0.45460 
 60.24500  0.45433  0.45444 
 60.34500  0.45416  0.45426 
 60.44500  0.45399  0.45412 
 60.54500  0.45384  0.45396 
 60.64500  0.45368  0.45381 
 60.74500  0.45352  0.45366 
 60.84500  0.45338  0.45351 
 60.94500  0.45324  0.45337 
 61.04500  0.45310  0.45324 
 61.14500  0.45296  0.45310 
 61.24500  0.45282  0.45297 
 61.34500  0.45270  0.45285 
 61.44500  0.45257  0.45273 
 61.54500  0.45246  0.45262 
 61.64500  0.45234  0.45249 
 61.74500  0.45222  0.45239 
 61.84500  0.45211  0.45228 
 61.94500  0.45200  0.45218 
 62.04500  0.45191  0.45209 
 62.14500  0.45182  0.45200 
 62.24500  0.45172  0.45190 
 62.34500  0.45164  0.45182 
 62.44500  0.45156  0.45174 
 62.54500  0.45147  0.45167 
 62.64500  0.45139  0.45160 
 62.74500  0.45132  0.45152 
 62.84500  0.45126  0.45148 
 62.94500  0.45121  0.45140 
 63.04500  0.45114  0.45136 
 63.14500  0.45107  0.45130 
 63.24500  0.45105  0.45127 
 63.34500  0.45101  0.45120 
 63.44500  0.45096  0.45120 
 63.54500  0.45092  0.45115 
 63.64500  0.45092  0.45110 
 63.74500  0.45089  0.45110 
 63.84500  0.45087  0.45110 
 63.94500  0.45085  0.45110 
 64.04500  0.45085  0.45110 
 64.14500  0.45081  0.45102 
