  0.04500  0.99998  1.00000 
  0.14500  0.99998  1.00000 
  0.24500  0.99998  1.00000 
  0.34500  0.99998  1.00000 
  0.44500  0.99998  1.00000 
  0.54500  0.99998  1.00000 
  0.64500  0.99998  1.00000 
  0.74500  0.99998  1.00000 
  0.84500  0.99998  1.00000 
  0.94500  0.99998  1.00000 
  1.04500  0.99998  1.00000 
  1.14500  0.99998  1.00000 
  1.24500  0.99998  1.00000 
  1.34500  0.99998  1.00000 
  1.44500  0.99998  1.00000 
  1.54500  0.99997  1.00000 
  1.64500  0.99998  1.00000 
  1.74500  0.99998  1.00000 
  1.84500  0.99998  1.00000 
  1.94500  0.99998  1.00000 
  2.04500  0.99997  1.00000 
  2.14500  0.99998  1.00000 
  2.24500  0.99998  1.00000 
  2.34500  0.99997  1.00000 
  2.44500  0.99998  1.00000 
  2.54500  0.99998  1.00000 
  2.64500  0.99998  1.00000 
  2.74500  0.99998  1.00000 
  2.84500  0.99997  1.00000 
  2.94500  0.99998  1.00000 
  3.04500  0.99998  1.00000 
  3.14500  0.99998  1.00000 
  3.24500  0.99997  1.00000 
  3.34500  0.99995  1.00000 
  3.44500  0.99993  1.00000 
  3.54500  0.99992  0.99998 
  3.64500  0.99984  0.99986 
  3.74500  0.99958  0.99958 
  3.84500  0.99881  0.99878 
  3.94500  0.99677  0.99671 
  4.04500  0.99199  0.99202 
  4.14500  0.98197  0.98216 
  4.24500  0.96306  0.96343 
  4.34500  0.93049  0.93099 
  4.44500  0.87945  0.87991 
  4.54500  0.80653  0.80669 
  4.64500  0.71158  0.71124 
  4.74500  0.59901  0.59804 
  4.84500  0.47542  0.47590 
  4.94500  0.35526  0.35599 
  5.04500  0.24878  0.24891 
  5.14500  0.16220  0.16193 
  5.24500  0.09807  0.09759 
  5.34500  0.05479  0.05435 
  5.44500  0.02816  0.02789 
  5.54500  0.01326  0.01317 
  5.64500  0.00567  0.00569 
  5.74500  0.00218  0.00227 
  5.84500  0.00076  0.00081 
  5.94500  0.00028  0.00027 
  6.04500  0.00009  0.00009 
  6.14500  0.00006  0.00000 
  6.24500  0.00004  0.00000 
  6.34500  0.00002  0.00000 
  6.44500  0.00001  0.00000 
  6.54500 -0.00001  0.00000 
  6.64500  0.00000  0.00000 
  6.74500  0.00000  0.00000 
  6.84500  0.00000  0.00000 
  6.94500  0.00001  0.00000 
  7.04500 -0.00000  0.00000 
  7.14500 -0.00001  0.00000 
  7.24500 -0.00000  0.00000 
  7.34500  0.00001  0.00000 
  7.44500  0.00004  0.00000 
  7.54500  0.00005  0.00000 
  7.64500  0.00007  0.00004 
  7.74500  0.00019  0.00016 
  7.84500  0.00049  0.00051 
  7.94500  0.00139  0.00146 
  8.04500  0.00381  0.00385 
  8.14500  0.00929  0.00923 
  8.24500  0.02053  0.02033 
  8.34500  0.04147  0.04107 
  8.44500  0.07692  0.07642 
  8.54500  0.13158  0.13119 
  8.64500  0.20845  0.20836 
  8.74500  0.30691  0.30735 
  8.84500  0.42174  0.42285 
  8.94500  0.54627  0.54544 
  9.04500  0.66440  0.66379 
  9.14500  0.76782  0.76779 
  9.24500  0.85056  0.85089 
  9.34500  0.91084  0.91133 
  9.44500  0.95088  0.95132 
  9.54500  0.97511  0.97538 
  9.64500  0.98845  0.98855 
  9.74500  0.99513  0.99513 
  9.84500  0.99816  0.99809 
  9.94500  0.99935  0.99931 
 10.04500  0.99975  0.99977 
 10.14500  0.99989  0.99993 
 10.24500  0.99993  1.00000 
 10.34500  0.99994  1.00000 
 10.44500  0.99995  1.00000 
 10.54500  0.99998  1.00000 
 10.64500  0.99999  1.00000 
 10.74500  0.99998  1.00000 
 10.84500  0.99997  1.00000 
 10.94500  0.99998  1.00000 
 11.04500  0.99999  1.00000 
 11.14500  0.99997  1.00000 
 11.24500  0.99998  1.00000 
 11.34500  0.99997  1.00000 
 11.44500  0.99999  1.00000 
 11.54500  0.99997  1.00000 
 11.64500  0.99995  1.00000 
 11.74500  0.99994  1.00000 
 11.84500  0.99992  0.99999 
 11.94500  0.99987  0.99988 
 12.04500  0.99966  0.99964 
 12.14500  0.99900  0.99897 
 12.24500  0.99723  0.99722 
 12.34500  0.99307  0.99311 
 12.44500  0.98419  0.98435 
 12.54500  0.96711  0.96747 
 12.64500  0.93724  0.93772 
 12.74500  0.88965  0.89013 
 12.84500  0.82057  0.82081 
 12.94500  0.72920  0.72897 
 13.04500  0.61913  0.61827 
 13.14500  0.49683  0.49691 
 13.24500  0.37497  0.37582 
 13.34500  0.26567  0.26591 
 13.44500  0.17540  0.17517 
 13.54500  0.10746  0.10700 
 13.64500  0.06086  0.06041 
 13.74500  0.03176  0.03143 
 13.84500  0.01518  0.01506 
 13.94500  0.00661  0.00661 
 14.04500  0.00260  0.00267 
 14.14500  0.00092  0.00099 
 14.24500  0.00032  0.00033 
 14.34500  0.00012  0.00011 
 14.44500  0.00007  0.00000 
 14.54500  0.00005  0.00000 
 14.64500  0.00002  0.00000 
 14.74500  0.00000  0.00000 
 14.84500 -0.00001  0.00000 
 14.94500  0.00000  0.00000 
 15.04500  0.00000  0.00000 
 15.14500  0.00001  0.00000 
 15.24500 -0.00000  0.00000 
 15.34500 -0.00000  0.00000 
 15.44500 -0.00001  0.00000 
 15.54500 -0.00001  0.00000 
 15.64500 -0.00001  0.00000 
 15.74500 -0.00000  0.00000 
 15.84500 -0.00001  0.00000 
 15.94500  0.00000  0.00000 
 16.04500  0.00000  0.00000 
 16.14500  0.00000  0.00000 
 16.24500  0.00000  0.00000 
 16.34500 -0.00001  0.00000 
 16.44500 -0.00001  0.00000 
 16.54500  0.00001  0.00000 
 16.64500  0.00003  0.00000 
 16.74500  0.00003  0.00000 
 16.84500  0.00007  0.00002 
 16.94500  0.00014  0.00013 
 17.04500  0.00038  0.00040 
 17.14500  0.00109  0.00118 
 17.24500  0.00304  0.00311 
 17.34500  0.00759  0.00760 
 17.44500  0.01719  0.01704 
 17.54500  0.03547  0.03514 
 17.64500  0.06710  0.06663 
 17.74500  0.11690  0.11648 
 17.84500  0.18849  0.18833 
 17.94500  0.28222  0.28254 
 18.04500  0.39392  0.39489 
 18.14500  0.51713  0.51680 
 18.24500  0.63788  0.63714 
 18.34500  0.74539  0.74524 
 18.44500  0.83327  0.83356 
 18.54500  0.89873  0.89920 
 18.64500  0.94312  0.94360 
 18.74500  0.97059  0.97092 
 18.84500  0.98608  0.98620 
 18.94500  0.99399  0.99398 
 19.04500  0.99766  0.99762 
 19.14500  0.99915  0.99913 
 19.24500  0.99969  0.99970 
 19.34500  0.99988  0.99991 
 19.44500  0.99993  1.00000 
 19.54500  0.99994  1.00000 
 19.64500  0.99996  1.00000 
 19.74500  0.99998  1.00000 
 19.84500  0.99999  1.00000 
 19.94500  0.99998  1.00000 
 20.04500  0.99997  1.00000 
 20.14500  0.99997  1.00000 
 20.24500  0.99998  1.00000 
 20.34500  0.99998  1.00000 
 20.44500  0.99998  1.00000 
 20.54500  0.99998  1.00000 
 20.64500  0.99998  1.00000 
 20.74500  0.99998  1.00000 
 20.84500  0.99998  1.00000 
 20.94500  0.99998  1.00000 
 21.04500  0.99998  1.00000 
 21.14500  0.99997  1.00000 
 21.24500  0.99998  1.00000 
 21.34500  0.99999  1.00000 
 21.44500  0.99998  1.00000 
 21.54500  0.99996  1.00000 
 21.64500  0.99995  1.00000 
 21.74500  0.99992  1.00000 
 21.84500  0.99989  0.99992 
 21.94500  0.99973  0.99974 
 22.04500  0.99929  0.99923 
 22.14500  0.99794  0.99792 
 22.24500  0.99469  0.99469 
 22.34500  0.98753  0.98764 
 22.44500  0.97332  0.97360 
 22.54500  0.94776  0.94823 
 22.64500  0.90594  0.90646 
 22.74500  0.84352  0.84386 
 22.84500  0.75866  0.75858 
 22.94500  0.65350  0.65284 
 23.04500  0.53420  0.53359 
 23.14500  0.41016  0.41120 
 23.24500  0.29654  0.29696 
 23.34500  0.20003  0.19992 
 23.44500  0.12535  0.12494 
 23.54500  0.07271  0.07223 
 23.64500  0.03890  0.03853 
 23.74500  0.01910  0.01889 
 23.84500  0.00853  0.00851 
 23.94500  0.00346  0.00354 
 24.04500  0.00126  0.00134 
 24.14500  0.00044  0.00046 
 24.24500  0.00016  0.00014 
 24.34500  0.00007  0.00003 
 24.44500  0.00005  0.00000 
 24.54500  0.00003  0.00000 
 24.64500  0.00001  0.00000 
 24.74500 -0.00001  0.00000 
 24.84500 -0.00001  0.00000 
 24.94500 -0.00000  0.00000 
 25.04500  0.00001  0.00000 
 25.14500  0.00000  0.00000 
 25.24500 -0.00000  0.00000 
 25.34500 -0.00000  0.00000 
 25.44500 -0.00000  0.00000 
 25.54500 -0.00000  0.00000 
 25.64500  0.00000  0.00000 
 25.74500 -0.00000  0.00000 
 25.84500  0.00001  0.00000 
 25.94500  0.00000  0.00000 
 26.04500 -0.00000  0.00000 
 26.14500  0.00000  0.00000 
 26.24500  0.00001  0.00000 
 26.34500  0.00002  0.00000 
 26.44500  0.00004  0.00000 
 26.54500  0.00007  0.00002 
 26.64500  0.00013  0.00013 
 26.74500  0.00036  0.00037 
 26.84500  0.00106  0.00111 
 26.94500  0.00293  0.00302 
 27.04500  0.00739  0.00739 
 27.14500  0.01676  0.01664 
 27.24500  0.03469  0.03437 
 27.34500  0.06581  0.06532 
 27.44500  0.11494  0.11452 
 27.54500  0.18583  0.18565 
 27.64500  0.27884  0.27917 
 27.74500  0.39012  0.39104 
 27.84500  0.51306  0.51282 
 27.94500  0.63417  0.63338 
 28.04500  0.74218  0.74201 
 28.14500  0.83077  0.83104 
 28.24500  0.89694  0.89742 
 28.34500  0.94198  0.94246 
 28.44500  0.96994  0.97025 
 28.54500  0.98571  0.98585 
 28.64500  0.99383  0.99383 
 28.74500  0.99759  0.99752 
 28.84500  0.99912  0.99910 
 28.94500  0.99968  0.99970 
 29.04500  0.99988  0.99990 
 29.14500  0.99992  1.00000 
 29.24500  0.99993  1.00000 
 29.34500  0.99996  1.00000 
 29.44500  0.99997  1.00000 
 29.54500  0.99998  1.00000 
 29.64500  0.99998  1.00000 
 29.74500  0.99997  1.00000 
 29.84500  0.99997  1.00000 
 29.94500  0.99999  1.00000 
 30.04500  0.99997  1.00000 
 30.14500  0.99997  1.00000 
 30.24500  0.99998  1.00000 
 30.34500  0.99999  1.00000 
 30.44500  0.99998  1.00000 
 30.54500  0.99995  1.00000 
 30.64500  0.99995  1.00000 
 30.74500  0.99994  1.00000 
 30.84500  0.99989  0.99992 
 30.94500  0.99972  0.99974 
 31.04500  0.99924  0.99921 
 31.14500  0.99789  0.99784 
 31.24500  0.99453  0.99452 
 31.34500  0.98719  0.98730 
 31.44500  0.97269  0.97300 
 31.54500  0.94670  0.94715 
 31.64500  0.90427  0.90476 
 31.74500  0.84114  0.84145 
 31.84500  0.75555  0.75543 
 31.94500  0.64981  0.64914 
 32.04500  0.53017  0.52959 
 32.14500  0.40629  0.40732 
 32.24500  0.29312  0.29348 
 32.34500  0.19726  0.19712 
 32.44500  0.12332  0.12288 
 32.54500  0.07134  0.07085 
 32.64500  0.03808  0.03768 
 32.74500  0.01863  0.01845 
 32.84500  0.00832  0.00829 
 32.94500  0.00335  0.00344 
 33.04500  0.00121  0.00131 
 33.14500  0.00042  0.00046 
 33.24500  0.00016  0.00014 
 33.34500  0.00009  0.00003 
 33.44500  0.00003  0.00000 
 33.54500  0.00003  0.00000 
 33.64500  0.00002  0.00000 
 33.74500 -0.00001  0.00000 
 33.84500 -0.00000  0.00000 
 33.94500 -0.00000  0.00000 
 34.04500  0.00001  0.00000 
 34.14500 -0.00001  0.00000 
 34.24500 -0.00001  0.00000 
 34.34500 -0.00001  0.00000 
 34.44500 -0.00000  0.00000 
 34.54500 -0.00000  0.00000 
 34.64500  0.00001  0.00000 
 34.74500 -0.00001  0.00000 
 34.84500 -0.00001  0.00000 
 34.94500  0.00001  0.00000 
 35.04500  0.00001  0.00000 
 35.14500  0.00003  0.00000 
 35.24500  0.00005  0.00000 
 35.34500  0.00007  0.00005 
 35.44500  0.00018  0.00017 
 35.54500  0.00050  0.00052 
 35.64500  0.00146  0.00152 
 35.74500  0.00391  0.00396 
 35.84500  0.00954  0.00951 
 35.94500  0.02103  0.02083 
 36.04500  0.04238  0.04196 
 36.14500  0.07836  0.07788 
 36.24500  0.13371  0.13332 
 36.34500  0.21131  0.21126 
 36.44500  0.31040  0.31090 
 36.54500  0.42563  0.42677 
 36.64500  0.55032  0.54938 
 36.74500  0.66801  0.66744 
 36.84500  0.77083  0.77083 
 36.94500  0.85285  0.85322 
 37.04500  0.91241  0.91292 
 37.14500  0.95187  0.95233 
 37.24500  0.97567  0.97596 
 37.34500  0.98875  0.98886 
 37.44500  0.99528  0.99525 
 37.54500  0.99818  0.99814 
 37.64500  0.99935  0.99935 
 37.74500  0.99975  0.99979 
 37.84500  0.99989  0.99993 
 37.94500  0.99992  1.00000 
 38.04500  0.99994  1.00000 
 38.14500  0.99996  1.00000 
 38.24500  0.99997  1.00000 
 38.34500  0.99998  1.00000 
 38.44500  0.99998  1.00000 
 38.54500  0.99996  1.00000 
 38.64500  0.99998  1.00000 
 38.74500  0.99998  1.00000 
 38.84500  0.99998  1.00000 
 38.94500  0.99998  1.00000 
 39.04500  0.99998  1.00000 
 39.14500  0.99997  1.00000 
 39.24500  0.99998  1.00000 
 39.34500  0.99998  1.00000 
 39.44500  0.99998  1.00000 
 39.54500  0.99996  1.00000 
 39.64500  0.99994  1.00000 
 39.74500  0.99992  1.00000 
 39.84500  0.99990  0.99992 
 39.94500  0.99972  0.99976 
 40.04500  0.99929  0.99928 
 40.14500  0.99798  0.99794 
 40.24500  0.99479  0.99479 
 40.34500  0.98776  0.98786 
 40.44500  0.97376  0.97407 
 40.54500  0.94857  0.94902 
 40.64500  0.90720  0.90771 
 40.74500  0.84534  0.84568 
 40.84500  0.76098  0.76093 
 40.94500  0.65626  0.65564 
 41.04500  0.53725  0.53658 
 41.14500  0.41309  0.41415 
 41.24500  0.29915  0.29956 
 41.34500  0.20213  0.20203 
 41.44500  0.12691  0.12650 
 41.54500  0.07377  0.07328 
 41.64500  0.03954  0.03916 
 41.74500  0.01945  0.01925 
 41.84500  0.00873  0.00870 
 41.94500  0.00354  0.00361 
 42.04500  0.00131  0.00137 
 42.14500  0.00044  0.00047 
 42.24500  0.00016  0.00015 
 42.34500  0.00007  0.00003 
 42.44500  0.00004  0.00000 
 42.54500  0.00003  0.00000 
 42.64500  0.00001  0.00000 
 42.74500 -0.00000  0.00000 
 42.84500 -0.00001  0.00000 
 42.94500 -0.00000  0.00000 
 43.04500  0.00001  0.00000 
 43.14500 -0.00000  0.00000 
 43.24500 -0.00000  0.00000 
 43.34500 -0.00000  0.00000 
 43.44500 -0.00001  0.00000 
 43.54500 -0.00001  0.00000 
 43.64500  0.00001  0.00000 
 43.74500 -0.00000  0.00000 
 43.84500 -0.00000  0.00000 
 43.94500 -0.00000  0.00000 
 44.04500  0.00001  0.00000 
 44.14500  0.00002  0.00000 
 44.24500  0.00004  0.00000 
 44.34500  0.00008  0.00004 
 44.44500  0.00018  0.00016 
 44.54500  0.00048  0.00051 
 44.64500  0.00138  0.00146 
 44.74500  0.00371  0.00377 
 44.84500  0.00909  0.00906 
 44.94500  0.02016  0.01996 
 45.04500  0.04082  0.04042 
 45.14500  0.07583  0.07534 
 45.24500  0.13000  0.12957 
 45.34500  0.20630  0.20621 
 45.44500  0.30424  0.30471 
 45.54500  0.41880  0.41989 
 45.64500  0.54324  0.54242 
 45.74500  0.66166  0.66105 
 45.84500  0.76551  0.76548 
 45.94500  0.84880  0.84915 
 46.04500  0.90963  0.91011 
 46.14500  0.95011  0.95055 
 46.24500  0.97468  0.97495 
 46.34500  0.98821  0.98833 
 46.44500  0.99503  0.99501 
 46.54500  0.99810  0.99804 
 46.64500  0.99932  0.99929 
 46.74500  0.99975  0.99977 
 46.84500  0.99990  0.99993 
 46.94500  0.99993  1.00000 
 47.04500  0.99994  1.00000 
 47.14500  0.99996  1.00000 
 47.24500  0.99999  1.00000 
 47.34500  0.99999  1.00000 
 47.44500  0.99998  1.00000 
 47.54500  0.99997  1.00000 
 47.64500  0.99998  1.00000 
 47.74500  0.99998  1.00000 
 47.84500  0.99998  1.00000 
 47.94500  0.99998  1.00000 
 48.04500  0.99998  1.00000 
 48.14500  0.99998  1.00000 
 48.24500  0.99998  1.00000 
 48.34500  0.99998  1.00000 
 48.44500  0.99998  1.00000 
 48.54500  0.99998  1.00000 
 48.64500  0.99997  1.00000 
 48.74500  0.99998  1.00000 
 48.84500  0.99999  1.00000 
 48.94500  0.99998  1.00000 
 49.04500  0.99994  1.00000 
 49.14500  0.99995  1.00000 
 49.24500  0.99992  1.00000 
 49.34500  0.99986  0.99989 
 49.44500  0.99968  0.99968 
 49.54500  0.99909  0.99904 
 49.64500  0.99748  0.99743 
 49.74500  0.99361  0.99360 
 49.84500  0.98526  0.98541 
 49.94500  0.96907  0.96941 
 50.04500  0.94054  0.94102 
 50.14500  0.89472  0.89522 
 50.24500  0.82767  0.82792 
 50.34500  0.73820  0.73804 
 50.44500  0.62954  0.62875 
 50.54500  0.50805  0.50791 
 50.64500  0.38542  0.38633 
 50.74500  0.27477  0.27504 
 50.84500  0.18257  0.18236 
 50.94500  0.11262  0.11215 
 51.04500  0.06425  0.06378 
 51.14500  0.03378  0.03344 
 51.24500  0.01627  0.01612 
 51.34500  0.00715  0.00716 
 51.44500  0.00283  0.00289 
 51.54500  0.00102  0.00107 
 51.64500  0.00036  0.00037 
 51.74500  0.00013  0.00012 
 51.84500  0.00006  0.00001 
 51.94500  0.00004  0.00000 
 52.04500  0.00003  0.00000 
 52.14500 -0.00000  0.00000 
 52.24500 -0.00001  0.00000 
 52.34500 -0.00001  0.00000 
 52.44500  0.00000  0.00000 
 52.54500  0.00001  0.00000 
 52.64500 -0.00000  0.00000 
 52.74500 -0.00000  0.00000 
 52.84500 -0.00001  0.00000 
 52.94500 -0.00001  0.00000 
 53.04500 -0.00000  0.00000 
 53.14500  0.00001  0.00000 
 53.24500 -0.00000  0.00000 
 53.34500 -0.00001  0.00000 
 53.44500  0.00000  0.00000 
 53.54500  0.00001  0.00000 
 53.64500  0.00004  0.00000 
 53.74500  0.00005  0.00000 
 53.84500  0.00008  0.00006 
 53.94500  0.00021  0.00020 
 54.04500  0.00061  0.00065 
 54.14500  0.00175  0.00181 
 54.24500  0.00461  0.00466 
 54.34500  0.01104  0.01098 
 54.44500  0.02395  0.02370 
 54.54500  0.04750  0.04709 
 54.64500  0.08661  0.08612 
 54.74500  0.14576  0.14541 
 54.84500  0.22732  0.22733 
 54.94500  0.32978  0.33036 
 55.04500  0.44720  0.44821 
 55.14500  0.57198  0.57084 
 55.24500  0.68745  0.68696 
 55.34500  0.78691  0.78700 
 55.44500  0.86497  0.86536 
 55.54500  0.92074  0.92125 
 55.64500  0.95708  0.95749 
 55.74500  0.97864  0.97886 
 55.84500  0.99030  0.99035 
 55.94500  0.99600  0.99596 
 56.04500  0.99849  0.99846 
 56.14500  0.99947  0.99945 
 56.24500  0.99980  0.99982 
 56.34500  0.99991  0.99995 
 56.44500  0.99993  1.00000 
 56.54500  0.99995  1.00000 
 56.64500  0.99995  1.00000 
 56.74500  0.99999  1.00000 
 56.84500  0.99998  1.00000 
 56.94500  0.99998  1.00000 
 57.04500  0.99997  1.00000 
 57.14500  0.99998  1.00000 
 57.24500  0.99998  1.00000 
 57.34500  0.99998  1.00000 
 57.44500  0.99998  1.00000 
 57.54500  0.99998  1.00000 
 57.64500  0.99998  1.00000 
 57.74500  0.99998  1.00000 
 57.84500  0.99998  1.00000 
 57.94500  0.99998  1.00000 
 58.04500  0.99997  1.00000 
 58.14500  0.99997  1.00000 
 58.24500  0.99998  1.00000 
 58.34500  0.99998  1.00000 
 58.44500  0.99997  1.00000 
 58.54500  0.99995  1.00000 
 58.64500  0.99993  1.00000 
 58.74500  0.99991  0.99998 
 58.84500  0.99982  0.99987 
 58.94500  0.99959  0.99959 
 59.04500  0.99885  0.99881 
 59.14500  0.99683  0.99680 
 59.24500  0.99215  0.99220 
 59.34500  0.98233  0.98252 
 59.44500  0.96372  0.96408 
 59.54500  0.93158  0.93209 
 59.64500  0.88108  0.88156 
 59.74500  0.80877  0.80894 
 59.84500  0.71439  0.71405 
 59.94500  0.60219  0.60124 
 60.04500  0.47879  0.47918 
 60.14500  0.35834  0.35909 
 60.24500  0.25140  0.25155 
 60.34500  0.16422  0.16394 
 60.44500  0.09952  0.09903 
 60.54500  0.05572  0.05527 
 60.64500  0.02871  0.02841 
 60.74500  0.01354  0.01343 
 60.84500  0.00580  0.00584 
 60.94500  0.00224  0.00232 
 61.04500  0.00078  0.00086 
 61.14500  0.00027  0.00029 
 61.24500  0.00010  0.00009 
 61.34500  0.00005  0.00000 
 61.44500  0.00003  0.00000 
 61.54500  0.00002  0.00000 
 61.64500 -0.00000  0.00000 
 61.74500 -0.00001  0.00000 
 61.84500  0.00000  0.00000 
 61.94500  0.00001  0.00000 
 62.04500 -0.00000  0.00000 
 62.14500 -0.00001  0.00000 
 62.24500 -0.00000  0.00000 
 62.34500 -0.00001  0.00000 
 62.44500 -0.00000  0.00000 
 62.54500 -0.00000  0.00000 
 62.64500 -0.00000  0.00000 
 62.74500  0.00000  0.00000 
 62.84500  0.00001  0.00000 
 62.94500 -0.00000  0.00000 
 63.04500 -0.00000  0.00000 
 63.14500 -0.00000  0.00000 
 63.24500  0.00000  0.00000 
 63.34500  0.00000  0.00000 
 63.44500  0.00000  0.00000 
 63.54500  0.00000  0.00000 
 63.64500 -0.00000  0.00000 
 63.74500 -0.00000  0.00000 
 63.84500  0.00000  0.00000 
 63.94500  0.00000  0.00000 
 64.04500  0.00000  0.00000 
 64.14500 -0.00000  0.00000 
