  0.04500  0.99992  1.00000 
  0.14500  0.99992  1.00000 
  0.24500  0.99992  1.00000 
  0.34500  0.99992  1.00000 
  0.44500  0.99992  1.00000 
  0.54500  0.99992  1.00000 
  0.64500  0.99991  1.00000 
  0.74500  0.99991  1.00000 
  0.84500  0.99992  1.00000 
  0.94500  0.99991  1.00000 
  1.04500  0.99992  1.00000 
  1.14500  0.99992  1.00000 
  1.24500  0.99992  1.00000 
  1.34500  0.99992  1.00000 
  1.44500  0.99992  1.00000 
  1.54500  0.99991  1.00000 
  1.64500  0.99992  1.00000 
  1.74500  0.99991  1.00000 
  1.84500  0.99992  1.00000 
  1.94500  0.99992  1.00000 
  2.04500  0.99990  1.00000 
  2.14500  0.99992  1.00000 
  2.24500  0.99992  1.00000 
  2.34500  0.99991  1.00000 
  2.44500  0.99991  1.00000 
  2.54500  0.99992  1.00000 
  2.64500  0.99993  1.00000 
  2.74500  0.99992  1.00000 
  2.84500  0.99991  1.00000 
  2.94500  0.99992  1.00000 
  3.04500  0.99993  1.00000 
  3.14500  0.99993  1.00000 
  3.24500  0.99992  1.00000 
  3.34500  0.99986  1.00000 
  3.44500  0.99981  1.00000 
  3.54500  0.99978  1.00000 
  3.64500  0.99972  1.00000 
  3.74500  0.99969  0.99990 
  3.84500  0.99962  0.99966 
  3.94500  0.99910  0.99887 
  4.04500  0.99706  0.99658 
  4.14500  0.99128  0.99080 
  4.24500  0.97787  0.97782 
  4.34500  0.95117  0.95197 
  4.44500  0.90474  0.90626 
  4.54500  0.83338  0.83435 
  4.64500  0.73568  0.73404 
  4.74500  0.61625  0.60972 
  4.84500  0.46964  0.47296 
  4.94500  0.33487  0.33934 
  5.04500  0.22301  0.22340 
  5.14500  0.13542  0.13411 
  5.24500  0.07424  0.07302 
  5.34500  0.03630  0.03593 
  5.44500  0.01556  0.01590 
  5.54500  0.00573  0.00634 
  5.64500  0.00181  0.00225 
  5.74500  0.00053  0.00071 
  5.84500  0.00024  0.00020 
  5.94500  0.00023  0.00005 
  6.04500  0.00017  0.00000 
  6.14500  0.00014  0.00000 
  6.24500  0.00009  0.00000 
  6.34500  0.00002  0.00000 
  6.44500  0.00001  0.00000 
  6.54500 -0.00001  0.00000 
  6.64500  0.00001  0.00000 
  6.74500  0.00001  0.00000 
  6.84500  0.00003  0.00000 
  6.94500  0.00001  0.00000 
  7.04500  0.00000  0.00000 
  7.14500 -0.00001  0.00000 
  7.24500 -0.00001  0.00000 
  7.34500  0.00001  0.00000 
  7.44500  0.00006  0.00000 
  7.54500  0.00011  0.00000 
  7.64500  0.00016  0.00000 
  7.74500  0.00024  0.00000 
  7.84500  0.00024  0.00013 
  7.94500  0.00035  0.00042 
  8.04500  0.00106  0.00141 
  8.14500  0.00354  0.00410 
  8.24500  0.01028  0.01080 
  8.34500  0.02557  0.02555 
  8.44500  0.05523  0.05435 
  8.54500  0.10568  0.10424 
  8.64500  0.18170  0.18107 
  8.74500  0.28369  0.28609 
  8.84500  0.40600  0.41356 
  8.94500  0.55694  0.55094 
  9.04500  0.68597  0.68243 
  9.14500  0.79404  0.79416 
  9.24500  0.87700  0.87848 
  9.34500  0.93379  0.93496 
  9.44500  0.96829  0.96857 
  9.54500  0.98671  0.98633 
  9.64500  0.99517  0.99466 
  9.74500  0.99848  0.99814 
  9.84500  0.99949  0.99942 
  9.94500  0.99968  0.99984 
 10.04500  0.99968  0.99997 
 10.14500  0.99976  1.00000 
 10.24500  0.99979  1.00000 
 10.34500  0.99985  1.00000 
 10.44500  0.99990  1.00000 
 10.54500  0.99992  1.00000 
 10.64500  0.99993  1.00000 
 10.74500  0.99992  1.00000 
 10.84500  0.99991  1.00000 
 10.94500  0.99993  1.00000 
 11.04500  0.99994  1.00000 
 11.14500  0.99991  1.00000 
 11.24500  0.99992  1.00000 
 11.34500  0.99992  1.00000 
 11.44500  0.99993  1.00000 
 11.54500  0.99992  1.00000 
 11.64500  0.99988  1.00000 
 11.74500  0.99983  1.00000 
 11.84500  0.99979  1.00000 
 11.94500  0.99974  1.00000 
 12.04500  0.99971  0.99993 
 12.14500  0.99962  0.99972 
 12.24500  0.99921  0.99907 
 12.34500  0.99757  0.99713 
 12.44500  0.99266  0.99217 
 12.54500  0.98092  0.98077 
 12.64500  0.95695  0.95759 
 12.74500  0.91434  0.91574 
 12.84500  0.84743  0.84864 
 12.94500  0.75409  0.75306 
 13.04500  0.63775  0.63221 
 13.14500  0.49604  0.49652 
 13.24500  0.35586  0.36123 
 13.34500  0.24052  0.24146 
 13.44500  0.14852  0.14732 
 13.54500  0.08292  0.08158 
 13.64500  0.04137  0.04084 
 13.74500  0.01818  0.01842 
 13.84500  0.00688  0.00747 
 13.94500  0.00221  0.00273 
 14.04500  0.00066  0.00088 
 14.14500  0.00027  0.00026 
 14.24500  0.00024  0.00006 
 14.34500  0.00019  0.00000 
 14.44500  0.00015  0.00000 
 14.54500  0.00010  0.00000 
 14.64500  0.00003  0.00000 
 14.74500 -0.00000  0.00000 
 14.84500 -0.00001  0.00000 
 14.94500  0.00000  0.00000 
 15.04500  0.00000  0.00000 
 15.14500  0.00001  0.00000 
 15.24500  0.00000  0.00000 
 15.34500 -0.00001  0.00000 
 15.44500 -0.00000  0.00000 
 15.54500 -0.00000  0.00000 
 15.64500  0.00000  0.00000 
 15.74500  0.00000  0.00000 
 15.84500 -0.00000  0.00000 
 15.94500 -0.00000  0.00000 
 16.04500  0.00000  0.00000 
 16.14500  0.00001  0.00000 
 16.24500  0.00000  0.00000 
 16.34500 -0.00001  0.00000 
 16.44500 -0.00001  0.00000 
 16.54500  0.00000  0.00000 
 16.64500  0.00005  0.00000 
 16.74500  0.00008  0.00000 
 16.84500  0.00016  0.00000 
 16.94500  0.00020  0.00000 
 17.04500  0.00021  0.00008 
 17.14500  0.00028  0.00032 
 17.24500  0.00078  0.00108 
 17.34500  0.00266  0.00321 
 17.44500  0.00812  0.00869 
 17.54500  0.02094  0.02109 
 17.64500  0.04669  0.04600 
 17.74500  0.09174  0.09036 
 17.84500  0.16157  0.16058 
 17.94500  0.25778  0.25926 
 18.04500  0.37614  0.38240 
 18.14500  0.52113  0.51884 
 18.24500  0.65777  0.65310 
 18.34500  0.77090  0.77040 
 18.44500  0.86005  0.86138 
 18.54500  0.92276  0.92408 
 18.64500  0.96191  0.96242 
 18.74500  0.98347  0.98324 
 18.84500  0.99383  0.99328 
 18.94500  0.99799  0.99758 
 19.04500  0.99935  0.99923 
 19.14500  0.99964  0.99978 
 19.24500  0.99967  0.99995 
 19.34500  0.99975  1.00000 
 19.44500  0.99980  1.00000 
 19.54500  0.99983  1.00000 
 19.64500  0.99988  1.00000 
 19.74500  0.99992  1.00000 
 19.84500  0.99993  1.00000 
 19.94500  0.99992  1.00000 
 20.04500  0.99990  1.00000 
 20.14500  0.99991  1.00000 
 20.24500  0.99992  1.00000 
 20.34500  0.99993  1.00000 
 20.44500  0.99992  1.00000 
 20.54500  0.99992  1.00000 
 20.64500  0.99992  1.00000 
 20.74500  0.99992  1.00000 
 20.84500  0.99992  1.00000 
 20.94500  0.99992  1.00000 
 21.04500  0.99992  1.00000 
 21.14500  0.99991  1.00000 
 21.24500  0.99991  1.00000 
 21.34500  0.99993  1.00000 
 21.44500  0.99993  1.00000 
 21.54500  0.99990  1.00000 
 21.64500  0.99984  1.00000 
 21.74500  0.99979  1.00000 
 21.84500  0.99975  1.00000 
 21.94500  0.99969  0.99996 
 22.04500  0.99969  0.99982 
 22.14500  0.99941  0.99934 
 22.24500  0.99830  0.99793 
 22.34500  0.99466  0.99411 
 22.44500  0.98542  0.98512 
 22.54500  0.96572  0.96613 
 22.64500  0.92933  0.93061 
 22.74500  0.87011  0.87159 
 22.84500  0.78460  0.78449 
 22.94500  0.67440  0.67040 
 23.04500  0.54202  0.53767 
 23.14500  0.39358  0.40057 
 23.24500  0.27277  0.27480 
 23.34500  0.17317  0.17237 
 23.44500  0.09973  0.09830 
 23.54500  0.05154  0.05074 
 23.64500  0.02358  0.02362 
 23.74500  0.00934  0.00988 
 23.84500  0.00311  0.00371 
 23.94500  0.00093  0.00126 
 24.04500  0.00031  0.00037 
 24.14500  0.00023  0.00011 
 24.24500  0.00021  0.00000 
 24.34500  0.00015  0.00000 
 24.44500  0.00012  0.00000 
 24.54500  0.00006  0.00000 
 24.64500  0.00001  0.00000 
 24.74500 -0.00001  0.00000 
 24.84500 -0.00001  0.00000 
 24.94500 -0.00000  0.00000 
 25.04500  0.00002  0.00000 
 25.14500  0.00001  0.00000 
 25.24500 -0.00001  0.00000 
 25.34500 -0.00000  0.00000 
 25.44500  0.00001  0.00000 
 25.54500 -0.00000  0.00000 
 25.64500 -0.00001  0.00000 
 25.74500 -0.00001  0.00000 
 25.84500  0.00001  0.00000 
 25.94500  0.00001  0.00000 
 26.04500 -0.00001  0.00000 
 26.14500 -0.00000  0.00000 
 26.24500 -0.00000  0.00000 
 26.34500  0.00004  0.00000 
 26.44500  0.00009  0.00000 
 26.54500  0.00015  0.00000 
 26.64500  0.00019  0.00000 
 26.74500  0.00021  0.00008 
 26.84500  0.00030  0.00030 
 26.94500  0.00073  0.00102 
 27.04500  0.00257  0.00310 
 27.14500  0.00784  0.00844 
 27.24500  0.02034  0.02054 
 27.34500  0.04559  0.04492 
 27.44500  0.08988  0.08855 
 27.54500  0.15889  0.15786 
 27.64500  0.25424  0.25563 
 27.74500  0.37206  0.37812 
 27.84500  0.51611  0.51437 
 27.94500  0.65382  0.64895 
 28.04500  0.76759  0.76699 
 28.14500  0.85756  0.85889 
 28.24500  0.92110  0.92247 
 28.34500  0.96096  0.96148 
 28.44500  0.98301  0.98277 
 28.54500  0.99359  0.99308 
 28.64500  0.99793  0.99752 
 28.74500  0.99934  0.99920 
 28.84500  0.99965  0.99977 
 28.94500  0.99969  0.99994 
 29.04500  0.99974  1.00000 
 29.14500  0.99978  1.00000 
 29.24500  0.99982  1.00000 
 29.34500  0.99989  1.00000 
 29.44500  0.99992  1.00000 
 29.54500  0.99993  1.00000 
 29.64500  0.99991  1.00000 
 29.74500  0.99991  1.00000 
 29.84500  0.99991  1.00000 
 29.94500  0.99993  1.00000 
 30.04500  0.99991  1.00000 
 30.14500  0.99990  1.00000 
 30.24500  0.99992  1.00000 
 30.34500  0.99993  1.00000 
 30.44500  0.99992  1.00000 
 30.54500  0.99988  1.00000 
 30.64500  0.99985  1.00000 
 30.74500  0.99981  1.00000 
 30.84500  0.99976  1.00000 
 30.94500  0.99969  0.99996 
 31.04500  0.99965  0.99981 
 31.14500  0.99942  0.99931 
 31.24500  0.99823  0.99786 
 31.34500  0.99446  0.99394 
 31.44500  0.98496  0.98469 
 31.54500  0.96485  0.96527 
 31.64500  0.92784  0.92908 
 31.74500  0.86779  0.86921 
 31.84500  0.78140  0.78121 
 31.94500  0.67046  0.66631 
 32.04500  0.53722  0.53321 
 32.14500  0.38941  0.39622 
 32.24500  0.26920  0.27108 
 32.34500  0.17038  0.16954 
 32.44500  0.09782  0.09639 
 32.54500  0.05035  0.04959 
 32.64500  0.02295  0.02299 
 32.74500  0.00904  0.00959 
 32.84500  0.00304  0.00358 
 32.94500  0.00089  0.00122 
 33.04500  0.00030  0.00036 
 33.14500  0.00023  0.00010 
 33.24500  0.00023  0.00000 
 33.34500  0.00017  0.00000 
 33.44500  0.00009  0.00000 
 33.54500  0.00005  0.00000 
 33.64500  0.00001  0.00000 
 33.74500 -0.00001  0.00000 
 33.84500 -0.00000  0.00000 
 33.94500 -0.00000  0.00000 
 34.04500  0.00001  0.00000 
 34.14500 -0.00001  0.00000 
 34.24500 -0.00001  0.00000 
 34.34500 -0.00001  0.00000 
 34.44500 -0.00001  0.00000 
 34.54500 -0.00000  0.00000 
 34.64500  0.00002  0.00000 
 34.74500 -0.00001  0.00000 
 34.84500 -0.00001  0.00000 
 34.94500 -0.00000  0.00000 
 35.04500  0.00001  0.00000 
 35.14500  0.00006  0.00000 
 35.24500  0.00012  0.00000 
 35.34500  0.00015  0.00000 
 35.44500  0.00020  0.00001 
 35.54500  0.00024  0.00013 
 35.64500  0.00037  0.00043 
 35.74500  0.00107  0.00144 
 35.84500  0.00365  0.00424 
 35.94500  0.01061  0.01114 
 36.04500  0.02629  0.02622 
 36.14500  0.05649  0.05559 
 36.24500  0.10773  0.10631 
 36.34500  0.18459  0.18404 
 36.44500  0.28734  0.28994 
 36.54500  0.41016  0.41795 
 36.64500  0.56201  0.55538 
 36.74500  0.68976  0.68642 
 36.84500  0.79710  0.79735 
 36.94500  0.87922  0.88072 
 37.04500  0.93520  0.93639 
 37.14500  0.96907  0.96938 
 37.24500  0.98707  0.98672 
 37.34500  0.99533  0.99484 
 37.44500  0.99853  0.99820 
 37.54500  0.99945  0.99945 
 37.64500  0.99966  0.99984 
 37.74500  0.99968  0.99997 
 37.84500  0.99974  1.00000 
 37.94500  0.99978  1.00000 
 38.04500  0.99984  1.00000 
 38.14500  0.99990  1.00000 
 38.24500  0.99991  1.00000 
 38.34500  0.99992  1.00000 
 38.44500  0.99991  1.00000 
 38.54500  0.99989  1.00000 
 38.64500  0.99992  1.00000 
 38.74500  0.99991  1.00000 
 38.84500  0.99992  1.00000 
 38.94500  0.99991  1.00000 
 39.04500  0.99992  1.00000 
 39.14500  0.99989  1.00000 
 39.24500  0.99991  1.00000 
 39.34500  0.99992  1.00000 
 39.44500  0.99992  1.00000 
 39.54500  0.99989  1.00000 
 39.64500  0.99984  1.00000 
 39.74500  0.99978  1.00000 
 39.84500  0.99977  1.00000 
 39.94500  0.99966  0.99996 
 40.04500  0.99965  0.99982 
 40.14500  0.99940  0.99938 
 40.24500  0.99831  0.99799 
 40.34500  0.99478  0.99425 
 40.44500  0.98573  0.98543 
 40.54500  0.96639  0.96679 
 40.64500  0.93049  0.93171 
 40.74500  0.87191  0.87335 
 40.84500  0.78699  0.78695 
 40.94500  0.67731  0.67345 
 41.04500  0.54583  0.54104 
 41.14500  0.39674  0.40384 
 41.24500  0.27552  0.27765 
 41.34500  0.17529  0.17457 
 41.44500  0.10122  0.09979 
 41.54500  0.05249  0.05163 
 41.64500  0.02406  0.02409 
 41.74500  0.00958  0.01011 
 41.84500  0.00323  0.00381 
 41.94500  0.00094  0.00128 
 42.04500  0.00034  0.00038 
 42.14500  0.00023  0.00012 
 42.24500  0.00021  0.00000 
 42.34500  0.00014  0.00000 
 42.44500  0.00010  0.00000 
 42.54500  0.00006  0.00000 
 42.64500  0.00001  0.00000 
 42.74500 -0.00002  0.00000 
 42.84500 -0.00002  0.00000 
 42.94500 -0.00000  0.00000 
 43.04500  0.00001  0.00000 
 43.14500 -0.00000  0.00000 
 43.24500 -0.00001  0.00000 
 43.34500 -0.00001  0.00000 
 43.44500 -0.00001  0.00000 
 43.54500 -0.00001  0.00000 
 43.64500  0.00001  0.00000 
 43.74500 -0.00000  0.00000 
 43.84500 -0.00001  0.00000 
 43.94500 -0.00001  0.00000 
 44.04500  0.00000  0.00000 
 44.14500  0.00004  0.00000 
 44.24500  0.00010  0.00000 
 44.34500  0.00016  0.00000 
 44.44500  0.00023  0.00000 
 44.54500  0.00024  0.00012 
 44.64500  0.00034  0.00041 
 44.74500  0.00100  0.00136 
 44.84500  0.00341  0.00403 
 44.94500  0.01005  0.01058 
 45.04500  0.02506  0.02505 
 45.14500  0.05429  0.05342 
 45.24500  0.10419  0.10271 
 45.34500  0.17953  0.17884 
 45.44500  0.28087  0.28323 
 45.54500  0.40282  0.41027 
 45.64500  0.55329  0.54758 
 45.74500  0.68304  0.67940 
 45.84500  0.79166  0.79175 
 45.94500  0.87529  0.87676 
 46.04500  0.93269  0.93388 
 46.14500  0.96765  0.96797 
 46.24500  0.98639  0.98603 
 46.34500  0.99504  0.99455 
 46.44500  0.99846  0.99809 
 46.54500  0.99946  0.99939 
 46.64500  0.99966  0.99983 
 46.74500  0.99969  0.99997 
 46.84500  0.99976  1.00000 
 46.94500  0.99980  1.00000 
 47.04500  0.99984  1.00000 
 47.14500  0.99990  1.00000 
 47.24500  0.99993  1.00000 
 47.34500  0.99992  1.00000 
 47.44500  0.99992  1.00000 
 47.54500  0.99990  1.00000 
 47.64500  0.99992  1.00000 
 47.74500  0.99992  1.00000 
 47.84500  0.99992  1.00000 
 47.94500  0.99992  1.00000 
 48.04500  0.99992  1.00000 
 48.14500  0.99992  1.00000 
 48.24500  0.99992  1.00000 
 48.34500  0.99992  1.00000 
 48.44500  0.99992  1.00000 
 48.54500  0.99991  1.00000 
 48.64500  0.99991  1.00000 
 48.74500  0.99992  1.00000 
 48.84500  0.99993  1.00000 
 48.94500  0.99992  1.00000 
 49.04500  0.99987  1.00000 
 49.14500  0.99984  1.00000 
 49.24500  0.99978  1.00000 
 49.34500  0.99972  1.00000 
 49.44500  0.99970  0.99994 
 49.54500  0.99966  0.99976 
 49.64500  0.99930  0.99914 
 49.74500  0.99781  0.99740 
 49.84500  0.99331  0.99283 
 49.94500  0.98236  0.98218 
 50.04500  0.95972  0.96034 
 50.14500  0.91904  0.92044 
 50.24500  0.85449  0.85578 
 50.34500  0.76345  0.76273 
 50.44500  0.64889  0.64384 
 50.54500  0.50981  0.50888 
 50.64500  0.36705  0.37289 
 50.74500  0.25001  0.25122 
 50.84500  0.15564  0.15456 
 50.94500  0.08774  0.08634 
 51.04500  0.04426  0.04365 
 51.14500  0.01970  0.01987 
 51.24500  0.00754  0.00815 
 51.34500  0.00248  0.00299 
 51.44500  0.00071  0.00098 
 51.54500  0.00028  0.00029 
 51.64500  0.00025  0.00007 
 51.74500  0.00020  0.00000 
 51.84500  0.00012  0.00000 
 51.94500  0.00009  0.00000 
 52.04500  0.00004  0.00000 
 52.14500 -0.00002  0.00000 
 52.24500 -0.00001  0.00000 
 52.34500 -0.00002  0.00000 
 52.44500 -0.00000  0.00000 
 52.54500  0.00001  0.00000 
 52.64500 -0.00000  0.00000 
 52.74500 -0.00001  0.00000 
 52.84500 -0.00002  0.00000 
 52.94500 -0.00001  0.00000 
 53.04500 -0.00001  0.00000 
 53.14500  0.00002  0.00000 
 53.24500 -0.00000  0.00000 
 53.34500 -0.00002  0.00000 
 53.44500 -0.00000  0.00000 
 53.54500  0.00001  0.00000 
 53.64500  0.00007  0.00000 
 53.74500  0.00012  0.00000 
 53.84500  0.00016  0.00000 
 53.94500  0.00022  0.00003 
 54.04500  0.00025  0.00016 
 54.14500  0.00043  0.00055 
 54.24500  0.00135  0.00177 
 54.34500  0.00447  0.00507 
 54.44500  0.01261  0.01306 
 54.54500  0.03035  0.03016 
 54.64500  0.06386  0.06277 
 54.74500  0.11935  0.11792 
 54.84500  0.20095  0.20075 
 54.94500  0.30781  0.31119 
 55.04500  0.43480  0.44194 
 55.14500  0.58723  0.57941 
 55.24500  0.71032  0.70774 
 55.34500  0.81354  0.81414 
 55.44500  0.89095  0.89246 
 55.54500  0.94265  0.94365 
 55.64500  0.97324  0.97337 
 55.74500  0.98909  0.98867 
 55.84500  0.99618  0.99567 
 55.94500  0.99882  0.99852 
 56.04500  0.99953  0.99954 
 56.14500  0.99969  0.99987 
 56.24500  0.99970  0.99999 
 56.34500  0.99977  1.00000 
 56.44500  0.99980  1.00000 
 56.54500  0.99986  1.00000 
 56.64500  0.99989  1.00000 
 56.74500  0.99994  1.00000 
 56.84500  0.99993  1.00000 
 56.94500  0.99991  1.00000 
 57.04500  0.99990  1.00000 
 57.14500  0.99992  1.00000 
 57.24500  0.99992  1.00000 
 57.34500  0.99992  1.00000 
 57.44500  0.99992  1.00000 
 57.54500  0.99992  1.00000 
 57.64500  0.99992  1.00000 
 57.74500  0.99992  1.00000 
 57.84500  0.99992  1.00000 
 57.94500  0.99991  1.00000 
 58.04500  0.99990  1.00000 
 58.14500  0.99991  1.00000 
 58.24500  0.99992  1.00000 
 58.34500  0.99993  1.00000 
 58.44500  0.99992  1.00000 
 58.54500  0.99987  1.00000 
 58.64500  0.99981  1.00000 
 58.74500  0.99977  1.00000 
 58.84500  0.99970  1.00000 
 58.94500  0.99969  0.99991 
 59.04500  0.99962  0.99967 
 59.14500  0.99908  0.99888 
 59.24500  0.99712  0.99667 
 59.34500  0.99151  0.99103 
 59.44500  0.97837  0.97830 
 59.54500  0.95210  0.95290 
 59.64500  0.90628  0.90778 
 59.74500  0.83562  0.83666 
 59.84500  0.73862  0.73707 
 59.94500  0.61966  0.61330 
 60.04500  0.47388  0.47666 
 60.14500  0.33816  0.34274 
 60.24500  0.22573  0.22618 
 60.34500  0.13743  0.13611 
 60.44500  0.07558  0.07433 
 60.54500  0.03707  0.03666 
 60.64500  0.01595  0.01630 
 60.74500  0.00588  0.00651 
 60.84500  0.00184  0.00232 
 60.94500  0.00054  0.00075 
 61.04500  0.00026  0.00021 
 61.14500  0.00023  0.00005 
 61.24500  0.00018  0.00000 
 61.34500  0.00012  0.00000 
 61.44500  0.00008  0.00000 
 61.54500  0.00003  0.00000 
 61.64500 -0.00002  0.00000 
 61.74500 -0.00002  0.00000 
 61.84500  0.00000  0.00000 
 61.94500  0.00002  0.00000 
 62.04500 -0.00001  0.00000 
 62.14500 -0.00001  0.00000 
 62.24500 -0.00001  0.00000 
 62.34500 -0.00001  0.00000 
 62.44500  0.00001  0.00000 
 62.54500  0.00000  0.00000 
 62.64500 -0.00000  0.00000 
 62.74500  0.00001  0.00000 
 62.84500  0.00001  0.00000 
 62.94500 -0.00001  0.00000 
 63.04500  0.00000  0.00000 
 63.14500  0.00001  0.00000 
 63.24500  0.00000  0.00000 
 63.34500  0.00001  0.00000 
 63.44500  0.00000  0.00000 
 63.54500  0.00000  0.00000 
 63.64500  0.00000  0.00000 
 63.74500  0.00000  0.00000 
 63.84500  0.00000  0.00000 
 63.94500  0.00000  0.00000 
 64.04500  0.00000  0.00000 
 64.14500  0.00000  0.00000 
