  0.04500  0.99999  1.00000 
  0.14500  0.99999  1.00000 
  0.24500  0.99999  1.00000 
  0.34500  0.99999  1.00000 
  0.44500  0.99999  1.00000 
  0.54500  0.99999  1.00000 
  0.64500  0.99999  1.00000 
  0.74500  0.99999  1.00000 
  0.84500  0.99999  1.00000 
  0.94500  0.99999  1.00000 
  1.04500  0.99999  1.00000 
  1.14500  0.99999  1.00000 
  1.24500  0.99999  1.00000 
  1.34500  0.99999  1.00000 
  1.44500  0.99999  1.00000 
  1.54500  0.99999  1.00000 
  1.64500  0.99999  1.00000 
  1.74500  0.99999  1.00000 
  1.84500  0.99999  1.00000 
  1.94500  0.99999  1.00000 
  2.04500  0.99999  1.00000 
  2.14500  0.99999  1.00000 
  2.24500  0.99998  1.00000 
  2.34500  1.00000  1.00000 
  2.44500  0.99999  1.00000 
  2.54500  0.99999  1.00000 
  2.64500  0.99998  1.00000 
  2.74500  0.99998  1.00000 
  2.84500  0.99999  1.00000 
  2.94500  0.99999  1.00000 
  3.04500  0.99999  1.00000 
  3.14500  1.00000  1.00000 
  3.24500  1.00000  1.00000 
  3.34500  1.00002  1.00000 
  3.44500  0.99999  0.99992 
  3.54500  0.99986  0.99979 
  3.64500  0.99944  0.99941 
  3.74500  0.99845  0.99852 
  3.84500  0.99628  0.99650 
  3.94500  0.99197  0.99228 
  4.04500  0.98387  0.98409 
  4.14500  0.96961  0.96935 
  4.24500  0.94588  0.94481 
  4.34500  0.90877  0.90683 
  4.44500  0.85448  0.85232 
  4.54500  0.78056  0.77974 
  4.64500  0.68736  0.69015 
  4.74500  0.57902  0.58753 
  4.84500  0.48264  0.47855 
  4.94500  0.37714  0.37112 
  5.04500  0.27402  0.27293 
  5.14500  0.18810  0.18969 
  5.24500  0.12199  0.12422 
  5.34500  0.07482  0.07648 
  5.44500  0.04344  0.04416 
  5.54500  0.02386  0.02388 
  5.64500  0.01236  0.01208 
  5.74500  0.00599  0.00572 
  5.84500  0.00266  0.00253 
  5.94500  0.00105  0.00106 
  6.04500  0.00032  0.00039 
  6.14500  0.00006  0.00014 
  6.24500 -0.00003  0.00004 
  6.34500 -0.00003  0.00000 
  6.44500 -0.00001  0.00000 
  6.54500 -0.00001  0.00000 
  6.64500 -0.00001  0.00000 
  6.74500 -0.00000  0.00000 
  6.84500 -0.00001  0.00000 
  6.94500 -0.00001  0.00000 
  7.04500 -0.00001  0.00000 
  7.14500 -0.00001  0.00000 
  7.24500 -0.00001  0.00000 
  7.34500 -0.00002  0.00000 
  7.44500 -0.00003  0.00000 
  7.54500  0.00001  0.00010 
  7.64500  0.00017  0.00027 
  7.74500  0.00065  0.00068 
  7.84500  0.00181  0.00173 
  7.94500  0.00425  0.00403 
  8.04500  0.00911  0.00880 
  8.14500  0.01807  0.01791 
  8.24500  0.03370  0.03410 
  8.34500  0.05948  0.06072 
  8.44500  0.09932  0.10141 
  8.54500  0.15691  0.15900 
  8.64500  0.23432  0.23469 
  8.74500  0.33054  0.32690 
  8.84500  0.44073  0.43118 
  8.94500  0.53290  0.54051 
  9.04500  0.64177  0.64682 
  9.14500  0.74227  0.74272 
  9.24500  0.82483  0.82299 
  9.34500  0.88748  0.88531 
  9.44500  0.93163  0.93015 
  9.54500  0.96069  0.96010 
  9.64500  0.97860  0.97867 
  9.74500  0.98904  0.98933 
  9.84500  0.99475  0.99501 
  9.94500  0.99770  0.99784 
 10.04500  0.99911  0.99911 
 10.14500  0.99973  0.99967 
 10.24500  0.99995  0.99988 
 10.34500  1.00001  0.99998 
 10.44500  1.00002  1.00000 
 10.54500  1.00000  1.00000 
 10.64500  1.00000  1.00000 
 10.74500  0.99999  1.00000 
 10.84500  0.99999  1.00000 
 10.94500  0.99998  1.00000 
 11.04500  0.99998  1.00000 
 11.14500  0.99999  1.00000 
 11.24500  0.99999  1.00000 
 11.34500  0.99999  1.00000 
 11.44500  1.00000  1.00000 
 11.54500  1.00000  1.00000 
 11.64500  1.00001  1.00000 
 11.74500  1.00000  0.99994 
 11.84500  0.99989  0.99983 
 11.94500  0.99954  0.99950 
 12.04500  0.99868  0.99873 
 12.14500  0.99678  0.99696 
 12.24500  0.99291  0.99322 
 12.34500  0.98563  0.98588 
 12.44500  0.97261  0.97248 
 12.54500  0.95077  0.94987 
 12.64500  0.91623  0.91440 
 12.74500  0.86509  0.86287 
 12.84500  0.79458  0.79339 
 12.94500  0.70451  0.70650 
 13.04500  0.59832  0.60571 
 13.14500  0.49784  0.49722 
 13.24500  0.39607  0.38899 
 13.34500  0.29053  0.28875 
 13.44500  0.20138  0.20268 
 13.54500  0.13188  0.13414 
 13.64500  0.08166  0.08345 
 13.74500  0.04784  0.04873 
 13.84500  0.02654  0.02666 
 13.94500  0.01389  0.01364 
 14.04500  0.00681  0.00651 
 14.14500  0.00308  0.00291 
 14.24500  0.00125  0.00120 
 14.34500  0.00042  0.00047 
 14.44500  0.00007  0.00017 
 14.54500 -0.00002  0.00006 
 14.64500 -0.00002  0.00000 
 14.74500 -0.00002  0.00000 
 14.84500 -0.00001  0.00000 
 14.94500 -0.00001  0.00000 
 15.04500 -0.00000  0.00000 
 15.14500 -0.00001  0.00000 
 15.24500 -0.00000  0.00000 
 15.34500  0.00000  0.00000 
 15.44500 -0.00001  0.00000 
 15.54500 -0.00000  0.00000 
 15.64500 -0.00001  0.00000 
 15.74500 -0.00000  0.00000 
 15.84500 -0.00001  0.00000 
 15.94500  0.00000  0.00000 
 16.04500  0.00000  0.00000 
 16.14500 -0.00000  0.00000 
 16.24500 -0.00000  0.00000 
 16.34500 -0.00001  0.00000 
 16.44500 -0.00001  0.00000 
 16.54500 -0.00002  0.00000 
 16.64500 -0.00003  0.00000 
 16.74500 -0.00001  0.00007 
 16.84500  0.00012  0.00020 
 16.94500  0.00051  0.00055 
 17.04500  0.00146  0.00141 
 17.14500  0.00353  0.00333 
 17.24500  0.00767  0.00738 
 17.34500  0.01548  0.01527 
 17.44500  0.02930  0.02952 
 17.54500  0.05236  0.05338 
 17.64500  0.08857  0.09048 
 17.74500  0.14175  0.14396 
 17.84500  0.21451  0.21544 
 17.94500  0.30661  0.30412 
 18.04500  0.41419  0.40614 
 18.14500  0.51203  0.51497 
 18.24500  0.61629  0.62270 
 18.34500  0.72029  0.72162 
 18.44500  0.80733  0.80585 
 18.54500  0.87461  0.87238 
 18.64500  0.92284  0.92116 
 18.74500  0.95504  0.95429 
 18.84500  0.97522  0.97517 
 18.94500  0.98711  0.98740 
 19.04500  0.99372  0.99401 
 19.14500  0.99718  0.99734 
 19.24500  0.99888  0.99891 
 19.34500  0.99962  0.99958 
 19.44500  0.99992  0.99985 
 19.54500  1.00001  0.99995 
 19.64500  1.00002  1.00000 
 19.74500  1.00000  1.00000 
 19.84500  1.00000  1.00000 
 19.94500  0.99999  1.00000 
 20.04500  0.99999  1.00000 
 20.14500  0.99999  1.00000 
 20.24500  0.99998  1.00000 
 20.34500  0.99998  1.00000 
 20.44500  0.99999  1.00000 
 20.54500  0.99999  1.00000 
 20.64500  0.99999  1.00000 
 20.74500  0.99999  1.00000 
 20.84500  0.99999  1.00000 
 20.94500  0.99999  1.00000 
 21.04500  0.99998  1.00000 
 21.14500  0.99999  1.00000 
 21.24500  0.99999  1.00000 
 21.34500  0.99999  1.00000 
 21.44500  0.99999  1.00000 
 21.54500  1.00001  1.00000 
 21.64500  1.00001  0.99997 
 21.74500  0.99994  0.99987 
 21.84500  0.99969  0.99963 
 21.94500  0.99901  0.99903 
 22.04500  0.99749  0.99765 
 22.14500  0.99434  0.99461 
 22.24500  0.98827  0.98858 
 22.34500  0.97727  0.97727 
 22.44500  0.95843  0.95777 
 22.54500  0.92809  0.92651 
 22.64500  0.88227  0.88007 
 22.74500  0.81770  0.81602 
 22.84500  0.73328  0.73407 
 22.94500  0.63127  0.63689 
 23.04500  0.52439  0.52992 
 23.14500  0.42964  0.42074 
 23.24500  0.32051  0.31738 
 23.34500  0.22596  0.22659 
 23.44500  0.15050  0.15263 
 23.54500  0.09475  0.09676 
 23.64500  0.05644  0.05760 
 23.74500  0.03182  0.03212 
 23.84500  0.01696  0.01678 
 23.94500  0.00849  0.00819 
 24.04500  0.00395  0.00373 
 24.14500  0.00166  0.00158 
 24.24500  0.00059  0.00062 
 24.34500  0.00015  0.00024 
 24.44500 -0.00000  0.00009 
 24.54500 -0.00003  0.00000 
 24.64500 -0.00002  0.00000 
 24.74500 -0.00000  0.00000 
 24.84500 -0.00001  0.00000 
 24.94500 -0.00000  0.00000 
 25.04500 -0.00000  0.00000 
 25.14500  0.00000  0.00000 
 25.24500  0.00001  0.00000 
 25.34500 -0.00000  0.00000 
 25.44500  0.00000  0.00000 
 25.54500 -0.00000  0.00000 
 25.64500  0.00001  0.00000 
 25.74500  0.00001  0.00000 
 25.84500 -0.00001  0.00000 
 25.94500  0.00000  0.00000 
 26.04500 -0.00000  0.00000 
 26.14500 -0.00001  0.00000 
 26.24500 -0.00002  0.00000 
 26.34500 -0.00003  0.00000 
 26.44500 -0.00000  0.00007 
 26.54500  0.00011  0.00019 
 26.64500  0.00048  0.00053 
 26.74500  0.00142  0.00139 
 26.84500  0.00344  0.00325 
 26.94500  0.00750  0.00721 
 27.04500  0.01516  0.01493 
 27.14500  0.02872  0.02890 
 27.24500  0.05143  0.05243 
 27.34500  0.08714  0.08905 
 27.44500  0.13973  0.14193 
 27.54500  0.21182  0.21284 
 27.64500  0.30335  0.30099 
 27.74500  0.41055  0.40266 
 27.84500  0.50921  0.51138 
 27.94500  0.61271  0.61930 
 28.04500  0.71714  0.71861 
 28.14500  0.80482  0.80338 
 28.24500  0.87276  0.87052 
 28.34500  0.92155  0.91983 
 28.44500  0.95421  0.95342 
 28.54500  0.97472  0.97464 
 28.64500  0.98683  0.98711 
 28.74500  0.99358  0.99387 
 28.84500  0.99711  0.99727 
 28.94500  0.99883  0.99887 
 29.04500  0.99962  0.99956 
 29.14500  0.99992  0.99985 
 29.24500  1.00001  0.99995 
 29.34500  1.00001  1.00000 
 29.44500  1.00001  1.00000 
 29.54500  1.00000  1.00000 
 29.64500  0.99999  1.00000 
 29.74500  0.99999  1.00000 
 29.84500  0.99999  1.00000 
 29.94500  0.99998  1.00000 
 30.04500  0.99998  1.00000 
 30.14500  0.99999  1.00000 
 30.24500  0.99999  1.00000 
 30.34500  1.00000  1.00000 
 30.44500  1.00000  1.00000 
 30.54500  1.00002  1.00000 
 30.64500  1.00001  0.99996 
 30.74500  0.99993  0.99986 
 30.84500  0.99968  0.99962 
 30.94500  0.99898  0.99901 
 31.04500  0.99743  0.99756 
 31.14500  0.99420  0.99448 
 31.24500  0.98801  0.98830 
 31.34500  0.97679  0.97680 
 31.44500  0.95766  0.95698 
 31.54500  0.92688  0.92526 
 31.64500  0.88049  0.87828 
 31.74500  0.81527  0.81362 
 31.84500  0.73021  0.73114 
 31.94500  0.62776  0.63353 
 32.04500  0.52129  0.52639 
 32.14500  0.42601  0.41726 
 32.24500  0.31719  0.31420 
 32.34500  0.22321  0.22391 
 32.44500  0.14839  0.15054 
 32.54500  0.09325  0.09524 
 32.64500  0.05546  0.05657 
 32.74500  0.03120  0.03149 
 32.84500  0.01661  0.01641 
 32.94500  0.00829  0.00799 
 33.04500  0.00384  0.00362 
 33.14500  0.00159  0.00154 
 33.24500  0.00057  0.00061 
 33.34500  0.00013  0.00022 
 33.44500 -0.00000  0.00008 
 33.54500 -0.00002  0.00000 
 33.64500 -0.00003  0.00000 
 33.74500 -0.00001  0.00000 
 33.84500 -0.00001  0.00000 
 33.94500 -0.00000  0.00000 
 34.04500 -0.00000  0.00000 
 34.14500  0.00000  0.00000 
 34.24500  0.00000  0.00000 
 34.34500 -0.00000  0.00000 
 34.44500  0.00000  0.00000 
 34.54500  0.00000  0.00000 
 34.64500 -0.00000  0.00000 
 34.74500  0.00000  0.00000 
 34.84500 -0.00000  0.00000 
 34.94500 -0.00000  0.00000 
 35.04500 -0.00002  0.00000 
 35.14500 -0.00003  0.00000 
 35.24500  0.00002  0.00010 
 35.34500  0.00019  0.00027 
 35.44500  0.00069  0.00071 
 35.54500  0.00186  0.00180 
 35.64500  0.00438  0.00415 
 35.74500  0.00932  0.00902 
 35.84500  0.01846  0.01832 
 35.94500  0.03438  0.03477 
 36.04500  0.06055  0.06181 
 36.14500  0.10089  0.10299 
 36.24500  0.15911  0.16117 
 36.34500  0.23716  0.23743 
 36.44500  0.33395  0.33015 
 36.54500  0.44446  0.43467 
 36.64500  0.53564  0.54401 
 36.74500  0.64526  0.65013 
 36.84500  0.74525  0.74559 
 36.94500  0.82717  0.82530 
 37.04500  0.88920  0.88702 
 37.14500  0.93279  0.93135 
 37.24500  0.96142  0.96088 
 37.34500  0.97905  0.97914 
 37.44500  0.98929  0.98960 
 37.54500  0.99489  0.99513 
 37.64500  0.99778  0.99790 
 37.74500  0.99914  0.99914 
 37.84500  0.99975  0.99968 
 37.94500  0.99996  0.99988 
 38.04500  1.00002  0.99998 
 38.14500  1.00002  1.00000 
 38.24500  1.00000  1.00000 
 38.34500  1.00001  1.00000 
 38.44500  1.00000  1.00000 
 38.54500  1.00000  1.00000 
 38.64500  0.99999  1.00000 
 38.74500  0.99999  1.00000 
 38.84500  1.00000  1.00000 
 38.94500  1.00000  1.00000 
 39.04500  0.99999  1.00000 
 39.14500  1.00000  1.00000 
 39.24500  1.00000  1.00000 
 39.34500  1.00001  1.00000 
 39.44500  1.00000  1.00000 
 39.54500  1.00002  1.00000 
 39.64500  1.00002  0.99997 
 39.74500  0.99995  0.99987 
 39.84500  0.99971  0.99965 
 39.94500  0.99904  0.99904 
 40.04500  0.99757  0.99768 
 40.14500  0.99446  0.99471 
 40.24500  0.98847  0.98876 
 40.34500  0.97762  0.97765 
 40.44500  0.95901  0.95839 
 40.54500  0.92901  0.92746 
 40.64500  0.88362  0.88141 
 40.74500  0.81952  0.81781 
 40.84500  0.73556  0.73629 
 40.94500  0.63394  0.63940 
 41.04500  0.52649  0.53259 
 41.14500  0.43244  0.42335 
 41.24500  0.32305  0.31978 
 41.34500  0.22808  0.22862 
 41.44500  0.15212  0.15423 
 41.54500  0.09590  0.09792 
 41.64500  0.05721  0.05836 
 41.74500  0.03230  0.03260 
 41.84500  0.01724  0.01705 
 41.94500  0.00864  0.00834 
 42.04500  0.00403  0.00381 
 42.14500  0.00169  0.00161 
 42.24500  0.00062  0.00065 
 42.34500  0.00016  0.00024 
 42.44500  0.00001  0.00009 
 42.54500 -0.00003  0.00000 
 42.64500 -0.00002  0.00000 
 42.74500 -0.00000  0.00000 
 42.84500 -0.00001  0.00000 
 42.94500  0.00000  0.00000 
 43.04500  0.00000  0.00000 
 43.14500  0.00000  0.00000 
 43.24500  0.00001  0.00000 
 43.34500  0.00000  0.00000 
 43.44500  0.00001  0.00000 
 43.54500  0.00000  0.00000 
 43.64500 -0.00000  0.00000 
 43.74500 -0.00000  0.00000 
 43.84500 -0.00001  0.00000 
 43.94500 -0.00001  0.00000 
 44.04500 -0.00003  0.00000 
 44.14500 -0.00001  0.00000 
 44.24500  0.00000  0.00009 
 44.34500  0.00016  0.00025 
 44.44500  0.00064  0.00068 
 44.54500  0.00177  0.00168 
 44.64500  0.00418  0.00395 
 44.74500  0.00893  0.00866 
 44.84500  0.01779  0.01762 
 44.94500  0.03323  0.03359 
 45.04500  0.05871  0.05991 
 45.14500  0.09815  0.10021 
 45.24500  0.15527  0.15737 
 45.34500  0.23219  0.23262 
 45.44500  0.32799  0.32449 
 45.54500  0.43794  0.42852 
 45.64500  0.53060  0.53783 
 45.74500  0.63913  0.64430 
 45.84500  0.74001  0.74055 
 45.94500  0.82304  0.82125 
 46.04500  0.88617  0.88401 
 46.14500  0.93075  0.92925 
 46.24500  0.96013  0.95954 
 46.34500  0.97827  0.97833 
 46.44500  0.98886  0.98914 
 46.54500  0.99467  0.99492 
 46.64500  0.99764  0.99777 
 46.74500  0.99907  0.99910 
 46.84500  0.99973  0.99966 
 46.94500  0.99994  0.99987 
 47.04500  1.00002  0.99997 
 47.14500  1.00002  1.00000 
 47.24500  1.00000  1.00000 
 47.34500  1.00000  1.00000 
 47.44500  1.00000  1.00000 
 47.54500  1.00000  1.00000 
 47.64500  0.99998  1.00000 
 47.74500  0.99999  1.00000 
 47.84500  0.99999  1.00000 
 47.94500  0.99999  1.00000 
 48.04500  0.99999  1.00000 
 48.14500  0.99999  1.00000 
 48.24500  0.99999  1.00000 
 48.34500  0.99999  1.00000 
 48.44500  0.99999  1.00000 
 48.54500  0.99999  1.00000 
 48.64500  0.99999  1.00000 
 48.74500  0.99999  1.00000 
 48.84500  0.99999  1.00000 
 48.94500  1.00001  1.00000 
 49.04500  1.00002  1.00000 
 49.14500  1.00001  0.99995 
 49.24500  0.99991  0.99984 
 49.34500  0.99960  0.99954 
 49.44500  0.99878  0.99883 
 49.54500  0.99700  0.99718 
 49.64500  0.99338  0.99367 
 49.74500  0.98647  0.98674 
 49.84500  0.97410  0.97399 
 49.94500  0.95318  0.95235 
 50.04500  0.91994  0.91818 
 50.14500  0.87043  0.86820 
 50.24500  0.80171  0.80033 
 50.34500  0.71326  0.71491 
 50.44500  0.60827  0.61514 
 50.54500  0.50582  0.50706 
 50.64500  0.40605  0.39845 
 50.74500  0.29937  0.29721 
 50.84500  0.20857  0.20968 
 50.94500  0.13728  0.13950 
 51.04500  0.08542  0.08729 
 51.14500  0.05031  0.05126 
 51.24500  0.02804  0.02822 
 51.34500  0.01476  0.01452 
 51.44500  0.00729  0.00699 
 51.54500  0.00332  0.00315 
 51.64500  0.00136  0.00130 
 51.74500  0.00047  0.00051 
 51.84500  0.00011  0.00019 
 51.94500 -0.00001  0.00007 
 52.04500 -0.00003  0.00000 
 52.14500 -0.00001  0.00000 
 52.24500 -0.00001  0.00000 
 52.34500  0.00000  0.00000 
 52.44500  0.00000  0.00000 
 52.54500 -0.00000  0.00000 
 52.64500  0.00001  0.00000 
 52.74500  0.00001  0.00000 
 52.84500  0.00000  0.00000 
 52.94500  0.00001  0.00000 
 53.04500  0.00001  0.00000 
 53.14500 -0.00000  0.00000 
 53.24500  0.00000  0.00000 
 53.34500 -0.00001  0.00000 
 53.44500 -0.00000  0.00000 
 53.54500 -0.00002  0.00000 
 53.64500 -0.00002  0.00002 
 53.74500  0.00003  0.00012 
 53.84500  0.00023  0.00032 
 53.94500  0.00084  0.00083 
 54.04500  0.00218  0.00208 
 54.14500  0.00502  0.00479 
 54.24500  0.01056  0.01027 
 54.34500  0.02068  0.02059 
 54.44500  0.03814  0.03867 
 54.54500  0.06651  0.06794 
 54.64500  0.10978  0.11196 
 54.74500  0.17142  0.17331 
 54.84500  0.25296  0.25267 
 54.94500  0.35264  0.34788 
 55.04500  0.46273  0.45383 
 55.14500  0.55328  0.56319 
 55.24500  0.66400  0.66792 
 55.34500  0.76111  0.76090 
 55.44500  0.83954  0.83751 
 55.54500  0.89813  0.89604 
 55.64500  0.93882  0.93754 
 55.74500  0.96523  0.96481 
 55.84500  0.98130  0.98144 
 55.94500  0.99054  0.99085 
 56.04500  0.99554  0.99581 
 56.14500  0.99810  0.99819 
 56.24500  0.99928  0.99927 
 56.34500  0.99980  0.99973 
 56.44500  0.99998  0.99990 
 56.54500  1.00001  1.00000 
 56.64500  1.00002  1.00000 
 56.74500  0.99999  1.00000 
 56.84500  1.00000  1.00000 
 56.94500  0.99999  1.00000 
 57.04500  0.99999  1.00000 
 57.14500  0.99999  1.00000 
 57.24500  0.99999  1.00000 
 57.34500  0.99999  1.00000 
 57.44500  1.00000  1.00000 
 57.54500  0.99998  1.00000 
 57.64500  0.99999  1.00000 
 57.74500  0.99999  1.00000 
 57.84500  0.99998  1.00000 
 57.94500  0.99999  1.00000 
 58.04500  0.99999  1.00000 
 58.14500  0.99999  1.00000 
 58.24500  0.99999  1.00000 
 58.34500  0.99999  1.00000 
 58.44500  1.00001  1.00000 
 58.54500  1.00002  1.00000 
 58.64500  1.00000  0.99992 
 58.74500  0.99987  0.99979 
 58.84500  0.99947  0.99943 
 58.94500  0.99848  0.99856 
 59.04500  0.99638  0.99658 
 59.14500  0.99212  0.99244 
 59.24500  0.98415  0.98439 
 59.34500  0.97010  0.96987 
 59.44500  0.94666  0.94564 
 59.54500  0.90998  0.90804 
 59.64500  0.85618  0.85400 
 59.74500  0.78279  0.78193 
 59.84500  0.69009  0.69274 
 59.94500  0.58208  0.59040 
 60.04500  0.48489  0.48146 
 60.14500  0.38010  0.37390 
 60.24500  0.27657  0.27537 
 60.34500  0.19015  0.19169 
 60.44500  0.12352  0.12575 
 60.54500  0.07587  0.07752 
 60.64500  0.04411  0.04487 
 60.74500  0.02428  0.02430 
 60.84500  0.01258  0.01233 
 60.94500  0.00611  0.00584 
 61.04500  0.00271  0.00259 
 61.14500  0.00107  0.00106 
 61.24500  0.00034  0.00041 
 61.34500  0.00007  0.00014 
 61.44500 -0.00002  0.00004 
 61.54500 -0.00003  0.00000 
 61.64500 -0.00001  0.00000 
 61.74500 -0.00001  0.00000 
 61.84500 -0.00000  0.00000 
 61.94500 -0.00000  0.00000 
 62.04500 -0.00000  0.00000 
 62.14500  0.00000  0.00000 
 62.24500  0.00000  0.00000 
 62.34500 -0.00000  0.00000 
 62.44500 -0.00001  0.00000 
 62.54500 -0.00001  0.00000 
 62.64500  0.00000  0.00000 
 62.74500 -0.00000  0.00000 
 62.84500 -0.00001  0.00000 
 62.94500 -0.00000  0.00000 
 63.04500 -0.00000  0.00000 
 63.14500 -0.00001  0.00000 
 63.24500 -0.00001  0.00000 
 63.34500 -0.00001  0.00000 
 63.44500 -0.00000  0.00000 
 63.54500 -0.00000  0.00000 
 63.64500 -0.00000  0.00000 
 63.74500 -0.00000  0.00000 
 63.84500 -0.00001  0.00000 
 63.94500 -0.00000  0.00000 
 64.04500 -0.00000  0.00000 
 64.14500 -0.00000  0.00000 
