  0.04500  1.00000  1.00000 
  0.14500  1.00000  1.00000 
  0.24500  1.00000  1.00000 
  0.34500  1.00000  1.00000 
  0.44500  1.00000  1.00000 
  0.54500  1.00000  1.00000 
  0.64500  1.00000  1.00000 
  0.74500  1.00000  1.00000 
  0.84500  1.00000  1.00000 
  0.94500  1.00000  1.00000 
  1.04500  1.00000  1.00000 
  1.14500  1.00000  1.00000 
  1.24500  1.00000  1.00000 
  1.34500  1.00000  1.00000 
  1.44500  1.00000  1.00000 
  1.54500  1.00000  1.00000 
  1.64500  1.00000  1.00000 
  1.74500  1.00000  1.00000 
  1.84500  1.00000  1.00000 
  1.94500  1.00000  1.00000 
  2.04500  1.00000  1.00000 
  2.14500  1.00000  1.00000 
  2.24500  1.00001  1.00000 
  2.34500  1.00001  1.00000 
  2.44500  1.00000  1.00000 
  2.54500  1.00000  1.00000 
  2.64500  0.99998  1.00000 
  2.74500  0.99996  0.99991 
  2.84500  0.99988  0.99986 
  2.94500  0.99974  0.99972 
  3.04500  0.99947  0.99945 
  3.14500  0.99896  0.99897 
  3.24500  0.99810  0.99813 
  3.34500  0.99664  0.99668 
  3.44500  0.99425  0.99432 
  3.54500  0.99051  0.99056 
  3.64500  0.98478  0.98481 
  3.74500  0.97630  0.97624 
  3.84500  0.96410  0.96393 
  3.94500  0.94711  0.94681 
  4.04500  0.92419  0.92383 
  4.14500  0.89430  0.89398 
  4.24500  0.85666  0.85647 
  4.34500  0.81087  0.81088 
  4.44500  0.75714  0.75734 
  4.54500  0.69619  0.69648 
  4.64500  0.62936  0.62965 
  4.74500  0.55847  0.55862 
  4.84500  0.48572  0.48568 
  4.94500  0.41343  0.41319 
  5.04500  0.34389  0.34357 
  5.14500  0.27916  0.27887 
  5.24500  0.22090  0.22079 
  5.34500  0.17023  0.17030 
  5.44500  0.12765  0.12789 
  5.54500  0.09311  0.09344 
  5.64500  0.06606  0.06640 
  5.74500  0.04559  0.04583 
  5.84500  0.03061  0.03074 
  5.94500  0.02000  0.02001 
  6.04500  0.01269  0.01265 
  6.14500  0.00784  0.00776 
  6.24500  0.00468  0.00461 
  6.34500  0.00271  0.00267 
  6.44500  0.00151  0.00148 
  6.54500  0.00080  0.00081 
  6.64500  0.00041  0.00044 
  6.74500  0.00021  0.00025 
  6.84500  0.00014  0.00020 
  6.94500  0.00017  0.00020 
  7.04500  0.00031  0.00034 
  7.14500  0.00061  0.00063 
  7.24500  0.00115  0.00115 
  7.34500  0.00212  0.00209 
  7.44500  0.00372  0.00364 
  7.54500  0.00629  0.00621 
  7.64500  0.01033  0.01026 
  7.74500  0.01647  0.01646 
  7.84500  0.02553  0.02561 
  7.94500  0.03848  0.03867 
  8.04500  0.05642  0.05672 
  8.14500  0.08048  0.08083 
  8.24500  0.11167  0.11198 
  8.34500  0.15072  0.15089 
  8.44500  0.19790  0.19787 
  8.54500  0.25297  0.25274 
  8.64500  0.31506  0.31477 
  8.74500  0.38274  0.38245 
  8.84500  0.45410  0.45400 
  8.94500  0.52695  0.52702 
  9.04500  0.59892  0.59918 
  9.14500  0.66777  0.66808 
  9.24500  0.73148  0.73172 
  9.34500  0.78848  0.78856 
  9.44500  0.83776  0.83765 
  9.54500  0.87893  0.87863 
  9.64500  0.91211  0.91176 
  9.74500  0.93794  0.93762 
  9.84500  0.95736  0.95714 
  9.94500  0.97151  0.97140 
 10.04500  0.98149  0.98146 
 10.14500  0.98830  0.98837 
 10.24500  0.99283  0.99289 
 10.34500  0.99573  0.99581 
 10.44500  0.99755  0.99760 
 10.54500  0.99864  0.99867 
 10.64500  0.99928  0.99929 
 10.74500  0.99964  0.99962 
 10.84500  0.99983  0.99979 
 10.94500  0.99992  0.99990 
 11.04500  0.99995  0.99990 
 11.14500  0.99989  0.99986 
 11.24500  0.99977  0.99975 
 11.34500  0.99953  0.99951 
 11.44500  0.99907  0.99908 
 11.54500  0.99828  0.99831 
 11.64500  0.99694  0.99700 
 11.74500  0.99473  0.99480 
 11.84500  0.99127  0.99134 
 11.94500  0.98594  0.98597 
 12.04500  0.97798  0.97795 
 12.14500  0.96649  0.96632 
 12.24500  0.95040  0.95013 
 12.34500  0.92857  0.92822 
 12.44500  0.89993  0.89960 
 12.54500  0.86366  0.86343 
 12.64500  0.81927  0.81923 
 12.74500  0.76686  0.76701 
 12.84500  0.70705  0.70733 
 12.94500  0.64110  0.64141 
 13.04500  0.57077  0.57095 
 13.14500  0.49816  0.49816 
 13.24500  0.42563  0.42543 
 13.34500  0.35547  0.35517 
 13.44500  0.28979  0.28950 
 13.54500  0.23033  0.23018 
 13.64500  0.17830  0.17835 
 13.74500  0.13433  0.13457 
 13.84500  0.09846  0.09879 
 13.94500  0.07018  0.07052 
 14.04500  0.04866  0.04891 
 14.14500  0.03282  0.03299 
 14.24500  0.02155  0.02159 
 14.34500  0.01374  0.01372 
 14.44500  0.00852  0.00847 
 14.54500  0.00512  0.00504 
 14.64500  0.00299  0.00292 
 14.74500  0.00168  0.00165 
 14.84500  0.00089  0.00091 
 14.94500  0.00045  0.00047 
 15.04500  0.00021  0.00024 
 15.14500  0.00009  0.00012 
 15.24500  0.00003  0.00007 
 15.34500  0.00002  0.00000 
 15.44500 -0.00000  0.00000 
 15.54500  0.00000  0.00000 
 15.64500 -0.00001  0.00000 
 15.74500  0.00001  0.00000 
 15.84500  0.00000  0.00000 
 15.94500  0.00002  0.00000 
 16.04500  0.00004  0.00008 
 16.14500  0.00011  0.00013 
 16.24500  0.00024  0.00027 
 16.34500  0.00051  0.00052 
 16.44500  0.00099  0.00098 
 16.54500  0.00184  0.00181 
 16.64500  0.00325  0.00321 
 16.74500  0.00558  0.00550 
 16.84500  0.00922  0.00916 
 16.94500  0.01480  0.01477 
 17.04500  0.02310  0.02315 
 17.14500  0.03504  0.03520 
 17.24500  0.05173  0.05202 
 17.34500  0.07427  0.07462 
 17.44500  0.10371  0.10404 
 17.54500  0.14088  0.14109 
 17.64500  0.18617  0.18619 
 17.74500  0.23945  0.23927 
 17.84500  0.30002  0.29973 
 17.94500  0.36655  0.36625 
 18.04500  0.43725  0.43708 
 18.14500  0.50996  0.50999 
 18.24500  0.58234  0.58256 
 18.34500  0.65210  0.65240 
 18.44500  0.71716  0.71743 
 18.54500  0.77585  0.77596 
 18.64500  0.82700  0.82692 
 18.74500  0.87005  0.86981 
 18.84500  0.90505  0.90471 
 18.94500  0.93252  0.93222 
 19.04500  0.95336  0.95311 
 19.14500  0.96863  0.96850 
 19.24500  0.97949  0.97944 
 19.34500  0.98695  0.98699 
 19.44500  0.99193  0.99202 
 19.54500  0.99517  0.99524 
 19.64500  0.99720  0.99725 
 19.74500  0.99843  0.99844 
 19.84500  0.99917  0.99916 
 19.94500  0.99958  0.99957 
 20.04500  0.99980  0.99977 
 20.14500  0.99992  0.99990 
 20.24500  0.99997  0.99995 
 20.34500  0.99999  1.00000 
 20.44500  1.00000  1.00000 
 20.54500  1.00000  1.00000 
 20.64500  1.00000  1.00000 
 20.74500  1.00000  1.00000 
 20.84500  0.99999  1.00000 
 20.94500  0.99998  0.99996 
 21.04500  0.99993  0.99990 
 21.14500  0.99983  0.99979 
 21.24500  0.99962  0.99960 
 21.34500  0.99924  0.99924 
 21.44500  0.99857  0.99859 
 21.54500  0.99741  0.99746 
 21.64500  0.99550  0.99558 
 21.74500  0.99247  0.99253 
 21.84500  0.98776  0.98781 
 21.94500  0.98068  0.98065 
 22.04500  0.97035  0.97023 
 22.14500  0.95575  0.95551 
 22.24500  0.93574  0.93541 
 22.34500  0.90924  0.90890 
 22.44500  0.87530  0.87503 
 22.54500  0.83335  0.83325 
 22.64500  0.78329  0.78338 
 22.74500  0.72558  0.72584 
 22.84500  0.66131  0.66162 
 22.94500  0.59207  0.59232 
 23.04500  0.51991  0.51996 
 23.14500  0.44711  0.44696 
 23.24500  0.37601  0.37571 
 23.34500  0.30878  0.30849 
 23.44500  0.24732  0.24711 
 23.54500  0.19298  0.19297 
 23.64500  0.14659  0.14677 
 23.74500  0.10831  0.10863 
 23.84500  0.07785  0.07821 
 23.94500  0.05444  0.05472 
 24.04500  0.03703  0.03721 
 24.14500  0.02449  0.02456 
 24.24500  0.01576  0.01575 
 24.34500  0.00986  0.00980 
 24.44500  0.00598  0.00591 
 24.54500  0.00352  0.00345 
 24.64500  0.00200  0.00197 
 24.74500  0.00108  0.00108 
 24.84500  0.00056  0.00057 
 24.94500  0.00028  0.00029 
 25.04500  0.00012  0.00015 
 25.14500  0.00005  0.00010 
 25.24500  0.00002  0.00000 
 25.34500  0.00000  0.00000 
 25.44500 -0.00001  0.00000 
 25.54500 -0.00000  0.00000 
 25.64500  0.00002  0.00000 
 25.74500  0.00004  0.00008 
 25.84500  0.00011  0.00013 
 25.94500  0.00024  0.00027 
 26.04500  0.00051  0.00052 
 26.14500  0.00098  0.00098 
 26.24500  0.00181  0.00177 
 26.34500  0.00320  0.00316 
 26.44500  0.00547  0.00540 
 26.54500  0.00907  0.00901 
 26.64500  0.01458  0.01457 
 26.74500  0.02278  0.02283 
 26.84500  0.03460  0.03476 
 26.94500  0.05110  0.05137 
 27.04500  0.07343  0.07377 
 27.14500  0.10264  0.10296 
 27.24500  0.13955  0.13977 
 27.34500  0.18458  0.18459 
 27.44500  0.23761  0.23743 
 27.54500  0.29795  0.29764 
 27.64500  0.36432  0.36401 
 27.74500  0.43491  0.43474 
 27.84500  0.50759  0.50761 
 27.94500  0.58002  0.58022 
 28.04500  0.64991  0.65023 
 28.14500  0.71515  0.71543 
 28.24500  0.77405  0.77418 
 28.34500  0.82546  0.82542 
 28.44500  0.86879  0.86855 
 28.54500  0.90404  0.90370 
 28.64500  0.93175  0.93141 
 28.74500  0.95277  0.95251 
 28.84500  0.96822  0.96807 
 28.94500  0.97919  0.97915 
 29.04500  0.98674  0.98679 
 29.14500  0.99181  0.99187 
 29.24500  0.99508  0.99514 
 29.34500  0.99715  0.99720 
 29.44500  0.99841  0.99843 
 29.54500  0.99914  0.99915 
 29.64500  0.99956  0.99954 
 29.74500  0.99980  0.99976 
 29.84500  0.99990  0.99987 
 29.94500  0.99995  0.99990 
 30.04500  0.99991  0.99989 
 30.14500  0.99982  0.99977 
 30.24500  0.99960  0.99959 
 30.34500  0.99922  0.99922 
 30.44500  0.99853  0.99853 
 30.54500  0.99735  0.99740 
 30.64500  0.99543  0.99549 
 30.74500  0.99234  0.99241 
 30.84500  0.98757  0.98761 
 30.94500  0.98040  0.98039 
 31.04500  0.96995  0.96982 
 31.14500  0.95519  0.95494 
 31.24500  0.93499  0.93466 
 31.34500  0.90826  0.90791 
 31.44500  0.87407  0.87378 
 31.54500  0.83186  0.83176 
 31.64500  0.78154  0.78164 
 31.74500  0.72359  0.72389 
 31.84500  0.65914  0.65945 
 31.94500  0.58977  0.59000 
 32.04500  0.51755  0.51761 
 32.14500  0.44476  0.44461 
 32.24500  0.37375  0.37346 
 32.34500  0.30670  0.30639 
 32.44500  0.24544  0.24524 
 32.54500  0.19135  0.19134 
 32.64500  0.14521  0.14540 
 32.74500  0.10721  0.10753 
 32.84500  0.07700  0.07734 
 32.94500  0.05378  0.05407 
 33.04500  0.03655  0.03674 
 33.14500  0.02416  0.02424 
 33.24500  0.01553  0.01553 
 33.34500  0.00970  0.00963 
 33.44500  0.00589  0.00580 
 33.54500  0.00345  0.00341 
 33.64500  0.00196  0.00192 
 33.74500  0.00107  0.00105 
 33.84500  0.00055  0.00056 
 33.94500  0.00027  0.00029 
 34.04500  0.00012  0.00014 
 34.14500  0.00004  0.00010 
 34.24500  0.00001  0.00001 
 34.34500  0.00002  0.00000 
 34.44500  0.00002  0.00002 
 34.54500  0.00005  0.00010 
 34.64500  0.00014  0.00016 
 34.74500  0.00030  0.00033 
 34.84500  0.00062  0.00063 
 34.94500  0.00118  0.00116 
 35.04500  0.00215  0.00211 
 35.14500  0.00377  0.00372 
 35.24500  0.00639  0.00632 
 35.34500  0.01048  0.01042 
 35.44500  0.01671  0.01672 
 35.54500  0.02587  0.02598 
 35.64500  0.03897  0.03916 
 35.74500  0.05710  0.05741 
 35.84500  0.08138  0.08174 
 35.94500  0.11281  0.11312 
 36.04500  0.15212  0.15228 
 36.14500  0.19956  0.19952 
 36.24500  0.25488  0.25466 
 36.34500  0.31717  0.31687 
 36.44500  0.38501  0.38474 
 36.54500  0.45647  0.45633 
 36.64500  0.52931  0.52940 
 36.74500  0.60122  0.60146 
 36.84500  0.66992  0.67024 
 36.94500  0.73343  0.73367 
 37.04500  0.79020  0.79026 
 37.14500  0.83923  0.83912 
 37.24500  0.88013  0.87983 
 37.34500  0.91306  0.91272 
 37.44500  0.93867  0.93834 
 37.54500  0.95791  0.95769 
 37.64500  0.97190  0.97181 
 37.74500  0.98175  0.98176 
 37.84500  0.98848  0.98854 
 37.94500  0.99295  0.99300 
 38.04500  0.99581  0.99586 
 38.14500  0.99760  0.99764 
 38.24500  0.99867  0.99869 
 38.34500  0.99929  0.99929 
 38.44500  0.99965  0.99962 
 38.54500  0.99984  0.99981 
 38.64500  0.99994  0.99990 
 38.74500  0.99998  0.99994 
 38.84500  0.99998  1.00000 
 38.94500  0.99997  0.99993 
 39.04500  0.99992  0.99990 
 39.14500  0.99983  0.99979 
 39.24500  0.99962  0.99960 
 39.34500  0.99924  0.99924 
 39.44500  0.99858  0.99861 
 39.54500  0.99744  0.99749 
 39.64500  0.99557  0.99563 
 39.74500  0.99256  0.99263 
 39.84500  0.98790  0.98795 
 39.94500  0.98089  0.98086 
 40.04500  0.97066  0.97051 
 40.14500  0.95616  0.95591 
 40.24500  0.93631  0.93597 
 40.34500  0.90996  0.90961 
 40.44500  0.87623  0.87596 
 40.54500  0.83448  0.83437 
 40.64500  0.78461  0.78471 
 40.74500  0.72707  0.72735 
 40.84500  0.66294  0.66327 
 40.94500  0.59380  0.59405 
 41.04500  0.52169  0.52173 
 41.14500  0.44887  0.44875 
 41.24500  0.37770  0.37741 
 41.34500  0.31036  0.31006 
 41.44500  0.24874  0.24852 
 41.54500  0.19422  0.19420 
 41.64500  0.14762  0.14779 
 41.74500  0.10916  0.10948 
 41.84500  0.07852  0.07886 
 41.94500  0.05493  0.05524 
 42.04500  0.03738  0.03757 
 42.14500  0.02475  0.02481 
 42.24500  0.01594  0.01591 
 42.34500  0.00998  0.00992 
 42.44500  0.00606  0.00599 
 42.54500  0.00356  0.00351 
 42.64500  0.00202  0.00198 
 42.74500  0.00111  0.00109 
 42.84500  0.00058  0.00059 
 42.94500  0.00029  0.00031 
 43.04500  0.00012  0.00015 
 43.14500  0.00005  0.00010 
 43.24500  0.00001  0.00001 
 43.34500  0.00001  0.00000 
 43.44500  0.00001  0.00002 
 43.54500  0.00004  0.00010 
 43.64500  0.00014  0.00015 
 43.74500  0.00029  0.00031 
 43.84500  0.00059  0.00060 
 43.94500  0.00114  0.00113 
 44.04500  0.00208  0.00203 
 44.14500  0.00366  0.00361 
 44.24500  0.00621  0.00613 
 44.34500  0.01021  0.01014 
 44.44500  0.01628  0.01627 
 44.54500  0.02526  0.02532 
 44.64500  0.03810  0.03830 
 44.74500  0.05592  0.05620 
 44.84500  0.07981  0.08017 
 44.94500  0.11081  0.11113 
 45.04500  0.14966  0.14984 
 45.14500  0.19665  0.19663 
 45.24500  0.25152  0.25133 
 45.34500  0.31347  0.31316 
 45.44500  0.38103  0.38074 
 45.54500  0.45233  0.45221 
 45.64500  0.52517  0.52523 
 45.74500  0.59719  0.59743 
 45.84500  0.66613  0.66645 
 45.94500  0.72999  0.73022 
 46.04500  0.78716  0.78726 
 46.14500  0.83667  0.83653 
 46.24500  0.87802  0.87774 
 46.34500  0.91139  0.91104 
 46.44500  0.93739  0.93709 
 46.54500  0.95696  0.95673 
 46.64500  0.97123  0.97111 
 46.74500  0.98128  0.98127 
 46.84500  0.98817  0.98819 
 46.94500  0.99274  0.99282 
 47.04500  0.99569  0.99573 
 47.14500  0.99751  0.99756 
 47.24500  0.99862  0.99862 
 47.34500  0.99927  0.99927 
 47.44500  0.99963  0.99962 
 47.54500  0.99983  0.99981 
 47.64500  0.99993  0.99990 
 47.74500  0.99998  0.99997 
 47.84500  0.99999  1.00000 
 47.94500  1.00000  1.00000 
 48.04500  1.00000  1.00000 
 48.14500  0.99999  1.00000 
 48.24500  1.00000  1.00000 
 48.34500  0.99998  1.00000 
 48.44500  0.99997  0.99994 
 48.54500  0.99991  0.99989 
 48.64500  0.99979  0.99976 
 48.74500  0.99955  0.99954 
 48.84500  0.99913  0.99914 
 48.94500  0.99837  0.99839 
 49.04500  0.99709  0.99713 
 49.14500  0.99498  0.99505 
 49.24500  0.99164  0.99172 
 49.34500  0.98651  0.98654 
 49.44500  0.97882  0.97880 
 49.54500  0.96769  0.96756 
 49.64500  0.95205  0.95179 
 49.74500  0.93078  0.93044 
 49.84500  0.90279  0.90244 
 49.94500  0.86722  0.86697 
 50.04500  0.82357  0.82351 
 50.14500  0.77185  0.77198 
 50.24500  0.71265  0.71294 
 50.34500  0.64720  0.64752 
 50.44500  0.57718  0.57738 
 50.54500  0.50469  0.50470 
 50.64500  0.43204  0.43188 
 50.74500  0.36158  0.36127 
 50.84500  0.29542  0.29511 
 50.94500  0.23535  0.23519 
 51.04500  0.18263  0.18265 
 51.14500  0.13792  0.13815 
 51.24500  0.10134  0.10167 
 51.34500  0.07242  0.07278 
 51.44500  0.05033  0.05062 
 51.54500  0.03404  0.03419 
 51.64500  0.02238  0.02245 
 51.74500  0.01432  0.01429 
 51.84500  0.00891  0.00882 
 51.94500  0.00537  0.00529 
 52.04500  0.00313  0.00308 
 52.14500  0.00177  0.00175 
 52.24500  0.00095  0.00095 
 52.34500  0.00048  0.00050 
 52.44500  0.00023  0.00025 
 52.54500  0.00010  0.00013 
 52.64500  0.00004  0.00009 
 52.74500  0.00001  0.00000 
 52.84500  0.00001  0.00000 
 52.94500  0.00002  0.00004 
 53.04500  0.00007  0.00010 
 53.14500  0.00016  0.00018 
 53.24500  0.00035  0.00037 
 53.34500  0.00069  0.00070 
 53.44500  0.00131  0.00130 
 53.54500  0.00239  0.00234 
 53.64500  0.00415  0.00408 
 53.74500  0.00699  0.00691 
 53.84500  0.01141  0.01135 
 53.94500  0.01808  0.01809 
 54.04500  0.02787  0.02797 
 54.14500  0.04178  0.04199 
 54.24500  0.06091  0.06123 
 54.34500  0.08637  0.08673 
 54.44500  0.11915  0.11945 
 54.54500  0.15989  0.16003 
 54.64500  0.20877  0.20870 
 54.74500  0.26538  0.26514 
 54.84500  0.32878  0.32848 
 54.94500  0.39740  0.39715 
 55.04500  0.46927  0.46919 
 55.14500  0.54212  0.54224 
 55.24500  0.61362  0.61390 
 55.34500  0.68154  0.68187 
 55.44500  0.74396  0.74418 
 55.54500  0.79943  0.79946 
 55.64500  0.84704  0.84687 
 55.74500  0.88651  0.88618 
 55.84500  0.91808  0.91772 
 55.94500  0.94249  0.94218 
 56.04500  0.96073  0.96053 
 56.14500  0.97391  0.97381 
 56.24500  0.98314  0.98315 
 56.34500  0.98941  0.98946 
 56.44500  0.99354  0.99362 
 56.54500  0.99619  0.99626 
 56.64500  0.99782  0.99788 
 56.74500  0.99881  0.99882 
 56.84500  0.99938  0.99937 
 56.94500  0.99969  0.99967 
 57.04500  0.99986  0.99984 
 57.14500  0.99995  0.99990 
 57.24500  0.99998  0.99999 
 57.34500  1.00000  1.00000 
 57.44500  0.99999  1.00000 
 57.54500  1.00000  1.00000 
 57.64500  0.99999  1.00000 
 57.74500  1.00000  1.00000 
 57.84500  0.99998  1.00000 
 57.94500  0.99996  0.99991 
 58.04500  0.99988  0.99986 
 58.14500  0.99975  0.99973 
 58.24500  0.99948  0.99947 
 58.34500  0.99899  0.99898 
 58.44500  0.99811  0.99814 
 58.54500  0.99668  0.99674 
 58.64500  0.99433  0.99440 
 58.74500  0.99063  0.99070 
 58.84500  0.98497  0.98500 
 58.94500  0.97657  0.97652 
 59.04500  0.96449  0.96433 
 59.14500  0.94764  0.94735 
 59.24500  0.92489  0.92454 
 59.34500  0.89519  0.89486 
 59.44500  0.85777  0.85758 
 59.54500  0.81222  0.81220 
 59.64500  0.75868  0.75885 
 59.74500  0.69790  0.69821 
 59.84500  0.63120  0.63148 
 59.94500  0.56040  0.56058 
 60.04500  0.48768  0.48763 
 60.14500  0.41533  0.41512 
 60.24500  0.34570  0.34539 
 60.34500  0.28082  0.28054 
 60.44500  0.22236  0.22224 
 60.54500  0.17146  0.17155 
 60.64500  0.12867  0.12894 
 60.74500  0.09392  0.09427 
 60.84500  0.06670  0.06703 
 60.94500  0.04607  0.04630 
 61.04500  0.03096  0.03108 
 61.14500  0.02023  0.02027 
 61.24500  0.01286  0.01280 
 61.34500  0.00793  0.00786 
 61.44500  0.00475  0.00468 
 61.54500  0.00275  0.00269 
 61.64500  0.00153  0.00149 
 61.74500  0.00081  0.00081 
 61.84500  0.00042  0.00043 
 61.94500  0.00019  0.00023 
 62.04500  0.00008  0.00010 
 62.14500  0.00003  0.00005 
 62.24500  0.00001  0.00000 
 62.34500  0.00000  0.00000 
 62.44500 -0.00001  0.00000 
 62.54500 -0.00001  0.00000 
 62.64500 -0.00001  0.00000 
 62.74500 -0.00000  0.00000 
 62.84500 -0.00000  0.00000 
 62.94500 -0.00000  0.00000 
 63.04500 -0.00000  0.00000 
 63.14500  0.00000  0.00000 
 63.24500 -0.00000  0.00000 
 63.34500 -0.00000  0.00000 
 63.44500 -0.00000  0.00000 
 63.54500 -0.00000  0.00000 
 63.64500 -0.00000  0.00000 
 63.74500 -0.00000  0.00000 
 63.84500 -0.00000  0.00000 
 63.94500 -0.00000  0.00000 
 64.04500 -0.00000  0.00000 
 64.14500 -0.00000  0.00000 
