  0.04500  0.97188  0.97187 
  0.14500  0.97157  0.97154 
  0.24500  0.97090  0.97092 
  0.34500  0.96997  0.96994 
  0.44500  0.96867  0.96868 
  0.54500  0.96702  0.96704 
  0.64500  0.96508  0.96507 
  0.74500  0.96277  0.96275 
  0.84500  0.96010  0.96010 
  0.94500  0.95706  0.95707 
  1.04500  0.95366  0.95365 
  1.14500  0.94987  0.94989 
  1.24500  0.94571  0.94569 
  1.34500  0.94114  0.94110 
  1.44500  0.93614  0.93612 
  1.54500  0.93074  0.93072 
  1.64500  0.92488  0.92489 
  1.74500  0.91863  0.91859 
  1.84500  0.91191  0.91185 
  1.94500  0.90473  0.90469 
  2.04500  0.89710  0.89706 
  2.14500  0.88896  0.88892 
  2.24500  0.88038  0.88033 
  2.34500  0.87133  0.87128 
  2.44500  0.86178  0.86174 
  2.54500  0.85177  0.85173 
  2.64500  0.84127  0.84124 
  2.74500  0.83031  0.83027 
  2.84500  0.81892  0.81885 
  2.94500  0.80703  0.80698 
  3.04500  0.79475  0.79467 
  3.14500  0.78201  0.78193 
  3.24500  0.76886  0.76879 
  3.34500  0.75532  0.75527 
  3.44500  0.74145  0.74138 
  3.54500  0.72723  0.72715 
  3.64500  0.71271  0.71263 
  3.74500  0.69792  0.69783 
  3.84500  0.68289  0.68280 
  3.94500  0.66766  0.66754 
  4.04500  0.65229  0.65215 
  4.14500  0.63676  0.63662 
  4.24500  0.62115  0.62104 
  4.34500  0.60550  0.60541 
  4.44500  0.58990  0.58981 
  4.54500  0.57433  0.57430 
  4.64500  0.55899  0.55887 
  4.74500  0.54387  0.54365 
  4.84500  0.52872  0.52865 
  4.94500  0.51400  0.51392 
  5.04500  0.49969  0.49953 
  5.14500  0.48572  0.48553 
  5.24500  0.47215  0.47197 
  5.34500  0.45904  0.45890 
  5.44500  0.44651  0.44637 
  5.54500  0.43456  0.43444 
  5.64500  0.42329  0.42316 
  5.74500  0.41268  0.41256 
  5.84500  0.40281  0.40269 
  5.94500  0.39374  0.39356 
  6.04500  0.38542  0.38528 
  6.14500  0.37798  0.37780 
  6.24500  0.37137  0.37122 
  6.34500  0.36568  0.36551 
  6.44500  0.36087  0.36073 
  6.54500  0.35704  0.35688 
  6.64500  0.35412  0.35397 
  6.74500  0.35217  0.35202 
  6.84500  0.35117  0.35103 
  6.94500  0.35110  0.35099 
  7.04500  0.35202  0.35189 
  7.14500  0.35388  0.35377 
  7.24500  0.35664  0.35652 
  7.34500  0.36033  0.36022 
  7.44500  0.36489  0.36477 
  7.54500  0.37032  0.37017 
  7.64500  0.37653  0.37640 
  7.74500  0.38351  0.38340 
  7.84500  0.39126  0.39113 
  7.94500  0.39965  0.39956 
  8.04500  0.40871  0.40863 
  8.14500  0.41834  0.41825 
  8.24500  0.42852  0.42843 
  8.34500  0.43915  0.43908 
  8.44500  0.45023  0.45011 
  8.54500  0.46162  0.46150 
  8.64500  0.47326  0.47316 
  8.74500  0.48506  0.48500 
  8.84500  0.49698  0.49700 
  8.94500  0.50924  0.50909 
  9.04500  0.52127  0.52117 
  9.14500  0.53316  0.53317 
  9.24500  0.54502  0.54502 
  9.34500  0.55669  0.55667 
  9.44500  0.56811  0.56805 
  9.54500  0.57914  0.57909 
  9.64500  0.58979  0.58972 
  9.74500  0.59995  0.59988 
  9.84500  0.60958  0.60952 
  9.94500  0.61862  0.61858 
 10.04500  0.62704  0.62699 
 10.14500  0.63476  0.63474 
 10.24500  0.64178  0.64175 
 10.34500  0.64802  0.64798 
 10.44500  0.65346  0.65342 
 10.54500  0.65803  0.65800 
 10.64500  0.66175  0.66171 
 10.74500  0.66459  0.66455 
 10.84500  0.66647  0.66644 
 10.94500  0.66747  0.66742 
 11.04500  0.66750  0.66747 
 11.14500  0.66660  0.66656 
 11.24500  0.66477  0.66473 
 11.34500  0.66201  0.66197 
 11.44500  0.65831  0.65826 
 11.54500  0.65367  0.65363 
 11.64500  0.64819  0.64814 
 11.74500  0.64179  0.64176 
 11.84500  0.63458  0.63455 
 11.94500  0.62657  0.62653 
 12.04500  0.61780  0.61773 
 12.14500  0.60829  0.60825 
 12.24500  0.59811  0.59803 
 12.34500  0.58730  0.58722 
 12.44500  0.57588  0.57580 
 12.54500  0.56393  0.56385 
 12.64500  0.55149  0.55142 
 12.74500  0.53860  0.53858 
 12.84500  0.52541  0.52540 
 12.94500  0.51198  0.51191 
 13.04500  0.49835  0.49819 
 13.14500  0.48439  0.48430 
 13.24500  0.47033  0.47030 
 13.34500  0.45641  0.45630 
 13.44500  0.44246  0.44230 
 13.54500  0.42854  0.42840 
 13.64500  0.41477  0.41465 
 13.74500  0.40121  0.40113 
 13.84500  0.38797  0.38788 
 13.94500  0.37506  0.37498 
 14.04500  0.36259  0.36249 
 14.14500  0.35056  0.35045 
 14.24500  0.33903  0.33892 
 14.34500  0.32808  0.32795 
 14.44500  0.31772  0.31761 
 14.54500  0.30804  0.30791 
 14.64500  0.29905  0.29893 
 14.74500  0.29083  0.29069 
 14.84500  0.28337  0.28323 
 14.94500  0.27674  0.27657 
 15.04500  0.27094  0.27079 
 15.14500  0.26600  0.26587 
 15.24500  0.26200  0.26184 
 15.34500  0.25889  0.25874 
 15.44500  0.25670  0.25656 
 15.54500  0.25546  0.25531 
 15.64500  0.25516  0.25504 
 15.74500  0.25586  0.25569 
 15.84500  0.25743  0.25732 
 15.94500  0.26000  0.25987 
 16.04500  0.26349  0.26335 
 16.14500  0.26793  0.26777 
 16.24500  0.27324  0.27311 
 16.34500  0.27945  0.27934 
 16.44500  0.28654  0.28642 
 16.54500  0.29447  0.29433 
 16.64500  0.30319  0.30307 
 16.74500  0.31268  0.31256 
 16.84500  0.32294  0.32282 
 16.94500  0.33389  0.33375 
 17.04500  0.34547  0.34533 
 17.14500  0.35766  0.35755 
 17.24500  0.37038  0.37030 
 17.34500  0.38367  0.38358 
 17.44500  0.39737  0.39731 
 17.54500  0.41151  0.41143 
 17.64500  0.42600  0.42590 
 17.74500  0.44080  0.44067 
 17.84500  0.45578  0.45566 
 17.94500  0.47090  0.47083 
 18.04500  0.48606  0.48609 
 18.14500  0.50149  0.50140 
 18.24500  0.51683  0.51670 
 18.34500  0.53196  0.53192 
 18.44500  0.54699  0.54705 
 18.54500  0.56192  0.56190 
 18.64500  0.57656  0.57654 
 18.74500  0.59091  0.59086 
 18.84500  0.60486  0.60480 
 18.94500  0.61837  0.61832 
 19.04500  0.63138  0.63135 
 19.14500  0.64386  0.64385 
 19.24500  0.65577  0.65576 
 19.34500  0.66705  0.66703 
 19.44500  0.67763  0.67763 
 19.54500  0.68749  0.68750 
 19.64500  0.69660  0.69660 
 19.74500  0.70492  0.70493 
 19.84500  0.71242  0.71243 
 19.94500  0.71906  0.71906 
 20.04500  0.72479  0.72479 
 20.14500  0.72964  0.72965 
 20.24500  0.73356  0.73356 
 20.34500  0.73651  0.73652 
 20.44500  0.73853  0.73855 
 20.54500  0.73958  0.73961 
 20.64500  0.73967  0.73969 
 20.74500  0.73878  0.73881 
 20.84500  0.73696  0.73699 
 20.94500  0.73416  0.73419 
 21.04500  0.73046  0.73046 
 21.14500  0.72579  0.72580 
 21.24500  0.72022  0.72024 
 21.34500  0.71379  0.71379 
 21.44500  0.70648  0.70650 
 21.54500  0.69835  0.69836 
 21.64500  0.68944  0.68945 
 21.74500  0.67976  0.67977 
 21.84500  0.66936  0.66938 
 21.94500  0.65829  0.65831 
 22.04500  0.64661  0.64660 
 22.14500  0.63434  0.63433 
 22.24500  0.62157  0.62154 
 22.34500  0.60833  0.60826 
 22.44500  0.59460  0.59457 
 22.54500  0.58053  0.58052 
 22.64500  0.56614  0.56615 
 22.74500  0.55150  0.55156 
 22.84500  0.53677  0.53677 
 22.94500  0.52195  0.52185 
 23.04500  0.50702  0.50693 
 23.14500  0.49189  0.49195 
 23.24500  0.47711  0.47707 
 23.34500  0.46239  0.46230 
 23.44500  0.44784  0.44776 
 23.54500  0.43351  0.43343 
 23.64500  0.41948  0.41943 
 23.74500  0.40585  0.40581 
 23.84500  0.39265  0.39260 
 23.94500  0.37992  0.37989 
 24.04500  0.36779  0.36772 
 24.14500  0.35623  0.35615 
 24.24500  0.34527  0.34519 
 24.34500  0.33501  0.33493 
 24.44500  0.32548  0.32540 
 24.54500  0.31673  0.31664 
 24.64500  0.30875  0.30867 
 24.74500  0.30164  0.30154 
 24.84500  0.29535  0.29528 
 24.94500  0.28999  0.28989 
 25.04500  0.28552  0.28544 
 25.14500  0.28200  0.28190 
 25.24500  0.27939  0.27932 
 25.34500  0.27777  0.27769 
 25.44500  0.27707  0.27698 
 25.54500  0.27733  0.27726 
 25.64500  0.27858  0.27848 
 25.74500  0.28073  0.28065 
 25.84500  0.28385  0.28375 
 25.94500  0.28783  0.28778 
 26.04500  0.29278  0.29270 
 26.14500  0.29856  0.29847 
 26.24500  0.30520  0.30512 
 26.34500  0.31263  0.31255 
 26.44500  0.32086  0.32079 
 26.54500  0.32985  0.32975 
 26.64500  0.33948  0.33940 
 26.74500  0.34974  0.34969 
 26.84500  0.36061  0.36058 
 26.94500  0.37202  0.37200 
 27.04500  0.38395  0.38393 
 27.14500  0.39628  0.39627 
 27.24500  0.40901  0.40899 
 27.34500  0.42209  0.42202 
 27.44500  0.43536  0.43530 
 27.54500  0.44882  0.44875 
 27.64500  0.46235  0.46232 
 27.74500  0.47587  0.47594 
 27.84500  0.48959  0.48954 
 27.94500  0.50312  0.50307 
 28.04500  0.51643  0.51644 
 28.14500  0.52954  0.52957 
 28.24500  0.54245  0.54246 
 28.34500  0.55500  0.55500 
 28.44500  0.56714  0.56709 
 28.54500  0.57882  0.57878 
 28.64500  0.58992  0.58992 
 28.74500  0.60048  0.60048 
 28.84500  0.61040  0.61041 
 28.94500  0.61963  0.61964 
 29.04500  0.62815  0.62817 
 29.14500  0.63589  0.63594 
 29.24500  0.64285  0.64289 
 29.34500  0.64897  0.64900 
 29.44500  0.65423  0.65421 
 29.54500  0.65854  0.65858 
 29.64500  0.66198  0.66201 
 29.74500  0.66446  0.66448 
 29.84500  0.66601  0.66603 
 29.94500  0.66661  0.66664 
 30.04500  0.66624  0.66628 
 30.14500  0.66492  0.66496 
 30.24500  0.66267  0.66269 
 30.34500  0.65949  0.65951 
 30.44500  0.65538  0.65542 
 30.54500  0.65037  0.65042 
 30.64500  0.64452  0.64454 
 30.74500  0.63781  0.63783 
 30.84500  0.63028  0.63037 
 30.94500  0.62207  0.62209 
 31.04500  0.61309  0.61312 
 31.14500  0.60346  0.60347 
 31.24500  0.59321  0.59319 
 31.34500  0.58238  0.58234 
 31.44500  0.57101  0.57103 
 31.54500  0.55921  0.55920 
 31.64500  0.54701  0.54704 
 31.74500  0.53445  0.53452 
 31.84500  0.52168  0.52174 
 31.94500  0.50883  0.50875 
 32.04500  0.49574  0.49568 
 32.14500  0.48242  0.48250 
 32.24500  0.46937  0.46934 
 32.34500  0.45632  0.45625 
 32.44500  0.44337  0.44330 
 32.54500  0.43062  0.43058 
 32.64500  0.41811  0.41810 
 32.74500  0.40599  0.40599 
 32.84500  0.39425  0.39423 
 32.94500  0.38296  0.38296 
 33.04500  0.37222  0.37221 
 33.14500  0.36204  0.36202 
 33.24500  0.35250  0.35243 
 33.34500  0.34358  0.34354 
 33.44500  0.33540  0.33535 
 33.54500  0.32799  0.32796 
 33.64500  0.32139  0.32134 
 33.74500  0.31558  0.31554 
 33.84500  0.31064  0.31059 
 33.94500  0.30660  0.30654 
 34.04500  0.30344  0.30342 
 34.14500  0.30124  0.30120 
 34.24500  0.29996  0.29991 
 34.34500  0.29963  0.29959 
 34.44500  0.30025  0.30020 
 34.54500  0.30180  0.30175 
 34.64500  0.30432  0.30426 
 34.74500  0.30774  0.30767 
 34.84500  0.31205  0.31201 
 34.94500  0.31730  0.31723 
 35.04500  0.32337  0.32332 
 35.14500  0.33028  0.33025 
 35.24500  0.33803  0.33798 
 35.34500  0.34652  0.34648 
 35.44500  0.35573  0.35571 
 35.54500  0.36563  0.36560 
 35.64500  0.37616  0.37617 
 35.74500  0.38726  0.38727 
 35.84500  0.39889  0.39892 
 35.94500  0.41104  0.41104 
 36.04500  0.42358  0.42359 
 36.14500  0.43651  0.43647 
 36.24500  0.44971  0.44967 
 36.34500  0.46312  0.46310 
 36.44500  0.47662  0.47665 
 36.54500  0.49020  0.49033 
 36.64500  0.50411  0.50403 
 36.74500  0.51770  0.51770 
 36.84500  0.53119  0.53125 
 36.94500  0.54458  0.54465 
 37.04500  0.55774  0.55782 
 37.14500  0.57064  0.57066 
 37.24500  0.58314  0.58316 
 37.34500  0.59523  0.59524 
 37.44500  0.60681  0.60683 
 37.54500  0.61785  0.61788 
 37.64500  0.62828  0.62835 
 37.74500  0.63811  0.63818 
 37.84500  0.64724  0.64730 
 37.94500  0.65563  0.65569 
 38.04500  0.66324  0.66331 
 38.14500  0.67007  0.67013 
 38.24500  0.67603  0.67610 
 38.34500  0.68110  0.68118 
 38.44500  0.68529  0.68536 
 38.54500  0.68858  0.68861 
 38.64500  0.69090  0.69096 
 38.74500  0.69229  0.69233 
 38.84500  0.69270  0.69277 
 38.94500  0.69219  0.69223 
 39.04500  0.69070  0.69077 
 39.14500  0.68827  0.68833 
 39.24500  0.68489  0.68496 
 39.34500  0.68061  0.68069 
 39.44500  0.67544  0.67551 
 39.54500  0.66938  0.66946 
 39.64500  0.66249  0.66256 
 39.74500  0.65477  0.65487 
 39.84500  0.64630  0.64640 
 39.94500  0.63710  0.63717 
 40.04500  0.62724  0.62728 
 40.14500  0.61672  0.61677 
 40.24500  0.60560  0.60564 
 40.34500  0.59398  0.59399 
 40.44500  0.58185  0.58188 
 40.54500  0.56931  0.56934 
 40.64500  0.55637  0.55645 
 40.74500  0.54315  0.54326 
 40.84500  0.52979  0.52985 
 40.94500  0.51628  0.51628 
 41.04500  0.50267  0.50262 
 41.14500  0.48877  0.48892 
 41.24500  0.47522  0.47526 
 41.34500  0.46173  0.46171 
 41.44500  0.44835  0.44833 
 41.54500  0.43519  0.43516 
 41.64500  0.42229  0.42233 
 41.74500  0.40978  0.40985 
 41.84500  0.39774  0.39777 
 41.94500  0.38617  0.38619 
 42.04500  0.37514  0.37516 
 42.14500  0.36472  0.36472 
 42.24500  0.35492  0.35490 
 42.34500  0.34579  0.34579 
 42.44500  0.33739  0.33741 
 42.54500  0.32981  0.32980 
 42.64500  0.32302  0.32301 
 42.74500  0.31709  0.31708 
 42.84500  0.31203  0.31201 
 42.94500  0.30788  0.30786 
 43.04500  0.30463  0.30461 
 43.14500  0.30235  0.30234 
 43.24500  0.30100  0.30099 
 43.34500  0.30062  0.30062 
 43.44500  0.30121  0.30119 
 43.54500  0.30278  0.30275 
 43.64500  0.30528  0.30527 
 43.74500  0.30873  0.30872 
 43.84500  0.31311  0.31310 
 43.94500  0.31842  0.31841 
 44.04500  0.32459  0.32460 
 44.14500  0.33168  0.33167 
 44.24500  0.33958  0.33956 
 44.34500  0.34825  0.34826 
 44.44500  0.35769  0.35769 
 44.54500  0.36785  0.36786 
 44.64500  0.37867  0.37869 
 44.74500  0.39011  0.39016 
 44.84500  0.40215  0.40220 
 44.94500  0.41472  0.41474 
 45.04500  0.42774  0.42776 
 45.14500  0.44118  0.44119 
 45.24500  0.45498  0.45494 
 45.34500  0.46903  0.46901 
 45.44500  0.48323  0.48329 
 45.54500  0.49756  0.49770 
 45.64500  0.51229  0.51225 
 45.74500  0.52681  0.52682 
 45.84500  0.54127  0.54135 
 45.94500  0.55567  0.55577 
 46.04500  0.56994  0.57006 
 46.14500  0.58402  0.58410 
 46.24500  0.59783  0.59787 
 46.34500  0.61127  0.61130 
 46.44500  0.62427  0.62432 
 46.54500  0.63681  0.63690 
 46.64500  0.64887  0.64895 
 46.74500  0.66036  0.66047 
 46.84500  0.67122  0.67132 
 46.94500  0.68143  0.68157 
 47.04500  0.69097  0.69108 
 47.14500  0.69974  0.69986 
 47.24500  0.70772  0.70783 
 47.34500  0.71490  0.71500 
 47.44500  0.72122  0.72134 
 47.54500  0.72668  0.72680 
 47.64500  0.73121  0.73136 
 47.74500  0.73485  0.73500 
 47.84500  0.73759  0.73772 
 47.94500  0.73935  0.73948 
 48.04500  0.74017  0.74031 
 48.14500  0.74002  0.74016 
 48.24500  0.73894  0.73907 
 48.34500  0.73691  0.73704 
 48.44500  0.73394  0.73407 
 48.54500  0.73003  0.73016 
 48.64500  0.72522  0.72535 
 48.74500  0.71953  0.71966 
 48.84500  0.71297  0.71309 
 48.94500  0.70554  0.70566 
 49.04500  0.69732  0.69746 
 49.14500  0.68835  0.68846 
 49.24500  0.67862  0.67876 
 49.34500  0.66822  0.66835 
 49.44500  0.65717  0.65729 
 49.54500  0.64552  0.64563 
 49.64500  0.63330  0.63343 
 49.74500  0.62063  0.62073 
 49.84500  0.60749  0.60757 
 49.94500  0.59397  0.59404 
 50.04500  0.58008  0.58020 
 50.14500  0.56594  0.56607 
 50.24500  0.55159  0.55174 
 50.34500  0.53717  0.53728 
 50.44500  0.52271  0.52273 
 50.54500  0.50809  0.50817 
 50.64500  0.49350  0.49366 
 50.74500  0.47920  0.47926 
 50.84500  0.46504  0.46505 
 50.94500  0.45105  0.45107 
 51.04500  0.43736  0.43741 
 51.14500  0.42404  0.42409 
 51.24500  0.41113  0.41121 
 51.34500  0.39872  0.39882 
 51.44500  0.38688  0.38694 
 51.54500  0.37561  0.37566 
 51.64500  0.36499  0.36501 
 51.74500  0.35504  0.35507 
 51.84500  0.34583  0.34587 
 51.94500  0.33739  0.33741 
 52.04500  0.32975  0.32979 
 52.14500  0.32295  0.32299 
 52.24500  0.31707  0.31708 
 52.34500  0.31205  0.31208 
 52.44500  0.30794  0.30799 
 52.54500  0.30482  0.30484 
 52.64500  0.30265  0.30267 
 52.74500  0.30142  0.30144 
 52.84500  0.30119  0.30121 
 52.94500  0.30193  0.30195 
 53.04500  0.30364  0.30365 
 53.14500  0.30632  0.30634 
 53.24500  0.30993  0.30995 
 53.34500  0.31450  0.31451 
 53.44500  0.31998  0.32001 
 53.54500  0.32635  0.32639 
 53.64500  0.33358  0.33359 
 53.74500  0.34164  0.34165 
 53.84500  0.35048  0.35050 
 53.94500  0.36008  0.36011 
 54.04500  0.37039  0.37040 
 54.14500  0.38134  0.38138 
 54.24500  0.39292  0.39297 
 54.34500  0.40504  0.40512 
 54.44500  0.41773  0.41778 
 54.54500  0.43085  0.43089 
 54.64500  0.44438  0.44440 
 54.74500  0.45823  0.45821 
 54.84500  0.47232  0.47233 
 54.94500  0.48656  0.48664 
 55.04500  0.50093  0.50110 
 55.14500  0.51571  0.51565 
 55.24500  0.53015  0.53020 
 55.34500  0.54461  0.54471 
 55.44500  0.55898  0.55912 
 55.54500  0.57324  0.57335 
 55.64500  0.58726  0.58733 
 55.74500  0.60096  0.60102 
 55.84500  0.61429  0.61433 
 55.94500  0.62721  0.62727 
 56.04500  0.63963  0.63972 
 56.14500  0.65153  0.65162 
 56.24500  0.66287  0.66296 
 56.34500  0.67354  0.67369 
 56.44500  0.68362  0.68372 
 56.54500  0.69294  0.69304 
 56.64500  0.70150  0.70163 
 56.74500  0.70928  0.70940 
 56.84500  0.71623  0.71633 
 56.94500  0.72228  0.72241 
 57.04500  0.72747  0.72761 
 57.14500  0.73179  0.73192 
 57.24500  0.73514  0.73528 
 57.34500  0.73756  0.73769 
 57.44500  0.73900  0.73914 
 57.54500  0.73951  0.73966 
 57.64500  0.73903  0.73917 
 57.74500  0.73756  0.73773 
 57.84500  0.73517  0.73532 
 57.94500  0.73179  0.73194 
 58.04500  0.72747  0.72761 
 58.14500  0.72218  0.72234 
 58.24500  0.71601  0.71616 
 58.34500  0.70895  0.70909 
 58.44500  0.70099  0.70115 
 58.54500  0.69218  0.69234 
 58.64500  0.68258  0.68274 
 58.74500  0.67218  0.67231 
 58.84500  0.66103  0.66118 
 58.94500  0.64919  0.64935 
 59.04500  0.63669  0.63682 
 59.14500  0.62356  0.62368 
 59.24500  0.60983  0.60994 
 59.34500  0.59555  0.59568 
 59.44500  0.58080  0.58094 
 59.54500  0.56557  0.56573 
 59.64500  0.54998  0.55015 
 59.74500  0.53405  0.53425 
 59.84500  0.51791  0.51804 
 59.94500  0.50155  0.50159 
 60.04500  0.48479  0.48496 
 60.14500  0.46802  0.46819 
 60.24500  0.45125  0.45132 
 60.34500  0.43439  0.43443 
 60.44500  0.41748  0.41754 
 60.54500  0.40061  0.40071 
 60.64500  0.38386  0.38397 
 60.74500  0.36727  0.36738 
 60.84500  0.35086  0.35096 
 60.94500  0.33467  0.33480 
 61.04500  0.31879  0.31886 
 61.14500  0.30316  0.30324 
 61.24500  0.28789  0.28796 
 61.34500  0.27294  0.27300 
 61.44500  0.25840  0.25845 
 61.54500  0.24428  0.24431 
 61.64500  0.23057  0.23061 
 61.74500  0.21734  0.21736 
 61.84500  0.20457  0.20461 
 61.94500  0.19226  0.19231 
 62.04500  0.18049  0.18055 
 62.14500  0.16925  0.16927 
 62.24500  0.15851  0.15855 
 62.34500  0.14832  0.14833 
 62.44500  0.13866  0.13867 
 62.54500  0.12954  0.12957 
 62.64500  0.12095  0.12097 
 62.74500  0.11292  0.11295 
 62.84500  0.10546  0.10543 
 62.94500  0.09849  0.09849 
 63.04500  0.09209  0.09212 
 63.14500  0.08621  0.08623 
 63.24500  0.08091  0.08090 
 63.34500  0.07610  0.07611 
 63.44500  0.07184  0.07184 
 63.54500  0.06812  0.06811 
 63.64500  0.06491  0.06488 
 63.74500  0.06219  0.06219 
 63.84500  0.06003  0.06001 
 63.94500  0.05835  0.05834 
 64.04500  0.05718  0.05718 
 64.14500  0.05656  0.05653 
