  0.04500  0.62335  0.62340 
  0.14500  0.62335  0.62340 
  0.24500  0.62330  0.62337 
  0.34500  0.62323  0.62330 
  0.44500  0.62318  0.62324 
  0.54500  0.62309  0.62315 
  0.64500  0.62297  0.62305 
  0.74500  0.62286  0.62293 
  0.84500  0.62271  0.62278 
  0.94500  0.62256  0.62264 
  1.04500  0.62237  0.62245 
  1.14500  0.62218  0.62227 
  1.24500  0.62196  0.62206 
  1.34500  0.62174  0.62182 
  1.44500  0.62150  0.62158 
  1.54500  0.62124  0.62132 
  1.64500  0.62095  0.62104 
  1.74500  0.62067  0.62076 
  1.84500  0.62035  0.62045 
  1.94500  0.62002  0.62012 
  2.04500  0.61968  0.61978 
  2.14500  0.61932  0.61942 
  2.24500  0.61895  0.61904 
  2.34500  0.61854  0.61866 
  2.44500  0.61814  0.61825 
  2.54500  0.61772  0.61782 
  2.64500  0.61727  0.61739 
  2.74500  0.61682  0.61693 
  2.84500  0.61635  0.61646 
  2.94500  0.61587  0.61600 
  3.04500  0.61536  0.61550 
  3.14500  0.61485  0.61497 
  3.24500  0.61431  0.61445 
  3.34500  0.61377  0.61391 
  3.44500  0.61321  0.61335 
  3.54500  0.61264  0.61278 
  3.64500  0.61207  0.61220 
  3.74500  0.61146  0.61161 
  3.84500  0.61086  0.61100 
  3.94500  0.61023  0.61038 
  4.04500  0.60959  0.60974 
  4.14500  0.60895  0.60910 
  4.24500  0.60829  0.60843 
  4.34500  0.60761  0.60777 
  4.44500  0.60694  0.60708 
  4.54500  0.60622  0.60639 
  4.64500  0.60551  0.60568 
  4.74500  0.60480  0.60496 
  4.84500  0.60409  0.60425 
  4.94500  0.60332  0.60350 
  5.04500  0.60258  0.60275 
  5.14500  0.60183  0.60200 
  5.24500  0.60105  0.60123 
  5.34500  0.60027  0.60046 
  5.44500  0.59949  0.59967 
  5.54500  0.59869  0.59888 
  5.64500  0.59788  0.59808 
  5.74500  0.59708  0.59726 
  5.84500  0.59624  0.59645 
  5.94500  0.59543  0.59561 
  6.04500  0.59459  0.59479 
  6.14500  0.59374  0.59394 
  6.24500  0.59289  0.59310 
  6.34500  0.59202  0.59224 
  6.44500  0.59116  0.59138 
  6.54500  0.59030  0.59051 
  6.64500  0.58943  0.58963 
  6.74500  0.58855  0.58876 
  6.84500  0.58767  0.58788 
  6.94500  0.58679  0.58699 
  7.04500  0.58588  0.58609 
  7.14500  0.58498  0.58519 
  7.24500  0.58409  0.58429 
  7.34500  0.58317  0.58338 
  7.44500  0.58227  0.58247 
  7.54500  0.58135  0.58156 
  7.64500  0.58044  0.58065 
  7.74500  0.57953  0.57974 
  7.84500  0.57860  0.57881 
  7.94500  0.57768  0.57788 
  8.04500  0.57676  0.57695 
  8.14500  0.57583  0.57605 
  8.24500  0.57491  0.57511 
  8.34500  0.57396  0.57417 
  8.44500  0.57304  0.57325 
  8.54500  0.57210  0.57232 
  8.64500  0.57119  0.57138 
  8.74500  0.57026  0.57045 
  8.84500  0.56934  0.56953 
  8.94500  0.56838  0.56859 
  9.04500  0.56747  0.56765 
  9.14500  0.56654  0.56675 
  9.24500  0.56562  0.56581 
  9.34500  0.56469  0.56487 
  9.44500  0.56377  0.56395 
  9.54500  0.56284  0.56304 
  9.64500  0.56192  0.56211 
  9.74500  0.56101  0.56119 
  9.84500  0.56010  0.56027 
  9.94500  0.55918  0.55936 
 10.04500  0.55826  0.55845 
 10.14500  0.55735  0.55755 
 10.24500  0.55646  0.55664 
 10.34500  0.55557  0.55574 
 10.44500  0.55468  0.55484 
 10.54500  0.55378  0.55395 
 10.64500  0.55288  0.55306 
 10.74500  0.55200  0.55218 
 10.84500  0.55113  0.55130 
 10.94500  0.55025  0.55042 
 11.04500  0.54937  0.54955 
 11.14500  0.54850  0.54869 
 11.24500  0.54765  0.54781 
 11.34500  0.54681  0.54697 
 11.44500  0.54595  0.54611 
 11.54500  0.54511  0.54527 
 11.64500  0.54428  0.54443 
 11.74500  0.54344  0.54360 
 11.84500  0.54261  0.54277 
 11.94500  0.54179  0.54195 
 12.04500  0.54096  0.54114 
 12.14500  0.54016  0.54032 
 12.24500  0.53937  0.53952 
 12.34500  0.53858  0.53873 
 12.44500  0.53778  0.53794 
 12.54500  0.53700  0.53716 
 12.64500  0.53623  0.53638 
 12.74500  0.53546  0.53562 
 12.84500  0.53470  0.53485 
 12.94500  0.53395  0.53410 
 13.04500  0.53320  0.53335 
 13.14500  0.53246  0.53261 
 13.24500  0.53173  0.53188 
 13.34500  0.53101  0.53115 
 13.44500  0.53029  0.53044 
 13.54500  0.52958  0.52973 
 13.64500  0.52888  0.52903 
 13.74500  0.52818  0.52833 
 13.84500  0.52750  0.52764 
 13.94500  0.52682  0.52697 
 14.04500  0.52616  0.52630 
 14.14500  0.52549  0.52563 
 14.24500  0.52482  0.52497 
 14.34500  0.52418  0.52433 
 14.44500  0.52353  0.52369 
 14.54500  0.52290  0.52305 
 14.64500  0.52229  0.52243 
 14.74500  0.52167  0.52181 
 14.84500  0.52105  0.52121 
 14.94500  0.52046  0.52061 
 15.04500  0.51986  0.52001 
 15.14500  0.51928  0.51943 
 15.24500  0.51871  0.51886 
 15.34500  0.51814  0.51828 
 15.44500  0.51758  0.51772 
 15.54500  0.51703  0.51717 
 15.64500  0.51649  0.51663 
 15.74500  0.51595  0.51609 
 15.84500  0.51543  0.51555 
 15.94500  0.51491  0.51505 
 16.04500  0.51439  0.51451 
 16.14500  0.51388  0.51400 
 16.24500  0.51339  0.51350 
 16.34500  0.51289  0.51302 
 16.44500  0.51241  0.51255 
 16.54500  0.51193  0.51206 
 16.64500  0.51147  0.51160 
 16.74500  0.51101  0.51114 
 16.84500  0.51056  0.51069 
 16.94500  0.51011  0.51023 
 17.04500  0.50968  0.50980 
 17.14500  0.50923  0.50937 
 17.24500  0.50883  0.50894 
 17.34500  0.50841  0.50852 
 17.44500  0.50800  0.50812 
 17.54500  0.50760  0.50772 
 17.64500  0.50720  0.50732 
 17.74500  0.50681  0.50693 
 17.84500  0.50643  0.50655 
 17.94500  0.50606  0.50617 
 18.04500  0.50570  0.50580 
 18.14500  0.50533  0.50544 
 18.24500  0.50497  0.50508 
 18.34500  0.50462  0.50474 
 18.44500  0.50428  0.50438 
 18.54500  0.50396  0.50405 
 18.64500  0.50362  0.50372 
 18.74500  0.50330  0.50340 
 18.84500  0.50298  0.50308 
 18.94500  0.50267  0.50277 
 19.04500  0.50237  0.50246 
 19.14500  0.50207  0.50216 
 19.24500  0.50178  0.50187 
 19.34500  0.50150  0.50159 
 19.44500  0.50121  0.50130 
 19.54500  0.50094  0.50102 
 19.64500  0.50066  0.50075 
 19.74500  0.50041  0.50048 
 19.84500  0.50014  0.50022 
 19.94500  0.49989  0.49998 
 20.04500  0.49963  0.49972 
 20.14500  0.49939  0.49948 
 20.24500  0.49915  0.49922 
 20.34500  0.49892  0.49900 
 20.44500  0.49868  0.49877 
 20.54500  0.49847  0.49853 
 20.64500  0.49824  0.49831 
 20.74500  0.49803  0.49810 
 20.84500  0.49781  0.49789 
 20.94500  0.49761  0.49768 
 21.04500  0.49741  0.49747 
 21.14500  0.49720  0.49727 
 21.24500  0.49702  0.49709 
 21.34500  0.49682  0.49689 
 21.44500  0.49664  0.49671 
 21.54500  0.49647  0.49653 
 21.64500  0.49628  0.49635 
 21.74500  0.49611  0.49617 
 21.84500  0.49594  0.49600 
 21.94500  0.49578  0.49584 
 22.04500  0.49561  0.49567 
 22.14500  0.49546  0.49552 
 22.24500  0.49531  0.49536 
 22.34500  0.49516  0.49521 
 22.44500  0.49502  0.49506 
 22.54500  0.49487  0.49493 
 22.64500  0.49473  0.49477 
 22.74500  0.49460  0.49464 
 22.84500  0.49446  0.49450 
 22.94500  0.49432  0.49437 
 23.04500  0.49419  0.49424 
 23.14500  0.49408  0.49412 
 23.24500  0.49396  0.49399 
 23.34500  0.49384  0.49387 
 23.44500  0.49371  0.49376 
 23.54500  0.49361  0.49365 
 23.64500  0.49349  0.49354 
 23.74500  0.49339  0.49343 
 23.84500  0.49329  0.49333 
 23.94500  0.49318  0.49322 
 24.04500  0.49308  0.49312 
 24.14500  0.49300  0.49302 
 24.24500  0.49290  0.49293 
 24.34500  0.49281  0.49284 
 24.44500  0.49272  0.49275 
 24.54500  0.49262  0.49267 
 24.64500  0.49255  0.49259 
 24.74500  0.49248  0.49250 
 24.84500  0.49237  0.49241 
 24.94500  0.49231  0.49234 
 25.04500  0.49224  0.49228 
 25.14500  0.49215  0.49220 
 25.24500  0.49210  0.49212 
 25.34500  0.49202  0.49206 
 25.44500  0.49196  0.49200 
 25.54500  0.49190  0.49192 
 25.64500  0.49184  0.49188 
 25.74500  0.49177  0.49180 
 25.84500  0.49172  0.49176 
 25.94500  0.49165  0.49170 
 26.04500  0.49161  0.49165 
 26.14500  0.49156  0.49160 
 26.24500  0.49150  0.49155 
 26.34500  0.49146  0.49150 
 26.44500  0.49142  0.49147 
 26.54500  0.49138  0.49140 
 26.64500  0.49133  0.49140 
 26.74500  0.49132  0.49132 
 26.84500  0.49125  0.49130 
 26.94500  0.49123  0.49130 
 27.04500  0.49119  0.49120 
 27.14500  0.49115  0.49120 
 27.24500  0.49113  0.49120 
 27.34500  0.49111  0.49115 
 27.44500  0.49110  0.49110 
 27.54500  0.49104  0.49110 
 27.64500  0.49103  0.49110 
 27.74500  0.49103  0.49110 
 27.84500  0.49101  0.49102 
 27.94500  0.49099  0.49100 
 28.04500  0.49098  0.49100 
 28.14500  0.49094  0.49100 
 28.24500  0.49095  0.49100 
 28.34500  0.49095  0.49100 
 28.44500  0.49095  0.49100 
 28.54500  0.49094  0.49100 
 28.64500  0.49093  0.49100 
 28.74500  0.49093  0.49100 
 28.84500  0.49094  0.49100 
 28.94500  0.49094  0.49100 
 29.04500  0.49095  0.49100 
 29.14500  0.49094  0.49100 
 29.24500  0.49097  0.49100 
 29.34500  0.49095  0.49100 
 29.44500  0.49097  0.49100 
 29.54500  0.49099  0.49100 
 29.64500  0.49103  0.49101 
 29.74500  0.49106  0.49110 
 29.84500  0.49106  0.49110 
 29.94500  0.49108  0.49110 
 30.04500  0.49113  0.49110 
 30.14500  0.49115  0.49113 
 30.24500  0.49116  0.49120 
 30.34500  0.49117  0.49120 
 30.44500  0.49120  0.49120 
 30.54500  0.49124  0.49128 
 30.64500  0.49129  0.49130 
 30.74500  0.49132  0.49130 
 30.84500  0.49134  0.49138 
 30.94500  0.49140  0.49140 
 31.04500  0.49143  0.49142 
 31.14500  0.49147  0.49150 
 31.24500  0.49151  0.49150 
 31.34500  0.49155  0.49159 
 31.44500  0.49162  0.49160 
 31.54500  0.49166  0.49167 
 31.64500  0.49173  0.49170 
 31.74500  0.49175  0.49177 
 31.84500  0.49182  0.49180 
 31.94500  0.49186  0.49188 
 32.04500  0.49194  0.49190 
 32.14500  0.49200  0.49200 
 32.24500  0.49204  0.49203 
 32.34500  0.49210  0.49210 
 32.44500  0.49219  0.49217 
 32.54500  0.49224  0.49222 
 32.64500  0.49231  0.49230 
 32.74500  0.49239  0.49236 
 32.84500  0.49245  0.49242 
 32.94500  0.49252  0.49250 
 33.04500  0.49260  0.49258 
 33.14500  0.49268  0.49264 
 33.24500  0.49274  0.49271 
 33.34500  0.49282  0.49280 
 33.44500  0.49291  0.49288 
 33.54500  0.49298  0.49295 
 33.64500  0.49308  0.49303 
 33.74500  0.49315  0.49310 
 33.84500  0.49323  0.49320 
 33.94500  0.49332  0.49328 
 34.04500  0.49339  0.49337 
 34.14500  0.49349  0.49345 
 34.24500  0.49358  0.49354 
 34.34500  0.49367  0.49363 
 34.44500  0.49376  0.49372 
 34.54500  0.49385  0.49381 
 34.64500  0.49395  0.49390 
 34.74500  0.49404  0.49400 
 34.84500  0.49415  0.49410 
 34.94500  0.49423  0.49419 
 35.04500  0.49433  0.49429 
 35.14500  0.49443  0.49439 
 35.24500  0.49454  0.49449 
 35.34500  0.49463  0.49459 
 35.44500  0.49473  0.49469 
 35.54500  0.49485  0.49479 
 35.64500  0.49494  0.49489 
 35.74500  0.49504  0.49500 
 35.84500  0.49515  0.49511 
 35.94500  0.49526  0.49521 
 36.04500  0.49535  0.49532 
 36.14500  0.49548  0.49543 
 36.24500  0.49556  0.49553 
 36.34500  0.49568  0.49564 
 36.44500  0.49579  0.49575 
 36.54500  0.49591  0.49586 
 36.64500  0.49599  0.49597 
 36.74500  0.49613  0.49608 
 36.84500  0.49623  0.49619 
 36.94500  0.49635  0.49631 
 37.04500  0.49646  0.49642 
 37.14500  0.49657  0.49653 
 37.24500  0.49668  0.49664 
 37.34500  0.49680  0.49676 
 37.44500  0.49692  0.49687 
 37.54500  0.49703  0.49698 
 37.64500  0.49714  0.49709 
 37.74500  0.49725  0.49722 
 37.84500  0.49735  0.49733 
 37.94500  0.49748  0.49744 
 38.04500  0.49758  0.49755 
 38.14500  0.49771  0.49766 
 38.24500  0.49782  0.49778 
 38.34500  0.49793  0.49789 
 38.44500  0.49804  0.49801 
 38.54500  0.49816  0.49812 
 38.64500  0.49827  0.49823 
 38.74500  0.49837  0.49834 
 38.84500  0.49850  0.49845 
 38.94500  0.49860  0.49856 
 39.04500  0.49871  0.49867 
 39.14500  0.49884  0.49878 
 39.24500  0.49893  0.49889 
 39.34500  0.49903  0.49899 
 39.44500  0.49915  0.49911 
 39.54500  0.49925  0.49921 
 39.64500  0.49937  0.49932 
 39.74500  0.49947  0.49942 
 39.84500  0.49957  0.49952 
 39.94500  0.49967  0.49962 
 40.04500  0.49977  0.49972 
 40.14500  0.49985  0.49982 
 40.24500  0.49999  0.49992 
 40.34500  0.50007  0.50002 
 40.44500  0.50018  0.50011 
 40.54500  0.50026  0.50020 
 40.64500  0.50035  0.50030 
 40.74500  0.50045  0.50039 
 40.84500  0.50054  0.50048 
 40.94500  0.50062  0.50057 
 41.04500  0.50072  0.50065 
 41.14500  0.50079  0.50073 
 41.24500  0.50087  0.50080 
 41.34500  0.50094  0.50090 
 41.44500  0.50103  0.50097 
 41.54500  0.50113  0.50104 
 41.64500  0.50118  0.50110 
 41.74500  0.50127  0.50120 
 41.84500  0.50132  0.50125 
 41.94500  0.50139  0.50130 
 42.04500  0.50147  0.50140 
 42.14500  0.50153  0.50143 
 42.24500  0.50158  0.50150 
 42.34500  0.50164  0.50155 
 42.44500  0.50169  0.50160 
 42.54500  0.50174  0.50165 
 42.64500  0.50179  0.50170 
 42.74500  0.50184  0.50172 
 42.84500  0.50188  0.50180 
 42.94500  0.50191  0.50180 
 43.04500  0.50194  0.50183 
 43.14500  0.50198  0.50190 
 43.24500  0.50200  0.50190 
 43.34500  0.50204  0.50190 
 43.44500  0.50206  0.50190 
 43.54500  0.50206  0.50198 
 43.64500  0.50207  0.50200 
 43.74500  0.50209  0.50200 
 43.84500  0.50209  0.50200 
 43.94500  0.50209  0.50200 
 44.04500  0.50210  0.50200 
 44.14500  0.50208  0.50200 
 44.24500  0.50207  0.50193 
 44.34500  0.50205  0.50190 
 44.44500  0.50204  0.50190 
 44.54500  0.50201  0.50190 
 44.64500  0.50201  0.50185 
 44.74500  0.50195  0.50180 
 44.84500  0.50191  0.50180 
 44.94500  0.50187  0.50171 
 45.04500  0.50182  0.50170 
 45.14500  0.50177  0.50161 
 45.24500  0.50171  0.50158 
 45.34500  0.50164  0.50150 
 45.44500  0.50157  0.50143 
 45.54500  0.50150  0.50136 
 45.64500  0.50140  0.50128 
 45.74500  0.50134  0.50120 
 45.84500  0.50125  0.50110 
 45.94500  0.50114  0.50101 
 46.04500  0.50106  0.50091 
 46.14500  0.50095  0.50079 
 46.24500  0.50082  0.50068 
 46.34500  0.50072  0.50057 
 46.44500  0.50058  0.50045 
 46.54500  0.50046  0.50032 
 46.64500  0.50033  0.50017 
 46.74500  0.50019  0.50004 
 46.84500  0.50003  0.49989 
 46.94500  0.49988  0.49974 
 47.04500  0.49973  0.49958 
 47.14500  0.49956  0.49942 
 47.24500  0.49939  0.49925 
 47.34500  0.49921  0.49906 
 47.44500  0.49903  0.49888 
 47.54500  0.49885  0.49869 
 47.64500  0.49864  0.49849 
 47.74500  0.49844  0.49829 
 47.84500  0.49823  0.49809 
 47.94500  0.49801  0.49787 
 48.04500  0.49778  0.49764 
 48.14500  0.49756  0.49742 
 48.24500  0.49732  0.49718 
 48.34500  0.49707  0.49695 
 48.44500  0.49683  0.49670 
 48.54500  0.49658  0.49644 
 48.64500  0.49632  0.49618 
 48.74500  0.49604  0.49591 
 48.84500  0.49577  0.49563 
 48.94500  0.49549  0.49536 
 49.04500  0.49520  0.49507 
 49.14500  0.49490  0.49477 
 49.24500  0.49461  0.49447 
 49.34500  0.49430  0.49416 
 49.44500  0.49398  0.49385 
 49.54500  0.49366  0.49352 
 49.64500  0.49333  0.49318 
 49.74500  0.49300  0.49285 
 49.84500  0.49266  0.49252 
 49.94500  0.49231  0.49217 
 50.04500  0.49195  0.49182 
 50.14500  0.49159  0.49145 
 50.24500  0.49121  0.49109 
 50.34500  0.49084  0.49071 
 50.44500  0.49046  0.49034 
 50.54500  0.49008  0.48994 
 50.64500  0.48969  0.48954 
 50.74500  0.48927  0.48914 
 50.84500  0.48887  0.48874 
 50.94500  0.48845  0.48832 
 51.04500  0.48803  0.48791 
 51.14500  0.48761  0.48748 
 51.24500  0.48718  0.48704 
 51.34500  0.48673  0.48661 
 51.44500  0.48629  0.48616 
 51.54500  0.48585  0.48570 
 51.64500  0.48540  0.48525 
 51.74500  0.48492  0.48479 
 51.84500  0.48446  0.48431 
 51.94500  0.48399  0.48385 
 52.04500  0.48349  0.48335 
 52.14500  0.48301  0.48287 
 52.24500  0.48252  0.48240 
 52.34500  0.48203  0.48190 
 52.44500  0.48151  0.48140 
 52.54500  0.48101  0.48085 
 52.64500  0.48050  0.48035 
 52.74500  0.47998  0.47985 
 52.84500  0.47946  0.47930 
 52.94500  0.47893  0.47878 
 53.04500  0.47840  0.47825 
 53.14500  0.47786  0.47771 
 53.24500  0.47731  0.47716 
 53.34500  0.47677  0.47662 
 53.44500  0.47623  0.47606 
 53.54500  0.47567  0.47551 
 53.64500  0.47511  0.47494 
 53.74500  0.47455  0.47438 
 53.84500  0.47398  0.47382 
 53.94500  0.47341  0.47324 
 54.04500  0.47283  0.47266 
 54.14500  0.47226  0.47208 
 54.24500  0.47167  0.47150 
 54.34500  0.47110  0.47091 
 54.44500  0.47051  0.47033 
 54.54500  0.46991  0.46973 
 54.64500  0.46933  0.46913 
 54.74500  0.46873  0.46855 
 54.84500  0.46813  0.46795 
 54.94500  0.46754  0.46734 
 55.04500  0.46693  0.46673 
 55.14500  0.46633  0.46613 
 55.24500  0.46572  0.46552 
 55.34500  0.46512  0.46491 
 55.44500  0.46452  0.46431 
 55.54500  0.46391  0.46369 
 55.64500  0.46330  0.46309 
 55.74500  0.46268  0.46247 
 55.84500  0.46207  0.46185 
 55.94500  0.46146  0.46124 
 56.04500  0.46085  0.46062 
 56.14500  0.46023  0.46001 
 56.24500  0.45963  0.45940 
 56.34500  0.45901  0.45879 
 56.44500  0.45840  0.45817 
 56.54500  0.45779  0.45756 
 56.64500  0.45717  0.45695 
 56.74500  0.45657  0.45634 
 56.84500  0.45596  0.45573 
 56.94500  0.45535  0.45512 
 57.04500  0.45474  0.45451 
 57.14500  0.45415  0.45391 
 57.24500  0.45355  0.45331 
 57.34500  0.45293  0.45271 
 57.44500  0.45235  0.45211 
 57.54500  0.45175  0.45153 
 57.64500  0.45117  0.45093 
 57.74500  0.45058  0.45034 
 57.84500  0.44999  0.44976 
 57.94500  0.44942  0.44918 
 58.04500  0.44883  0.44860 
 58.14500  0.44826  0.44803 
 58.24500  0.44770  0.44746 
 58.34500  0.44712  0.44690 
 58.44500  0.44657  0.44634 
 58.54500  0.44600  0.44579 
 58.64500  0.44546  0.44524 
 58.74500  0.44491  0.44470 
 58.84500  0.44437  0.44415 
 58.94500  0.44385  0.44363 
 59.04500  0.44332  0.44310 
 59.14500  0.44279  0.44260 
 59.24500  0.44228  0.44205 
 59.34500  0.44176  0.44155 
 59.44500  0.44126  0.44105 
 59.54500  0.44077  0.44055 
 59.64500  0.44027  0.44010 
 59.74500  0.43979  0.43960 
 59.84500  0.43933  0.43914 
 59.94500  0.43885  0.43867 
 60.04500  0.43840  0.43821 
 60.14500  0.43794  0.43777 
 60.24500  0.43751  0.43732 
 60.34500  0.43707  0.43689 
 60.44500  0.43665  0.43648 
 60.54500  0.43623  0.43606 
 60.64500  0.43582  0.43566 
 60.74500  0.43541  0.43526 
 60.84500  0.43503  0.43487 
 60.94500  0.43465  0.43450 
 61.04500  0.43428  0.43413 
 61.14500  0.43391  0.43378 
 61.24500  0.43356  0.43342 
 61.34500  0.43322  0.43308 
 61.44500  0.43289  0.43276 
 61.54500  0.43257  0.43245 
 61.64500  0.43225  0.43214 
 61.74500  0.43196  0.43184 
 61.84500  0.43168  0.43156 
 61.94500  0.43140  0.43129 
 62.04500  0.43113  0.43102 
 62.14500  0.43088  0.43078 
 62.24500  0.43064  0.43052 
 62.34500  0.43041  0.43030 
 62.44500  0.43019  0.43008 
 62.54500  0.42996  0.42987 
 62.64500  0.42977  0.42967 
 62.74500  0.42959  0.42949 
 62.84500  0.42942  0.42932 
 62.94500  0.42924  0.42916 
 63.04500  0.42910  0.42901 
 63.14500  0.42896  0.42887 
 63.24500  0.42883  0.42875 
 63.34500  0.42871  0.42864 
 63.44500  0.42863  0.42853 
 63.54500  0.42852  0.42844 
 63.64500  0.42844  0.42838 
 63.74500  0.42838  0.42830 
 63.84500  0.42832  0.42825 
 63.94500  0.42830  0.42820 
 64.04500  0.42826  0.42820 
 64.14500  0.42825  0.42820 
