  0.04500  0.54190  0.54220 
  0.14500  0.54190  0.54220 
  0.24500  0.54190  0.54220 
  0.34500  0.54190  0.54220 
  0.44500  0.54189  0.54220 
  0.54500  0.54189  0.54220 
  0.64500  0.54190  0.54220 
  0.74500  0.54190  0.54216 
  0.84500  0.54190  0.54210 
  0.94500  0.54188  0.54210 
  1.04500  0.54188  0.54210 
  1.14500  0.54182  0.54210 
  1.24500  0.54182  0.54210 
  1.34500  0.54183  0.54210 
  1.44500  0.54180  0.54210 
  1.54500  0.54178  0.54208 
  1.64500  0.54177  0.54200 
  1.74500  0.54174  0.54200 
  1.84500  0.54175  0.54200 
  1.94500  0.54172  0.54200 
  2.04500  0.54171  0.54200 
  2.14500  0.54166  0.54190 
  2.24500  0.54164  0.54190 
  2.34500  0.54165  0.54190 
  2.44500  0.54164  0.54190 
  2.54500  0.54156  0.54182 
  2.64500  0.54154  0.54180 
  2.74500  0.54154  0.54180 
  2.84500  0.54149  0.54177 
  2.94500  0.54147  0.54170 
  3.04500  0.54142  0.54170 
  3.14500  0.54139  0.54169 
  3.24500  0.54138  0.54160 
  3.34500  0.54131  0.54160 
  3.44500  0.54128  0.54158 
  3.54500  0.54127  0.54150 
  3.64500  0.54122  0.54150 
  3.74500  0.54118  0.54145 
  3.84500  0.54114  0.54140 
  3.94500  0.54111  0.54140 
  4.04500  0.54105  0.54130 
  4.14500  0.54103  0.54130 
  4.24500  0.54096  0.54123 
  4.34500  0.54094  0.54120 
  4.44500  0.54088  0.54116 
  4.54500  0.54084  0.54110 
  4.64500  0.54080  0.54107 
  4.74500  0.54075  0.54100 
  4.84500  0.54070  0.54097 
  4.94500  0.54063  0.54090 
  5.04500  0.54060  0.54087 
  5.14500  0.54055  0.54080 
  5.24500  0.54049  0.54076 
  5.34500  0.54045  0.54070 
  5.44500  0.54037  0.54064 
  5.54500  0.54034  0.54060 
  5.64500  0.54026  0.54052 
  5.74500  0.54021  0.54049 
  5.84500  0.54016  0.54040 
  5.94500  0.54009  0.54036 
  6.04500  0.54004  0.54030 
  6.14500  0.53998  0.54022 
  6.24500  0.53992  0.54018 
  6.34500  0.53984  0.54010 
  6.44500  0.53979  0.54004 
  6.54500  0.53972  0.53999 
  6.64500  0.53967  0.53990 
  6.74500  0.53958  0.53984 
  6.84500  0.53953  0.53978 
  6.94500  0.53945  0.53970 
  7.04500  0.53938  0.53962 
  7.14500  0.53931  0.53957 
  7.24500  0.53924  0.53950 
  7.34500  0.53916  0.53940 
  7.44500  0.53909  0.53934 
  7.54500  0.53901  0.53927 
  7.64500  0.53894  0.53920 
  7.74500  0.53887  0.53910 
  7.84500  0.53878  0.53903 
  7.94500  0.53871  0.53896 
  8.04500  0.53863  0.53889 
  8.14500  0.53854  0.53880 
  8.24500  0.53848  0.53871 
  8.34500  0.53839  0.53863 
  8.44500  0.53831  0.53855 
  8.54500  0.53822  0.53847 
  8.64500  0.53814  0.53839 
  8.74500  0.53806  0.53830 
  8.84500  0.53797  0.53821 
  8.94500  0.53788  0.53812 
  9.04500  0.53779  0.53804 
  9.14500  0.53771  0.53795 
  9.24500  0.53762  0.53786 
  9.34500  0.53753  0.53777 
  9.44500  0.53743  0.53768 
  9.54500  0.53734  0.53759 
  9.64500  0.53726  0.53749 
  9.74500  0.53716  0.53740 
  9.84500  0.53706  0.53730 
  9.94500  0.53696  0.53721 
 10.04500  0.53687  0.53711 
 10.14500  0.53678  0.53701 
 10.24500  0.53668  0.53692 
 10.34500  0.53658  0.53682 
 10.44500  0.53649  0.53672 
 10.54500  0.53638  0.53662 
 10.64500  0.53627  0.53652 
 10.74500  0.53618  0.53642 
 10.84500  0.53608  0.53631 
 10.94500  0.53598  0.53621 
 11.04500  0.53587  0.53611 
 11.14500  0.53576  0.53600 
 11.24500  0.53566  0.53589 
 11.34500  0.53557  0.53579 
 11.44500  0.53545  0.53568 
 11.54500  0.53535  0.53557 
 11.64500  0.53524  0.53546 
 11.74500  0.53513  0.53535 
 11.84500  0.53502  0.53525 
 11.94500  0.53491  0.53514 
 12.04500  0.53480  0.53503 
 12.14500  0.53469  0.53492 
 12.24500  0.53458  0.53479 
 12.34500  0.53447  0.53468 
 12.44500  0.53435  0.53457 
 12.54500  0.53424  0.53445 
 12.64500  0.53412  0.53434 
 12.74500  0.53401  0.53423 
 12.84500  0.53389  0.53411 
 12.94500  0.53378  0.53398 
 13.04500  0.53366  0.53387 
 13.14500  0.53354  0.53375 
 13.24500  0.53342  0.53364 
 13.34500  0.53331  0.53352 
 13.44500  0.53319  0.53338 
 13.54500  0.53307  0.53327 
 13.64500  0.53294  0.53315 
 13.74500  0.53282  0.53303 
 13.84500  0.53270  0.53290 
 13.94500  0.53258  0.53277 
 14.04500  0.53245  0.53265 
 14.14500  0.53233  0.53253 
 14.24500  0.53220  0.53240 
 14.34500  0.53207  0.53227 
 14.44500  0.53195  0.53215 
 14.54500  0.53183  0.53203 
 14.64500  0.53170  0.53189 
 14.74500  0.53157  0.53176 
 14.84500  0.53144  0.53164 
 14.94500  0.53131  0.53151 
 15.04500  0.53118  0.53137 
 15.14500  0.53105  0.53125 
 15.24500  0.53092  0.53112 
 15.34500  0.53079  0.53097 
 15.44500  0.53066  0.53085 
 15.54500  0.53053  0.53072 
 15.64500  0.53040  0.53057 
 15.74500  0.53025  0.53045 
 15.84500  0.53012  0.53032 
 15.94500  0.52999  0.53017 
 16.04500  0.52985  0.53004 
 16.14500  0.52972  0.52991 
 16.24500  0.52958  0.52976 
 16.34500  0.52944  0.52964 
 16.44500  0.52931  0.52949 
 16.54500  0.52918  0.52936 
 16.64500  0.52904  0.52923 
 16.74500  0.52891  0.52907 
 16.84500  0.52877  0.52894 
 16.94500  0.52863  0.52880 
 17.04500  0.52848  0.52866 
 17.14500  0.52834  0.52853 
 17.24500  0.52820  0.52837 
 17.34500  0.52806  0.52824 
 17.44500  0.52791  0.52809 
 17.54500  0.52777  0.52795 
 17.64500  0.52764  0.52781 
 17.74500  0.52749  0.52766 
 17.84500  0.52735  0.52753 
 17.94500  0.52721  0.52737 
 18.04500  0.52706  0.52724 
 18.14500  0.52691  0.52709 
 18.24500  0.52678  0.52695 
 18.34500  0.52663  0.52679 
 18.44500  0.52649  0.52665 
 18.54500  0.52634  0.52651 
 18.64500  0.52619  0.52636 
 18.74500  0.52605  0.52621 
 18.84500  0.52589  0.52606 
 18.94500  0.52575  0.52593 
 19.04500  0.52560  0.52576 
 19.14500  0.52545  0.52563 
 19.24500  0.52532  0.52546 
 19.34500  0.52516  0.52533 
 19.44500  0.52501  0.52517 
 19.54500  0.52486  0.52503 
 19.64500  0.52471  0.52487 
 19.74500  0.52456  0.52473 
 19.84500  0.52441  0.52457 
 19.94500  0.52426  0.52443 
 20.04500  0.52410  0.52426 
 20.14500  0.52396  0.52413 
 20.24500  0.52380  0.52396 
 20.34500  0.52365  0.52382 
 20.44500  0.52350  0.52366 
 20.54500  0.52335  0.52351 
 20.64500  0.52320  0.52336 
 20.74500  0.52304  0.52321 
 20.84500  0.52290  0.52305 
 20.94500  0.52274  0.52290 
 21.04500  0.52259  0.52275 
 21.14500  0.52244  0.52259 
 21.24500  0.52228  0.52244 
 21.34500  0.52213  0.52228 
 21.44500  0.52198  0.52213 
 21.54500  0.52182  0.52196 
 21.64500  0.52167  0.52182 
 21.74500  0.52151  0.52166 
 21.84500  0.52136  0.52151 
 21.94500  0.52121  0.52135 
 22.04500  0.52106  0.52119 
 22.14500  0.52091  0.52104 
 22.24500  0.52074  0.52088 
 22.34500  0.52059  0.52073 
 22.44500  0.52045  0.52056 
 22.54500  0.52028  0.52042 
 22.64500  0.52012  0.52025 
 22.74500  0.51997  0.52010 
 22.84500  0.51982  0.51994 
 22.94500  0.51966  0.51978 
 23.04500  0.51951  0.51964 
 23.14500  0.51935  0.51946 
 23.24500  0.51920  0.51932 
 23.34500  0.51904  0.51915 
 23.44500  0.51889  0.51900 
 23.54500  0.51873  0.51884 
 23.64500  0.51857  0.51868 
 23.74500  0.51842  0.51852 
 23.84500  0.51826  0.51836 
 23.94500  0.51810  0.51820 
 24.04500  0.51794  0.51805 
 24.14500  0.51779  0.51788 
 24.24500  0.51763  0.51774 
 24.34500  0.51748  0.51756 
 24.44500  0.51732  0.51741 
 24.54500  0.51717  0.51725 
 24.64500  0.51700  0.51709 
 24.74500  0.51685  0.51694 
 24.84500  0.51670  0.51677 
 24.94500  0.51653  0.51662 
 25.04500  0.51637  0.51645 
 25.14500  0.51621  0.51630 
 25.24500  0.51605  0.51614 
 25.34500  0.51590  0.51597 
 25.44500  0.51574  0.51582 
 25.54500  0.51558  0.51566 
 25.64500  0.51543  0.51550 
 25.74500  0.51526  0.51534 
 25.84500  0.51510  0.51518 
 25.94500  0.51495  0.51502 
 26.04500  0.51479  0.51486 
 26.14500  0.51462  0.51470 
 26.24500  0.51446  0.51455 
 26.34500  0.51431  0.51438 
 26.44500  0.51414  0.51423 
 26.54500  0.51400  0.51406 
 26.64500  0.51383  0.51390 
 26.74500  0.51367  0.51375 
 26.84500  0.51352  0.51358 
 26.94500  0.51336  0.51343 
 27.04500  0.51320  0.51326 
 27.14500  0.51305  0.51311 
 27.24500  0.51288  0.51295 
 27.34500  0.51273  0.51278 
 27.44500  0.51256  0.51264 
 27.54500  0.51241  0.51246 
 27.64500  0.51225  0.51232 
 27.74500  0.51209  0.51215 
 27.84500  0.51194  0.51199 
 27.94500  0.51178  0.51184 
 28.04500  0.51161  0.51167 
 28.14500  0.51147  0.51152 
 28.24500  0.51131  0.51136 
 28.34500  0.51115  0.51120 
 28.44500  0.51099  0.51104 
 28.54500  0.51083  0.51088 
 28.64500  0.51067  0.51073 
 28.74500  0.51052  0.51056 
 28.84500  0.51037  0.51041 
 28.94500  0.51020  0.51025 
 29.04500  0.51005  0.51009 
 29.14500  0.50989  0.50994 
 29.24500  0.50972  0.50977 
 29.34500  0.50958  0.50962 
 29.44500  0.50942  0.50946 
 29.54500  0.50926  0.50930 
 29.64500  0.50910  0.50915 
 29.74500  0.50896  0.50899 
 29.84500  0.50879  0.50884 
 29.94500  0.50864  0.50867 
 30.04500  0.50848  0.50852 
 30.14500  0.50833  0.50836 
 30.24500  0.50817  0.50821 
 30.34500  0.50802  0.50805 
 30.44500  0.50786  0.50789 
 30.54500  0.50771  0.50774 
 30.64500  0.50755  0.50758 
 30.74500  0.50739  0.50743 
 30.84500  0.50724  0.50726 
 30.94500  0.50709  0.50712 
 31.04500  0.50695  0.50696 
 31.14500  0.50678  0.50681 
 31.24500  0.50663  0.50665 
 31.34500  0.50648  0.50649 
 31.44500  0.50633  0.50634 
 31.54500  0.50617  0.50618 
 31.64500  0.50604  0.50604 
 31.74500  0.50587  0.50587 
 31.84500  0.50572  0.50573 
 31.94500  0.50557  0.50556 
 32.04500  0.50542  0.50542 
 32.14500  0.50527  0.50526 
 32.24500  0.50511  0.50512 
 32.34500  0.50496  0.50496 
 32.44500  0.50482  0.50481 
 32.54500  0.50467  0.50465 
 32.64500  0.50452  0.50450 
 32.74500  0.50436  0.50435 
 32.84500  0.50422  0.50420 
 32.94500  0.50406  0.50405 
 33.04500  0.50392  0.50389 
 33.14500  0.50376  0.50375 
 33.24500  0.50362  0.50359 
 33.34500  0.50347  0.50345 
 33.44500  0.50332  0.50329 
 33.54500  0.50318  0.50315 
 33.64500  0.50302  0.50299 
 33.74500  0.50289  0.50285 
 33.84500  0.50273  0.50269 
 33.94500  0.50258  0.50255 
 34.04500  0.50244  0.50239 
 34.14500  0.50228  0.50225 
 34.24500  0.50214  0.50210 
 34.34500  0.50199  0.50195 
 34.44500  0.50185  0.50181 
 34.54500  0.50170  0.50165 
 34.64500  0.50156  0.50151 
 34.74500  0.50142  0.50136 
 34.84500  0.50127  0.50122 
 34.94500  0.50112  0.50106 
 35.04500  0.50098  0.50093 
 35.14500  0.50083  0.50077 
 35.24500  0.50068  0.50064 
 35.34500  0.50054  0.50048 
 35.44500  0.50039  0.50034 
 35.54500  0.50025  0.50019 
 35.64500  0.50010  0.50005 
 35.74500  0.49997  0.49991 
 35.84500  0.49982  0.49976 
 35.94500  0.49968  0.49963 
 36.04500  0.49954  0.49947 
 36.14500  0.49939  0.49934 
 36.24500  0.49925  0.49919 
 36.34500  0.49911  0.49905 
 36.44500  0.49896  0.49891 
 36.54500  0.49882  0.49876 
 36.64500  0.49869  0.49863 
 36.74500  0.49854  0.49847 
 36.84500  0.49840  0.49834 
 36.94500  0.49827  0.49819 
 37.04500  0.49812  0.49806 
 37.14500  0.49799  0.49793 
 37.24500  0.49785  0.49777 
 37.34500  0.49771  0.49764 
 37.44500  0.49757  0.49750 
 37.54500  0.49744  0.49736 
 37.64500  0.49729  0.49723 
 37.74500  0.49716  0.49707 
 37.84500  0.49701  0.49695 
 37.94500  0.49688  0.49681 
 38.04500  0.49675  0.49667 
 38.14500  0.49661  0.49654 
 38.24500  0.49648  0.49640 
 38.34500  0.49633  0.49626 
 38.44500  0.49620  0.49613 
 38.54500  0.49608  0.49599 
 38.64500  0.49593  0.49585 
 38.74500  0.49581  0.49573 
 38.84500  0.49566  0.49558 
 38.94500  0.49554  0.49545 
 39.04500  0.49541  0.49533 
 39.14500  0.49527  0.49518 
 39.24500  0.49514  0.49505 
 39.34500  0.49501  0.49493 
 39.44500  0.49488  0.49478 
 39.54500  0.49475  0.49465 
 39.64500  0.49462  0.49453 
 39.74500  0.49449  0.49439 
 39.84500  0.49436  0.49426 
 39.94500  0.49422  0.49413 
 40.04500  0.49411  0.49400 
 40.14500  0.49396  0.49387 
 40.24500  0.49384  0.49374 
 40.34500  0.49371  0.49362 
 40.44500  0.49359  0.49348 
 40.54500  0.49345  0.49335 
 40.64500  0.49333  0.49323 
 40.74500  0.49321  0.49310 
 40.84500  0.49309  0.49297 
 40.94500  0.49296  0.49285 
 41.04500  0.49284  0.49273 
 41.14500  0.49271  0.49258 
 41.24500  0.49258  0.49246 
 41.34500  0.49246  0.49234 
 41.44500  0.49235  0.49222 
 41.54500  0.49222  0.49208 
 41.64500  0.49210  0.49196 
 41.74500  0.49197  0.49185 
 41.84500  0.49186  0.49173 
 41.94500  0.49174  0.49160 
 42.04500  0.49161  0.49147 
 42.14500  0.49149  0.49135 
 42.24500  0.49137  0.49124 
 42.34500  0.49125  0.49112 
 42.44500  0.49113  0.49098 
 42.54500  0.49102  0.49087 
 42.64500  0.49090  0.49075 
 42.74500  0.49078  0.49063 
 42.84500  0.49066  0.49052 
 42.94500  0.49054  0.49039 
 43.04500  0.49044  0.49027 
 43.14500  0.49030  0.49015 
 43.24500  0.49020  0.49004 
 43.34500  0.49008  0.48992 
 43.44500  0.48997  0.48981 
 43.54500  0.48985  0.48968 
 43.64500  0.48973  0.48957 
 43.74500  0.48963  0.48946 
 43.84500  0.48950  0.48934 
 43.94500  0.48940  0.48923 
 44.04500  0.48928  0.48912 
 44.14500  0.48917  0.48899 
 44.24500  0.48906  0.48888 
 44.34500  0.48895  0.48877 
 44.44500  0.48884  0.48866 
 44.54500  0.48873  0.48855 
 44.64500  0.48862  0.48844 
 44.74500  0.48850  0.48833 
 44.84500  0.48839  0.48822 
 44.94500  0.48829  0.48811 
 45.04500  0.48817  0.48799 
 45.14500  0.48807  0.48788 
 45.24500  0.48796  0.48777 
 45.34500  0.48786  0.48767 
 45.44500  0.48775  0.48756 
 45.54500  0.48763  0.48745 
 45.64500  0.48753  0.48735 
 45.74500  0.48742  0.48724 
 45.84500  0.48732  0.48713 
 45.94500  0.48721  0.48703 
 46.04500  0.48710  0.48692 
 46.14500  0.48700  0.48682 
 46.24500  0.48689  0.48671 
 46.34500  0.48680  0.48661 
 46.44500  0.48669  0.48651 
 46.54500  0.48659  0.48640 
 46.64500  0.48649  0.48630 
 46.74500  0.48639  0.48620 
 46.84500  0.48628  0.48610 
 46.94500  0.48618  0.48600 
 47.04500  0.48608  0.48589 
 47.14500  0.48599  0.48579 
 47.24500  0.48589  0.48570 
 47.34500  0.48579  0.48560 
 47.44500  0.48570  0.48550 
 47.54500  0.48559  0.48540 
 47.64500  0.48549  0.48530 
 47.74500  0.48539  0.48520 
 47.84500  0.48529  0.48511 
 47.94500  0.48520  0.48501 
 48.04500  0.48511  0.48491 
 48.14500  0.48501  0.48482 
 48.24500  0.48492  0.48472 
 48.34500  0.48482  0.48463 
 48.44500  0.48473  0.48454 
 48.54500  0.48464  0.48444 
 48.64500  0.48454  0.48435 
 48.74500  0.48445  0.48426 
 48.84500  0.48436  0.48417 
 48.94500  0.48427  0.48408 
 49.04500  0.48418  0.48399 
 49.14500  0.48409  0.48390 
 49.24500  0.48401  0.48380 
 49.34500  0.48392  0.48371 
 49.44500  0.48382  0.48363 
 49.54500  0.48373  0.48354 
 49.64500  0.48366  0.48345 
 49.74500  0.48357  0.48337 
 49.84500  0.48348  0.48328 
 49.94500  0.48340  0.48320 
 50.04500  0.48331  0.48310 
 50.14500  0.48322  0.48302 
 50.24500  0.48315  0.48294 
 50.34500  0.48306  0.48286 
 50.44500  0.48298  0.48278 
 50.54500  0.48290  0.48270 
 50.64500  0.48282  0.48260 
 50.74500  0.48274  0.48252 
 50.84500  0.48266  0.48244 
 50.94500  0.48258  0.48236 
 51.04500  0.48249  0.48229 
 51.14500  0.48242  0.48220 
 51.24500  0.48234  0.48212 
 51.34500  0.48227  0.48204 
 51.44500  0.48218  0.48197 
 51.54500  0.48212  0.48190 
 51.64500  0.48205  0.48180 
 51.74500  0.48194  0.48173 
 51.84500  0.48189  0.48166 
 51.94500  0.48182  0.48159 
 52.04500  0.48174  0.48150 
 52.14500  0.48166  0.48143 
 52.24500  0.48160  0.48136 
 52.34500  0.48152  0.48130 
 52.44500  0.48144  0.48120 
 52.54500  0.48138  0.48114 
 52.64500  0.48130  0.48108 
 52.74500  0.48122  0.48100 
 52.84500  0.48116  0.48092 
 52.94500  0.48110  0.48086 
 53.04500  0.48102  0.48080 
 53.14500  0.48095  0.48071 
 53.24500  0.48089  0.48066 
 53.34500  0.48083  0.48060 
 53.44500  0.48075  0.48050 
 53.54500  0.48070  0.48045 
 53.64500  0.48063  0.48040 
 53.74500  0.48057  0.48031 
 53.84500  0.48049  0.48026 
 53.94500  0.48043  0.48020 
 54.04500  0.48038  0.48012 
 54.14500  0.48030  0.48008 
 54.24500  0.48026  0.48000 
 54.34500  0.48018  0.47994 
 54.44500  0.48012  0.47990 
 54.54500  0.48008  0.47980 
 54.64500  0.48001  0.47977 
 54.74500  0.47995  0.47970 
 54.84500  0.47989  0.47964 
 54.94500  0.47984  0.47960 
 55.04500  0.47976  0.47951 
 55.14500  0.47973  0.47948 
 55.24500  0.47965  0.47940 
 55.34500  0.47961  0.47936 
 55.44500  0.47955  0.47930 
 55.54500  0.47950  0.47924 
 55.64500  0.47944  0.47920 
 55.74500  0.47939  0.47913 
 55.84500  0.47934  0.47910 
 55.94500  0.47929  0.47902 
 56.04500  0.47925  0.47900 
 56.14500  0.47918  0.47891 
 56.24500  0.47913  0.47890 
 56.34500  0.47908  0.47881 
 56.44500  0.47905  0.47880 
 56.54500  0.47899  0.47871 
 56.64500  0.47894  0.47870 
 56.74500  0.47890  0.47862 
 56.84500  0.47884  0.47860 
 56.94500  0.47881  0.47853 
 57.04500  0.47876  0.47850 
 57.14500  0.47872  0.47845 
 57.24500  0.47867  0.47840 
 57.34500  0.47862  0.47838 
 57.44500  0.47860  0.47830 
 57.54500  0.47852  0.47830 
 57.64500  0.47851  0.47821 
 57.74500  0.47846  0.47820 
 57.84500  0.47841  0.47815 
 57.94500  0.47838  0.47810 
 58.04500  0.47832  0.47810 
 58.14500  0.47830  0.47800 
 58.24500  0.47826  0.47800 
 58.34500  0.47822  0.47796 
 58.44500  0.47817  0.47790 
 58.54500  0.47816  0.47790 
 58.64500  0.47810  0.47784 
 58.74500  0.47806  0.47780 
 58.84500  0.47807  0.47780 
 58.94500  0.47801  0.47773 
 59.04500  0.47797  0.47770 
 59.14500  0.47797  0.47770 
 59.24500  0.47791  0.47763 
 59.34500  0.47787  0.47760 
 59.44500  0.47786  0.47760 
 59.54500  0.47782  0.47755 
 59.64500  0.47780  0.47750 
 59.74500  0.47776  0.47750 
 59.84500  0.47775  0.47750 
 59.94500  0.47772  0.47740 
 60.04500  0.47768  0.47740 
 60.14500  0.47766  0.47740 
 60.24500  0.47763  0.47737 
 60.34500  0.47761  0.47730 
 60.44500  0.47758  0.47730 
 60.54500  0.47756  0.47730 
 60.64500  0.47753  0.47729 
 60.74500  0.47752  0.47720 
 60.84500  0.47750  0.47720 
 60.94500  0.47748  0.47720 
 61.04500  0.47744  0.47720 
 61.14500  0.47742  0.47716 
 61.24500  0.47742  0.47710 
 61.34500  0.47740  0.47710 
 61.44500  0.47737  0.47710 
 61.54500  0.47736  0.47710 
 61.64500  0.47733  0.47710 
 61.74500  0.47732  0.47702 
 61.84500  0.47732  0.47700 
 61.94500  0.47732  0.47700 
 62.04500  0.47727  0.47700 
 62.14500  0.47725  0.47700 
 62.24500  0.47724  0.47700 
 62.34500  0.47724  0.47700 
 62.44500  0.47724  0.47694 
 62.54500  0.47723  0.47690 
 62.64500  0.47723  0.47690 
 62.74500  0.47723  0.47690 
 62.84500  0.47720  0.47690 
 62.94500  0.47715  0.47690 
 63.04500  0.47715  0.47690 
 63.14500  0.47714  0.47690 
 63.24500  0.47716  0.47690 
 63.34500  0.47716  0.47690 
 63.44500  0.47716  0.47690 
 63.54500  0.47716  0.47690 
 63.64500  0.47715  0.47690 
 63.74500  0.47715  0.47690 
 63.84500  0.47715  0.47690 
 63.94500  0.47715  0.47681 
 64.04500  0.47715  0.47680 
 64.14500  0.47714  0.47680 
