  0.04500  0.99996  1.00000 
  0.14500  0.99996  1.00000 
  0.24500  0.99996  1.00000 
  0.34500  0.99996  1.00000 
  0.44500  0.99996  1.00000 
  0.54500  0.99996  1.00000 
  0.64500  0.99996  1.00000 
  0.74500  0.99996  1.00000 
  0.84500  0.99996  1.00000 
  0.94500  0.99996  1.00000 
  1.04500  0.99996  1.00000 
  1.14500  0.99997  1.00000 
  1.24500  0.99996  1.00000 
  1.34500  0.99996  1.00000 
  1.44500  0.99996  1.00000 
  1.54500  0.99995  1.00000 
  1.64500  0.99996  1.00000 
  1.74500  0.99996  1.00000 
  1.84500  0.99995  1.00000 
  1.94500  0.99995  1.00000 
  2.04500  0.99996  1.00000 
  2.14500  0.99995  1.00000 
  2.24500  0.99996  1.00000 
  2.34500  0.99997  1.00000 
  2.44500  0.99996  1.00000 
  2.54500  0.99996  1.00000 
  2.64500  0.99996  1.00000 
  2.74500  0.99993  1.00000 
  2.84500  0.99991  0.99993 
  2.94500  0.99985  0.99987 
  3.04500  0.99970  0.99973 
  3.14500  0.99943  0.99945 
  3.24500  0.99890  0.99894 
  3.34500  0.99792  0.99800 
  3.44500  0.99625  0.99635 
  3.54500  0.99349  0.99359 
  3.64500  0.98906  0.98911 
  3.74500  0.98214  0.98213 
  3.84500  0.97178  0.97164 
  3.94500  0.95672  0.95648 
  4.04500  0.93568  0.93534 
  4.14500  0.90732  0.90698 
  4.24500  0.87060  0.87037 
  4.34500  0.82485  0.82477 
  4.44500  0.77004  0.77016 
  4.54500  0.70675  0.70714 
  4.64500  0.63638  0.63708 
  4.74500  0.56100  0.56211 
  4.84500  0.48529  0.48482 
  4.94500  0.40900  0.40811 
  5.04500  0.33530  0.33478 
  5.14500  0.26750  0.26726 
  5.24500  0.20741  0.20740 
  5.34500  0.15610  0.15629 
  5.44500  0.11394  0.11427 
  5.54500  0.08059  0.08097 
  5.64500  0.05524  0.05559 
  5.74500  0.03669  0.03693 
  5.84500  0.02363  0.02375 
  5.94500  0.01476  0.01478 
  6.04500  0.00891  0.00888 
  6.14500  0.00523  0.00517 
  6.24500  0.00295  0.00289 
  6.34500  0.00160  0.00156 
  6.44500  0.00082  0.00082 
  6.54500  0.00040  0.00042 
  6.64500  0.00018  0.00021 
  6.74500  0.00008  0.00010 
  6.84500  0.00005  0.00010 
  6.94500  0.00007  0.00010 
  7.04500  0.00013  0.00015 
  7.14500  0.00029  0.00031 
  7.24500  0.00061  0.00061 
  7.34500  0.00121  0.00120 
  7.44500  0.00227  0.00224 
  7.54500  0.00409  0.00404 
  7.64500  0.00709  0.00706 
  7.74500  0.01191  0.01190 
  7.84500  0.01933  0.01942 
  7.94500  0.03043  0.03063 
  8.04500  0.04642  0.04672 
  8.14500  0.06866  0.06903 
  8.24500  0.09839  0.09876 
  8.34500  0.13666  0.13692 
  8.44500  0.18398  0.18408 
  8.54500  0.24035  0.24022 
  8.64500  0.30499  0.30460 
  8.74500  0.37640  0.37568 
  8.84500  0.45238  0.45123 
  8.94500  0.52773  0.52865 
  9.04500  0.60409  0.60496 
  9.14500  0.67692  0.67746 
  9.24500  0.74351  0.74375 
  9.34500  0.80212  0.80213 
  9.44500  0.85184  0.85167 
  9.54500  0.89244  0.89214 
  9.64500  0.92433  0.92397 
  9.74500  0.94840  0.94810 
  9.84500  0.96588  0.96569 
  9.94500  0.97814  0.97806 
 10.04500  0.98640  0.98642 
 10.14500  0.99181  0.99190 
 10.24500  0.99522  0.99532 
 10.34500  0.99730  0.99737 
 10.44500  0.99853  0.99861 
 10.54500  0.99925  0.99926 
 10.64500  0.99961  0.99963 
 10.74500  0.99981  0.99983 
 10.84500  0.99988  0.99990 
 10.94500  0.99993  0.99997 
 11.04500  0.99994  1.00000 
 11.14500  0.99991  0.99993 
 11.24500  0.99986  0.99989 
 11.34500  0.99974  0.99976 
 11.44500  0.99949  0.99952 
 11.54500  0.99900  0.99905 
 11.64500  0.99814  0.99821 
 11.74500  0.99660  0.99669 
 11.84500  0.99406  0.99417 
 11.94500  0.98997  0.99004 
 12.04500  0.98355  0.98355 
 12.14500  0.97383  0.97372 
 12.24500  0.95968  0.95945 
 12.34500  0.93975  0.93941 
 12.44500  0.91273  0.91239 
 12.54500  0.87749  0.87723 
 12.64500  0.83331  0.83319 
 12.74500  0.78001  0.78011 
 12.84500  0.71809  0.71843 
 12.94500  0.64881  0.64945 
 13.04500  0.57411  0.57515 
 13.14500  0.49809  0.49806 
 13.24500  0.42201  0.42103 
 13.34500  0.34754  0.34694 
 13.44500  0.27857  0.27829 
 13.54500  0.21705  0.21700 
 13.64500  0.16419  0.16437 
 13.74500  0.12049  0.12080 
 13.84500  0.08569  0.08608 
 13.94500  0.05905  0.05942 
 14.04500  0.03943  0.03970 
 14.14500  0.02553  0.02567 
 14.24500  0.01604  0.01606 
 14.34500  0.00975  0.00971 
 14.44500  0.00574  0.00569 
 14.54500  0.00326  0.00322 
 14.64500  0.00178  0.00176 
 14.74500  0.00092  0.00092 
 14.84500  0.00046  0.00046 
 14.94500  0.00020  0.00024 
 15.04500  0.00009  0.00010 
 15.14500  0.00003  0.00005 
 15.24500  0.00002  0.00000 
 15.34500 -0.00000  0.00000 
 15.44500  0.00000  0.00000 
 15.54500  0.00001  0.00000 
 15.64500 -0.00001  0.00000 
 15.74500  0.00001  0.00000 
 15.84500 -0.00000  0.00000 
 15.94500 -0.00001  0.00000 
 16.04500  0.00002  0.00000 
 16.14500  0.00004  0.00006 
 16.24500  0.00010  0.00012 
 16.34500  0.00024  0.00025 
 16.44500  0.00050  0.00053 
 16.54500  0.00103  0.00102 
 16.64500  0.00196  0.00192 
 16.74500  0.00359  0.00353 
 16.84500  0.00627  0.00621 
 16.94500  0.01057  0.01056 
 17.04500  0.01731  0.01735 
 17.14500  0.02744  0.02759 
 17.24500  0.04219  0.04246 
 17.34500  0.06283  0.06321 
 17.44500  0.09073  0.09111 
 17.54500  0.12693  0.12722 
 17.64500  0.17214  0.17226 
 17.74500  0.22642  0.22634 
 17.84500  0.28925  0.28892 
 17.94500  0.35924  0.35860 
 18.04500  0.43439  0.43336 
 18.14500  0.51024  0.51057 
 18.24500  0.58644  0.58739 
 18.34500  0.66041  0.66103 
 18.44500  0.72863  0.72893 
 18.54500  0.78922  0.78928 
 18.64500  0.84107  0.84093 
 18.74500  0.88378  0.88350 
 18.84500  0.91761  0.91730 
 18.94500  0.94343  0.94310 
 19.04500  0.96233  0.96212 
 19.14500  0.97568  0.97558 
 19.24500  0.98478  0.98478 
 19.34500  0.99075  0.99084 
 19.44500  0.99457  0.99466 
 19.54500  0.99692  0.99699 
 19.64500  0.99830  0.99835 
 19.74500  0.99910  0.99914 
 19.84500  0.99954  0.99957 
 19.94500  0.99978  0.99979 
 20.04500  0.99987  0.99990 
 20.14500  0.99993  0.99996 
 20.24500  0.99994  1.00000 
 20.34500  0.99996  1.00000 
 20.44500  0.99995  1.00000 
 20.54500  0.99994  1.00000 
 20.64500  0.99994  1.00000 
 20.74500  0.99995  1.00000 
 20.84500  0.99996  1.00000 
 20.94500  0.99995  1.00000 
 21.04500  0.99993  0.99998 
 21.14500  0.99989  0.99990 
 21.24500  0.99979  0.99981 
 21.34500  0.99959  0.99961 
 21.44500  0.99918  0.99923 
 21.54500  0.99845  0.99851 
 21.64500  0.99714  0.99722 
 21.74500  0.99495  0.99506 
 21.84500  0.99139  0.99148 
 21.94500  0.98574  0.98578 
 22.04500  0.97714  0.97708 
 22.14500  0.96445  0.96425 
 22.24500  0.94638  0.94608 
 22.34500  0.92161  0.92125 
 22.44500  0.88892  0.88860 
 22.54500  0.84744  0.84727 
 22.64500  0.79684  0.79687 
 22.74500  0.73738  0.73766 
 22.84500  0.67013  0.67067 
 22.94500  0.59679  0.59770 
 23.04500  0.52049  0.52116 
 23.14500  0.44490  0.44382 
 23.24500  0.36925  0.36856 
 23.34500  0.29840  0.29804 
 23.44500  0.23451  0.23443 
 23.54500  0.17901  0.17911 
 23.64500  0.13256  0.13284 
 23.74500  0.09516  0.09552 
 23.84500  0.06620  0.06656 
 23.94500  0.04462  0.04494 
 24.04500  0.02917  0.02935 
 24.14500  0.01848  0.01854 
 24.24500  0.01134  0.01133 
 24.34500  0.00675  0.00670 
 24.44500  0.00387  0.00384 
 24.54500  0.00213  0.00211 
 24.64500  0.00113  0.00112 
 24.74500  0.00057  0.00057 
 24.84500  0.00026  0.00029 
 24.94500  0.00011  0.00013 
 25.04500  0.00004  0.00008 
 25.14500  0.00003  0.00000 
 25.24500 -0.00000  0.00000 
 25.34500 -0.00001  0.00000 
 25.44500  0.00000  0.00000 
 25.54500 -0.00001  0.00000 
 25.64500  0.00000  0.00000 
 25.74500  0.00003  0.00000 
 25.84500  0.00004  0.00006 
 25.94500  0.00010  0.00012 
 26.04500  0.00025  0.00025 
 26.14500  0.00050  0.00052 
 26.24500  0.00101  0.00100 
 26.34500  0.00193  0.00189 
 26.44500  0.00351  0.00344 
 26.54500  0.00615  0.00609 
 26.64500  0.01040  0.01038 
 26.74500  0.01706  0.01710 
 26.84500  0.02704  0.02721 
 26.94500  0.04161  0.04189 
 27.04500  0.06207  0.06242 
 27.14500  0.08969  0.09009 
 27.24500  0.12563  0.12592 
 27.34500  0.17051  0.17066 
 27.44500  0.22453  0.22446 
 27.54500  0.28708  0.28677 
 27.64500  0.35688  0.35626 
 27.74500  0.43190  0.43088 
 27.84500  0.50778  0.50807 
 27.94500  0.58397  0.58495 
 28.04500  0.65810  0.65872 
 28.14500  0.72653  0.72685 
 28.24500  0.78740  0.78745 
 28.34500  0.83954  0.83939 
 28.44500  0.88253  0.88227 
 28.54500  0.91665  0.91631 
 28.64500  0.94270  0.94238 
 28.74500  0.96181  0.96158 
 28.84500  0.97532  0.97523 
 28.94500  0.98452  0.98454 
 29.04500  0.99060  0.99067 
 29.14500  0.99447  0.99457 
 29.24500  0.99683  0.99695 
 29.34500  0.99827  0.99834 
 29.44500  0.99909  0.99913 
 29.54500  0.99953  0.99955 
 29.64500  0.99976  0.99977 
 29.74500  0.99988  0.99990 
 29.84500  0.99992  0.99994 
 29.94500  0.99994  1.00000 
 30.04500  0.99993  0.99995 
 30.14500  0.99988  0.99990 
 30.24500  0.99979  0.99981 
 30.34500  0.99958  0.99960 
 30.44500  0.99915  0.99919 
 30.54500  0.99841  0.99845 
 30.64500  0.99709  0.99719 
 30.74500  0.99486  0.99498 
 30.84500  0.99123  0.99133 
 30.94500  0.98553  0.98555 
 31.04500  0.97680  0.97672 
 31.14500  0.96395  0.96374 
 31.24500  0.94569  0.94538 
 31.34500  0.92066  0.92032 
 31.44500  0.88770  0.88740 
 31.54500  0.84594  0.84578 
 31.64500  0.79504  0.79509 
 31.74500  0.73534  0.73560 
 31.84500  0.66784  0.66841 
 31.94500  0.59435  0.59526 
 32.04500  0.51804  0.51864 
 32.14500  0.44240  0.44132 
 32.24500  0.36687  0.36619 
 32.34500  0.29623  0.29586 
 32.44500  0.23258  0.23249 
 32.54500  0.17736  0.17747 
 32.64500  0.13121  0.13150 
 32.74500  0.09409  0.09447 
 32.84500  0.06538  0.06576 
 32.94500  0.04404  0.04433 
 33.04500  0.02875  0.02893 
 33.14500  0.01820  0.01826 
 33.24500  0.01117  0.01114 
 33.34500  0.00662  0.00659 
 33.44500  0.00380  0.00374 
 33.54500  0.00210  0.00206 
 33.64500  0.00110  0.00110 
 33.74500  0.00055  0.00056 
 33.84500  0.00025  0.00028 
 33.94500  0.00011  0.00013 
 34.04500  0.00005  0.00007 
 34.14500  0.00003  0.00000 
 34.24500 -0.00001  0.00000 
 34.34500 -0.00001  0.00000 
 34.44500  0.00001  0.00000 
 34.54500  0.00003  0.00000 
 34.64500  0.00005  0.00009 
 34.74500  0.00013  0.00015 
 34.84500  0.00030  0.00031 
 34.94500  0.00061  0.00063 
 35.04500  0.00122  0.00122 
 35.14500  0.00232  0.00227 
 35.24500  0.00417  0.00410 
 35.34500  0.00720  0.00717 
 35.44500  0.01211  0.01209 
 35.54500  0.01962  0.01971 
 35.64500  0.03085  0.03105 
 35.74500  0.04703  0.04736 
 35.84500  0.06950  0.06987 
 35.94500  0.09949  0.09985 
 36.04500  0.13804  0.13830 
 36.14500  0.18568  0.18576 
 36.24500  0.24233  0.24219 
 36.34500  0.30720  0.30681 
 36.44500  0.37881  0.37806 
 36.54500  0.45489  0.45374 
 36.64500  0.53016  0.53115 
 36.74500  0.60653  0.60738 
 36.84500  0.67920  0.67969 
 36.94500  0.74554  0.74576 
 37.04500  0.80387  0.80387 
 37.14500  0.85332  0.85313 
 37.24500  0.89361  0.89330 
 37.34500  0.92522  0.92488 
 37.44500  0.94907  0.94876 
 37.54500  0.96637  0.96618 
 37.64500  0.97846  0.97839 
 37.74500  0.98663  0.98664 
 37.84500  0.99195  0.99203 
 37.94500  0.99530  0.99542 
 38.04500  0.99735  0.99744 
 38.14500  0.99857  0.99862 
 38.24500  0.99926  0.99928 
 38.34500  0.99961  0.99963 
 38.44500  0.99980  0.99983 
 38.54500  0.99989  0.99990 
 38.64500  0.99993  0.99999 
 38.74500  0.99994  1.00000 
 38.84500  0.99995  1.00000 
 38.94500  0.99994  1.00000 
 39.04500  0.99992  0.99998 
 39.14500  0.99989  0.99990 
 39.24500  0.99979  0.99981 
 39.34500  0.99958  0.99961 
 39.44500  0.99920  0.99923 
 39.54500  0.99847  0.99853 
 39.64500  0.99717  0.99728 
 39.74500  0.99502  0.99513 
 39.84500  0.99149  0.99159 
 39.94500  0.98592  0.98594 
 40.04500  0.97739  0.97734 
 40.14500  0.96481  0.96462 
 40.24500  0.94689  0.94659 
 40.34500  0.92228  0.92193 
 40.44500  0.88981  0.88952 
 40.54500  0.84857  0.84839 
 40.64500  0.79818  0.79822 
 40.74500  0.73894  0.73920 
 40.84500  0.67185  0.67237 
 40.94500  0.59865  0.59954 
 41.04500  0.52231  0.52304 
 41.14500  0.44679  0.44569 
 41.24500  0.37106  0.37035 
 41.34500  0.30008  0.29968 
 41.44500  0.23600  0.23586 
 41.54500  0.18025  0.18036 
 41.64500  0.13358  0.13387 
 41.74500  0.09597  0.09634 
 41.84500  0.06681  0.06720 
 41.94500  0.04507  0.04538 
 42.04500  0.02947  0.02966 
 42.14500  0.01868  0.01876 
 42.24500  0.01148  0.01148 
 42.34500  0.00683  0.00677 
 42.44500  0.00393  0.00386 
 42.54500  0.00217  0.00214 
 42.64500  0.00114  0.00114 
 42.74500  0.00057  0.00059 
 42.84500  0.00028  0.00029 
 42.94500  0.00013  0.00014 
 43.04500  0.00005  0.00008 
 43.14500  0.00003  0.00000 
 43.24500  0.00000  0.00000 
 43.34500 -0.00001  0.00000 
 43.44500 -0.00000  0.00000 
 43.54500  0.00002  0.00000 
 43.64500  0.00006  0.00008 
 43.74500  0.00012  0.00014 
 43.84500  0.00027  0.00030 
 43.94500  0.00060  0.00061 
 44.04500  0.00118  0.00117 
 44.14500  0.00225  0.00219 
 44.24500  0.00403  0.00397 
 44.34500  0.00700  0.00697 
 44.44500  0.01175  0.01174 
 44.54500  0.01911  0.01918 
 44.64500  0.03011  0.03029 
 44.74500  0.04596  0.04628 
 44.84500  0.06804  0.06839 
 44.94500  0.09757  0.09794 
 45.04500  0.13562  0.13587 
 45.14500  0.18273  0.18281 
 45.24500  0.23887  0.23874 
 45.34500  0.30332  0.30293 
 45.44500  0.37459  0.37387 
 45.54500  0.45049  0.44937 
 45.64500  0.52588  0.52675 
 45.74500  0.60224  0.60312 
 45.84500  0.67520  0.67573 
 45.94500  0.74195  0.74222 
 46.04500  0.80079  0.80080 
 46.14500  0.85074  0.85059 
 46.24500  0.89155  0.89125 
 46.34500  0.92364  0.92329 
 46.44500  0.94790  0.94760 
 46.54500  0.96553  0.96533 
 46.64500  0.97788  0.97783 
 46.74500  0.98624  0.98627 
 46.84500  0.99169  0.99179 
 46.94500  0.99515  0.99526 
 47.04500  0.99726  0.99736 
 47.14500  0.99851  0.99856 
 47.24500  0.99921  0.99925 
 47.34500  0.99961  0.99962 
 47.44500  0.99980  0.99983 
 47.54500  0.99989  0.99990 
 47.64500  0.99993  0.99999 
 47.74500  0.99995  1.00000 
 47.84500  0.99996  1.00000 
 47.94500  0.99994  1.00000 
 48.04500  0.99993  1.00000 
 48.14500  0.99994  1.00000 
 48.24500  0.99995  1.00000 
 48.34500  0.99996  1.00000 
 48.44500  0.99994  1.00000 
 48.54500  0.99993  0.99996 
 48.64500  0.99987  0.99990 
 48.74500  0.99976  0.99977 
 48.84500  0.99953  0.99955 
 48.94500  0.99906  0.99910 
 49.04500  0.99822  0.99831 
 49.14500  0.99677  0.99686 
 49.24500  0.99434  0.99444 
 49.34500  0.99041  0.99048 
 49.44500  0.98424  0.98425 
 49.54500  0.97487  0.97479 
 49.64500  0.96115  0.96095 
 49.74500  0.94180  0.94149 
 49.84500  0.91546  0.91511 
 49.94500  0.88099  0.88072 
 50.04500  0.83764  0.83751 
 50.14500  0.78513  0.78521 
 50.24500  0.72395  0.72425 
 50.34500  0.65523  0.65586 
 50.44500  0.58095  0.58195 
 50.54500  0.50482  0.50498 
 50.64500  0.42885  0.42783 
 50.74500  0.35398  0.35338 
 50.84500  0.28443  0.28413 
 50.94500  0.22221  0.22215 
 51.04500  0.16855  0.16871 
 51.14500  0.12402  0.12433 
 51.24500  0.08846  0.08884 
 51.34500  0.06111  0.06148 
 51.44500  0.04094  0.04120 
 51.54500  0.02658  0.02674 
 51.64500  0.01672  0.01677 
 51.74500  0.01020  0.01018 
 51.84500  0.00601  0.00596 
 51.94500  0.00343  0.00338 
 52.04500  0.00187  0.00187 
 52.14500  0.00099  0.00098 
 52.24500  0.00048  0.00050 
 52.34500  0.00022  0.00024 
 52.44500  0.00009  0.00011 
 52.54500  0.00004  0.00006 
 52.64500  0.00002  0.00000 
 52.74500 -0.00001  0.00000 
 52.84500 -0.00001  0.00000 
 52.94500  0.00000  0.00000 
 53.04500  0.00003  0.00001 
 53.14500  0.00006  0.00010 
 53.24500  0.00015  0.00017 
 53.34500  0.00033  0.00036 
 53.44500  0.00070  0.00070 
 53.54500  0.00138  0.00137 
 53.64500  0.00257  0.00253 
 53.74500  0.00460  0.00456 
 53.84500  0.00792  0.00789 
 53.94500  0.01320  0.01321 
 54.04500  0.02131  0.02142 
 54.14500  0.03332  0.03355 
 54.24500  0.05050  0.05085 
 54.34500  0.07421  0.07460 
 54.44500  0.10566  0.10599 
 54.54500  0.14579  0.14601 
 54.64500  0.19503  0.19507 
 54.74500  0.25320  0.25301 
 54.84500  0.31941  0.31895 
 54.94500  0.39197  0.39115 
 55.04500  0.46836  0.46734 
 55.14500  0.54355  0.54476 
 55.24500  0.61970  0.62048 
 55.34500  0.69140  0.69185 
 55.44500  0.75642  0.75661 
 55.54500  0.81325  0.81324 
 55.64500  0.86107  0.86087 
 55.74500  0.89980  0.89948 
 55.84500  0.92995  0.92961 
 55.94500  0.95253  0.95228 
 56.04500  0.96883  0.96868 
 56.14500  0.98014  0.98011 
 56.24500  0.98774  0.98779 
 56.34500  0.99265  0.99275 
 56.44500  0.99574  0.99583 
 56.54500  0.99762  0.99771 
 56.64500  0.99872  0.99877 
 56.74500  0.99933  0.99937 
 56.84500  0.99965  0.99969 
 56.94500  0.99983  0.99985 
 57.04500  0.99990  0.99991 
 57.14500  0.99993  1.00000 
 57.24500  0.99995  1.00000 
 57.34500  0.99996  1.00000 
 57.44500  0.99994  1.00000 
 57.54500  0.99993  1.00000 
 57.64500  0.99994  1.00000 
 57.74500  0.99995  1.00000 
 57.84500  0.99997  1.00000 
 57.94500  0.99993  1.00000 
 58.04500  0.99991  0.99993 
 58.14500  0.99985  0.99988 
 58.24500  0.99972  0.99973 
 58.34500  0.99943  0.99947 
 58.44500  0.99889  0.99895 
 58.54500  0.99794  0.99801 
 58.64500  0.99631  0.99641 
 58.74500  0.99359  0.99367 
 58.84500  0.98921  0.98926 
 58.94500  0.98237  0.98235 
 59.04500  0.97211  0.97198 
 59.14500  0.95720  0.95695 
 59.24500  0.93632  0.93600 
 59.34500  0.90817  0.90786 
 59.44500  0.87169  0.87145 
 59.54500  0.82620  0.82612 
 59.64500  0.77160  0.77173 
 59.74500  0.70855  0.70891 
 59.84500  0.63833  0.63904 
 59.94500  0.56306  0.56415 
 60.04500  0.48727  0.48690 
 60.14500  0.41104  0.41013 
 60.24500  0.33721  0.33668 
 60.34500  0.26921  0.26899 
 60.44500  0.20890  0.20888 
 60.54500  0.15734  0.15752 
 60.64500  0.11494  0.11526 
 60.74500  0.08137  0.08174 
 60.84500  0.05582  0.05618 
 60.94500  0.03711  0.03737 
 61.04500  0.02391  0.02407 
 61.14500  0.01494  0.01499 
 61.24500  0.00905  0.00902 
 61.34500  0.00530  0.00523 
 61.44500  0.00298  0.00296 
 61.54500  0.00162  0.00159 
 61.64500  0.00083  0.00084 
 61.74500  0.00040  0.00042 
 61.84500  0.00018  0.00021 
 61.94500  0.00007  0.00010 
 62.04500  0.00003  0.00003 
 62.14500  0.00001  0.00000 
 62.24500 -0.00001  0.00000 
 62.34500  0.00001  0.00000 
 62.44500 -0.00001  0.00000 
 62.54500 -0.00001  0.00000 
 62.64500  0.00000  0.00000 
 62.74500 -0.00000  0.00000 
 62.84500 -0.00000  0.00000 
 62.94500  0.00001  0.00000 
 63.04500  0.00000  0.00000 
 63.14500 -0.00000  0.00000 
 63.24500  0.00000  0.00000 
 63.34500  0.00000  0.00000 
 63.44500 -0.00000  0.00000 
 63.54500  0.00000  0.00000 
 63.64500 -0.00001  0.00000 
 63.74500 -0.00001  0.00000 
 63.84500 -0.00000  0.00000 
 63.94500  0.00000  0.00000 
 64.04500 -0.00000  0.00000 
 64.14500 -0.00000  0.00000 
