  0.04500  0.73382  0.73400 
  0.14500  0.73373  0.73391 
  0.24500  0.73352  0.73370 
  0.34500  0.73322  0.73340 
  0.44500  0.73279  0.73299 
  0.54500  0.73230  0.73247 
  0.64500  0.73167  0.73185 
  0.74500  0.73094  0.73114 
  0.84500  0.73013  0.73031 
  0.94500  0.72922  0.72939 
  1.04500  0.72820  0.72836 
  1.14500  0.72708  0.72727 
  1.24500  0.72588  0.72605 
  1.34500  0.72458  0.72473 
  1.44500  0.72319  0.72334 
  1.54500  0.72170  0.72185 
  1.64500  0.72013  0.72027 
  1.74500  0.71845  0.71861 
  1.84500  0.71672  0.71687 
  1.94500  0.71488  0.71504 
  2.04500  0.71299  0.71310 
  2.14500  0.71100  0.71110 
  2.24500  0.70893  0.70907 
  2.34500  0.70680  0.70694 
  2.44500  0.70461  0.70472 
  2.54500  0.70233  0.70245 
  2.64500  0.69999  0.70011 
  2.74500  0.69760  0.69772 
  2.84500  0.69515  0.69525 
  2.94500  0.69264  0.69274 
  3.04500  0.69007  0.69017 
  3.14500  0.68746  0.68755 
  3.24500  0.68480  0.68489 
  3.34500  0.68209  0.68217 
  3.44500  0.67934  0.67942 
  3.54500  0.67655  0.67663 
  3.64500  0.67374  0.67380 
  3.74500  0.67087  0.67093 
  3.84500  0.66799  0.66805 
  3.94500  0.66508  0.66515 
  4.04500  0.66216  0.66221 
  4.14500  0.65920  0.65925 
  4.24500  0.65624  0.65625 
  4.34500  0.65325  0.65325 
  4.44500  0.65026  0.65025 
  4.54500  0.64725  0.64725 
  4.64500  0.64424  0.64425 
  4.74500  0.64121  0.64125 
  4.84500  0.63820  0.63823 
  4.94500  0.63520  0.63515 
  5.04500  0.63218  0.63215 
  5.14500  0.62917  0.62915 
  5.24500  0.62617  0.62615 
  5.34500  0.62319  0.62315 
  5.44500  0.62022  0.62017 
  5.54500  0.61726  0.61725 
  5.64500  0.61432  0.61428 
  5.74500  0.61140  0.61135 
  5.84500  0.60849  0.60846 
  5.94500  0.60562  0.60558 
  6.04500  0.60277  0.60271 
  6.14500  0.59991  0.59989 
  6.24500  0.59714  0.59708 
  6.34500  0.59436  0.59431 
  6.44500  0.59161  0.59156 
  6.54500  0.58890  0.58885 
  6.64500  0.58624  0.58617 
  6.74500  0.58358  0.58351 
  6.84500  0.58097  0.58091 
  6.94500  0.57840  0.57833 
  7.04500  0.57585  0.57580 
  7.14500  0.57334  0.57329 
  7.24500  0.57087  0.57081 
  7.34500  0.56844  0.56838 
  7.44500  0.56605  0.56599 
  7.54500  0.56370  0.56362 
  7.64500  0.56138  0.56131 
  7.74500  0.55910  0.55903 
  7.84500  0.55687  0.55679 
  7.94500  0.55464  0.55459 
  8.04500  0.55250  0.55243 
  8.14500  0.55037  0.55031 
  8.24500  0.54828  0.54821 
  8.34500  0.54623  0.54620 
  8.44500  0.54421  0.54420 
  8.54500  0.54224  0.54220 
  8.64500  0.54031  0.54026 
  8.74500  0.53841  0.53836 
  8.84500  0.53656  0.53651 
  8.94500  0.53472  0.53469 
  9.04500  0.53293  0.53290 
  9.14500  0.53119  0.53115 
  9.24500  0.52946  0.52943 
  9.34500  0.52779  0.52775 
  9.44500  0.52613  0.52610 
  9.54500  0.52451  0.52450 
  9.64500  0.52293  0.52291 
  9.74500  0.52138  0.52136 
  9.84500  0.51987  0.51985 
  9.94500  0.51838  0.51836 
 10.04500  0.51692  0.51692 
 10.14500  0.51550  0.51549 
 10.24500  0.51411  0.51410 
 10.34500  0.51275  0.51274 
 10.44500  0.51141  0.51141 
 10.54500  0.51010  0.51011 
 10.64500  0.50882  0.50885 
 10.74500  0.50759  0.50760 
 10.84500  0.50636  0.50638 
 10.94500  0.50518  0.50520 
 11.04500  0.50401  0.50403 
 11.14500  0.50289  0.50290 
 11.24500  0.50178  0.50180 
 11.34500  0.50071  0.50074 
 11.44500  0.49964  0.49965 
 11.54500  0.49864  0.49865 
 11.64500  0.49766  0.49765 
 11.74500  0.49667  0.49668 
 11.84500  0.49572  0.49575 
 11.94500  0.49482  0.49484 
 12.04500  0.49394  0.49397 
 12.14500  0.49308  0.49310 
 12.24500  0.49225  0.49227 
 12.34500  0.49146  0.49147 
 12.44500  0.49068  0.49070 
 12.54500  0.48994  0.48995 
 12.64500  0.48923  0.48924 
 12.74500  0.48854  0.48854 
 12.84500  0.48788  0.48789 
 12.94500  0.48725  0.48725 
 13.04500  0.48665  0.48666 
 13.14500  0.48609  0.48608 
 13.24500  0.48555  0.48555 
 13.34500  0.48504  0.48505 
 13.44500  0.48456  0.48455 
 13.54500  0.48412  0.48411 
 13.64500  0.48370  0.48368 
 13.74500  0.48331  0.48330 
 13.84500  0.48296  0.48295 
 13.94500  0.48264  0.48262 
 14.04500  0.48234  0.48231 
 14.14500  0.48208  0.48205 
 14.24500  0.48185  0.48182 
 14.34500  0.48166  0.48163 
 14.44500  0.48148  0.48145 
 14.54500  0.48136  0.48132 
 14.64500  0.48125  0.48121 
 14.74500  0.48116  0.48113 
 14.84500  0.48113  0.48110 
 14.94500  0.48112  0.48110 
 15.04500  0.48114  0.48110 
 15.14500  0.48119  0.48114 
 15.24500  0.48126  0.48122 
 15.34500  0.48138  0.48133 
 15.44500  0.48150  0.48146 
 15.54500  0.48167  0.48162 
 15.64500  0.48186  0.48181 
 15.74500  0.48208  0.48203 
 15.84500  0.48231  0.48228 
 15.94500  0.48261  0.48254 
 16.04500  0.48288  0.48284 
 16.14500  0.48320  0.48315 
 16.24500  0.48354  0.48349 
 16.34500  0.48389  0.48386 
 16.44500  0.48428  0.48424 
 16.54500  0.48467  0.48464 
 16.64500  0.48510  0.48507 
 16.74500  0.48553  0.48550 
 16.84500  0.48598  0.48596 
 16.94500  0.48646  0.48643 
 17.04500  0.48694  0.48690 
 17.14500  0.48742  0.48740 
 17.24500  0.48794  0.48790 
 17.34500  0.48844  0.48845 
 17.44500  0.48895  0.48895 
 17.54500  0.48948  0.48949 
 17.64500  0.49002  0.49003 
 17.74500  0.49056  0.49057 
 17.84500  0.49109  0.49111 
 17.94500  0.49164  0.49165 
 18.04500  0.49218  0.49220 
 18.14500  0.49271  0.49275 
 18.24500  0.49325  0.49329 
 18.34500  0.49378  0.49382 
 18.44500  0.49431  0.49435 
 18.54500  0.49483  0.49486 
 18.64500  0.49534  0.49540 
 18.74500  0.49583  0.49590 
 18.84500  0.49632  0.49638 
 18.94500  0.49679  0.49685 
 19.04500  0.49725  0.49732 
 19.14500  0.49770  0.49777 
 19.24500  0.49813  0.49821 
 19.34500  0.49854  0.49862 
 19.44500  0.49893  0.49902 
 19.54500  0.49932  0.49939 
 19.64500  0.49966  0.49975 
 19.74500  0.49999  0.50008 
 19.84500  0.50031  0.50040 
 19.94500  0.50060  0.50070 
 20.04500  0.50086  0.50096 
 20.14500  0.50110  0.50120 
 20.24500  0.50134  0.50143 
 20.34500  0.50152  0.50163 
 20.44500  0.50169  0.50179 
 20.54500  0.50183  0.50194 
 20.64500  0.50195  0.50206 
 20.74500  0.50204  0.50215 
 20.84500  0.50208  0.50220 
 20.94500  0.50215  0.50227 
 21.04500  0.50216  0.50230 
 21.14500  0.50217  0.50228 
 21.24500  0.50213  0.50220 
 21.34500  0.50208  0.50216 
 21.44500  0.50200  0.50207 
 21.54500  0.50187  0.50196 
 21.64500  0.50174  0.50183 
 21.74500  0.50160  0.50166 
 21.84500  0.50141  0.50149 
 21.94500  0.50122  0.50128 
 22.04500  0.50099  0.50105 
 22.14500  0.50075  0.50080 
 22.24500  0.50049  0.50054 
 22.34500  0.50020  0.50026 
 22.44500  0.49992  0.49995 
 22.54500  0.49960  0.49965 
 22.64500  0.49927  0.49930 
 22.74500  0.49892  0.49895 
 22.84500  0.49856  0.49858 
 22.94500  0.49819  0.49820 
 23.04500  0.49779  0.49782 
 23.14500  0.49741  0.49742 
 23.24500  0.49701  0.49700 
 23.34500  0.49658  0.49658 
 23.44500  0.49615  0.49617 
 23.54500  0.49573  0.49572 
 23.64500  0.49531  0.49529 
 23.74500  0.49488  0.49484 
 23.84500  0.49443  0.49440 
 23.94500  0.49400  0.49396 
 24.04500  0.49355  0.49351 
 24.14500  0.49310  0.49307 
 24.24500  0.49266  0.49262 
 24.34500  0.49223  0.49218 
 24.44500  0.49180  0.49174 
 24.54500  0.49136  0.49131 
 24.64500  0.49094  0.49088 
 24.74500  0.49052  0.49046 
 24.84500  0.49011  0.49004 
 24.94500  0.48970  0.48964 
 25.04500  0.48931  0.48924 
 25.14500  0.48891  0.48885 
 25.24500  0.48854  0.48847 
 25.34500  0.48817  0.48810 
 25.44500  0.48782  0.48775 
 25.54500  0.48747  0.48739 
 25.64500  0.48712  0.48705 
 25.74500  0.48681  0.48675 
 25.84500  0.48648  0.48643 
 25.94500  0.48620  0.48613 
 26.04500  0.48592  0.48585 
 26.14500  0.48564  0.48558 
 26.24500  0.48538  0.48532 
 26.34500  0.48514  0.48508 
 26.44500  0.48490  0.48486 
 26.54500  0.48469  0.48463 
 26.64500  0.48448  0.48444 
 26.74500  0.48429  0.48425 
 26.84500  0.48411  0.48407 
 26.94500  0.48394  0.48392 
 27.04500  0.48381  0.48376 
 27.14500  0.48365  0.48363 
 27.24500  0.48353  0.48350 
 27.34500  0.48343  0.48339 
 27.44500  0.48329  0.48329 
 27.54500  0.48319  0.48320 
 27.64500  0.48313  0.48311 
 27.74500  0.48307  0.48305 
 27.84500  0.48299  0.48300 
 27.94500  0.48295  0.48293 
 28.04500  0.48288  0.48290 
 28.14500  0.48287  0.48290 
 28.24500  0.48283  0.48282 
 28.34500  0.48281  0.48280 
 28.44500  0.48279  0.48280 
 28.54500  0.48278  0.48280 
 28.64500  0.48279  0.48280 
 28.74500  0.48280  0.48280 
 28.84500  0.48281  0.48280 
 28.94500  0.48281  0.48290 
 29.04500  0.48284  0.48290 
 29.14500  0.48286  0.48290 
 29.24500  0.48290  0.48292 
 29.34500  0.48294  0.48300 
 29.44500  0.48296  0.48300 
 29.54500  0.48300  0.48304 
 29.64500  0.48304  0.48310 
 29.74500  0.48307  0.48310 
 29.84500  0.48311  0.48320 
 29.94500  0.48315  0.48320 
 30.04500  0.48322  0.48328 
 30.14500  0.48327  0.48330 
 30.24500  0.48330  0.48337 
 30.34500  0.48337  0.48340 
 30.44500  0.48339  0.48347 
 30.54500  0.48348  0.48350 
 30.64500  0.48351  0.48357 
 30.74500  0.48355  0.48360 
 30.84500  0.48363  0.48367 
 30.94500  0.48368  0.48370 
 31.04500  0.48372  0.48378 
 31.14500  0.48378  0.48380 
 31.24500  0.48384  0.48390 
 31.34500  0.48393  0.48393 
 31.44500  0.48399  0.48400 
 31.54500  0.48405  0.48406 
 31.64500  0.48412  0.48410 
 31.74500  0.48419  0.48420 
 31.84500  0.48425  0.48425 
 31.94500  0.48432  0.48430 
 32.04500  0.48439  0.48440 
 32.14500  0.48446  0.48447 
 32.24500  0.48454  0.48454 
 32.34500  0.48462  0.48462 
 32.44500  0.48474  0.48471 
 32.54500  0.48483  0.48480 
 32.64500  0.48492  0.48490 
 32.74500  0.48504  0.48500 
 32.84500  0.48513  0.48511 
 32.94500  0.48526  0.48522 
 33.04500  0.48537  0.48534 
 33.14500  0.48551  0.48546 
 33.24500  0.48565  0.48558 
 33.34500  0.48578  0.48573 
 33.44500  0.48593  0.48586 
 33.54500  0.48606  0.48602 
 33.64500  0.48623  0.48616 
 33.74500  0.48639  0.48634 
 33.84500  0.48655  0.48650 
 33.94500  0.48674  0.48667 
 34.04500  0.48692  0.48686 
 34.14500  0.48711  0.48705 
 34.24500  0.48731  0.48725 
 34.34500  0.48751  0.48745 
 34.44500  0.48772  0.48767 
 34.54500  0.48794  0.48788 
 34.64500  0.48817  0.48810 
 34.74500  0.48840  0.48833 
 34.84500  0.48863  0.48858 
 34.94500  0.48887  0.48882 
 35.04500  0.48911  0.48908 
 35.14500  0.48938  0.48932 
 35.24500  0.48962  0.48958 
 35.34500  0.48988  0.48985 
 35.44500  0.49015  0.49011 
 35.54500  0.49043  0.49039 
 35.64500  0.49069  0.49066 
 35.74500  0.49096  0.49094 
 35.84500  0.49125  0.49122 
 35.94500  0.49154  0.49150 
 36.04500  0.49181  0.49179 
 36.14500  0.49210  0.49209 
 36.24500  0.49238  0.49237 
 36.34500  0.49267  0.49266 
 36.44500  0.49296  0.49294 
 36.54500  0.49325  0.49324 
 36.64500  0.49351  0.49353 
 36.74500  0.49379  0.49381 
 36.84500  0.49410  0.49410 
 36.94500  0.49437  0.49438 
 37.04500  0.49464  0.49466 
 37.14500  0.49492  0.49493 
 37.24500  0.49519  0.49520 
 37.34500  0.49544  0.49548 
 37.44500  0.49571  0.49574 
 37.54500  0.49597  0.49600 
 37.64500  0.49622  0.49625 
 37.74500  0.49647  0.49650 
 37.84500  0.49671  0.49675 
 37.94500  0.49693  0.49699 
 38.04500  0.49718  0.49722 
 38.14500  0.49739  0.49744 
 38.24500  0.49761  0.49767 
 38.34500  0.49783  0.49788 
 38.44500  0.49803  0.49809 
 38.54500  0.49823  0.49829 
 38.64500  0.49842  0.49847 
 38.74500  0.49861  0.49866 
 38.84500  0.49879  0.49885 
 38.94500  0.49896  0.49902 
 39.04500  0.49913  0.49918 
 39.14500  0.49930  0.49935 
 39.24500  0.49945  0.49951 
 39.34500  0.49960  0.49965 
 39.44500  0.49974  0.49981 
 39.54500  0.49990  0.49994 
 39.64500  0.50004  0.50007 
 39.74500  0.50016  0.50022 
 39.84500  0.50031  0.50034 
 39.94500  0.50042  0.50046 
 40.04500  0.50054  0.50058 
 40.14500  0.50069  0.50072 
 40.24500  0.50081  0.50083 
 40.34500  0.50092  0.50095 
 40.44500  0.50103  0.50106 
 40.54500  0.50115  0.50117 
 40.64500  0.50127  0.50129 
 40.74500  0.50139  0.50142 
 40.84500  0.50151  0.50154 
 40.94500  0.50165  0.50166 
 41.04500  0.50179  0.50177 
 41.14500  0.50193  0.50192 
 41.24500  0.50205  0.50204 
 41.34500  0.50218  0.50217 
 41.44500  0.50235  0.50233 
 41.54500  0.50248  0.50246 
 41.64500  0.50266  0.50263 
 41.74500  0.50281  0.50278 
 41.84500  0.50299  0.50295 
 41.94500  0.50316  0.50312 
 42.04500  0.50335  0.50330 
 42.14500  0.50354  0.50349 
 42.24500  0.50374  0.50369 
 42.34500  0.50395  0.50390 
 42.44500  0.50417  0.50412 
 42.54500  0.50441  0.50434 
 42.64500  0.50464  0.50458 
 42.74500  0.50490  0.50482 
 42.84500  0.50514  0.50508 
 42.94500  0.50541  0.50535 
 43.04500  0.50569  0.50563 
 43.14500  0.50598  0.50591 
 43.24500  0.50627  0.50621 
 43.34500  0.50659  0.50652 
 43.44500  0.50690  0.50682 
 43.54500  0.50722  0.50715 
 43.64500  0.50755  0.50748 
 43.74500  0.50790  0.50782 
 43.84500  0.50825  0.50818 
 43.94500  0.50860  0.50854 
 44.04500  0.50897  0.50890 
 44.14500  0.50934  0.50927 
 44.24500  0.50971  0.50965 
 44.34500  0.51010  0.51004 
 44.44500  0.51048  0.51043 
 44.54500  0.51089  0.51082 
 44.64500  0.51129  0.51122 
 44.74500  0.51168  0.51162 
 44.84500  0.51209  0.51204 
 44.94500  0.51249  0.51244 
 45.04500  0.51289  0.51285 
 45.14500  0.51329  0.51326 
 45.24500  0.51370  0.51366 
 45.34500  0.51411  0.51408 
 45.44500  0.51450  0.51448 
 45.54500  0.51491  0.51488 
 45.64500  0.51529  0.51528 
 45.74500  0.51568  0.51566 
 45.84500  0.51607  0.51605 
 45.94500  0.51644  0.51644 
 46.04500  0.51682  0.51680 
 46.14500  0.51717  0.51717 
 46.24500  0.51752  0.51752 
 46.34500  0.51787  0.51787 
 46.44500  0.51818  0.51822 
 46.54500  0.51851  0.51852 
 46.64500  0.51882  0.51884 
 46.74500  0.51912  0.51914 
 46.84500  0.51939  0.51942 
 46.94500  0.51966  0.51970 
 47.04500  0.51992  0.51995 
 47.14500  0.52016  0.52019 
 47.24500  0.52038  0.52041 
 47.34500  0.52060  0.52063 
 47.44500  0.52077  0.52081 
 47.54500  0.52096  0.52098 
 47.64500  0.52111  0.52115 
 47.74500  0.52125  0.52128 
 47.84500  0.52138  0.52141 
 47.94500  0.52147  0.52151 
 48.04500  0.52157  0.52160 
 48.14500  0.52162  0.52168 
 48.24500  0.52166  0.52170 
 48.34500  0.52169  0.52176 
 48.44500  0.52173  0.52180 
 48.54500  0.52173  0.52180 
 48.64500  0.52171  0.52171 
 48.74500  0.52167  0.52170 
 48.84500  0.52161  0.52164 
 48.94500  0.52155  0.52157 
 49.04500  0.52145  0.52148 
 49.14500  0.52135  0.52137 
 49.24500  0.52124  0.52125 
 49.34500  0.52110  0.52111 
 49.44500  0.52095  0.52096 
 49.54500  0.52078  0.52079 
 49.64500  0.52061  0.52061 
 49.74500  0.52041  0.52041 
 49.84500  0.52020  0.52021 
 49.94500  0.52000  0.51999 
 50.04500  0.51977  0.51976 
 50.14500  0.51954  0.51952 
 50.24500  0.51929  0.51927 
 50.34500  0.51902  0.51900 
 50.44500  0.51875  0.51873 
 50.54500  0.51848  0.51846 
 50.64500  0.51820  0.51816 
 50.74500  0.51790  0.51787 
 50.84500  0.51760  0.51756 
 50.94500  0.51728  0.51725 
 51.04500  0.51698  0.51695 
 51.14500  0.51666  0.51662 
 51.24500  0.51634  0.51628 
 51.34500  0.51601  0.51595 
 51.44500  0.51568  0.51562 
 51.54500  0.51533  0.51528 
 51.64500  0.51499  0.51495 
 51.74500  0.51465  0.51459 
 51.84500  0.51430  0.51425 
 51.94500  0.51395  0.51388 
 52.04500  0.51359  0.51353 
 52.14500  0.51323  0.51317 
 52.24500  0.51286  0.51280 
 52.34500  0.51248  0.51244 
 52.44500  0.51211  0.51206 
 52.54500  0.51174  0.51168 
 52.64500  0.51135  0.51130 
 52.74500  0.51096  0.51091 
 52.84500  0.51056  0.51052 
 52.94500  0.51017  0.51012 
 53.04500  0.50976  0.50972 
 53.14500  0.50935  0.50930 
 53.24500  0.50891  0.50888 
 53.34500  0.50849  0.50844 
 53.44500  0.50804  0.50800 
 53.54500  0.50759  0.50755 
 53.64500  0.50712  0.50710 
 53.74500  0.50664  0.50660 
 53.84500  0.50613  0.50610 
 53.94500  0.50564  0.50560 
 54.04500  0.50511  0.50510 
 54.14500  0.50456  0.50455 
 54.24500  0.50400  0.50400 
 54.34500  0.50341  0.50342 
 54.44500  0.50282  0.50281 
 54.54500  0.50219  0.50220 
 54.64500  0.50152  0.50153 
 54.74500  0.50085  0.50087 
 54.84500  0.50016  0.50018 
 54.94500  0.49942  0.49945 
 55.04500  0.49867  0.49869 
 55.14500  0.49786  0.49790 
 55.24500  0.49705  0.49709 
 55.34500  0.49618  0.49622 
 55.44500  0.49529  0.49534 
 55.54500  0.49436  0.49443 
 55.64500  0.49339  0.49345 
 55.74500  0.49239  0.49245 
 55.84500  0.49134  0.49141 
 55.94500  0.49026  0.49032 
 56.04500  0.48913  0.48920 
 56.14500  0.48796  0.48802 
 56.24500  0.48672  0.48682 
 56.34500  0.48547  0.48555 
 56.44500  0.48417  0.48423 
 56.54500  0.48280  0.48289 
 56.64500  0.48141  0.48148 
 56.74500  0.47995  0.48005 
 56.84500  0.47846  0.47855 
 56.94500  0.47691  0.47701 
 57.04500  0.47532  0.47541 
 57.14500  0.47367  0.47375 
 57.24500  0.47198  0.47207 
 57.34500  0.47024  0.47032 
 57.44500  0.46844  0.46854 
 57.54500  0.46661  0.46669 
 57.64500  0.46472  0.46480 
 57.74500  0.46278  0.46290 
 57.84500  0.46080  0.46090 
 57.94500  0.45877  0.45887 
 58.04500  0.45670  0.45678 
 58.14500  0.45459  0.45466 
 58.24500  0.45242  0.45250 
 58.34500  0.45022  0.45030 
 58.44500  0.44798  0.44805 
 58.54500  0.44570  0.44577 
 58.64500  0.44338  0.44345 
 58.74500  0.44102  0.44109 
 58.84500  0.43864  0.43869 
 58.94500  0.43623  0.43627 
 59.04500  0.43378  0.43381 
 59.14500  0.43129  0.43135 
 59.24500  0.42880  0.42885 
 59.34500  0.42628  0.42630 
 59.44500  0.42373  0.42376 
 59.54500  0.42117  0.42118 
 59.64500  0.41861  0.41861 
 59.74500  0.41603  0.41603 
 59.84500  0.41342  0.41343 
 59.94500  0.41081  0.41081 
 60.04500  0.40822  0.40821 
 60.14500  0.40563  0.40561 
 60.24500  0.40302  0.40299 
 60.34500  0.40043  0.40040 
 60.44500  0.39785  0.39782 
 60.54500  0.39528  0.39524 
 60.64500  0.39273  0.39268 
 60.74500  0.39021  0.39015 
 60.84500  0.38769  0.38765 
 60.94500  0.38523  0.38515 
 61.04500  0.38277  0.38269 
 61.14500  0.38034  0.38027 
 61.24500  0.37798  0.37788 
 61.34500  0.37563  0.37555 
 61.44500  0.37333  0.37323 
 61.54500  0.37109  0.37098 
 61.64500  0.36889  0.36878 
 61.74500  0.36675  0.36663 
 61.84500  0.36466  0.36453 
 61.94500  0.36264  0.36250 
 62.04500  0.36066  0.36053 
 62.14500  0.35875  0.35863 
 62.24500  0.35695  0.35679 
 62.34500  0.35517  0.35503 
 62.44500  0.35349  0.35335 
 62.54500  0.35189  0.35173 
 62.64500  0.35036  0.35020 
 62.74500  0.34891  0.34875 
 62.84500  0.34755  0.34739 
 62.94500  0.34627  0.34611 
 63.04500  0.34509  0.34491 
 63.14500  0.34400  0.34382 
 63.24500  0.34299  0.34280 
 63.34500  0.34206  0.34189 
 63.44500  0.34126  0.34106 
 63.54500  0.34052  0.34034 
 63.64500  0.33990  0.33972 
 63.74500  0.33937  0.33920 
 63.84500  0.33894  0.33876 
 63.94500  0.33862  0.33843 
 64.04500  0.33838  0.33820 
 64.14500  0.33825  0.33807 
