  0.04500  0.53246  0.53330 
  0.14500  0.53245  0.53330 
  0.24500  0.53245  0.53330 
  0.34500  0.53245  0.53330 
  0.44500  0.53247  0.53330 
  0.54500  0.53247  0.53330 
  0.64500  0.53246  0.53330 
  0.74500  0.53247  0.53330 
  0.84500  0.53246  0.53330 
  0.94500  0.53249  0.53330 
  1.04500  0.53247  0.53330 
  1.14500  0.53244  0.53330 
  1.24500  0.53247  0.53330 
  1.34500  0.53247  0.53330 
  1.44500  0.53242  0.53320 
  1.54500  0.53240  0.53320 
  1.64500  0.53240  0.53320 
  1.74500  0.53241  0.53320 
  1.84500  0.53240  0.53320 
  1.94500  0.53240  0.53320 
  2.04500  0.53239  0.53320 
  2.14500  0.53238  0.53320 
  2.24500  0.53237  0.53311 
  2.34500  0.53232  0.53310 
  2.44500  0.53230  0.53310 
  2.54500  0.53228  0.53310 
  2.64500  0.53227  0.53310 
  2.74500  0.53227  0.53310 
  2.84500  0.53228  0.53300 
  2.94500  0.53225  0.53300 
  3.04500  0.53218  0.53300 
  3.14500  0.53217  0.53300 
  3.24500  0.53217  0.53299 
  3.34500  0.53217  0.53290 
  3.44500  0.53215  0.53290 
  3.54500  0.53211  0.53290 
  3.64500  0.53208  0.53290 
  3.74500  0.53206  0.53281 
  3.84500  0.53205  0.53280 
  3.94500  0.53202  0.53280 
  4.04500  0.53197  0.53279 
  4.14500  0.53194  0.53270 
  4.24500  0.53192  0.53270 
  4.34500  0.53190  0.53270 
  4.44500  0.53185  0.53264 
  4.54500  0.53185  0.53260 
  4.64500  0.53184  0.53260 
  4.74500  0.53177  0.53256 
  4.84500  0.53176  0.53250 
  4.94500  0.53173  0.53250 
  5.04500  0.53170  0.53247 
  5.14500  0.53164  0.53240 
  5.24500  0.53162  0.53240 
  5.34500  0.53162  0.53235 
  5.44500  0.53154  0.53230 
  5.54500  0.53153  0.53230 
  5.64500  0.53151  0.53222 
  5.74500  0.53144  0.53220 
  5.84500  0.53140  0.53218 
  5.94500  0.53139  0.53210 
  6.04500  0.53134  0.53210 
  6.14500  0.53128  0.53203 
  6.24500  0.53126  0.53200 
  6.34500  0.53120  0.53197 
  6.44500  0.53118  0.53190 
  6.54500  0.53114  0.53190 
  6.64500  0.53109  0.53181 
  6.74500  0.53103  0.53180 
  6.84500  0.53099  0.53173 
  6.94500  0.53095  0.53170 
  7.04500  0.53092  0.53165 
  7.14500  0.53086  0.53160 
  7.24500  0.53084  0.53156 
  7.34500  0.53077  0.53150 
  7.44500  0.53074  0.53146 
  7.54500  0.53067  0.53140 
  7.64500  0.53061  0.53136 
  7.74500  0.53059  0.53130 
  7.84500  0.53051  0.53126 
  7.94500  0.53050  0.53120 
  8.04500  0.53041  0.53115 
  8.14500  0.53037  0.53110 
  8.24500  0.53031  0.53104 
  8.34500  0.53026  0.53100 
  8.44500  0.53021  0.53092 
  8.54500  0.53016  0.53090 
  8.64500  0.53010  0.53080 
  8.74500  0.53006  0.53078 
  8.84500  0.52998  0.53070 
  8.94500  0.52994  0.53065 
  9.04500  0.52987  0.53060 
  9.14500  0.52982  0.53052 
  9.24500  0.52974  0.53049 
  9.34500  0.52970  0.53040 
  9.44500  0.52963  0.53035 
  9.54500  0.52959  0.53030 
  9.64500  0.52951  0.53022 
  9.74500  0.52946  0.53018 
  9.84500  0.52937  0.53010 
  9.94500  0.52932  0.53003 
 10.04500  0.52928  0.52999 
 10.14500  0.52921  0.52990 
 10.24500  0.52915  0.52984 
 10.34500  0.52905  0.52979 
 10.44500  0.52902  0.52970 
 10.54500  0.52893  0.52964 
 10.64500  0.52889  0.52959 
 10.74500  0.52881  0.52950 
 10.84500  0.52874  0.52943 
 10.94500  0.52867  0.52938 
 11.04500  0.52861  0.52930 
 11.14500  0.52854  0.52922 
 11.24500  0.52848  0.52916 
 11.34500  0.52838  0.52910 
 11.44500  0.52833  0.52900 
 11.54500  0.52827  0.52894 
 11.64500  0.52818  0.52887 
 11.74500  0.52812  0.52880 
 11.84500  0.52803  0.52871 
 11.94500  0.52799  0.52864 
 12.04500  0.52791  0.52858 
 12.14500  0.52782  0.52850 
 12.24500  0.52776  0.52841 
 12.34500  0.52768  0.52834 
 12.44500  0.52760  0.52827 
 12.54500  0.52752  0.52819 
 12.64500  0.52745  0.52810 
 12.74500  0.52738  0.52802 
 12.84500  0.52730  0.52795 
 12.94500  0.52723  0.52787 
 13.04500  0.52715  0.52780 
 13.14500  0.52706  0.52770 
 13.24500  0.52699  0.52762 
 13.34500  0.52690  0.52754 
 13.44500  0.52681  0.52746 
 13.54500  0.52675  0.52738 
 13.64500  0.52666  0.52730 
 13.74500  0.52659  0.52720 
 13.84500  0.52649  0.52712 
 13.94500  0.52643  0.52704 
 14.04500  0.52635  0.52696 
 14.14500  0.52625  0.52687 
 14.24500  0.52618  0.52679 
 14.34500  0.52611  0.52670 
 14.44500  0.52603  0.52660 
 14.54500  0.52594  0.52652 
 14.64500  0.52585  0.52643 
 14.74500  0.52577  0.52634 
 14.84500  0.52569  0.52626 
 14.94500  0.52559  0.52617 
 15.04500  0.52551  0.52608 
 15.14500  0.52540  0.52599 
 15.24500  0.52533  0.52590 
 15.34500  0.52524  0.52580 
 15.44500  0.52516  0.52571 
 15.54500  0.52507  0.52562 
 15.64500  0.52496  0.52552 
 15.74500  0.52488  0.52543 
 15.84500  0.52479  0.52534 
 15.94500  0.52470  0.52524 
 16.04500  0.52461  0.52515 
 16.14500  0.52452  0.52506 
 16.24500  0.52443  0.52496 
 16.34500  0.52433  0.52487 
 16.44500  0.52424  0.52477 
 16.54500  0.52414  0.52467 
 16.64500  0.52405  0.52458 
 16.74500  0.52396  0.52448 
 16.84500  0.52386  0.52438 
 16.94500  0.52375  0.52428 
 17.04500  0.52367  0.52418 
 17.14500  0.52357  0.52409 
 17.24500  0.52347  0.52399 
 17.34500  0.52336  0.52389 
 17.44500  0.52329  0.52379 
 17.54500  0.52318  0.52369 
 17.64500  0.52307  0.52358 
 17.74500  0.52298  0.52348 
 17.84500  0.52288  0.52338 
 17.94500  0.52277  0.52328 
 18.04500  0.52269  0.52318 
 18.14500  0.52258  0.52307 
 18.24500  0.52248  0.52297 
 18.34500  0.52238  0.52287 
 18.44500  0.52228  0.52276 
 18.54500  0.52217  0.52266 
 18.64500  0.52207  0.52256 
 18.74500  0.52196  0.52245 
 18.84500  0.52185  0.52235 
 18.94500  0.52177  0.52224 
 19.04500  0.52166  0.52214 
 19.14500  0.52155  0.52203 
 19.24500  0.52145  0.52193 
 19.34500  0.52134  0.52182 
 19.44500  0.52123  0.52171 
 19.54500  0.52114  0.52161 
 19.64500  0.52103  0.52149 
 19.74500  0.52092  0.52138 
 19.84500  0.52081  0.52128 
 19.94500  0.52069  0.52117 
 20.04500  0.52059  0.52106 
 20.14500  0.52049  0.52095 
 20.24500  0.52038  0.52084 
 20.34500  0.52027  0.52073 
 20.44500  0.52018  0.52063 
 20.54500  0.52008  0.52052 
 20.64500  0.51998  0.52041 
 20.74500  0.51986  0.52029 
 20.84500  0.51976  0.52018 
 20.94500  0.51965  0.52007 
 21.04500  0.51955  0.51996 
 21.14500  0.51943  0.51985 
 21.24500  0.51932  0.51973 
 21.34500  0.51921  0.51962 
 21.44500  0.51910  0.51951 
 21.54500  0.51900  0.51939 
 21.64500  0.51888  0.51928 
 21.74500  0.51878  0.51917 
 21.84500  0.51867  0.51905 
 21.94500  0.51855  0.51894 
 22.04500  0.51844  0.51883 
 22.14500  0.51833  0.51872 
 22.24500  0.51821  0.51859 
 22.34500  0.51811  0.51848 
 22.44500  0.51799  0.51836 
 22.54500  0.51788  0.51825 
 22.64500  0.51778  0.51814 
 22.74500  0.51765  0.51802 
 22.84500  0.51755  0.51791 
 22.94500  0.51744  0.51778 
 23.04500  0.51731  0.51767 
 23.14500  0.51721  0.51755 
 23.24500  0.51710  0.51744 
 23.34500  0.51698  0.51732 
 23.44500  0.51687  0.51720 
 23.54500  0.51676  0.51708 
 23.64500  0.51664  0.51696 
 23.74500  0.51653  0.51685 
 23.84500  0.51641  0.51673 
 23.94500  0.51631  0.51662 
 24.04500  0.51619  0.51649 
 24.14500  0.51607  0.51637 
 24.24500  0.51595  0.51626 
 24.34500  0.51583  0.51614 
 24.44500  0.51572  0.51602 
 24.54500  0.51561  0.51590 
 24.64500  0.51549  0.51578 
 24.74500  0.51538  0.51566 
 24.84500  0.51524  0.51554 
 24.94500  0.51514  0.51543 
 25.04500  0.51503  0.51530 
 25.14500  0.51491  0.51518 
 25.24500  0.51480  0.51506 
 25.34500  0.51467  0.51494 
 25.44500  0.51455  0.51483 
 25.54500  0.51444  0.51470 
 25.64500  0.51433  0.51457 
 25.74500  0.51424  0.51446 
 25.84500  0.51411  0.51434 
 25.94500  0.51399  0.51422 
 26.04500  0.51387  0.51409 
 26.14500  0.51375  0.51397 
 26.24500  0.51365  0.51385 
 26.34500  0.51352  0.51373 
 26.44500  0.51340  0.51362 
 26.54500  0.51329  0.51348 
 26.64500  0.51315  0.51336 
 26.74500  0.51305  0.51324 
 26.84500  0.51293  0.51313 
 26.94500  0.51282  0.51300 
 27.04500  0.51269  0.51287 
 27.14500  0.51257  0.51275 
 27.24500  0.51245  0.51264 
 27.34500  0.51232  0.51252 
 27.44500  0.51223  0.51238 
 27.54500  0.51210  0.51226 
 27.64500  0.51196  0.51214 
 27.74500  0.51185  0.51203 
 27.84500  0.51172  0.51190 
 27.94500  0.51162  0.51177 
 28.04500  0.51150  0.51165 
 28.14500  0.51137  0.51153 
 28.24500  0.51124  0.51141 
 28.34500  0.51112  0.51128 
 28.44500  0.51103  0.51116 
 28.54500  0.51090  0.51104 
 28.64500  0.51078  0.51092 
 28.74500  0.51066  0.51078 
 28.84500  0.51054  0.51066 
 28.94500  0.51042  0.51055 
 29.04500  0.51030  0.51043 
 29.14500  0.51017  0.51030 
 29.24500  0.51004  0.51017 
 29.34500  0.50992  0.51005 
 29.44500  0.50980  0.50993 
 29.54500  0.50968  0.50981 
 29.64500  0.50958  0.50968 
 29.74500  0.50944  0.50956 
 29.84500  0.50932  0.50944 
 29.94500  0.50921  0.50932 
 30.04500  0.50907  0.50918 
 30.14500  0.50897  0.50906 
 30.24500  0.50884  0.50894 
 30.34500  0.50872  0.50883 
 30.44500  0.50861  0.50870 
 30.54500  0.50851  0.50857 
 30.64500  0.50840  0.50845 
 30.74500  0.50827  0.50833 
 30.84500  0.50816  0.50820 
 30.94500  0.50803  0.50808 
 31.04500  0.50791  0.50796 
 31.14500  0.50780  0.50784 
 31.24500  0.50767  0.50772 
 31.34500  0.50756  0.50758 
 31.44500  0.50743  0.50746 
 31.54500  0.50731  0.50735 
 31.64500  0.50720  0.50723 
 31.74500  0.50708  0.50710 
 31.84500  0.50697  0.50697 
 31.94500  0.50682  0.50685 
 32.04500  0.50672  0.50674 
 32.14500  0.50660  0.50662 
 32.24500  0.50649  0.50648 
 32.34500  0.50637  0.50636 
 32.44500  0.50624  0.50624 
 32.54500  0.50613  0.50613 
 32.64500  0.50600  0.50600 
 32.74500  0.50589  0.50587 
 32.84500  0.50578  0.50576 
 32.94500  0.50565  0.50564 
 33.04500  0.50554  0.50552 
 33.14500  0.50541  0.50538 
 33.24500  0.50531  0.50527 
 33.34500  0.50518  0.50515 
 33.44500  0.50506  0.50503 
 33.54500  0.50495  0.50491 
 33.64500  0.50482  0.50478 
 33.74500  0.50471  0.50466 
 33.84500  0.50459  0.50455 
 33.94500  0.50449  0.50443 
 34.04500  0.50436  0.50430 
 34.14500  0.50424  0.50418 
 34.24500  0.50413  0.50406 
 34.34500  0.50401  0.50394 
 34.44500  0.50391  0.50383 
 34.54500  0.50378  0.50370 
 34.64500  0.50366  0.50358 
 34.74500  0.50355  0.50346 
 34.84500  0.50343  0.50335 
 34.94500  0.50332  0.50323 
 35.04500  0.50319  0.50311 
 35.14500  0.50310  0.50298 
 35.24500  0.50299  0.50287 
 35.34500  0.50287  0.50275 
 35.44500  0.50277  0.50264 
 35.54500  0.50264  0.50252 
 35.64500  0.50254  0.50239 
 35.74500  0.50242  0.50227 
 35.84500  0.50230  0.50216 
 35.94500  0.50219  0.50204 
 36.04500  0.50206  0.50193 
 36.14500  0.50197  0.50181 
 36.24500  0.50184  0.50169 
 36.34500  0.50173  0.50157 
 36.44500  0.50162  0.50146 
 36.54500  0.50150  0.50134 
 36.64500  0.50140  0.50123 
 36.74500  0.50128  0.50111 
 36.84500  0.50116  0.50099 
 36.94500  0.50105  0.50087 
 37.04500  0.50093  0.50076 
 37.14500  0.50083  0.50065 
 37.24500  0.50071  0.50053 
 37.34500  0.50062  0.50042 
 37.44500  0.50049  0.50031 
 37.54500  0.50038  0.50018 
 37.64500  0.50028  0.50007 
 37.74500  0.50015  0.49996 
 37.84500  0.50004  0.49985 
 37.94500  0.49993  0.49973 
 38.04500  0.49980  0.49962 
 38.14500  0.49972  0.49951 
 38.24500  0.49959  0.49939 
 38.34500  0.49949  0.49928 
 38.44500  0.49938  0.49917 
 38.54500  0.49926  0.49905 
 38.64500  0.49917  0.49894 
 38.74500  0.49904  0.49883 
 38.84500  0.49895  0.49872 
 38.94500  0.49885  0.49861 
 39.04500  0.49871  0.49849 
 39.14500  0.49862  0.49838 
 39.24500  0.49851  0.49827 
 39.34500  0.49840  0.49817 
 39.44500  0.49830  0.49806 
 39.54500  0.49819  0.49795 
 39.64500  0.49809  0.49784 
 39.74500  0.49798  0.49773 
 39.84500  0.49788  0.49762 
 39.94500  0.49778  0.49751 
 40.04500  0.49767  0.49741 
 40.14500  0.49759  0.49729 
 40.24500  0.49748  0.49718 
 40.34500  0.49737  0.49708 
 40.44500  0.49728  0.49697 
 40.54500  0.49717  0.49686 
 40.64500  0.49707  0.49676 
 40.74500  0.49697  0.49665 
 40.84500  0.49686  0.49655 
 40.94500  0.49677  0.49644 
 41.04500  0.49666  0.49634 
 41.14500  0.49655  0.49623 
 41.24500  0.49646  0.49613 
 41.34500  0.49634  0.49602 
 41.44500  0.49625  0.49592 
 41.54500  0.49615  0.49581 
 41.64500  0.49604  0.49571 
 41.74500  0.49595  0.49561 
 41.84500  0.49585  0.49550 
 41.94500  0.49575  0.49540 
 42.04500  0.49564  0.49529 
 42.14500  0.49555  0.49519 
 42.24500  0.49545  0.49509 
 42.34500  0.49536  0.49499 
 42.44500  0.49525  0.49489 
 42.54500  0.49517  0.49479 
 42.64500  0.49506  0.49469 
 42.74500  0.49495  0.49459 
 42.84500  0.49487  0.49449 
 42.94500  0.49477  0.49439 
 43.04500  0.49467  0.49429 
 43.14500  0.49458  0.49419 
 43.24500  0.49448  0.49409 
 43.34500  0.49438  0.49399 
 43.44500  0.49429  0.49390 
 43.54500  0.49419  0.49380 
 43.64500  0.49411  0.49370 
 43.74500  0.49401  0.49360 
 43.84500  0.49390  0.49350 
 43.94500  0.49382  0.49341 
 44.04500  0.49373  0.49331 
 44.14500  0.49362  0.49322 
 44.24500  0.49354  0.49312 
 44.34500  0.49345  0.49303 
 44.44500  0.49335  0.49293 
 44.54500  0.49326  0.49284 
 44.64500  0.49318  0.49275 
 44.74500  0.49307  0.49265 
 44.84500  0.49300  0.49256 
 44.94500  0.49290  0.49247 
 45.04500  0.49281  0.49238 
 45.14500  0.49273  0.49229 
 45.24500  0.49262  0.49220 
 45.34500  0.49253  0.49210 
 45.44500  0.49248  0.49201 
 45.54500  0.49238  0.49192 
 45.64500  0.49229  0.49183 
 45.74500  0.49222  0.49174 
 45.84500  0.49213  0.49165 
 45.94500  0.49203  0.49156 
 46.04500  0.49196  0.49148 
 46.14500  0.49187  0.49139 
 46.24500  0.49178  0.49130 
 46.34500  0.49171  0.49120 
 46.44500  0.49162  0.49112 
 46.54500  0.49152  0.49103 
 46.64500  0.49145  0.49095 
 46.74500  0.49135  0.49087 
 46.84500  0.49127  0.49078 
 46.94500  0.49120  0.49070 
 47.04500  0.49111  0.49060 
 47.14500  0.49103  0.49052 
 47.24500  0.49094  0.49044 
 47.34500  0.49087  0.49036 
 47.44500  0.49079  0.49028 
 47.54500  0.49070  0.49020 
 47.64500  0.49063  0.49010 
 47.74500  0.49056  0.49002 
 47.84500  0.49046  0.48995 
 47.94500  0.49039  0.48987 
 48.04500  0.49030  0.48980 
 48.14500  0.49022  0.48970 
 48.24500  0.49015  0.48962 
 48.34500  0.49007  0.48955 
 48.44500  0.49000  0.48947 
 48.54500  0.48992  0.48940 
 48.64500  0.48985  0.48930 
 48.74500  0.48977  0.48923 
 48.84500  0.48969  0.48916 
 48.94500  0.48961  0.48909 
 49.04500  0.48954  0.48900 
 49.14500  0.48949  0.48892 
 49.24500  0.48941  0.48886 
 49.34500  0.48934  0.48879 
 49.44500  0.48926  0.48870 
 49.54500  0.48919  0.48862 
 49.64500  0.48911  0.48856 
 49.74500  0.48906  0.48850 
 49.84500  0.48899  0.48840 
 49.94500  0.48890  0.48833 
 50.04500  0.48884  0.48827 
 50.14500  0.48880  0.48820 
 50.24500  0.48870  0.48811 
 50.34500  0.48864  0.48806 
 50.44500  0.48856  0.48800 
 50.54500  0.48850  0.48790 
 50.64500  0.48844  0.48784 
 50.74500  0.48836  0.48779 
 50.84500  0.48830  0.48770 
 50.94500  0.48825  0.48764 
 51.04500  0.48817  0.48759 
 51.14500  0.48811  0.48750 
 51.24500  0.48807  0.48744 
 51.34500  0.48797  0.48739 
 51.44500  0.48791  0.48730 
 51.54500  0.48785  0.48724 
 51.64500  0.48780  0.48720 
 51.74500  0.48775  0.48710 
 51.84500  0.48766  0.48705 
 51.94500  0.48762  0.48700 
 52.04500  0.48754  0.48691 
 52.14500  0.48751  0.48687 
 52.24500  0.48743  0.48680 
 52.34500  0.48737  0.48673 
 52.44500  0.48732  0.48670 
 52.54500  0.48728  0.48660 
 52.64500  0.48723  0.48657 
 52.74500  0.48716  0.48650 
 52.84500  0.48710  0.48643 
 52.94500  0.48706  0.48640 
 53.04500  0.48700  0.48631 
 53.14500  0.48694  0.48628 
 53.24500  0.48688  0.48620 
 53.34500  0.48682  0.48616 
 53.44500  0.48677  0.48610 
 53.54500  0.48673  0.48604 
 53.64500  0.48666  0.48600 
 53.74500  0.48661  0.48592 
 53.84500  0.48655  0.48590 
 53.94500  0.48651  0.48580 
 54.04500  0.48647  0.48579 
 54.14500  0.48640  0.48570 
 54.24500  0.48636  0.48568 
 54.34500  0.48628  0.48560 
 54.44500  0.48625  0.48558 
 54.54500  0.48620  0.48550 
 54.64500  0.48616  0.48548 
 54.74500  0.48609  0.48540 
 54.84500  0.48604  0.48538 
 54.94500  0.48600  0.48530 
 55.04500  0.48597  0.48529 
 55.14500  0.48591  0.48520 
 55.24500  0.48588  0.48520 
 55.34500  0.48583  0.48510 
 55.44500  0.48577  0.48510 
 55.54500  0.48574  0.48501 
 55.64500  0.48567  0.48500 
 55.74500  0.48565  0.48494 
 55.84500  0.48557  0.48490 
 55.94500  0.48555  0.48486 
 56.04500  0.48551  0.48480 
 56.14500  0.48545  0.48480 
 56.24500  0.48545  0.48470 
 56.34500  0.48538  0.48470 
 56.44500  0.48534  0.48464 
 56.54500  0.48531  0.48460 
 56.64500  0.48524  0.48459 
 56.74500  0.48522  0.48450 
 56.84500  0.48521  0.48450 
 56.94500  0.48516  0.48444 
 57.04500  0.48511  0.48440 
 57.14500  0.48507  0.48440 
 57.24500  0.48502  0.48431 
 57.34500  0.48499  0.48430 
 57.44500  0.48496  0.48428 
 57.54500  0.48493  0.48420 
 57.64500  0.48491  0.48420 
 57.74500  0.48487  0.48417 
 57.84500  0.48481  0.48410 
 57.94500  0.48481  0.48410 
 58.04500  0.48477  0.48407 
 58.14500  0.48471  0.48400 
 58.24500  0.48472  0.48400 
 58.34500  0.48469  0.48398 
 58.44500  0.48463  0.48390 
 58.54500  0.48463  0.48390 
 58.64500  0.48460  0.48390 
 58.74500  0.48458  0.48381 
 58.84500  0.48451  0.48380 
 58.94500  0.48450  0.48380 
 59.04500  0.48448  0.48377 
 59.14500  0.48446  0.48370 
 59.24500  0.48442  0.48370 
 59.34500  0.48439  0.48370 
 59.44500  0.48439  0.48364 
 59.54500  0.48438  0.48360 
 59.64500  0.48430  0.48360 
 59.74500  0.48429  0.48360 
 59.84500  0.48429  0.48356 
 59.94500  0.48430  0.48350 
 60.04500  0.48425  0.48350 
 60.14500  0.48420  0.48350 
 60.24500  0.48419  0.48350 
 60.34500  0.48419  0.48341 
 60.44500  0.48420  0.48340 
 60.54500  0.48417  0.48340 
 60.64500  0.48413  0.48340 
 60.74500  0.48411  0.48340 
 60.84500  0.48410  0.48332 
 60.94500  0.48409  0.48330 
 61.04500  0.48409  0.48330 
 61.14500  0.48407  0.48330 
 61.24500  0.48402  0.48330 
 61.34500  0.48402  0.48330 
 61.44500  0.48399  0.48322 
 61.54500  0.48397  0.48320 
 61.64500  0.48398  0.48320 
 61.74500  0.48397  0.48320 
 61.84500  0.48397  0.48320 
 61.94500  0.48396  0.48320 
 62.04500  0.48394  0.48320 
 62.14500  0.48394  0.48320 
 62.24500  0.48393  0.48310 
 62.34500  0.48394  0.48310 
 62.44500  0.48391  0.48310 
 62.54500  0.48390  0.48310 
 62.64500  0.48390  0.48310 
 62.74500  0.48389  0.48310 
 62.84500  0.48389  0.48310 
 62.94500  0.48388  0.48310 
 63.04500  0.48388  0.48310 
 63.14500  0.48384  0.48310 
 63.24500  0.48383  0.48310 
 63.34500  0.48383  0.48310 
 63.44500  0.48383  0.48310 
 63.54500  0.48383  0.48310 
 63.64500  0.48383  0.48302 
 63.74500  0.48384  0.48300 
 63.84500  0.48384  0.48300 
 63.94500  0.48384  0.48300 
 64.04500  0.48384  0.48300 
 64.14500  0.48384  0.48300 
