  0.04500  1.00001  1.00000 
  0.14500  1.00001  1.00000 
  0.24500  1.00001  1.00000 
  0.34500  1.00001  1.00000 
  0.44500  1.00001  1.00000 
  0.54500  1.00001  1.00000 
  0.64500  1.00001  1.00000 
  0.74500  1.00001  1.00000 
  0.84500  1.00001  1.00000 
  0.94500  1.00002  1.00000 
  1.04500  1.00001  1.00000 
  1.14500  1.00001  1.00000 
  1.24500  1.00002  1.00000 
  1.34500  1.00001  1.00000 
  1.44500  1.00001  1.00000 
  1.54500  1.00001  1.00000 
  1.64500  1.00001  1.00000 
  1.74500  1.00002  1.00000 
  1.84500  1.00002  1.00000 
  1.94500  1.00001  1.00000 
  2.04500  1.00002  1.00000 
  2.14500  1.00002  1.00000 
  2.24500  1.00002  1.00000 
  2.34500  1.00002  1.00000 
  2.44500  0.99999  1.00000 
  2.54500  0.99998  0.99997 
  2.64500  0.99995  0.99990 
  2.74500  0.99986  0.99985 
  2.84500  0.99974  0.99972 
  2.94500  0.99952  0.99951 
  3.04500  0.99917  0.99914 
  3.14500  0.99858  0.99858 
  3.24500  0.99767  0.99764 
  3.34500  0.99625  0.99624 
  3.44500  0.99410  0.99407 
  3.54500  0.99091  0.99090 
  3.64500  0.98631  0.98628 
  3.74500  0.97981  0.97979 
  3.84500  0.97087  0.97086 
  3.94500  0.95886  0.95891 
  4.04500  0.94312  0.94321 
  4.14500  0.92305  0.92316 
  4.24500  0.89801  0.89810 
  4.34500  0.86754  0.86761 
  4.44500  0.83134  0.83132 
  4.54500  0.78931  0.78919 
  4.64500  0.74161  0.74145 
  4.74500  0.68879  0.68867 
  4.84500  0.63166  0.63169 
  4.94500  0.57136  0.57166 
  5.04500  0.50974  0.50988 
  5.14500  0.44830  0.44790 
  5.24500  0.38728  0.38716 
  5.34500  0.32899  0.32906 
  5.44500  0.27469  0.27482 
  5.54500  0.22528  0.22543 
  5.64500  0.18143  0.18147 
  5.74500  0.14336  0.14332 
  5.84500  0.11110  0.11099 
  5.94500  0.08439  0.08424 
  6.04500  0.06276  0.06266 
  6.14500  0.04573  0.04566 
  6.24500  0.03262  0.03259 
  6.34500  0.02276  0.02274 
  6.44500  0.01556  0.01557 
  6.54500  0.01042  0.01043 
  6.64500  0.00684  0.00687 
  6.74500  0.00444  0.00444 
  6.84500  0.00289  0.00290 
  6.94500  0.00198  0.00198 
  7.04500  0.00155  0.00155 
  7.14500  0.00151  0.00152 
  7.24500  0.00188  0.00188 
  7.34500  0.00273  0.00274 
  7.44500  0.00418  0.00417 
  7.54500  0.00643  0.00644 
  7.64500  0.00982  0.00983 
  7.74500  0.01469  0.01469 
  7.84500  0.02157  0.02156 
  7.94500  0.03101  0.03095 
  8.04500  0.04360  0.04354 
  8.14500  0.06004  0.05993 
  8.24500  0.08096  0.08083 
  8.34500  0.10691  0.10678 
  8.44500  0.13834  0.13829 
  8.54500  0.17557  0.17561 
  8.64500  0.21860  0.21873 
  8.74500  0.26722  0.26736 
  8.84500  0.32088  0.32097 
  8.94500  0.37866  0.37858 
  9.04500  0.43937  0.43900 
  9.14500  0.50090  0.50092 
  9.24500  0.56246  0.56279 
  9.34500  0.62310  0.62316 
  9.44500  0.68077  0.68066 
  9.54500  0.73428  0.73412 
  9.64500  0.78275  0.78262 
  9.74500  0.82562  0.82558 
  9.84500  0.86267  0.86272 
  9.94500  0.89394  0.89404 
 10.04500  0.91973  0.91985 
 10.14500  0.94052  0.94062 
 10.24500  0.95684  0.95688 
 10.34500  0.96932  0.96935 
 10.44500  0.97868  0.97867 
 10.54500  0.98550  0.98547 
 10.64500  0.99034  0.99032 
 10.74500  0.99371  0.99369 
 10.84500  0.99599  0.99597 
 10.94500  0.99750  0.99750 
 11.04500  0.99848  0.99847 
 11.14500  0.99910  0.99909 
 11.24500  0.99948  0.99947 
 11.34500  0.99971  0.99968 
 11.44500  0.99983  0.99980 
 11.54500  0.99989  0.99990 
 11.64500  0.99991  0.99990 
 11.74500  0.99986  0.99984 
 11.84500  0.99977  0.99975 
 11.94500  0.99958  0.99956 
 12.04500  0.99926  0.99926 
 12.14500  0.99875  0.99874 
 12.24500  0.99793  0.99792 
 12.34500  0.99664  0.99663 
 12.44500  0.99469  0.99467 
 12.54500  0.99177  0.99176 
 12.64500  0.98754  0.98751 
 12.74500  0.98153  0.98152 
 12.84500  0.97323  0.97324 
 12.94500  0.96199  0.96204 
 13.04500  0.94720  0.94728 
 13.14500  0.92819  0.92831 
 13.24500  0.90437  0.90448 
 13.34500  0.87522  0.87531 
 13.44500  0.84040  0.84038 
 13.54500  0.79972  0.79961 
 13.64500  0.75334  0.75317 
 13.74500  0.70166  0.70151 
 13.84500  0.64543  0.64544 
 13.94500  0.58576  0.58598 
 14.04500  0.52413  0.52450 
 14.14500  0.46290  0.46244 
 14.24500  0.40145  0.40127 
 14.34500  0.34240  0.34244 
 14.44500  0.28706  0.28721 
 14.54500  0.23645  0.23659 
 14.64500  0.19124  0.19133 
 14.74500  0.15180  0.15179 
 14.84500  0.11819  0.11808 
 14.94500  0.09021  0.09006 
 15.04500  0.06743  0.06730 
 15.14500  0.04935  0.04928 
 15.24500  0.03538  0.03533 
 15.34500  0.02482  0.02479 
 15.44500  0.01705  0.01705 
 15.54500  0.01146  0.01147 
 15.64500  0.00757  0.00759 
 15.74500  0.00493  0.00493 
 15.84500  0.00320  0.00320 
 15.94500  0.00215  0.00213 
 16.04500  0.00160  0.00160 
 16.14500  0.00150  0.00150 
 16.24500  0.00176  0.00176 
 16.34500  0.00248  0.00248 
 16.44500  0.00377  0.00379 
 16.54500  0.00583  0.00583 
 16.64500  0.00890  0.00890 
 16.74500  0.01338  0.01339 
 16.84500  0.01975  0.01975 
 16.94500  0.02851  0.02849 
 17.04500  0.04032  0.04025 
 17.14500  0.05578  0.05569 
 17.24500  0.07560  0.07547 
 17.34500  0.10033  0.10018 
 17.44500  0.13044  0.13034 
 17.54500  0.16627  0.16628 
 17.64500  0.20795  0.20806 
 17.74500  0.25529  0.25545 
 17.84500  0.30782  0.30793 
 17.94500  0.36473  0.36469 
 18.04500  0.42487  0.42460 
 18.14500  0.48650  0.48627 
 18.24500  0.54790  0.54831 
 18.34500  0.60904  0.60916 
 18.44500  0.66753  0.66746 
 18.54500  0.72211  0.72194 
 18.64500  0.77182  0.77170 
 18.74500  0.81606  0.81599 
 18.84500  0.85447  0.85450 
 18.94500  0.88709  0.88718 
 19.04500  0.91415  0.91426 
 19.14500  0.93603  0.93615 
 19.24500  0.95336  0.95341 
 19.34500  0.96670  0.96672 
 19.44500  0.97674  0.97673 
 19.54500  0.98409  0.98407 
 19.64500  0.98937  0.98933 
 19.74500  0.99303  0.99301 
 19.84500  0.99553  0.99549 
 19.94500  0.99719  0.99717 
 20.04500  0.99826  0.99823 
 20.14500  0.99894  0.99891 
 20.24500  0.99930  0.99930 
 20.34500  0.99950  0.99948 
 20.44500  0.99951  0.99949 
 20.54500  0.99934  0.99933 
 20.64500  0.99901  0.99899 
 20.74500  0.99839  0.99837 
 20.84500  0.99738  0.99737 
 20.94500  0.99580  0.99578 
 21.04500  0.99344  0.99341 
 21.14500  0.98996  0.98994 
 21.24500  0.98494  0.98493 
 21.34500  0.97792  0.97791 
 21.44500  0.96830  0.96832 
 21.54500  0.95546  0.95551 
 21.64500  0.93877  0.93885 
 21.74500  0.91752  0.91765 
 21.84500  0.89123  0.89133 
 21.94500  0.85942  0.85946 
 22.04500  0.82183  0.82177 
 22.14500  0.77841  0.77827 
 22.24500  0.72944  0.72928 
 22.34500  0.67549  0.67540 
 22.44500  0.61748  0.61757 
 22.54500  0.55663  0.55699 
 22.64500  0.49513  0.49505 
 22.74500  0.43354  0.43322 
 22.84500  0.37307  0.37299 
 22.94500  0.31562  0.31571 
 23.04500  0.26242  0.26255 
 23.14500  0.21429  0.21441 
 23.24500  0.17180  0.17182 
 23.34500  0.13514  0.13507 
 23.44500  0.10422  0.10412 
 23.54500  0.07878  0.07864 
 23.64500  0.05831  0.05820 
 23.74500  0.04225  0.04220 
 23.84500  0.02998  0.02996 
 23.94500  0.02082  0.02081 
 24.04500  0.01415  0.01415 
 24.14500  0.00940  0.00943 
 24.24500  0.00614  0.00614 
 24.34500  0.00393  0.00394 
 24.44500  0.00247  0.00248 
 24.54500  0.00158  0.00157 
 24.64500  0.00105  0.00105 
 24.74500  0.00083  0.00082 
 24.84500  0.00083  0.00083 
 24.94500  0.00108  0.00107 
 25.04500  0.00161  0.00162 
 25.14500  0.00256  0.00257 
 25.24500  0.00407  0.00405 
 25.34500  0.00632  0.00632 
 25.44500  0.00969  0.00969 
 25.54500  0.01453  0.01454 
 25.64500  0.02135  0.02134 
 25.74500  0.03070  0.03067 
 25.84500  0.04321  0.04316 
 25.94500  0.05956  0.05944 
 26.04500  0.08033  0.08020 
 26.14500  0.10613  0.10602 
 26.24500  0.13743  0.13738 
 26.34500  0.17449  0.17452 
 26.44500  0.21737  0.21750 
 26.54500  0.26586  0.26601 
 26.64500  0.31938  0.31948 
 26.74500  0.37707  0.37699 
 26.84500  0.43771  0.43736 
 26.94500  0.49927  0.49925 
 27.04500  0.56082  0.56114 
 27.14500  0.62152  0.62160 
 27.24500  0.67929  0.67917 
 27.34500  0.73290  0.73275 
 27.44500  0.78153  0.78140 
 27.54500  0.82455  0.82451 
 27.64500  0.86176  0.86179 
 27.74500  0.89319  0.89328 
 27.84500  0.91912  0.91924 
 27.94500  0.94002  0.94011 
 28.04500  0.95645  0.95650 
 28.14500  0.96905  0.96906 
 28.24500  0.97847  0.97846 
 28.34500  0.98534  0.98532 
 28.44500  0.99024  0.99023 
 28.54500  0.99363  0.99361 
 28.64500  0.99594  0.99594 
 28.74500  0.99747  0.99747 
 28.84500  0.99846  0.99845 
 28.94500  0.99907  0.99905 
 29.04500  0.99946  0.99944 
 29.14500  0.99966  0.99965 
 29.24500  0.99978  0.99973 
 29.34500  0.99978  0.99974 
 29.44500  0.99967  0.99966 
 29.54500  0.99947  0.99946 
 29.64500  0.99911  0.99910 
 29.74500  0.99852  0.99850 
 29.84500  0.99756  0.99755 
 29.94500  0.99608  0.99606 
 30.04500  0.99384  0.99385 
 30.14500  0.99055  0.99054 
 30.24500  0.98580  0.98578 
 30.34500  0.97909  0.97910 
 30.44500  0.96989  0.96991 
 30.54500  0.95757  0.95762 
 30.64500  0.94147  0.94155 
 30.74500  0.92094  0.92105 
 30.84500  0.89541  0.89552 
 30.94500  0.86442  0.86448 
 31.04500  0.82769  0.82765 
 31.14500  0.78511  0.78498 
 31.24500  0.73694  0.73676 
 31.34500  0.68366  0.68354 
 31.44500  0.62618  0.62623 
 31.54500  0.56566  0.56598 
 31.64500  0.50408  0.50414 
 31.74500  0.44257  0.44221 
 31.84500  0.38174  0.38165 
 31.94500  0.32378  0.32384 
 32.04500  0.26989  0.27005 
 32.14500  0.22100  0.22111 
 32.24500  0.17766  0.17769 
 32.34500  0.14014  0.14008 
 32.44500  0.10840  0.10829 
 32.54500  0.08217  0.08205 
 32.64500  0.06101  0.06091 
 32.74500  0.04436  0.04431 
 32.84500  0.03156  0.03155 
 32.94500  0.02198  0.02199 
 33.04500  0.01499  0.01500 
 33.14500  0.01001  0.01001 
 33.24500  0.00653  0.00654 
 33.34500  0.00418  0.00418 
 33.44500  0.00262  0.00262 
 33.54500  0.00161  0.00161 
 33.64500  0.00099  0.00100 
 33.74500  0.00062  0.00063 
 33.84500  0.00045  0.00044 
 33.94500  0.00043  0.00040 
 34.04500  0.00051  0.00052 
 34.14500  0.00078  0.00079 
 34.24500  0.00128  0.00128 
 34.34500  0.00206  0.00205 
 34.44500  0.00333  0.00333 
 34.54500  0.00525  0.00527 
 34.64500  0.00814  0.00816 
 34.74500  0.01232  0.01233 
 34.84500  0.01825  0.01827 
 34.94500  0.02651  0.02649 
 35.04500  0.03764  0.03759 
 35.14500  0.05232  0.05222 
 35.24500  0.07121  0.07107 
 35.34500  0.09488  0.09473 
 35.44500  0.12387  0.12376 
 35.54500  0.15854  0.15851 
 35.64500  0.19902  0.19911 
 35.74500  0.24525  0.24540 
 35.84500  0.29678  0.29690 
 35.94500  0.35288  0.35288 
 36.04500  0.41245  0.41225 
 36.14500  0.47410  0.47368 
 36.24500  0.53529  0.53576 
 36.34500  0.59680  0.59697 
 36.44500  0.65592  0.65590 
 36.54500  0.71140  0.71125 
 36.64500  0.76215  0.76200 
 36.74500  0.80752  0.80743 
 36.84500  0.84715  0.84713 
 36.94500  0.88093  0.88100 
 37.04500  0.90907  0.90919 
 37.14500  0.93199  0.93209 
 37.24500  0.95018  0.95026 
 37.34500  0.96428  0.96431 
 37.44500  0.97494  0.97495 
 37.54500  0.98280  0.98274 
 37.64500  0.98843  0.98840 
 37.74500  0.99239  0.99238 
 37.84500  0.99510  0.99506 
 37.94500  0.99692  0.99690 
 38.04500  0.99810  0.99810 
 38.14500  0.99885  0.99884 
 38.24500  0.99931  0.99931 
 38.34500  0.99959  0.99957 
 38.44500  0.99974  0.99970 
 38.54500  0.99979  0.99977 
 38.64500  0.99973  0.99970 
 38.74500  0.99957  0.99956 
 38.84500  0.99928  0.99927 
 38.94500  0.99880  0.99878 
 39.04500  0.99801  0.99800 
 39.14500  0.99677  0.99675 
 39.24500  0.99488  0.99485 
 39.34500  0.99207  0.99204 
 39.44500  0.98796  0.98793 
 39.54500  0.98213  0.98211 
 39.64500  0.97402  0.97403 
 39.74500  0.96306  0.96309 
 39.84500  0.94860  0.94867 
 39.94500  0.92996  0.93007 
 40.04500  0.90656  0.90667 
 40.14500  0.87788  0.87796 
 40.24500  0.84352  0.84352 
 40.34500  0.80335  0.80324 
 40.44500  0.75742  0.75725 
 40.54500  0.70616  0.70601 
 40.64500  0.65029  0.65026 
 40.74500  0.59087  0.59105 
 40.84500  0.52925  0.52969 
 40.94500  0.46810  0.46761 
 41.04500  0.40652  0.40633 
 41.14500  0.34722  0.34725 
 41.24500  0.29153  0.29167 
 41.34500  0.24049  0.24062 
 41.44500  0.19480  0.19488 
 41.54500  0.15487  0.15486 
 41.64500  0.12079  0.12068 
 41.74500  0.09233  0.09220 
 41.84500  0.06914  0.06903 
 41.94500  0.05071  0.05062 
 42.04500  0.03642  0.03636 
 42.14500  0.02558  0.02558 
 42.24500  0.01761  0.01762 
 42.34500  0.01186  0.01187 
 42.44500  0.00785  0.00784 
 42.54500  0.00512  0.00514 
 42.64500  0.00332  0.00332 
 42.74500  0.00221  0.00221 
 42.84500  0.00163  0.00163 
 42.94500  0.00149  0.00150 
 43.04500  0.00171  0.00171 
 43.14500  0.00241  0.00239 
 43.24500  0.00363  0.00364 
 43.34500  0.00561  0.00562 
 43.44500  0.00859  0.00861 
 43.54500  0.01294  0.01294 
 43.64500  0.01914  0.01912 
 43.74500  0.02767  0.02766 
 43.84500  0.03919  0.03914 
 43.94500  0.05434  0.05424 
 44.04500  0.07376  0.07362 
 44.14500  0.09805  0.09791 
 44.24500  0.12768  0.12761 
 44.34500  0.16306  0.16304 
 44.44500  0.20424  0.20433 
 44.54500  0.25111  0.25129 
 44.64500  0.30327  0.30337 
 44.74500  0.35984  0.35983 
 44.84500  0.41975  0.41949 
 44.94500  0.48138  0.48111 
 45.04500  0.54272  0.54314 
 45.14500  0.60401  0.60414 
 45.24500  0.66277  0.66271 
 45.34500  0.71772  0.71756 
 45.44500  0.76788  0.76773 
 45.54500  0.81258  0.81250 
 45.64500  0.85147  0.85150 
 45.74500  0.88458  0.88469 
 45.84500  0.91208  0.91220 
 45.94500  0.93440  0.93452 
 46.04500  0.95207  0.95213 
 46.14500  0.96573  0.96574 
 46.24500  0.97600  0.97600 
 46.34500  0.98356  0.98355 
 46.44500  0.98897  0.98894 
 46.54500  0.99276  0.99273 
 46.64500  0.99534  0.99531 
 46.74500  0.99702  0.99702 
 46.84500  0.99812  0.99809 
 46.94500  0.99872  0.99872 
 47.04500  0.99901  0.99898 
 47.14500  0.99901  0.99898 
 47.24500  0.99871  0.99869 
 47.34500  0.99807  0.99803 
 47.44500  0.99697  0.99695 
 47.54500  0.99523  0.99522 
 47.64500  0.99262  0.99260 
 47.74500  0.98876  0.98874 
 47.84500  0.98325  0.98324 
 47.94500  0.97559  0.97558 
 48.04500  0.96517  0.96518 
 48.14500  0.95133  0.95141 
 48.24500  0.93345  0.93358 
 48.34500  0.91093  0.91104 
 48.44500  0.88317  0.88325 
 48.54500  0.84979  0.84981 
 48.64500  0.81061  0.81054 
 48.74500  0.76566  0.76550 
 48.84500  0.71527  0.71509 
 48.94500  0.66010  0.66005 
 49.04500  0.60121  0.60135 
 49.14500  0.53983  0.54026 
 49.24500  0.47853  0.47821 
 49.34500  0.41692  0.41665 
 49.44500  0.35712  0.35711 
 49.54500  0.30072  0.30086 
 49.64500  0.24883  0.24898 
 49.74500  0.20220  0.20230 
 49.84500  0.16127  0.16127 
 49.94500  0.12619  0.12611 
 50.04500  0.09681  0.09668 
 50.14500  0.07276  0.07264 
 50.24500  0.05353  0.05345 
 50.34500  0.03858  0.03852 
 50.44500  0.02721  0.02720 
 50.54500  0.01879  0.01876 
 50.64500  0.01270  0.01270 
 50.74500  0.00840  0.00841 
 50.84500  0.00543  0.00543 
 50.94500  0.00344  0.00344 
 51.04500  0.00212  0.00215 
 51.14500  0.00130  0.00129 
 51.24500  0.00077  0.00077 
 51.34500  0.00045  0.00045 
 51.44500  0.00025  0.00025 
 51.54500  0.00016  0.00016 
 51.64500  0.00009  0.00010 
 51.74500  0.00008  0.00010 
 51.84500  0.00015  0.00014 
 51.94500  0.00022  0.00024 
 52.04500  0.00040  0.00040 
 52.14500  0.00070  0.00069 
 52.24500  0.00117  0.00118 
 52.34500  0.00195  0.00195 
 52.44500  0.00315  0.00316 
 52.54500  0.00499  0.00500 
 52.64500  0.00775  0.00774 
 52.74500  0.01176  0.01177 
 52.84500  0.01750  0.01748 
 52.94500  0.02543  0.02541 
 53.04500  0.03620  0.03615 
 53.14500  0.05045  0.05037 
 53.24500  0.06882  0.06870 
 53.34500  0.09192  0.09180 
 53.44500  0.12029  0.12018 
 53.54500  0.15429  0.15427 
 53.64500  0.19412  0.19418 
 53.74500  0.23971  0.23986 
 53.84500  0.29067  0.29082 
 53.94500  0.34630  0.34633 
 54.04500  0.40555  0.40535 
 54.14500  0.46712  0.46662 
 54.24500  0.52826  0.52870 
 54.34500  0.58989  0.59008 
 54.44500  0.64937  0.64934 
 54.54500  0.70530  0.70516 
 54.64500  0.75665  0.75648 
 54.74500  0.80265  0.80255 
 54.84500  0.84293  0.84291 
 54.94500  0.87737  0.87746 
 55.04500  0.90615  0.90626 
 55.14500  0.92962  0.92973 
 55.24500  0.94834  0.94842 
 55.34500  0.96285  0.96290 
 55.44500  0.97387  0.97390 
 55.54500  0.98201  0.98199 
 55.64500  0.98789  0.98786 
 55.74500  0.99200  0.99198 
 55.84500  0.99484  0.99482 
 55.94500  0.99675  0.99672 
 56.04500  0.99797  0.99795 
 56.14500  0.99876  0.99874 
 56.24500  0.99922  0.99920 
 56.34500  0.99947  0.99945 
 56.44500  0.99953  0.99950 
 56.54500  0.99942  0.99940 
 56.64500  0.99912  0.99912 
 56.74500  0.99861  0.99860 
 56.84500  0.99774  0.99773 
 56.94500  0.99637  0.99637 
 57.04500  0.99430  0.99428 
 57.14500  0.99121  0.99120 
 57.24500  0.98673  0.98670 
 57.34500  0.98039  0.98039 
 57.44500  0.97168  0.97168 
 57.54500  0.95992  0.95997 
 57.64500  0.94451  0.94459 
 57.74500  0.92477  0.92489 
 57.84500  0.90015  0.90025 
 57.94500  0.87010  0.87018 
 58.04500  0.83437  0.83434 
 58.14500  0.79279  0.79269 
 58.24500  0.74553  0.74537 
 58.34500  0.69308  0.69296 
 58.44500  0.63625  0.63626 
 58.54500  0.57614  0.57639 
 58.64500  0.51450  0.51475 
 58.74500  0.45312  0.45270 
 58.84500  0.39196  0.39181 
 58.94500  0.33340  0.33349 
 59.04500  0.27875  0.27889 
 59.14500  0.22895  0.22908 
 59.24500  0.18464  0.18471 
 59.34500  0.14612  0.14609 
 59.44500  0.11340  0.11332 
 59.54500  0.08628  0.08615 
 59.64500  0.06428  0.06417 
 59.74500  0.04690  0.04682 
 59.84500  0.03351  0.03346 
 59.94500  0.02341  0.02340 
 60.04500  0.01602  0.01604 
 60.14500  0.01073  0.01073 
 60.24500  0.00703  0.00703 
 60.34500  0.00451  0.00451 
 60.44500  0.00283  0.00284 
 60.54500  0.00174  0.00174 
 60.64500  0.00104  0.00105 
 60.74500  0.00061  0.00062 
 60.84500  0.00035  0.00035 
 60.94500  0.00019  0.00020 
 61.04500  0.00009  0.00010 
 61.14500  0.00004  0.00007 
 61.24500  0.00003  0.00000 
 61.34500  0.00000  0.00000 
 61.44500 -0.00000  0.00000 
 61.54500 -0.00001  0.00000 
 61.64500 -0.00000  0.00000 
 61.74500 -0.00000  0.00000 
 61.84500 -0.00000  0.00000 
 61.94500 -0.00001  0.00000 
 62.04500  0.00000  0.00000 
 62.14500  0.00000  0.00000 
 62.24500  0.00000  0.00000 
 62.34500  0.00001  0.00000 
 62.44500 -0.00000  0.00000 
 62.54500 -0.00000  0.00000 
 62.64500 -0.00000  0.00000 
 62.74500 -0.00000  0.00000 
 62.84500 -0.00000  0.00000 
 62.94500  0.00000  0.00000 
 63.04500  0.00000  0.00000 
 63.14500 -0.00000  0.00000 
 63.24500  0.00000  0.00000 
 63.34500  0.00000  0.00000 
 63.44500  0.00000  0.00000 
