  0.04500  0.96167  0.96185 
  0.14500  0.96137  0.96154 
  0.24500  0.96075  0.96090 
  0.34500  0.95980  0.95994 
  0.44500  0.95855  0.95869 
  0.54500  0.95695  0.95710 
  0.64500  0.95504  0.95518 
  0.74500  0.95277  0.95293 
  0.84500  0.95019  0.95035 
  0.94500  0.94726  0.94742 
  1.04500  0.94400  0.94414 
  1.14500  0.94038  0.94052 
  1.24500  0.93639  0.93655 
  1.34500  0.93208  0.93220 
  1.44500  0.92738  0.92752 
  1.54500  0.92233  0.92246 
  1.64500  0.91689  0.91702 
  1.74500  0.91109  0.91120 
  1.84500  0.90491  0.90502 
  1.94500  0.89831  0.89846 
  2.04500  0.89138  0.89151 
  2.14500  0.88405  0.88416 
  2.24500  0.87633  0.87646 
  2.34500  0.86823  0.86833 
  2.44500  0.85976  0.85985 
  2.54500  0.85089  0.85095 
  2.64500  0.84164  0.84174 
  2.74500  0.83205  0.83213 
  2.84500  0.82208  0.82216 
  2.94500  0.81176  0.81184 
  3.04500  0.80111  0.80118 
  3.14500  0.79011  0.79019 
  3.24500  0.77883  0.77888 
  3.34500  0.76723  0.76729 
  3.44500  0.75535  0.75540 
  3.54500  0.74321  0.74327 
  3.64500  0.73087  0.73090 
  3.74500  0.71829  0.71833 
  3.84500  0.70552  0.70554 
  3.94500  0.69261  0.69265 
  4.04500  0.67955  0.67957 
  4.14500  0.66639  0.66640 
  4.24500  0.65318  0.65317 
  4.34500  0.63991  0.63992 
  4.44500  0.62666  0.62665 
  4.54500  0.61343  0.61344 
  4.64500  0.60027  0.60028 
  4.74500  0.58724  0.58725 
  4.84500  0.57437  0.57436 
  4.94500  0.56171  0.56166 
  5.04500  0.54920  0.54920 
  5.14500  0.53698  0.53700 
  5.24500  0.52509  0.52508 
  5.34500  0.51358  0.51353 
  5.44500  0.50241  0.50236 
  5.54500  0.49165  0.49161 
  5.64500  0.48136  0.48131 
  5.74500  0.47156  0.47152 
  5.84500  0.46227  0.46225 
  5.94500  0.45355  0.45353 
  6.04500  0.44543  0.44542 
  6.14500  0.43792  0.43790 
  6.24500  0.43106  0.43103 
  6.34500  0.42487  0.42483 
  6.44500  0.41937  0.41930 
  6.54500  0.41457  0.41453 
  6.64500  0.41049  0.41046 
  6.74500  0.40714  0.40709 
  6.84500  0.40456  0.40449 
  6.94500  0.40271  0.40267 
  7.04500  0.40161  0.40156 
  7.14500  0.40130  0.40123 
  7.24500  0.40171  0.40169 
  7.34500  0.40287  0.40284 
  7.44500  0.40478  0.40476 
  7.54500  0.40743  0.40738 
  7.64500  0.41078  0.41073 
  7.74500  0.41480  0.41476 
  7.84500  0.41951  0.41946 
  7.94500  0.42482  0.42480 
  8.04500  0.43079  0.43075 
  8.14500  0.43730  0.43729 
  8.24500  0.44438  0.44436 
  8.34500  0.45198  0.45195 
  8.44500  0.46003  0.46002 
  8.54500  0.46854  0.46852 
  8.64500  0.47742  0.47738 
  8.74500  0.48668  0.48662 
  8.84500  0.49618  0.49615 
  8.94500  0.50595  0.50593 
  9.04500  0.51589  0.51591 
  9.14500  0.52604  0.52605 
  9.24500  0.53633  0.53629 
  9.34500  0.54657  0.54658 
  9.44500  0.55683  0.55687 
  9.54500  0.56706  0.56711 
  9.64500  0.57725  0.57727 
  9.74500  0.58726  0.58727 
  9.84500  0.59706  0.59708 
  9.94500  0.60664  0.60664 
 10.04500  0.61592  0.61592 
 10.14500  0.62484  0.62487 
 10.24500  0.63341  0.63343 
 10.34500  0.64155  0.64159 
 10.44500  0.64925  0.64929 
 10.54500  0.65645  0.65649 
 10.64500  0.66314  0.66316 
 10.74500  0.66925  0.66927 
 10.84500  0.67476  0.67480 
 10.94500  0.67969  0.67972 
 11.04500  0.68397  0.68399 
 11.14500  0.68757  0.68762 
 11.24500  0.69052  0.69056 
 11.34500  0.69278  0.69279 
 11.44500  0.69432  0.69438 
 11.54500  0.69517  0.69521 
 11.64500  0.69530  0.69535 
 11.74500  0.69473  0.69476 
 11.84500  0.69344  0.69348 
 11.94500  0.69146  0.69150 
 12.04500  0.68878  0.68882 
 12.14500  0.68540  0.68544 
 12.24500  0.68138  0.68141 
 12.34500  0.67670  0.67674 
 12.44500  0.67141  0.67143 
 12.54500  0.66550  0.66554 
 12.64500  0.65904  0.65907 
 12.74500  0.65204  0.65206 
 12.84500  0.64450  0.64453 
 12.94500  0.63651  0.63655 
 13.04500  0.62810  0.62812 
 13.14500  0.61930  0.61933 
 13.24500  0.61013  0.61015 
 13.34500  0.60066  0.60067 
 13.44500  0.59091  0.59095 
 13.54500  0.58097  0.58100 
 13.64500  0.57082  0.57086 
 13.74500  0.56059  0.56064 
 13.84500  0.55031  0.55032 
 13.94500  0.54002  0.54001 
 14.04500  0.52974  0.52970 
 14.14500  0.51945  0.51950 
 14.24500  0.50941  0.50940 
 14.34500  0.49951  0.49949 
 14.44500  0.48984  0.48981 
 14.54500  0.48042  0.48042 
 14.64500  0.47133  0.47130 
 14.74500  0.46259  0.46258 
 14.84500  0.45427  0.45424 
 14.94500  0.44639  0.44638 
 15.04500  0.43897  0.43898 
 15.14500  0.43209  0.43208 
 15.24500  0.42579  0.42574 
 15.34500  0.42001  0.42000 
 15.44500  0.41487  0.41487 
 15.54500  0.41036  0.41034 
 15.64500  0.40649  0.40646 
 15.74500  0.40329  0.40328 
 15.84500  0.40077  0.40075 
 15.94500  0.39896  0.39895 
 16.04500  0.39787  0.39782 
 16.14500  0.39745  0.39742 
 16.24500  0.39774  0.39774 
 16.34500  0.39874  0.39873 
 16.44500  0.40041  0.40041 
 16.54500  0.40280  0.40276 
 16.64500  0.40582  0.40580 
 16.74500  0.40952  0.40950 
 16.84500  0.41381  0.41379 
 16.94500  0.41872  0.41870 
 17.04500  0.42419  0.42418 
 17.14500  0.43024  0.43021 
 17.24500  0.43675  0.43675 
 17.34500  0.44375  0.44375 
 17.44500  0.45119  0.45120 
 17.54500  0.45903  0.45901 
 17.64500  0.46724  0.46721 
 17.74500  0.47569  0.47569 
 17.84500  0.48445  0.48443 
 17.94500  0.49338  0.49336 
 18.04500  0.50246  0.50249 
 18.14500  0.51168  0.51170 
 18.24500  0.52102  0.52098 
 18.34500  0.53028  0.53027 
 18.44500  0.53950  0.53952 
 18.54500  0.54864  0.54865 
 18.64500  0.55765  0.55765 
 18.74500  0.56647  0.56649 
 18.84500  0.57507  0.57508 
 18.94500  0.58336  0.58337 
 19.04500  0.59131  0.59133 
 19.14500  0.59889  0.59892 
 19.24500  0.60607  0.60607 
 19.34500  0.61278  0.61280 
 19.44500  0.61899  0.61900 
 19.54500  0.62468  0.62471 
 19.64500  0.62982  0.62983 
 19.74500  0.63438  0.63441 
 19.84500  0.63831  0.63834 
 19.94500  0.64162  0.64165 
 20.04500  0.64428  0.64430 
 20.14500  0.64625  0.64629 
 20.24500  0.64756  0.64760 
 20.34500  0.64818  0.64820 
 20.44500  0.64810  0.64813 
 20.54500  0.64734  0.64734 
 20.64500  0.64586  0.64590 
 20.74500  0.64373  0.64375 
 20.84500  0.64090  0.64092 
 20.94500  0.63741  0.63745 
 21.04500  0.63330  0.63332 
 21.14500  0.62854  0.62854 
 21.24500  0.62316  0.62320 
 21.34500  0.61724  0.61726 
 21.44500  0.61078  0.61079 
 21.54500  0.60378  0.60380 
 21.64500  0.59632  0.59633 
 21.74500  0.58842  0.58841 
 21.84500  0.58011  0.58010 
 21.94500  0.57143  0.57142 
 22.04500  0.56243  0.56243 
 22.14500  0.55317  0.55320 
 22.24500  0.54369  0.54372 
 22.34500  0.53404  0.53407 
 22.44500  0.52429  0.52428 
 22.54500  0.51447  0.51444 
 22.64500  0.50455  0.50456 
 22.74500  0.49470  0.49472 
 22.84500  0.48493  0.48493 
 22.94500  0.47532  0.47529 
 23.04500  0.46585  0.46581 
 23.14500  0.45661  0.45658 
 23.24500  0.44761  0.44759 
 23.34500  0.43894  0.43895 
 23.44500  0.43066  0.43064 
 23.54500  0.42278  0.42276 
 23.64500  0.41533  0.41532 
 23.74500  0.40840  0.40836 
 23.84500  0.40195  0.40193 
 23.94500  0.39608  0.39604 
 24.04500  0.39080  0.39075 
 24.14500  0.38610  0.38609 
 24.24500  0.38207  0.38203 
 24.34500  0.37869  0.37866 
 24.44500  0.37598  0.37595 
 24.54500  0.37395  0.37393 
 24.64500  0.37267  0.37264 
 24.74500  0.37207  0.37204 
 24.84500  0.37219  0.37215 
 24.94500  0.37303  0.37299 
 25.04500  0.37457  0.37453 
 25.14500  0.37684  0.37679 
 25.24500  0.37978  0.37975 
 25.34500  0.38341  0.38340 
 25.44500  0.38773  0.38768 
 25.54500  0.39267  0.39264 
 25.64500  0.39824  0.39822 
 25.74500  0.40441  0.40438 
 25.84500  0.41115  0.41112 
 25.94500  0.41841  0.41838 
 26.04500  0.42616  0.42614 
 26.14500  0.43440  0.43437 
 26.24500  0.44303  0.44301 
 26.34500  0.45207  0.45204 
 26.44500  0.46144  0.46140 
 26.54500  0.47109  0.47106 
 26.64500  0.48098  0.48100 
 26.74500  0.49105  0.49105 
 26.84500  0.50127  0.50129 
 26.94500  0.51162  0.51162 
 27.04500  0.52202  0.52200 
 27.14500  0.53238  0.53237 
 27.24500  0.54267  0.54270 
 27.34500  0.55288  0.55291 
 27.44500  0.56295  0.56299 
 27.54500  0.57280  0.57283 
 27.64500  0.58243  0.58244 
 27.74500  0.59174  0.59173 
 27.84500  0.60069  0.60070 
 27.94500  0.60927  0.60930 
 28.04500  0.61742  0.61746 
 28.14500  0.62509  0.62513 
 28.24500  0.63228  0.63232 
 28.34500  0.63892  0.63896 
 28.44500  0.64498  0.64503 
 28.54500  0.65045  0.65049 
 28.64500  0.65528  0.65531 
 28.74500  0.65945  0.65948 
 28.84500  0.66297  0.66300 
 28.94500  0.66578  0.66582 
 29.04500  0.66789  0.66793 
 29.14500  0.66927  0.66932 
 29.24500  0.66995  0.67000 
 29.34500  0.66989  0.66993 
 29.44500  0.66909  0.66913 
 29.54500  0.66758  0.66762 
 29.64500  0.66535  0.66538 
 29.74500  0.66238  0.66244 
 29.84500  0.65873  0.65878 
 29.94500  0.65441  0.65445 
 30.04500  0.64941  0.64945 
 30.14500  0.64376  0.64380 
 30.24500  0.63751  0.63756 
 30.34500  0.63068  0.63072 
 30.44500  0.62327  0.62330 
 30.54500  0.61538  0.61538 
 30.64500  0.60696  0.60697 
 30.74500  0.59809  0.59813 
 30.84500  0.58886  0.58885 
 30.94500  0.57919  0.57922 
 31.04500  0.56925  0.56927 
 31.14500  0.55902  0.55903 
 31.24500  0.54854  0.54857 
 31.34500  0.53789  0.53792 
 31.44500  0.52714  0.52715 
 31.54500  0.51632  0.51629 
 31.64500  0.50540  0.50539 
 31.74500  0.49449  0.49451 
 31.84500  0.48372  0.48372 
 31.94500  0.47303  0.47302 
 32.04500  0.46254  0.46251 
 32.14500  0.45224  0.45219 
 32.24500  0.44217  0.44214 
 32.34500  0.43243  0.43241 
 32.44500  0.42305  0.42303 
 32.54500  0.41407  0.41405 
 32.64500  0.40554  0.40551 
 32.74500  0.39747  0.39745 
 32.84500  0.38992  0.38991 
 32.94500  0.38295  0.38291 
 33.04500  0.37654  0.37651 
 33.14500  0.37073  0.37070 
 33.24500  0.36557  0.36554 
 33.34500  0.36110  0.36105 
 33.44500  0.35730  0.35723 
 33.54500  0.35417  0.35412 
 33.64500  0.35179  0.35174 
 33.74500  0.35013  0.35011 
 33.84500  0.34921  0.34918 
 33.94500  0.34902  0.34897 
 34.04500  0.34958  0.34956 
 34.14500  0.35090  0.35084 
 34.24500  0.35293  0.35288 
 34.34500  0.35568  0.35563 
 34.44500  0.35914  0.35909 
 34.54500  0.36330  0.36326 
 34.64500  0.36813  0.36809 
 34.74500  0.37362  0.37357 
 34.84500  0.37973  0.37969 
 34.94500  0.38644  0.38641 
 35.04500  0.39372  0.39368 
 35.14500  0.40153  0.40151 
 35.24500  0.40984  0.40982 
 35.34500  0.41860  0.41858 
 35.44500  0.42779  0.42778 
 35.54500  0.43737  0.43737 
 35.64500  0.44728  0.44724 
 35.74500  0.45748  0.45744 
 35.84500  0.46790  0.46786 
 35.94500  0.47851  0.47848 
 36.04500  0.48924  0.48925 
 36.14500  0.50006  0.50010 
 36.24500  0.51104  0.51100 
 36.34500  0.52190  0.52189 
 36.44500  0.53271  0.53272 
 36.54500  0.54343  0.54345 
 36.64500  0.55398  0.55401 
 36.74500  0.56437  0.56439 
 36.84500  0.57449  0.57450 
 36.94500  0.58430  0.58430 
 37.04500  0.59376  0.59378 
 37.14500  0.60285  0.60288 
 37.24500  0.61150  0.61154 
 37.34500  0.61971  0.61974 
 37.44500  0.62739  0.62743 
 37.54500  0.63456  0.63460 
 37.64500  0.64114  0.64118 
 37.74500  0.64714  0.64717 
 37.84500  0.65250  0.65254 
 37.94500  0.65722  0.65726 
 38.04500  0.66127  0.66130 
 38.14500  0.66463  0.66466 
 38.24500  0.66728  0.66734 
 38.34500  0.66927  0.66929 
 38.44500  0.67050  0.67053 
 38.54500  0.67102  0.67107 
 38.64500  0.67083  0.67088 
 38.74500  0.66993  0.66998 
 38.84500  0.66830  0.66835 
 38.94500  0.66600  0.66605 
 39.04500  0.66299  0.66303 
 39.14500  0.65931  0.65936 
 39.24500  0.65499  0.65504 
 39.34500  0.65005  0.65009 
 39.44500  0.64452  0.64455 
 39.54500  0.63840  0.63843 
 39.64500  0.63175  0.63180 
 39.74500  0.62462  0.62463 
 39.84500  0.61698  0.61703 
 39.94500  0.60894  0.60896 
 40.04500  0.60052  0.60053 
 40.14500  0.59176  0.59175 
 40.24500  0.58269  0.58269 
 40.34500  0.57337  0.57338 
 40.44500  0.56384  0.56386 
 40.54500  0.55416  0.55420 
 40.64500  0.54440  0.54441 
 40.74500  0.53459  0.53457 
 40.84500  0.52478  0.52474 
 40.94500  0.51489  0.51495 
 41.04500  0.50524  0.50525 
 41.14500  0.49571  0.49571 
 41.24500  0.48637  0.48635 
 41.34500  0.47726  0.47725 
 41.44500  0.46842  0.46841 
 41.54500  0.45993  0.45992 
 41.64500  0.45180  0.45181 
 41.74500  0.44409  0.44411 
 41.84500  0.43685  0.43685 
 41.94500  0.43011  0.43010 
 42.04500  0.42389  0.42386 
 42.14500  0.41822  0.41818 
 42.24500  0.41312  0.41310 
 42.34500  0.40864  0.40862 
 42.44500  0.40477  0.40476 
 42.54500  0.40158  0.40157 
 42.64500  0.39902  0.39898 
 42.74500  0.39715  0.39713 
 42.84500  0.39595  0.39592 
 42.94500  0.39547  0.39543 
 43.04500  0.39563  0.39560 
 43.14500  0.39648  0.39645 
 43.24500  0.39800  0.39797 
 43.34500  0.40019  0.40017 
 43.44500  0.40301  0.40298 
 43.54500  0.40650  0.40645 
 43.64500  0.41053  0.41050 
 43.74500  0.41517  0.41516 
 43.84500  0.42037  0.42035 
 43.94500  0.42608  0.42606 
 44.04500  0.43228  0.43226 
 44.14500  0.43893  0.43890 
 44.24500  0.44599  0.44597 
 44.34500  0.45341  0.45339 
 44.44500  0.46117  0.46113 
 44.54500  0.46919  0.46917 
 44.64500  0.47745  0.47743 
 44.74500  0.48588  0.48586 
 44.84500  0.49443  0.49444 
 44.94500  0.50308  0.50310 
 45.04500  0.51185  0.51179 
 45.14500  0.52048  0.52046 
 45.24500  0.52905  0.52906 
 45.34500  0.53753  0.53754 
 45.44500  0.54585  0.54585 
 45.54500  0.55395  0.55396 
 45.64500  0.56178  0.56178 
 45.74500  0.56930  0.56930 
 45.84500  0.57644  0.57645 
 45.94500  0.58319  0.58319 
 46.04500  0.58951  0.58949 
 46.14500  0.59534  0.59534 
 46.24500  0.60065  0.60065 
 46.34500  0.60542  0.60544 
 46.44500  0.60961  0.60963 
 46.54500  0.61320  0.61322 
 46.64500  0.61616  0.61616 
 46.74500  0.61847  0.61849 
 46.84500  0.62011  0.62013 
 46.94500  0.62107  0.62107 
 47.04500  0.62132  0.62136 
 47.14500  0.62089  0.62091 
 47.24500  0.61976  0.61979 
 47.34500  0.61793  0.61795 
 47.44500  0.61542  0.61543 
 47.54500  0.61220  0.61222 
 47.64500  0.60831  0.60833 
 47.74500  0.60376  0.60378 
 47.84500  0.59856  0.59858 
 47.94500  0.59276  0.59277 
 48.04500  0.58635  0.58635 
 48.14500  0.57937  0.57938 
 48.24500  0.57187  0.57185 
 48.34500  0.56384  0.56383 
 48.44500  0.55536  0.55535 
 48.54500  0.54642  0.54642 
 48.64500  0.53708  0.53712 
 48.74500  0.52744  0.52746 
 48.84500  0.51749  0.51749 
 48.94500  0.50729  0.50728 
 49.04500  0.49688  0.49685 
 49.14500  0.48634  0.48627 
 49.24500  0.47551  0.47555 
 49.34500  0.46479  0.46478 
 49.44500  0.45402  0.45399 
 49.54500  0.44328  0.44324 
 49.64500  0.43261  0.43258 
 49.74500  0.42207  0.42202 
 49.84500  0.41170  0.41167 
 49.94500  0.40158  0.40152 
 50.04500  0.39170  0.39169 
 50.14500  0.38216  0.38215 
 50.24500  0.37300  0.37296 
 50.34500  0.36423  0.36421 
 50.44500  0.35592  0.35591 
 50.54500  0.34809  0.34804 
 50.64500  0.34077  0.34075 
 50.74500  0.33401  0.33396 
 50.84500  0.32782  0.32779 
 50.94500  0.32227  0.32222 
 51.04500  0.31733  0.31729 
 51.14500  0.31308  0.31302 
 51.24500  0.30947  0.30943 
 51.34500  0.30659  0.30657 
 51.44500  0.30443  0.30437 
 51.54500  0.30298  0.30296 
 51.64500  0.30226  0.30221 
 51.74500  0.30228  0.30224 
 51.84500  0.30303  0.30298 
 51.94500  0.30453  0.30447 
 52.04500  0.30674  0.30669 
 52.14500  0.30967  0.30963 
 52.24500  0.31331  0.31327 
 52.34500  0.31766  0.31760 
 52.44500  0.32265  0.32263 
 52.54500  0.32833  0.32830 
 52.64500  0.33461  0.33457 
 52.74500  0.34152  0.34148 
 52.84500  0.34897  0.34895 
 52.94500  0.35699  0.35696 
 53.04500  0.36549  0.36545 
 53.14500  0.37448  0.37444 
 53.24500  0.38389  0.38387 
 53.34500  0.39369  0.39370 
 53.44500  0.40387  0.40382 
 53.54500  0.41429  0.41429 
 53.64500  0.42503  0.42500 
 53.74500  0.43596  0.43595 
 53.84500  0.44705  0.44702 
 53.94500  0.45822  0.45823 
 54.04500  0.46948  0.46950 
 54.14500  0.48074  0.48078 
 54.24500  0.49208  0.49204 
 54.34500  0.50321  0.50320 
 54.44500  0.51421  0.51424 
 54.54500  0.52504  0.52507 
 54.64500  0.53565  0.53570 
 54.74500  0.54600  0.54604 
 54.84500  0.55602  0.55604 
 54.94500  0.56566  0.56568 
 55.04500  0.57489  0.57491 
 55.14500  0.58363  0.58367 
 55.24500  0.59190  0.59195 
 55.34500  0.59965  0.59969 
 55.44500  0.60681  0.60683 
 55.54500  0.61337  0.61343 
 55.64500  0.61930  0.61936 
 55.74500  0.62457  0.62463 
 55.84500  0.62916  0.62921 
 55.94500  0.63302  0.63307 
 56.04500  0.63616  0.63621 
 56.14500  0.63857  0.63860 
 56.24500  0.64019  0.64027 
 56.34500  0.64109  0.64113 
 56.44500  0.64116  0.64122 
 56.54500  0.64049  0.64053 
 56.64500  0.63903  0.63907 
 56.74500  0.63678  0.63684 
 56.84500  0.63376  0.63382 
 56.94500  0.62998  0.63005 
 57.04500  0.62545  0.62552 
 57.14500  0.62019  0.62023 
 57.24500  0.61418  0.61425 
 57.34500  0.60750  0.60754 
 57.44500  0.60013  0.60019 
 57.54500  0.59211  0.59216 
 57.64500  0.58346  0.58350 
 57.74500  0.57421  0.57424 
 57.84500  0.56439  0.56439 
 57.94500  0.55403  0.55406 
 58.04500  0.54316  0.54322 
 58.14500  0.53182  0.53188 
 58.24500  0.52007  0.52010 
 58.34500  0.50793  0.50798 
 58.44500  0.49546  0.49548 
 58.54500  0.48266  0.48265 
 58.64500  0.46957  0.46957 
 58.74500  0.45618  0.45624 
 58.84500  0.44272  0.44272 
 58.94500  0.42905  0.42903 
 59.04500  0.41525  0.41525 
 59.14500  0.40137  0.40136 
 59.24500  0.38745  0.38742 
 59.34500  0.37352  0.37350 
 59.44500  0.35959  0.35959 
 59.54500  0.34577  0.34575 
 59.64500  0.33202  0.33199 
 59.74500  0.31840  0.31837 
 59.84500  0.30495  0.30491 
 59.94500  0.29169  0.29162 
 60.04500  0.27862  0.27855 
 60.14500  0.26578  0.26573 
 60.24500  0.25320  0.25316 
 60.34500  0.24092  0.24085 
 60.44500  0.22894  0.22886 
 60.54500  0.21726  0.21720 
 60.64500  0.20593  0.20587 
 60.74500  0.19496  0.19488 
 60.84500  0.18433  0.18424 
 60.94500  0.17408  0.17400 
 61.04500  0.16421  0.16410 
 61.14500  0.15472  0.15462 
 61.24500  0.14564  0.14556 
 61.34500  0.13695  0.13685 
 61.44500  0.12866  0.12854 
 61.54500  0.12080  0.12069 
 61.64500  0.11334  0.11322 
 61.74500  0.10628  0.10617 
 61.84500  0.09961  0.09948 
 61.94500  0.09336  0.09322 
 62.04500  0.08752  0.08740 
 62.14500  0.08210  0.08194 
 62.24500  0.07704  0.07689 
 62.34500  0.07238  0.07226 
 62.44500  0.06813  0.06800 
 62.54500  0.06426  0.06410 
 62.64500  0.06077  0.06062 
 62.74500  0.05765  0.05749 
 62.84500  0.05494  0.05476 
 62.94500  0.05256  0.05243 
 63.04500  0.05057  0.05043 
 63.14500  0.04895  0.04881 
 63.24500  0.04770  0.04755 
 63.34500  0.04680  0.04664 
 63.44500  0.04628  0.04612 
