  0.04500  0.99680  0.99668 
  0.14500  0.99668  0.99656 
  0.24500  0.99647  0.99635 
  0.34500  0.99621  0.99604 
  0.44500  0.99570  0.99560 
  0.54500  0.99517  0.99502 
  0.64500  0.99439  0.99433 
  0.74500  0.99360  0.99347 
  0.84500  0.99259  0.99246 
  0.94500  0.99138  0.99128 
  1.04500  0.99000  0.98990 
  1.14500  0.98843  0.98830 
  1.24500  0.98654  0.98647 
  1.34500  0.98447  0.98435 
  1.44500  0.98204  0.98196 
  1.54500  0.97929  0.97924 
  1.64500  0.97625  0.97620 
  1.74500  0.97282  0.97277 
  1.84500  0.96897  0.96894 
  1.94500  0.96470  0.96467 
  2.04500  0.95995  0.95993 
  2.14500  0.95466  0.95465 
  2.24500  0.94887  0.94887 
  2.34500  0.94243  0.94246 
  2.44500  0.93549  0.93548 
  2.54500  0.92784  0.92787 
  2.64500  0.91946  0.91956 
  2.74500  0.91050  0.91056 
  2.84500  0.90076  0.90083 
  2.94500  0.89027  0.89033 
  3.04500  0.87904  0.87911 
  3.14500  0.86700  0.86707 
  3.24500  0.85411  0.85427 
  3.34500  0.84058  0.84064 
  3.44500  0.82612  0.82621 
  3.54500  0.81087  0.81100 
  3.64500  0.79491  0.79501 
  3.74500  0.77816  0.77826 
  3.84500  0.76068  0.76077 
  3.94500  0.74243  0.74259 
  4.04500  0.72359  0.72373 
  4.14500  0.70412  0.70429 
  4.24500  0.68404  0.68427 
  4.34500  0.66355  0.66374 
  4.44500  0.64265  0.64279 
  4.54500  0.62141  0.62146 
  4.64500  0.59993  0.59987 
  4.74500  0.57825  0.57807 
  4.84500  0.55624  0.55617 
  4.94500  0.53409  0.53424 
  5.04500  0.51225  0.51239 
  5.14500  0.49099  0.49071 
  5.24500  0.46927  0.46933 
  5.34500  0.44812  0.44832 
  5.44500  0.42759  0.42777 
  5.54500  0.40779  0.40783 
  5.64500  0.38865  0.38857 
  5.74500  0.37017  0.37004 
  5.84500  0.35264  0.35243 
  5.94500  0.33595  0.33576 
  6.04500  0.32031  0.32016 
  6.14500  0.30582  0.30566 
  6.24500  0.29252  0.29238 
  6.34500  0.28051  0.28038 
  6.44500  0.26981  0.26973 
  6.54500  0.26064  0.26046 
  6.64500  0.25282  0.25263 
  6.74500  0.24647  0.24631 
  6.84500  0.24167  0.24150 
  6.94500  0.23845  0.23824 
  7.04500  0.23673  0.23655 
  7.14500  0.23662  0.23642 
  7.24500  0.23805  0.23788 
  7.34500  0.24115  0.24090 
  7.44500  0.24566  0.24547 
  7.54500  0.25175  0.25156 
  7.64500  0.25933  0.25917 
  7.74500  0.26833  0.26818 
  7.84500  0.27875  0.27861 
  7.94500  0.29052  0.29041 
  8.04500  0.30356  0.30346 
  8.14500  0.31789  0.31769 
  8.24500  0.33325  0.33310 
  8.34500  0.34971  0.34953 
  8.44500  0.36709  0.36693 
  8.54500  0.38531  0.38518 
  8.64500  0.40419  0.40420 
  8.74500  0.42375  0.42390 
  8.84500  0.44394  0.44413 
  8.94500  0.46480  0.46486 
  9.04500  0.48606  0.48589 
  9.14500  0.50719  0.50717 
  9.24500  0.52836  0.52858 
  9.34500  0.55008  0.55001 
  9.44500  0.57152  0.57135 
  9.54500  0.59262  0.59251 
  9.64500  0.61335  0.61335 
  9.74500  0.63370  0.63382 
  9.84500  0.65360  0.65379 
  9.94500  0.67296  0.67314 
 10.04500  0.69169  0.69187 
 10.14500  0.70963  0.70983 
 10.24500  0.72681  0.72696 
 10.34500  0.74302  0.74316 
 10.44500  0.75827  0.75841 
 10.54500  0.77243  0.77263 
 10.64500  0.78560  0.78574 
 10.74500  0.79757  0.79772 
 10.84500  0.80833  0.80852 
 10.94500  0.81790  0.81807 
 11.04500  0.82620  0.82637 
 11.14500  0.83320  0.83337 
 11.24500  0.83886  0.83905 
 11.34500  0.84322  0.84341 
 11.44500  0.84623  0.84641 
 11.54500  0.84787  0.84802 
 11.64500  0.84811  0.84829 
 11.74500  0.84698  0.84716 
 11.84500  0.84453  0.84470 
 11.94500  0.84071  0.84087 
 12.04500  0.83552  0.83567 
 12.14500  0.82903  0.82918 
 12.24500  0.82116  0.82137 
 12.34500  0.81210  0.81230 
 12.44500  0.80178  0.80197 
 12.54500  0.79027  0.79045 
 12.64500  0.77755  0.77775 
 12.74500  0.76380  0.76393 
 12.84500  0.74888  0.74907 
 12.94500  0.73312  0.73322 
 13.04500  0.71628  0.71643 
 13.14500  0.69861  0.69879 
 13.24500  0.68016  0.68037 
 13.34500  0.66098  0.66122 
 13.44500  0.64127  0.64147 
 13.54500  0.62109  0.62119 
 13.64500  0.60053  0.60045 
 13.74500  0.57957  0.57941 
 13.84500  0.55827  0.55813 
 13.94500  0.53663  0.53673 
 14.04500  0.51496  0.51529 
 14.14500  0.49430  0.49395 
 14.24500  0.47281  0.47280 
 14.34500  0.45180  0.45195 
 14.44500  0.43139  0.43153 
 14.54500  0.41159  0.41161 
 14.64500  0.39238  0.39232 
 14.74500  0.37396  0.37375 
 14.84500  0.35623  0.35603 
 14.94500  0.33938  0.33920 
 15.04500  0.32360  0.32342 
 15.14500  0.30886  0.30872 
 15.24500  0.29534  0.29520 
 15.34500  0.28304  0.28292 
 15.44500  0.27214  0.27197 
 15.54500  0.26255  0.26240 
 15.64500  0.25446  0.25426 
 15.74500  0.24781  0.24756 
 15.84500  0.24263  0.24241 
 15.94500  0.23904  0.23880 
 16.04500  0.23693  0.23672 
 16.14500  0.23641  0.23624 
 16.24500  0.23752  0.23731 
 16.34500  0.24015  0.23996 
 16.44500  0.24434  0.24413 
 16.54500  0.25003  0.24985 
 16.64500  0.25723  0.25706 
 16.74500  0.26585  0.26572 
 16.84500  0.27598  0.27579 
 16.94500  0.28735  0.28718 
 17.04500  0.30003  0.29987 
 17.14500  0.31392  0.31379 
 17.24500  0.32902  0.32883 
 17.34500  0.34508  0.34490 
 17.44500  0.36218  0.36195 
 17.54500  0.38003  0.37986 
 17.64500  0.39855  0.39855 
 17.74500  0.41776  0.41786 
 17.84500  0.43752  0.43773 
 17.94500  0.45794  0.45805 
 18.04500  0.47880  0.47871 
 18.14500  0.49975  0.49955 
 18.24500  0.52012  0.52052 
 18.34500  0.54145  0.54143 
 18.44500  0.56239  0.56224 
 18.54500  0.58290  0.58281 
 18.64500  0.60300  0.60300 
 18.74500  0.62260  0.62273 
 18.84500  0.64168  0.64192 
 18.94500  0.66015  0.66043 
 19.04500  0.67793  0.67816 
 19.14500  0.69485  0.69503 
 19.24500  0.71080  0.71096 
 19.34500  0.72569  0.72588 
 19.44500  0.73949  0.73969 
 19.54500  0.75218  0.75233 
 19.64500  0.76354  0.76372 
 19.74500  0.77366  0.77384 
 19.84500  0.78238  0.78264 
 19.94500  0.78981  0.79003 
 20.04500  0.79580  0.79599 
 20.14500  0.80035  0.80054 
 20.24500  0.80341  0.80362 
 20.34500  0.80497  0.80520 
 20.44500  0.80504  0.80528 
 20.54500  0.80366  0.80389 
 20.64500  0.80078  0.80099 
 20.74500  0.79643  0.79666 
 20.84500  0.79064  0.79084 
 20.94500  0.78340  0.78362 
 21.04500  0.77481  0.77498 
 21.14500  0.76484  0.76503 
 21.24500  0.75361  0.75374 
 21.34500  0.74107  0.74121 
 21.44500  0.72735  0.72751 
 21.54500  0.71251  0.71266 
 21.64500  0.69658  0.69677 
 21.74500  0.67968  0.67992 
 21.84500  0.66196  0.66217 
 21.94500  0.64342  0.64363 
 22.04500  0.62427  0.62437 
 22.14500  0.60450  0.60452 
 22.24500  0.58424  0.58416 
 22.34500  0.56356  0.56340 
 22.44500  0.54237  0.54232 
 22.54500  0.52087  0.52108 
 22.64500  0.49983  0.49977 
 22.74500  0.47866  0.47847 
 22.84500  0.45726  0.45735 
 22.94500  0.43631  0.43644 
 23.04500  0.41580  0.41593 
 23.14500  0.39592  0.39588 
 23.24500  0.37659  0.37642 
 23.34500  0.35785  0.35764 
 23.44500  0.33985  0.33964 
 23.54500  0.32271  0.32252 
 23.64500  0.30646  0.30635 
 23.74500  0.29134  0.29121 
 23.84500  0.27732  0.27721 
 23.94500  0.26457  0.26440 
 24.04500  0.25305  0.25287 
 24.14500  0.24283  0.24263 
 24.24500  0.23398  0.23377 
 24.34500  0.22651  0.22632 
 24.44500  0.22057  0.22034 
 24.54500  0.21604  0.21585 
 24.64500  0.21302  0.21285 
 24.74500  0.21156  0.21139 
 24.84500  0.21161  0.21144 
 24.94500  0.21321  0.21302 
 25.04500  0.21630  0.21615 
 25.14500  0.22090  0.22076 
 25.24500  0.22706  0.22685 
 25.34500  0.23462  0.23440 
 25.44500  0.24352  0.24338 
 25.54500  0.25390  0.25373 
 25.64500  0.26557  0.26539 
 25.74500  0.27847  0.27832 
 25.84500  0.29261  0.29244 
 25.94500  0.30785  0.30768 
 26.04500  0.32419  0.32399 
 26.14500  0.34146  0.34126 
 26.24500  0.35961  0.35938 
 26.34500  0.37846  0.37832 
 26.44500  0.39795  0.39792 
 26.54500  0.41804  0.41815 
 26.64500  0.43866  0.43885 
 26.74500  0.45984  0.45991 
 26.84500  0.48142  0.48126 
 26.94500  0.50278  0.50278 
 27.04500  0.52415  0.52437 
 27.14500  0.54595  0.54590 
 27.24500  0.56745  0.56728 
 27.34500  0.58855  0.58841 
 27.44500  0.60915  0.60916 
 27.54500  0.62932  0.62947 
 27.64500  0.64902  0.64919 
 27.74500  0.66809  0.66828 
 27.84500  0.68645  0.68660 
 27.94500  0.70397  0.70413 
 28.04500  0.72063  0.72074 
 28.14500  0.73624  0.73637 
 28.24500  0.75081  0.75095 
 28.34500  0.76426  0.76440 
 28.44500  0.77654  0.77668 
 28.54500  0.78757  0.78775 
 28.64500  0.79732  0.79750 
 28.74500  0.80581  0.80600 
 28.84500  0.81295  0.81309 
 28.94500  0.81868  0.81886 
 29.04500  0.82303  0.82319 
 29.14500  0.82594  0.82612 
 29.24500  0.82741  0.82760 
 29.34500  0.82744  0.82766 
 29.44500  0.82609  0.82626 
 29.54500  0.82329  0.82346 
 29.64500  0.81901  0.81920 
 29.74500  0.81337  0.81354 
 29.84500  0.80638  0.80653 
 29.94500  0.79800  0.79812 
 30.04500  0.78827  0.78843 
 30.14500  0.77730  0.77746 
 30.24500  0.76510  0.76521 
 30.34500  0.75171  0.75183 
 30.44500  0.73720  0.73729 
 30.54500  0.72152  0.72168 
 30.64500  0.70490  0.70511 
 30.74500  0.68741  0.68757 
 30.84500  0.66900  0.66921 
 30.94500  0.64990  0.65009 
 31.04500  0.63014  0.63028 
 31.14500  0.60985  0.60989 
 31.24500  0.58914  0.58902 
 31.34500  0.56791  0.56774 
 31.44500  0.54626  0.54615 
 31.54500  0.52423  0.52438 
 31.64500  0.50248  0.50254 
 31.74500  0.48091  0.48070 
 31.84500  0.45893  0.45899 
 31.94500  0.43731  0.43748 
 32.04500  0.41621  0.41635 
 32.14500  0.39557  0.39558 
 32.24500  0.37548  0.37538 
 32.34500  0.35594  0.35580 
 32.44500  0.33710  0.33692 
 32.54500  0.31904  0.31884 
 32.64500  0.30180  0.30165 
 32.74500  0.28560  0.28547 
 32.84500  0.27045  0.27029 
 32.94500  0.25640  0.25626 
 33.04500  0.24355  0.24339 
 33.14500  0.23195  0.23177 
 33.24500  0.22163  0.22142 
 33.34500  0.21256  0.21241 
 33.44500  0.20499  0.20479 
 33.54500  0.19881  0.19857 
 33.64500  0.19400  0.19380 
 33.74500  0.19070  0.19048 
 33.84500  0.18883  0.18863 
 33.94500  0.18850  0.18828 
 34.04500  0.18959  0.18938 
 34.14500  0.19217  0.19199 
 34.24500  0.19621  0.19605 
 34.34500  0.20176  0.20158 
 34.44500  0.20871  0.20851 
 34.54500  0.21702  0.21684 
 34.64500  0.22671  0.22652 
 34.74500  0.23770  0.23752 
 34.84500  0.24996  0.24980 
 34.94500  0.26339  0.26326 
 35.04500  0.27806  0.27789 
 35.14500  0.29379  0.29359 
 35.24500  0.31045  0.31030 
 35.34500  0.32817  0.32794 
 35.44500  0.34666  0.34645 
 35.54500  0.36585  0.36568 
 35.64500  0.38567  0.38560 
 35.74500  0.40607  0.40610 
 35.84500  0.42689  0.42708 
 35.94500  0.44824  0.44840 
 36.04500  0.47008  0.47003 
 36.14500  0.49214  0.49183 
 36.24500  0.51335  0.51367 
 36.34500  0.53552  0.53550 
 36.44500  0.55730  0.55718 
 36.54500  0.57878  0.57862 
 36.64500  0.59975  0.59971 
 36.74500  0.62028  0.62035 
 36.84500  0.64028  0.64045 
 36.94500  0.65974  0.65992 
 37.04500  0.67854  0.67868 
 37.14500  0.69647  0.69661 
 37.24500  0.71353  0.71368 
 37.34500  0.72965  0.72977 
 37.44500  0.74473  0.74483 
 37.54500  0.75863  0.75881 
 37.64500  0.77151  0.77162 
 37.74500  0.78302  0.78321 
 37.84500  0.79337  0.79353 
 37.94500  0.80244  0.80259 
 38.04500  0.81015  0.81031 
 38.14500  0.81647  0.81662 
 38.24500  0.82141  0.82156 
 38.34500  0.82496  0.82509 
 38.44500  0.82706  0.82718 
 38.54500  0.82767  0.82784 
 38.64500  0.82691  0.82708 
 38.74500  0.82469  0.82487 
 38.84500  0.82107  0.82123 
 38.94500  0.81601  0.81620 
 39.04500  0.80963  0.80977 
 39.14500  0.80182  0.80198 
 39.24500  0.79270  0.79286 
 39.34500  0.78232  0.78247 
 39.44500  0.77066  0.77083 
 39.54500  0.75784  0.75798 
 39.64500  0.74388  0.74401 
 39.74500  0.72881  0.72897 
 39.84500  0.71280  0.71292 
 39.94500  0.69579  0.69592 
 40.04500  0.67794  0.67810 
 40.14500  0.65933  0.65951 
 40.24500  0.64005  0.64023 
 40.34500  0.62035  0.62037 
 40.44500  0.60013  0.60004 
 40.54500  0.57954  0.57931 
 40.64500  0.55846  0.55831 
 40.74500  0.53712  0.53714 
 40.84500  0.51554  0.51591 
 40.94500  0.49515  0.49472 
 41.04500  0.47380  0.47370 
 41.14500  0.45285  0.45296 
 41.24500  0.43246  0.43262 
 41.34500  0.41270  0.41274 
 41.44500  0.39359  0.39347 
 41.54500  0.37513  0.37494 
 41.64500  0.35739  0.35717 
 41.74500  0.34060  0.34034 
 41.84500  0.32473  0.32452 
 41.94500  0.30994  0.30974 
 42.04500  0.29630  0.29613 
 42.14500  0.28397  0.28377 
 42.24500  0.27292  0.27272 
 42.34500  0.26329  0.26305 
 42.44500  0.25502  0.25481 
 42.54500  0.24826  0.24801 
 42.64500  0.24298  0.24273 
 42.74500  0.23921  0.23898 
 42.84500  0.23700  0.23676 
 42.94500  0.23639  0.23615 
 43.04500  0.23734  0.23707 
 43.14500  0.23983  0.23956 
 43.24500  0.24387  0.24361 
 43.34500  0.24943  0.24917 
 43.44500  0.25648  0.25624 
 43.54500  0.26493  0.26473 
 43.64500  0.27485  0.27466 
 43.74500  0.28609  0.28589 
 43.84500  0.29864  0.29841 
 43.94500  0.31235  0.31217 
 44.04500  0.32724  0.32704 
 44.14500  0.34311  0.34293 
 44.24500  0.36003  0.35980 
 44.34500  0.37770  0.37751 
 44.44500  0.39608  0.39594 
 44.54500  0.41501  0.41506 
 44.64500  0.43460  0.43470 
 44.74500  0.45468  0.45475 
 44.84500  0.47525  0.47510 
 44.94500  0.49592  0.49565 
 45.04500  0.51594  0.51625 
 45.14500  0.53685  0.53680 
 45.24500  0.55740  0.55721 
 45.34500  0.57747  0.57729 
 45.44500  0.59704  0.59700 
 45.54500  0.61613  0.61621 
 45.64500  0.63457  0.63475 
 45.74500  0.65239  0.65260 
 45.84500  0.66942  0.66961 
 45.94500  0.68554  0.68569 
 46.04500  0.70064  0.70076 
 46.14500  0.71459  0.71474 
 46.24500  0.72736  0.72753 
 46.34500  0.73892  0.73909 
 46.44500  0.74917  0.74934 
 46.54500  0.75803  0.75821 
 46.64500  0.76545  0.76568 
 46.74500  0.77149  0.77168 
 46.84500  0.77601  0.77622 
 46.94500  0.77901  0.77922 
 47.04500  0.78048  0.78068 
 47.14500  0.78041  0.78060 
 47.24500  0.77881  0.77899 
 47.34500  0.77564  0.77586 
 47.44500  0.77103  0.77121 
 47.54500  0.76486  0.76505 
 47.64500  0.75725  0.75742 
 47.74500  0.74819  0.74836 
 47.84500  0.73778  0.73793 
 47.94500  0.72599  0.72617 
 48.04500  0.71298  0.71313 
 48.14500  0.69879  0.69891 
 48.24500  0.68341  0.68355 
 48.34500  0.66694  0.66713 
 48.44500  0.64955  0.64976 
 48.54500  0.63132  0.63148 
 48.64500  0.61241  0.61244 
 48.74500  0.59278  0.59270 
 48.84500  0.57258  0.57238 
 48.94500  0.55175  0.55155 
 49.04500  0.53034  0.53040 
 49.14500  0.50856  0.50892 
 49.24500  0.48758  0.48728 
 49.34500  0.46564  0.46557 
 49.44500  0.44383  0.44390 
 49.54500  0.42222  0.42238 
 49.64500  0.40103  0.40109 
 49.74500  0.38022  0.38017 
 49.84500  0.35987  0.35967 
 49.94500  0.33992  0.33970 
 50.04500  0.32056  0.32037 
 50.14500  0.30193  0.30174 
 50.24500  0.28402  0.28388 
 50.34500  0.26702  0.26688 
 50.44500  0.25094  0.25080 
 50.54500  0.23581  0.23569 
 50.64500  0.22180  0.22167 
 50.74500  0.20888  0.20872 
 50.84500  0.19709  0.19692 
 50.94500  0.18648  0.18633 
 51.04500  0.17709  0.17695 
 51.14500  0.16900  0.16886 
 51.24500  0.16220  0.16204 
 51.34500  0.15669  0.15650 
 51.44500  0.15252  0.15233 
 51.54500  0.14965  0.14951 
 51.64500  0.14817  0.14802 
 51.74500  0.14805  0.14788 
 51.84500  0.14934  0.14914 
 51.94500  0.15194  0.15172 
 52.04500  0.15585  0.15566 
 52.14500  0.16111  0.16094 
 52.24500  0.16767  0.16753 
 52.34500  0.17559  0.17542 
 52.44500  0.18476  0.18458 
 52.54500  0.19513  0.19499 
 52.64500  0.20671  0.20657 
 52.74500  0.21950  0.21934 
 52.84500  0.23336  0.23323 
 52.94500  0.24831  0.24818 
 53.04500  0.26426  0.26413 
 53.14500  0.28118  0.28104 
 53.24500  0.29897  0.29884 
 53.34500  0.31757  0.31740 
 53.44500  0.33695  0.33673 
 53.54500  0.35691  0.35671 
 53.64500  0.37733  0.37728 
 53.74500  0.39827  0.39830 
 53.84500  0.41954  0.41971 
 53.94500  0.44129  0.44142 
 54.04500  0.46338  0.46330 
 54.14500  0.48571  0.48530 
 54.24500  0.50693  0.50730 
 54.34500  0.52915  0.52919 
 54.44500  0.55100  0.55084 
 54.54500  0.57240  0.57221 
 54.64500  0.59326  0.59315 
 54.74500  0.61355  0.61358 
 54.84500  0.63327  0.63341 
 54.94500  0.65235  0.65252 
 55.04500  0.67067  0.67086 
 55.14500  0.68819  0.68831 
 55.24500  0.70464  0.70478 
 55.34500  0.72015  0.72023 
 55.44500  0.73449  0.73458 
 55.54500  0.74762  0.74774 
 55.64500  0.75952  0.75968 
 55.74500  0.77016  0.77030 
 55.84500  0.77945  0.77959 
 55.94500  0.78733  0.78750 
 56.04500  0.79379  0.79399 
 56.14500  0.79884  0.79903 
 56.24500  0.80245  0.80259 
 56.34500  0.80451  0.80467 
 56.44500  0.80508  0.80524 
 56.54500  0.80415  0.80432 
 56.64500  0.80175  0.80190 
 56.74500  0.79784  0.79798 
 56.84500  0.79248  0.79262 
 56.94500  0.78565  0.78579 
 57.04500  0.77746  0.77757 
 57.14500  0.76783  0.76793 
 57.24500  0.75686  0.75699 
 57.34500  0.74471  0.74477 
 57.44500  0.73119  0.73129 
 57.54500  0.71659  0.71667 
 57.64500  0.70083  0.70093 
 57.74500  0.68404  0.68416 
 57.84500  0.66625  0.66644 
 57.94500  0.64770  0.64783 
 58.04500  0.62831  0.62844 
 58.14500  0.60834  0.60834 
 58.24500  0.58780  0.58764 
 58.34500  0.56663  0.56640 
 58.44500  0.54491  0.54476 
 58.54500  0.52267  0.52277 
 58.64500  0.50042  0.50054 
 58.74500  0.47851  0.47818 
 58.84500  0.45578  0.45576 
 58.94500  0.43325  0.43338 
 59.04500  0.41103  0.41114 
 59.14500  0.38906  0.38911 
 59.24500  0.36742  0.36736 
 59.34500  0.34618  0.34598 
 59.44500  0.32531  0.32505 
 59.54500  0.30480  0.30463 
 59.64500  0.28492  0.28477 
 59.74500  0.26566  0.26556 
 59.84500  0.24706  0.24696 
 59.94500  0.22916  0.22909 
 60.04500  0.21209  0.21196 
 60.14500  0.19572  0.19561 
 60.24500  0.18016  0.18000 
 60.34500  0.16532  0.16522 
 60.44500  0.15134  0.15124 
 60.54500  0.13815  0.13809 
 60.64500  0.12576  0.12571 
 60.74500  0.11421  0.11411 
 60.84500  0.10337  0.10333 
 60.94500  0.09334  0.09329 
 61.04500  0.08402  0.08397 
 61.14500  0.07544  0.07539 
 61.24500  0.06750  0.06750 
 61.34500  0.06028  0.06026 
 61.44500  0.05362  0.05364 
 61.54500  0.04763  0.04761 
 61.64500  0.04211  0.04214 
 61.74500  0.03720  0.03721 
 61.84500  0.03272  0.03275 
 61.94500  0.02870  0.02875 
 62.04500  0.02510  0.02518 
 62.14500  0.02192  0.02199 
 62.24500  0.01909  0.01918 
 62.34500  0.01656  0.01670 
 62.44500  0.01440  0.01450 
 62.54500  0.01250  0.01259 
 62.64500  0.01082  0.01095 
 62.74500  0.00940  0.00951 
 62.84500  0.00821  0.00831 
 62.94500  0.00718  0.00730 
 63.04500  0.00637  0.00648 
 63.14500  0.00569  0.00582 
 63.24500  0.00519  0.00532 
 63.34500  0.00483  0.00497 
 63.44500  0.00462  0.00475 
