  0.04500  0.51499  0.51420 
  0.14500  0.51499  0.51420 
  0.24500  0.51499  0.51420 
  0.34500  0.51499  0.51420 
  0.44500  0.51499  0.51420 
  0.54500  0.51499  0.51420 
  0.64500  0.51499  0.51420 
  0.74500  0.51499  0.51420 
  0.84500  0.51500  0.51420 
  0.94500  0.51500  0.51420 
  1.04500  0.51499  0.51420 
  1.14500  0.51498  0.51420 
  1.24500  0.51498  0.51420 
  1.34500  0.51500  0.51420 
  1.44500  0.51500  0.51420 
  1.54500  0.51500  0.51420 
  1.64500  0.51500  0.51420 
  1.74500  0.51500  0.51420 
  1.84500  0.51499  0.51420 
  1.94500  0.51499  0.51420 
  2.04500  0.51498  0.51420 
  2.14500  0.51499  0.51420 
  2.24500  0.51499  0.51420 
  2.34500  0.51498  0.51420 
  2.44500  0.51498  0.51420 
  2.54500  0.51497  0.51420 
  2.64500  0.51497  0.51420 
  2.74500  0.51498  0.51420 
  2.84500  0.51498  0.51420 
  2.94500  0.51499  0.51420 
  3.04500  0.51499  0.51420 
  3.14500  0.51498  0.51420 
  3.24500  0.51496  0.51420 
  3.34500  0.51496  0.51420 
  3.44500  0.51496  0.51420 
  3.54500  0.51496  0.51420 
  3.64500  0.51496  0.51420 
  3.74500  0.51498  0.51420 
  3.84500  0.51497  0.51420 
  3.94500  0.51496  0.51420 
  4.04500  0.51497  0.51420 
  4.14500  0.51496  0.51420 
  4.24500  0.51497  0.51420 
  4.34500  0.51497  0.51420 
  4.44500  0.51497  0.51420 
  4.54500  0.51497  0.51420 
  4.64500  0.51495  0.51420 
  4.74500  0.51495  0.51420 
  4.84500  0.51496  0.51420 
  4.94500  0.51494  0.51420 
  5.04500  0.51494  0.51420 
  5.14500  0.51495  0.51420 
  5.24500  0.51494  0.51420 
  5.34500  0.51495  0.51420 
  5.44500  0.51495  0.51420 
  5.54500  0.51494  0.51420 
  5.64500  0.51494  0.51420 
  5.74500  0.51493  0.51420 
  5.84500  0.51493  0.51420 
  5.94500  0.51493  0.51420 
  6.04500  0.51493  0.51420 
  6.14500  0.51492  0.51420 
  6.24500  0.51492  0.51420 
  6.34500  0.51492  0.51416 
  6.44500  0.51493  0.51410 
  6.54500  0.51491  0.51410 
  6.64500  0.51491  0.51410 
  6.74500  0.51490  0.51410 
  6.84500  0.51490  0.51410 
  6.94500  0.51489  0.51410 
  7.04500  0.51489  0.51410 
  7.14500  0.51488  0.51410 
  7.24500  0.51489  0.51410 
  7.34500  0.51488  0.51410 
  7.44500  0.51489  0.51410 
  7.54500  0.51488  0.51410 
  7.64500  0.51485  0.51410 
  7.74500  0.51486  0.51410 
  7.84500  0.51486  0.51410 
  7.94500  0.51486  0.51410 
  8.04500  0.51486  0.51410 
  8.14500  0.51485  0.51410 
  8.24500  0.51485  0.51410 
  8.34500  0.51484  0.51410 
  8.44500  0.51484  0.51410 
  8.54500  0.51483  0.51410 
  8.64500  0.51483  0.51410 
  8.74500  0.51483  0.51410 
  8.84500  0.51483  0.51410 
  8.94500  0.51482  0.51410 
  9.04500  0.51480  0.51410 
  9.14500  0.51480  0.51410 
  9.24500  0.51478  0.51410 
  9.34500  0.51479  0.51410 
  9.44500  0.51479  0.51410 
  9.54500  0.51479  0.51410 
  9.64500  0.51478  0.51410 
  9.74500  0.51477  0.51410 
  9.84500  0.51477  0.51410 
  9.94500  0.51474  0.51410 
 10.04500  0.51474  0.51409 
 10.14500  0.51473  0.51400 
 10.24500  0.51474  0.51400 
 10.34500  0.51471  0.51400 
 10.44500  0.51472  0.51400 
 10.54500  0.51471  0.51400 
 10.64500  0.51471  0.51400 
 10.74500  0.51471  0.51400 
 10.84500  0.51471  0.51400 
 10.94500  0.51468  0.51400 
 11.04500  0.51468  0.51400 
 11.14500  0.51467  0.51400 
 11.24500  0.51468  0.51400 
 11.34500  0.51467  0.51400 
 11.44500  0.51466  0.51400 
 11.54500  0.51465  0.51400 
 11.64500  0.51465  0.51400 
 11.74500  0.51465  0.51400 
 11.84500  0.51464  0.51400 
 11.94500  0.51464  0.51400 
 12.04500  0.51463  0.51400 
 12.14500  0.51463  0.51400 
 12.24500  0.51462  0.51400 
 12.34500  0.51462  0.51400 
 12.44500  0.51462  0.51400 
 12.54500  0.51460  0.51400 
 12.64500  0.51460  0.51400 
 12.74500  0.51459  0.51400 
 12.84500  0.51459  0.51393 
 12.94500  0.51458  0.51390 
 13.04500  0.51457  0.51390 
 13.14500  0.51457  0.51390 
 13.24500  0.51456  0.51390 
 13.34500  0.51456  0.51390 
 13.44500  0.51456  0.51390 
 13.54500  0.51455  0.51390 
 13.64500  0.51455  0.51390 
 13.74500  0.51455  0.51390 
 13.84500  0.51454  0.51390 
 13.94500  0.51453  0.51390 
 14.04500  0.51452  0.51390 
 14.14500  0.51451  0.51390 
 14.24500  0.51451  0.51390 
 14.34500  0.51449  0.51390 
 14.44500  0.51447  0.51390 
 14.54500  0.51447  0.51390 
 14.64500  0.51446  0.51390 
 14.74500  0.51446  0.51390 
 14.84500  0.51445  0.51390 
 14.94500  0.51444  0.51390 
 15.04500  0.51444  0.51390 
 15.14500  0.51444  0.51384 
 15.24500  0.51442  0.51380 
 15.34500  0.51442  0.51380 
 15.44500  0.51441  0.51380 
 15.54500  0.51440  0.51380 
 15.64500  0.51440  0.51380 
 15.74500  0.51439  0.51380 
 15.84500  0.51439  0.51380 
 15.94500  0.51438  0.51380 
 16.04500  0.51437  0.51380 
 16.14500  0.51436  0.51380 
 16.24500  0.51435  0.51380 
 16.34500  0.51436  0.51380 
 16.44500  0.51434  0.51380 
 16.54500  0.51434  0.51380 
 16.64500  0.51433  0.51380 
 16.74500  0.51431  0.51380 
 16.84500  0.51430  0.51380 
 16.94500  0.51429  0.51380 
 17.04500  0.51429  0.51380 
 17.14500  0.51429  0.51379 
 17.24500  0.51428  0.51370 
 17.34500  0.51427  0.51370 
 17.44500  0.51427  0.51370 
 17.54500  0.51426  0.51370 
 17.64500  0.51425  0.51370 
 17.74500  0.51425  0.51370 
 17.84500  0.51424  0.51370 
 17.94500  0.51421  0.51370 
 18.04500  0.51419  0.51370 
 18.14500  0.51418  0.51370 
 18.24500  0.51418  0.51370 
 18.34500  0.51417  0.51370 
 18.44500  0.51416  0.51370 
 18.54500  0.51416  0.51370 
 18.64500  0.51415  0.51370 
 18.74500  0.51414  0.51370 
 18.84500  0.51414  0.51370 
 18.94500  0.51413  0.51370 
 19.04500  0.51412  0.51368 
 19.14500  0.51410  0.51360 
 19.24500  0.51409  0.51360 
 19.34500  0.51409  0.51360 
 19.44500  0.51408  0.51360 
 19.54500  0.51407  0.51360 
 19.64500  0.51407  0.51360 
 19.74500  0.51406  0.51360 
 19.84500  0.51404  0.51360 
 19.94500  0.51405  0.51360 
 20.04500  0.51404  0.51360 
 20.14500  0.51403  0.51360 
 20.24500  0.51401  0.51360 
 20.34500  0.51401  0.51360 
 20.44500  0.51400  0.51360 
 20.54500  0.51398  0.51360 
 20.64500  0.51398  0.51360 
 20.74500  0.51398  0.51360 
 20.84500  0.51396  0.51354 
 20.94500  0.51396  0.51350 
 21.04500  0.51394  0.51350 
 21.14500  0.51393  0.51350 
 21.24500  0.51390  0.51350 
 21.34500  0.51390  0.51350 
 21.44500  0.51390  0.51350 
 21.54500  0.51387  0.51350 
 21.64500  0.51388  0.51350 
 21.74500  0.51387  0.51350 
 21.84500  0.51385  0.51350 
 21.94500  0.51385  0.51350 
 22.04500  0.51384  0.51350 
 22.14500  0.51384  0.51350 
 22.24500  0.51382  0.51350 
 22.34500  0.51381  0.51350 
 22.44500  0.51380  0.51350 
 22.54500  0.51379  0.51342 
 22.64500  0.51378  0.51340 
 22.74500  0.51377  0.51340 
 22.84500  0.51376  0.51340 
 22.94500  0.51376  0.51340 
 23.04500  0.51376  0.51340 
 23.14500  0.51374  0.51340 
 23.24500  0.51373  0.51340 
 23.34500  0.51372  0.51340 
 23.44500  0.51370  0.51340 
 23.54500  0.51370  0.51340 
 23.64500  0.51370  0.51340 
 23.74500  0.51368  0.51340 
 23.84500  0.51366  0.51340 
 23.94500  0.51365  0.51340 
 24.04500  0.51364  0.51340 
 24.14500  0.51363  0.51333 
 24.24500  0.51362  0.51330 
 24.34500  0.51361  0.51330 
 24.44500  0.51359  0.51330 
 24.54500  0.51359  0.51330 
 24.64500  0.51358  0.51330 
 24.74500  0.51357  0.51330 
 24.84500  0.51356  0.51330 
 24.94500  0.51356  0.51330 
 25.04500  0.51355  0.51330 
 25.14500  0.51354  0.51330 
 25.24500  0.51352  0.51330 
 25.34500  0.51351  0.51330 
 25.44500  0.51351  0.51330 
 25.54500  0.51350  0.51330 
 25.64500  0.51348  0.51329 
 25.74500  0.51348  0.51320 
 25.84500  0.51347  0.51320 
 25.94500  0.51346  0.51320 
 26.04500  0.51345  0.51320 
 26.14500  0.51345  0.51320 
 26.24500  0.51342  0.51320 
 26.34500  0.51341  0.51320 
 26.44500  0.51341  0.51320 
 26.54500  0.51338  0.51320 
 26.64500  0.51337  0.51320 
 26.74500  0.51337  0.51320 
 26.84500  0.51334  0.51320 
 26.94500  0.51334  0.51320 
 27.04500  0.51333  0.51320 
 27.14500  0.51330  0.51320 
 27.24500  0.51330  0.51312 
 27.34500  0.51329  0.51310 
 27.44500  0.51328  0.51310 
 27.54500  0.51327  0.51310 
 27.64500  0.51327  0.51310 
 27.74500  0.51325  0.51310 
 27.84500  0.51325  0.51310 
 27.94500  0.51324  0.51310 
 28.04500  0.51322  0.51310 
 28.14500  0.51321  0.51310 
 28.24500  0.51320  0.51310 
 28.34500  0.51319  0.51310 
 28.44500  0.51318  0.51310 
 28.54500  0.51317  0.51310 
 28.64500  0.51316  0.51310 
 28.74500  0.51316  0.51301 
 28.84500  0.51314  0.51300 
 28.94500  0.51313  0.51300 
 29.04500  0.51311  0.51300 
 29.14500  0.51309  0.51300 
 29.24500  0.51308  0.51300 
 29.34500  0.51307  0.51300 
 29.44500  0.51306  0.51300 
 29.54500  0.51305  0.51300 
 29.64500  0.51305  0.51300 
 29.74500  0.51304  0.51300 
 29.84500  0.51303  0.51300 
 29.94500  0.51301  0.51300 
 30.04500  0.51300  0.51300 
 30.14500  0.51299  0.51300 
 30.24500  0.51299  0.51290 
 30.34500  0.51297  0.51290 
 30.44500  0.51297  0.51290 
 30.54500  0.51296  0.51290 
 30.64500  0.51294  0.51290 
 30.74500  0.51294  0.51290 
 30.84500  0.51292  0.51290 
 30.94500  0.51290  0.51290 
 31.04500  0.51291  0.51290 
 31.14500  0.51289  0.51290 
 31.24500  0.51288  0.51290 
 31.34500  0.51288  0.51290 
 31.44500  0.51287  0.51290 
 31.54500  0.51285  0.51290 
 31.64500  0.51283  0.51287 
 31.74500  0.51281  0.51280 
 31.84500  0.51280  0.51280 
 31.94500  0.51279  0.51280 
 32.04500  0.51279  0.51280 
 32.14500  0.51278  0.51280 
 32.24500  0.51277  0.51280 
 32.34500  0.51276  0.51280 
 32.44500  0.51275  0.51280 
 32.54500  0.51275  0.51280 
 32.64500  0.51272  0.51280 
 32.74500  0.51272  0.51280 
 32.84500  0.51271  0.51280 
 32.94500  0.51269  0.51280 
 33.04500  0.51269  0.51280 
 33.14500  0.51269  0.51274 
 33.24500  0.51267  0.51270 
 33.34500  0.51267  0.51270 
 33.44500  0.51266  0.51270 
 33.54500  0.51264  0.51270 
 33.64500  0.51263  0.51270 
 33.74500  0.51262  0.51270 
 33.84500  0.51261  0.51270 
 33.94500  0.51260  0.51270 
 34.04500  0.51260  0.51270 
 34.14500  0.51256  0.51270 
 34.24500  0.51256  0.51270 
 34.34500  0.51255  0.51270 
 34.44500  0.51253  0.51270 
 34.54500  0.51252  0.51270 
 34.64500  0.51251  0.51262 
 34.74500  0.51250  0.51260 
 34.84500  0.51250  0.51260 
 34.94500  0.51249  0.51260 
 35.04500  0.51247  0.51260 
 35.14500  0.51247  0.51260 
 35.24500  0.51246  0.51260 
 35.34500  0.51245  0.51260 
 35.44500  0.51243  0.51260 
 35.54500  0.51242  0.51260 
 35.64500  0.51241  0.51260 
 35.74500  0.51241  0.51260 
 35.84500  0.51240  0.51260 
 35.94500  0.51238  0.51260 
 36.04500  0.51238  0.51260 
 36.14500  0.51236  0.51252 
 36.24500  0.51235  0.51250 
 36.34500  0.51234  0.51250 
 36.44500  0.51232  0.51250 
 36.54500  0.51231  0.51250 
 36.64500  0.51231  0.51250 
 36.74500  0.51228  0.51250 
 36.84500  0.51227  0.51250 
 36.94500  0.51227  0.51250 
 37.04500  0.51225  0.51250 
 37.14500  0.51224  0.51250 
 37.24500  0.51223  0.51250 
 37.34500  0.51222  0.51250 
 37.44500  0.51220  0.51250 
 37.54500  0.51220  0.51250 
 37.64500  0.51219  0.51244 
 37.74500  0.51218  0.51240 
 37.84500  0.51218  0.51240 
 37.94500  0.51216  0.51240 
 38.04500  0.51216  0.51240 
 38.14500  0.51215  0.51240 
 38.24500  0.51213  0.51240 
 38.34500  0.51212  0.51240 
 38.44500  0.51212  0.51240 
 38.54500  0.51210  0.51240 
 38.64500  0.51209  0.51240 
 38.74500  0.51209  0.51240 
 38.84500  0.51208  0.51240 
 38.94500  0.51207  0.51240 
 39.04500  0.51207  0.51240 
 39.14500  0.51205  0.51239 
 39.24500  0.51204  0.51230 
 39.34500  0.51202  0.51230 
 39.44500  0.51200  0.51230 
 39.54500  0.51199  0.51230 
 39.64500  0.51199  0.51230 
 39.74500  0.51198  0.51230 
 39.84500  0.51197  0.51230 
 39.94500  0.51196  0.51230 
 40.04500  0.51196  0.51230 
 40.14500  0.51194  0.51230 
 40.24500  0.51193  0.51230 
 40.34500  0.51192  0.51230 
 40.44500  0.51190  0.51230 
 40.54500  0.51190  0.51230 
 40.64500  0.51190  0.51230 
 40.74500  0.51189  0.51229 
 40.84500  0.51188  0.51220 
 40.94500  0.51188  0.51220 
 41.04500  0.51186  0.51220 
 41.14500  0.51184  0.51220 
 41.24500  0.51184  0.51220 
 41.34500  0.51183  0.51220 
 41.44500  0.51182  0.51220 
 41.54500  0.51182  0.51220 
 41.64500  0.51181  0.51220 
 41.74500  0.51179  0.51220 
 41.84500  0.51179  0.51220 
 41.94500  0.51179  0.51220 
 42.04500  0.51177  0.51220 
 42.14500  0.51176  0.51220 
 42.24500  0.51173  0.51220 
 42.34500  0.51172  0.51220 
 42.44500  0.51171  0.51216 
 42.54500  0.51171  0.51210 
 42.64500  0.51170  0.51210 
 42.74500  0.51169  0.51210 
 42.84500  0.51169  0.51210 
 42.94500  0.51169  0.51210 
 43.04500  0.51166  0.51210 
 43.14500  0.51166  0.51210 
 43.24500  0.51165  0.51210 
 43.34500  0.51164  0.51210 
 43.44500  0.51163  0.51210 
 43.54500  0.51162  0.51210 
 43.64500  0.51162  0.51210 
 43.74500  0.51161  0.51210 
 43.84500  0.51160  0.51210 
 43.94500  0.51160  0.51210 
 44.04500  0.51159  0.51210 
 44.14500  0.51157  0.51210 
 44.24500  0.51158  0.51201 
 44.34500  0.51156  0.51200 
 44.44500  0.51154  0.51200 
 44.54500  0.51154  0.51200 
 44.64500  0.51153  0.51200 
 44.74500  0.51153  0.51200 
 44.84500  0.51151  0.51200 
 44.94500  0.51151  0.51200 
 45.04500  0.51151  0.51200 
 45.14500  0.51149  0.51200 
 45.24500  0.51146  0.51200 
 45.34500  0.51146  0.51200 
 45.44500  0.51145  0.51200 
 45.54500  0.51144  0.51200 
 45.64500  0.51143  0.51200 
 45.74500  0.51142  0.51200 
 45.84500  0.51142  0.51200 
 45.94500  0.51140  0.51200 
 46.04500  0.51140  0.51197 
 46.14500  0.51140  0.51190 
 46.24500  0.51139  0.51190 
 46.34500  0.51138  0.51190 
 46.44500  0.51138  0.51190 
 46.54500  0.51137  0.51190 
 46.64500  0.51136  0.51190 
 46.74500  0.51133  0.51190 
 46.84500  0.51133  0.51190 
 46.94500  0.51133  0.51190 
 47.04500  0.51133  0.51190 
 47.14500  0.51130  0.51190 
 47.24500  0.51131  0.51190 
 47.34500  0.51131  0.51190 
 47.44500  0.51130  0.51190 
 47.54500  0.51129  0.51190 
 47.64500  0.51129  0.51190 
 47.74500  0.51128  0.51190 
 47.84500  0.51127  0.51190 
 47.94500  0.51126  0.51190 
 48.04500  0.51124  0.51190 
 48.14500  0.51125  0.51180 
 48.24500  0.51124  0.51180 
 48.34500  0.51123  0.51180 
 48.44500  0.51123  0.51180 
 48.54500  0.51122  0.51180 
 48.64500  0.51120  0.51180 
 48.74500  0.51118  0.51180 
 48.84500  0.51118  0.51180 
 48.94500  0.51118  0.51180 
 49.04500  0.51118  0.51180 
 49.14500  0.51118  0.51180 
 49.24500  0.51116  0.51180 
 49.34500  0.51114  0.51180 
 49.44500  0.51115  0.51180 
 49.54500  0.51114  0.51180 
 49.64500  0.51113  0.51180 
 49.74500  0.51113  0.51180 
 49.84500  0.51113  0.51180 
 49.94500  0.51113  0.51180 
 50.04500  0.51111  0.51180 
 50.14500  0.51111  0.51180 
 50.24500  0.51110  0.51180 
 50.34500  0.51110  0.51176 
 50.44500  0.51110  0.51170 
 50.54500  0.51109  0.51170 
 50.64500  0.51108  0.51170 
 50.74500  0.51108  0.51170 
 50.84500  0.51106  0.51170 
 50.94500  0.51107  0.51170 
 51.04500  0.51105  0.51170 
 51.14500  0.51104  0.51170 
 51.24500  0.51104  0.51170 
 51.34500  0.51104  0.51170 
 51.44500  0.51103  0.51170 
 51.54500  0.51103  0.51170 
 51.64500  0.51103  0.51170 
 51.74500  0.51102  0.51170 
 51.84500  0.51101  0.51170 
 51.94500  0.51102  0.51170 
 52.04500  0.51101  0.51170 
 52.14500  0.51100  0.51170 
 52.24500  0.51099  0.51170 
 52.34500  0.51099  0.51170 
 52.44500  0.51098  0.51170 
 52.54500  0.51098  0.51170 
 52.64500  0.51095  0.51170 
 52.74500  0.51096  0.51170 
 52.84500  0.51095  0.51170 
 52.94500  0.51094  0.51170 
 53.04500  0.51093  0.51162 
 53.14500  0.51093  0.51160 
 53.24500  0.51091  0.51160 
 53.34500  0.51091  0.51160 
 53.44500  0.51091  0.51160 
 53.54500  0.51090  0.51160 
 53.64500  0.51090  0.51160 
 53.74500  0.51090  0.51160 
 53.84500  0.51089  0.51160 
 53.94500  0.51088  0.51160 
 54.04500  0.51088  0.51160 
 54.14500  0.51088  0.51160 
 54.24500  0.51088  0.51160 
 54.34500  0.51085  0.51160 
 54.44500  0.51084  0.51160 
 54.54500  0.51084  0.51160 
 54.64500  0.51083  0.51160 
 54.74500  0.51084  0.51160 
 54.84500  0.51083  0.51160 
 54.94500  0.51082  0.51160 
 55.04500  0.51082  0.51160 
 55.14500  0.51081  0.51160 
 55.24500  0.51081  0.51160 
 55.34500  0.51081  0.51160 
 55.44500  0.51080  0.51160 
 55.54500  0.51080  0.51160 
 55.64500  0.51080  0.51160 
 55.74500  0.51080  0.51160 
 55.84500  0.51081  0.51160 
 55.94500  0.51078  0.51160 
 56.04500  0.51078  0.51160 
 56.14500  0.51078  0.51160 
 56.24500  0.51078  0.51160 
 56.34500  0.51078  0.51160 
 56.44500  0.51077  0.51160 
 56.54500  0.51077  0.51153 
 56.64500  0.51076  0.51150 
 56.74500  0.51074  0.51150 
 56.84500  0.51074  0.51150 
 56.94500  0.51075  0.51150 
 57.04500  0.51074  0.51150 
 57.14500  0.51074  0.51150 
 57.24500  0.51074  0.51150 
 57.34500  0.51074  0.51150 
 57.44500  0.51074  0.51150 
 57.54500  0.51073  0.51150 
 57.64500  0.51073  0.51150 
 57.74500  0.51073  0.51150 
 57.84500  0.51072  0.51150 
 57.94500  0.51072  0.51150 
 58.04500  0.51071  0.51150 
 58.14500  0.51072  0.51150 
 58.24500  0.51072  0.51150 
 58.34500  0.51071  0.51150 
 58.44500  0.51072  0.51150 
 58.54500  0.51071  0.51150 
 58.64500  0.51071  0.51150 
 58.74500  0.51070  0.51150 
 58.84500  0.51070  0.51150 
 58.94500  0.51070  0.51150 
 59.04500  0.51070  0.51150 
 59.14500  0.51070  0.51150 
 59.24500  0.51070  0.51150 
 59.34500  0.51070  0.51150 
 59.44500  0.51070  0.51150 
 59.54500  0.51070  0.51150 
 59.64500  0.51069  0.51150 
 59.74500  0.51070  0.51150 
 59.84500  0.51070  0.51150 
 59.94500  0.51070  0.51150 
 60.04500  0.51070  0.51150 
 60.14500  0.51070  0.51150 
 60.24500  0.51068  0.51150 
 60.34500  0.51066  0.51150 
 60.44500  0.51067  0.51150 
 60.54500  0.51065  0.51150 
 60.64500  0.51066  0.51150 
 60.74500  0.51066  0.51150 
 60.84500  0.51065  0.51150 
 60.94500  0.51065  0.51150 
 61.04500  0.51066  0.51150 
 61.14500  0.51066  0.51150 
 61.24500  0.51066  0.51150 
 61.34500  0.51065  0.51150 
 61.44500  0.51064  0.51150 
 61.54500  0.51064  0.51150 
 61.64500  0.51065  0.51150 
 61.74500  0.51065  0.51150 
 61.84500  0.51064  0.51150 
 61.94500  0.51064  0.51150 
 62.04500  0.51065  0.51150 
 62.14500  0.51065  0.51150 
 62.24500  0.51065  0.51150 
 62.34500  0.51065  0.51150 
 62.44500  0.51065  0.51150 
 62.54500  0.51065  0.51150 
 62.64500  0.51065  0.51150 
 62.74500  0.51065  0.51150 
 62.84500  0.51065  0.51150 
 62.94500  0.51065  0.51150 
 63.04500  0.51065  0.51150 
 63.14500  0.51065  0.51150 
 63.24500  0.51065  0.51150 
 63.34500  0.51064  0.51150 
 63.44500  0.51064  0.51150 
