  0.04500  0.97995  0.98004 
  0.14500  0.97970  0.97977 
  0.24500  0.97919  0.97926 
  0.34500  0.97842  0.97851 
  0.44500  0.97739  0.97745 
  0.54500  0.97606  0.97614 
  0.64500  0.97448  0.97453 
  0.74500  0.97256  0.97266 
  0.84500  0.97040  0.97048 
  0.94500  0.96790  0.96800 
  1.04500  0.96510  0.96518 
  1.14500  0.96196  0.96206 
  1.24500  0.95851  0.95860 
  1.34500  0.95468  0.95480 
  1.44500  0.95049  0.95060 
  1.54500  0.94596  0.94606 
  1.64500  0.94102  0.94112 
  1.74500  0.93566  0.93578 
  1.84500  0.92992  0.93000 
  1.94500  0.92373  0.92384 
  2.04500  0.91711  0.91722 
  2.14500  0.91005  0.91018 
  2.24500  0.90251  0.90265 
  2.34500  0.89455  0.89466 
  2.44500  0.88609  0.88622 
  2.54500  0.87717  0.87729 
  2.64500  0.86774  0.86787 
  2.74500  0.85786  0.85798 
  2.84500  0.84748  0.84762 
  2.94500  0.83662  0.83674 
  3.04500  0.82530  0.82543 
  3.14500  0.81350  0.81364 
  3.24500  0.80129  0.80139 
  3.34500  0.78858  0.78872 
  3.44500  0.77547  0.77560 
  3.54500  0.76195  0.76208 
  3.64500  0.74807  0.74818 
  3.74500  0.73380  0.73393 
  3.84500  0.71923  0.71935 
  3.94500  0.70436  0.70445 
  4.04500  0.68920  0.68930 
  4.14500  0.67384  0.67394 
  4.24500  0.65830  0.65837 
  4.34500  0.64258  0.64265 
  4.44500  0.62679  0.62685 
  4.54500  0.61094  0.61098 
  4.64500  0.59507  0.59513 
  4.74500  0.57923  0.57930 
  4.84500  0.56352  0.56358 
  4.94500  0.54800  0.54801 
  5.04500  0.53265  0.53265 
  5.14500  0.51755  0.51756 
  5.24500  0.50279  0.50278 
  5.34500  0.48843  0.48837 
  5.44500  0.47445  0.47439 
  5.54500  0.46093  0.46090 
  5.64500  0.44797  0.44795 
  5.74500  0.43562  0.43558 
  5.84500  0.42391  0.42384 
  5.94500  0.41288  0.41281 
  6.04500  0.40257  0.40251 
  6.14500  0.39302  0.39297 
  6.24500  0.38434  0.38426 
  6.34500  0.37648  0.37638 
  6.44500  0.36952  0.36940 
  6.54500  0.36344  0.36334 
  6.64500  0.35832  0.35824 
  6.74500  0.35418  0.35407 
  6.84500  0.35102  0.35090 
  6.94500  0.34884  0.34870 
  7.04500  0.34764  0.34753 
  7.14500  0.34748  0.34737 
  7.24500  0.34828  0.34816 
  7.34500  0.35010  0.34999 
  7.44500  0.35288  0.35281 
  7.54500  0.35668  0.35656 
  7.64500  0.36139  0.36129 
  7.74500  0.36703  0.36692 
  7.84500  0.37357  0.37346 
  7.94500  0.38094  0.38084 
  8.04500  0.38913  0.38904 
  8.14500  0.39809  0.39804 
  8.24500  0.40779  0.40772 
  8.34500  0.41817  0.41812 
  8.44500  0.42919  0.42915 
  8.54500  0.44076  0.44073 
  8.64500  0.45289  0.45285 
  8.74500  0.46548  0.46542 
  8.84500  0.47842  0.47837 
  8.94500  0.49166  0.49166 
  9.04500  0.50517  0.50519 
  9.14500  0.51888  0.51892 
  9.24500  0.53277  0.53278 
  9.34500  0.54662  0.54670 
  9.44500  0.56050  0.56061 
  9.54500  0.57432  0.57444 
  9.64500  0.58803  0.58813 
  9.74500  0.60153  0.60162 
  9.84500  0.61472  0.61483 
  9.94500  0.62758  0.62769 
 10.04500  0.64002  0.64015 
 10.14500  0.65203  0.65216 
 10.24500  0.66350  0.66368 
 10.34500  0.67443  0.67462 
 10.44500  0.68474  0.68492 
 10.54500  0.69438  0.69457 
 10.64500  0.70330  0.70351 
 10.74500  0.71149  0.71169 
 10.84500  0.71887  0.71909 
 10.94500  0.72545  0.72566 
 11.04500  0.73116  0.73137 
 11.14500  0.73598  0.73621 
 11.24500  0.73992  0.74012 
 11.34500  0.74293  0.74314 
 11.44500  0.74500  0.74521 
 11.54500  0.74611  0.74636 
 11.64500  0.74630  0.74653 
 11.74500  0.74554  0.74577 
 11.84500  0.74380  0.74405 
 11.94500  0.74116  0.74139 
 12.04500  0.73760  0.73779 
 12.14500  0.73310  0.73332 
 12.24500  0.72774  0.72794 
 12.34500  0.72148  0.72167 
 12.44500  0.71441  0.71460 
 12.54500  0.70654  0.70671 
 12.64500  0.69789  0.69804 
 12.74500  0.68850  0.68865 
 12.84500  0.67843  0.67859 
 12.94500  0.66774  0.66790 
 13.04500  0.65647  0.65660 
 13.14500  0.64465  0.64478 
 13.24500  0.63237  0.63247 
 13.34500  0.61967  0.61974 
 13.44500  0.60660  0.60665 
 13.54500  0.59321  0.59326 
 13.64500  0.57958  0.57964 
 13.74500  0.56579  0.56586 
 13.84500  0.55192  0.55197 
 13.94500  0.53802  0.53803 
 14.04500  0.52416  0.52414 
 14.14500  0.51035  0.51033 
 14.24500  0.49678  0.49670 
 14.34500  0.48339  0.48332 
 14.44500  0.47030  0.47021 
 14.54500  0.45754  0.45747 
 14.64500  0.44526  0.44517 
 14.74500  0.43342  0.43335 
 14.84500  0.42218  0.42207 
 14.94500  0.41153  0.41140 
 15.04500  0.40151  0.40139 
 15.14500  0.39224  0.39207 
 15.24500  0.38367  0.38353 
 15.34500  0.37590  0.37575 
 15.44500  0.36898  0.36882 
 15.54500  0.36295  0.36275 
 15.64500  0.35776  0.35761 
 15.74500  0.35349  0.35335 
 15.84500  0.35023  0.35004 
 15.94500  0.34787  0.34771 
 16.04500  0.34652  0.34632 
 16.14500  0.34610  0.34592 
 16.24500  0.34666  0.34648 
 16.34500  0.34822  0.34803 
 16.44500  0.35069  0.35054 
 16.54500  0.35415  0.35397 
 16.64500  0.35850  0.35835 
 16.74500  0.36377  0.36360 
 16.84500  0.36988  0.36975 
 16.94500  0.37685  0.37673 
 17.04500  0.38460  0.38447 
 17.14500  0.39311  0.39298 
 17.24500  0.40231  0.40223 
 17.34500  0.41216  0.41208 
 17.44500  0.42260  0.42256 
 17.54500  0.43361  0.43356 
 17.64500  0.44513  0.44507 
 17.74500  0.45702  0.45696 
 17.84500  0.46928  0.46923 
 17.94500  0.48181  0.48179 
 18.04500  0.49453  0.49456 
 18.14500  0.50743  0.50745 
 18.24500  0.52042  0.52045 
 18.34500  0.53337  0.53345 
 18.44500  0.54629  0.54640 
 18.54500  0.55910  0.55920 
 18.64500  0.57171  0.57180 
 18.74500  0.58403  0.58414 
 18.84500  0.59604  0.59614 
 18.94500  0.60758  0.60773 
 19.04500  0.61871  0.61886 
 19.14500  0.62931  0.62948 
 19.24500  0.63933  0.63950 
 19.34500  0.64871  0.64891 
 19.44500  0.65739  0.65761 
 19.54500  0.66538  0.66560 
 19.64500  0.67260  0.67281 
 19.74500  0.67897  0.67919 
 19.84500  0.68451  0.68473 
 19.94500  0.68918  0.68943 
 20.04500  0.69294  0.69318 
 20.14500  0.69578  0.69602 
 20.24500  0.69769  0.69793 
 20.34500  0.69864  0.69888 
 20.44500  0.69864  0.69887 
 20.54500  0.69768  0.69792 
 20.64500  0.69573  0.69601 
 20.74500  0.69291  0.69315 
 20.84500  0.68911  0.68934 
 20.94500  0.68440  0.68463 
 21.04500  0.67881  0.67905 
 21.14500  0.67235  0.67259 
 21.24500  0.66506  0.66530 
 21.34500  0.65698  0.65719 
 21.44500  0.64816  0.64837 
 21.54500  0.63860  0.63879 
 21.64500  0.62843  0.62859 
 21.74500  0.61762  0.61776 
 21.84500  0.60626  0.60640 
 21.94500  0.59440  0.59449 
 22.04500  0.58209  0.58220 
 22.14500  0.56941  0.56952 
 22.24500  0.55643  0.55652 
 22.34500  0.54317  0.54330 
 22.44500  0.52979  0.52988 
 22.54500  0.51632  0.51636 
 22.64500  0.50276  0.50280 
 22.74500  0.48925  0.48925 
 22.84500  0.47586  0.47584 
 22.94500  0.46263  0.46258 
 23.04500  0.44963  0.44957 
 23.14500  0.43690  0.43685 
 23.24500  0.42455  0.42452 
 23.34500  0.41264  0.41260 
 23.44500  0.40125  0.40118 
 23.54500  0.39042  0.39031 
 23.64500  0.38017  0.38004 
 23.74500  0.37061  0.37046 
 23.84500  0.36172  0.36158 
 23.94500  0.35360  0.35346 
 24.04500  0.34631  0.34616 
 24.14500  0.33981  0.33965 
 24.24500  0.33424  0.33407 
 24.34500  0.32953  0.32936 
 24.44500  0.32576  0.32557 
 24.54500  0.32293  0.32274 
 24.64500  0.32109  0.32088 
 24.74500  0.32018  0.31999 
 24.84500  0.32027  0.32008 
 24.94500  0.32131  0.32113 
 25.04500  0.32337  0.32318 
 25.14500  0.32638  0.32618 
 25.24500  0.33031  0.33013 
 25.34500  0.33519  0.33502 
 25.44500  0.34098  0.34080 
 25.54500  0.34764  0.34747 
 25.64500  0.35513  0.35501 
 25.74500  0.36350  0.36332 
 25.84500  0.37258  0.37243 
 25.94500  0.38240  0.38225 
 26.04500  0.39288  0.39277 
 26.14500  0.40400  0.40389 
 26.24500  0.41566  0.41560 
 26.34500  0.42786  0.42779 
 26.44500  0.44053  0.44047 
 26.54500  0.45359  0.45352 
 26.64500  0.46696  0.46690 
 26.74500  0.48060  0.48054 
 26.84500  0.49440  0.49438 
 26.94500  0.50833  0.50830 
 27.04500  0.52235  0.52240 
 27.14500  0.53634  0.53640 
 27.24500  0.55023  0.55033 
 27.34500  0.56402  0.56411 
 27.44500  0.57762  0.57769 
 27.54500  0.59093  0.59101 
 27.64500  0.60389  0.60397 
 27.74500  0.61643  0.61652 
 27.84500  0.62851  0.62864 
 27.94500  0.64004  0.64019 
 28.04500  0.65105  0.65119 
 28.14500  0.66139  0.66157 
 28.24500  0.67107  0.67125 
 28.34500  0.68003  0.68021 
 28.44500  0.68821  0.68841 
 28.54500  0.69557  0.69580 
 28.64500  0.70212  0.70233 
 28.74500  0.70779  0.70799 
 28.84500  0.71253  0.71274 
 28.94500  0.71635  0.71658 
 29.04500  0.71923  0.71947 
 29.14500  0.72118  0.72142 
 29.24500  0.72213  0.72237 
 29.34500  0.72213  0.72237 
 29.44500  0.72114  0.72139 
 29.54500  0.71919  0.71943 
 29.64500  0.71630  0.71652 
 29.74500  0.71240  0.71263 
 29.84500  0.70760  0.70785 
 29.94500  0.70191  0.70215 
 30.04500  0.69533  0.69554 
 30.14500  0.68789  0.68808 
 30.24500  0.67961  0.67982 
 30.34500  0.67054  0.67076 
 30.44500  0.66076  0.66095 
 30.54500  0.65029  0.65043 
 30.64500  0.63914  0.63929 
 30.74500  0.62736  0.62750 
 30.84500  0.61510  0.61521 
 30.94500  0.60231  0.60243 
 31.04500  0.58909  0.58918 
 31.14500  0.57550  0.57559 
 31.24500  0.56158  0.56169 
 31.34500  0.54742  0.54752 
 31.44500  0.53309  0.53318 
 31.54500  0.51869  0.51874 
 31.64500  0.50422  0.50425 
 31.74500  0.48976  0.48976 
 31.84500  0.47540  0.47536 
 31.94500  0.46119  0.46113 
 32.04500  0.44718  0.44712 
 32.14500  0.43345  0.43337 
 32.24500  0.42004  0.42000 
 32.34500  0.40709  0.40702 
 32.44500  0.39460  0.39452 
 32.54500  0.38263  0.38254 
 32.64500  0.37127  0.37116 
 32.74500  0.36055  0.36041 
 32.84500  0.35046  0.35036 
 32.94500  0.34115  0.34100 
 33.04500  0.33262  0.33245 
 33.14500  0.32488  0.32473 
 33.24500  0.31802  0.31785 
 33.34500  0.31204  0.31185 
 33.44500  0.30694  0.30678 
 33.54500  0.30281  0.30263 
 33.64500  0.29965  0.29944 
 33.74500  0.29742  0.29726 
 33.84500  0.29618  0.29601 
 33.94500  0.29597  0.29576 
 34.04500  0.29669  0.29651 
 34.14500  0.29843  0.29824 
 34.24500  0.30115  0.30096 
 34.34500  0.30481  0.30464 
 34.44500  0.30944  0.30927 
 34.54500  0.31496  0.31482 
 34.64500  0.32142  0.32127 
 34.74500  0.32873  0.32856 
 34.84500  0.33686  0.33672 
 34.94500  0.34581  0.34567 
 35.04500  0.35550  0.35539 
 35.14500  0.36592  0.36580 
 35.24500  0.37698  0.37689 
 35.34500  0.38867  0.38860 
 35.44500  0.40088  0.40083 
 35.54500  0.41361  0.41356 
 35.64500  0.42681  0.42678 
 35.74500  0.44039  0.44034 
 35.84500  0.45428  0.45421 
 35.94500  0.46841  0.46837 
 36.04500  0.48269  0.48269 
 36.14500  0.49708  0.49715 
 36.24500  0.51161  0.51165 
 36.34500  0.52604  0.52611 
 36.44500  0.54043  0.54052 
 36.54500  0.55467  0.55477 
 36.64500  0.56871  0.56880 
 36.74500  0.58248  0.58258 
 36.84500  0.59590  0.59600 
 36.94500  0.60890  0.60902 
 37.04500  0.62145  0.62160 
 37.14500  0.63346  0.63363 
 37.24500  0.64493  0.64510 
 37.34500  0.65577  0.65595 
 37.44500  0.66591  0.66613 
 37.54500  0.67536  0.67554 
 37.64500  0.68403  0.68424 
 37.74500  0.69191  0.69212 
 37.84500  0.69893  0.69916 
 37.94500  0.70511  0.70534 
 38.04500  0.71041  0.71061 
 38.14500  0.71475  0.71498 
 38.24500  0.71815  0.71842 
 38.34500  0.72065  0.72088 
 38.44500  0.72215  0.72241 
 38.54500  0.72268  0.72295 
 38.64500  0.72227  0.72253 
 38.74500  0.72090  0.72114 
 38.84500  0.71856  0.71880 
 38.94500  0.71529  0.71552 
 39.04500  0.71110  0.71132 
 39.14500  0.70599  0.70621 
 39.24500  0.70001  0.70023 
 39.34500  0.69319  0.69339 
 39.44500  0.68557  0.68577 
 39.54500  0.67718  0.67737 
 39.64500  0.66803  0.66822 
 39.74500  0.65822  0.65838 
 39.84500  0.64779  0.64794 
 39.94500  0.63676  0.63691 
 40.04500  0.62523  0.62535 
 40.14500  0.61324  0.61332 
 40.24500  0.60082  0.60088 
 40.34500  0.58804  0.58812 
 40.44500  0.57498  0.57505 
 40.54500  0.56171  0.56179 
 40.64500  0.54831  0.54837 
 40.74500  0.53485  0.53490 
 40.84500  0.52141  0.52140 
 40.94500  0.50793  0.50795 
 41.04500  0.49469  0.49464 
 41.14500  0.48164  0.48155 
 41.24500  0.46878  0.46869 
 41.34500  0.45628  0.45620 
 41.44500  0.44416  0.44408 
 41.54500  0.43250  0.43242 
 41.64500  0.42138  0.42128 
 41.74500  0.41084  0.41075 
 41.84500  0.40095  0.40081 
 41.94500  0.39172  0.39157 
 42.04500  0.38323  0.38304 
 42.14500  0.37549  0.37532 
 42.24500  0.36856  0.36838 
 42.34500  0.36250  0.36230 
 42.44500  0.35729  0.35711 
 42.54500  0.35301  0.35282 
 42.64500  0.34966  0.34947 
 42.74500  0.34724  0.34703 
 42.84500  0.34574  0.34557 
 42.94500  0.34526  0.34503 
 43.04500  0.34568  0.34548 
 43.14500  0.34709  0.34689 
 43.24500  0.34944  0.34923 
 43.34500  0.35269  0.35250 
 43.44500  0.35689  0.35669 
 43.54500  0.36194  0.36176 
 43.64500  0.36786  0.36769 
 43.74500  0.37458  0.37440 
 43.84500  0.38207  0.38192 
 43.94500  0.39032  0.39017 
 44.04500  0.39924  0.39910 
 44.14500  0.40878  0.40865 
 44.24500  0.41890  0.41880 
 44.34500  0.42954  0.42946 
 44.44500  0.44065  0.44057 
 44.54500  0.45216  0.45208 
 44.64500  0.46398  0.46390 
 44.74500  0.47608  0.47599 
 44.84500  0.48833  0.48828 
 44.94500  0.50069  0.50068 
 45.04500  0.51314  0.51312 
 45.14500  0.52550  0.52554 
 45.24500  0.53779  0.53786 
 45.34500  0.54996  0.55000 
 45.44500  0.56186  0.56193 
 45.54500  0.57347  0.57354 
 45.64500  0.58470  0.58476 
 45.74500  0.59549  0.59558 
 45.84500  0.60576  0.60589 
 45.94500  0.61548  0.61562 
 46.04500  0.62459  0.62475 
 46.14500  0.63305  0.63319 
 46.24500  0.64078  0.64094 
 46.34500  0.64773  0.64791 
 46.44500  0.65389  0.65406 
 46.54500  0.65921  0.65940 
 46.64500  0.66368  0.66386 
 46.74500  0.66719  0.66740 
 46.84500  0.66980  0.67001 
 46.94500  0.67148  0.67169 
 47.04500  0.67216  0.67239 
 47.14500  0.67192  0.67215 
 47.24500  0.67068  0.67093 
 47.34500  0.66853  0.66875 
 47.44500  0.66538  0.66560 
 47.54500  0.66129  0.66152 
 47.64500  0.65627  0.65650 
 47.74500  0.65035  0.65057 
 47.84500  0.64355  0.64378 
 47.94500  0.63591  0.63609 
 48.04500  0.62743  0.62763 
 48.14500  0.61819  0.61839 
 48.24500  0.60825  0.60841 
 48.34500  0.59760  0.59775 
 48.44500  0.58633  0.58646 
 48.54500  0.57446  0.57458 
 48.64500  0.56204  0.56220 
 48.74500  0.54919  0.54933 
 48.84500  0.53591  0.53605 
 48.94500  0.52232  0.52243 
 49.04500  0.50844  0.50850 
 49.14500  0.49438  0.49443 
 49.24500  0.48008  0.48017 
 49.34500  0.46579  0.46583 
 49.44500  0.45147  0.45148 
 49.54500  0.43718  0.43717 
 49.64500  0.42297  0.42297 
 49.74500  0.40897  0.40896 
 49.84500  0.39522  0.39522 
 49.94500  0.38179  0.38176 
 50.04500  0.36872  0.36868 
 50.14500  0.35607  0.35603 
 50.24500  0.34395  0.34385 
 50.34500  0.33232  0.33225 
 50.44500  0.32129  0.32122 
 50.54500  0.31096  0.31083 
 50.64500  0.30125  0.30114 
 50.74500  0.29231  0.29218 
 50.84500  0.28411  0.28397 
 50.94500  0.27675  0.27660 
 51.04500  0.27023  0.27007 
 51.14500  0.26458  0.26441 
 51.24500  0.25979  0.25966 
 51.34500  0.25596  0.25579 
 51.44500  0.25303  0.25288 
 51.54500  0.25106  0.25091 
 51.64500  0.25009  0.24990 
 51.74500  0.25003  0.24985 
 51.84500  0.25095  0.25078 
 51.94500  0.25283  0.25266 
 52.04500  0.25566  0.25550 
 52.14500  0.25943  0.25926 
 52.24500  0.26414  0.26397 
 52.34500  0.26976  0.26958 
 52.44500  0.27622  0.27607 
 52.54500  0.28357  0.28344 
 52.64500  0.29176  0.29159 
 52.74500  0.30073  0.30057 
 52.84500  0.31046  0.31031 
 52.94500  0.32088  0.32073 
 53.04500  0.33197  0.33185 
 53.14500  0.34370  0.34360 
 53.24500  0.35599  0.35589 
 53.34500  0.36878  0.36872 
 53.44500  0.38210  0.38201 
 53.54500  0.39575  0.39572 
 53.64500  0.40980  0.40975 
 53.74500  0.42412  0.42407 
 53.84500  0.43869  0.43863 
 53.94500  0.45338  0.45334 
 54.04500  0.46817  0.46815 
 54.14500  0.48297  0.48300 
 54.24500  0.49780  0.49779 
 54.34500  0.51245  0.51250 
 54.44500  0.52695  0.52703 
 54.54500  0.54126  0.54134 
 54.64500  0.55526  0.55536 
 54.74500  0.56894  0.56899 
 54.84500  0.58217  0.58223 
 54.94500  0.59491  0.59498 
 55.04500  0.60710  0.60719 
 55.14500  0.61868  0.61881 
 55.24500  0.62966  0.62979 
 55.34500  0.63993  0.64008 
 55.44500  0.64947  0.64961 
 55.54500  0.65819  0.65835 
 55.64500  0.66613  0.66627 
 55.74500  0.67316  0.67333 
 55.84500  0.67933  0.67950 
 55.94500  0.68457  0.68471 
 56.04500  0.68883  0.68902 
 56.14500  0.69216  0.69231 
 56.24500  0.69447  0.69466 
 56.34500  0.69580  0.69598 
 56.44500  0.69611  0.69627 
 56.54500  0.69543  0.69560 
 56.64500  0.69372  0.69389 
 56.74500  0.69101  0.69119 
 56.84500  0.68731  0.68746 
 56.94500  0.68264  0.68281 
 57.04500  0.67698  0.67717 
 57.14500  0.67043  0.67057 
 57.24500  0.66293  0.66307 
 57.34500  0.65455  0.65470 
 57.44500  0.64532  0.64547 
 57.54500  0.63528  0.63541 
 57.64500  0.62446  0.62458 
 57.74500  0.61291  0.61300 
 57.84500  0.60071  0.60077 
 57.94500  0.58781  0.58788 
 58.04500  0.57431  0.57438 
 58.14500  0.56026  0.56035 
 58.24500  0.54575  0.54583 
 58.34500  0.53078  0.53088 
 58.44500  0.51547  0.51553 
 58.54500  0.49981  0.49986 
 58.64500  0.48388  0.48390 
 58.74500  0.46770  0.46772 
 58.84500  0.45140  0.45138 
 58.94500  0.43498  0.43490 
 59.04500  0.41842  0.41840 
 59.14500  0.40189  0.40186 
 59.24500  0.38540  0.38536 
 59.34500  0.36898  0.36895 
 59.44500  0.35268  0.35266 
 59.54500  0.33658  0.33655 
 59.64500  0.32070  0.32066 
 59.74500  0.30508  0.30500 
 59.84500  0.28970  0.28963 
 59.94500  0.27468  0.27459 
 60.04500  0.25997  0.25991 
 60.14500  0.24566  0.24561 
 60.24500  0.23175  0.23167 
 60.34500  0.21826  0.21818 
 60.44500  0.20522  0.20513 
 60.54500  0.19263  0.19254 
 60.64500  0.18052  0.18042 
 60.74500  0.16888  0.16878 
 60.84500  0.15774  0.15766 
 60.94500  0.14707  0.14697 
 61.04500  0.13690  0.13682 
 61.14500  0.12724  0.12717 
 61.24500  0.11805  0.11798 
 61.34500  0.10940  0.10932 
 61.44500  0.10121  0.10112 
 61.54500  0.09351  0.09343 
 61.64500  0.08628  0.08621 
 61.74500  0.07951  0.07944 
 61.84500  0.07318  0.07312 
 61.94500  0.06734  0.06728 
 62.04500  0.06190  0.06183 
 62.14500  0.05689  0.05682 
 62.24500  0.05228  0.05223 
 62.34500  0.04808  0.04801 
 62.44500  0.04426  0.04421 
 62.54500  0.04081  0.04077 
 62.64500  0.03774  0.03768 
 62.74500  0.03501  0.03496 
 62.84500  0.03264  0.03259 
 62.94500  0.03058  0.03055 
 63.04500  0.02888  0.02886 
 63.14500  0.02748  0.02745 
 63.24500  0.02641  0.02638 
 63.34500  0.02565  0.02562 
 63.44500  0.02520  0.02517 
