  0.04500  0.58958  0.58960 
  0.14500  0.58958  0.58960 
  0.24500  0.58959  0.58952 
  0.34500  0.58958  0.58950 
  0.44500  0.58955  0.58950 
  0.54500  0.58954  0.58950 
  0.64500  0.58952  0.58950 
  0.74500  0.58951  0.58950 
  0.84500  0.58948  0.58950 
  0.94500  0.58949  0.58944 
  1.04500  0.58944  0.58940 
  1.14500  0.58940  0.58940 
  1.24500  0.58942  0.58940 
  1.34500  0.58937  0.58932 
  1.44500  0.58932  0.58930 
  1.54500  0.58928  0.58930 
  1.64500  0.58928  0.58921 
  1.74500  0.58920  0.58920 
  1.84500  0.58918  0.58915 
  1.94500  0.58915  0.58910 
  2.04500  0.58906  0.58906 
  2.14500  0.58905  0.58900 
  2.24500  0.58899  0.58896 
  2.34500  0.58894  0.58890 
  2.44500  0.58887  0.58884 
  2.54500  0.58883  0.58880 
  2.64500  0.58875  0.58871 
  2.74500  0.58871  0.58866 
  2.84500  0.58862  0.58860 
  2.94500  0.58857  0.58851 
  3.04500  0.58850  0.58846 
  3.14500  0.58842  0.58839 
  3.24500  0.58834  0.58830 
  3.34500  0.58828  0.58822 
  3.44500  0.58819  0.58815 
  3.54500  0.58810  0.58807 
  3.64500  0.58805  0.58799 
  3.74500  0.58793  0.58790 
  3.84500  0.58785  0.58780 
  3.94500  0.58776  0.58771 
  4.04500  0.58767  0.58762 
  4.14500  0.58759  0.58752 
  4.24500  0.58748  0.58743 
  4.34500  0.58738  0.58733 
  4.44500  0.58728  0.58723 
  4.54500  0.58717  0.58712 
  4.64500  0.58707  0.58702 
  4.74500  0.58695  0.58691 
  4.84500  0.58685  0.58679 
  4.94500  0.58674  0.58668 
  5.04500  0.58662  0.58656 
  5.14500  0.58651  0.58645 
  5.24500  0.58639  0.58633 
  5.34500  0.58626  0.58620 
  5.44500  0.58616  0.58607 
  5.54500  0.58602  0.58595 
  5.64500  0.58589  0.58583 
  5.74500  0.58577  0.58569 
  5.84500  0.58563  0.58556 
  5.94500  0.58550  0.58543 
  6.04500  0.58535  0.58529 
  6.14500  0.58522  0.58515 
  6.24500  0.58508  0.58501 
  6.34500  0.58494  0.58486 
  6.44500  0.58480  0.58473 
  6.54500  0.58465  0.58457 
  6.64500  0.58449  0.58443 
  6.74500  0.58435  0.58426 
  6.84500  0.58419  0.58412 
  6.94500  0.58404  0.58396 
  7.04500  0.58388  0.58381 
  7.14500  0.58372  0.58365 
  7.24500  0.58356  0.58348 
  7.34500  0.58340  0.58332 
  7.44500  0.58322  0.58315 
  7.54500  0.58306  0.58298 
  7.64500  0.58289  0.58282 
  7.74500  0.58271  0.58265 
  7.84500  0.58255  0.58248 
  7.94500  0.58236  0.58230 
  8.04500  0.58219  0.58213 
  8.14500  0.58201  0.58195 
  8.24500  0.58183  0.58176 
  8.34500  0.58164  0.58158 
  8.44500  0.58146  0.58140 
  8.54500  0.58128  0.58121 
  8.64500  0.58109  0.58103 
  8.74500  0.58090  0.58084 
  8.84500  0.58070  0.58065 
  8.94500  0.58051  0.58045 
  9.04500  0.58031  0.58025 
  9.14500  0.58011  0.58007 
  9.24500  0.57991  0.57987 
  9.34500  0.57971  0.57967 
  9.44500  0.57951  0.57947 
  9.54500  0.57931  0.57926 
  9.64500  0.57910  0.57905 
  9.74500  0.57888  0.57885 
  9.84500  0.57868  0.57864 
  9.94500  0.57846  0.57843 
 10.04500  0.57825  0.57821 
 10.14500  0.57805  0.57801 
 10.24500  0.57783  0.57779 
 10.34500  0.57761  0.57757 
 10.44500  0.57738  0.57736 
 10.54500  0.57717  0.57713 
 10.64500  0.57694  0.57691 
 10.74500  0.57672  0.57669 
 10.84500  0.57649  0.57647 
 10.94500  0.57626  0.57624 
 11.04500  0.57602  0.57601 
 11.14500  0.57580  0.57579 
 11.24500  0.57558  0.57556 
 11.34500  0.57535  0.57532 
 11.44500  0.57511  0.57510 
 11.54500  0.57487  0.57486 
 11.64500  0.57464  0.57462 
 11.74500  0.57440  0.57438 
 11.84500  0.57416  0.57415 
 11.94500  0.57392  0.57390 
 12.04500  0.57369  0.57367 
 12.14500  0.57344  0.57342 
 12.24500  0.57320  0.57318 
 12.34500  0.57295  0.57292 
 12.44500  0.57271  0.57268 
 12.54500  0.57245  0.57245 
 12.64500  0.57221  0.57220 
 12.74500  0.57196  0.57195 
 12.84500  0.57171  0.57169 
 12.94500  0.57146  0.57142 
 13.04500  0.57120  0.57118 
 13.14500  0.57095  0.57092 
 13.24500  0.57069  0.57068 
 13.34500  0.57044  0.57040 
 13.44500  0.57017  0.57015 
 13.54500  0.56992  0.56990 
 13.64500  0.56965  0.56962 
 13.74500  0.56940  0.56937 
 13.84500  0.56913  0.56910 
 13.94500  0.56887  0.56884 
 14.04500  0.56860  0.56858 
 14.14500  0.56833  0.56830 
 14.24500  0.56808  0.56804 
 14.34500  0.56780  0.56777 
 14.44500  0.56754  0.56750 
 14.54500  0.56727  0.56723 
 14.64500  0.56701  0.56696 
 14.74500  0.56673  0.56669 
 14.84500  0.56645  0.56641 
 14.94500  0.56618  0.56613 
 15.04500  0.56590  0.56586 
 15.14500  0.56562  0.56559 
 15.24500  0.56535  0.56530 
 15.34500  0.56507  0.56503 
 15.44500  0.56478  0.56474 
 15.54500  0.56451  0.56447 
 15.64500  0.56423  0.56419 
 15.74500  0.56394  0.56390 
 15.84500  0.56366  0.56361 
 15.94500  0.56338  0.56333 
 16.04500  0.56310  0.56304 
 16.14500  0.56281  0.56276 
 16.24500  0.56252  0.56247 
 16.34500  0.56224  0.56219 
 16.44500  0.56195  0.56190 
 16.54500  0.56166  0.56161 
 16.64500  0.56137  0.56133 
 16.74500  0.56109  0.56103 
 16.84500  0.56079  0.56074 
 16.94500  0.56050  0.56045 
 17.04500  0.56020  0.56016 
 17.14500  0.55990  0.55987 
 17.24500  0.55960  0.55957 
 17.34500  0.55932  0.55928 
 17.44500  0.55903  0.55898 
 17.54500  0.55873  0.55869 
 17.64500  0.55843  0.55839 
 17.74500  0.55812  0.55809 
 17.84500  0.55783  0.55779 
 17.94500  0.55753  0.55750 
 18.04500  0.55722  0.55720 
 18.14500  0.55694  0.55690 
 18.24500  0.55663  0.55660 
 18.34500  0.55632  0.55630 
 18.44500  0.55602  0.55599 
 18.54500  0.55571  0.55569 
 18.64500  0.55542  0.55539 
 18.74500  0.55512  0.55508 
 18.84500  0.55480  0.55478 
 18.94500  0.55449  0.55448 
 19.04500  0.55420  0.55418 
 19.14500  0.55389  0.55387 
 19.24500  0.55358  0.55356 
 19.34500  0.55328  0.55326 
 19.44500  0.55296  0.55295 
 19.54500  0.55265  0.55265 
 19.64500  0.55236  0.55234 
 19.74500  0.55204  0.55203 
 19.84500  0.55173  0.55172 
 19.94500  0.55142  0.55142 
 20.04500  0.55111  0.55110 
 20.14500  0.55080  0.55079 
 20.24500  0.55048  0.55048 
 20.34500  0.55019  0.55018 
 20.44500  0.54986  0.54986 
 20.54500  0.54956  0.54955 
 20.64500  0.54924  0.54924 
 20.74500  0.54893  0.54892 
 20.84500  0.54862  0.54862 
 20.94500  0.54831  0.54830 
 21.04500  0.54799  0.54798 
 21.14500  0.54769  0.54768 
 21.24500  0.54737  0.54736 
 21.34500  0.54705  0.54705 
 21.44500  0.54674  0.54674 
 21.54500  0.54642  0.54642 
 21.64500  0.54611  0.54611 
 21.74500  0.54580  0.54578 
 21.84500  0.54548  0.54548 
 21.94500  0.54516  0.54515 
 22.04500  0.54486  0.54485 
 22.14500  0.54453  0.54452 
 22.24500  0.54422  0.54422 
 22.34500  0.54391  0.54389 
 22.44500  0.54358  0.54358 
 22.54500  0.54327  0.54326 
 22.64500  0.54295  0.54295 
 22.74500  0.54263  0.54262 
 22.84500  0.54232  0.54232 
 22.94500  0.54200  0.54198 
 23.04500  0.54169  0.54168 
 23.14500  0.54137  0.54135 
 23.24500  0.54104  0.54104 
 23.34500  0.54072  0.54072 
 23.44500  0.54040  0.54040 
 23.54500  0.54009  0.54008 
 23.64500  0.53978  0.53975 
 23.74500  0.53946  0.53945 
 23.84500  0.53913  0.53912 
 23.94500  0.53881  0.53880 
 24.04500  0.53849  0.53848 
 24.14500  0.53817  0.53815 
 24.24500  0.53785  0.53785 
 24.34500  0.53754  0.53752 
 24.44500  0.53721  0.53720 
 24.54500  0.53689  0.53688 
 24.64500  0.53657  0.53655 
 24.74500  0.53624  0.53624 
 24.84500  0.53593  0.53592 
 24.94500  0.53561  0.53559 
 25.04500  0.53528  0.53528 
 25.14500  0.53496  0.53495 
 25.24500  0.53464  0.53463 
 25.34500  0.53432  0.53432 
 25.44500  0.53399  0.53398 
 25.54500  0.53368  0.53366 
 25.64500  0.53335  0.53335 
 25.74500  0.53303  0.53302 
 25.84500  0.53271  0.53270 
 25.94500  0.53238  0.53238 
 26.04500  0.53205  0.53205 
 26.14500  0.53173  0.53173 
 26.24500  0.53141  0.53142 
 26.34500  0.53109  0.53108 
 26.44500  0.53077  0.53075 
 26.54500  0.53043  0.53045 
 26.64500  0.53012  0.53012 
 26.74500  0.52980  0.52978 
 26.84500  0.52946  0.52948 
 26.94500  0.52914  0.52915 
 27.04500  0.52882  0.52882 
 27.14500  0.52851  0.52850 
 27.24500  0.52816  0.52818 
 27.34500  0.52786  0.52785 
 27.44500  0.52752  0.52752 
 27.54500  0.52720  0.52722 
 27.64500  0.52688  0.52688 
 27.74500  0.52654  0.52655 
 27.84500  0.52623  0.52624 
 27.94500  0.52589  0.52592 
 28.04500  0.52558  0.52558 
 28.14500  0.52525  0.52525 
 28.24500  0.52491  0.52495 
 28.34500  0.52461  0.52462 
 28.44500  0.52427  0.52428 
 28.54500  0.52395  0.52396 
 28.64500  0.52363  0.52365 
 28.74500  0.52330  0.52332 
 28.84500  0.52299  0.52298 
 28.94500  0.52265  0.52267 
 29.04500  0.52232  0.52235 
 29.14500  0.52201  0.52202 
 29.24500  0.52168  0.52168 
 29.34500  0.52135  0.52137 
 29.44500  0.52104  0.52105 
 29.54500  0.52069  0.52072 
 29.64500  0.52037  0.52038 
 29.74500  0.52007  0.52007 
 29.84500  0.51972  0.51975 
 29.94500  0.51940  0.51942 
 30.04500  0.51909  0.51908 
 30.14500  0.51876  0.51877 
 30.24500  0.51841  0.51845 
 30.34500  0.51811  0.51812 
 30.44500  0.51779  0.51778 
 30.54500  0.51745  0.51746 
 30.64500  0.51713  0.51715 
 30.74500  0.51681  0.51682 
 30.84500  0.51648  0.51648 
 30.94500  0.51616  0.51615 
 31.04500  0.51585  0.51584 
 31.14500  0.51551  0.51552 
 31.24500  0.51516  0.51518 
 31.34500  0.51485  0.51485 
 31.44500  0.51454  0.51452 
 31.54500  0.51421  0.51422 
 31.64500  0.51388  0.51388 
 31.74500  0.51356  0.51355 
 31.84500  0.51323  0.51322 
 31.94500  0.51291  0.51290 
 32.04500  0.51259  0.51258 
 32.14500  0.51225  0.51225 
 32.24500  0.51191  0.51192 
 32.34500  0.51160  0.51158 
 32.44500  0.51128  0.51126 
 32.54500  0.51096  0.51095 
 32.64500  0.51061  0.51062 
 32.74500  0.51028  0.51028 
 32.84500  0.50997  0.50995 
 32.94500  0.50964  0.50962 
 33.04500  0.50931  0.50932 
 33.14500  0.50900  0.50898 
 33.24500  0.50866  0.50865 
 33.34500  0.50834  0.50832 
 33.44500  0.50802  0.50798 
 33.54500  0.50769  0.50767 
 33.64500  0.50735  0.50735 
 33.74500  0.50702  0.50702 
 33.84500  0.50671  0.50668 
 33.94500  0.50638  0.50635 
 34.04500  0.50605  0.50602 
 34.14500  0.50570  0.50571 
 34.24500  0.50539  0.50538 
 34.34500  0.50507  0.50505 
 34.44500  0.50474  0.50472 
 34.54500  0.50440  0.50438 
 34.64500  0.50409  0.50405 
 34.74500  0.50374  0.50373 
 34.84500  0.50341  0.50342 
 34.94500  0.50308  0.50308 
 35.04500  0.50277  0.50275 
 35.14500  0.50242  0.50242 
 35.24500  0.50209  0.50208 
 35.34500  0.50178  0.50175 
 35.44500  0.50145  0.50144 
 35.54500  0.50112  0.50112 
 35.64500  0.50079  0.50078 
 35.74500  0.50046  0.50045 
 35.84500  0.50013  0.50012 
 35.94500  0.49978  0.49978 
 36.04500  0.49947  0.49945 
 36.14500  0.49913  0.49913 
 36.24500  0.49881  0.49882 
 36.34500  0.49847  0.49848 
 36.44500  0.49816  0.49815 
 36.54500  0.49782  0.49782 
 36.64500  0.49748  0.49748 
 36.74500  0.49717  0.49715 
 36.84500  0.49683  0.49682 
 36.94500  0.49649  0.49650 
 37.04500  0.49617  0.49618 
 37.14500  0.49583  0.49585 
 37.24500  0.49550  0.49552 
 37.34500  0.49519  0.49518 
 37.44500  0.49484  0.49485 
 37.54500  0.49451  0.49452 
 37.64500  0.49419  0.49418 
 37.74500  0.49386  0.49386 
 37.84500  0.49352  0.49355 
 37.94500  0.49320  0.49322 
 38.04500  0.49287  0.49288 
 38.14500  0.49253  0.49255 
 38.24500  0.49221  0.49222 
 38.34500  0.49188  0.49188 
 38.44500  0.49156  0.49155 
 38.54500  0.49122  0.49122 
 38.64500  0.49089  0.49092 
 38.74500  0.49056  0.49058 
 38.84500  0.49023  0.49025 
 38.94500  0.48990  0.48992 
 39.04500  0.48958  0.48958 
 39.14500  0.48925  0.48925 
 39.24500  0.48892  0.48892 
 39.34500  0.48859  0.48860 
 39.44500  0.48827  0.48828 
 39.54500  0.48793  0.48795 
 39.64500  0.48762  0.48762 
 39.74500  0.48728  0.48728 
 39.84500  0.48695  0.48695 
 39.94500  0.48662  0.48662 
 40.04500  0.48629  0.48630 
 40.14500  0.48596  0.48598 
 40.24500  0.48564  0.48565 
 40.34500  0.48531  0.48532 
 40.44500  0.48499  0.48498 
 40.54500  0.48465  0.48465 
 40.64500  0.48432  0.48433 
 40.74500  0.48399  0.48402 
 40.84500  0.48367  0.48368 
 40.94500  0.48334  0.48335 
 41.04500  0.48302  0.48302 
 41.14500  0.48269  0.48268 
 41.24500  0.48237  0.48238 
 41.34500  0.48204  0.48205 
 41.44500  0.48170  0.48172 
 41.54500  0.48139  0.48138 
 41.64500  0.48107  0.48106 
 41.74500  0.48073  0.48075 
 41.84500  0.48041  0.48042 
 41.94500  0.48009  0.48008 
 42.04500  0.47976  0.47975 
 42.14500  0.47943  0.47945 
 42.24500  0.47912  0.47912 
 42.34500  0.47878  0.47878 
 42.44500  0.47846  0.47846 
 42.54500  0.47814  0.47815 
 42.64500  0.47781  0.47782 
 42.74500  0.47748  0.47748 
 42.84500  0.47717  0.47718 
 42.94500  0.47684  0.47685 
 43.04500  0.47652  0.47652 
 43.14500  0.47619  0.47621 
 43.24500  0.47587  0.47588 
 43.34500  0.47555  0.47555 
 43.44500  0.47523  0.47525 
 43.54500  0.47490  0.47492 
 43.64500  0.47459  0.47460 
 43.74500  0.47426  0.47428 
 43.84500  0.47394  0.47395 
 43.94500  0.47362  0.47365 
 44.04500  0.47331  0.47332 
 44.14500  0.47298  0.47300 
 44.24500  0.47266  0.47268 
 44.34500  0.47235  0.47237 
 44.44500  0.47202  0.47205 
 44.54500  0.47170  0.47173 
 44.64500  0.47140  0.47142 
 44.74500  0.47107  0.47110 
 44.84500  0.47075  0.47078 
 44.94500  0.47044  0.47047 
 45.04500  0.47013  0.47015 
 45.14500  0.46981  0.46985 
 45.24500  0.46949  0.46953 
 45.34500  0.46919  0.46922 
 45.44500  0.46886  0.46891 
 45.54500  0.46855  0.46859 
 45.64500  0.46825  0.46828 
 45.74500  0.46793  0.46798 
 45.84500  0.46764  0.46766 
 45.94500  0.46731  0.46735 
 46.04500  0.46700  0.46705 
 46.14500  0.46670  0.46674 
 46.24500  0.46639  0.46643 
 46.34500  0.46608  0.46612 
 46.44500  0.46577  0.46582 
 46.54500  0.46547  0.46552 
 46.64500  0.46515  0.46521 
 46.74500  0.46486  0.46491 
 46.84500  0.46455  0.46460 
 46.94500  0.46425  0.46430 
 47.04500  0.46395  0.46400 
 47.14500  0.46364  0.46370 
 47.24500  0.46335  0.46340 
 47.34500  0.46305  0.46310 
 47.44500  0.46275  0.46280 
 47.54500  0.46245  0.46250 
 47.64500  0.46216  0.46221 
 47.74500  0.46186  0.46191 
 47.84500  0.46157  0.46161 
 47.94500  0.46127  0.46132 
 48.04500  0.46099  0.46103 
 48.14500  0.46069  0.46074 
 48.24500  0.46040  0.46044 
 48.34500  0.46011  0.46016 
 48.44500  0.45983  0.45986 
 48.54500  0.45953  0.45957 
 48.64500  0.45925  0.45929 
 48.74500  0.45896  0.45900 
 48.84500  0.45868  0.45871 
 48.94500  0.45839  0.45843 
 49.04500  0.45811  0.45814 
 49.14500  0.45784  0.45787 
 49.24500  0.45755  0.45759 
 49.34500  0.45727  0.45730 
 49.44500  0.45700  0.45702 
 49.54500  0.45672  0.45674 
 49.64500  0.45644  0.45647 
 49.74500  0.45616  0.45620 
 49.84500  0.45590  0.45591 
 49.94500  0.45562  0.45564 
 50.04500  0.45535  0.45537 
 50.14500  0.45507  0.45510 
 50.24500  0.45480  0.45483 
 50.34500  0.45453  0.45456 
 50.44500  0.45428  0.45430 
 50.54500  0.45401  0.45402 
 50.64500  0.45374  0.45376 
 50.74500  0.45348  0.45350 
 50.84500  0.45321  0.45323 
 50.94500  0.45297  0.45298 
 51.04500  0.45270  0.45271 
 51.14500  0.45244  0.45245 
 51.24500  0.45219  0.45220 
 51.34500  0.45192  0.45195 
 51.44500  0.45166  0.45168 
 51.54500  0.45141  0.45142 
 51.64500  0.45116  0.45118 
 51.74500  0.45091  0.45092 
 51.84500  0.45067  0.45068 
 51.94500  0.45042  0.45042 
 52.04500  0.45017  0.45019 
 52.14500  0.44992  0.44995 
 52.24500  0.44968  0.44970 
 52.34500  0.44944  0.44945 
 52.44500  0.44919  0.44922 
 52.54500  0.44895  0.44898 
 52.64500  0.44871  0.44874 
 52.74500  0.44849  0.44850 
 52.84500  0.44824  0.44828 
 52.94500  0.44802  0.44804 
 53.04500  0.44778  0.44781 
 53.14500  0.44754  0.44758 
 53.24500  0.44733  0.44736 
 53.34500  0.44709  0.44712 
 53.44500  0.44688  0.44690 
 53.54500  0.44665  0.44668 
 53.64500  0.44642  0.44646 
 53.74500  0.44620  0.44624 
 53.84500  0.44598  0.44602 
 53.94500  0.44576  0.44581 
 54.04500  0.44555  0.44559 
 54.14500  0.44534  0.44538 
 54.24500  0.44512  0.44517 
 54.34500  0.44491  0.44497 
 54.44500  0.44471  0.44475 
 54.54500  0.44450  0.44455 
 54.64500  0.44429  0.44435 
 54.74500  0.44409  0.44415 
 54.84500  0.44389  0.44395 
 54.94500  0.44368  0.44375 
 55.04500  0.44349  0.44355 
 55.14500  0.44330  0.44335 
 55.24500  0.44310  0.44317 
 55.34500  0.44291  0.44297 
 55.44500  0.44271  0.44279 
 55.54500  0.44254  0.44260 
 55.64500  0.44236  0.44242 
 55.74500  0.44216  0.44224 
 55.84500  0.44199  0.44205 
 55.94500  0.44181  0.44188 
 56.04500  0.44163  0.44170 
 56.14500  0.44145  0.44153 
 56.24500  0.44128  0.44135 
 56.34500  0.44111  0.44118 
 56.44500  0.44095  0.44102 
 56.54500  0.44077  0.44085 
 56.64500  0.44061  0.44068 
 56.74500  0.44045  0.44053 
 56.84500  0.44029  0.44036 
 56.94500  0.44012  0.44021 
 57.04500  0.43998  0.44005 
 57.14500  0.43982  0.43990 
 57.24500  0.43967  0.43975 
 57.34500  0.43953  0.43959 
 57.44500  0.43938  0.43945 
 57.54500  0.43923  0.43931 
 57.64500  0.43910  0.43916 
 57.74500  0.43894  0.43903 
 57.84500  0.43882  0.43888 
 57.94500  0.43867  0.43875 
 58.04500  0.43855  0.43862 
 58.14500  0.43842  0.43848 
 58.24500  0.43829  0.43835 
 58.34500  0.43816  0.43823 
 58.44500  0.43805  0.43810 
 58.54500  0.43792  0.43797 
 58.64500  0.43780  0.43786 
 58.74500  0.43768  0.43774 
 58.84500  0.43757  0.43763 
 58.94500  0.43746  0.43752 
 59.04500  0.43734  0.43741 
 59.14500  0.43724  0.43729 
 59.24500  0.43712  0.43719 
 59.34500  0.43702  0.43708 
 59.44500  0.43693  0.43698 
 59.54500  0.43683  0.43688 
 59.64500  0.43674  0.43679 
 59.74500  0.43664  0.43669 
 59.84500  0.43655  0.43660 
 59.94500  0.43646  0.43650 
 60.04500  0.43638  0.43642 
 60.14500  0.43629  0.43633 
 60.24500  0.43622  0.43625 
 60.34500  0.43612  0.43618 
 60.44500  0.43605  0.43610 
 60.54500  0.43599  0.43601 
 60.64500  0.43591  0.43594 
 60.74500  0.43583  0.43589 
 60.84500  0.43578  0.43580 
 60.94500  0.43570  0.43574 
 61.04500  0.43565  0.43570 
 61.14500  0.43557  0.43560 
 61.24500  0.43555  0.43557 
 61.34500  0.43546  0.43550 
 61.44500  0.43543  0.43545 
 61.54500  0.43536  0.43540 
 61.64500  0.43533  0.43535 
 61.74500  0.43528  0.43530 
 61.84500  0.43522  0.43527 
 61.94500  0.43522  0.43520 
 62.04500  0.43516  0.43520 
 62.14500  0.43510  0.43513 
 62.24500  0.43510  0.43510 
 62.34500  0.43505  0.43510 
 62.44500  0.43503  0.43505 
 62.54500  0.43501  0.43500 
 62.64500  0.43497  0.43500 
 62.74500  0.43498  0.43500 
 62.84500  0.43494  0.43500 
 62.94500  0.43491  0.43491 
 63.04500  0.43489  0.43490 
 63.14500  0.43488  0.43490 
 63.24500  0.43487  0.43490 
 63.34500  0.43485  0.43490 
 63.44500  0.43485  0.43490 
