  0.04500  0.99952  0.99950 
  0.14500  0.99950  0.99950 
  0.24500  0.99939  0.99943 
  0.34500  0.99935  0.99934 
  0.44500  0.99922  0.99922 
  0.54500  0.99904  0.99904 
  0.64500  0.99875  0.99882 
  0.74500  0.99849  0.99854 
  0.84500  0.99817  0.99818 
  0.94500  0.99772  0.99775 
  1.04500  0.99720  0.99721 
  1.14500  0.99660  0.99656 
  1.24500  0.99576  0.99580 
  1.34500  0.99483  0.99485 
  1.44500  0.99372  0.99374 
  1.54500  0.99235  0.99241 
  1.64500  0.99079  0.99084 
  1.74500  0.98898  0.98900 
  1.84500  0.98678  0.98683 
  1.94500  0.98429  0.98430 
  2.04500  0.98134  0.98138 
  2.14500  0.97794  0.97800 
  2.24500  0.97405  0.97408 
  2.34500  0.96958  0.96967 
  2.44500  0.96454  0.96461 
  2.54500  0.95882  0.95888 
  2.64500  0.95232  0.95241 
  2.74500  0.94510  0.94516 
  2.84500  0.93700  0.93705 
  2.94500  0.92801  0.92805 
  3.04500  0.91801  0.91809 
  3.14500  0.90706  0.90714 
  3.24500  0.89509  0.89514 
  3.34500  0.88200  0.88203 
  3.44500  0.86776  0.86784 
  3.54500  0.85242  0.85250 
  3.64500  0.83597  0.83602 
  3.74500  0.81833  0.81836 
  3.84500  0.79958  0.79960 
  3.94500  0.77968  0.77974 
  4.04500  0.75874  0.75877 
  4.14500  0.73677  0.73677 
  4.24500  0.71380  0.71382 
  4.34500  0.68990  0.68996 
  4.44500  0.66523  0.66532 
  4.54500  0.63987  0.63995 
  4.64500  0.61398  0.61399 
  4.74500  0.58763  0.58755 
  4.84500  0.56088  0.56075 
  4.94500  0.53393  0.53375 
  5.04500  0.50680  0.50671 
  5.14500  0.47964  0.47971 
  5.24500  0.45292  0.45297 
  5.34500  0.42658  0.42656 
  5.44500  0.40077  0.40073 
  5.54500  0.37565  0.37552 
  5.64500  0.35133  0.35116 
  5.74500  0.32787  0.32777 
  5.84500  0.30554  0.30543 
  5.94500  0.28444  0.28431 
  6.04500  0.26466  0.26452 
  6.14500  0.24633  0.24620 
  6.24500  0.22952  0.22938 
  6.34500  0.21436  0.21422 
  6.44500  0.20090  0.20075 
  6.54500  0.18921  0.18903 
  6.64500  0.17936  0.17917 
  6.74500  0.17137  0.17120 
  6.84500  0.16532  0.16513 
  6.94500  0.16122  0.16103 
  7.04500  0.15907  0.15890 
  7.14500  0.15897  0.15876 
  7.24500  0.16077  0.16061 
  7.34500  0.16461  0.16442 
  7.44500  0.17039  0.17020 
  7.54500  0.17806  0.17789 
  7.64500  0.18769  0.18748 
  7.74500  0.19907  0.19892 
  7.84500  0.21228  0.21214 
  7.94500  0.22720  0.22708 
  8.04500  0.24373  0.24366 
  8.14500  0.26190  0.26178 
  8.24500  0.28143  0.28135 
  8.34500  0.30238  0.30225 
  8.44500  0.32454  0.32441 
  8.54500  0.34779  0.34766 
  8.64500  0.37197  0.37186 
  8.74500  0.39699  0.39692 
  8.84500  0.42266  0.42265 
  8.94500  0.44887  0.44892 
  9.04500  0.47547  0.47559 
  9.14500  0.50252  0.50246 
  9.24500  0.52959  0.52945 
  9.34500  0.55647  0.55635 
  9.44500  0.58310  0.58303 
  9.54500  0.60934  0.60935 
  9.64500  0.63509  0.63514 
  9.74500  0.66026  0.66031 
  9.84500  0.68471  0.68476 
  9.94500  0.70824  0.70831 
 10.04500  0.73087  0.73087 
 10.14500  0.75235  0.75240 
 10.24500  0.77272  0.77276 
 10.34500  0.79186  0.79191 
 10.44500  0.80972  0.80977 
 10.54500  0.82620  0.82629 
 10.64500  0.84134  0.84142 
 10.74500  0.85505  0.85515 
 10.84500  0.86734  0.86742 
 10.94500  0.87815  0.87824 
 11.04500  0.88746  0.88756 
 11.14500  0.89532  0.89541 
 11.24500  0.90167  0.90176 
 11.34500  0.90648  0.90656 
 11.44500  0.90979  0.90988 
 11.54500  0.91159  0.91169 
 11.64500  0.91187  0.91198 
 11.74500  0.91066  0.91076 
 11.84500  0.90791  0.90800 
 11.94500  0.90366  0.90377 
 12.04500  0.89791  0.89799 
 12.14500  0.89064  0.89072 
 12.24500  0.88185  0.88198 
 12.34500  0.87161  0.87171 
 12.44500  0.85992  0.85999 
 12.54500  0.84675  0.84682 
 12.64500  0.83212  0.83219 
 12.74500  0.81613  0.81618 
 12.84500  0.79877  0.79886 
 12.94500  0.78015  0.78018 
 13.04500  0.76026  0.76027 
 13.14500  0.73917  0.73920 
 13.24500  0.71694  0.71699 
 13.34500  0.69374  0.69381 
 13.44500  0.66960  0.66970 
 13.54500  0.64474  0.64479 
 13.64500  0.61918  0.61919 
 13.74500  0.59309  0.59307 
 13.84500  0.56661  0.56652 
 13.94500  0.53984  0.53969 
 14.04500  0.51285  0.51275 
 14.14500  0.48567  0.48578 
 14.24500  0.45896  0.45902 
 14.34500  0.43257  0.43258 
 14.44500  0.40669  0.40663 
 14.54500  0.38144  0.38130 
 14.64500  0.35689  0.35675 
 14.74500  0.33325  0.33311 
 14.84500  0.31067  0.31054 
 14.94500  0.28924  0.28913 
 15.04500  0.26913  0.26906 
 15.14500  0.25043  0.25036 
 15.24500  0.23331  0.23320 
 15.34500  0.21774  0.21762 
 15.44500  0.20387  0.20373 
 15.54500  0.19177  0.19162 
 15.64500  0.18152  0.18132 
 15.74500  0.17306  0.17288 
 15.84500  0.16657  0.16639 
 15.94500  0.16202  0.16181 
 16.04500  0.15938  0.15922 
 16.14500  0.15878  0.15862 
 16.24500  0.16018  0.16000 
 16.34500  0.16354  0.16333 
 16.44500  0.16884  0.16865 
 16.54500  0.17607  0.17589 
 16.64500  0.18522  0.18505 
 16.74500  0.19618  0.19606 
 16.84500  0.20899  0.20884 
 16.94500  0.22352  0.22337 
 17.04500  0.23966  0.23955 
 17.14500  0.25740  0.25731 
 17.24500  0.27665  0.27654 
 17.34500  0.29724  0.29712 
 17.44500  0.31911  0.31895 
 17.54500  0.34208  0.34193 
 17.64500  0.36603  0.36589 
 17.74500  0.39078  0.39070 
 17.84500  0.41621  0.41623 
 17.94500  0.44222  0.44229 
 18.04500  0.46867  0.46876 
 18.14500  0.49543  0.49548 
 18.24500  0.52242  0.52228 
 18.34500  0.54913  0.54902 
 18.44500  0.57558  0.57550 
 18.54500  0.60165  0.60166 
 18.64500  0.62716  0.62724 
 18.74500  0.65205  0.65216 
 18.84500  0.67617  0.67629 
 18.94500  0.69939  0.69947 
 19.04500  0.72155  0.72160 
 19.14500  0.74254  0.74260 
 19.24500  0.76227  0.76232 
 19.34500  0.78062  0.78071 
 19.44500  0.79756  0.79764 
 19.54500  0.81303  0.81308 
 19.64500  0.82686  0.82699 
 19.74500  0.83916  0.83925 
 19.84500  0.84977  0.84988 
 19.94500  0.85868  0.85880 
 20.04500  0.86586  0.86599 
 20.14500  0.87130  0.87144 
 20.24500  0.87501  0.87513 
 20.34500  0.87692  0.87704 
 20.44500  0.87699  0.87717 
 20.54500  0.87537  0.87551 
 20.64500  0.87194  0.87207 
 20.74500  0.86674  0.86686 
 20.84500  0.85982  0.85991 
 20.94500  0.85108  0.85122 
 21.04500  0.84070  0.84084 
 21.14500  0.82868  0.82879 
 21.24500  0.81503  0.81510 
 21.34500  0.79979  0.79986 
 21.44500  0.78305  0.78312 
 21.54500  0.76486  0.76491 
 21.64500  0.74533  0.74536 
 21.74500  0.72445  0.72452 
 21.84500  0.70245  0.70250 
 21.94500  0.67930  0.67940 
 22.04500  0.65528  0.65535 
 22.14500  0.63038  0.63047 
 22.24500  0.60483  0.60487 
 22.34500  0.57876  0.57871 
 22.44500  0.55225  0.55213 
 22.54500  0.52542  0.52525 
 22.64500  0.49831  0.49827 
 22.74500  0.47128  0.47136 
 22.84500  0.44451  0.44458 
 22.94500  0.41816  0.41815 
 23.04500  0.39225  0.39220 
 23.14500  0.36701  0.36688 
 23.24500  0.34244  0.34233 
 23.34500  0.31883  0.31869 
 23.44500  0.29619  0.29607 
 23.54500  0.27468  0.27460 
 23.64500  0.25449  0.25441 
 23.74500  0.23560  0.23554 
 23.84500  0.21822  0.21812 
 23.94500  0.20234  0.20221 
 24.04500  0.18810  0.18795 
 24.14500  0.17546  0.17531 
 24.24500  0.16455  0.16441 
 24.34500  0.15541  0.15527 
 24.44500  0.14807  0.14791 
 24.54500  0.14253  0.14239 
 24.64500  0.13885  0.13873 
 24.74500  0.13708  0.13692 
 24.84500  0.13713  0.13700 
 24.94500  0.13907  0.13892 
 25.04500  0.14287  0.14273 
 25.14500  0.14849  0.14836 
 25.24500  0.15598  0.15582 
 25.34500  0.16523  0.16509 
 25.44500  0.17624  0.17614 
 25.54500  0.18902  0.18888 
 25.64500  0.20338  0.20326 
 25.74500  0.21938  0.21926 
 25.84500  0.23688  0.23678 
 25.94500  0.25583  0.25577 
 26.04500  0.27615  0.27608 
 26.14500  0.29772  0.29764 
 26.24500  0.32045  0.32033 
 26.34500  0.34420  0.34407 
 26.44500  0.36880  0.36870 
 26.54500  0.39416  0.39411 
 26.64500  0.42015  0.42015 
 26.74500  0.44659  0.44666 
 26.84500  0.47339  0.47355 
 26.94500  0.50054  0.50055 
 27.04500  0.52778  0.52765 
 27.14500  0.55469  0.55461 
 27.24500  0.58135  0.58130 
 27.34500  0.60758  0.60760 
 27.44500  0.63332  0.63338 
 27.54500  0.65839  0.65847 
 27.64500  0.68268  0.68276 
 27.74500  0.70607  0.70613 
 27.84500  0.72845  0.72851 
 27.94500  0.74969  0.74975 
 28.04500  0.76974  0.76976 
 28.14500  0.78845  0.78852 
 28.24500  0.80579  0.80588 
 28.34500  0.82176  0.82186 
 28.44500  0.83623  0.83634 
 28.54500  0.84919  0.84932 
 28.64500  0.86063  0.86077 
 28.74500  0.87051  0.87061 
 28.84500  0.87876  0.87885 
 28.94500  0.88538  0.88551 
 29.04500  0.89039  0.89051 
 29.14500  0.89374  0.89387 
 29.24500  0.89545  0.89559 
 29.34500  0.89547  0.89567 
 29.44500  0.89393  0.89409 
 29.54500  0.89071  0.89084 
 29.64500  0.88581  0.88594 
 29.74500  0.87930  0.87944 
 29.84500  0.87120  0.87131 
 29.94500  0.86145  0.86159 
 30.04500  0.85015  0.85026 
 30.14500  0.83728  0.83739 
 30.24500  0.82292  0.82301 
 30.34500  0.80708  0.80715 
 30.44500  0.78981  0.78988 
 30.54500  0.77118  0.77126 
 30.64500  0.75124  0.75132 
 30.74500  0.73006  0.73014 
 30.84500  0.70778  0.70785 
 30.94500  0.68442  0.68452 
 31.04500  0.66015  0.66026 
 31.14500  0.63511  0.63519 
 31.24500  0.60938  0.60940 
 31.34500  0.58311  0.58308 
 31.44500  0.55644  0.55633 
 31.54500  0.52939  0.52929 
 31.64500  0.50208  0.50210 
 31.74500  0.47480  0.47491 
 31.84500  0.44778  0.44787 
 31.94500  0.42109  0.42113 
 32.04500  0.39487  0.39483 
 32.14500  0.36917  0.36909 
 32.24500  0.34421  0.34409 
 32.34500  0.31996  0.31989 
 32.44500  0.29675  0.29666 
 32.54500  0.27456  0.27451 
 32.64500  0.25357  0.25351 
 32.74500  0.23384  0.23378 
 32.84500  0.21547  0.21537 
 32.94500  0.19850  0.19839 
 33.04500  0.18303  0.18292 
 33.14500  0.16911  0.16899 
 33.24500  0.15674  0.15661 
 33.34500  0.14602  0.14591 
 33.44500  0.13700  0.13686 
 33.54500  0.12962  0.12948 
 33.64500  0.12397  0.12384 
 33.74500  0.12008  0.11992 
 33.84500  0.11791  0.11774 
 33.94500  0.11750  0.11731 
 34.04500  0.11877  0.11865 
 34.14500  0.12183  0.12170 
 34.24500  0.12664  0.12652 
 34.34500  0.13316  0.13303 
 34.44500  0.14138  0.14125 
 34.54500  0.15125  0.15116 
 34.64500  0.16283  0.16271 
 34.74500  0.17601  0.17588 
 34.84500  0.19072  0.19061 
 34.94500  0.20693  0.20688 
 35.04500  0.22469  0.22458 
 35.14500  0.24376  0.24366 
 35.24500  0.26410  0.26407 
 35.34500  0.28572  0.28565 
 35.44500  0.30848  0.30839 
 35.54500  0.33223  0.33214 
 35.64500  0.35683  0.35675 
 35.74500  0.38223  0.38215 
 35.84500  0.40814  0.40817 
 35.94500  0.43462  0.43472 
 36.04500  0.46150  0.46165 
 36.14500  0.48863  0.48876 
 36.24500  0.51608  0.51596 
 36.34500  0.54320  0.54310 
 36.44500  0.57002  0.57000 
 36.54500  0.59659  0.59657 
 36.64500  0.62253  0.62263 
 36.74500  0.64792  0.64804 
 36.84500  0.67261  0.67274 
 36.94500  0.69643  0.69654 
 37.04500  0.71927  0.71933 
 37.14500  0.74101  0.74108 
 37.24500  0.76156  0.76164 
 37.34500  0.78083  0.78091 
 37.44500  0.79877  0.79888 
 37.54500  0.81531  0.81543 
 37.64500  0.83045  0.83053 
 37.74500  0.84401  0.84416 
 37.84500  0.85612  0.85624 
 37.94500  0.86660  0.86673 
 38.04500  0.87555  0.87565 
 38.14500  0.88285  0.88297 
 38.24500  0.88850  0.88865 
 38.34500  0.89254  0.89268 
 38.44500  0.89493  0.89509 
 38.54500  0.89567  0.89584 
 38.64500  0.89478  0.89492 
 38.74500  0.89221  0.89237 
 38.84500  0.88803  0.88817 
 38.94500  0.88214  0.88233 
 39.04500  0.87474  0.87488 
 39.14500  0.86566  0.86581 
 39.24500  0.85500  0.85514 
 39.34500  0.84279  0.84291 
 39.44500  0.82904  0.82918 
 39.54500  0.81384  0.81394 
 39.64500  0.79717  0.79725 
 39.74500  0.77910  0.77918 
 39.84500  0.75973  0.75980 
 39.94500  0.73910  0.73919 
 40.04500  0.71733  0.71741 
 40.14500  0.69444  0.69454 
 40.24500  0.67060  0.67073 
 40.34500  0.64597  0.64606 
 40.44500  0.62062  0.62070 
 40.54500  0.59471  0.59473 
 40.64500  0.56835  0.56831 
 40.74500  0.54170  0.54158 
 40.84500  0.51479  0.51470 
 40.94500  0.48768  0.48780 
 41.04500  0.46095  0.46108 
 41.14500  0.43454  0.43465 
 41.24500  0.40866  0.40867 
 41.34500  0.38336  0.38329 
 41.44500  0.35879  0.35871 
 41.54500  0.33511  0.33500 
 41.64500  0.31241  0.31235 
 41.74500  0.29094  0.29085 
 41.84500  0.27071  0.27064 
 41.94500  0.25192  0.25185 
 42.04500  0.23461  0.23456 
 42.14500  0.21893  0.21884 
 42.24500  0.20493  0.20482 
 42.34500  0.19268  0.19256 
 42.44500  0.18222  0.18211 
 42.54500  0.17366  0.17352 
 42.64500  0.16699  0.16685 
 42.74500  0.16227  0.16212 
 42.84500  0.15949  0.15937 
 42.94500  0.15872  0.15858 
 43.04500  0.15992  0.15979 
 43.14500  0.16312  0.16298 
 43.24500  0.16824  0.16811 
 43.34500  0.17534  0.17520 
 43.44500  0.18431  0.18419 
 43.54500  0.19513  0.19504 
 43.64500  0.20777  0.20768 
 43.74500  0.22214  0.22205 
 43.84500  0.23816  0.23810 
 43.94500  0.25574  0.25571 
 44.04500  0.27484  0.27478 
 44.14500  0.29529  0.29525 
 44.24500  0.31706  0.31697 
 44.34500  0.33990  0.33979 
 44.44500  0.36370  0.36361 
 44.54500  0.38835  0.38831 
 44.64500  0.41370  0.41370 
 44.74500  0.43959  0.43964 
 44.84500  0.46584  0.46600 
 44.94500  0.49246  0.49257 
 45.04500  0.51931  0.51921 
 45.14500  0.54587  0.54577 
 45.24500  0.57211  0.57208 
 45.34500  0.59793  0.59798 
 45.44500  0.62322  0.62333 
 45.54500  0.64782  0.64795 
 45.64500  0.67160  0.67174 
 45.74500  0.69439  0.69452 
 45.84500  0.71607  0.71619 
 45.94500  0.73654  0.73663 
 46.04500  0.75564  0.75572 
 46.14500  0.77327  0.77339 
 46.24500  0.78938  0.78953 
 46.34500  0.80392  0.80405 
 46.44500  0.81677  0.81692 
 46.54500  0.82785  0.82802 
 46.64500  0.83719  0.83738 
 46.74500  0.84469  0.84485 
 46.84500  0.85035  0.85052 
 46.94500  0.85410  0.85427 
 47.04500  0.85595  0.85614 
 47.14500  0.85591  0.85609 
 47.24500  0.85395  0.85414 
 47.34500  0.85011  0.85028 
 47.44500  0.84439  0.84453 
 47.54500  0.83678  0.83694 
 47.64500  0.82734  0.82751 
 47.74500  0.81613  0.81629 
 47.84500  0.80321  0.80334 
 47.94500  0.78856  0.78872 
 48.04500  0.77234  0.77247 
 48.14500  0.75461  0.75469 
 48.24500  0.73540  0.73547 
 48.34500  0.71481  0.71491 
 48.44500  0.69299  0.69310 
 48.54500  0.67004  0.67016 
 48.64500  0.64609  0.64622 
 48.74500  0.62131  0.62140 
 48.84500  0.59579  0.59584 
 48.94500  0.56970  0.56967 
 49.04500  0.54309  0.54306 
 49.14500  0.51623  0.51615 
 49.24500  0.48895  0.48904 
 49.34500  0.46181  0.46195 
 49.44500  0.43490  0.43500 
 49.54500  0.40831  0.40834 
 49.64500  0.38213  0.38210 
 49.74500  0.35646  0.35640 
 49.84500  0.33147  0.33139 
 49.94500  0.30727  0.30717 
 50.04500  0.28393  0.28389 
 50.14500  0.26163  0.26156 
 50.24500  0.24039  0.24035 
 50.34500  0.22037  0.22030 
 50.44500  0.20156  0.20150 
 50.54500  0.18405  0.18400 
 50.64500  0.16789  0.16781 
 50.74500  0.15310  0.15303 
 50.84500  0.13971  0.13962 
 50.94500  0.12777  0.12769 
 51.04500  0.11727  0.11718 
 51.14500  0.10825  0.10816 
 51.24500  0.10071  0.10059 
 51.34500  0.09464  0.09452 
 51.44500  0.09002  0.08991 
 51.54500  0.08692  0.08681 
 51.64500  0.08529  0.08519 
 51.74500  0.08514  0.08506 
 51.84500  0.08651  0.08639 
 51.94500  0.08935  0.08921 
 52.04500  0.09364  0.09354 
 52.14500  0.09945  0.09936 
 52.24500  0.10673  0.10664 
 52.34500  0.11548  0.11539 
 52.44500  0.12572  0.12561 
 52.54500  0.13741  0.13731 
 52.64500  0.15051  0.15044 
 52.74500  0.16505  0.16496 
 52.84500  0.18093  0.18088 
 52.94500  0.19823  0.19816 
 53.04500  0.21678  0.21674 
 53.14500  0.23662  0.23661 
 53.24500  0.25763  0.25761 
 53.34500  0.27976  0.27974 
 53.44500  0.30296  0.30289 
 53.54500  0.32707  0.32698 
 53.64500  0.35197  0.35191 
 53.74500  0.37757  0.37751 
 53.84500  0.40371  0.40375 
 53.94500  0.43034  0.43040 
 54.04500  0.45729  0.45742 
 54.14500  0.48443  0.48463 
 54.24500  0.51197  0.51187 
 54.34500  0.53910  0.53902 
 54.44500  0.56594  0.56591 
 54.54500  0.59237  0.59241 
 54.64500  0.61828  0.61840 
 54.74500  0.64357  0.64372 
 54.84500  0.66810  0.66823 
 54.94500  0.69172  0.69183 
 55.04500  0.71427  0.71441 
 55.14500  0.73574  0.73583 
 55.24500  0.75591  0.75603 
 55.34500  0.77474  0.77487 
 55.44500  0.79218  0.79232 
 55.54500  0.80814  0.80828 
 55.64500  0.82253  0.82269 
 55.74500  0.83536  0.83550 
 55.84500  0.84648  0.84666 
 55.94500  0.85596  0.85613 
 56.04500  0.86370  0.86389 
 56.14500  0.86971  0.86990 
 56.24500  0.87393  0.87413 
 56.34500  0.87644  0.87660 
 56.44500  0.87711  0.87731 
 56.54500  0.87603  0.87622 
 56.64500  0.87314  0.87333 
 56.74500  0.86849  0.86869 
 56.84500  0.86214  0.86228 
 56.94500  0.85397  0.85415 
 57.04500  0.84414  0.84428 
 57.14500  0.83260  0.83275 
 57.24500  0.81943  0.81957 
 57.34500  0.80468  0.80480 
 57.44500  0.78840  0.78852 
 57.54500  0.77065  0.77074 
 57.64500  0.75149  0.75157 
 57.74500  0.73101  0.73110 
 57.84500  0.70927  0.70941 
 57.94500  0.68643  0.68656 
 58.04500  0.66261  0.66273 
 58.14500  0.63789  0.63801 
 58.24500  0.61243  0.61248 
 58.34500  0.58635  0.58636 
 58.44500  0.55975  0.55972 
 58.54500  0.53280  0.53271 
 58.64500  0.50549  0.50546 
 58.74500  0.47798  0.47814 
 58.84500  0.45075  0.45089 
 58.94500  0.42373  0.42380 
 59.04500  0.39706  0.39707 
 59.14500  0.37082  0.37080 
 59.24500  0.34511  0.34507 
 59.34500  0.32011  0.32004 
 59.44500  0.29586  0.29578 
 59.54500  0.27243  0.27240 
 59.64500  0.25001  0.24998 
 59.74500  0.22859  0.22857 
 59.84500  0.20825  0.20824 
 59.94500  0.18902  0.18901 
 60.04500  0.17094  0.17089 
 60.14500  0.15402  0.15393 
 60.24500  0.13821  0.13812 
 60.34500  0.12353  0.12347 
 60.44500  0.11001  0.10994 
 60.54500  0.09758  0.09752 
 60.64500  0.08621  0.08612 
 60.74500  0.07587  0.07577 
 60.84500  0.06645  0.06640 
 60.94500  0.05804  0.05794 
 61.04500  0.05043  0.05038 
 61.14500  0.04366  0.04361 
 61.24500  0.03766  0.03759 
 61.34500  0.03234  0.03227 
 61.44500  0.02764  0.02759 
 61.54500  0.02355  0.02348 
 61.64500  0.01995  0.01991 
 61.74500  0.01684  0.01679 
 61.84500  0.01417  0.01412 
 61.94500  0.01186  0.01183 
 62.04500  0.00991  0.00986 
 62.14500  0.00825  0.00818 
 62.24500  0.00681  0.00677 
 62.34500  0.00558  0.00557 
 62.44500  0.00461  0.00457 
 62.54500  0.00378  0.00373 
 62.64500  0.00308  0.00305 
 62.74500  0.00250  0.00250 
 62.84500  0.00202  0.00202 
 62.94500  0.00169  0.00165 
 63.04500  0.00139  0.00135 
 63.14500  0.00114  0.00113 
 63.24500  0.00098  0.00096 
 63.34500  0.00084  0.00085 
 63.44500  0.00078  0.00080 
