  0.04500  0.99999  1.00000 
  0.14500  0.99999  1.00000 
  0.24500  0.99999  1.00000 
  0.34500  0.99999  1.00000 
  0.44500  0.99999  1.00000 
  0.54500  0.99999  1.00000 
  0.64500  0.99999  1.00000 
  0.74500  0.99999  1.00000 
  0.84500  0.99999  1.00000 
  0.94500  0.99999  1.00000 
  1.04500  0.99999  1.00000 
  1.14500  0.99999  1.00000 
  1.24500  0.99999  1.00000 
  1.34500  0.99999  1.00000 
  1.44500  0.99999  1.00000 
  1.54500  0.99999  1.00000 
  1.64500  0.99999  1.00000 
  1.74500  0.99999  1.00000 
  1.84500  0.99999  1.00000 
  1.94500  0.99999  1.00000 
  2.04500  0.99999  1.00000 
  2.14500  0.99998  1.00000 
  2.24500  0.99999  1.00000 
  2.34500  0.99999  1.00000 
  2.44500  0.99999  1.00000 
  2.54500  0.99999  1.00000 
  2.64500  0.99999  1.00000 
  2.74500  0.99999  1.00000 
  2.84500  0.99999  1.00000 
  2.94500  0.99998  1.00000 
  3.04500  0.99995  0.99999 
  3.14500  0.99992  0.99990 
  3.24500  0.99980  0.99983 
  3.34500  0.99961  0.99962 
  3.44500  0.99923  0.99925 
  3.54500  0.99852  0.99854 
  3.64500  0.99727  0.99729 
  3.74500  0.99511  0.99513 
  3.84500  0.99153  0.99153 
  3.94500  0.98581  0.98581 
  4.04500  0.97702  0.97700 
  4.14500  0.96401  0.96400 
  4.24500  0.94548  0.94551 
  4.34500  0.92013  0.92018 
  4.44500  0.88674  0.88682 
  4.54500  0.84445  0.84457 
  4.64500  0.79293  0.79303 
  4.74500  0.73248  0.73256 
  4.84500  0.66419  0.66426 
  4.94500  0.58997  0.59005 
  5.04500  0.51243  0.51248 
  5.14500  0.43449  0.43440 
  5.24500  0.35889  0.35881 
  5.34500  0.28847  0.28842 
  5.44500  0.22538  0.22529 
  5.54500  0.17093  0.17085 
  5.64500  0.12571  0.12562 
  5.74500  0.08957  0.08952 
  5.84500  0.06177  0.06177 
  5.94500  0.04123  0.04123 
  6.04500  0.02660  0.02662 
  6.14500  0.01660  0.01662 
  6.24500  0.01001  0.01002 
  6.34500  0.00584  0.00583 
  6.44500  0.00329  0.00327 
  6.54500  0.00180  0.00177 
  6.64500  0.00094  0.00093 
  6.74500  0.00049  0.00046 
  6.84500  0.00024  0.00024 
  6.94500  0.00012  0.00011 
  7.04500  0.00008  0.00010 
  7.14500  0.00008  0.00010 
  7.24500  0.00010  0.00010 
  7.34500  0.00021  0.00021 
  7.44500  0.00044  0.00043 
  7.54500  0.00086  0.00085 
  7.64500  0.00163  0.00163 
  7.74500  0.00302  0.00301 
  7.84500  0.00539  0.00538 
  7.94500  0.00929  0.00926 
  8.04500  0.01546  0.01546 
  8.14500  0.02490  0.02491 
  8.24500  0.03878  0.03878 
  8.34500  0.05840  0.05837 
  8.44500  0.08507  0.08503 
  8.54500  0.11995  0.11987 
  8.64500  0.16383  0.16373 
  8.74500  0.21695  0.21685 
  8.84500  0.27887  0.27881 
  8.94500  0.34833  0.34827 
  9.04500  0.42336  0.42327 
  9.14500  0.50114  0.50115 
  9.24500  0.57889  0.57898 
  9.34500  0.65378  0.65384 
  9.44500  0.72306  0.72313 
  9.54500  0.78472  0.78483 
  9.64500  0.83758  0.83768 
  9.74500  0.88119  0.88129 
  9.84500  0.91582  0.91587 
  9.94500  0.94227  0.94229 
 10.04500  0.96171  0.96169 
 10.14500  0.97542  0.97542 
 10.24500  0.98475  0.98477 
 10.34500  0.99084  0.99087 
 10.44500  0.99468  0.99471 
 10.54500  0.99702  0.99704 
 10.64500  0.99838  0.99841 
 10.74500  0.99916  0.99918 
 10.84500  0.99956  0.99958 
 10.94500  0.99979  0.99979 
 11.04500  0.99990  0.99990 
 11.14500  0.99995  0.99997 
 11.24500  0.99998  1.00000 
 11.34500  0.99999  1.00000 
 11.44500  1.00000  1.00000 
 11.54500  0.99999  1.00000 
 11.64500  0.99999  1.00000 
 11.74500  0.99999  1.00000 
 11.84500  0.99999  1.00000 
 11.94500  0.99998  1.00000 
 12.04500  0.99995  1.00000 
 12.14500  0.99993  0.99991 
 12.24500  0.99983  0.99985 
 12.34500  0.99967  0.99969 
 12.44500  0.99934  0.99935 
 12.54500  0.99873  0.99876 
 12.64500  0.99762  0.99766 
 12.74500  0.99572  0.99575 
 12.84500  0.99253  0.99254 
 12.94500  0.98739  0.98739 
 13.04500  0.97941  0.97942 
 13.14500  0.96751  0.96750 
 13.24500  0.95041  0.95043 
 13.34500  0.92677  0.92682 
 13.44500  0.89538  0.89546 
 13.54500  0.85525  0.85535 
 13.64500  0.80590  0.80601 
 13.74500  0.74747  0.74754 
 13.84500  0.68090  0.68096 
 13.94500  0.60786  0.60794 
 14.04500  0.53080  0.53091 
 14.14500  0.45279  0.45268 
 14.24500  0.37633  0.37625 
 14.34500  0.30446  0.30441 
 14.44500  0.23949  0.23941 
 14.54500  0.18293  0.18284 
 14.64500  0.13555  0.13545 
 14.74500  0.09730  0.09723 
 14.84500  0.06763  0.06759 
 14.94500  0.04548  0.04548 
 15.04500  0.02959  0.02959 
 15.14500  0.01860  0.01862 
 15.24500  0.01131  0.01131 
 15.34500  0.00665  0.00664 
 15.44500  0.00378  0.00376 
 15.54500  0.00209  0.00205 
 15.64500  0.00109  0.00108 
 15.74500  0.00057  0.00055 
 15.84500  0.00028  0.00027 
 15.94500  0.00014  0.00013 
 16.04500  0.00008  0.00010 
 16.14500  0.00008  0.00010 
 16.24500  0.00009  0.00010 
 16.34500  0.00019  0.00017 
 16.44500  0.00037  0.00037 
 16.54500  0.00073  0.00072 
 16.64500  0.00141  0.00138 
 16.74500  0.00263  0.00261 
 16.84500  0.00471  0.00472 
 16.94500  0.00819  0.00820 
 17.04500  0.01376  0.01374 
 17.14500  0.02234  0.02236 
 17.24500  0.03504  0.03506 
 17.34500  0.05319  0.05318 
 17.44500  0.07809  0.07804 
 17.54500  0.11094  0.11086 
 17.64500  0.15267  0.15256 
 17.74500  0.20362  0.20353 
 17.84500  0.26354  0.26347 
 17.94500  0.33138  0.33132 
 18.04500  0.40533  0.40524 
 18.14500  0.48276  0.48270 
 18.24500  0.56071  0.56081 
 18.34500  0.63657  0.63662 
 18.44500  0.70736  0.70742 
 18.54500  0.77097  0.77106 
 18.64500  0.82596  0.82607 
 18.74500  0.87175  0.87187 
 18.84500  0.90843  0.90850 
 18.94500  0.93672  0.93674 
 19.04500  0.95768  0.95769 
 19.14500  0.97263  0.97263 
 19.24500  0.98289  0.98286 
 19.34500  0.98965  0.98964 
 19.44500  0.99395  0.99397 
 19.54500  0.99658  0.99658 
 19.64500  0.99813  0.99813 
 19.74500  0.99900  0.99902 
 19.84500  0.99949  0.99951 
 19.94500  0.99975  0.99976 
 20.04500  0.99988  0.99989 
 20.14500  0.99995  0.99995 
 20.24500  0.99996  1.00000 
 20.34500  0.99999  1.00000 
 20.44500  0.99999  1.00000 
 20.54500  0.99997  1.00000 
 20.64500  0.99994  0.99996 
 20.74500  0.99989  0.99990 
 20.84500  0.99977  0.99977 
 20.94500  0.99954  0.99955 
 21.04500  0.99911  0.99912 
 21.14500  0.99828  0.99833 
 21.24500  0.99684  0.99687 
 21.34500  0.99441  0.99441 
 21.44500  0.99039  0.99039 
 21.54500  0.98402  0.98403 
 21.64500  0.97433  0.97432 
 21.74500  0.96012  0.96013 
 21.84500  0.94008  0.94011 
 21.94500  0.91292  0.91299 
 22.04500  0.87747  0.87756 
 22.14500  0.83299  0.83309 
 22.24500  0.77927  0.77937 
 22.34500  0.71681  0.71689 
 22.44500  0.64691  0.64699 
 22.54500  0.57164  0.57175 
 22.64500  0.49377  0.49375 
 22.74500  0.41610  0.41601 
 22.84500  0.34151  0.34143 
 22.94500  0.27268  0.27261 
 23.04500  0.21156  0.21146 
 23.14500  0.15928  0.15919 
 23.24500  0.11629  0.11620 
 23.34500  0.08220  0.08216 
 23.44500  0.05625  0.05626 
 23.54500  0.03724  0.03725 
 23.64500  0.02383  0.02386 
 23.74500  0.01475  0.01479 
 23.84500  0.00882  0.00883 
 23.94500  0.00511  0.00510 
 24.04500  0.00285  0.00286 
 24.14500  0.00154  0.00155 
 24.24500  0.00081  0.00081 
 24.34500  0.00041  0.00039 
 24.44500  0.00019  0.00019 
 24.54500  0.00009  0.00010 
 24.64500  0.00004  0.00003 
 24.74500  0.00004  0.00000 
 24.84500  0.00004  0.00000 
 24.94500  0.00004  0.00003 
 25.04500  0.00009  0.00010 
 25.14500  0.00021  0.00021 
 25.24500  0.00043  0.00042 
 25.34500  0.00083  0.00082 
 25.44500  0.00161  0.00159 
 25.54500  0.00298  0.00296 
 25.64500  0.00531  0.00529 
 25.74500  0.00916  0.00915 
 25.84500  0.01526  0.01528 
 25.94500  0.02460  0.02462 
 26.04500  0.03833  0.03833 
 26.14500  0.05778  0.05778 
 26.24500  0.08425  0.08419 
 26.34500  0.11890  0.11881 
 26.44500  0.16254  0.16243 
 26.54500  0.21541  0.21532 
 26.64500  0.27711  0.27703 
 26.74500  0.34639  0.34634 
 26.84500  0.42130  0.42121 
 26.94500  0.49905  0.49905 
 27.04500  0.57683  0.57693 
 27.14500  0.65185  0.65192 
 27.24500  0.72129  0.72136 
 27.34500  0.78319  0.78329 
 27.44500  0.83628  0.83640 
 27.54500  0.88014  0.88023 
 27.64500  0.91500  0.91506 
 27.74500  0.94167  0.94168 
 27.84500  0.96126  0.96126 
 27.94500  0.97513  0.97511 
 28.04500  0.98455  0.98455 
 28.14500  0.99072  0.99074 
 28.24500  0.99461  0.99462 
 28.34500  0.99697  0.99700 
 28.44500  0.99836  0.99838 
 28.54500  0.99913  0.99916 
 28.64500  0.99956  0.99958 
 28.74500  0.99978  0.99979 
 28.84500  0.99989  0.99990 
 28.94500  0.99995  0.99997 
 29.04500  0.99997  1.00000 
 29.14500  0.99998  1.00000 
 29.24500  1.00000  1.00000 
 29.34500  1.00000  1.00000 
 29.44500  0.99998  1.00000 
 29.54500  0.99997  1.00000 
 29.64500  0.99995  0.99998 
 29.74500  0.99990  0.99990 
 29.84500  0.99979  0.99981 
 29.94500  0.99958  0.99960 
 30.04500  0.99917  0.99919 
 30.14500  0.99842  0.99845 
 30.24500  0.99712  0.99714 
 30.34500  0.99485  0.99487 
 30.44500  0.99110  0.99112 
 30.54500  0.98515  0.98513 
 30.64500  0.97601  0.97600 
 30.74500  0.96254  0.96254 
 30.84500  0.94345  0.94346 
 30.94500  0.91738  0.91745 
 31.04500  0.88320  0.88329 
 31.14500  0.84008  0.84017 
 31.24500  0.78769  0.78779 
 31.34500  0.72645  0.72654 
 31.44500  0.65753  0.65759 
 31.54500  0.58287  0.58298 
 31.64500  0.50518  0.50521 
 31.74500  0.42735  0.42724 
 31.84500  0.35211  0.35204 
 31.94500  0.28230  0.28223 
 32.04500  0.21995  0.21986 
 32.14500  0.16637  0.16625 
 32.24500  0.12199  0.12191 
 32.34500  0.08666  0.08661 
 32.44500  0.05959  0.05957 
 32.54500  0.03963  0.03966 
 32.64500  0.02549  0.02551 
 32.74500  0.01586  0.01588 
 32.84500  0.00953  0.00953 
 32.94500  0.00555  0.00552 
 33.04500  0.00312  0.00310 
 33.14500  0.00170  0.00167 
 33.24500  0.00088  0.00088 
 33.34500  0.00045  0.00044 
 33.44500  0.00021  0.00022 
 33.54500  0.00009  0.00010 
 33.64500  0.00004  0.00003 
 33.74500  0.00002  0.00000 
 33.84500  0.00000  0.00000 
 33.94500  0.00001  0.00000 
 34.04500  0.00000  0.00000 
 34.14500  0.00003  0.00000 
 34.24500  0.00006  0.00009 
 34.34500  0.00015  0.00015 
 34.44500  0.00032  0.00031 
 34.54500  0.00063  0.00063 
 34.64500  0.00123  0.00122 
 34.74500  0.00232  0.00229 
 34.84500  0.00419  0.00420 
 34.94500  0.00734  0.00735 
 35.04500  0.01242  0.01242 
 35.14500  0.02029  0.02030 
 35.24500  0.03207  0.03206 
 35.34500  0.04899  0.04899 
 35.44500  0.07242  0.07238 
 35.54500  0.10357  0.10348 
 35.64500  0.14343  0.14335 
 35.74500  0.19253  0.19243 
 35.84500  0.25069  0.25062 
 35.94500  0.31704  0.31698 
 36.04500  0.38992  0.38985 
 36.14500  0.46691  0.46682 
 36.24500  0.54492  0.54505 
 36.34500  0.62148  0.62156 
 36.44500  0.69351  0.69357 
 36.54500  0.75871  0.75880 
 36.64500  0.81553  0.81563 
 36.74500  0.86319  0.86330 
 36.84500  0.90170  0.90177 
 36.94500  0.93162  0.93164 
 37.04500  0.95395  0.95398 
 37.14500  0.97001  0.97002 
 37.24500  0.98112  0.98112 
 37.34500  0.98850  0.98851 
 37.44500  0.99324  0.99325 
 37.54500  0.99616  0.99616 
 37.64500  0.99787  0.99789 
 37.74500  0.99887  0.99888 
 37.84500  0.99942  0.99943 
 37.94500  0.99971  0.99972 
 38.04500  0.99985  0.99987 
 38.14500  0.99994  0.99993 
 38.24500  0.99995  1.00000 
 38.34500  0.99999  1.00000 
 38.44500  0.99999  1.00000 
 38.54500  0.99999  1.00000 
 38.64500  0.99999  1.00000 
 38.74500  0.99998  1.00000 
 38.84500  0.99995  1.00000 
 38.94500  0.99993  0.99992 
 39.04500  0.99984  0.99986 
 39.14500  0.99969  0.99970 
 39.24500  0.99937  0.99939 
 39.34500  0.99879  0.99880 
 39.44500  0.99774  0.99776 
 39.54500  0.99593  0.99593 
 39.64500  0.99287  0.99288 
 39.74500  0.98793  0.98791 
 39.84500  0.98024  0.98021 
 39.94500  0.96868  0.96869 
 40.04500  0.95208  0.95208 
 40.14500  0.92903  0.92907 
 40.24500  0.89833  0.89840 
 40.34500  0.85894  0.85905 
 40.44500  0.81036  0.81049 
 40.54500  0.75269  0.75276 
 40.64500  0.68674  0.68683 
 40.74500  0.61417  0.61426 
 40.84500  0.53732  0.53744 
 40.94500  0.45930  0.45919 
 41.04500  0.38259  0.38249 
 41.14500  0.31024  0.31019 
 41.24500  0.24464  0.24454 
 41.34500  0.18732  0.18721 
 41.44500  0.13914  0.13905 
 41.54500  0.10017  0.10009 
 41.64500  0.06980  0.06978 
 41.74500  0.04707  0.04708 
 41.84500  0.03071  0.03072 
 41.94500  0.01936  0.01937 
 42.04500  0.01181  0.01182 
 42.14500  0.00695  0.00697 
 42.24500  0.00396  0.00397 
 42.34500  0.00220  0.00216 
 42.44500  0.00116  0.00114 
 42.54500  0.00059  0.00059 
 42.64500  0.00030  0.00029 
 42.74500  0.00015  0.00014 
 42.84500  0.00008  0.00010 
 42.94500  0.00008  0.00010 
 43.04500  0.00008  0.00010 
 43.14500  0.00018  0.00016 
 43.24500  0.00034  0.00034 
 43.34500  0.00069  0.00067 
 43.44500  0.00133  0.00131 
 43.54500  0.00251  0.00247 
 43.64500  0.00450  0.00448 
 43.74500  0.00782  0.00782 
 43.84500  0.01320  0.01319 
 43.94500  0.02146  0.02149 
 44.04500  0.03378  0.03380 
 44.14500  0.05142  0.05141 
 44.24500  0.07571  0.07567 
 44.34500  0.10788  0.10779 
 44.44500  0.14882  0.14872 
 44.54500  0.19900  0.19891 
 44.64500  0.25821  0.25814 
 44.74500  0.32545  0.32538 
 44.84500  0.39896  0.39888 
 44.94500  0.47623  0.47616 
 45.04500  0.55422  0.55434 
 45.14500  0.63038  0.63045 
 45.24500  0.70169  0.70177 
 45.34500  0.76596  0.76605 
 45.44500  0.82172  0.82182 
 45.54500  0.86827  0.86838 
 45.64500  0.90570  0.90578 
 45.74500  0.93465  0.93469 
 45.84500  0.95618  0.95617 
 45.94500  0.97158  0.97155 
 46.04500  0.98217  0.98218 
 46.14500  0.98919  0.98919 
 46.24500  0.99366  0.99368 
 46.34500  0.99640  0.99644 
 46.44500  0.99801  0.99807 
 46.54500  0.99896  0.99897 
 46.64500  0.99946  0.99947 
 46.74500  0.99973  0.99975 
 46.84500  0.99987  0.99988 
 46.94500  0.99993  0.99993 
 47.04500  0.99996  1.00000 
 47.14500  0.99995  1.00000 
 47.24500  0.99993  0.99992 
 47.34500  0.99987  0.99988 
 47.44500  0.99972  0.99974 
 47.54500  0.99944  0.99947 
 47.64500  0.99891  0.99895 
 47.74500  0.99797  0.99799 
 47.84500  0.99631  0.99634 
 47.94500  0.99348  0.99350 
 48.04500  0.98893  0.98895 
 48.14500  0.98177  0.98178 
 48.24500  0.97097  0.97097 
 48.34500  0.95532  0.95533 
 48.44500  0.93348  0.93351 
 48.54500  0.90417  0.90423 
 48.64500  0.86631  0.86641 
 48.74500  0.81933  0.81943 
 48.84500  0.76316  0.76324 
 48.94500  0.69851  0.69859 
 49.04500  0.62693  0.62700 
 49.14500  0.55060  0.55073 
 49.24500  0.47259  0.47252 
 49.34500  0.39543  0.39536 
 49.44500  0.32217  0.32211 
 49.54500  0.25526  0.25520 
 49.64500  0.19646  0.19637 
 49.74500  0.14671  0.14662 
 49.84500  0.10619  0.10609 
 49.94500  0.07442  0.07438 
 50.04500  0.05046  0.05046 
 50.14500  0.03311  0.03313 
 50.24500  0.02100  0.02101 
 50.34500  0.01288  0.01288 
 50.44500  0.00764  0.00763 
 50.54500  0.00437  0.00437 
 50.64500  0.00243  0.00240 
 50.74500  0.00130  0.00128 
 50.84500  0.00067  0.00066 
 50.94500  0.00034  0.00032 
 51.04500  0.00016  0.00015 
 51.14500  0.00006  0.00009 
 51.24500  0.00004  0.00000 
 51.34500  0.00000  0.00000 
 51.44500 -0.00000  0.00000 
 51.54500 -0.00000  0.00000 
 51.64500 -0.00000  0.00000 
 51.74500 -0.00000  0.00000 
 51.84500 -0.00000  0.00000 
 51.94500 -0.00001  0.00000 
 52.04500  0.00000  0.00000 
 52.14500  0.00003  0.00000 
 52.24500  0.00005  0.00007 
 52.34500  0.00013  0.00013 
 52.44500  0.00029  0.00029 
 52.54500  0.00058  0.00058 
 52.64500  0.00114  0.00113 
 52.74500  0.00217  0.00215 
 52.84500  0.00393  0.00391 
 52.94500  0.00691  0.00688 
 53.04500  0.01171  0.01172 
 53.14500  0.01922  0.01922 
 53.24500  0.03048  0.03050 
 53.34500  0.04677  0.04677 
 53.44500  0.06939  0.06934 
 53.54500  0.09960  0.09953 
 53.64500  0.13844  0.13835 
 53.74500  0.18648  0.18637 
 53.84500  0.24363  0.24357 
 53.94500  0.30913  0.30907 
 54.04500  0.38138  0.38131 
 54.14500  0.45807  0.45795 
 54.24500  0.53605  0.53617 
 54.34500  0.61295  0.61304 
 54.44500  0.68561  0.68569 
 54.54500  0.75169  0.75178 
 54.64500  0.80953  0.80964 
 54.74500  0.85825  0.85834 
 54.84500  0.89777  0.89785 
 54.94500  0.92862  0.92864 
 55.04500  0.95176  0.95175 
 55.14500  0.96847  0.96846 
 55.24500  0.98007  0.98007 
 55.34500  0.98781  0.98782 
 55.44500  0.99280  0.99282 
 55.54500  0.99588  0.99591 
 55.64500  0.99773  0.99775 
 55.74500  0.99877  0.99880 
 55.84500  0.99937  0.99939 
 55.94500  0.99968  0.99970 
 56.04500  0.99984  0.99986 
 56.14500  0.99993  0.99992 
 56.24500  0.99995  1.00000 
 56.34500  0.99998  1.00000 
 56.44500  0.99999  1.00000 
 56.54500  0.99998  1.00000 
 56.64500  0.99995  1.00000 
 56.74500  0.99992  0.99990 
 56.84500  0.99981  0.99984 
 56.94500  0.99962  0.99964 
 57.04500  0.99927  0.99929 
 57.14500  0.99859  0.99862 
 57.24500  0.99738  0.99742 
 57.34500  0.99531  0.99535 
 57.44500  0.99188  0.99189 
 57.54500  0.98634  0.98636 
 57.64500  0.97784  0.97784 
 57.74500  0.96520  0.96521 
 57.84500  0.94715  0.94716 
 57.94500  0.92237  0.92242 
 58.04500  0.88965  0.88976 
 58.14500  0.84808  0.84821 
 58.24500  0.79728  0.79738 
 58.34500  0.73748  0.73757 
 58.44500  0.66976  0.66982 
 58.54500  0.59592  0.59600 
 58.64500  0.51852  0.51858 
 58.74500  0.44055  0.44043 
 58.84500  0.36462  0.36457 
 58.94500  0.29372  0.29367 
 59.04500  0.23000  0.22992 
 59.14500  0.17485  0.17474 
 59.24500  0.12892  0.12883 
 59.34500  0.09208  0.09200 
 59.44500  0.06366  0.06366 
 59.54500  0.04259  0.04261 
 59.64500  0.02755  0.02758 
 59.74500  0.01724  0.01724 
 59.84500  0.01044  0.01044 
 59.94500  0.00610  0.00608 
 60.04500  0.00345  0.00343 
 60.14500  0.00188  0.00187 
 60.24500  0.00101  0.00098 
 60.34500  0.00050  0.00050 
 60.44500  0.00025  0.00024 
 60.54500  0.00011  0.00011 
 60.64500  0.00004  0.00005 
 60.74500  0.00002  0.00000 
 60.84500  0.00001  0.00000 
 60.94500 -0.00001  0.00000 
 61.04500 -0.00000  0.00000 
 61.14500 -0.00000  0.00000 
 61.24500  0.00000  0.00000 
 61.34500  0.00000  0.00000 
 61.44500 -0.00000  0.00000 
 61.54500  0.00000  0.00000 
 61.64500  0.00000  0.00000 
 61.74500 -0.00000  0.00000 
 61.84500 -0.00000  0.00000 
 61.94500  0.00000  0.00000 
 62.04500 -0.00000  0.00000 
 62.14500 -0.00000  0.00000 
 62.24500  0.00000  0.00000 
 62.34500  0.00000  0.00000 
 62.44500  0.00000  0.00000 
 62.54500  0.00000  0.00000 
 62.64500  0.00000  0.00000 
 62.74500 -0.00000  0.00000 
 62.84500 -0.00000  0.00000 
 62.94500  0.00000  0.00000 
 63.04500 -0.00000  0.00000 
 63.14500 -0.00000  0.00000 
 63.24500  0.00000  0.00000 
 63.34500  0.00000  0.00000 
 63.44500  0.00000  0.00000 
