  0.04500  0.51275  0.51350 
  0.14500  0.51275  0.51350 
  0.24500  0.51275  0.51350 
  0.34500  0.51275  0.51350 
  0.44500  0.51274  0.51350 
  0.54500  0.51274  0.51350 
  0.64500  0.51274  0.51350 
  0.74500  0.51274  0.51349 
  0.84500  0.51274  0.51340 
  0.94500  0.51273  0.51340 
  1.04500  0.51272  0.51340 
  1.14500  0.51273  0.51340 
  1.24500  0.51273  0.51340 
  1.34500  0.51272  0.51340 
  1.44500  0.51272  0.51340 
  1.54500  0.51270  0.51340 
  1.64500  0.51271  0.51340 
  1.74500  0.51269  0.51340 
  1.84500  0.51268  0.51340 
  1.94500  0.51269  0.51340 
  2.04500  0.51270  0.51340 
  2.14500  0.51270  0.51340 
  2.24500  0.51267  0.51340 
  2.34500  0.51265  0.51340 
  2.44500  0.51264  0.51333 
  2.54500  0.51262  0.51330 
  2.64500  0.51261  0.51330 
  2.74500  0.51261  0.51330 
  2.84500  0.51261  0.51330 
  2.94500  0.51262  0.51330 
  3.04500  0.51261  0.51330 
  3.14500  0.51258  0.51330 
  3.24500  0.51256  0.51330 
  3.34500  0.51255  0.51325 
  3.44500  0.51255  0.51320 
  3.54500  0.51253  0.51320 
  3.64500  0.51250  0.51320 
  3.74500  0.51248  0.51320 
  3.84500  0.51246  0.51320 
  3.94500  0.51247  0.51320 
  4.04500  0.51246  0.51316 
  4.14500  0.51245  0.51310 
  4.24500  0.51243  0.51310 
  4.34500  0.51241  0.51310 
  4.44500  0.51238  0.51310 
  4.54500  0.51236  0.51310 
  4.64500  0.51235  0.51307 
  4.74500  0.51234  0.51300 
  4.84500  0.51231  0.51300 
  4.94500  0.51230  0.51300 
  5.04500  0.51228  0.51300 
  5.14500  0.51226  0.51300 
  5.24500  0.51225  0.51291 
  5.34500  0.51223  0.51290 
  5.44500  0.51219  0.51290 
  5.54500  0.51218  0.51290 
  5.64500  0.51216  0.51290 
  5.74500  0.51213  0.51280 
  5.84500  0.51212  0.51280 
  5.94500  0.51212  0.51280 
  6.04500  0.51209  0.51280 
  6.14500  0.51203  0.51275 
  6.24500  0.51204  0.51270 
  6.34500  0.51201  0.51270 
  6.44500  0.51198  0.51270 
  6.54500  0.51197  0.51267 
  6.64500  0.51194  0.51260 
  6.74500  0.51191  0.51260 
  6.84500  0.51188  0.51260 
  6.94500  0.51188  0.51257 
  7.04500  0.51185  0.51250 
  7.14500  0.51181  0.51250 
  7.24500  0.51179  0.51250 
  7.34500  0.51175  0.51245 
  7.44500  0.51174  0.51240 
  7.54500  0.51170  0.51240 
  7.64500  0.51169  0.51240 
  7.74500  0.51166  0.51231 
  7.84500  0.51163  0.51230 
  7.94500  0.51163  0.51230 
  8.04500  0.51157  0.51225 
  8.14500  0.51157  0.51220 
  8.24500  0.51154  0.51220 
  8.34500  0.51149  0.51218 
  8.44500  0.51146  0.51210 
  8.54500  0.51144  0.51210 
  8.64500  0.51142  0.51210 
  8.74500  0.51139  0.51200 
  8.84500  0.51134  0.51200 
  8.94500  0.51132  0.51200 
  9.04500  0.51129  0.51191 
  9.14500  0.51125  0.51190 
  9.24500  0.51122  0.51190 
  9.34500  0.51119  0.51180 
  9.44500  0.51116  0.51180 
  9.54500  0.51113  0.51179 
  9.64500  0.51109  0.51170 
  9.74500  0.51106  0.51170 
  9.84500  0.51102  0.51168 
  9.94500  0.51100  0.51160 
 10.04500  0.51096  0.51160 
 10.14500  0.51091  0.51155 
 10.24500  0.51088  0.51150 
 10.34500  0.51086  0.51150 
 10.44500  0.51082  0.51142 
 10.54500  0.51076  0.51140 
 10.64500  0.51073  0.51138 
 10.74500  0.51070  0.51130 
 10.84500  0.51067  0.51130 
 10.94500  0.51063  0.51124 
 11.04500  0.51061  0.51120 
 11.14500  0.51056  0.51119 
 11.24500  0.51052  0.51110 
 11.34500  0.51048  0.51110 
 11.44500  0.51045  0.51103 
 11.54500  0.51041  0.51100 
 11.64500  0.51036  0.51098 
 11.74500  0.51031  0.51090 
 11.84500  0.51028  0.51090 
 11.94500  0.51025  0.51081 
 12.04500  0.51018  0.51080 
 12.14500  0.51015  0.51075 
 12.24500  0.51011  0.51070 
 12.34500  0.51006  0.51067 
 12.44500  0.51002  0.51060 
 12.54500  0.50997  0.51060 
 12.64500  0.50994  0.51050 
 12.74500  0.50989  0.51050 
 12.84500  0.50984  0.51042 
 12.94500  0.50980  0.51040 
 13.04500  0.50976  0.51034 
 13.14500  0.50970  0.51030 
 13.24500  0.50968  0.51026 
 13.34500  0.50961  0.51020 
 13.44500  0.50958  0.51017 
 13.54500  0.50955  0.51010 
 13.64500  0.50948  0.51008 
 13.74500  0.50945  0.51000 
 13.84500  0.50940  0.50999 
 13.94500  0.50935  0.50990 
 14.04500  0.50930  0.50989 
 14.14500  0.50926  0.50980 
 14.24500  0.50921  0.50979 
 14.34500  0.50915  0.50970 
 14.44500  0.50912  0.50969 
 14.54500  0.50906  0.50960 
 14.64500  0.50901  0.50959 
 14.74500  0.50898  0.50950 
 14.84500  0.50891  0.50949 
 14.94500  0.50886  0.50940 
 15.04500  0.50882  0.50938 
 15.14500  0.50876  0.50930 
 15.24500  0.50872  0.50927 
 15.34500  0.50866  0.50920 
 15.44500  0.50861  0.50916 
 15.54500  0.50858  0.50910 
 15.64500  0.50853  0.50905 
 15.74500  0.50847  0.50900 
 15.84500  0.50842  0.50894 
 15.94500  0.50837  0.50890 
 16.04500  0.50832  0.50882 
 16.14500  0.50827  0.50880 
 16.24500  0.50821  0.50870 
 16.34500  0.50816  0.50868 
 16.44500  0.50810  0.50860 
 16.54500  0.50806  0.50856 
 16.64500  0.50800  0.50850 
 16.74500  0.50795  0.50844 
 16.84500  0.50789  0.50840 
 16.94500  0.50785  0.50832 
 17.04500  0.50778  0.50829 
 17.14500  0.50773  0.50820 
 17.24500  0.50769  0.50817 
 17.34500  0.50762  0.50810 
 17.44500  0.50758  0.50804 
 17.54500  0.50753  0.50800 
 17.64500  0.50746  0.50791 
 17.74500  0.50742  0.50788 
 17.84500  0.50736  0.50780 
 17.94500  0.50730  0.50775 
 18.04500  0.50725  0.50770 
 18.14500  0.50718  0.50762 
 18.24500  0.50714  0.50759 
 18.34500  0.50707  0.50750 
 18.44500  0.50702  0.50745 
 18.54500  0.50696  0.50740 
 18.64500  0.50690  0.50732 
 18.74500  0.50685  0.50728 
 18.84500  0.50678  0.50720 
 18.94500  0.50673  0.50714 
 19.04500  0.50667  0.50710 
 19.14500  0.50661  0.50701 
 19.24500  0.50657  0.50697 
 19.34500  0.50650  0.50690 
 19.44500  0.50644  0.50683 
 19.54500  0.50638  0.50679 
 19.64500  0.50632  0.50670 
 19.74500  0.50626  0.50665 
 19.84500  0.50619  0.50660 
 19.94500  0.50614  0.50650 
 20.04500  0.50606  0.50646 
 20.14500  0.50602  0.50640 
 20.24500  0.50595  0.50632 
 20.34500  0.50589  0.50627 
 20.44500  0.50583  0.50620 
 20.54500  0.50577  0.50613 
 20.64500  0.50571  0.50608 
 20.74500  0.50563  0.50600 
 20.84500  0.50559  0.50593 
 20.94500  0.50552  0.50588 
 21.04500  0.50546  0.50580 
 21.14500  0.50540  0.50574 
 21.24500  0.50533  0.50569 
 21.34500  0.50527  0.50560 
 21.44500  0.50521  0.50554 
 21.54500  0.50514  0.50549 
 21.64500  0.50506  0.50540 
 21.74500  0.50500  0.50534 
 21.84500  0.50493  0.50528 
 21.94500  0.50487  0.50520 
 22.04500  0.50480  0.50513 
 22.14500  0.50474  0.50508 
 22.24500  0.50467  0.50500 
 22.34500  0.50461  0.50493 
 22.44500  0.50455  0.50487 
 22.54500  0.50449  0.50480 
 22.64500  0.50442  0.50472 
 22.74500  0.50434  0.50467 
 22.84500  0.50429  0.50460 
 22.94500  0.50421  0.50451 
 23.04500  0.50415  0.50445 
 23.14500  0.50408  0.50440 
 23.24500  0.50401  0.50430 
 23.34500  0.50394  0.50424 
 23.44500  0.50387  0.50419 
 23.54500  0.50382  0.50410 
 23.64500  0.50374  0.50403 
 23.74500  0.50367  0.50397 
 23.84500  0.50359  0.50390 
 23.94500  0.50356  0.50381 
 24.04500  0.50347  0.50375 
 24.14500  0.50342  0.50369 
 24.24500  0.50334  0.50360 
 24.34500  0.50328  0.50354 
 24.44500  0.50320  0.50348 
 24.54500  0.50314  0.50340 
 24.64500  0.50307  0.50332 
 24.74500  0.50301  0.50326 
 24.84500  0.50292  0.50319 
 24.94500  0.50286  0.50310 
 25.04500  0.50279  0.50303 
 25.14500  0.50272  0.50297 
 25.24500  0.50266  0.50290 
 25.34500  0.50259  0.50281 
 25.44500  0.50253  0.50275 
 25.54500  0.50246  0.50269 
 25.64500  0.50239  0.50260 
 25.74500  0.50232  0.50252 
 25.84500  0.50225  0.50246 
 25.94500  0.50218  0.50240 
 26.04500  0.50212  0.50230 
 26.14500  0.50204  0.50223 
 26.24500  0.50198  0.50217 
 26.34500  0.50190  0.50210 
 26.44500  0.50183  0.50201 
 26.54500  0.50176  0.50194 
 26.64500  0.50169  0.50188 
 26.74500  0.50162  0.50180 
 26.84500  0.50156  0.50171 
 26.94500  0.50149  0.50165 
 27.04500  0.50143  0.50158 
 27.14500  0.50135  0.50150 
 27.24500  0.50129  0.50142 
 27.34500  0.50120  0.50135 
 27.44500  0.50114  0.50129 
 27.54500  0.50106  0.50120 
 27.64500  0.50100  0.50112 
 27.74500  0.50092  0.50106 
 27.84500  0.50086  0.50099 
 27.94500  0.50078  0.50090 
 28.04500  0.50072  0.50082 
 28.14500  0.50063  0.50076 
 28.24500  0.50058  0.50069 
 28.34500  0.50051  0.50060 
 28.44500  0.50044  0.50052 
 28.54500  0.50036  0.50046 
 28.64500  0.50030  0.50039 
 28.74500  0.50022  0.50030 
 28.84500  0.50016  0.50022 
 28.94500  0.50007  0.50016 
 29.04500  0.50001  0.50009 
 29.14500  0.49992  0.50000 
 29.24500  0.49986  0.49992 
 29.34500  0.49979  0.49985 
 29.44500  0.49971  0.49979 
 29.54500  0.49964  0.49970 
 29.64500  0.49958  0.49962 
 29.74500  0.49950  0.49955 
 29.84500  0.49944  0.49948 
 29.94500  0.49936  0.49940 
 30.04500  0.49929  0.49932 
 30.14500  0.49921  0.49925 
 30.24500  0.49914  0.49918 
 30.34500  0.49907  0.49910 
 30.44500  0.49900  0.49901 
 30.54500  0.49892  0.49894 
 30.64500  0.49885  0.49888 
 30.74500  0.49877  0.49880 
 30.84500  0.49870  0.49871 
 30.94500  0.49863  0.49864 
 31.04500  0.49856  0.49857 
 31.14500  0.49849  0.49850 
 31.24500  0.49842  0.49840 
 31.34500  0.49834  0.49833 
 31.44500  0.49827  0.49827 
 31.54500  0.49820  0.49820 
 31.64500  0.49813  0.49810 
 31.74500  0.49805  0.49803 
 31.84500  0.49797  0.49796 
 31.94500  0.49790  0.49789 
 32.04500  0.49783  0.49780 
 32.14500  0.49775  0.49772 
 32.24500  0.49768  0.49766 
 32.34500  0.49761  0.49759 
 32.44500  0.49754  0.49750 
 32.54500  0.49748  0.49742 
 32.64500  0.49740  0.49735 
 32.74500  0.49732  0.49728 
 32.84500  0.49725  0.49720 
 32.94500  0.49718  0.49712 
 33.04500  0.49710  0.49705 
 33.14500  0.49703  0.49698 
 33.24500  0.49695  0.49690 
 33.34500  0.49689  0.49681 
 33.44500  0.49681  0.49674 
 33.54500  0.49674  0.49668 
 33.64500  0.49667  0.49660 
 33.74500  0.49659  0.49651 
 33.84500  0.49653  0.49644 
 33.94500  0.49647  0.49638 
 34.04500  0.49639  0.49630 
 34.14500  0.49633  0.49621 
 34.24500  0.49624  0.49614 
 34.34500  0.49618  0.49607 
 34.44500  0.49610  0.49600 
 34.54500  0.49603  0.49591 
 34.64500  0.49596  0.49584 
 34.74500  0.49589  0.49577 
 34.84500  0.49581  0.49570 
 34.94500  0.49575  0.49561 
 35.04500  0.49567  0.49554 
 35.14500  0.49561  0.49548 
 35.24500  0.49554  0.49540 
 35.34500  0.49548  0.49531 
 35.44500  0.49540  0.49524 
 35.54500  0.49534  0.49518 
 35.64500  0.49526  0.49510 
 35.74500  0.49519  0.49501 
 35.84500  0.49511  0.49495 
 35.94500  0.49506  0.49488 
 36.04500  0.49498  0.49480 
 36.14500  0.49491  0.49472 
 36.24500  0.49484  0.49465 
 36.34500  0.49477  0.49459 
 36.44500  0.49469  0.49450 
 36.54500  0.49463  0.49442 
 36.64500  0.49456  0.49436 
 36.74500  0.49450  0.49430 
 36.84500  0.49443  0.49420 
 36.94500  0.49437  0.49413 
 37.04500  0.49429  0.49407 
 37.14500  0.49422  0.49400 
 37.24500  0.49415  0.49391 
 37.34500  0.49408  0.49385 
 37.44500  0.49401  0.49378 
 37.54500  0.49395  0.49370 
 37.64500  0.49387  0.49362 
 37.74500  0.49380  0.49356 
 37.84500  0.49373  0.49350 
 37.94500  0.49366  0.49340 
 38.04500  0.49361  0.49334 
 38.14500  0.49354  0.49328 
 38.24500  0.49348  0.49320 
 38.34500  0.49340  0.49312 
 38.44500  0.49334  0.49306 
 38.54500  0.49327  0.49300 
 38.64500  0.49320  0.49290 
 38.74500  0.49313  0.49284 
 38.84500  0.49307  0.49278 
 38.94500  0.49299  0.49270 
 39.04500  0.49294  0.49262 
 39.14500  0.49285  0.49256 
 39.24500  0.49280  0.49250 
 39.34500  0.49272  0.49240 
 39.44500  0.49266  0.49235 
 39.54500  0.49258  0.49229 
 39.64500  0.49253  0.49220 
 39.74500  0.49247  0.49213 
 39.84500  0.49239  0.49208 
 39.94500  0.49233  0.49200 
 40.04500  0.49226  0.49192 
 40.14500  0.49220  0.49187 
 40.24500  0.49212  0.49180 
 40.34500  0.49206  0.49171 
 40.44500  0.49199  0.49166 
 40.54500  0.49193  0.49160 
 40.64500  0.49186  0.49150 
 40.74500  0.49179  0.49145 
 40.84500  0.49173  0.49140 
 40.94500  0.49166  0.49130 
 41.04500  0.49159  0.49125 
 41.14500  0.49153  0.49119 
 41.24500  0.49148  0.49110 
 41.34500  0.49140  0.49104 
 41.44500  0.49134  0.49099 
 41.54500  0.49128  0.49090 
 41.64500  0.49121  0.49084 
 41.74500  0.49115  0.49079 
 41.84500  0.49109  0.49070 
 41.94500  0.49102  0.49065 
 42.04500  0.49095  0.49060 
 42.14500  0.49090  0.49050 
 42.24500  0.49082  0.49045 
 42.34500  0.49077  0.49040 
 42.44500  0.49070  0.49030 
 42.54500  0.49063  0.49026 
 42.64500  0.49058  0.49020 
 42.74500  0.49051  0.49011 
 42.84500  0.49047  0.49007 
 42.94500  0.49040  0.49000 
 43.04500  0.49035  0.48993 
 43.14500  0.49027  0.48988 
 43.24500  0.49022  0.48980 
 43.34500  0.49016  0.48974 
 43.44500  0.49010  0.48970 
 43.54500  0.49004  0.48960 
 43.64500  0.48997  0.48956 
 43.74500  0.48992  0.48950 
 43.84500  0.48985  0.48942 
 43.94500  0.48979  0.48938 
 44.04500  0.48973  0.48930 
 44.14500  0.48967  0.48925 
 44.24500  0.48962  0.48920 
 44.34500  0.48956  0.48911 
 44.44500  0.48951  0.48908 
 44.54500  0.48946  0.48900 
 44.64500  0.48939  0.48894 
 44.74500  0.48935  0.48890 
 44.84500  0.48928  0.48881 
 44.94500  0.48922  0.48878 
 45.04500  0.48917  0.48870 
 45.14500  0.48912  0.48864 
 45.24500  0.48906  0.48860 
 45.34500  0.48900  0.48851 
 45.44500  0.48895  0.48849 
 45.54500  0.48889  0.48840 
 45.64500  0.48883  0.48836 
 45.74500  0.48879  0.48830 
 45.84500  0.48873  0.48823 
 45.94500  0.48867  0.48820 
 46.04500  0.48863  0.48811 
 46.14500  0.48856  0.48808 
 46.24500  0.48853  0.48800 
 46.34500  0.48847  0.48796 
 46.44500  0.48842  0.48790 
 46.54500  0.48837  0.48784 
 46.64500  0.48832  0.48780 
 46.74500  0.48826  0.48772 
 46.84500  0.48822  0.48770 
 46.94500  0.48816  0.48760 
 47.04500  0.48810  0.48759 
 47.14500  0.48806  0.48750 
 47.24500  0.48800  0.48747 
 47.34500  0.48796  0.48740 
 47.44500  0.48790  0.48736 
 47.54500  0.48785  0.48730 
 47.64500  0.48780  0.48725 
 47.74500  0.48775  0.48720 
 47.84500  0.48770  0.48714 
 47.94500  0.48765  0.48710 
 48.04500  0.48760  0.48703 
 48.14500  0.48755  0.48700 
 48.24500  0.48753  0.48693 
 48.34500  0.48746  0.48690 
 48.44500  0.48741  0.48683 
 48.54500  0.48738  0.48680 
 48.64500  0.48731  0.48673 
 48.74500  0.48728  0.48670 
 48.84500  0.48722  0.48663 
 48.94500  0.48717  0.48660 
 49.04500  0.48713  0.48653 
 49.14500  0.48708  0.48650 
 49.24500  0.48703  0.48644 
 49.34500  0.48698  0.48640 
 49.44500  0.48695  0.48635 
 49.54500  0.48688  0.48630 
 49.64500  0.48685  0.48626 
 49.74500  0.48681  0.48620 
 49.84500  0.48676  0.48617 
 49.94500  0.48670  0.48610 
 50.04500  0.48667  0.48609 
 50.14500  0.48663  0.48600 
 50.24500  0.48658  0.48600 
 50.34500  0.48653  0.48591 
 50.44500  0.48651  0.48590 
 50.54500  0.48646  0.48584 
 50.64500  0.48641  0.48580 
 50.74500  0.48638  0.48577 
 50.84500  0.48633  0.48570 
 50.94500  0.48629  0.48570 
 51.04500  0.48624  0.48560 
 51.14500  0.48623  0.48560 
 51.24500  0.48614  0.48553 
 51.34500  0.48612  0.48550 
 51.44500  0.48609  0.48547 
 51.54500  0.48605  0.48540 
 51.64500  0.48600  0.48540 
 51.74500  0.48596  0.48532 
 51.84500  0.48592  0.48530 
 51.94500  0.48589  0.48527 
 52.04500  0.48585  0.48520 
 52.14500  0.48581  0.48520 
 52.24500  0.48578  0.48512 
 52.34500  0.48573  0.48510 
 52.44500  0.48569  0.48508 
 52.54500  0.48566  0.48500 
 52.64500  0.48564  0.48500 
 52.74500  0.48558  0.48495 
 52.84500  0.48555  0.48490 
 52.94500  0.48552  0.48490 
 53.04500  0.48550  0.48482 
 53.14500  0.48546  0.48480 
 53.24500  0.48542  0.48480 
 53.34500  0.48540  0.48470 
 53.44500  0.48536  0.48470 
 53.54500  0.48533  0.48468 
 53.64500  0.48529  0.48460 
 53.74500  0.48525  0.48460 
 53.84500  0.48524  0.48458 
 53.94500  0.48519  0.48450 
 54.04500  0.48517  0.48450 
 54.14500  0.48512  0.48448 
 54.24500  0.48512  0.48440 
 54.34500  0.48508  0.48440 
 54.44500  0.48504  0.48440 
 54.54500  0.48501  0.48430 
 54.64500  0.48499  0.48430 
 54.74500  0.48496  0.48430 
 54.84500  0.48494  0.48422 
 54.94500  0.48489  0.48420 
 55.04500  0.48486  0.48420 
 55.14500  0.48485  0.48416 
 55.24500  0.48482  0.48410 
 55.34500  0.48479  0.48410 
 55.44500  0.48477  0.48410 
 55.54500  0.48473  0.48401 
 55.64500  0.48470  0.48400 
 55.74500  0.48469  0.48400 
 55.84500  0.48466  0.48398 
 55.94500  0.48464  0.48390 
 56.04500  0.48461  0.48390 
 56.14500  0.48457  0.48390 
 56.24500  0.48455  0.48387 
 56.34500  0.48453  0.48380 
 56.44500  0.48453  0.48380 
 56.54500  0.48451  0.48380 
 56.64500  0.48447  0.48378 
 56.74500  0.48445  0.48370 
 56.84500  0.48444  0.48370 
 56.94500  0.48442  0.48370 
 57.04500  0.48440  0.48370 
 57.14500  0.48438  0.48362 
 57.24500  0.48434  0.48360 
 57.34500  0.48431  0.48360 
 57.44500  0.48430  0.48360 
 57.54500  0.48429  0.48359 
 57.64500  0.48428  0.48350 
 57.74500  0.48425  0.48350 
 57.84500  0.48423  0.48350 
 57.94500  0.48422  0.48350 
 58.04500  0.48419  0.48350 
 58.14500  0.48415  0.48341 
 58.24500  0.48415  0.48340 
 58.34500  0.48415  0.48340 
 58.44500  0.48412  0.48340 
 58.54500  0.48409  0.48340 
 58.64500  0.48408  0.48338 
 58.74500  0.48408  0.48330 
 58.84500  0.48406  0.48330 
 58.94500  0.48403  0.48330 
 59.04500  0.48402  0.48330 
 59.14500  0.48400  0.48330 
 59.24500  0.48399  0.48330 
 59.34500  0.48397  0.48324 
 59.44500  0.48396  0.48320 
 59.54500  0.48396  0.48320 
 59.64500  0.48395  0.48320 
 59.74500  0.48394  0.48320 
 59.84500  0.48392  0.48320 
 59.94500  0.48389  0.48320 
 60.04500  0.48387  0.48320 
 60.14500  0.48386  0.48315 
 60.24500  0.48386  0.48310 
 60.34500  0.48385  0.48310 
 60.44500  0.48385  0.48310 
 60.54500  0.48383  0.48310 
 60.64500  0.48381  0.48310 
 60.74500  0.48380  0.48310 
 60.84500  0.48381  0.48310 
 60.94500  0.48381  0.48310 
 61.04500  0.48380  0.48310 
 61.14500  0.48379  0.48310 
 61.24500  0.48378  0.48309 
 61.34500  0.48379  0.48300 
 61.44500  0.48379  0.48300 
 61.54500  0.48378  0.48300 
 61.64500  0.48376  0.48300 
 61.74500  0.48371  0.48300 
 61.84500  0.48371  0.48300 
 61.94500  0.48371  0.48300 
 62.04500  0.48372  0.48300 
 62.14500  0.48372  0.48300 
 62.24500  0.48372  0.48300 
 62.34500  0.48371  0.48300 
 62.44500  0.48371  0.48300 
 62.54500  0.48370  0.48300 
 62.64500  0.48369  0.48300 
 62.74500  0.48370  0.48300 
 62.84500  0.48370  0.48300 
 62.94500  0.48370  0.48300 
