  0.04500  0.99987  0.99986 
  0.14500  0.99977  0.99987 
  0.24500  0.99978  0.99986 
  0.34500  0.99975  0.99986 
  0.44500  0.99978  0.99987 
  0.54500  0.99981  0.99987 
  0.64500  0.99972  0.99986 
  0.74500  0.99962  0.99986 
  0.84500  0.99973  0.99986 
  0.94500  0.99966  0.99986 
  1.04500  0.99963  0.99985 
  1.14500  0.99975  0.99984 
  1.24500  0.99973  0.99984 
  1.34500  0.99987  0.99985 
  1.44500  0.99981  0.99984 
  1.54500  0.99994  0.99984 
  1.64500  0.99975  0.99984 
  1.74500  0.99965  0.99984 
  1.84500  0.99962  0.99984 
  1.94500  0.99959  0.99983 
  2.04500  0.99945  0.99982 
  2.14500  1.00014  0.99983 
  2.24500  0.99972  0.99981 
  2.34500  0.99964  0.99982 
  2.44500  0.99968  0.99980 
  2.54500  0.99975  0.99979 
  2.64500  0.99926  0.99979 
  2.74500  0.99928  0.99977 
  2.84500  1.00005  0.99975 
  2.94500  1.00055  0.99974 
  3.04500  1.00120  0.99972 
  3.14500  1.00174  0.99971 
  3.24500  1.00210  0.99969 
  3.34500  1.00189  0.99966 
  3.44500  0.99953  0.99964 
  3.54500  0.99494  0.99961 
  3.64500  0.98994  0.99957 
  3.74500  0.98791  0.99952 
  3.84500  0.99444  0.99946 
  3.94500  1.01446  0.99936 
  4.04500  1.04703  0.99923 
  4.14500  1.07705  0.99909 
  4.24500  1.07489  0.99878 
  4.34500  1.00517  0.99823 
  4.44500  0.84813  0.99692 
  4.54500  0.61643  0.94342 
  4.64500  0.35758  0.00738 
  4.74500  0.13181  0.00247 
  4.84500 -0.01635  0.00156 
  4.94500 -0.07789  0.00114 
  5.04500 -0.07506  0.00086 
  5.14500 -0.04367  0.00073 
  5.24500 -0.01249  0.00064 
  5.34500  0.00686  0.00054 
  5.44500  0.01169  0.00051 
  5.54500  0.00928  0.00047 
  5.64500  0.00398  0.00043 
  5.74500 -0.00043  0.00041 
  5.84500 -0.00248  0.00040 
  5.94500 -0.00258  0.00035 
  6.04500 -0.00231  0.00035 
  6.14500 -0.00131  0.00034 
  6.24500 -0.00106  0.00032 
  6.34500 -0.00036  0.00032 
  6.44500  0.00021  0.00032 
  6.54500  0.00032  0.00030 
  6.64500  0.00062  0.00029 
  6.74500  0.00007  0.00031 
  6.84500 -0.00014  0.00030 
  6.94500 -0.00064  0.00030 
  7.04500 -0.00127  0.00032 
  7.14500 -0.00184  0.00033 
  7.24500 -0.00254  0.00034 
  7.34500 -0.00272  0.00037 
  7.44500 -0.00231  0.00039 
  7.54500  0.00032  0.00039 
  7.64500  0.00544  0.00044 
  7.74500  0.01056  0.00048 
  7.84500  0.01176  0.00052 
  7.94500  0.00291  0.00057 
  8.04500 -0.02004  0.00067 
  8.14500 -0.05327  0.00078 
  8.24500 -0.08054  0.00092 
  8.34500 -0.06862  0.00121 
  8.44500  0.01567  0.00168 
  8.54500  0.18744  0.00299 
  8.64500  0.42796  0.23625 
  8.74500  0.68525  0.99169 
  8.84500  0.89999  0.99740 
  8.94500  1.03258  0.99837 
  9.04500  1.08065  0.99882 
  9.14500  1.07056  0.99909 
  9.24500  1.03744  0.99921 
  9.34500  1.00723  0.99933 
  9.44500  0.99134  0.99942 
  9.54500  0.98781  0.99947 
  9.64500  0.99122  0.99952 
  9.74500  0.99617  0.99957 
  9.84500  1.00029  0.99959 
  9.94500  1.00216  0.99961 
 10.04500  1.00220  0.99964 
 10.14500  1.00169  0.99963 
 10.24500  1.00110  0.99964 
 10.34500  1.00049  0.99967 
 10.44500  0.99968  0.99965 
 10.54500  0.99937  0.99967 
 10.64500  0.99942  0.99968 
 10.74500  0.99976  0.99967 
 10.84500  0.99963  0.99967 
 10.94500  0.99932  0.99968 
 11.04500  0.99962  0.99968 
 11.14500  0.99992  0.99967 
 11.24500  1.00009  0.99969 
 11.34500  1.00121  0.99967 
 11.44500  1.00203  0.99966 
 11.54500  1.00205  0.99965 
 11.64500  1.00231  0.99961 
 11.74500  1.00014  0.99959 
 11.84500  0.99580  0.99957 
 11.94500  0.99079  0.99952 
 12.04500  0.98752  0.99946 
 12.14500  0.99185  0.99942 
 12.24500  1.00968  0.99933 
 12.34500  1.04108  0.99921 
 12.44500  1.07285  0.99908 
 12.54500  1.07906  0.99883 
 12.64500  1.02324  0.99836 
 12.74500  0.88083  0.99737 
 12.84500  0.65924  0.99163 
 12.94500  0.40073  0.13121 
 13.04500  0.16531  0.00304 
 13.14500  0.00213  0.00171 
 13.24500 -0.07229  0.00124 
 13.34500 -0.07855  0.00095 
 13.44500 -0.04939  0.00076 
 13.54500 -0.01667  0.00066 
 13.64500  0.00486  0.00060 
 13.74500  0.01231  0.00050 
 13.84500  0.00997  0.00046 
 13.94500  0.00520  0.00043 
 14.04500  0.00048  0.00040 
 14.14500 -0.00194  0.00035 
 14.24500 -0.00283  0.00035 
 14.34500 -0.00255  0.00033 
 14.44500 -0.00170  0.00030 
 14.54500 -0.00106  0.00030 
 14.64500 -0.00039  0.00029 
 14.74500  0.00006  0.00028 
 14.84500  0.00021  0.00028 
 14.94500  0.00008  0.00029 
 15.04500 -0.00006  0.00029 
 15.14500 -0.00013  0.00029 
 15.24500  0.00009  0.00029 
 15.34500  0.00014  0.00029 
 15.44500 -0.00022  0.00030 
 15.54500 -0.00007  0.00030 
 15.64500 -0.00014  0.00031 
 15.74500 -0.00002  0.00031 
 15.84500  0.00011  0.00034 
 15.94500 -0.00055  0.00034 
 16.04500 -0.00099  0.00034 
 16.14500 -0.00147  0.00035 
 16.24500 -0.00273  0.00038 
 16.34500 -0.00262  0.00039 
 16.44500 -0.00182  0.00041 
 16.54500  0.00071  0.00046 
 16.64500  0.00572  0.00050 
 16.74500  0.01066  0.00052 
 16.84500  0.01148  0.00060 
 16.94500  0.00255  0.00067 
 17.04500 -0.02077  0.00074 
 17.14500 -0.05486  0.00089 
 17.24500 -0.08058  0.00108 
 17.34500 -0.06725  0.00136 
 17.44500  0.01995  0.00201 
 17.54500  0.19410  0.00373 
 17.64500  0.43648  0.25912 
 17.74500  0.69343  0.99374 
 17.84500  0.90590  0.99775 
 17.94500  1.03564  0.99857 
 18.04500  1.08104  0.99896 
 18.14500  1.06934  0.99921 
 18.24500  1.03593  0.99935 
 18.34500  1.00611  0.99945 
 18.44500  0.99051  0.99954 
 18.54500  0.98753  0.99960 
 18.64500  0.99117  0.99963 
 18.74500  0.99665  0.99970 
 18.84500  1.00057  0.99972 
 18.94500  1.00238  0.99976 
 19.04500  1.00246  0.99978 
 19.14500  1.00187  0.99979 
 19.24500  1.00093  0.99982 
 19.34500  1.00035  0.99981 
 19.44500  0.99960  0.99983 
 19.54500  0.99952  0.99984 
 19.64500  0.99943  0.99986 
 19.74500  0.99968  0.99986 
 19.84500  0.99983  0.99986 
 19.94500  0.99965  0.99986 
 20.04500  0.99983  0.99987 
 20.14500  0.99944  0.99987 
 20.24500  0.99953  0.99985 
 20.34500  0.99971  0.99985 
 20.44500  1.00055  0.99983 
 20.54500  1.00083  0.99983 
 20.64500  1.00151  0.99980 
 20.74500  1.00220  0.99979 
 20.84500  1.00226  0.99977 
 20.94500  1.00087  0.99974 
 21.04500  0.99744  0.99970 
 21.14500  0.99233  0.99968 
 21.24500  0.98805  0.99964 
 21.34500  0.98944  0.99958 
 21.44500  1.00230  0.99950 
 21.54500  1.02965  0.99941 
 21.64500  1.06413  0.99925 
 21.74500  1.08247  0.99905 
 21.84500  1.04961  0.99865 
 21.94500  0.93658  0.99781 
 22.04500  0.73745  0.99476 
 22.14500  0.48499  0.44679 
 22.24500  0.23566  0.00388 
 22.34500  0.04591  0.00195 
 22.44500 -0.05710  0.00137 
 22.54500 -0.08230  0.00107 
 22.64500 -0.06045  0.00086 
 22.74500 -0.02628  0.00073 
 22.84500 -0.00028  0.00065 
 22.94500  0.01111  0.00058 
 23.04500  0.01130  0.00054 
 23.14500  0.00706  0.00051 
 23.24500  0.00173  0.00047 
 23.34500 -0.00173  0.00045 
 23.44500 -0.00313  0.00043 
 23.54500 -0.00251  0.00041 
 23.64500 -0.00176  0.00038 
 23.74500 -0.00109  0.00039 
 23.84500 -0.00049  0.00037 
 23.94500  0.00027  0.00034 
 24.04500  0.00046  0.00036 
 24.14500  0.00012  0.00033 
 24.24500 -0.00018  0.00032 
 24.34500 -0.00015  0.00033 
 24.44500  0.00019  0.00033 
 24.54500  0.00022  0.00032 
 24.64500 -0.00011  0.00033 
 24.74500  0.00003  0.00034 
 24.84500  0.00014  0.00034 
 24.94500  0.00032  0.00034 
 25.04500  0.00019  0.00035 
 25.14500 -0.00014  0.00036 
 25.24500 -0.00061  0.00035 
 25.34500 -0.00171  0.00040 
 25.44500 -0.00177  0.00040 
 25.54500 -0.00235  0.00039 
 25.64500 -0.00283  0.00043 
 25.74500 -0.00037  0.00045 
 25.84500  0.00433  0.00046 
 25.94500  0.00913  0.00049 
 26.04500  0.01222  0.00054 
 26.14500  0.00671  0.00060 
 26.24500 -0.01148  0.00066 
 26.34500 -0.04308  0.00081 
 26.44500 -0.07475  0.00096 
 26.54500 -0.07814  0.00116 
 26.64500 -0.01792  0.00165 
 26.74500  0.12904  0.00266 
 26.84500  0.35392  0.00790 
 26.94500  0.61282  0.93099 
 27.04500  0.84554  0.99692 
 27.14500  1.00338  0.99835 
 27.24500  1.07441  0.99887 
 27.34500  1.07674  0.99914 
 27.44500  1.04723  0.99932 
 27.54500  1.01488  0.99946 
 27.64500  0.99431  0.99954 
 27.74500  0.98766  0.99960 
 27.84500  0.98998  0.99964 
 27.94500  0.99482  0.99967 
 28.04500  0.99969  0.99972 
 28.14500  1.00193  0.99974 
 28.24500  1.00235  0.99977 
 28.34500  1.00234  0.99980 
 28.44500  1.00149  0.99981 
 28.54500  1.00085  0.99984 
 28.64500  1.00020  0.99985 
 28.74500  0.99988  0.99986 
 28.84500  0.99960  0.99988 
 28.94500  0.99974  0.99989 
 29.04500  1.00007  0.99990 
 29.14500  0.99955  0.99989 
 29.24500  0.99975  0.99990 
 29.34500  0.99971  0.99990 
 29.44500  0.99960  0.99989 
 29.54500  0.99976  0.99989 
 29.64500  1.00015  0.99987 
 29.74500  1.00096  0.99987 
 29.84500  1.00172  0.99986 
 29.94500  1.00220  0.99984 
 30.04500  1.00265  0.99983 
 30.14500  1.00196  0.99980 
 30.24500  0.99902  0.99977 
 30.34500  0.99433  0.99973 
 30.44500  0.98933  0.99967 
 30.54500  0.98805  0.99964 
 30.64500  0.99707  0.99955 
 30.74500  1.01997  0.99947 
 30.84500  1.05358  0.99934 
 30.94500  1.08014  0.99915 
 31.04500  1.06767  0.99890 
 31.14500  0.98293  0.99836 
 31.24500  0.80976  0.99691 
 31.34500  0.56941  0.75557 
 31.44500  0.31193  0.00805 
 31.54500  0.09839  0.00269 
 31.64500 -0.03349  0.00167 
 31.74500 -0.08116  0.00129 
 31.84500 -0.07054  0.00104 
 31.94500 -0.03714  0.00087 
 32.04500 -0.00734  0.00077 
 32.14500  0.00901  0.00069 
 32.24500  0.01202  0.00060 
 32.34500  0.00902  0.00057 
 32.44500  0.00308  0.00054 
 32.54500 -0.00061  0.00048 
 32.64500 -0.00237  0.00046 
 32.74500 -0.00253  0.00044 
 32.84500 -0.00220  0.00042 
 32.94500 -0.00147  0.00042 
 33.04500 -0.00079  0.00041 
 33.14500 -0.00007  0.00038 
 33.24500  0.00037  0.00039 
 33.34500  0.00036  0.00038 
 33.44500 -0.00001  0.00038 
 33.54500  0.00004  0.00036 
 33.64500  0.00026  0.00037 
 33.74500  0.00034  0.00038 
 33.84500  0.00043  0.00034 
 33.94500 -0.00014  0.00036 
 34.04500  0.00029  0.00037 
 34.14500  0.00039  0.00035 
 34.24500  0.00031  0.00035 
 34.34500 -0.00018  0.00036 
 34.44500 -0.00061  0.00036 
 34.54500 -0.00114  0.00039 
 34.64500 -0.00189  0.00040 
 34.74500 -0.00225  0.00041 
 34.84500 -0.00233  0.00043 
 34.94500 -0.00054  0.00048 
 35.04500  0.00249  0.00049 
 35.14500  0.00783  0.00053 
 35.24500  0.01225  0.00059 
 35.34500  0.01002  0.00064 
 35.44500 -0.00382  0.00070 
 35.54500 -0.03183  0.00081 
 35.64500 -0.06584  0.00094 
 35.74500 -0.08240  0.00115 
 35.84500 -0.04589  0.00148 
 35.94500  0.07202  0.00229 
 36.04500  0.27497  0.00506 
 36.14500  0.52970  0.61272 
 36.24500  0.77675  0.99609 
 36.34500  0.96209  0.99809 
 36.44500  1.06056  0.99878 
 36.54500  1.08173  0.99908 
 36.64500  1.05867  0.99927 
 36.74500  1.02429  0.99943 
 36.84500  0.99967  0.99950 
 36.94500  0.98884  0.99958 
 37.04500  0.98881  0.99964 
 37.14500  0.99321  0.99969 
 37.24500  0.99866  0.99973 
 37.34500  1.00149  0.99976 
 37.44500  1.00282  0.99978 
 37.54500  1.00247  0.99981 
 37.64500  1.00176  0.99981 
 37.74500  1.00097  0.99983 
 37.84500  1.00026  0.99984 
 37.94500  1.00027  0.99986 
 38.04500  0.99988  0.99987 
 38.14500  0.99999  0.99987 
 38.24500  1.00017  0.99990 
 38.34500  0.99983  0.99990 
 38.44500  0.99975  0.99992 
 38.54500  1.00044  0.99994 
 38.64500  1.00053  0.99993 
 38.74500  0.99987  0.99994 
 38.84500  1.00065  0.99994 
 38.94500  0.99998  0.99994 
 39.04500  0.99994  0.99994 
 39.14500  1.00002  0.99995 
 39.24500  1.00002  0.99994 
 39.34500  0.99974  0.99994 
 39.44500  0.99967  0.99992 
 39.54500  0.99997  0.99992 
 39.64500  1.00097  0.99991 
 39.74500  1.00147  0.99991 
 39.84500  1.00218  0.99989 
 39.94500  1.00244  0.99986 
 40.04500  1.00215  0.99983 
 40.14500  1.00067  0.99979 
 40.24500  0.99632  0.99976 
 40.34500  0.99082  0.99972 
 40.44500  0.98819  0.99967 
 40.54500  0.99273  0.99962 
 40.64500  1.00931  0.99952 
 40.74500  1.04005  0.99942 
 40.84500  1.07250  0.99929 
 40.94500  1.07968  0.99904 
 41.04500  1.02621  0.99862 
 41.14500  0.88718  0.99768 
 41.24500  0.66767  0.99269 
 41.34500  0.40983  0.15792 
 41.44500  0.17236  0.00327 
 41.54500  0.00671  0.00194 
 41.64500 -0.07138  0.00139 
 41.74500 -0.07849  0.00108 
 41.84500 -0.05082  0.00093 
 41.94500 -0.01707  0.00081 
 42.04500  0.00436  0.00068 
 42.14500  0.01214  0.00065 
 42.24500  0.01047  0.00059 
 42.34500  0.00542  0.00052 
 42.44500  0.00072  0.00051 
 42.54500 -0.00176  0.00048 
 42.64500 -0.00220  0.00046 
 42.74500 -0.00211  0.00046 
 42.84500 -0.00104  0.00044 
 42.94500 -0.00068  0.00042 
 43.04500 -0.00028  0.00042 
 43.14500  0.00050  0.00043 
 43.24500  0.00034  0.00040 
 43.34500  0.00019  0.00041 
 43.44500  0.00028  0.00040 
 43.54500  0.00038  0.00040 
 43.64500  0.00042  0.00040 
 43.74500  0.00024  0.00038 
 43.84500  0.00044  0.00039 
 43.94500  0.00045  0.00038 
 44.04500  0.00001  0.00039 
 44.14500 -0.00016  0.00039 
 44.24500 -0.00084  0.00041 
 44.34500 -0.00170  0.00043 
 44.44500 -0.00203  0.00043 
 44.54500 -0.00234  0.00044 
 44.64500 -0.00105  0.00048 
 44.74500  0.00235  0.00050 
 44.84500  0.00718  0.00052 
 44.94500  0.01167  0.00058 
 45.04500  0.01065  0.00062 
 45.14500 -0.00108  0.00069 
 45.24500 -0.02777  0.00076 
 45.34500 -0.06191  0.00091 
 45.44500 -0.08210  0.00111 
 45.54500 -0.05455  0.00139 
 45.64500  0.05254  0.00208 
 45.74500  0.24650  0.00432 
 45.84500  0.49743  0.48945 
 45.94500  0.74923  0.99517 
 46.04500  0.94436  0.99784 
 46.14500  1.05313  0.99863 
 46.24500  1.08259  0.99900 
 46.34500  1.06261  0.99917 
 46.44500  1.02863  0.99931 
 46.54500  1.00169  0.99943 
 46.64500  0.98963  0.99949 
 46.74500  0.98843  0.99954 
 46.84500  0.99258  0.99957 
 46.94500  0.99799  0.99962 
 47.04500  1.00130  0.99964 
 47.14500  1.00264  0.99965 
 47.24500  1.00232  0.99969 
 47.34500  1.00226  0.99969 
 47.44500  1.00126  0.99970 
 47.54500  1.00050  0.99972 
 47.64500  1.00034  0.99971 
 47.74500  0.99987  0.99970 
 47.84500  0.99988  0.99972 
 47.94500  1.00013  0.99971 
 48.04500  0.99991  0.99971 
 48.14500  0.99974  0.99971 
 48.24500  0.99975  0.99970 
 48.34500  1.00058  0.99970 
 48.44500  1.00118  0.99972 
 48.54500  1.00160  0.99969 
 48.64500  1.00235  0.99967 
 48.74500  1.00264  0.99967 
 48.84500  1.00217  0.99965 
 48.94500  0.99954  0.99963 
 49.04500  0.99497  0.99960 
 49.14500  0.99012  0.99955 
 49.24500  0.98847  0.99951 
 49.34500  0.99560  0.99944 
 49.44500  1.01723  0.99934 
 49.54500  1.05042  0.99923 
 49.64500  1.07869  0.99907 
 49.74500  1.07185  0.99875 
 49.84500  0.99415  0.99825 
 49.94500  0.82900  0.99689 
 50.04500  0.59249  0.84708 
 50.14500  0.33393  0.00706 
 50.24500  0.11423  0.00252 
 50.34500 -0.02531  0.00157 
 50.44500 -0.07943  0.00112 
 50.54500 -0.07215  0.00093 
 50.64500 -0.03978  0.00077 
 50.74500 -0.00932  0.00065 
 50.84500  0.00833  0.00060 
 50.94500  0.01203  0.00052 
 51.04500  0.00918  0.00046 
 51.14500  0.00400  0.00044 
 51.24500 -0.00025  0.00039 
 51.34500 -0.00240  0.00036 
 51.44500 -0.00228  0.00035 
 51.54500 -0.00163  0.00032 
 51.64500 -0.00079  0.00030 
 51.74500 -0.00079  0.00030 
 51.84500 -0.00008  0.00029 
 51.94500  0.00045  0.00028 
 52.04500  0.00041  0.00029 
 52.14500  0.00024  0.00029 
 52.24500  0.00036  0.00027 
 52.34500  0.00035  0.00030 
 52.44500  0.00033  0.00029 
 52.54500  0.00054  0.00027 
 52.64500  0.00047  0.00029 
 52.74500  0.00021  0.00029 
 52.84500  0.00003  0.00028 
 52.94500 -0.00014  0.00030 
 53.04500 -0.00106  0.00029 
 53.14500 -0.00205  0.00030 
 53.24500 -0.00244  0.00031 
 53.34500 -0.00186  0.00034 
 53.44500 -0.00045  0.00035 
 53.54500  0.00369  0.00038 
 53.64500  0.00909  0.00041 
 53.74500  0.01231  0.00047 
 53.84500  0.00880  0.00051 
 53.94500 -0.00738  0.00058 
 54.04500 -0.03796  0.00072 
 54.14500 -0.07063  0.00087 
 54.24500 -0.08010  0.00108 
 54.34500 -0.03099  0.00154 
 54.44500  0.10245  0.00261 
 54.54500  0.31789  0.00870 
 54.64500  0.57541  0.77811 
 54.74500  0.81547  0.99690 
 54.84500  0.98600  0.99821 
 54.94500  1.06894  0.99876 
 55.04500  1.08016  0.99901 
 55.14500  1.05284  0.99916 
 55.24500  1.01928  0.99928 
 55.34500  0.99697  0.99936 
 55.44500  0.98826  0.99939 
 55.54500  0.98935  0.99945 
 55.64500  0.99482  0.99949 
 55.74500  0.99927  0.99950 
 55.84500  1.00191  0.99951 
 55.94500  1.00266  0.99955 
 56.04500  1.00250  0.99955 
 56.14500  1.00192  0.99956 
 56.24500  1.00106  0.99959 
 56.34500  1.00035  0.99958 
 56.44500  1.00046  0.99959 
 56.54500  0.99980  0.99960 
 56.64500  0.99992  0.99961 
 56.74500  1.00024  0.99961 
 56.84500  0.99990  0.99962 
 56.94500  0.99979  0.99960 
 57.04500  1.00010  0.99958 
 57.14500  1.00101  0.99958 
 57.24500  1.00141  0.99957 
 57.34500  1.00172  0.99955 
 57.44500  1.00278  0.99954 
 57.54500  1.00291  0.99952 
 57.64500  1.00181  0.99950 
 57.74500  0.99832  0.99947 
 57.84500  0.99361  0.99945 
 57.94500  0.98840  0.99939 
 58.04500  0.98909  0.99937 
 58.14500  1.00044  0.99932 
 58.24500  1.02605  0.99922 
 58.34500  1.06080  0.99912 
 58.44500  1.08224  0.99889 
 58.54500  1.05726  0.99859 
 58.64500  0.95429  0.99800 
 58.74500  0.76408  0.99609 
 58.84500  0.51513  0.55205 
 58.94500  0.26158  0.00520 
 59.04500  0.06286  0.00217 
 59.14500 -0.04913  0.00132 
 59.24500 -0.08219  0.00093 
 59.34500 -0.06336  0.00073 
 59.44500 -0.02958  0.00057 
 59.54500 -0.00222  0.00046 
 59.64500  0.01077  0.00041 
 59.74500  0.01208  0.00034 
 59.84500  0.00771  0.00031 
 59.94500  0.00252  0.00027 
 60.04500 -0.00094  0.00023 
 60.14500 -0.00252  0.00021 
 60.24500 -0.00220  0.00019 
 60.34500 -0.00130  0.00017 
 60.44500 -0.00064  0.00016 
 60.54500 -0.00063  0.00013 
 60.64500  0.00058  0.00013 
 60.74500  0.00047  0.00011 
 60.84500  0.00063  0.00010 
 60.94500  0.00048  0.00009 
 61.04500  0.00032  0.00008 
 61.14500  0.00052  0.00008 
 61.24500 -0.00020  0.00008 
 61.34500  0.00033  0.00006 
 61.44500  0.00041  0.00007 
 61.54500  0.00050  0.00006 
 61.64500  0.00019  0.00006 
 61.74500  0.00044  0.00004 
 61.84500 -0.00001  0.00004 
 61.94500  0.00010  0.00003 
 62.04500  0.00016  0.00003 
 62.14500  0.00021  0.00004 
 62.24500  0.00029  0.00004 
 62.34500  0.00017  0.00002 
 62.44500  0.00036  0.00002 
 62.54500  0.00032  0.00002 
 62.64500  0.00030  0.00003 
 62.74500  0.00034  0.00002 
 62.84500  0.00018  0.00000 
 62.94500  0.00018  0.00000 
