  0.04500  0.99998  1.00000 
  0.14500  0.99999  1.00000 
  0.24500  0.99999  1.00000 
  0.34500  1.00000  1.00000 
  0.44500  0.99999  0.99991 
  0.54500  0.99997  0.99990 
  0.64500  0.99991  0.99990 
  0.74500  0.99985  0.99981 
  0.84500  0.99979  0.99976 
  0.94500  0.99966  0.99965 
  1.04500  0.99954  0.99952 
  1.14500  0.99938  0.99933 
  1.24500  0.99911  0.99907 
  1.34500  0.99878  0.99874 
  1.44500  0.99833  0.99830 
  1.54500  0.99774  0.99770 
  1.64500  0.99698  0.99693 
  1.74500  0.99599  0.99594 
  1.84500  0.99475  0.99468 
  1.94500  0.99312  0.99309 
  2.04500  0.99113  0.99108 
  2.14500  0.98862  0.98858 
  2.24500  0.98551  0.98548 
  2.34500  0.98173  0.98166 
  2.44500  0.97712  0.97706 
  2.54500  0.97157  0.97152 
  2.64500  0.96493  0.96489 
  2.74500  0.95710  0.95704 
  2.84500  0.94788  0.94784 
  2.94500  0.93718  0.93714 
  3.04500  0.92485  0.92478 
  3.14500  0.91074  0.91068 
  3.24500  0.89476  0.89469 
  3.34500  0.87680  0.87675 
  3.44500  0.85681  0.85674 
  3.54500  0.83470  0.83464 
  3.64500  0.81049  0.81046 
  3.74500  0.78422  0.78421 
  3.84500  0.75593  0.75598 
  3.94500  0.72578  0.72587 
  4.04500  0.69395  0.69402 
  4.14500  0.66065  0.66064 
  4.24500  0.62608  0.62594 
  4.34500  0.59040  0.59020 
  4.44500  0.55392  0.55370 
  4.54500  0.51690  0.51674 
  4.64500  0.47950  0.47965 
  4.74500  0.44257  0.44275 
  4.84500  0.40619  0.40633 
  4.94500  0.37070  0.37077 
  5.04500  0.33635  0.33629 
  5.14500  0.30332  0.30320 
  5.24500  0.27183  0.27173 
  5.34500  0.24216  0.24205 
  5.44500  0.21440  0.21436 
  5.54500  0.18880  0.18880 
  5.64500  0.16542  0.16545 
  5.74500  0.14432  0.14437 
  5.84500  0.12557  0.12561 
  5.94500  0.10913  0.10914 
  6.04500  0.09502  0.09502 
  6.14500  0.08319  0.08318 
  6.24500  0.07363  0.07363 
  6.34500  0.06629  0.06629 
  6.44500  0.06114  0.06117 
  6.54500  0.05819  0.05821 
  6.64500  0.05743  0.05743 
  6.74500  0.05880  0.05882 
  6.84500  0.06234  0.06236 
  6.94500  0.06810  0.06810 
  7.04500  0.07603  0.07603 
  7.14500  0.08622  0.08624 
  7.24500  0.09868  0.09870 
  7.34500  0.11344  0.11344 
  7.44500  0.13052  0.13053 
  7.54500  0.14990  0.14994 
  7.64500  0.17162  0.17164 
  7.74500  0.19564  0.19562 
  7.84500  0.22183  0.22180 
  7.94500  0.25013  0.25003 
  8.04500  0.28035  0.28021 
  8.14500  0.31223  0.31215 
  8.24500  0.34568  0.34564 
  8.34500  0.38038  0.38045 
  8.44500  0.41611  0.41627 
  8.54500  0.45265  0.45284 
  8.64500  0.48974  0.48982 
  8.74500  0.52710  0.52685 
  8.84500  0.56396  0.56373 
  8.94500  0.60022  0.60001 
  9.04500  0.63555  0.63543 
  9.14500  0.66973  0.66973 
  9.24500  0.70256  0.70263 
  9.34500  0.73381  0.73388 
  9.44500  0.76327  0.76330 
  9.54500  0.79078  0.79077 
  9.64500  0.81617  0.81612 
  9.74500  0.83936  0.83930 
  9.84500  0.86033  0.86027 
  9.94500  0.87904  0.87897 
 10.04500  0.89552  0.89544 
 10.14500  0.90975  0.90967 
 10.24500  0.92180  0.92177 
 10.34500  0.93176  0.93169 
 10.44500  0.93961  0.93956 
 10.54500  0.94544  0.94538 
 10.64500  0.94926  0.94920 
 10.74500  0.95111  0.95105 
 10.84500  0.95102  0.95096 
 10.94500  0.94897  0.94889 
 11.04500  0.94494  0.94487 
 11.14500  0.93887  0.93883 
 11.24500  0.93081  0.93076 
 11.34500  0.92067  0.92058 
 11.44500  0.90836  0.90831 
 11.54500  0.89389  0.89380 
 11.64500  0.87720  0.87712 
 11.74500  0.85825  0.85819 
 11.84500  0.83704  0.83698 
 11.94500  0.81361  0.81357 
 12.04500  0.78799  0.78799 
 12.14500  0.76027  0.76032 
 12.24500  0.73061  0.73066 
 12.34500  0.69918  0.69923 
 12.44500  0.66620  0.66620 
 12.54500  0.63187  0.63177 
 12.64500  0.59645  0.59624 
 12.74500  0.56008  0.55985 
 12.84500  0.52317  0.52295 
 12.94500  0.48577  0.48586 
 13.04500  0.44869  0.44888 
 13.14500  0.41215  0.41234 
 13.24500  0.37643  0.37654 
 13.34500  0.34179  0.34175 
 13.44500  0.30837  0.30831 
 13.54500  0.27647  0.27636 
 13.64500  0.24622  0.24613 
 13.74500  0.21787  0.21781 
 13.84500  0.19148  0.19148 
 13.94500  0.16720  0.16723 
 14.04500  0.14507  0.14511 
 14.14500  0.12509  0.12511 
 14.24500  0.10718  0.10720 
 14.34500  0.09134  0.09134 
 14.44500  0.07745  0.07746 
 14.54500  0.06548  0.06549 
 14.64500  0.05530  0.05529 
 14.74500  0.04678  0.04678 
 14.84500  0.03989  0.03989 
 14.94500  0.03450  0.03452 
 15.04500  0.03058  0.03057 
 15.14500  0.02796  0.02801 
 15.24500  0.02677  0.02678 
 15.34500  0.02686  0.02687 
 15.44500  0.02826  0.02827 
 15.54500  0.03101  0.03105 
 15.64500  0.03516  0.03518 
 15.74500  0.04072  0.04077 
 15.84500  0.04787  0.04786 
 15.94500  0.05658  0.05660 
 16.04500  0.06701  0.06702 
 16.14500  0.07924  0.07924 
 16.24500  0.09339  0.09340 
 16.34500  0.10953  0.10953 
 16.44500  0.12770  0.12772 
 16.54500  0.14798  0.14799 
 16.64500  0.17041  0.17043 
 16.74500  0.19497  0.19498 
 16.84500  0.22163  0.22159 
 16.94500  0.25028  0.25019 
 17.04500  0.28075  0.28063 
 17.14500  0.31289  0.31280 
 17.24500  0.34646  0.34647 
 17.34500  0.38129  0.38138 
 17.44500  0.41713  0.41730 
 17.54500  0.45374  0.45396 
 17.64500  0.49089  0.49097 
 17.74500  0.52829  0.52805 
 17.84500  0.56518  0.56492 
 17.94500  0.60141  0.60123 
 18.04500  0.63673  0.63666 
 18.14500  0.67094  0.67094 
 18.24500  0.70378  0.70384 
 18.34500  0.73503  0.73510 
 18.44500  0.76455  0.76458 
 18.54500  0.79211  0.79209 
 18.64500  0.81760  0.81756 
 18.74500  0.84094  0.84086 
 18.84500  0.86211  0.86203 
 18.94500  0.88107  0.88101 
 19.04500  0.89790  0.89783 
 19.14500  0.91260  0.91257 
 19.24500  0.92529  0.92525 
 19.34500  0.93601  0.93594 
 19.44500  0.94481  0.94475 
 19.54500  0.95175  0.95173 
 19.64500  0.95698  0.95693 
 19.74500  0.96046  0.96042 
 19.84500  0.96229  0.96221 
 19.94500  0.96242  0.96238 
 20.04500  0.96093  0.96088 
 20.14500  0.95774  0.95771 
 20.24500  0.95286  0.95282 
 20.34500  0.94623  0.94619 
 20.44500  0.93775  0.93773 
 20.54500  0.92742  0.92738 
 20.64500  0.91511  0.91507 
 20.74500  0.90078  0.90073 
 20.84500  0.88434  0.88429 
 20.94500  0.86578  0.86569 
 21.04500  0.84503  0.84496 
 21.14500  0.82207  0.82204 
 21.24500  0.79696  0.79698 
 21.34500  0.76980  0.76982 
 21.44500  0.74063  0.74073 
 21.54500  0.70967  0.70975 
 21.64500  0.67713  0.67715 
 21.74500  0.64315  0.64309 
 21.84500  0.60804  0.60786 
 21.94500  0.57192  0.57170 
 22.04500  0.53513  0.53495 
 22.14500  0.49784  0.49785 
 22.24500  0.46060  0.46077 
 22.34500  0.42387  0.42406 
 22.44500  0.38787  0.38799 
 22.54500  0.35283  0.35286 
 22.64500  0.31902  0.31893 
 22.74500  0.28660  0.28647 
 22.84500  0.25578  0.25568 
 22.94500  0.22680  0.22675 
 23.04500  0.19976  0.19976 
 23.14500  0.17481  0.17481 
 23.24500  0.15197  0.15199 
 23.34500  0.13128  0.13132 
 23.44500  0.11271  0.11274 
 23.54500  0.09621  0.09624 
 23.64500  0.08171  0.08172 
 23.74500  0.06913  0.06914 
 23.84500  0.05838  0.05838 
 23.94500  0.04933  0.04936 
 24.04500  0.04192  0.04196 
 24.14500  0.03607  0.03610 
 24.24500  0.03168  0.03169 
 24.34500  0.02868  0.02869 
 24.44500  0.02701  0.02703 
 24.54500  0.02668  0.02669 
 24.64500  0.02765  0.02768 
 24.74500  0.02996  0.02999 
 24.84500  0.03366  0.03368 
 24.94500  0.03878  0.03878 
 25.04500  0.04538  0.04539 
 25.14500  0.05358  0.05359 
 25.24500  0.06342  0.06346 
 25.34500  0.07507  0.07510 
 25.44500  0.08860  0.08862 
 25.54500  0.10408  0.10410 
 25.64500  0.12157  0.12163 
 25.74500  0.14119  0.14124 
 25.84500  0.16292  0.16295 
 25.94500  0.18681  0.18682 
 26.04500  0.21280  0.21278 
 26.14500  0.24082  0.24073 
 26.24500  0.27072  0.27062 
 26.34500  0.30234  0.30225 
 26.44500  0.33548  0.33546 
 26.54500  0.36992  0.37000 
 26.64500  0.40547  0.40563 
 26.74500  0.44188  0.44207 
 26.84500  0.47882  0.47900 
 26.94500  0.51627  0.51612 
 27.04500  0.55330  0.55309 
 27.14500  0.58978  0.58959 
 27.24500  0.62545  0.62534 
 27.34500  0.66004  0.66004 
 27.44500  0.69334  0.69339 
 27.54500  0.72510  0.72520 
 27.64500  0.75521  0.75528 
 27.74500  0.78341  0.78345 
 27.84500  0.80956  0.80957 
 27.94500  0.83363  0.83358 
 28.04500  0.85551  0.85546 
 28.14500  0.87518  0.87513 
 28.24500  0.89268  0.89265 
 28.34500  0.90809  0.90806 
 28.44500  0.92141  0.92137 
 28.54500  0.93276  0.93270 
 28.64500  0.94214  0.94211 
 28.74500  0.94972  0.94967 
 28.84500  0.95547  0.95543 
 28.94500  0.95952  0.95947 
 29.04500  0.96186  0.96182 
 29.14500  0.96256  0.96251 
 29.24500  0.96158  0.96153 
 29.34500  0.95895  0.95891 
 29.44500  0.95462  0.95458 
 29.54500  0.94857  0.94850 
 29.64500  0.94068  0.94066 
 29.74500  0.93096  0.93092 
 29.84500  0.91929  0.91924 
 29.94500  0.90562  0.90557 
 30.04500  0.88984  0.88982 
 30.14500  0.87197  0.87194 
 30.24500  0.85193  0.85187 
 30.34500  0.82970  0.82966 
 30.44500  0.80530  0.80527 
 30.54500  0.77876  0.77880 
 30.64500  0.75023  0.75033 
 30.74500  0.71984  0.71994 
 30.84500  0.68777  0.68785 
 30.94500  0.65425  0.65423 
 31.04500  0.61946  0.61934 
 31.14500  0.58366  0.58344 
 31.24500  0.54704  0.54683 
 31.34500  0.50992  0.50982 
 31.44500  0.47253  0.47275 
 31.54500  0.43562  0.43585 
 31.64500  0.39937  0.39953 
 31.74500  0.36400  0.36408 
 31.84500  0.32976  0.32973 
 31.94500  0.29686  0.29678 
 32.04500  0.26552  0.26541 
 32.14500  0.23593  0.23587 
 32.24500  0.20822  0.20824 
 32.34500  0.18260  0.18264 
 32.44500  0.15910  0.15913 
 32.54500  0.13771  0.13775 
 32.64500  0.11847  0.11849 
 32.74500  0.10130  0.10135 
 32.84500  0.08618  0.08619 
 32.94500  0.07298  0.07299 
 33.04500  0.06163  0.06167 
 33.14500  0.05205  0.05210 
 33.24500  0.04415  0.04418 
 33.34500  0.03778  0.03781 
 33.44500  0.03291  0.03295 
 33.54500  0.02947  0.02951 
 33.64500  0.02739  0.02743 
 33.74500  0.02662  0.02666 
 33.84500  0.02718  0.02722 
 33.94500  0.02907  0.02909 
 34.04500  0.03229  0.03234 
 34.14500  0.03694  0.03698 
 34.24500  0.04305  0.04310 
 34.34500  0.05074  0.05077 
 34.44500  0.06004  0.06009 
 34.54500  0.07112  0.07115 
 34.64500  0.08402  0.08405 
 34.74500  0.09885  0.09889 
 34.84500  0.11570  0.11575 
 34.94500  0.13463  0.13468 
 35.04500  0.15566  0.15571 
 35.14500  0.17886  0.17889 
 35.24500  0.20418  0.20418 
 35.34500  0.23157  0.23151 
 35.44500  0.26088  0.26078 
 35.54500  0.29197  0.29186 
 35.64500  0.32462  0.32458 
 35.74500  0.35868  0.35873 
 35.84500  0.39389  0.39404 
 35.94500  0.43006  0.43026 
 36.04500  0.46688  0.46705 
 36.14500  0.50420  0.50416 
 36.24500  0.54143  0.54123 
 36.34500  0.57812  0.57793 
 36.44500  0.61410  0.61397 
 36.54500  0.64908  0.64904 
 36.64500  0.68283  0.68290 
 36.74500  0.71519  0.71529 
 36.84500  0.74592  0.74601 
 36.94500  0.77484  0.77489 
 37.04500  0.80179  0.80179 
 37.14500  0.82668  0.82667 
 37.24500  0.84947  0.84943 
 37.34500  0.87014  0.87010 
 37.44500  0.88874  0.88870 
 37.54500  0.90530  0.90528 
 37.64500  0.91992  0.91992 
 37.74500  0.93272  0.93271 
 37.84500  0.94378  0.94378 
 37.94500  0.95325  0.95324 
 38.04500  0.96123  0.96118 
 38.14500  0.96782  0.96778 
 38.24500  0.97316  0.97314 
 38.34500  0.97735  0.97733 
 38.44500  0.98048  0.98045 
 38.54500  0.98260  0.98258 
 38.64500  0.98378  0.98375 
 38.74500  0.98400  0.98397 
 38.84500  0.98333  0.98332 
 38.94500  0.98175  0.98172 
 39.04500  0.97916  0.97913 
 39.14500  0.97554  0.97555 
 39.24500  0.97086  0.97084 
 39.34500  0.96494  0.96493 
 39.44500  0.95773  0.95772 
 39.54500  0.94910  0.94907 
 39.64500  0.93893  0.93890 
 39.74500  0.92707  0.92706 
 39.84500  0.91344  0.91344 
 39.94500  0.89794  0.89791 
 40.04500  0.88044  0.88043 
 40.14500  0.86090  0.86085 
 40.24500  0.83926  0.83922 
 40.34500  0.81549  0.81548 
 40.44500  0.78965  0.78967 
 40.54500  0.76178  0.76186 
 40.64500  0.73200  0.73211 
 40.74500  0.70049  0.70060 
 40.84500  0.66745  0.66751 
 40.94500  0.63312  0.63307 
 41.04500  0.59765  0.59749 
 41.14500  0.56132  0.56113 
 41.24500  0.52439  0.52423 
 41.34500  0.48697  0.48710 
 41.44500  0.44989  0.45010 
 41.54500  0.41333  0.41355 
 41.64500  0.37760  0.37772 
 41.74500  0.34292  0.34293 
 41.84500  0.30950  0.30943 
 41.94500  0.27752  0.27744 
 42.04500  0.24728  0.24720 
 42.14500  0.21888  0.21886 
 42.24500  0.19250  0.19253 
 42.34500  0.16823  0.16828 
 42.44500  0.14612  0.14621 
 42.54500  0.12619  0.12626 
 42.64500  0.10842  0.10848 
 42.74500  0.09275  0.09278 
 42.84500  0.07913  0.07917 
 42.94500  0.06745  0.06751 
 43.04500  0.05769  0.05774 
 43.14500  0.04975  0.04980 
 43.24500  0.04354  0.04359 
 43.34500  0.03901  0.03907 
 43.44500  0.03613  0.03616 
 43.54500  0.03478  0.03486 
 43.64500  0.03507  0.03511 
 43.74500  0.03691  0.03696 
 43.84500  0.04036  0.04041 
 43.94500  0.04547  0.04550 
 44.04500  0.05224  0.05228 
 44.14500  0.06078  0.06085 
 44.24500  0.07120  0.07122 
 44.34500  0.08350  0.08355 
 44.44500  0.09780  0.09786 
 44.54500  0.11419  0.11425 
 44.64500  0.13270  0.13275 
 44.74500  0.15335  0.15341 
 44.84500  0.17619  0.17623 
 44.94500  0.20118  0.20118 
 45.04500  0.22825  0.22820 
 45.14500  0.25730  0.25721 
 45.24500  0.28816  0.28807 
 45.34500  0.32061  0.32056 
 45.44500  0.35448  0.35454 
 45.54500  0.38956  0.38970 
 45.64500  0.42558  0.42582 
 45.74500  0.46233  0.46255 
 45.84500  0.49955  0.49961 
 45.94500  0.53685  0.53665 
 46.04500  0.57360  0.57342 
 46.14500  0.60962  0.60951 
 46.24500  0.64468  0.64465 
 46.34500  0.67855  0.67860 
 46.44500  0.71099  0.71108 
 46.54500  0.74178  0.74187 
 46.64500  0.77073  0.77080 
 46.74500  0.79770  0.79771 
 46.84500  0.82252  0.82249 
 46.94500  0.84512  0.84509 
 47.04500  0.86549  0.86546 
 47.14500  0.88359  0.88357 
 47.24500  0.89946  0.89944 
 47.34500  0.91312  0.91312 
 47.44500  0.92464  0.92460 
 47.54500  0.93401  0.93399 
 47.64500  0.94132  0.94130 
 47.74500  0.94661  0.94658 
 47.84500  0.94991  0.94989 
 47.94500  0.95122  0.95122 
 48.04500  0.95062  0.95060 
 48.14500  0.94804  0.94800 
 48.24500  0.94348  0.94347 
 48.34500  0.93692  0.93688 
 48.44500  0.92827  0.92827 
 48.54500  0.91756  0.91753 
 48.64500  0.90469  0.90465 
 48.74500  0.88961  0.88960 
 48.84500  0.87233  0.87230 
 48.94500  0.85278  0.85276 
 49.04500  0.83101  0.83098 
 49.14500  0.80699  0.80698 
 49.24500  0.78078  0.78086 
 49.34500  0.75253  0.75263 
 49.44500  0.72237  0.72250 
 49.54500  0.69054  0.69061 
 49.64500  0.65716  0.65717 
 49.74500  0.62252  0.62244 
 49.84500  0.58683  0.58664 
 49.94500  0.55030  0.55010 
 50.04500  0.51323  0.51312 
 50.14500  0.47582  0.47605 
 50.24500  0.43889  0.43912 
 50.34500  0.40256  0.40275 
 50.44500  0.36712  0.36720 
 50.54500  0.33277  0.33278 
 50.64500  0.29977  0.29971 
 50.74500  0.26832  0.26825 
 50.84500  0.23859  0.23854 
 50.94500  0.21079  0.21080 
 51.04500  0.18503  0.18507 
 51.14500  0.16140  0.16147 
 51.24500  0.13996  0.14002 
 51.34500  0.12066  0.12075 
 51.44500  0.10352  0.10359 
 51.54500  0.08848  0.08853 
 51.64500  0.07543  0.07548 
 51.74500  0.06435  0.06440 
 51.84500  0.05513  0.05518 
 51.94500  0.04771  0.04776 
 52.04500  0.04202  0.04207 
 52.14500  0.03796  0.03803 
 52.24500  0.03554  0.03561 
 52.34500  0.03470  0.03476 
 52.44500  0.03545  0.03551 
 52.54500  0.03777  0.03781 
 52.64500  0.04170  0.04173 
 52.74500  0.04729  0.04732 
 52.84500  0.05459  0.05465 
 52.94500  0.06369  0.06375 
 53.04500  0.07464  0.07469 
 53.14500  0.08754  0.08761 
 53.24500  0.10246  0.10253 
 53.34500  0.11947  0.11955 
 53.44500  0.13861  0.13869 
 53.54500  0.15992  0.16000 
 53.64500  0.18341  0.18345 
 53.74500  0.20902  0.20905 
 53.84500  0.23669  0.23666 
 53.94500  0.26631  0.26622 
 54.04500  0.29765  0.29758 
 54.14500  0.33055  0.33057 
 54.24500  0.36479  0.36489 
 54.34500  0.40019  0.40039 
 54.44500  0.43647  0.43670 
 54.54500  0.47338  0.47356 
 54.64500  0.51077  0.51067 
 54.74500  0.54785  0.54768 
 54.84500  0.58442  0.58424 
 54.94500  0.62020  0.62011 
 55.04500  0.65489  0.65492 
 55.14500  0.68835  0.68846 
 55.24500  0.72031  0.72046 
 55.34500  0.75060  0.75070 
 55.44500  0.77896  0.77904 
 55.54500  0.80531  0.80532 
 55.64500  0.82947  0.82947 
 55.74500  0.85141  0.85138 
 55.84500  0.87111  0.87107 
 55.94500  0.88856  0.88851 
 56.04500  0.90375  0.90374 
 56.14500  0.91676  0.91675 
 56.24500  0.92761  0.92762 
 56.34500  0.93639  0.93637 
 56.44500  0.94309  0.94309 
 56.54500  0.94779  0.94777 
 56.64500  0.95049  0.95050 
 56.74500  0.95123  0.95123 
 56.84500  0.95006  0.95003 
 56.94500  0.94687  0.94686 
 57.04500  0.94173  0.94171 
 57.14500  0.93454  0.93453 
 57.24500  0.92529  0.92528 
 57.34500  0.91394  0.91392 
 57.44500  0.90041  0.90041 
 57.54500  0.88471  0.88467 
 57.64500  0.86674  0.86672 
 57.74500  0.84654  0.84652 
 57.84500  0.82407  0.82407 
 57.94500  0.79938  0.79942 
 58.04500  0.77254  0.77263 
 58.14500  0.74373  0.74383 
 58.24500  0.71305  0.71319 
 58.34500  0.68072  0.68080 
 58.44500  0.64696  0.64694 
 58.54500  0.61197  0.61186 
 58.64500  0.57597  0.57581 
 58.74500  0.53928  0.53912 
 58.84500  0.50203  0.50204 
 58.94500  0.46474  0.46495 
 59.04500  0.42795  0.42820 
 59.14500  0.39185  0.39204 
 59.24500  0.35667  0.35676 
 59.34500  0.32271  0.32268 
 59.44500  0.29012  0.29005 
 59.54500  0.25909  0.25902 
 59.64500  0.22985  0.22981 
 59.74500  0.20253  0.20257 
 59.84500  0.17728  0.17733 
 59.94500  0.15411  0.15418 
 60.04500  0.13304  0.13312 
 60.14500  0.11407  0.11413 
 60.24500  0.09710  0.09716 
 60.34500  0.08207  0.08211 
 60.44500  0.06883  0.06888 
 60.54500  0.05733  0.05738 
 60.64500  0.04740  0.04743 
 60.74500  0.03888  0.03893 
 60.84500  0.03165  0.03169 
 60.94500  0.02559  0.02563 
 61.04500  0.02050  0.02054 
 61.14500  0.01631  0.01635 
 61.24500  0.01287  0.01290 
 61.34500  0.01008  0.01012 
 61.44500  0.00784  0.00790 
 61.54500  0.00602  0.00607 
 61.64500  0.00460  0.00464 
 61.74500  0.00350  0.00355 
 61.84500  0.00262  0.00265 
 61.94500  0.00195  0.00199 
 62.04500  0.00144  0.00147 
 62.14500  0.00105  0.00108 
 62.24500  0.00076  0.00080 
 62.34500  0.00054  0.00057 
 62.44500  0.00040  0.00042 
 62.54500  0.00026  0.00030 
 62.64500  0.00019  0.00020 
 62.74500  0.00016  0.00017 
 62.84500  0.00009  0.00010 
 62.94500  0.00003  0.00010 
