  0.04500  1.00000  1.00000 
  0.14500  1.00000  1.00000 
  0.24500  0.99999  1.00000 
  0.34500  1.00001  1.00000 
  0.44500  1.00001  1.00000 
  0.54500  0.99998  1.00000 
  0.64500  0.99995  1.00000 
  0.74500  0.99996  1.00000 
  0.84500  0.99995  0.99991 
  0.94500  0.99992  0.99990 
  1.04500  0.99988  0.99990 
  1.14500  0.99982  0.99981 
  1.24500  0.99976  0.99976 
  1.34500  0.99964  0.99966 
  1.44500  0.99952  0.99953 
  1.54500  0.99933  0.99934 
  1.64500  0.99909  0.99910 
  1.74500  0.99877  0.99877 
  1.84500  0.99835  0.99835 
  1.94500  0.99779  0.99780 
  2.04500  0.99706  0.99708 
  2.14500  0.99615  0.99615 
  2.24500  0.99495  0.99495 
  2.34500  0.99345  0.99346 
  2.44500  0.99157  0.99158 
  2.54500  0.98923  0.98923 
  2.64500  0.98635  0.98637 
  2.74500  0.98281  0.98284 
  2.84500  0.97853  0.97855 
  2.94500  0.97338  0.97340 
  3.04500  0.96725  0.96726 
  3.14500  0.95999  0.95998 
  3.24500  0.95145  0.95146 
  3.34500  0.94154  0.94153 
  3.44500  0.93007  0.93009 
  3.54500  0.91695  0.91698 
  3.64500  0.90206  0.90211 
  3.74500  0.88532  0.88537 
  3.84500  0.86664  0.86669 
  3.94500  0.84601  0.84603 
  4.04500  0.82338  0.82335 
  4.14500  0.79877  0.79867 
  4.24500  0.77217  0.77200 
  4.34500  0.74363  0.74347 
  4.44500  0.71324  0.71320 
  4.54500  0.68115  0.68134 
  4.64500  0.64764  0.64805 
  4.74500  0.61321  0.61361 
  4.84500  0.57823  0.57823 
  4.94500  0.54307  0.54223 
  5.04500  0.50639  0.50589 
  5.14500  0.46833  0.46952 
  5.24500  0.43320  0.43342 
  5.34500  0.39818  0.39787 
  5.44500  0.36361  0.36319 
  5.54500  0.32991  0.32964 
  5.64500  0.29751  0.29748 
  5.74500  0.26682  0.26693 
  5.84500  0.23799  0.23817 
  5.94500  0.21123  0.21137 
  6.04500  0.18658  0.18661 
  6.14500  0.16407  0.16405 
  6.24500  0.14377  0.14372 
  6.34500  0.12570  0.12564 
  6.44500  0.10990  0.10986 
  6.54500  0.09639  0.09634 
  6.64500  0.08516  0.08511 
  6.74500  0.07617  0.07616 
  6.84500  0.06942  0.06941 
  6.94500  0.06488  0.06487 
  7.04500  0.06254  0.06253 
  7.14500  0.06237  0.06236 
  7.24500  0.06442  0.06441 
  7.34500  0.06861  0.06862 
  7.44500  0.07505  0.07503 
  7.54500  0.08370  0.08369 
  7.64500  0.09464  0.09458 
  7.74500  0.10781  0.10776 
  7.84500  0.12329  0.12321 
  7.94500  0.14101  0.14096 
  8.04500  0.16100  0.16096 
  8.14500  0.18317  0.18322 
  8.24500  0.20755  0.20765 
  8.34500  0.23400  0.23417 
  8.44500  0.26253  0.26266 
  8.54500  0.29298  0.29296 
  8.64500  0.32514  0.32492 
  8.74500  0.35870  0.35825 
  8.84500  0.39315  0.39278 
  8.94500  0.42811  0.42823 
  9.04500  0.46325  0.46427 
  9.14500  0.50066  0.50061 
  9.24500  0.53795  0.53697 
  9.34500  0.57311  0.57303 
  9.44500  0.60810  0.60847 
  9.54500  0.64262  0.64305 
  9.64500  0.67625  0.67646 
  9.74500  0.70848  0.70848 
  9.84500  0.73907  0.73890 
  9.94500  0.76777  0.76762 
 10.04500  0.79449  0.79437 
 10.14500  0.81917  0.81913 
 10.24500  0.84181  0.84184 
 10.34500  0.86238  0.86242 
 10.44500  0.88085  0.88092 
 10.54500  0.89724  0.89728 
 10.64500  0.91157  0.91160 
 10.74500  0.92389  0.92392 
 10.84500  0.93425  0.93425 
 10.94500  0.94274  0.94273 
 11.04500  0.94936  0.94935 
 11.14500  0.95421  0.95422 
 11.24500  0.95732  0.95734 
 11.34500  0.95872  0.95875 
 11.44500  0.95846  0.95848 
 11.54500  0.95648  0.95650 
 11.64500  0.95280  0.95283 
 11.74500  0.94737  0.94738 
 11.84500  0.94014  0.94015 
 11.94500  0.93106  0.93105 
 12.04500  0.92005  0.92005 
 12.14500  0.90707  0.90712 
 12.24500  0.89205  0.89212 
 12.34500  0.87497  0.87504 
 12.44500  0.85581  0.85585 
 12.54500  0.83458  0.83458 
 12.64500  0.81126  0.81120 
 12.74500  0.78590  0.78576 
 12.84500  0.75851  0.75835 
 12.94500  0.72918  0.72905 
 13.04500  0.69801  0.69807 
 13.14500  0.66525  0.66557 
 13.24500  0.63129  0.63173 
 13.34500  0.59656  0.59684 
 13.44500  0.56148  0.56113 
 13.54500  0.52629  0.52494 
 13.64500  0.48752  0.48851 
 13.74500  0.45153  0.45219 
 13.84500  0.41638  0.41628 
 13.94500  0.38148  0.38103 
 14.04500  0.34715  0.34677 
 14.14500  0.31391  0.31373 
 14.24500  0.28209  0.28214 
 14.34500  0.25204  0.25221 
 14.44500  0.22389  0.22404 
 14.54500  0.19777  0.19784 
 14.64500  0.17365  0.17366 
 14.74500  0.15158  0.15155 
 14.84500  0.13160  0.13152 
 14.94500  0.11367  0.11360 
 15.04500  0.09778  0.09773 
 15.14500  0.08392  0.08390 
 15.24500  0.07202  0.07201 
 15.34500  0.06201  0.06202 
 15.44500  0.05387  0.05386 
 15.54500  0.04748  0.04748 
 15.64500  0.04279  0.04279 
 15.74500  0.03978  0.03977 
 15.84500  0.03838  0.03836 
 15.94500  0.03860  0.03859 
 16.04500  0.04044  0.04042 
 16.14500  0.04392  0.04389 
 16.24500  0.04904  0.04906 
 16.34500  0.05593  0.05591 
 16.44500  0.06457  0.06457 
 16.54500  0.07507  0.07506 
 16.64500  0.08749  0.08747 
 16.74500  0.10191  0.10186 
 16.84500  0.11834  0.11828 
 16.94500  0.13684  0.13678 
 17.04500  0.15741  0.15738 
 17.14500  0.18003  0.18007 
 17.24500  0.20470  0.20480 
 17.34500  0.23139  0.23156 
 17.44500  0.26007  0.26021 
 17.54500  0.29061  0.29063 
 17.64500  0.32286  0.32262 
 17.74500  0.35642  0.35603 
 17.84500  0.39096  0.39058 
 17.94500  0.42597  0.42604 
 18.04500  0.46114  0.46209 
 18.14500  0.49834  0.49848 
 18.24500  0.53592  0.53488 
 18.34500  0.57109  0.57098 
 18.44500  0.60615  0.60651 
 18.54500  0.64075  0.64116 
 18.64500  0.67444  0.67470 
 18.74500  0.70685  0.70685 
 18.84500  0.73763  0.73746 
 18.94500  0.76651  0.76633 
 19.04500  0.79344  0.79333 
 19.14500  0.81841  0.81838 
 19.24500  0.84139  0.84142 
 19.34500  0.86234  0.86240 
 19.44500  0.88129  0.88133 
 19.54500  0.89826  0.89830 
 19.64500  0.91330  0.91331 
 19.74500  0.92645  0.92644 
 19.84500  0.93785  0.93784 
 19.94500  0.94754  0.94755 
 20.04500  0.95566  0.95567 
 20.14500  0.96232  0.96234 
 20.24500  0.96757  0.96757 
 20.34500  0.97149  0.97151 
 20.44500  0.97418  0.97419 
 20.54500  0.97566  0.97568 
 20.64500  0.97596  0.97596 
 20.74500  0.97508  0.97508 
 20.84500  0.97299  0.97298 
 20.94500  0.96968  0.96967 
 21.04500  0.96508  0.96508 
 21.14500  0.95913  0.95914 
 21.24500  0.95177  0.95175 
 21.34500  0.94284  0.94283 
 21.44500  0.93231  0.93230 
 21.54500  0.92001  0.92003 
 21.64500  0.90591  0.90595 
 21.74500  0.88990  0.88997 
 21.84500  0.87193  0.87199 
 21.94500  0.85198  0.85202 
 22.04500  0.83002  0.83000 
 22.14500  0.80605  0.80596 
 22.24500  0.78006  0.77990 
 22.34500  0.75213  0.75194 
 22.44500  0.72225  0.72218 
 22.54500  0.69064  0.69076 
 22.64500  0.65753  0.65787 
 22.74500  0.62330  0.62375 
 22.84500  0.58845  0.58862 
 22.94500  0.55330  0.55276 
 23.04500  0.51789  0.51646 
 23.14500  0.47850  0.48003 
 23.24500  0.44331  0.44375 
 23.34500  0.40818  0.40797 
 23.44500  0.37336  0.37291 
 23.54500  0.33923  0.33889 
 23.64500  0.30625  0.30616 
 23.74500  0.27482  0.27491 
 23.84500  0.24516  0.24532 
 23.94500  0.21743  0.21756 
 24.04500  0.19167  0.19174 
 24.14500  0.16793  0.16794 
 24.24500  0.14623  0.14618 
 24.34500  0.12653  0.12647 
 24.44500  0.10887  0.10881 
 24.54500  0.09318  0.09314 
 24.64500  0.07944  0.07942 
 24.74500  0.06756  0.06753 
 24.84500  0.05744  0.05743 
 24.94500  0.04903  0.04901 
 25.04500  0.04220  0.04220 
 25.14500  0.03692  0.03692 
 25.24500  0.03311  0.03310 
 25.34500  0.03071  0.03067 
 25.44500  0.02965  0.02963 
 25.54500  0.02999  0.02997 
 25.64500  0.03168  0.03164 
 25.74500  0.03474  0.03473 
 25.84500  0.03924  0.03923 
 25.94500  0.04524  0.04523 
 26.04500  0.05280  0.05281 
 26.14500  0.06202  0.06200 
 26.24500  0.07294  0.07295 
 26.34500  0.08571  0.08567 
 26.44500  0.10036  0.10032 
 26.54500  0.11700  0.11692 
 26.64500  0.13562  0.13553 
 26.74500  0.15627  0.15623 
 26.84500  0.17893  0.17897 
 26.94500  0.20362  0.20375 
 27.04500  0.23032  0.23048 
 27.14500  0.25899  0.25911 
 27.24500  0.28952  0.28953 
 27.34500  0.32172  0.32151 
 27.44500  0.35528  0.35486 
 27.54500  0.38981  0.38940 
 27.64500  0.42481  0.42485 
 27.74500  0.45998  0.46089 
 27.84500  0.49707  0.49729 
 27.94500  0.53478  0.53368 
 28.04500  0.56996  0.56979 
 28.14500  0.60503  0.60537 
 28.24500  0.63964  0.64006 
 28.34500  0.67338  0.67362 
 28.44500  0.70583  0.70584 
 28.54500  0.73664  0.73651 
 28.64500  0.76560  0.76542 
 28.74500  0.79263  0.79249 
 28.84500  0.81765  0.81759 
 28.94500  0.84067  0.84069 
 29.04500  0.86169  0.86174 
 29.14500  0.88070  0.88074 
 29.24500  0.89773  0.89777 
 29.34500  0.91283  0.91285 
 29.44500  0.92606  0.92606 
 29.54500  0.93750  0.93751 
 29.64500  0.94726  0.94726 
 29.74500  0.95543  0.95544 
 29.84500  0.96213  0.96213 
 29.94500  0.96742  0.96743 
 30.04500  0.97139  0.97140 
 30.14500  0.97412  0.97414 
 30.24500  0.97564  0.97563 
 30.34500  0.97597  0.97597 
 30.44500  0.97510  0.97512 
 30.54500  0.97307  0.97308 
 30.64500  0.96978  0.96981 
 30.74500  0.96524  0.96526 
 30.84500  0.95936  0.95934 
 30.94500  0.95201  0.95202 
 31.04500  0.94316  0.94314 
 31.14500  0.93265  0.93267 
 31.24500  0.92043  0.92045 
 31.34500  0.90641  0.90643 
 31.44500  0.89043  0.89051 
 31.54500  0.87257  0.87262 
 31.64500  0.85267  0.85270 
 31.74500  0.83077  0.83077 
 31.84500  0.80687  0.80677 
 31.94500  0.78095  0.78078 
 32.04500  0.75306  0.75288 
 32.14500  0.72326  0.72315 
 32.24500  0.69170  0.69182 
 32.34500  0.65862  0.65897 
 32.44500  0.62444  0.62486 
 32.54500  0.58958  0.58977 
 32.64500  0.55443  0.55392 
 32.74500  0.51912  0.51763 
 32.84500  0.47967  0.48120 
 32.94500  0.44445  0.44492 
 33.04500  0.40933  0.40910 
 33.14500  0.37447  0.37404 
 33.24500  0.34030  0.33996 
 33.34500  0.30728  0.30716 
 33.44500  0.27576  0.27586 
 33.54500  0.24604  0.24620 
 33.64500  0.21819  0.21834 
 33.74500  0.19235  0.19242 
 33.84500  0.16849  0.16849 
 33.94500  0.14665  0.14659 
 34.04500  0.12680  0.12673 
 34.14500  0.10895  0.10887 
 34.24500  0.09304  0.09300 
 34.34500  0.07900  0.07900 
 34.44500  0.06681  0.06679 
 34.54500  0.05633  0.05632 
 34.64500  0.04743  0.04744 
 34.74500  0.04006  0.04004 
 34.84500  0.03409  0.03407 
 34.94500  0.02944  0.02943 
 35.04500  0.02606  0.02602 
 35.14500  0.02385  0.02382 
 35.24500  0.02281  0.02277 
 35.34500  0.02287  0.02284 
 35.44500  0.02408  0.02406 
 35.54500  0.02646  0.02643 
 35.64500  0.03002  0.03002 
 35.74500  0.03485  0.03486 
 35.84500  0.04103  0.04100 
 35.94500  0.04861  0.04859 
 36.04500  0.05773  0.05772 
 36.14500  0.06846  0.06842 
 36.24500  0.08092  0.08088 
 36.34500  0.09519  0.09514 
 36.44500  0.11138  0.11132 
 36.54500  0.12953  0.12945 
 36.64500  0.14966  0.14961 
 36.74500  0.17179  0.17180 
 36.84500  0.19594  0.19602 
 36.94500  0.22208  0.22222 
 37.04500  0.25018  0.25033 
 37.14500  0.28017  0.28023 
 37.24500  0.31193  0.31177 
 37.34500  0.34515  0.34477 
 37.44500  0.37944  0.37899 
 37.54500  0.41434  0.41418 
 37.64500  0.44947  0.45009 
 37.74500  0.48526  0.48641 
 37.84500  0.52425  0.52283 
 37.94500  0.55946  0.55907 
 38.04500  0.59455  0.59481 
 38.14500  0.62932  0.62975 
 38.24500  0.66333  0.66365 
 38.34500  0.69617  0.69625 
 38.44500  0.72743  0.72732 
 38.54500  0.75688  0.75670 
 38.64500  0.78438  0.78424 
 38.74500  0.80986  0.80978 
 38.84500  0.83329  0.83330 
 38.94500  0.85466  0.85469 
 39.04500  0.87395  0.87401 
 39.14500  0.89115  0.89119 
 39.24500  0.90627  0.90629 
 39.34500  0.91936  0.91937 
 39.44500  0.93048  0.93048 
 39.54500  0.93969  0.93967 
 39.64500  0.94702  0.94700 
 39.74500  0.95254  0.95253 
 39.84500  0.95634  0.95632 
 39.94500  0.95840  0.95840 
 40.04500  0.95877  0.95879 
 40.14500  0.95746  0.95745 
 40.24500  0.95444  0.95445 
 40.34500  0.94968  0.94968 
 40.44500  0.94316  0.94315 
 40.54500  0.93481  0.93480 
 40.64500  0.92457  0.92456 
 40.74500  0.91233  0.91236 
 40.84500  0.89812  0.89816 
 40.94500  0.88186  0.88191 
 41.04500  0.86349  0.86355 
 41.14500  0.84306  0.84308 
 41.24500  0.82055  0.82049 
 41.34500  0.79599  0.79586 
 41.44500  0.76937  0.76919 
 41.54500  0.74077  0.74064 
 41.64500  0.71029  0.71029 
 41.74500  0.67814  0.67834 
 41.84500  0.64460  0.64498 
 41.94500  0.61010  0.61049 
 42.04500  0.57512  0.57506 
 42.14500  0.53997  0.53904 
 42.24500  0.50291  0.50270 
 42.34500  0.46528  0.46634 
 42.44500  0.43013  0.43026 
 42.54500  0.39517  0.39479 
 42.64500  0.36065  0.36023 
 42.74500  0.32704  0.32679 
 42.84500  0.29479  0.29476 
 42.94500  0.26423  0.26437 
 43.04500  0.23560  0.23574 
 43.14500  0.20900  0.20912 
 43.24500  0.18453  0.18457 
 43.34500  0.16221  0.16218 
 43.44500  0.14212  0.14203 
 43.54500  0.12424  0.12417 
 43.64500  0.10864  0.10860 
 43.74500  0.09534  0.09528 
 43.84500  0.08426  0.08426 
 43.94500  0.07550  0.07549 
 44.04500  0.06893  0.06893 
 44.14500  0.06460  0.06459 
 44.24500  0.06245  0.06242 
 44.34500  0.06248  0.06246 
 44.44500  0.06469  0.06468 
 44.54500  0.06911  0.06908 
 44.64500  0.07573  0.07570 
 44.74500  0.08457  0.08456 
 44.84500  0.09568  0.09565 
 44.94500  0.10909  0.10901 
 45.04500  0.12475  0.12465 
 45.14500  0.14266  0.14262 
 45.24500  0.16285  0.16280 
 45.34500  0.18523  0.18526 
 45.44500  0.20975  0.20988 
 45.54500  0.23640  0.23658 
 45.64500  0.26512  0.26521 
 45.74500  0.29572  0.29569 
 45.84500  0.32803  0.32775 
 45.94500  0.36167  0.36123 
 46.04500  0.39620  0.39585 
 46.14500  0.43118  0.43133 
 46.24500  0.46633  0.46742 
 46.34500  0.50412  0.50379 
 46.44500  0.54104  0.54013 
 46.54500  0.57621  0.57615 
 46.64500  0.61118  0.61155 
 46.74500  0.64567  0.64606 
 46.84500  0.67919  0.67938 
 46.94500  0.71135  0.71130 
 47.04500  0.74182  0.74165 
 47.14500  0.77042  0.77023 
 47.24500  0.79703  0.79692 
 47.34500  0.82166  0.82162 
 47.44500  0.84426  0.84428 
 47.54500  0.86482  0.86487 
 47.64500  0.88334  0.88340 
 47.74500  0.89987  0.89990 
 47.84500  0.91441  0.91441 
 47.94500  0.92704  0.92703 
 48.04500  0.93781  0.93782 
 48.14500  0.94686  0.94684 
 48.24500  0.95421  0.95422 
 48.34500  0.95998  0.95997 
 48.44500  0.96420  0.96420 
 48.54500  0.96696  0.96696 
 48.64500  0.96827  0.96827 
 48.74500  0.96817  0.96818 
 48.84500  0.96665  0.96664 
 48.94500  0.96366  0.96367 
 49.04500  0.95921  0.95921 
 49.14500  0.95323  0.95321 
 49.24500  0.94562  0.94560 
 49.34500  0.93633  0.93632 
 49.44500  0.92526  0.92526 
 49.54500  0.91238  0.91238 
 49.64500  0.89753  0.89757 
 49.74500  0.88071  0.88077 
 49.84500  0.86187  0.86192 
 49.94500  0.84101  0.84103 
 50.04500  0.81813  0.81804 
 50.14500  0.79319  0.79304 
 50.24500  0.76628  0.76609 
 50.34500  0.73740  0.73724 
 50.44500  0.70663  0.70664 
 50.54500  0.67425  0.67450 
 50.64500  0.64056  0.64096 
 50.74500  0.60595  0.60631 
 50.84500  0.57092  0.57078 
 50.94500  0.53574  0.53468 
 51.04500  0.49816  0.49829 
 51.14500  0.46096  0.46190 
 51.24500  0.42578  0.42585 
 51.34500  0.39078  0.39040 
 51.44500  0.35628  0.35584 
 51.54500  0.32270  0.32245 
 51.64500  0.29048  0.29046 
 51.74500  0.25991  0.26007 
 51.84500  0.23126  0.23143 
 51.94500  0.20458  0.20468 
 52.04500  0.17992  0.17994 
 52.14500  0.15729  0.15727 
 52.24500  0.13676  0.13668 
 52.34500  0.11827  0.11818 
 52.44500  0.10184  0.10177 
 52.54500  0.08745  0.08740 
 52.64500  0.07502  0.07500 
 52.74500  0.06453  0.06451 
 52.84500  0.05590  0.05588 
 52.94500  0.04905  0.04901 
 53.04500  0.04391  0.04387 
 53.14500  0.04042  0.04042 
 53.24500  0.03862  0.03859 
 53.34500  0.03840  0.03836 
 53.44500  0.03980  0.03978 
 53.54500  0.04283  0.04280 
 53.64500  0.04752  0.04751 
 53.74500  0.05393  0.05391 
 53.84500  0.06208  0.06208 
 53.94500  0.07207  0.07206 
 54.04500  0.08400  0.08396 
 54.14500  0.09786  0.09780 
 54.24500  0.11375  0.11368 
 54.34500  0.13171  0.13162 
 54.44500  0.15170  0.15165 
 54.54500  0.17377  0.17378 
 54.64500  0.19791  0.19799 
 54.74500  0.22406  0.22422 
 54.84500  0.25220  0.25235 
 54.94500  0.28226  0.28231 
 55.04500  0.31406  0.31390 
 55.14500  0.34733  0.34696 
 55.24500  0.38164  0.38120 
 55.34500  0.41654  0.41643 
 55.44500  0.45168  0.45235 
 55.54500  0.48771  0.48867 
 55.64500  0.52643  0.52507 
 55.74500  0.56160  0.56127 
 55.84500  0.59666  0.59693 
 55.94500  0.63136  0.63179 
 56.04500  0.66527  0.66557 
 56.14500  0.69797  0.69803 
 56.24500  0.72904  0.72892 
 56.34500  0.75825  0.75809 
 56.44500  0.78547  0.78533 
 56.54500  0.81065  0.81061 
 56.64500  0.83373  0.83373 
 56.74500  0.85466  0.85471 
 56.84500  0.87344  0.87349 
 56.94500  0.89002  0.89007 
 57.04500  0.90446  0.90446 
 57.14500  0.91670  0.91670 
 57.24500  0.92681  0.92681 
 57.34500  0.93485  0.93485 
 57.44500  0.94081  0.94080 
 57.54500  0.94476  0.94476 
 57.64500  0.94671  0.94670 
 57.74500  0.94667  0.94667 
 57.84500  0.94466  0.94467 
 57.94500  0.94064  0.94063 
 58.04500  0.93460  0.93458 
 58.14500  0.92650  0.92650 
 58.24500  0.91632  0.91630 
 58.34500  0.90398  0.90401 
 58.44500  0.88948  0.88952 
 58.54500  0.87280  0.87285 
 58.64500  0.85396  0.85401 
 58.74500  0.83295  0.83295 
 58.84500  0.80982  0.80973 
 58.94500  0.78458  0.78439 
 59.04500  0.75728  0.75707 
 59.14500  0.72798  0.72785 
 59.24500  0.69683  0.69690 
 59.34500  0.66408  0.66440 
 59.44500  0.63015  0.63057 
 59.54500  0.59543  0.59566 
 59.64500  0.56036  0.56000 
 59.74500  0.52518  0.52377 
 59.84500  0.48631  0.48737 
 59.94500  0.45042  0.45105 
 60.04500  0.41528  0.41514 
 60.14500  0.38036  0.37991 
 60.24500  0.34605  0.34567 
 60.34500  0.31279  0.31263 
 60.44500  0.28100  0.28104 
 60.54500  0.25092  0.25108 
 60.64500  0.22275  0.22289 
 60.74500  0.19652  0.19658 
 60.84500  0.17228  0.17228 
 60.94500  0.15001  0.14998 
 61.04500  0.12975  0.12968 
 61.14500  0.11144  0.11137 
 61.24500  0.09503  0.09496 
 61.34500  0.08049  0.08045 
 61.44500  0.06769  0.06766 
 61.54500  0.05653  0.05651 
 61.64500  0.04687  0.04687 
 61.74500  0.03859  0.03857 
 61.84500  0.03155  0.03153 
 61.94500  0.02560  0.02558 
 62.04500  0.02064  0.02059 
 62.14500  0.01649  0.01646 
 62.24500  0.01310  0.01306 
 62.34500  0.01032  0.01028 
 62.44500  0.00807  0.00803 
 62.54500  0.00627  0.00623 
 62.64500  0.00483  0.00481 
 62.74500  0.00369  0.00365 
 62.84500  0.00281  0.00278 
 62.94500  0.00212  0.00209 
 63.04500  0.00158  0.00156 
 63.14500  0.00117  0.00115 
 63.24500  0.00088  0.00085 
 63.34500  0.00064  0.00062 
 63.44500  0.00047  0.00045 
 63.54500  0.00035  0.00033 
 63.64500  0.00024  0.00023 
 63.74500  0.00019  0.00018 
 63.84500  0.00014  0.00010 
 63.94500  0.00009  0.00010 
 64.04500  0.00010  0.00010 
 64.14500  0.00004  0.00010 
