  0.04500  1.00002  1.00000 
  0.14500  1.00002  1.00000 
  0.24500  1.00002  1.00000 
  0.34500  1.00002  1.00000 
  0.44500  1.00002  1.00000 
  0.54500  1.00002  1.00000 
  0.64500  1.00002  1.00000 
  0.74500  1.00002  1.00000 
  0.84500  1.00002  1.00000 
  0.94500  1.00002  1.00000 
  1.04500  1.00002  1.00000 
  1.14500  1.00002  1.00000 
  1.24500  1.00002  1.00000 
  1.34500  1.00002  1.00000 
  1.44500  1.00002  1.00000 
  1.54500  1.00002  1.00000 
  1.64500  1.00002  1.00000 
  1.74500  1.00001  1.00000 
  1.84500  1.00002  1.00000 
  1.94500  1.00002  1.00000 
  2.04500  1.00002  1.00000 
  2.14500  1.00003  1.00000 
  2.24500  1.00002  1.00000 
  2.34500  1.00002  1.00000 
  2.44500  1.00003  1.00000 
  2.54500  1.00003  1.00000 
  2.64500  1.00003  1.00000 
  2.74500  1.00002  1.00000 
  2.84500  1.00000  1.00000 
  2.94500  0.99998  0.99995 
  3.04500  0.99993  0.99990 
  3.14500  0.99981  0.99977 
  3.24500  0.99958  0.99957 
  3.34500  0.99919  0.99917 
  3.44500  0.99847  0.99849 
  3.54500  0.99724  0.99727 
  3.64500  0.99523  0.99529 
  3.74500  0.99202  0.99210 
  3.84500  0.98708  0.98711 
  3.94500  0.97968  0.97963 
  4.04500  0.96892  0.96877 
  4.14500  0.95377  0.95348 
  4.24500  0.93300  0.93271 
  4.34500  0.90554  0.90536 
  4.44500  0.87044  0.87066 
  4.54500  0.82727  0.82794 
  4.64500  0.77620  0.77718 
  4.74500  0.71807  0.71882 
  4.84500  0.65431  0.65392 
  4.94500  0.58665  0.58418 
  5.04500  0.51298  0.51162 
  5.14500  0.43543  0.43872 
  5.24500  0.36691  0.36783 
  5.34500  0.30171  0.30120 
  5.44500  0.24161  0.24062 
  5.54500  0.18818  0.18734 
  5.64500  0.14244  0.14206 
  5.74500  0.10480  0.10483 
  5.84500  0.07498  0.07525 
  5.94500  0.05220  0.05248 
  6.04500  0.03539  0.03557 
  6.14500  0.02336  0.02341 
  6.24500  0.01500  0.01494 
  6.34500  0.00935  0.00926 
  6.44500  0.00566  0.00558 
  6.54500  0.00331  0.00325 
  6.64500  0.00188  0.00186 
  6.74500  0.00102  0.00102 
  6.84500  0.00054  0.00055 
  6.94500  0.00029  0.00030 
  7.04500  0.00017  0.00020 
  7.14500  0.00016  0.00020 
  7.24500  0.00026  0.00028 
  7.34500  0.00049  0.00050 
  7.44500  0.00094  0.00092 
  7.54500  0.00172  0.00168 
  7.64500  0.00306  0.00299 
  7.74500  0.00527  0.00515 
  7.84500  0.00873  0.00863 
  7.94500  0.01404  0.01397 
  8.04500  0.02194  0.02197 
  8.14500  0.03338  0.03355 
  8.24500  0.04943  0.04968 
  8.34500  0.07127  0.07153 
  8.44500  0.10001  0.10010 
  8.54500  0.13651  0.13619 
  8.64500  0.18108  0.18031 
  8.74500  0.23346  0.23244 
  8.84500  0.29268  0.29203 
  8.94500  0.35725  0.35790 
  9.04500  0.42540  0.42830 
  9.14500  0.50122  0.50107 
  9.24500  0.57666  0.57380 
  9.34500  0.64473  0.64412 
  9.44500  0.70917  0.70982 
  9.54500  0.76820  0.76920 
  9.64500  0.82037  0.82111 
  9.74500  0.86470  0.86499 
  9.84500  0.90095  0.90084 
  9.94500  0.92947  0.92920 
 10.04500  0.95115  0.95085 
 10.14500  0.96703  0.96686 
 10.24500  0.97836  0.97831 
 10.34500  0.98618  0.98621 
 10.44500  0.99142  0.99151 
 10.54500  0.99485  0.99492 
 10.64500  0.99700  0.99705 
 10.74500  0.99832  0.99835 
 10.84500  0.99911  0.99909 
 10.94500  0.99955  0.99952 
 11.04500  0.99979  0.99976 
 11.14500  0.99992  0.99988 
 11.24500  0.99997  0.99990 
 11.34500  0.99998  1.00000 
 11.44500  0.99998  0.99997 
 11.54500  0.99996  0.99990 
 11.64500  0.99988  0.99985 
 11.74500  0.99972  0.99969 
 11.84500  0.99944  0.99941 
 11.94500  0.99889  0.99889 
 12.04500  0.99797  0.99800 
 12.14500  0.99640  0.99647 
 12.24500  0.99387  0.99397 
 12.34500  0.98992  0.98999 
 12.44500  0.98392  0.98393 
 12.54500  0.97506  0.97497 
 12.64500  0.96235  0.96213 
 12.74500  0.94468  0.94439 
 12.84500  0.92088  0.92063 
 12.94500  0.88987  0.88987 
 13.04500  0.85097  0.85141 
 13.14500  0.80398  0.80486 
 13.24500  0.74942  0.75041 
 13.34500  0.68843  0.68876 
 13.44500  0.62260  0.62133 
 13.54500  0.55366  0.54996 
 13.64500  0.47430  0.47696 
 13.74500  0.40262  0.40471 
 13.84500  0.33545  0.33559 
 13.94500  0.27248  0.27160 
 14.04500  0.21536  0.21438 
 14.14500  0.16549  0.16484 
 14.24500  0.12357  0.12343 
 14.34500  0.08970  0.08987 
 14.44500  0.06335  0.06364 
 14.54500  0.04355  0.04380 
 14.64500  0.02916  0.02927 
 14.74500  0.01897  0.01899 
 14.84500  0.01204  0.01195 
 14.94500  0.00739  0.00730 
 15.04500  0.00440  0.00431 
 15.14500  0.00254  0.00249 
 15.24500  0.00142  0.00138 
 15.34500  0.00073  0.00076 
 15.44500  0.00039  0.00039 
 15.54500  0.00018  0.00020 
 15.64500  0.00009  0.00010 
 15.74500  0.00004  0.00005 
 15.84500  0.00002  0.00000 
 15.94500  0.00002  0.00000 
 16.04500  0.00004  0.00008 
 16.14500  0.00010  0.00012 
 16.24500  0.00022  0.00024 
 16.34500  0.00046  0.00046 
 16.44500  0.00089  0.00089 
 16.54500  0.00168  0.00165 
 16.64500  0.00297  0.00291 
 16.74500  0.00509  0.00502 
 16.84500  0.00848  0.00839 
 16.94500  0.01366  0.01361 
 17.04500  0.02140  0.02143 
 17.14500  0.03261  0.03277 
 17.24500  0.04839  0.04864 
 17.34500  0.06986  0.07011 
 17.44500  0.09818  0.09827 
 17.54500  0.13420  0.13390 
 17.64500  0.17833  0.17757 
 17.74500  0.23029  0.22927 
 17.84500  0.28915  0.28847 
 17.94500  0.35345  0.35400 
 18.04500  0.42146  0.42421 
 18.14500  0.49657  0.49690 
 18.24500  0.57270  0.56971 
 18.34500  0.64093  0.64020 
 18.44500  0.70564  0.70622 
 18.54500  0.76500  0.76603 
 18.64500  0.81759  0.81839 
 18.74500  0.86241  0.86270 
 18.84500  0.89911  0.89901 
 18.94500  0.92806  0.92775 
 19.04500  0.95007  0.94979 
 19.14500  0.96627  0.96610 
 19.24500  0.97782  0.97776 
 19.34500  0.98581  0.98584 
 19.44500  0.99118  0.99126 
 19.54500  0.99469  0.99476 
 19.64500  0.99691  0.99694 
 19.74500  0.99827  0.99829 
 19.84500  0.99907  0.99907 
 19.94500  0.99953  0.99950 
 20.04500  0.99978  0.99975 
 20.14500  0.99991  0.99988 
 20.24500  0.99997  0.99993 
 20.34500  1.00000  1.00000 
 20.44500  1.00003  1.00000 
 20.54500  1.00001  1.00000 
 20.64500  1.00001  1.00000 
 20.74500  1.00001  1.00000 
 20.84500  1.00002  1.00000 
 20.94500  0.99999  0.99998 
 21.04500  0.99995  0.99990 
 21.14500  0.99986  0.99983 
 21.24500  0.99966  0.99964 
 21.34500  0.99935  0.99932 
 21.44500  0.99873  0.99872 
 21.54500  0.99768  0.99770 
 21.64500  0.99592  0.99596 
 21.74500  0.99311  0.99319 
 21.84500  0.98874  0.98881 
 21.94500  0.98217  0.98215 
 22.04500  0.97248  0.97235 
 22.14500  0.95872  0.95849 
 22.24500  0.93973  0.93942 
 22.34500  0.91433  0.91410 
 22.44500  0.88153  0.88161 
 22.54500  0.84073  0.84130 
 22.64500  0.79192  0.79284 
 22.74500  0.73571  0.73662 
 22.84500  0.67343  0.67348 
 22.94500  0.60673  0.60497 
 23.04500  0.53684  0.53301 
 23.14500  0.45586  0.45994 
 23.24500  0.38667  0.38824 
 23.34500  0.32034  0.32013 
 23.44500  0.25858  0.25762 
 23.54500  0.20304  0.20211 
 23.64500  0.15498  0.15448 
 23.74500  0.11497  0.11490 
 23.84500  0.08292  0.08315 
 23.94500  0.05821  0.05849 
 24.04500  0.03977  0.04000 
 24.14500  0.02646  0.02652 
 24.24500  0.01712  0.01710 
 24.34500  0.01078  0.01070 
 24.44500  0.00657  0.00649 
 24.54500  0.00389  0.00382 
 24.64500  0.00222  0.00219 
 24.74500  0.00122  0.00122 
 24.84500  0.00063  0.00064 
 24.94500  0.00034  0.00033 
 25.04500  0.00015  0.00016 
 25.14500  0.00006  0.00010 
 25.24500  0.00003  0.00002 
 25.34500  0.00001  0.00000 
 25.44500 -0.00000  0.00000 
 25.54500 -0.00000  0.00000 
 25.64500  0.00003  0.00000 
 25.74500  0.00004  0.00006 
 25.84500  0.00010  0.00011 
 25.94500  0.00022  0.00024 
 26.04500  0.00045  0.00046 
 26.14500  0.00088  0.00086 
 26.24500  0.00163  0.00159 
 26.34500  0.00291  0.00284 
 26.44500  0.00502  0.00493 
 26.54500  0.00835  0.00825 
 26.64500  0.01346  0.01341 
 26.74500  0.02112  0.02114 
 26.84500  0.03219  0.03234 
 26.94500  0.04778  0.04803 
 27.04500  0.06907  0.06933 
 27.14500  0.09715  0.09726 
 27.24500  0.13292  0.13264 
 27.34500  0.17677  0.17604 
 27.44500  0.22849  0.22744 
 27.54500  0.28714  0.28643 
 27.64500  0.35131  0.35180 
 27.74500  0.41921  0.42188 
 27.84500  0.49398  0.49453 
 27.94500  0.57046  0.56739 
 28.04500  0.63878  0.63798 
 28.14500  0.70362  0.70419 
 28.24500  0.76319  0.76419 
 28.34500  0.81602  0.81679 
 28.44500  0.86106  0.86139 
 28.54500  0.89804  0.89796 
 28.64500  0.92721  0.92695 
 28.74500  0.94945  0.94914 
 28.84500  0.96583  0.96564 
 28.94500  0.97749  0.97743 
 29.04500  0.98559  0.98563 
 29.14500  0.99104  0.99110 
 29.24500  0.99459  0.99468 
 29.34500  0.99685  0.99690 
 29.44500  0.99823  0.99825 
 29.54500  0.99906  0.99904 
 29.64500  0.99953  0.99949 
 29.74500  0.99977  0.99975 
 29.84500  0.99992  0.99987 
 29.94500  0.99997  0.99992 
 30.04500  1.00000  1.00000 
 30.14500  1.00002  1.00000 
 30.24500  1.00001  1.00000 
 30.34500  1.00001  1.00000 
 30.44500  1.00001  1.00000 
 30.54500  1.00001  1.00000 
 30.64500  0.99999  0.99998 
 30.74500  0.99995  0.99990 
 30.84500  0.99986  0.99983 
 30.94500  0.99968  0.99964 
 31.04500  0.99936  0.99933 
 31.14500  0.99874  0.99875 
 31.24500  0.99771  0.99775 
 31.34500  0.99598  0.99606 
 31.44500  0.99320  0.99331 
 31.54500  0.98891  0.98896 
 31.64500  0.98240  0.98239 
 31.74500  0.97285  0.97273 
 31.84500  0.95924  0.95899 
 31.94500  0.94044  0.94012 
 32.04500  0.91525  0.91504 
 32.14500  0.88272  0.88280 
 32.24500  0.84218  0.84271 
 32.34500  0.79362  0.79457 
 32.44500  0.73765  0.73856 
 32.54500  0.67554  0.67564 
 32.64500  0.60895  0.60725 
 32.74500  0.53938  0.53537 
 32.84500  0.45820  0.46230 
 32.94500  0.38888  0.39050 
 33.04500  0.32243  0.32225 
 33.14500  0.26049  0.25953 
 33.24500  0.20474  0.20379 
 33.34500  0.15643  0.15588 
 33.44500  0.11613  0.11607 
 33.54500  0.08385  0.08406 
 33.64500  0.05890  0.05918 
 33.74500  0.04027  0.04049 
 33.84500  0.02679  0.02691 
 33.94500  0.01738  0.01736 
 34.04500  0.01094  0.01085 
 34.14500  0.00669  0.00659 
 34.24500  0.00396  0.00387 
 34.34500  0.00226  0.00222 
 34.44500  0.00126  0.00122 
 34.54500  0.00065  0.00067 
 34.64500  0.00034  0.00034 
 34.74500  0.00015  0.00017 
 34.84500  0.00007  0.00010 
 34.94500  0.00004  0.00002 
 35.04500  0.00001  0.00000 
 35.14500  0.00002  0.00000 
 35.24500 -0.00001  0.00000 
 35.34500 -0.00000  0.00000 
 35.44500  0.00001  0.00000 
 35.54500  0.00002  0.00000 
 35.64500  0.00003  0.00003 
 35.74500  0.00008  0.00010 
 35.84500  0.00017  0.00019 
 35.94500  0.00038  0.00038 
 36.04500  0.00072  0.00071 
 36.14500  0.00138  0.00133 
 36.24500  0.00245  0.00240 
 36.34500  0.00428  0.00419 
 36.44500  0.00719  0.00711 
 36.54500  0.01172  0.01163 
 36.64500  0.01852  0.01852 
 36.74500  0.02847  0.02856 
 36.84500  0.04259  0.04283 
 36.94500  0.06206  0.06234 
 37.04500  0.08801  0.08819 
 37.14500  0.12142  0.12128 
 37.24500  0.16285  0.16225 
 37.34500  0.21229  0.21131 
 37.44500  0.26903  0.26811 
 37.54500  0.33170  0.33174 
 37.64500  0.39869  0.40062 
 37.74500  0.46969  0.47277 
 37.84500  0.54966  0.54579 
 37.94500  0.61869  0.61731 
 38.04500  0.68474  0.68503 
 38.14500  0.74606  0.74704 
 38.24500  0.80105  0.80193 
 38.34500  0.84849  0.84895 
 38.44500  0.88787  0.88788 
 38.54500  0.91929  0.91906 
 38.64500  0.94349  0.94318 
 38.74500  0.96149  0.96125 
 38.84500  0.97444  0.97434 
 38.94500  0.98349  0.98351 
 39.04500  0.98964  0.98969 
 39.14500  0.99369  0.99377 
 39.24500  0.99629  0.99636 
 39.34500  0.99788  0.99791 
 39.44500  0.99886  0.99885 
 39.54500  0.99941  0.99938 
 39.64500  0.99972  0.99969 
 39.74500  0.99988  0.99984 
 39.84500  0.99995  0.99990 
 39.94500  0.99999  0.99996 
 40.04500  0.99998  1.00000 
 40.14500  0.99998  0.99991 
 40.24500  0.99992  0.99989 
 40.34500  0.99980  0.99976 
 40.44500  0.99956  0.99954 
 40.54500  0.99914  0.99914 
 40.64500  0.99839  0.99841 
 40.74500  0.99710  0.99716 
 40.84500  0.99500  0.99506 
 40.94500  0.99167  0.99174 
 41.04500  0.98654  0.98658 
 41.14500  0.97890  0.97884 
 41.24500  0.96780  0.96764 
 41.34500  0.95219  0.95190 
 41.44500  0.93089  0.93060 
 41.54500  0.90278  0.90267 
 41.64500  0.86701  0.86727 
 41.74500  0.82313  0.82386 
 41.84500  0.77141  0.77239 
 41.94500  0.71272  0.71340 
 42.04500  0.64856  0.64803 
 42.14500  0.58064  0.57793 
 42.24500  0.50584  0.50528 
 42.34500  0.42941  0.43243 
 42.44500  0.36107  0.36184 
 42.54500  0.29626  0.29566 
 42.64500  0.23669  0.23567 
 42.74500  0.18388  0.18308 
 42.84500  0.13885  0.13851 
 42.94500  0.10189  0.10194 
 43.04500  0.07273  0.07300 
 43.14500  0.05052  0.05080 
 43.24500  0.03417  0.03434 
 43.34500  0.02250  0.02254 
 43.44500  0.01442  0.01436 
 43.54500  0.00897  0.00890 
 43.64500  0.00542  0.00532 
 43.74500  0.00318  0.00309 
 43.84500  0.00179  0.00175 
 43.94500  0.00097  0.00096 
 44.04500  0.00051  0.00052 
 44.14500  0.00027  0.00028 
 44.24500  0.00016  0.00020 
 44.34500  0.00016  0.00020 
 44.44500  0.00026  0.00030 
 44.54500  0.00051  0.00052 
 44.64500  0.00099  0.00098 
 44.74500  0.00182  0.00177 
 44.84500  0.00322  0.00316 
 44.94500  0.00550  0.00540 
 45.04500  0.00911  0.00901 
 45.14500  0.01461  0.01456 
 45.24500  0.02279  0.02283 
 45.34500  0.03458  0.03476 
 45.44500  0.05109  0.05136 
 45.54500  0.07349  0.07375 
 45.64500  0.10289  0.10294 
 45.74500  0.14006  0.13968 
 45.84500  0.18534  0.18452 
 45.94500  0.23836  0.23733 
 46.04500  0.29810  0.29754 
 46.14500  0.36305  0.36387 
 46.24500  0.43145  0.43457 
 46.34500  0.50832  0.50743 
 46.44500  0.58269  0.58005 
 46.54500  0.65052  0.65004 
 46.64500  0.71454  0.71525 
 46.74500  0.77303  0.77404 
 46.84500  0.82455  0.82524 
 46.94500  0.86818  0.86841 
 47.04500  0.90374  0.90359 
 47.14500  0.93164  0.93132 
 47.24500  0.95273  0.95245 
 47.34500  0.96819  0.96801 
 47.44500  0.97916  0.97912 
 47.54500  0.98672  0.98676 
 47.64500  0.99178  0.99185 
 47.74500  0.99509  0.99514 
 47.84500  0.99715  0.99719 
 47.94500  0.99841  0.99843 
 48.04500  0.99915  0.99915 
 48.14500  0.99957  0.99954 
 48.24500  0.99981  0.99976 
 48.34500  0.99993  0.99989 
 48.44500  0.99998  0.99994 
 48.54500  0.99999  1.00000 
 48.64500  1.00002  1.00000 
 48.74500  1.00002  1.00000 
 48.84500  0.99999  1.00000 
 48.94500  0.99998  0.99992 
 49.04500  0.99992  0.99988 
 49.14500  0.99978  0.99975 
 49.24500  0.99954  0.99950 
 49.34500  0.99907  0.99907 
 49.44500  0.99827  0.99827 
 49.54500  0.99690  0.99694 
 49.64500  0.99468  0.99475 
 49.74500  0.99115  0.99123 
 49.84500  0.98579  0.98581 
 49.94500  0.97777  0.97771 
 50.04500  0.96620  0.96602 
 50.14500  0.94996  0.94969 
 50.24500  0.92792  0.92764 
 50.34500  0.89894  0.89884 
 50.44500  0.86219  0.86251 
 50.54500  0.81735  0.81811 
 50.64500  0.76472  0.76573 
 50.74500  0.70531  0.70592 
 50.84500  0.64059  0.63986 
 50.94500  0.57235  0.56933 
 51.04500  0.49616  0.49654 
 51.14500  0.42110  0.42386 
 51.24500  0.35311  0.35368 
 51.34500  0.28885  0.28815 
 51.44500  0.23001  0.22898 
 51.54500  0.17810  0.17733 
 51.64500  0.13400  0.13371 
 51.74500  0.09802  0.09811 
 51.84500  0.06974  0.07001 
 51.94500  0.04828  0.04854 
 52.04500  0.03256  0.03271 
 52.14500  0.02136  0.02139 
 52.24500  0.01364  0.01359 
 52.34500  0.00846  0.00837 
 52.44500  0.00508  0.00500 
 52.54500  0.00296  0.00289 
 52.64500  0.00166  0.00165 
 52.74500  0.00089  0.00089 
 52.84500  0.00046  0.00046 
 52.94500  0.00023  0.00024 
 53.04500  0.00010  0.00012 
 53.14500  0.00004  0.00008 
 53.24500  0.00002  0.00000 
 53.34500  0.00002  0.00000 
 53.44500  0.00004  0.00005 
 53.54500  0.00008  0.00010 
 53.64500  0.00018  0.00020 
 53.74500  0.00039  0.00039 
 53.84500  0.00074  0.00076 
 53.94500  0.00142  0.00139 
 54.04500  0.00256  0.00249 
 54.14500  0.00442  0.00435 
 54.24500  0.00743  0.00733 
 54.34500  0.01206  0.01199 
 54.44500  0.01903  0.01904 
 54.54500  0.02922  0.02933 
 54.64500  0.04363  0.04388 
 54.74500  0.06348  0.06375 
 54.84500  0.08985  0.09003 
 54.94500  0.12376  0.12361 
 55.04500  0.16571  0.16509 
 55.14500  0.21564  0.21465 
 55.24500  0.27277  0.27191 
 55.34500  0.33577  0.33591 
 55.44500  0.40295  0.40505 
 55.54500  0.47472  0.47731 
 55.64500  0.55403  0.55034 
 55.74500  0.62294  0.62168 
 55.84500  0.68876  0.68910 
 55.94500  0.74971  0.75069 
 56.04500  0.80424  0.80513 
 56.14500  0.85119  0.85161 
 56.24500  0.89006  0.89005 
 56.34500  0.92102  0.92077 
 56.44500  0.94479  0.94449 
 56.54500  0.96243  0.96221 
 56.64500  0.97511  0.97501 
 56.74500  0.98396  0.98398 
 56.84500  0.98994  0.99003 
 56.94500  0.99390  0.99398 
 57.04500  0.99641  0.99647 
 57.14500  0.99798  0.99800 
 57.24500  0.99888  0.99890 
 57.34500  0.99944  0.99941 
 57.44500  0.99972  0.99969 
 57.54500  0.99987  0.99983 
 57.64500  0.99994  0.99990 
 57.74500  0.99994  0.99990 
 57.84500  0.99988  0.99983 
 57.94500  0.99970  0.99968 
 58.04500  0.99942  0.99940 
 58.14500  0.99887  0.99887 
 58.24500  0.99793  0.99795 
 58.34500  0.99634  0.99639 
 58.44500  0.99380  0.99386 
 58.54500  0.98977  0.98984 
 58.64500  0.98370  0.98373 
 58.74500  0.97474  0.97465 
 58.84500  0.96189  0.96165 
 58.94500  0.94406  0.94375 
 59.04500  0.92006  0.91980 
 59.14500  0.88883  0.88883 
 59.24500  0.84968  0.85013 
 59.34500  0.80245  0.80333 
 59.44500  0.74766  0.74863 
 59.54500  0.68652  0.68679 
 59.64500  0.62055  0.61921 
 59.74500  0.55158  0.54778 
 59.84500  0.47183  0.47476 
 59.94500  0.40055  0.40257 
 60.04500  0.33349  0.33356 
 60.14500  0.27064  0.26978 
 60.24500  0.21376  0.21277 
 60.34500  0.16410  0.16347 
 60.44500  0.12244  0.12228 
 60.54500  0.08881  0.08898 
 60.64500  0.06269  0.06296 
 60.74500  0.04305  0.04327 
 60.84500  0.02879  0.02890 
 60.94500  0.01874  0.01874 
 61.04500  0.01186  0.01181 
 61.14500  0.00729  0.00719 
 61.24500  0.00434  0.00427 
 61.34500  0.00250  0.00244 
 61.44500  0.00140  0.00138 
 61.54500  0.00072  0.00073 
 61.64500  0.00038  0.00038 
 61.74500  0.00017  0.00019 
 61.84500  0.00008  0.00010 
 61.94500  0.00003  0.00003 
 62.04500  0.00001  0.00000 
 62.14500  0.00001  0.00000 
 62.24500 -0.00001  0.00000 
 62.34500 -0.00000  0.00000 
 62.44500 -0.00000  0.00000 
 62.54500  0.00000  0.00000 
 62.64500  0.00000  0.00000 
 62.74500 -0.00000  0.00000 
 62.84500  0.00000  0.00000 
 62.94500 -0.00000  0.00000 
 63.04500  0.00001  0.00000 
 63.14500  0.00001  0.00000 
 63.24500 -0.00000  0.00000 
 63.34500 -0.00000  0.00000 
 63.44500  0.00000  0.00000 
 63.54500  0.00000  0.00000 
 63.64500 -0.00000  0.00000 
 63.74500 -0.00000  0.00000 
 63.84500  0.00000  0.00000 
 63.94500 -0.00000  0.00000 
 64.04500 -0.00000  0.00000 
 64.14500 -0.00000  0.00000 
