  0.04500  0.53575  0.53650 
  0.14500  0.53575  0.53650 
  0.24500  0.53575  0.53650 
  0.34500  0.53575  0.53650 
  0.44500  0.53575  0.53650 
  0.54500  0.53574  0.53650 
  0.64500  0.53569  0.53650 
  0.74500  0.53570  0.53650 
  0.84500  0.53571  0.53650 
  0.94500  0.53573  0.53650 
  1.04500  0.53573  0.53650 
  1.14500  0.53571  0.53650 
  1.24500  0.53571  0.53650 
  1.34500  0.53570  0.53650 
  1.44500  0.53570  0.53650 
  1.54500  0.53569  0.53650 
  1.64500  0.53568  0.53650 
  1.74500  0.53570  0.53643 
  1.84500  0.53568  0.53640 
  1.94500  0.53567  0.53640 
  2.04500  0.53563  0.53640 
  2.14500  0.53561  0.53640 
  2.24500  0.53562  0.53640 
  2.34500  0.53558  0.53640 
  2.44500  0.53558  0.53640 
  2.54500  0.53556  0.53630 
  2.64500  0.53558  0.53630 
  2.74500  0.53559  0.53630 
  2.84500  0.53552  0.53630 
  2.94500  0.53548  0.53630 
  3.04500  0.53549  0.53628 
  3.14500  0.53547  0.53620 
  3.24500  0.53549  0.53620 
  3.34500  0.53545  0.53620 
  3.44500  0.53541  0.53620 
  3.54500  0.53540  0.53617 
  3.64500  0.53539  0.53610 
  3.74500  0.53533  0.53610 
  3.84500  0.53533  0.53610 
  3.94500  0.53532  0.53610 
  4.04500  0.53527  0.53601 
  4.14500  0.53526  0.53600 
  4.24500  0.53523  0.53600 
  4.34500  0.53523  0.53599 
  4.44500  0.53518  0.53590 
  4.54500  0.53519  0.53590 
  4.64500  0.53517  0.53590 
  4.74500  0.53513  0.53585 
  4.84500  0.53508  0.53580 
  4.94500  0.53507  0.53580 
  5.04500  0.53504  0.53579 
  5.14500  0.53503  0.53570 
  5.24500  0.53497  0.53570 
  5.34500  0.53493  0.53570 
  5.44500  0.53492  0.53560 
  5.54500  0.53490  0.53560 
  5.64500  0.53481  0.53560 
  5.74500  0.53483  0.53550 
  5.84500  0.53478  0.53550 
  5.94500  0.53473  0.53548 
  6.04500  0.53468  0.53540 
  6.14500  0.53466  0.53540 
  6.24500  0.53462  0.53535 
  6.34500  0.53457  0.53530 
  6.44500  0.53458  0.53530 
  6.54500  0.53452  0.53521 
  6.64500  0.53450  0.53520 
  6.74500  0.53446  0.53516 
  6.84500  0.53441  0.53510 
  6.94500  0.53438  0.53510 
  7.04500  0.53433  0.53500 
  7.14500  0.53427  0.53500 
  7.24500  0.53425  0.53493 
  7.34500  0.53420  0.53490 
  7.44500  0.53415  0.53486 
  7.54500  0.53411  0.53480 
  7.64500  0.53407  0.53478 
  7.74500  0.53400  0.53470 
  7.84500  0.53398  0.53469 
  7.94500  0.53394  0.53460 
  8.04500  0.53391  0.53460 
  8.14500  0.53384  0.53450 
  8.24500  0.53381  0.53450 
  8.34500  0.53374  0.53440 
  8.44500  0.53370  0.53440 
  8.54500  0.53365  0.53430 
  8.64500  0.53357  0.53429 
  8.74500  0.53356  0.53420 
  8.84500  0.53346  0.53419 
  8.94500  0.53344  0.53410 
  9.04500  0.53339  0.53407 
  9.14500  0.53333  0.53400 
  9.24500  0.53329  0.53396 
  9.34500  0.53324  0.53390 
  9.44500  0.53318  0.53384 
  9.54500  0.53314  0.53380 
  9.64500  0.53307  0.53371 
  9.74500  0.53301  0.53369 
  9.84500  0.53295  0.53360 
  9.94500  0.53290  0.53356 
 10.04500  0.53282  0.53350 
 10.14500  0.53277  0.53343 
 10.24500  0.53271  0.53339 
 10.34500  0.53267  0.53330 
 10.44500  0.53262  0.53326 
 10.54500  0.53256  0.53320 
 10.64500  0.53249  0.53312 
 10.74500  0.53243  0.53308 
 10.84500  0.53235  0.53300 
 10.94500  0.53230  0.53293 
 11.04500  0.53221  0.53289 
 11.14500  0.53216  0.53280 
 11.24500  0.53209  0.53274 
 11.34500  0.53204  0.53269 
 11.44500  0.53199  0.53260 
 11.54500  0.53191  0.53254 
 11.64500  0.53186  0.53249 
 11.74500  0.53178  0.53240 
 11.84500  0.53171  0.53234 
 11.94500  0.53164  0.53228 
 12.04500  0.53157  0.53220 
 12.14500  0.53152  0.53212 
 12.24500  0.53143  0.53207 
 12.34500  0.53139  0.53200 
 12.44500  0.53132  0.53191 
 12.54500  0.53125  0.53184 
 12.64500  0.53118  0.53178 
 12.74500  0.53110  0.53170 
 12.84500  0.53103  0.53162 
 12.94500  0.53095  0.53155 
 13.04500  0.53087  0.53149 
 13.14500  0.53080  0.53140 
 13.24500  0.53076  0.53132 
 13.34500  0.53067  0.53125 
 13.44500  0.53061  0.53118 
 13.54500  0.53052  0.53110 
 13.64500  0.53045  0.53101 
 13.74500  0.53038  0.53094 
 13.84500  0.53029  0.53087 
 13.94500  0.53020  0.53079 
 14.04500  0.53012  0.53070 
 14.14500  0.53007  0.53062 
 14.24500  0.52997  0.53054 
 14.34500  0.52990  0.53047 
 14.44500  0.52984  0.53039 
 14.54500  0.52974  0.53030 
 14.64500  0.52966  0.53021 
 14.74500  0.52958  0.53013 
 14.84500  0.52951  0.53005 
 14.94500  0.52944  0.52997 
 15.04500  0.52935  0.52989 
 15.14500  0.52927  0.52980 
 15.24500  0.52917  0.52971 
 15.34500  0.52909  0.52963 
 15.44500  0.52900  0.52954 
 15.54500  0.52892  0.52946 
 15.64500  0.52886  0.52937 
 15.74500  0.52877  0.52929 
 15.84500  0.52869  0.52920 
 15.94500  0.52860  0.52910 
 16.04500  0.52850  0.52901 
 16.14500  0.52841  0.52893 
 16.24500  0.52833  0.52884 
 16.34500  0.52825  0.52875 
 16.44500  0.52817  0.52866 
 16.54500  0.52807  0.52857 
 16.64500  0.52797  0.52848 
 16.74500  0.52788  0.52839 
 16.84500  0.52779  0.52830 
 16.94500  0.52768  0.52820 
 17.04500  0.52760  0.52811 
 17.14500  0.52752  0.52801 
 17.24500  0.52743  0.52792 
 17.34500  0.52734  0.52783 
 17.44500  0.52724  0.52773 
 17.54500  0.52713  0.52764 
 17.64500  0.52704  0.52755 
 17.74500  0.52696  0.52745 
 17.84500  0.52689  0.52735 
 17.94500  0.52678  0.52726 
 18.04500  0.52669  0.52716 
 18.14500  0.52659  0.52706 
 18.24500  0.52648  0.52697 
 18.34500  0.52639  0.52687 
 18.44500  0.52631  0.52677 
 18.54500  0.52622  0.52667 
 18.64500  0.52610  0.52657 
 18.74500  0.52602  0.52647 
 18.84500  0.52591  0.52637 
 18.94500  0.52580  0.52627 
 19.04500  0.52572  0.52617 
 19.14500  0.52564  0.52607 
 19.24500  0.52553  0.52597 
 19.34500  0.52541  0.52587 
 19.44500  0.52531  0.52577 
 19.54500  0.52521  0.52566 
 19.64500  0.52511  0.52556 
 19.74500  0.52503  0.52546 
 19.84500  0.52493  0.52536 
 19.94500  0.52483  0.52525 
 20.04500  0.52472  0.52515 
 20.14500  0.52461  0.52504 
 20.24500  0.52451  0.52494 
 20.34500  0.52441  0.52484 
 20.44500  0.52432  0.52473 
 20.54500  0.52422  0.52463 
 20.64500  0.52412  0.52452 
 20.74500  0.52400  0.52441 
 20.84500  0.52390  0.52431 
 20.94500  0.52380  0.52420 
 21.04500  0.52370  0.52409 
 21.14500  0.52360  0.52398 
 21.24500  0.52349  0.52387 
 21.34500  0.52337  0.52377 
 21.44500  0.52326  0.52366 
 21.54500  0.52316  0.52355 
 21.64500  0.52306  0.52344 
 21.74500  0.52296  0.52333 
 21.84500  0.52284  0.52323 
 21.94500  0.52274  0.52312 
 22.04500  0.52262  0.52301 
 22.14500  0.52253  0.52289 
 22.24500  0.52244  0.52278 
 22.34500  0.52233  0.52267 
 22.44500  0.52221  0.52256 
 22.54500  0.52210  0.52245 
 22.64500  0.52199  0.52234 
 22.74500  0.52189  0.52223 
 22.84500  0.52179  0.52212 
 22.94500  0.52167  0.52199 
 23.04500  0.52156  0.52188 
 23.14500  0.52145  0.52177 
 23.24500  0.52134  0.52166 
 23.34500  0.52126  0.52155 
 23.44500  0.52114  0.52143 
 23.54500  0.52102  0.52132 
 23.64500  0.52089  0.52121 
 23.74500  0.52077  0.52108 
 23.84500  0.52065  0.52097 
 23.94500  0.52057  0.52086 
 24.04500  0.52045  0.52074 
 24.14500  0.52033  0.52063 
 24.24500  0.52022  0.52052 
 24.34500  0.52010  0.52039 
 24.44500  0.51999  0.52028 
 24.54500  0.51990  0.52016 
 24.64500  0.51978  0.52005 
 24.74500  0.51965  0.51993 
 24.84500  0.51955  0.51982 
 24.94500  0.51942  0.51969 
 25.04500  0.51933  0.51957 
 25.14500  0.51922  0.51946 
 25.24500  0.51909  0.51934 
 25.34500  0.51897  0.51923 
 25.44500  0.51886  0.51911 
 25.54500  0.51874  0.51898 
 25.64500  0.51863  0.51887 
 25.74500  0.51852  0.51875 
 25.84500  0.51840  0.51863 
 25.94500  0.51828  0.51852 
 26.04500  0.51815  0.51839 
 26.14500  0.51806  0.51827 
 26.24500  0.51794  0.51815 
 26.34500  0.51782  0.51804 
 26.44500  0.51769  0.51792 
 26.54500  0.51759  0.51779 
 26.64500  0.51747  0.51767 
 26.74500  0.51736  0.51755 
 26.84500  0.51723  0.51743 
 26.94500  0.51711  0.51732 
 27.04500  0.51700  0.51718 
 27.14500  0.51687  0.51707 
 27.24500  0.51678  0.51695 
 27.34500  0.51666  0.51683 
 27.44500  0.51653  0.51671 
 27.54500  0.51640  0.51658 
 27.64500  0.51627  0.51646 
 27.74500  0.51617  0.51634 
 27.84500  0.51605  0.51622 
 27.94500  0.51592  0.51610 
 28.04500  0.51580  0.51597 
 28.14500  0.51568  0.51585 
 28.24500  0.51557  0.51573 
 28.34500  0.51546  0.51561 
 28.44500  0.51533  0.51548 
 28.54500  0.51521  0.51536 
 28.64500  0.51508  0.51524 
 28.74500  0.51497  0.51512 
 28.84500  0.51487  0.51498 
 28.94500  0.51474  0.51486 
 29.04500  0.51461  0.51475 
 29.14500  0.51448  0.51463 
 29.24500  0.51436  0.51450 
 29.34500  0.51426  0.51437 
 29.44500  0.51413  0.51425 
 29.54500  0.51401  0.51413 
 29.64500  0.51388  0.51400 
 29.74500  0.51376  0.51387 
 29.84500  0.51364  0.51375 
 29.94500  0.51351  0.51364 
 30.04500  0.51339  0.51352 
 30.14500  0.51326  0.51338 
 30.24500  0.51314  0.51326 
 30.34500  0.51303  0.51314 
 30.44500  0.51292  0.51302 
 30.54500  0.51280  0.51288 
 30.64500  0.51266  0.51276 
 30.74500  0.51255  0.51264 
 30.84500  0.51243  0.51252 
 30.94500  0.51232  0.51238 
 31.04500  0.51220  0.51226 
 31.14500  0.51208  0.51214 
 31.24500  0.51196  0.51202 
 31.34500  0.51181  0.51188 
 31.44500  0.51171  0.51176 
 31.54500  0.51158  0.51165 
 31.64500  0.51146  0.51153 
 31.74500  0.51134  0.51140 
 31.84500  0.51121  0.51127 
 31.94500  0.51112  0.51115 
 32.04500  0.51099  0.51103 
 32.14500  0.51087  0.51090 
 32.24500  0.51074  0.51077 
 32.34500  0.51062  0.51065 
 32.44500  0.51051  0.51053 
 32.54500  0.51039  0.51040 
 32.64500  0.51027  0.51027 
 32.74500  0.51013  0.51015 
 32.84500  0.51003  0.51003 
 32.94500  0.50992  0.50990 
 33.04500  0.50980  0.50977 
 33.14500  0.50968  0.50965 
 33.24500  0.50954  0.50953 
 33.34500  0.50942  0.50940 
 33.44500  0.50930  0.50927 
 33.54500  0.50920  0.50916 
 33.64500  0.50907  0.50904 
 33.74500  0.50894  0.50892 
 33.84500  0.50882  0.50878 
 33.94500  0.50869  0.50866 
 34.04500  0.50860  0.50854 
 34.14500  0.50848  0.50842 
 34.24500  0.50836  0.50828 
 34.34500  0.50824  0.50816 
 34.44500  0.50810  0.50804 
 34.54500  0.50800  0.50793 
 34.64500  0.50788  0.50780 
 34.74500  0.50776  0.50767 
 34.84500  0.50763  0.50755 
 34.94500  0.50751  0.50743 
 35.04500  0.50741  0.50730 
 35.14500  0.50729  0.50717 
 35.24500  0.50716  0.50706 
 35.34500  0.50703  0.50694 
 35.44500  0.50691  0.50682 
 35.54500  0.50680  0.50668 
 35.64500  0.50669  0.50656 
 35.74500  0.50657  0.50645 
 35.84500  0.50643  0.50633 
 35.94500  0.50630  0.50620 
 36.04500  0.50618  0.50607 
 36.14500  0.50608  0.50596 
 36.24500  0.50597  0.50584 
 36.34500  0.50584  0.50572 
 36.44500  0.50572  0.50558 
 36.54500  0.50560  0.50547 
 36.64500  0.50549  0.50535 
 36.74500  0.50537  0.50523 
 36.84500  0.50526  0.50511 
 36.94500  0.50514  0.50498 
 37.04500  0.50501  0.50486 
 37.14500  0.50488  0.50475 
 37.24500  0.50478  0.50463 
 37.34500  0.50466  0.50451 
 37.44500  0.50454  0.50438 
 37.54500  0.50442  0.50426 
 37.64500  0.50431  0.50415 
 37.74500  0.50421  0.50403 
 37.84500  0.50408  0.50391 
 37.94500  0.50396  0.50378 
 38.04500  0.50384  0.50367 
 38.14500  0.50373  0.50355 
 38.24500  0.50362  0.50343 
 38.34500  0.50351  0.50332 
 38.44500  0.50339  0.50319 
 38.54500  0.50327  0.50307 
 38.64500  0.50315  0.50296 
 38.74500  0.50303  0.50284 
 38.84500  0.50295  0.50273 
 38.94500  0.50283  0.50261 
 39.04500  0.50269  0.50248 
 39.14500  0.50257  0.50237 
 39.24500  0.50245  0.50226 
 39.34500  0.50235  0.50214 
 39.44500  0.50224  0.50203 
 39.54500  0.50212  0.50191 
 39.64500  0.50201  0.50179 
 39.74500  0.50190  0.50167 
 39.84500  0.50177  0.50156 
 39.94500  0.50169  0.50145 
 40.04500  0.50158  0.50133 
 40.14500  0.50145  0.50122 
 40.24500  0.50134  0.50111 
 40.34500  0.50123  0.50098 
 40.44500  0.50112  0.50087 
 40.54500  0.50103  0.50076 
 40.64500  0.50092  0.50065 
 40.74500  0.50081  0.50054 
 40.84500  0.50068  0.50042 
 40.94500  0.50057  0.50031 
 41.04500  0.50048  0.50019 
 41.14500  0.50036  0.50008 
 41.24500  0.50024  0.49997 
 41.34500  0.50015  0.49986 
 41.44500  0.50003  0.49975 
 41.54500  0.49991  0.49964 
 41.64500  0.49982  0.49953 
 41.74500  0.49972  0.49942 
 41.84500  0.49961  0.49931 
 41.94500  0.49950  0.49919 
 42.04500  0.49937  0.49908 
 42.14500  0.49927  0.49898 
 42.24500  0.49918  0.49887 
 42.34500  0.49907  0.49876 
 42.44500  0.49896  0.49865 
 42.54500  0.49885  0.49854 
 42.64500  0.49875  0.49844 
 42.74500  0.49863  0.49833 
 42.84500  0.49855  0.49822 
 42.94500  0.49845  0.49812 
 43.04500  0.49836  0.49801 
 43.14500  0.49824  0.49790 
 43.24500  0.49812  0.49779 
 43.34500  0.49802  0.49769 
 43.44500  0.49793  0.49758 
 43.54500  0.49783  0.49748 
 43.64500  0.49772  0.49737 
 43.74500  0.49761  0.49727 
 43.84500  0.49751  0.49717 
 43.94500  0.49741  0.49706 
 44.04500  0.49733  0.49696 
 44.14500  0.49723  0.49686 
 44.24500  0.49713  0.49675 
 44.34500  0.49703  0.49665 
 44.44500  0.49691  0.49655 
 44.54500  0.49682  0.49645 
 44.64500  0.49673  0.49635 
 44.74500  0.49664  0.49625 
 44.84500  0.49654  0.49614 
 44.94500  0.49643  0.49604 
 45.04500  0.49634  0.49594 
 45.14500  0.49623  0.49584 
 45.24500  0.49613  0.49575 
 45.34500  0.49607  0.49565 
 45.44500  0.49596  0.49555 
 45.54500  0.49585  0.49545 
 45.64500  0.49575  0.49535 
 45.74500  0.49565  0.49526 
 45.84500  0.49556  0.49516 
 45.94500  0.49547  0.49506 
 46.04500  0.49539  0.49497 
 46.14500  0.49530  0.49487 
 46.24500  0.49520  0.49478 
 46.34500  0.49509  0.49468 
 46.44500  0.49500  0.49459 
 46.54500  0.49490  0.49449 
 46.64500  0.49483  0.49440 
 46.74500  0.49475  0.49430 
 46.84500  0.49465  0.49421 
 46.94500  0.49456  0.49412 
 47.04500  0.49447  0.49402 
 47.14500  0.49437  0.49393 
 47.24500  0.49428  0.49384 
 47.34500  0.49421  0.49375 
 47.44500  0.49412  0.49366 
 47.54500  0.49403  0.49357 
 47.64500  0.49394  0.49348 
 47.74500  0.49385  0.49340 
 47.84500  0.49377  0.49330 
 47.94500  0.49368  0.49321 
 48.04500  0.49358  0.49312 
 48.14500  0.49350  0.49304 
 48.24500  0.49343  0.49295 
 48.34500  0.49333  0.49287 
 48.44500  0.49324  0.49278 
 48.54500  0.49316  0.49270 
 48.64500  0.49307  0.49260 
 48.74500  0.49299  0.49252 
 48.84500  0.49293  0.49244 
 48.94500  0.49285  0.49235 
 49.04500  0.49278  0.49227 
 49.14500  0.49267  0.49219 
 49.24500  0.49260  0.49210 
 49.34500  0.49252  0.49201 
 49.44500  0.49243  0.49194 
 49.54500  0.49236  0.49186 
 49.64500  0.49228  0.49178 
 49.74500  0.49221  0.49170 
 49.84500  0.49210  0.49161 
 49.94500  0.49203  0.49153 
 50.04500  0.49198  0.49146 
 50.14500  0.49188  0.49139 
 50.24500  0.49181  0.49130 
 50.34500  0.49174  0.49122 
 50.44500  0.49168  0.49114 
 50.54500  0.49160  0.49107 
 50.64500  0.49153  0.49100 
 50.74500  0.49145  0.49091 
 50.84500  0.49136  0.49084 
 50.94500  0.49129  0.49077 
 51.04500  0.49120  0.49070 
 51.14500  0.49114  0.49061 
 51.24500  0.49108  0.49054 
 51.34500  0.49102  0.49048 
 51.44500  0.49094  0.49040 
 51.54500  0.49088  0.49032 
 51.64500  0.49079  0.49026 
 51.74500  0.49074  0.49020 
 51.84500  0.49065  0.49010 
 51.94500  0.49060  0.49004 
 52.04500  0.49053  0.48999 
 52.14500  0.49047  0.48990 
 52.24500  0.49041  0.48983 
 52.34500  0.49033  0.48978 
 52.44500  0.49028  0.48970 
 52.54500  0.49021  0.48963 
 52.64500  0.49014  0.48958 
 52.74500  0.49009  0.48950 
 52.84500  0.49001  0.48943 
 52.94500  0.48996  0.48939 
 53.04500  0.48987  0.48930 
 53.14500  0.48986  0.48924 
 53.24500  0.48978  0.48920 
 53.34500  0.48972  0.48910 
 53.44500  0.48965  0.48906 
 53.54500  0.48960  0.48900 
 53.64500  0.48953  0.48892 
 53.74500  0.48946  0.48889 
 53.84500  0.48941  0.48880 
 53.94500  0.48933  0.48875 
 54.04500  0.48929  0.48870 
 54.14500  0.48925  0.48862 
 54.24500  0.48921  0.48860 
 54.34500  0.48913  0.48850 
 54.44500  0.48908  0.48847 
 54.54500  0.48902  0.48840 
 54.64500  0.48896  0.48835 
 54.74500  0.48891  0.48830 
 54.84500  0.48884  0.48823 
 54.94500  0.48880  0.48820 
 55.04500  0.48874  0.48812 
 55.14500  0.48868  0.48810 
 55.24500  0.48863  0.48800 
 55.34500  0.48860  0.48800 
 55.44500  0.48855  0.48790 
 55.54500  0.48852  0.48789 
 55.64500  0.48842  0.48780 
 55.74500  0.48841  0.48779 
 55.84500  0.48834  0.48770 
 55.94500  0.48831  0.48770 
 56.04500  0.48827  0.48760 
 56.14500  0.48819  0.48760 
 56.24500  0.48815  0.48751 
 56.34500  0.48811  0.48750 
 56.44500  0.48805  0.48742 
 56.54500  0.48802  0.48740 
 56.64500  0.48799  0.48734 
 56.74500  0.48795  0.48730 
 56.84500  0.48790  0.48727 
 56.94500  0.48786  0.48720 
 57.04500  0.48783  0.48720 
 57.14500  0.48776  0.48710 
 57.24500  0.48774  0.48710 
 57.34500  0.48771  0.48704 
 57.44500  0.48762  0.48700 
 57.54500  0.48762  0.48699 
 57.64500  0.48757  0.48690 
 57.74500  0.48753  0.48690 
 57.84500  0.48749  0.48685 
 57.94500  0.48747  0.48680 
 58.04500  0.48742  0.48680 
 58.14500  0.48737  0.48672 
 58.24500  0.48740  0.48670 
 58.34500  0.48733  0.48670 
 58.44500  0.48733  0.48660 
 58.54500  0.48727  0.48660 
 58.64500  0.48724  0.48660 
 58.74500  0.48721  0.48650 
 58.84500  0.48718  0.48650 
 58.94500  0.48714  0.48650 
 59.04500  0.48711  0.48641 
 59.14500  0.48706  0.48640 
 59.24500  0.48707  0.48640 
 59.34500  0.48704  0.48634 
 59.44500  0.48697  0.48630 
 59.54500  0.48696  0.48630 
 59.64500  0.48696  0.48630 
 59.74500  0.48691  0.48620 
 59.84500  0.48689  0.48620 
 59.94500  0.48687  0.48620 
 60.04500  0.48681  0.48619 
 60.14500  0.48681  0.48610 
 60.24500  0.48680  0.48610 
 60.34500  0.48675  0.48610 
 60.44500  0.48674  0.48610 
 60.54500  0.48674  0.48601 
 60.64500  0.48672  0.48600 
 60.74500  0.48674  0.48600 
 60.84500  0.48668  0.48600 
 60.94500  0.48664  0.48599 
 61.04500  0.48664  0.48590 
 61.14500  0.48664  0.48590 
 61.24500  0.48661  0.48590 
 61.34500  0.48659  0.48590 
 61.44500  0.48658  0.48590 
 61.54500  0.48656  0.48585 
 61.64500  0.48657  0.48580 
 61.74500  0.48656  0.48580 
 61.84500  0.48653  0.48580 
 61.94500  0.48650  0.48580 
 62.04500  0.48650  0.48580 
 62.14500  0.48650  0.48580 
 62.24500  0.48647  0.48577 
 62.34500  0.48647  0.48570 
 62.44500  0.48647  0.48570 
 62.54500  0.48643  0.48570 
 62.64500  0.48642  0.48570 
 62.74500  0.48641  0.48570 
 62.84500  0.48641  0.48570 
 62.94500  0.48642  0.48570 
 63.04500  0.48643  0.48570 
 63.14500  0.48642  0.48570 
 63.24500  0.48641  0.48570 
 63.34500  0.48641  0.48570 
 63.44500  0.48641  0.48569 
 63.54500  0.48641  0.48560 
 63.64500  0.48640  0.48560 
 63.74500  0.48640  0.48560 
 63.84500  0.48638  0.48560 
 63.94500  0.48632  0.48560 
 64.04500  0.48631  0.48560 
 64.14500  0.48631  0.48560 
