  0.04500  0.51592  0.51850 
  0.14500  0.51592  0.51850 
  0.24500  0.51592  0.51850 
  0.34500  0.51591  0.51850 
  0.44500  0.51591  0.51850 
  0.54500  0.51591  0.51850 
  0.64500  0.51592  0.51850 
  0.74500  0.51592  0.51850 
  0.84500  0.51592  0.51850 
  0.94500  0.51592  0.51850 
  1.04500  0.51589  0.51850 
  1.14500  0.51588  0.51850 
  1.24500  0.51588  0.51850 
  1.34500  0.51588  0.51844 
  1.44500  0.51588  0.51840 
  1.54500  0.51589  0.51840 
  1.64500  0.51591  0.51840 
  1.74500  0.51590  0.51840 
  1.84500  0.51588  0.51840 
  1.94500  0.51588  0.51840 
  2.04500  0.51587  0.51840 
  2.14500  0.51587  0.51840 
  2.24500  0.51588  0.51840 
  2.34500  0.51588  0.51840 
  2.44500  0.51588  0.51840 
  2.54500  0.51589  0.51840 
  2.64500  0.51590  0.51840 
  2.74500  0.51589  0.51840 
  2.84500  0.51590  0.51840 
  2.94500  0.51589  0.51840 
  3.04500  0.51589  0.51840 
  3.14500  0.51585  0.51840 
  3.24500  0.51584  0.51840 
  3.34500  0.51586  0.51840 
  3.44500  0.51586  0.51840 
  3.54500  0.51586  0.51840 
  3.64500  0.51585  0.51831 
  3.74500  0.51584  0.51830 
  3.84500  0.51584  0.51830 
  3.94500  0.51585  0.51830 
  4.04500  0.51585  0.51830 
  4.14500  0.51585  0.51830 
  4.24500  0.51582  0.51830 
  4.34500  0.51580  0.51830 
  4.44500  0.51583  0.51830 
  4.54500  0.51584  0.51830 
  4.64500  0.51583  0.51830 
  4.74500  0.51583  0.51830 
  4.84500  0.51581  0.51830 
  4.94500  0.51580  0.51824 
  5.04500  0.51581  0.51820 
  5.14500  0.51583  0.51820 
  5.24500  0.51578  0.51820 
  5.34500  0.51578  0.51820 
  5.44500  0.51578  0.51820 
  5.54500  0.51577  0.51820 
  5.64500  0.51576  0.51820 
  5.74500  0.51577  0.51820 
  5.84500  0.51578  0.51820 
  5.94500  0.51574  0.51818 
  6.04500  0.51570  0.51810 
  6.14500  0.51570  0.51810 
  6.24500  0.51570  0.51810 
  6.34500  0.51570  0.51810 
  6.44500  0.51570  0.51810 
  6.54500  0.51572  0.51810 
  6.64500  0.51569  0.51810 
  6.74500  0.51566  0.51810 
  6.84500  0.51568  0.51807 
  6.94500  0.51567  0.51800 
  7.04500  0.51567  0.51800 
  7.14500  0.51566  0.51800 
  7.24500  0.51565  0.51800 
  7.34500  0.51563  0.51800 
  7.44500  0.51562  0.51800 
  7.54500  0.51563  0.51800 
  7.64500  0.51561  0.51795 
  7.74500  0.51560  0.51790 
  7.84500  0.51559  0.51790 
  7.94500  0.51559  0.51790 
  8.04500  0.51557  0.51790 
  8.14500  0.51558  0.51790 
  8.24500  0.51557  0.51790 
  8.34500  0.51557  0.51787 
  8.44500  0.51554  0.51780 
  8.54500  0.51551  0.51780 
  8.64500  0.51551  0.51780 
  8.74500  0.51550  0.51780 
  8.84500  0.51550  0.51780 
  8.94500  0.51548  0.51780 
  9.04500  0.51548  0.51774 
  9.14500  0.51546  0.51770 
  9.24500  0.51546  0.51770 
  9.34500  0.51545  0.51770 
  9.44500  0.51543  0.51770 
  9.54500  0.51543  0.51770 
  9.64500  0.51541  0.51766 
  9.74500  0.51541  0.51760 
  9.84500  0.51538  0.51760 
  9.94500  0.51536  0.51760 
 10.04500  0.51534  0.51760 
 10.14500  0.51535  0.51760 
 10.24500  0.51535  0.51755 
 10.34500  0.51532  0.51750 
 10.44500  0.51532  0.51750 
 10.54500  0.51532  0.51750 
 10.64500  0.51533  0.51750 
 10.74500  0.51526  0.51750 
 10.84500  0.51525  0.51740 
 10.94500  0.51524  0.51740 
 11.04500  0.51523  0.51740 
 11.14500  0.51521  0.51740 
 11.24500  0.51518  0.51740 
 11.34500  0.51517  0.51733 
 11.44500  0.51517  0.51730 
 11.54500  0.51515  0.51730 
 11.64500  0.51512  0.51730 
 11.74500  0.51512  0.51730 
 11.84500  0.51512  0.51725 
 11.94500  0.51509  0.51720 
 12.04500  0.51508  0.51720 
 12.14500  0.51508  0.51720 
 12.24500  0.51507  0.51720 
 12.34500  0.51505  0.51714 
 12.44500  0.51506  0.51710 
 12.54500  0.51504  0.51710 
 12.64500  0.51503  0.51710 
 12.74500  0.51500  0.51710 
 12.84500  0.51499  0.51701 
 12.94500  0.51499  0.51700 
 13.04500  0.51497  0.51700 
 13.14500  0.51495  0.51700 
 13.24500  0.51497  0.51697 
 13.34500  0.51495  0.51690 
 13.44500  0.51492  0.51690 
 13.54500  0.51490  0.51690 
 13.64500  0.51492  0.51690 
 13.74500  0.51489  0.51682 
 13.84500  0.51487  0.51680 
 13.94500  0.51486  0.51680 
 14.04500  0.51482  0.51680 
 14.14500  0.51480  0.51676 
 14.24500  0.51480  0.51670 
 14.34500  0.51479  0.51670 
 14.44500  0.51476  0.51670 
 14.54500  0.51477  0.51668 
 14.64500  0.51476  0.51660 
 14.74500  0.51472  0.51660 
 14.84500  0.51472  0.51660 
 14.94500  0.51472  0.51659 
 15.04500  0.51469  0.51650 
 15.14500  0.51468  0.51650 
 15.24500  0.51466  0.51650 
 15.34500  0.51464  0.51650 
 15.44500  0.51462  0.51640 
 15.54500  0.51461  0.51640 
 15.64500  0.51461  0.51640 
 15.74500  0.51460  0.51640 
 15.84500  0.51458  0.51630 
 15.94500  0.51455  0.51630 
 16.04500  0.51454  0.51630 
 16.14500  0.51453  0.51629 
 16.24500  0.51451  0.51620 
 16.34500  0.51449  0.51620 
 16.44500  0.51447  0.51620 
 16.54500  0.51443  0.51617 
 16.64500  0.51440  0.51610 
 16.74500  0.51441  0.51610 
 16.84500  0.51434  0.51610 
 16.94500  0.51433  0.51604 
 17.04500  0.51432  0.51600 
 17.14500  0.51430  0.51600 
 17.24500  0.51429  0.51600 
 17.34500  0.51427  0.51591 
 17.44500  0.51424  0.51590 
 17.54500  0.51422  0.51590 
 17.64500  0.51420  0.51588 
 17.74500  0.51419  0.51580 
 17.84500  0.51420  0.51580 
 17.94500  0.51416  0.51580 
 18.04500  0.51417  0.51573 
 18.14500  0.51413  0.51570 
 18.24500  0.51407  0.51570 
 18.34500  0.51407  0.51569 
 18.44500  0.51407  0.51560 
 18.54500  0.51405  0.51560 
 18.64500  0.51404  0.51560 
 18.74500  0.51401  0.51553 
 18.84500  0.51399  0.51550 
 18.94500  0.51397  0.51550 
 19.04500  0.51394  0.51548 
 19.14500  0.51394  0.51540 
 19.24500  0.51390  0.51540 
 19.34500  0.51387  0.51540 
 19.44500  0.51386  0.51532 
 19.54500  0.51382  0.51530 
 19.64500  0.51381  0.51530 
 19.74500  0.51380  0.51525 
 19.84500  0.51378  0.51520 
 19.94500  0.51377  0.51520 
 20.04500  0.51373  0.51518 
 20.14500  0.51371  0.51510 
 20.24500  0.51369  0.51510 
 20.34500  0.51367  0.51510 
 20.44500  0.51367  0.51501 
 20.54500  0.51363  0.51500 
 20.64500  0.51362  0.51500 
 20.74500  0.51360  0.51494 
 20.84500  0.51357  0.51490 
 20.94500  0.51356  0.51490 
 21.04500  0.51354  0.51486 
 21.14500  0.51352  0.51480 
 21.24500  0.51350  0.51480 
 21.34500  0.51347  0.51478 
 21.44500  0.51346  0.51470 
 21.54500  0.51341  0.51470 
 21.64500  0.51342  0.51469 
 21.74500  0.51338  0.51460 
 21.84500  0.51336  0.51460 
 21.94500  0.51334  0.51460 
 22.04500  0.51331  0.51451 
 22.14500  0.51331  0.51450 
 22.24500  0.51328  0.51450 
 22.34500  0.51327  0.51442 
 22.44500  0.51326  0.51440 
 22.54500  0.51324  0.51440 
 22.64500  0.51322  0.51432 
 22.74500  0.51320  0.51430 
 22.84500  0.51319  0.51430 
 22.94500  0.51314  0.51423 
 23.04500  0.51311  0.51420 
 23.14500  0.51314  0.51420 
 23.24500  0.51311  0.51413 
 23.34500  0.51310  0.51410 
 23.44500  0.51307  0.51410 
 23.54500  0.51305  0.51403 
 23.64500  0.51298  0.51400 
 23.74500  0.51297  0.51400 
 23.84500  0.51294  0.51393 
 23.94500  0.51293  0.51390 
 24.04500  0.51293  0.51390 
 24.14500  0.51289  0.51383 
 24.24500  0.51286  0.51380 
 24.34500  0.51282  0.51380 
 24.44500  0.51282  0.51373 
 24.54500  0.51280  0.51370 
 24.64500  0.51278  0.51370 
 24.74500  0.51276  0.51362 
 24.84500  0.51274  0.51360 
 24.94500  0.51273  0.51360 
 25.04500  0.51271  0.51351 
 25.14500  0.51269  0.51350 
 25.24500  0.51266  0.51350 
 25.34500  0.51264  0.51340 
 25.44500  0.51260  0.51340 
 25.54500  0.51259  0.51339 
 25.64500  0.51256  0.51330 
 25.74500  0.51254  0.51330 
 25.84500  0.51252  0.51328 
 25.94500  0.51249  0.51320 
 26.04500  0.51246  0.51320 
 26.14500  0.51245  0.51317 
 26.24500  0.51243  0.51310 
 26.34500  0.51239  0.51310 
 26.44500  0.51239  0.51305 
 26.54500  0.51235  0.51300 
 26.64500  0.51234  0.51300 
 26.74500  0.51231  0.51294 
 26.84500  0.51229  0.51290 
 26.94500  0.51227  0.51290 
 27.04500  0.51224  0.51282 
 27.14500  0.51222  0.51280 
 27.24500  0.51221  0.51280 
 27.34500  0.51219  0.51270 
 27.44500  0.51215  0.51270 
 27.54500  0.51212  0.51269 
 27.64500  0.51205  0.51260 
 27.74500  0.51206  0.51260 
 27.84500  0.51202  0.51257 
 27.94500  0.51198  0.51250 
 28.04500  0.51197  0.51250 
 28.14500  0.51196  0.51245 
 28.24500  0.51194  0.51240 
 28.34500  0.51192  0.51240 
 28.44500  0.51189  0.51233 
 28.54500  0.51185  0.51230 
 28.64500  0.51183  0.51230 
 28.74500  0.51180  0.51220 
 28.84500  0.51181  0.51220 
 28.94500  0.51177  0.51218 
 29.04500  0.51175  0.51210 
 29.14500  0.51171  0.51210 
 29.24500  0.51169  0.51206 
 29.34500  0.51168  0.51200 
 29.44500  0.51166  0.51200 
 29.54500  0.51160  0.51194 
 29.64500  0.51159  0.51190 
 29.74500  0.51155  0.51190 
 29.84500  0.51153  0.51181 
 29.94500  0.51150  0.51180 
 30.04500  0.51147  0.51179 
 30.14500  0.51144  0.51170 
 30.24500  0.51142  0.51170 
 30.34500  0.51142  0.51166 
 30.44500  0.51139  0.51160 
 30.54500  0.51138  0.51160 
 30.64500  0.51134  0.51154 
 30.74500  0.51132  0.51150 
 30.84500  0.51128  0.51150 
 30.94500  0.51127  0.51141 
 31.04500  0.51124  0.51140 
 31.14500  0.51124  0.51139 
 31.24500  0.51119  0.51130 
 31.34500  0.51118  0.51130 
 31.44500  0.51113  0.51126 
 31.54500  0.51111  0.51120 
 31.64500  0.51108  0.51120 
 31.74500  0.51107  0.51114 
 31.84500  0.51104  0.51110 
 31.94500  0.51104  0.51110 
 32.04500  0.51101  0.51101 
 32.14500  0.51099  0.51100 
 32.24500  0.51096  0.51099 
 32.34500  0.51095  0.51090 
 32.44500  0.51093  0.51090 
 32.54500  0.51091  0.51086 
 32.64500  0.51088  0.51080 
 32.74500  0.51084  0.51080 
 32.84500  0.51087  0.51073 
 32.94500  0.51083  0.51070 
 33.04500  0.51082  0.51070 
 33.14500  0.51077  0.51061 
 33.24500  0.51075  0.51060 
 33.34500  0.51071  0.51058 
 33.44500  0.51071  0.51050 
 33.54500  0.51068  0.51050 
 33.64500  0.51067  0.51046 
 33.74500  0.51063  0.51040 
 33.84500  0.51061  0.51040 
 33.94500  0.51058  0.51033 
 34.04500  0.51058  0.51030 
 34.14500  0.51055  0.51030 
 34.24500  0.51053  0.51021 
 34.34500  0.51050  0.51020 
 34.44500  0.51048  0.51019 
 34.54500  0.51046  0.51010 
 34.64500  0.51044  0.51010 
 34.74500  0.51041  0.51006 
 34.84500  0.51038  0.51000 
 34.94500  0.51037  0.51000 
 35.04500  0.51034  0.50994 
 35.14500  0.51033  0.50990 
 35.24500  0.51027  0.50990 
 35.34500  0.51027  0.50982 
 35.44500  0.51022  0.50980 
 35.54500  0.51021  0.50979 
 35.64500  0.51019  0.50970 
 35.74500  0.51017  0.50970 
 35.84500  0.51013  0.50967 
 35.94500  0.51011  0.50960 
 36.04500  0.51007  0.50960 
 36.14500  0.51007  0.50955 
 36.24500  0.51004  0.50950 
 36.34500  0.51001  0.50950 
 36.44500  0.51000  0.50943 
 36.54500  0.50997  0.50940 
 36.64500  0.50996  0.50940 
 36.74500  0.50993  0.50931 
 36.84500  0.50992  0.50930 
 36.94500  0.50987  0.50929 
 37.04500  0.50986  0.50920 
 37.14500  0.50980  0.50920 
 37.24500  0.50980  0.50918 
 37.34500  0.50976  0.50910 
 37.44500  0.50972  0.50910 
 37.54500  0.50970  0.50906 
 37.64500  0.50969  0.50900 
 37.74500  0.50969  0.50900 
 37.84500  0.50962  0.50895 
 37.94500  0.50961  0.50890 
 38.04500  0.50960  0.50890 
 38.14500  0.50958  0.50883 
 38.24500  0.50955  0.50880 
 38.34500  0.50954  0.50880 
 38.44500  0.50950  0.50872 
 38.54500  0.50948  0.50870 
 38.64500  0.50945  0.50870 
 38.74500  0.50942  0.50861 
 38.84500  0.50943  0.50860 
 38.94500  0.50940  0.50860 
 39.04500  0.50938  0.50850 
 39.14500  0.50932  0.50850 
 39.24500  0.50931  0.50849 
 39.34500  0.50927  0.50840 
 39.44500  0.50927  0.50840 
 39.54500  0.50923  0.50838 
 39.64500  0.50922  0.50830 
 39.74500  0.50920  0.50830 
 39.84500  0.50917  0.50828 
 39.94500  0.50918  0.50820 
 40.04500  0.50913  0.50820 
 40.14500  0.50913  0.50817 
 40.24500  0.50908  0.50810 
 40.34500  0.50907  0.50810 
 40.44500  0.50906  0.50807 
 40.54500  0.50905  0.50800 
 40.64500  0.50903  0.50800 
 40.74500  0.50899  0.50797 
 40.84500  0.50897  0.50790 
 40.94500  0.50893  0.50790 
 41.04500  0.50893  0.50787 
 41.14500  0.50887  0.50780 
 41.24500  0.50886  0.50780 
 41.34500  0.50885  0.50778 
 41.44500  0.50882  0.50770 
 41.54500  0.50882  0.50770 
 41.64500  0.50879  0.50768 
 41.74500  0.50879  0.50760 
 41.84500  0.50875  0.50760 
 41.94500  0.50874  0.50759 
 42.04500  0.50869  0.50750 
 42.14500  0.50866  0.50750 
 42.24500  0.50867  0.50750 
 42.34500  0.50866  0.50740 
 42.44500  0.50863  0.50740 
 42.54500  0.50860  0.50740 
 42.64500  0.50857  0.50731 
 42.74500  0.50856  0.50730 
 42.84500  0.50855  0.50730 
 42.94500  0.50854  0.50723 
 43.04500  0.50852  0.50720 
 43.14500  0.50850  0.50720 
 43.24500  0.50847  0.50715 
 43.34500  0.50842  0.50710 
 43.44500  0.50843  0.50710 
 43.54500  0.50840  0.50707 
 43.64500  0.50838  0.50700 
 43.74500  0.50836  0.50700 
 43.84500  0.50833  0.50700 
 43.94500  0.50833  0.50690 
 44.04500  0.50832  0.50690 
 44.14500  0.50830  0.50690 
 44.24500  0.50828  0.50683 
 44.34500  0.50825  0.50680 
 44.44500  0.50824  0.50680 
 44.54500  0.50820  0.50676 
 44.64500  0.50818  0.50670 
 44.74500  0.50817  0.50670 
 44.84500  0.50815  0.50670 
 44.94500  0.50814  0.50660 
 45.04500  0.50811  0.50660 
 45.14500  0.50809  0.50660 
 45.24500  0.50808  0.50654 
 45.34500  0.50805  0.50650 
 45.44500  0.50805  0.50650 
 45.54500  0.50801  0.50648 
 45.64500  0.50797  0.50640 
 45.74500  0.50796  0.50640 
 45.84500  0.50794  0.50640 
 45.94500  0.50792  0.50633 
 46.04500  0.50792  0.50630 
 46.14500  0.50789  0.50630 
 46.24500  0.50788  0.50628 
 46.34500  0.50785  0.50620 
 46.44500  0.50780  0.50620 
 46.54500  0.50780  0.50620 
 46.64500  0.50779  0.50614 
 46.74500  0.50779  0.50610 
 46.84500  0.50777  0.50610 
 46.94500  0.50774  0.50610 
 47.04500  0.50773  0.50601 
 47.14500  0.50771  0.50600 
 47.24500  0.50768  0.50600 
 47.34500  0.50767  0.50598 
 47.44500  0.50767  0.50590 
 47.54500  0.50762  0.50590 
 47.64500  0.50762  0.50590 
 47.74500  0.50761  0.50585 
 47.84500  0.50758  0.50580 
 47.94500  0.50757  0.50580 
 48.04500  0.50754  0.50580 
 48.14500  0.50751  0.50574 
 48.24500  0.50750  0.50570 
 48.34500  0.50749  0.50570 
 48.44500  0.50745  0.50570 
 48.54500  0.50745  0.50563 
 48.64500  0.50744  0.50560 
 48.74500  0.50740  0.50560 
 48.84500  0.50741  0.50560 
 48.94500  0.50739  0.50553 
 49.04500  0.50736  0.50550 
 49.14500  0.50735  0.50550 
 49.24500  0.50734  0.50550 
 49.34500  0.50731  0.50544 
 49.44500  0.50729  0.50540 
 49.54500  0.50730  0.50540 
 49.64500  0.50726  0.50540 
 49.74500  0.50724  0.50535 
 49.84500  0.50723  0.50530 
 49.94500  0.50720  0.50530 
 50.04500  0.50720  0.50530 
 50.14500  0.50718  0.50528 
 50.24500  0.50717  0.50520 
 50.34500  0.50716  0.50520 
 50.44500  0.50717  0.50520 
 50.54500  0.50716  0.50520 
 50.64500  0.50713  0.50512 
 50.74500  0.50712  0.50510 
 50.84500  0.50710  0.50510 
 50.94500  0.50704  0.50510 
 51.04500  0.50703  0.50507 
 51.14500  0.50705  0.50500 
 51.24500  0.50704  0.50500 
 51.34500  0.50701  0.50500 
 51.44500  0.50700  0.50500 
 51.54500  0.50700  0.50493 
 51.64500  0.50698  0.50490 
 51.74500  0.50697  0.50490 
 51.84500  0.50695  0.50490 
 51.94500  0.50695  0.50490 
 52.04500  0.50692  0.50481 
 52.14500  0.50692  0.50480 
 52.24500  0.50692  0.50480 
 52.34500  0.50692  0.50480 
 52.44500  0.50687  0.50480 
 52.54500  0.50688  0.50471 
 52.64500  0.50688  0.50470 
 52.74500  0.50687  0.50470 
 52.84500  0.50684  0.50470 
 52.94500  0.50684  0.50470 
 53.04500  0.50682  0.50462 
 53.14500  0.50684  0.50460 
 53.24500  0.50679  0.50460 
 53.34500  0.50680  0.50460 
 53.44500  0.50678  0.50460 
 53.54500  0.50678  0.50456 
 53.64500  0.50674  0.50450 
 53.74500  0.50673  0.50450 
 53.84500  0.50672  0.50450 
 53.94500  0.50672  0.50450 
 54.04500  0.50670  0.50450 
 54.14500  0.50669  0.50442 
 54.24500  0.50670  0.50440 
 54.34500  0.50669  0.50440 
 54.44500  0.50664  0.50440 
 54.54500  0.50661  0.50440 
 54.64500  0.50661  0.50440 
 54.74500  0.50660  0.50432 
 54.84500  0.50659  0.50430 
 54.94500  0.50657  0.50430 
 55.04500  0.50654  0.50430 
 55.14500  0.50653  0.50430 
 55.24500  0.50653  0.50430 
 55.34500  0.50654  0.50425 
 55.44500  0.50653  0.50420 
 55.54500  0.50651  0.50420 
 55.64500  0.50647  0.50420 
 55.74500  0.50648  0.50420 
 55.84500  0.50650  0.50420 
 55.94500  0.50647  0.50420 
 56.04500  0.50646  0.50412 
 56.14500  0.50644  0.50410 
 56.24500  0.50644  0.50410 
 56.34500  0.50643  0.50410 
 56.44500  0.50641  0.50410 
 56.54500  0.50639  0.50410 
 56.64500  0.50640  0.50410 
 56.74500  0.50639  0.50406 
 56.84500  0.50638  0.50400 
 56.94500  0.50639  0.50400 
 57.04500  0.50638  0.50400 
 57.14500  0.50634  0.50400 
 57.24500  0.50634  0.50400 
 57.34500  0.50633  0.50400 
 57.44500  0.50632  0.50400 
 57.54500  0.50632  0.50397 
 57.64500  0.50633  0.50390 
 57.74500  0.50630  0.50390 
 57.84500  0.50629  0.50390 
 57.94500  0.50628  0.50390 
 58.04500  0.50630  0.50390 
 58.14500  0.50628  0.50390 
 58.24500  0.50630  0.50390 
 58.34500  0.50630  0.50390 
 58.44500  0.50628  0.50388 
 58.54500  0.50625  0.50380 
 58.64500  0.50626  0.50380 
 58.74500  0.50625  0.50380 
 58.84500  0.50627  0.50380 
 58.94500  0.50623  0.50380 
 59.04500  0.50624  0.50380 
 59.14500  0.50625  0.50380 
 59.24500  0.50624  0.50380 
 59.34500  0.50621  0.50380 
 59.44500  0.50622  0.50380 
 59.54500  0.50621  0.50377 
 59.64500  0.50620  0.50370 
 59.74500  0.50618  0.50370 
 59.84500  0.50622  0.50370 
 59.94500  0.50620  0.50370 
 60.04500  0.50617  0.50370 
 60.14500  0.50618  0.50370 
 60.24500  0.50615  0.50370 
 60.34500  0.50614  0.50370 
 60.44500  0.50615  0.50370 
 60.54500  0.50615  0.50370 
 60.64500  0.50615  0.50370 
 60.74500  0.50615  0.50370 
 60.84500  0.50617  0.50370 
 60.94500  0.50616  0.50370 
 61.04500  0.50615  0.50360 
 61.14500  0.50615  0.50360 
 61.24500  0.50615  0.50360 
 61.34500  0.50616  0.50360 
 61.44500  0.50617  0.50360 
 61.54500  0.50614  0.50360 
 61.64500  0.50614  0.50360 
 61.74500  0.50613  0.50360 
 61.84500  0.50614  0.50360 
 61.94500  0.50613  0.50360 
 62.04500  0.50613  0.50360 
 62.14500  0.50613  0.50360 
 62.24500  0.50612  0.50360 
 62.34500  0.50613  0.50360 
 62.44500  0.50614  0.50360 
 62.54500  0.50615  0.50360 
 62.64500  0.50615  0.50360 
 62.74500  0.50615  0.50360 
 62.84500  0.50615  0.50360 
 62.94500  0.50615  0.50360 
 63.04500  0.50615  0.50360 
 63.14500  0.50614  0.50360 
 63.24500  0.50612  0.50360 
 63.34500  0.50612  0.50360 
 63.44500  0.50612  0.50360 
 63.54500  0.50612  0.50360 
 63.64500  0.50612  0.50360 
 63.74500  0.50612  0.50360 
 63.84500  0.50612  0.50360 
 63.94500  0.50614  0.50360 
 64.04500  0.50614  0.50360 
 64.14500  0.50614  0.50360 
