  0.04500  0.99940  0.99940 
  0.14500  0.99934  0.99932 
  0.24500  0.99922  0.99922 
  0.34500  0.99906  0.99904 
  0.44500  0.99882  0.99880 
  0.54500  0.99849  0.99846 
  0.64500  0.99803  0.99802 
  0.74500  0.99747  0.99746 
  0.84500  0.99675  0.99673 
  0.94500  0.99584  0.99584 
  1.04500  0.99469  0.99468 
  1.14500  0.99330  0.99329 
  1.24500  0.99156  0.99156 
  1.34500  0.98945  0.98944 
  1.44500  0.98689  0.98688 
  1.54500  0.98381  0.98381 
  1.64500  0.98013  0.98012 
  1.74500  0.97577  0.97578 
  1.84500  0.97065  0.97064 
  1.94500  0.96463  0.96462 
  2.04500  0.95765  0.95763 
  2.14500  0.94960  0.94957 
  2.24500  0.94036  0.94035 
  2.34500  0.92987  0.92983 
  2.44500  0.91800  0.91794 
  2.54500  0.90466  0.90463 
  2.64500  0.88978  0.88973 
  2.74500  0.87330  0.87328 
  2.84500  0.85515  0.85519 
  2.94500  0.83533  0.83544 
  3.04500  0.81388  0.81399 
  3.14500  0.79080  0.79092 
  3.24500  0.76613  0.76623 
  3.34500  0.73999  0.74000 
  3.44500  0.71242  0.71233 
  3.54500  0.68353  0.68337 
  3.64500  0.65344  0.65324 
  3.74500  0.62229  0.62207 
  3.84500  0.59026  0.59013 
  3.94500  0.55753  0.55758 
  4.04500  0.52441  0.52465 
  4.14500  0.49170  0.49155 
  4.24500  0.45868  0.45853 
  4.34500  0.42579  0.42582 
  4.44500  0.39350  0.39365 
  4.54500  0.36204  0.36224 
  4.64500  0.33162  0.33178 
  4.74500  0.30241  0.30251 
  4.84500  0.27453  0.27453 
  4.94500  0.24814  0.24806 
  5.04500  0.22332  0.22318 
  5.14500  0.20018  0.20005 
  5.24500  0.17883  0.17871 
  5.34500  0.15934  0.15927 
  5.44500  0.14180  0.14175 
  5.54500  0.12623  0.12622 
  5.64500  0.11266  0.11266 
  5.74500  0.10111  0.10112 
  5.84500  0.09158  0.09156 
  5.94500  0.08405  0.08404 
  6.04500  0.07853  0.07848 
  6.14500  0.07497  0.07495 
  6.24500  0.07344  0.07337 
  6.34500  0.07384  0.07381 
  6.44500  0.07626  0.07625 
  6.54500  0.08065  0.08065 
  6.64500  0.08704  0.08705 
  6.74500  0.09543  0.09545 
  6.84500  0.10582  0.10585 
  6.94500  0.11824  0.11825 
  7.04500  0.13265  0.13265 
  7.14500  0.14909  0.14905 
  7.24500  0.16748  0.16738 
  7.34500  0.18776  0.18764 
  7.44500  0.20991  0.20974 
  7.54500  0.23378  0.23363 
  7.64500  0.25928  0.25921 
  7.74500  0.28632  0.28635 
  7.84500  0.31477  0.31491 
  7.94500  0.34453  0.34471 
  8.04500  0.37540  0.37559 
  8.14500  0.40723  0.40733 
  8.24500  0.43981  0.43975 
  8.34500  0.47283  0.47261 
  8.44500  0.50557  0.50565 
  8.54500  0.53854  0.53865 
  8.64500  0.57146  0.57141 
  8.74500  0.60385  0.60368 
  8.84500  0.63540  0.63520 
  8.94500  0.66600  0.66578 
  9.04500  0.69541  0.69530 
  9.14500  0.72350  0.72349 
  9.24500  0.75020  0.75026 
  9.34500  0.77534  0.77545 
  9.44500  0.79885  0.79898 
  9.54500  0.82065  0.82074 
  9.64500  0.84063  0.84069 
  9.74500  0.85876  0.85877 
  9.84500  0.87499  0.87497 
  9.94500  0.88933  0.88928 
 10.04500  0.90171  0.90165 
 10.14500  0.91218  0.91219 
 10.24500  0.92080  0.92079 
 10.34500  0.92755  0.92755 
 10.44500  0.93245  0.93245 
 10.54500  0.93552  0.93552 
 10.64500  0.93676  0.93677 
 10.74500  0.93617  0.93618 
 10.84500  0.93378  0.93378 
 10.94500  0.92955  0.92954 
 11.04500  0.92348  0.92347 
 11.14500  0.91554  0.91550 
 11.24500  0.90574  0.90568 
 11.34500  0.89401  0.89398 
 11.44500  0.88038  0.88035 
 11.54500  0.86485  0.86487 
 11.64500  0.84741  0.84746 
 11.74500  0.82810  0.82818 
 11.84500  0.80694  0.80705 
 11.94500  0.78406  0.78415 
 12.04500  0.75949  0.75955 
 12.14500  0.73335  0.73336 
 12.24500  0.70576  0.70567 
 12.34500  0.67683  0.67663 
 12.44500  0.64665  0.64641 
 12.54500  0.61541  0.61521 
 12.64500  0.58331  0.58323 
 12.74500  0.55061  0.55067 
 12.84500  0.51751  0.51775 
 12.94500  0.48501  0.48475 
 13.04500  0.45197  0.45186 
 13.14500  0.41931  0.41936 
 13.24500  0.38729  0.38745 
 13.34500  0.35617  0.35637 
 13.44500  0.32616  0.32632 
 13.54500  0.29745  0.29751 
 13.64500  0.27014  0.27012 
 13.74500  0.24440  0.24429 
 13.84500  0.22032  0.22017 
 13.94500  0.19804  0.19789 
 14.04500  0.17764  0.17755 
 14.14500  0.15927  0.15918 
 14.24500  0.14297  0.14292 
 14.34500  0.12878  0.12876 
 14.44500  0.11679  0.11676 
 14.54500  0.10695  0.10696 
 14.64500  0.09935  0.09933 
 14.74500  0.09395  0.09393 
 14.84500  0.09076  0.09071 
 14.94500  0.08975  0.08973 
 15.04500  0.09099  0.09099 
 15.14500  0.09443  0.09443 
 15.24500  0.10009  0.10010 
 15.34500  0.10793  0.10794 
 15.44500  0.11802  0.11803 
 15.54500  0.13027  0.13026 
 15.64500  0.14469  0.14465 
 15.74500  0.16124  0.16117 
 15.84500  0.17986  0.17972 
 15.94500  0.20046  0.20031 
 16.04500  0.22295  0.22280 
 16.14500  0.24721  0.24711 
 16.24500  0.27315  0.27313 
 16.34500  0.30061  0.30067 
 16.44500  0.32949  0.32963 
 16.54500  0.35962  0.35982 
 16.64500  0.39085  0.39100 
 16.74500  0.42296  0.42300 
 16.84500  0.45570  0.45555 
 16.94500  0.48867  0.48845 
 17.04500  0.52123  0.52145 
 17.14500  0.55431  0.55436 
 17.24500  0.58698  0.58685 
 17.34500  0.61898  0.61877 
 17.44500  0.65010  0.64987 
 17.54500  0.68012  0.67997 
 17.64500  0.70893  0.70885 
 17.74500  0.73637  0.73639 
 17.84500  0.76233  0.76241 
 17.94500  0.78670  0.78681 
 18.04500  0.80941  0.80953 
 18.14500  0.83038  0.83044 
 18.24500  0.84945  0.84951 
 18.34500  0.86671  0.86671 
 18.44500  0.88203  0.88199 
 18.54500  0.89542  0.89539 
 18.64500  0.90692  0.90688 
 18.74500  0.91653  0.91650 
 18.84500  0.92426  0.92423 
 18.94500  0.93009  0.93010 
 19.04500  0.93412  0.93414 
 19.14500  0.93632  0.93636 
 19.24500  0.93669  0.93674 
 19.34500  0.93524  0.93528 
 19.44500  0.93200  0.93201 
 19.54500  0.92690  0.92689 
 19.64500  0.91994  0.91992 
 19.74500  0.91111  0.91109 
 19.84500  0.90039  0.90037 
 19.94500  0.88779  0.88776 
 20.04500  0.87326  0.87325 
 20.14500  0.85682  0.85683 
 20.24500  0.83848  0.83855 
 20.34500  0.81828  0.81839 
 20.44500  0.79629  0.79640 
 20.54500  0.77258  0.77271 
 20.64500  0.74726  0.74733 
 20.74500  0.72041  0.72041 
 20.84500  0.69219  0.69205 
 20.94500  0.66264  0.66244 
 21.04500  0.63194  0.63171 
 21.14500  0.60029  0.60014 
 21.24500  0.56787  0.56784 
 21.34500  0.53494  0.53510 
 21.44500  0.50208  0.50210 
 21.54500  0.46932  0.46911 
 21.64500  0.43641  0.43639 
 21.74500  0.40402  0.40412 
 21.84500  0.37238  0.37258 
 21.94500  0.34178  0.34196 
 22.04500  0.31237  0.31250 
 22.14500  0.28430  0.28435 
 22.24500  0.25772  0.25765 
 22.34500  0.23276  0.23265 
 22.44500  0.20953  0.20937 
 22.54500  0.18812  0.18800 
 22.64500  0.16868  0.16860 
 22.74500  0.15127  0.15121 
 22.84500  0.13597  0.13595 
 22.94500  0.12281  0.12281 
 23.04500  0.11184  0.11185 
 23.14500  0.10306  0.10308 
 23.24500  0.09651  0.09649 
 23.34500  0.09215  0.09213 
 23.44500  0.09000  0.08998 
 23.54500  0.09007  0.09005 
 23.64500  0.09235  0.09235 
 23.74500  0.09685  0.09682 
 23.84500  0.10353  0.10355 
 23.94500  0.11245  0.11246 
 24.04500  0.12356  0.12357 
 24.14500  0.13685  0.13682 
 24.24500  0.15228  0.15222 
 24.34500  0.16983  0.16972 
 24.44500  0.18939  0.18925 
 24.54500  0.21090  0.21075 
 24.64500  0.23426  0.23413 
 24.74500  0.25931  0.25925 
 24.84500  0.28600  0.28601 
 24.94500  0.31415  0.31428 
 25.04500  0.34365  0.34384 
 25.14500  0.37433  0.37451 
 25.24500  0.40603  0.40612 
 25.34500  0.43848  0.43842 
 25.44500  0.47144  0.47120 
 25.54500  0.50416  0.50424 
 25.64500  0.53708  0.53724 
 25.74500  0.57005  0.57002 
 25.84500  0.60251  0.60235 
 25.94500  0.63421  0.63399 
 26.04500  0.66495  0.66474 
 26.14500  0.69456  0.69442 
 26.24500  0.72291  0.72287 
 26.34500  0.74990  0.74997 
 26.44500  0.77545  0.77556 
 26.54500  0.79944  0.79957 
 26.64500  0.82183  0.82193 
 26.74500  0.84256  0.84261 
 26.84500  0.86154  0.86156 
 26.94500  0.87883  0.87881 
 27.04500  0.89443  0.89439 
 27.14500  0.90835  0.90831 
 27.24500  0.92066  0.92062 
 27.34500  0.93140  0.93138 
 27.44500  0.94066  0.94064 
 27.54500  0.94850  0.94850 
 27.64500  0.95497  0.95496 
 27.74500  0.96013  0.96014 
 27.84500  0.96403  0.96405 
 27.94500  0.96670  0.96673 
 28.04500  0.96821  0.96820 
 28.14500  0.96851  0.96853 
 28.24500  0.96765  0.96764 
 28.34500  0.96560  0.96561 
 28.44500  0.96236  0.96235 
 28.54500  0.95787  0.95787 
 28.64500  0.95209  0.95209 
 28.74500  0.94499  0.94497 
 28.84500  0.93649  0.93647 
 28.94500  0.92653  0.92649 
 29.04500  0.91506  0.91502 
 29.14500  0.90200  0.90195 
 29.24500  0.88729  0.88728 
 29.34500  0.87092  0.87091 
 29.44500  0.85280  0.85285 
 29.54500  0.83300  0.83308 
 29.64500  0.81151  0.81161 
 29.74500  0.78833  0.78845 
 29.84500  0.76357  0.76369 
 29.94500  0.73732  0.73737 
 30.04500  0.70968  0.70959 
 30.14500  0.68070  0.68053 
 30.24500  0.65052  0.65029 
 30.34500  0.61928  0.61907 
 30.44500  0.58714  0.58706 
 30.54500  0.55436  0.55442 
 30.64500  0.52120  0.52143 
 30.74500  0.48851  0.48830 
 30.84500  0.45538  0.45525 
 30.94500  0.42244  0.42250 
 31.04500  0.39012  0.39028 
 31.14500  0.35862  0.35880 
 31.24500  0.32811  0.32826 
 31.34500  0.29877  0.29886 
 31.44500  0.27074  0.27074 
 31.54500  0.24411  0.24400 
 31.64500  0.21895  0.21881 
 31.74500  0.19540  0.19523 
 31.84500  0.17344  0.17333 
 31.94500  0.15322  0.15314 
 32.04500  0.13474  0.13471 
 32.14500  0.11798  0.11799 
 32.24500  0.10298  0.10299 
 32.34500  0.08967  0.08968 
 32.44500  0.07800  0.07800 
 32.54500  0.06794  0.06793 
 32.64500  0.05943  0.05941 
 32.74500  0.05240  0.05237 
 32.84500  0.04683  0.04680 
 32.94500  0.04266  0.04262 
 33.04500  0.03985  0.03983 
 33.14500  0.03840  0.03837 
 33.24500  0.03828  0.03826 
 33.34500  0.03950  0.03945 
 33.44500  0.04205  0.04202 
 33.54500  0.04596  0.04594 
 33.64500  0.05128  0.05126 
 33.74500  0.05804  0.05802 
 33.84500  0.06627  0.06628 
 33.94500  0.07605  0.07606 
 34.04500  0.08743  0.08744 
 34.14500  0.10043  0.10045 
 34.24500  0.11514  0.11511 
 34.34500  0.13156  0.13153 
 34.44500  0.14972  0.14965 
 34.54500  0.16964  0.16953 
 34.64500  0.19127  0.19111 
 34.74500  0.21455  0.21440 
 34.84500  0.23943  0.23930 
 34.94500  0.26578  0.26575 
 35.04500  0.29357  0.29366 
 35.14500  0.32267  0.32284 
 35.24500  0.35297  0.35317 
 35.34500  0.38429  0.38447 
 35.44500  0.41650  0.41657 
 35.54500  0.44931  0.44922 
 35.64500  0.48253  0.48223 
 35.74500  0.51511  0.51537 
 35.84500  0.54828  0.54840 
 35.94500  0.58115  0.58106 
 36.04500  0.61338  0.61316 
 36.14500  0.64474  0.64453 
 36.24500  0.67509  0.67491 
 36.34500  0.70420  0.70412 
 36.44500  0.73202  0.73202 
 36.54500  0.75840  0.75850 
 36.64500  0.78327  0.78340 
 36.74500  0.80651  0.80662 
 36.84500  0.82806  0.82815 
 36.94500  0.84786  0.84790 
 37.04500  0.86584  0.86587 
 37.14500  0.88202  0.88199 
 37.24500  0.89639  0.89635 
 37.34500  0.90898  0.90893 
 37.44500  0.91979  0.91975 
 37.54500  0.92887  0.92884 
 37.64500  0.93625  0.93624 
 37.74500  0.94199  0.94199 
 37.84500  0.94608  0.94609 
 37.94500  0.94858  0.94860 
 38.04500  0.94946  0.94948 
 38.14500  0.94879  0.94879 
 38.24500  0.94649  0.94649 
 38.34500  0.94260  0.94258 
 38.44500  0.93704  0.93707 
 38.54500  0.92988  0.92986 
 38.64500  0.92100  0.92099 
 38.74500  0.91041  0.91038 
 38.84500  0.89806  0.89804 
 38.94500  0.88393  0.88390 
 39.04500  0.86797  0.86798 
 39.14500  0.85021  0.85025 
 39.24500  0.83065  0.83070 
 39.34500  0.80932  0.80941 
 39.44500  0.78627  0.78639 
 39.54500  0.76162  0.76169 
 39.64500  0.73540  0.73542 
 39.74500  0.70776  0.70769 
 39.84500  0.67881  0.67863 
 39.94500  0.64861  0.64839 
 40.04500  0.61737  0.61717 
 40.14500  0.58526  0.58516 
 40.24500  0.55248  0.55252 
 40.34500  0.51931  0.51955 
 40.44500  0.48670  0.48646 
 40.54500  0.45355  0.45346 
 40.64500  0.42072  0.42076 
 40.74500  0.38846  0.38865 
 40.84500  0.35708  0.35729 
 40.94500  0.32673  0.32690 
 41.04500  0.29760  0.29767 
 41.14500  0.26980  0.26976 
 41.24500  0.24342  0.24332 
 41.34500  0.21859  0.21845 
 41.44500  0.19540  0.19527 
 41.54500  0.17397  0.17385 
 41.64500  0.15429  0.15422 
 41.74500  0.13648  0.13644 
 41.84500  0.12055  0.12053 
 41.94500  0.10649  0.10651 
 42.04500  0.09433  0.09433 
 42.14500  0.08400  0.08401 
 42.24500  0.07554  0.07551 
 42.34500  0.06886  0.06884 
 42.44500  0.06398  0.06396 
 42.54500  0.06086  0.06082 
 42.64500  0.05952  0.05948 
 42.74500  0.05992  0.05989 
 42.84500  0.06209  0.06205 
 42.94500  0.06601  0.06600 
 43.04500  0.07172  0.07170 
 43.14500  0.07922  0.07921 
 43.24500  0.08856  0.08857 
 43.34500  0.09972  0.09974 
 43.44500  0.11278  0.11277 
 43.54500  0.12768  0.12768 
 43.64500  0.14448  0.14445 
 43.74500  0.16316  0.16309 
 43.84500  0.18366  0.18355 
 43.94500  0.20593  0.20580 
 44.04500  0.22988  0.22975 
 44.14500  0.25545  0.25538 
 44.24500  0.28249  0.28253 
 44.34500  0.31093  0.31105 
 44.44500  0.34066  0.34084 
 44.54500  0.37150  0.37172 
 44.64500  0.40331  0.40343 
 44.74500  0.43588  0.43585 
 44.84500  0.46893  0.46875 
 44.94500  0.50181  0.50182 
 45.04500  0.53473  0.53494 
 45.14500  0.56779  0.56776 
 45.24500  0.60031  0.60017 
 45.34500  0.63209  0.63187 
 45.44500  0.66293  0.66271 
 45.54500  0.69264  0.69251 
 45.64500  0.72109  0.72105 
 45.74500  0.74818  0.74823 
 45.84500  0.77380  0.77392 
 45.94500  0.79792  0.79806 
 46.04500  0.82040  0.82053 
 46.14500  0.84124  0.84132 
 46.24500  0.86036  0.86040 
 46.34500  0.87778  0.87775 
 46.44500  0.89346  0.89344 
 46.54500  0.90749  0.90746 
 46.64500  0.91991  0.91988 
 46.74500  0.93076  0.93074 
 46.84500  0.94010  0.94009 
 46.94500  0.94805  0.94803 
 47.04500  0.95457  0.95459 
 47.14500  0.95984  0.95984 
 47.24500  0.96380  0.96383 
 47.34500  0.96657  0.96657 
 47.44500  0.96813  0.96813 
 47.54500  0.96851  0.96854 
 47.64500  0.96773  0.96775 
 47.74500  0.96576  0.96580 
 47.84500  0.96260  0.96261 
 47.94500  0.95819  0.95820 
 48.04500  0.95250  0.95251 
 48.14500  0.94548  0.94550 
 48.24500  0.93707  0.93707 
 48.34500  0.92723  0.92721 
 48.44500  0.91584  0.91581 
 48.54500  0.90289  0.90285 
 48.64500  0.88830  0.88825 
 48.74500  0.87201  0.87201 
 48.84500  0.85402  0.85407 
 48.94500  0.83434  0.83442 
 49.04500  0.81293  0.81304 
 49.14500  0.78988  0.79001 
 49.24500  0.76524  0.76534 
 49.34500  0.73908  0.73912 
 49.44500  0.71152  0.71145 
 49.54500  0.68263  0.68247 
 49.64500  0.65253  0.65229 
 49.74500  0.62136  0.62116 
 49.84500  0.58928  0.58917 
 49.94500  0.55655  0.55660 
 50.04500  0.52340  0.52364 
 50.14500  0.49068  0.49051 
 50.24500  0.45761  0.45747 
 50.34500  0.42470  0.42473 
 50.44500  0.39238  0.39253 
 50.54500  0.36085  0.36107 
 50.64500  0.33038  0.33054 
 50.74500  0.30107  0.30117 
 50.84500  0.27310  0.27309 
 50.94500  0.24655  0.24645 
 51.04500  0.22152  0.22138 
 51.14500  0.19813  0.19799 
 51.24500  0.17646  0.17634 
 51.34500  0.15661  0.15651 
 51.44500  0.13853  0.13851 
 51.54500  0.12237  0.12238 
 51.64500  0.10811  0.10812 
 51.74500  0.09569  0.09572 
 51.84500  0.08516  0.08517 
 51.94500  0.07644  0.07647 
 52.04500  0.06957  0.06956 
 52.14500  0.06447  0.06447 
 52.24500  0.06115  0.06111 
 52.34500  0.05960  0.05954 
 52.44500  0.05977  0.05974 
 52.54500  0.06173  0.06170 
 52.64500  0.06544  0.06541 
 52.74500  0.07093  0.07091 
 52.84500  0.07821  0.07819 
 52.94500  0.08730  0.08735 
 53.04500  0.09826  0.09827 
 53.14500  0.11109  0.11108 
 53.24500  0.12577  0.12575 
 53.34500  0.14234  0.14232 
 53.44500  0.16078  0.16072 
 53.54500  0.18106  0.18094 
 53.64500  0.20311  0.20299 
 53.74500  0.22688  0.22675 
 53.84500  0.25223  0.25216 
 53.94500  0.27909  0.27911 
 54.04500  0.30736  0.30748 
 54.14500  0.33690  0.33714 
 54.24500  0.36763  0.36783 
 54.34500  0.39933  0.39946 
 54.44500  0.43176  0.43178 
 54.54500  0.46475  0.46455 
 54.64500  0.49762  0.49758 
 54.74500  0.53039  0.53063 
 54.84500  0.56342  0.56342 
 54.94500  0.59587  0.59575 
 55.04500  0.62761  0.62739 
 55.14500  0.65835  0.65814 
 55.24500  0.68789  0.68778 
 55.34500  0.71617  0.71612 
 55.44500  0.74295  0.74302 
 55.54500  0.76823  0.76833 
 55.64500  0.79179  0.79192 
 55.74500  0.81362  0.81370 
 55.84500  0.83352  0.83360 
 55.94500  0.85149  0.85154 
 56.04500  0.86748  0.86748 
 56.14500  0.88138  0.88137 
 56.24500  0.89325  0.89323 
 56.34500  0.90304  0.90300 
 56.44500  0.91074  0.91074 
 56.54500  0.91639  0.91640 
 56.64500  0.91997  0.91997 
 56.74500  0.92150  0.92152 
 56.84500  0.92096  0.92099 
 56.94500  0.91836  0.91838 
 57.04500  0.91372  0.91372 
 57.14500  0.90702  0.90701 
 57.24500  0.89823  0.89821 
 57.34500  0.88737  0.88734 
 57.44500  0.87444  0.87443 
 57.54500  0.85946  0.85947 
 57.64500  0.84244  0.84252 
 57.74500  0.82347  0.82355 
 57.84500  0.80254  0.80267 
 57.94500  0.77981  0.77993 
 58.04500  0.75535  0.75543 
 58.14500  0.72926  0.72929 
 58.24500  0.70170  0.70160 
 58.34500  0.67274  0.67257 
 58.44500  0.64255  0.64231 
 58.54500  0.61126  0.61110 
 58.64500  0.57911  0.57905 
 58.74500  0.54632  0.54642 
 58.84500  0.51321  0.51345 
 58.94500  0.48066  0.48037 
 59.04500  0.44748  0.44741 
 59.14500  0.41471  0.41479 
 59.24500  0.38256  0.38274 
 59.34500  0.35125  0.35148 
 59.44500  0.32099  0.32116 
 59.54500  0.29192  0.29198 
 59.64500  0.26415  0.26412 
 59.74500  0.23780  0.23767 
 59.84500  0.21288  0.21275 
 59.94500  0.18957  0.18943 
 60.04500  0.16784  0.16774 
 60.14500  0.14777  0.14773 
 60.24500  0.12938  0.12938 
 60.34500  0.11266  0.11266 
 60.44500  0.09753  0.09757 
 60.54500  0.08396  0.08399 
 60.64500  0.07188  0.07189 
 60.74500  0.06117  0.06117 
 60.84500  0.05176  0.05175 
 60.94500  0.04353  0.04351 
 61.04500  0.03639  0.03638 
 61.14500  0.03024  0.03022 
 61.24500  0.02498  0.02497 
 61.34500  0.02051  0.02051 
 61.44500  0.01674  0.01672 
 61.54500  0.01355  0.01357 
 61.64500  0.01093  0.01093 
 61.74500  0.00877  0.00876 
 61.84500  0.00699  0.00697 
 61.94500  0.00554  0.00554 
 62.04500  0.00437  0.00435 
 62.14500  0.00343  0.00342 
 62.24500  0.00270  0.00270 
 62.34500  0.00212  0.00211 
 62.44500  0.00168  0.00169 
 62.54500  0.00136  0.00138 
 62.64500  0.00115  0.00115 
 62.74500  0.00103  0.00102 
