  0.04500  0.54993  0.55000 
  0.14500  0.54992  0.55000 
  0.24500  0.54990  0.55000 
  0.34500  0.54990  0.55000 
  0.44500  0.54986  0.55000 
  0.54500  0.54985  0.55000 
  0.64500  0.54985  0.55000 
  0.74500  0.54985  0.55000 
  0.84500  0.54985  0.55000 
  0.94500  0.54986  0.55000 
  1.04500  0.54986  0.55000 
  1.14500  0.54984  0.55000 
  1.24500  0.54984  0.54991 
  1.34500  0.54982  0.54990 
  1.44500  0.54980  0.54990 
  1.54500  0.54977  0.54990 
  1.64500  0.54977  0.54990 
  1.74500  0.54976  0.54990 
  1.84500  0.54976  0.54990 
  1.94500  0.54973  0.54984 
  2.04500  0.54972  0.54980 
  2.14500  0.54965  0.54980 
  2.24500  0.54965  0.54980 
  2.34500  0.54967  0.54980 
  2.44500  0.54964  0.54976 
  2.54500  0.54959  0.54970 
  2.64500  0.54958  0.54970 
  2.74500  0.54956  0.54970 
  2.84500  0.54954  0.54969 
  2.94500  0.54951  0.54960 
  3.04500  0.54948  0.54960 
  3.14500  0.54945  0.54960 
  3.24500  0.54942  0.54956 
  3.34500  0.54940  0.54950 
  3.44500  0.54936  0.54950 
  3.54500  0.54934  0.54949 
  3.64500  0.54929  0.54940 
  3.74500  0.54925  0.54940 
  3.84500  0.54924  0.54940 
  3.94500  0.54917  0.54930 
  4.04500  0.54917  0.54930 
  4.14500  0.54911  0.54928 
  4.24500  0.54909  0.54920 
  4.34500  0.54903  0.54920 
  4.44500  0.54900  0.54915 
  4.54500  0.54900  0.54910 
  4.64500  0.54890  0.54910 
  4.74500  0.54890  0.54900 
  4.84500  0.54884  0.54900 
  4.94500  0.54880  0.54894 
  5.04500  0.54876  0.54890 
  5.14500  0.54872  0.54887 
  5.24500  0.54867  0.54880 
  5.34500  0.54864  0.54879 
  5.44500  0.54857  0.54870 
  5.54500  0.54853  0.54870 
  5.64500  0.54848  0.54860 
  5.74500  0.54844  0.54860 
  5.84500  0.54836  0.54850 
  5.94500  0.54834  0.54850 
  6.04500  0.54827  0.54840 
  6.14500  0.54823  0.54839 
  6.24500  0.54818  0.54830 
  6.34500  0.54812  0.54828 
  6.44500  0.54808  0.54820 
  6.54500  0.54800  0.54816 
  6.64500  0.54796  0.54810 
  6.74500  0.54791  0.54803 
  6.84500  0.54784  0.54800 
  6.94500  0.54779  0.54790 
  7.04500  0.54772  0.54787 
  7.14500  0.54768  0.54780 
  7.24500  0.54760  0.54773 
  7.34500  0.54754  0.54769 
  7.44500  0.54748  0.54760 
  7.54500  0.54742  0.54755 
  7.64500  0.54736  0.54750 
  7.74500  0.54726  0.54740 
  7.84500  0.54723  0.54736 
  7.94500  0.54717  0.54730 
  8.04500  0.54709  0.54720 
  8.14500  0.54703  0.54715 
  8.24500  0.54696  0.54709 
  8.34500  0.54690  0.54700 
  8.44500  0.54682  0.54693 
  8.54500  0.54674  0.54687 
  8.64500  0.54667  0.54680 
  8.74500  0.54660  0.54671 
  8.84500  0.54653  0.54665 
  8.94500  0.54646  0.54658 
  9.04500  0.54638  0.54650 
  9.14500  0.54631  0.54641 
  9.24500  0.54623  0.54634 
  9.34500  0.54615  0.54627 
  9.44500  0.54608  0.54619 
  9.54500  0.54599  0.54610 
  9.64500  0.54591  0.54602 
  9.74500  0.54583  0.54594 
  9.84500  0.54575  0.54586 
  9.94500  0.54566  0.54579 
 10.04500  0.54558  0.54570 
 10.14500  0.54550  0.54560 
 10.24500  0.54542  0.54552 
 10.34500  0.54534  0.54544 
 10.44500  0.54525  0.54536 
 10.54500  0.54516  0.54527 
 10.64500  0.54506  0.54518 
 10.74500  0.54499  0.54510 
 10.84500  0.54490  0.54500 
 10.94500  0.54480  0.54491 
 11.04500  0.54471  0.54482 
 11.14500  0.54462  0.54473 
 11.24500  0.54454  0.54464 
 11.34500  0.54444  0.54454 
 11.44500  0.54434  0.54445 
 11.54500  0.54425  0.54436 
 11.64500  0.54415  0.54426 
 11.74500  0.54405  0.54417 
 11.84500  0.54396  0.54407 
 11.94500  0.54387  0.54397 
 12.04500  0.54376  0.54387 
 12.14500  0.54366  0.54378 
 12.24500  0.54357  0.54368 
 12.34500  0.54347  0.54358 
 12.44500  0.54337  0.54347 
 12.54500  0.54326  0.54337 
 12.64500  0.54316  0.54327 
 12.74500  0.54306  0.54317 
 12.84500  0.54295  0.54306 
 12.94500  0.54285  0.54296 
 13.04500  0.54275  0.54286 
 13.14500  0.54264  0.54275 
 13.24500  0.54253  0.54265 
 13.34500  0.54243  0.54254 
 13.44500  0.54232  0.54243 
 13.54500  0.54221  0.54232 
 13.64500  0.54210  0.54222 
 13.74500  0.54200  0.54211 
 13.84500  0.54187  0.54199 
 13.94500  0.54177  0.54188 
 14.04500  0.54166  0.54177 
 14.14500  0.54154  0.54166 
 14.24500  0.54143  0.54155 
 14.34500  0.54132  0.54144 
 14.44500  0.54121  0.54132 
 14.54500  0.54109  0.54121 
 14.64500  0.54097  0.54109 
 14.74500  0.54086  0.54097 
 14.84500  0.54075  0.54086 
 14.94500  0.54063  0.54074 
 15.04500  0.54051  0.54063 
 15.14500  0.54039  0.54051 
 15.24500  0.54028  0.54038 
 15.34500  0.54015  0.54026 
 15.44500  0.54003  0.54015 
 15.54500  0.53991  0.54003 
 15.64500  0.53980  0.53990 
 15.74500  0.53967  0.53978 
 15.84500  0.53955  0.53966 
 15.94500  0.53943  0.53954 
 16.04500  0.53931  0.53942 
 16.14500  0.53918  0.53928 
 16.24500  0.53907  0.53916 
 16.34500  0.53893  0.53904 
 16.44500  0.53881  0.53892 
 16.54500  0.53869  0.53878 
 16.64500  0.53856  0.53866 
 16.74500  0.53843  0.53854 
 16.84500  0.53831  0.53840 
 16.94500  0.53818  0.53827 
 17.04500  0.53805  0.53815 
 17.14500  0.53792  0.53802 
 17.24500  0.53780  0.53788 
 17.34500  0.53766  0.53775 
 17.44500  0.53753  0.53763 
 17.54500  0.53740  0.53748 
 17.64500  0.53727  0.53736 
 17.74500  0.53714  0.53723 
 17.84500  0.53701  0.53709 
 17.94500  0.53687  0.53695 
 18.04500  0.53673  0.53683 
 18.14500  0.53660  0.53668 
 18.24500  0.53647  0.53655 
 18.34500  0.53632  0.53642 
 18.44500  0.53620  0.53627 
 18.54500  0.53606  0.53614 
 18.64500  0.53593  0.53601 
 18.74500  0.53578  0.53586 
 18.84500  0.53565  0.53573 
 18.94500  0.53551  0.53558 
 19.04500  0.53537  0.53545 
 19.14500  0.53523  0.53531 
 19.24500  0.53509  0.53516 
 19.34500  0.53495  0.53503 
 19.44500  0.53481  0.53487 
 19.54500  0.53467  0.53474 
 19.64500  0.53452  0.53459 
 19.74500  0.53437  0.53445 
 19.84500  0.53424  0.53431 
 19.94500  0.53409  0.53416 
 20.04500  0.53395  0.53403 
 20.14500  0.53381  0.53387 
 20.24500  0.53366  0.53374 
 20.34500  0.53350  0.53358 
 20.44500  0.53337  0.53344 
 20.54500  0.53322  0.53329 
 20.64500  0.53308  0.53315 
 20.74500  0.53293  0.53299 
 20.84500  0.53277  0.53285 
 20.94500  0.53262  0.53270 
 21.04500  0.53248  0.53255 
 21.14500  0.53233  0.53240 
 21.24500  0.53218  0.53225 
 21.34500  0.53202  0.53210 
 21.44500  0.53188  0.53195 
 21.54500  0.53173  0.53180 
 21.64500  0.53158  0.53165 
 21.74500  0.53143  0.53150 
 21.84500  0.53127  0.53135 
 21.94500  0.53112  0.53119 
 22.04500  0.53096  0.53104 
 22.14500  0.53082  0.53088 
 22.24500  0.53066  0.53074 
 22.34500  0.53050  0.53057 
 22.44500  0.53035  0.53043 
 22.54500  0.53019  0.53026 
 22.64500  0.53005  0.53012 
 22.74500  0.52988  0.52995 
 22.84500  0.52973  0.52980 
 22.94500  0.52957  0.52965 
 23.04500  0.52942  0.52948 
 23.14500  0.52925  0.52934 
 23.24500  0.52911  0.52916 
 23.34500  0.52895  0.52902 
 23.44500  0.52879  0.52885 
 23.54500  0.52863  0.52870 
 23.64500  0.52847  0.52854 
 23.74500  0.52831  0.52838 
 23.84500  0.52816  0.52822 
 23.94500  0.52799  0.52806 
 24.04500  0.52784  0.52790 
 24.14500  0.52768  0.52774 
 24.24500  0.52752  0.52758 
 24.34500  0.52736  0.52742 
 24.44500  0.52720  0.52725 
 24.54500  0.52704  0.52710 
 24.64500  0.52688  0.52694 
 24.74500  0.52671  0.52676 
 24.84500  0.52656  0.52660 
 24.94500  0.52640  0.52645 
 25.04500  0.52623  0.52628 
 25.14500  0.52606  0.52612 
 25.24500  0.52591  0.52595 
 25.34500  0.52574  0.52578 
 25.44500  0.52558  0.52562 
 25.54500  0.52541  0.52546 
 25.64500  0.52525  0.52530 
 25.74500  0.52509  0.52514 
 25.84500  0.52492  0.52496 
 25.94500  0.52476  0.52480 
 26.04500  0.52459  0.52464 
 26.14500  0.52444  0.52446 
 26.24500  0.52426  0.52430 
 26.34500  0.52411  0.52414 
 26.44500  0.52393  0.52396 
 26.54500  0.52377  0.52380 
 26.64500  0.52360  0.52364 
 26.74500  0.52344  0.52346 
 26.84500  0.52327  0.52330 
 26.94500  0.52310  0.52313 
 27.04500  0.52293  0.52295 
 27.14500  0.52277  0.52278 
 27.24500  0.52260  0.52262 
 27.34500  0.52244  0.52245 
 27.44500  0.52227  0.52228 
 27.54500  0.52209  0.52212 
 27.64500  0.52192  0.52194 
 27.74500  0.52176  0.52176 
 27.84500  0.52159  0.52160 
 27.94500  0.52141  0.52144 
 28.04500  0.52125  0.52126 
 28.14500  0.52108  0.52108 
 28.24500  0.52091  0.52092 
 28.34500  0.52075  0.52075 
 28.44500  0.52056  0.52057 
 28.54500  0.52040  0.52040 
 28.64500  0.52022  0.52024 
 28.74500  0.52005  0.52006 
 28.84500  0.51989  0.51988 
 28.94500  0.51970  0.51972 
 29.04500  0.51954  0.51955 
 29.14500  0.51937  0.51936 
 29.24500  0.51919  0.51920 
 29.34500  0.51903  0.51903 
 29.44500  0.51884  0.51885 
 29.54500  0.51867  0.51868 
 29.64500  0.51851  0.51851 
 29.74500  0.51833  0.51834 
 29.84500  0.51815  0.51816 
 29.94500  0.51798  0.51798 
 30.04500  0.51781  0.51782 
 30.14500  0.51763  0.51764 
 30.24500  0.51746  0.51746 
 30.34500  0.51729  0.51729 
 30.44500  0.51711  0.51712 
 30.54500  0.51693  0.51695 
 30.64500  0.51676  0.51676 
 30.74500  0.51659  0.51660 
 30.84500  0.51641  0.51642 
 30.94500  0.51624  0.51625 
 31.04500  0.51606  0.51606 
 31.14500  0.51589  0.51590 
 31.24500  0.51571  0.51572 
 31.34500  0.51554  0.51555 
 31.44500  0.51536  0.51536 
 31.54500  0.51519  0.51520 
 31.64500  0.51501  0.51502 
 31.74500  0.51484  0.51485 
 31.84500  0.51466  0.51466 
 31.94500  0.51448  0.51450 
 32.04500  0.51432  0.51432 
 32.14500  0.51414  0.51415 
 32.24500  0.51396  0.51396 
 32.34500  0.51378  0.51379 
 32.44500  0.51361  0.51362 
 32.54500  0.51344  0.51345 
 32.64500  0.51326  0.51326 
 32.74500  0.51308  0.51309 
 32.84500  0.51292  0.51292 
 32.94500  0.51274  0.51274 
 33.04500  0.51256  0.51256 
 33.14500  0.51239  0.51238 
 33.24500  0.51221  0.51222 
 33.34500  0.51202  0.51204 
 33.44500  0.51186  0.51186 
 33.54500  0.51169  0.51168 
 33.64500  0.51151  0.51151 
 33.74500  0.51134  0.51134 
 33.84500  0.51116  0.51115 
 33.94500  0.51099  0.51098 
 34.04500  0.51081  0.51081 
 34.14500  0.51064  0.51064 
 34.24500  0.51047  0.51045 
 34.34500  0.51030  0.51028 
 34.44500  0.51012  0.51010 
 34.54500  0.50995  0.50994 
 34.64500  0.50977  0.50975 
 34.74500  0.50959  0.50958 
 34.84500  0.50942  0.50940 
 34.94500  0.50925  0.50923 
 35.04500  0.50908  0.50905 
 35.14500  0.50891  0.50888 
 35.24500  0.50873  0.50870 
 35.34500  0.50856  0.50853 
 35.44500  0.50839  0.50835 
 35.54500  0.50821  0.50818 
 35.64500  0.50804  0.50800 
 35.74500  0.50786  0.50784 
 35.84500  0.50769  0.50765 
 35.94500  0.50752  0.50748 
 36.04500  0.50735  0.50731 
 36.14500  0.50717  0.50714 
 36.24500  0.50700  0.50695 
 36.34500  0.50682  0.50678 
 36.44500  0.50667  0.50661 
 36.54500  0.50649  0.50644 
 36.64500  0.50630  0.50626 
 36.74500  0.50614  0.50609 
 36.84500  0.50596  0.50592 
 36.94500  0.50579  0.50575 
 37.04500  0.50563  0.50556 
 37.14500  0.50545  0.50540 
 37.24500  0.50528  0.50523 
 37.34500  0.50511  0.50505 
 37.44500  0.50494  0.50488 
 37.54500  0.50477  0.50471 
 37.64500  0.50459  0.50454 
 37.74500  0.50442  0.50436 
 37.84500  0.50425  0.50419 
 37.94500  0.50408  0.50402 
 38.04500  0.50391  0.50385 
 38.14500  0.50374  0.50368 
 38.24500  0.50358  0.50351 
 38.34500  0.50340  0.50334 
 38.44500  0.50323  0.50316 
 38.54500  0.50307  0.50300 
 38.64500  0.50289  0.50283 
 38.74500  0.50272  0.50265 
 38.84500  0.50255  0.50248 
 38.94500  0.50239  0.50232 
 39.04500  0.50221  0.50215 
 39.14500  0.50204  0.50198 
 39.24500  0.50188  0.50182 
 39.34500  0.50171  0.50164 
 39.44500  0.50155  0.50146 
 39.54500  0.50137  0.50130 
 39.64500  0.50121  0.50114 
 39.74500  0.50104  0.50096 
 39.84500  0.50088  0.50080 
 39.94500  0.50071  0.50064 
 40.04500  0.50054  0.50046 
 40.14500  0.50037  0.50030 
 40.24500  0.50020  0.50014 
 40.34500  0.50003  0.49996 
 40.44500  0.49987  0.49980 
 40.54500  0.49971  0.49964 
 40.64500  0.49954  0.49946 
 40.74500  0.49938  0.49932 
 40.84500  0.49921  0.49915 
 40.94500  0.49904  0.49898 
 41.04500  0.49888  0.49882 
 41.14500  0.49872  0.49865 
 41.24500  0.49855  0.49849 
 41.34500  0.49839  0.49834 
 41.44500  0.49823  0.49816 
 41.54500  0.49807  0.49800 
 41.64500  0.49791  0.49785 
 41.74500  0.49774  0.49768 
 41.84500  0.49757  0.49752 
 41.94500  0.49743  0.49736 
 42.04500  0.49726  0.49720 
 42.14500  0.49710  0.49704 
 42.24500  0.49694  0.49688 
 42.34500  0.49678  0.49672 
 42.44500  0.49662  0.49656 
 42.54500  0.49646  0.49640 
 42.64500  0.49632  0.49625 
 42.74500  0.49615  0.49608 
 42.84500  0.49600  0.49594 
 42.94500  0.49584  0.49576 
 43.04500  0.49568  0.49562 
 43.14500  0.49553  0.49546 
 43.24500  0.49538  0.49530 
 43.34500  0.49522  0.49515 
 43.44500  0.49505  0.49499 
 43.54500  0.49491  0.49484 
 43.64500  0.49476  0.49468 
 43.74500  0.49460  0.49454 
 43.84500  0.49446  0.49437 
 43.94500  0.49431  0.49423 
 44.04500  0.49415  0.49407 
 44.14500  0.49400  0.49393 
 44.24500  0.49385  0.49376 
 44.34500  0.49370  0.49363 
 44.44500  0.49355  0.49346 
 44.54500  0.49341  0.49333 
 44.64500  0.49325  0.49316 
 44.74500  0.49311  0.49303 
 44.84500  0.49296  0.49287 
 44.94500  0.49281  0.49273 
 45.04500  0.49267  0.49257 
 45.14500  0.49253  0.49244 
 45.24500  0.49237  0.49228 
 45.34500  0.49223  0.49214 
 45.44500  0.49210  0.49199 
 45.54500  0.49195  0.49185 
 45.64500  0.49181  0.49171 
 45.74500  0.49166  0.49156 
 45.84500  0.49151  0.49143 
 45.94500  0.49137  0.49127 
 46.04500  0.49123  0.49114 
 46.14500  0.49110  0.49099 
 46.24500  0.49095  0.49085 
 46.34500  0.49082  0.49071 
 46.44500  0.49068  0.49056 
 46.54500  0.49053  0.49043 
 46.64500  0.49040  0.49029 
 46.74500  0.49026  0.49015 
 46.84500  0.49012  0.49002 
 46.94500  0.48999  0.48987 
 47.04500  0.48985  0.48974 
 47.14500  0.48972  0.48961 
 47.24500  0.48958  0.48946 
 47.34500  0.48944  0.48934 
 47.44500  0.48932  0.48920 
 47.54500  0.48919  0.48906 
 47.64500  0.48905  0.48894 
 47.74500  0.48892  0.48880 
 47.84500  0.48877  0.48866 
 47.94500  0.48865  0.48854 
 48.04500  0.48852  0.48841 
 48.14500  0.48839  0.48827 
 48.24500  0.48827  0.48815 
 48.34500  0.48813  0.48802 
 48.44500  0.48802  0.48788 
 48.54500  0.48787  0.48776 
 48.64500  0.48776  0.48764 
 48.74500  0.48763  0.48752 
 48.84500  0.48750  0.48738 
 48.94500  0.48738  0.48726 
 49.04500  0.48726  0.48714 
 49.14500  0.48713  0.48702 
 49.24500  0.48700  0.48688 
 49.34500  0.48688  0.48676 
 49.44500  0.48677  0.48665 
 49.54500  0.48664  0.48653 
 49.64500  0.48652  0.48641 
 49.74500  0.48640  0.48628 
 49.84500  0.48628  0.48617 
 49.94500  0.48616  0.48605 
 50.04500  0.48604  0.48594 
 50.14500  0.48593  0.48582 
 50.24500  0.48581  0.48570 
 50.34500  0.48570  0.48558 
 50.44500  0.48558  0.48547 
 50.54500  0.48547  0.48536 
 50.64500  0.48535  0.48525 
 50.74500  0.48524  0.48514 
 50.84500  0.48512  0.48503 
 50.94500  0.48501  0.48492 
 51.04500  0.48491  0.48481 
 51.14500  0.48479  0.48469 
 51.24500  0.48469  0.48458 
 51.34500  0.48458  0.48448 
 51.44500  0.48448  0.48437 
 51.54500  0.48437  0.48426 
 51.64500  0.48427  0.48416 
 51.74500  0.48415  0.48406 
 51.84500  0.48405  0.48395 
 51.94500  0.48395  0.48385 
 52.04500  0.48385  0.48375 
 52.14500  0.48375  0.48365 
 52.24500  0.48365  0.48355 
 52.34500  0.48355  0.48345 
 52.44500  0.48346  0.48335 
 52.54500  0.48335  0.48325 
 52.64500  0.48326  0.48315 
 52.74500  0.48315  0.48306 
 52.84500  0.48307  0.48296 
 52.94500  0.48297  0.48287 
 53.04500  0.48288  0.48277 
 53.14500  0.48279  0.48268 
 53.24500  0.48269  0.48259 
 53.34500  0.48261  0.48250 
 53.44500  0.48251  0.48240 
 53.54500  0.48242  0.48231 
 53.64500  0.48233  0.48222 
 53.74500  0.48225  0.48214 
 53.84500  0.48216  0.48205 
 53.94500  0.48207  0.48197 
 54.04500  0.48199  0.48188 
 54.14500  0.48191  0.48180 
 54.24500  0.48183  0.48170 
 54.34500  0.48175  0.48162 
 54.44500  0.48167  0.48154 
 54.54500  0.48159  0.48147 
 54.64500  0.48151  0.48139 
 54.74500  0.48142  0.48130 
 54.84500  0.48136  0.48122 
 54.94500  0.48127  0.48115 
 55.04500  0.48119  0.48108 
 55.14500  0.48113  0.48100 
 55.24500  0.48105  0.48091 
 55.34500  0.48097  0.48085 
 55.44500  0.48091  0.48078 
 55.54500  0.48084  0.48070 
 55.64500  0.48076  0.48062 
 55.74500  0.48070  0.48057 
 55.84500  0.48062  0.48050 
 55.94500  0.48056  0.48041 
 56.04500  0.48050  0.48036 
 56.14500  0.48042  0.48030 
 56.24500  0.48035  0.48021 
 56.34500  0.48030  0.48016 
 56.44500  0.48024  0.48010 
 56.54500  0.48017  0.48002 
 56.64500  0.48010  0.47998 
 56.74500  0.48006  0.47990 
 56.84500  0.47999  0.47985 
 56.94500  0.47993  0.47980 
 57.04500  0.47987  0.47972 
 57.14500  0.47982  0.47969 
 57.24500  0.47976  0.47960 
 57.34500  0.47973  0.47957 
 57.44500  0.47965  0.47950 
 57.54500  0.47961  0.47946 
 57.64500  0.47954  0.47940 
 57.74500  0.47949  0.47935 
 57.84500  0.47945  0.47930 
 57.94500  0.47939  0.47925 
 58.04500  0.47935  0.47920 
 58.14500  0.47930  0.47916 
 58.24500  0.47927  0.47910 
 58.34500  0.47919  0.47908 
 58.44500  0.47919  0.47900 
 58.54500  0.47910  0.47900 
 58.64500  0.47907  0.47891 
 58.74500  0.47904  0.47890 
 58.84500  0.47898  0.47885 
 58.94500  0.47894  0.47880 
 59.04500  0.47892  0.47880 
 59.14500  0.47888  0.47870 
 59.24500  0.47882  0.47870 
 59.34500  0.47883  0.47868 
 59.44500  0.47874  0.47860 
 59.54500  0.47873  0.47860 
 59.64500  0.47871  0.47858 
 59.74500  0.47865  0.47850 
 59.84500  0.47864  0.47850 
 59.94500  0.47860  0.47850 
 60.04500  0.47857  0.47840 
 60.14500  0.47854  0.47840 
 60.24500  0.47851  0.47840 
 60.34500  0.47846  0.47837 
 60.44500  0.47846  0.47830 
 60.54500  0.47843  0.47830 
 60.64500  0.47839  0.47830 
 60.74500  0.47837  0.47830 
 60.84500  0.47836  0.47821 
 60.94500  0.47833  0.47820 
 61.04500  0.47833  0.47820 
 61.14500  0.47829  0.47820 
 61.24500  0.47828  0.47820 
 61.34500  0.47826  0.47816 
 61.44500  0.47827  0.47810 
 61.54500  0.47827  0.47810 
 61.64500  0.47824  0.47810 
 61.74500  0.47821  0.47810 
 61.84500  0.47818  0.47810 
 61.94500  0.47816  0.47810 
 62.04500  0.47816  0.47810 
 62.14500  0.47816  0.47810 
 62.24500  0.47816  0.47810 
 62.34500  0.47817  0.47805 
 62.44500  0.47816  0.47800 
 62.54500  0.47816  0.47800 
 62.64500  0.47816  0.47800 
 62.74500  0.47817  0.47800 
