  0.04500  0.70774  0.70780 
  0.14500  0.70762  0.70764 
  0.24500  0.70734  0.70737 
  0.34500  0.70689  0.70693 
  0.44500  0.70630  0.70634 
  0.54500  0.70560  0.70561 
  0.64500  0.70472  0.70475 
  0.74500  0.70371  0.70374 
  0.84500  0.70253  0.70258 
  0.94500  0.70125  0.70130 
  1.04500  0.69984  0.69985 
  1.14500  0.69826  0.69831 
  1.24500  0.69658  0.69662 
  1.34500  0.69477  0.69481 
  1.44500  0.69283  0.69290 
  1.54500  0.69078  0.69083 
  1.64500  0.68861  0.68867 
  1.74500  0.68632  0.68638 
  1.84500  0.68395  0.68400 
  1.94500  0.68146  0.68153 
  2.04500  0.67887  0.67895 
  2.14500  0.67619  0.67627 
  2.24500  0.67345  0.67352 
  2.34500  0.67061  0.67069 
  2.44500  0.66770  0.66775 
  2.54500  0.66471  0.66475 
  2.64500  0.66165  0.66175 
  2.74500  0.65856  0.65865 
  2.84500  0.65539  0.65550 
  2.94500  0.65219  0.65229 
  3.04500  0.64894  0.64905 
  3.14500  0.64566  0.64577 
  3.24500  0.64235  0.64247 
  3.34500  0.63902  0.63913 
  3.44500  0.63568  0.63579 
  3.54500  0.63231  0.63242 
  3.64500  0.62895  0.62906 
  3.74500  0.62559  0.62569 
  3.84500  0.62222  0.62232 
  3.94500  0.61885  0.61897 
  4.04500  0.61550  0.61563 
  4.14500  0.61220  0.61232 
  4.24500  0.60891  0.60903 
  4.34500  0.60564  0.60576 
  4.44500  0.60241  0.60254 
  4.54500  0.59922  0.59935 
  4.64500  0.59608  0.59621 
  4.74500  0.59300  0.59312 
  4.84500  0.58996  0.59005 
  4.94500  0.58698  0.58707 
  5.04500  0.58407  0.58417 
  5.14500  0.58119  0.58130 
  5.24500  0.57840  0.57850 
  5.34500  0.57567  0.57577 
  5.44500  0.57301  0.57311 
  5.54500  0.57043  0.57053 
  5.64500  0.56793  0.56802 
  5.74500  0.56550  0.56560 
  5.84500  0.56315  0.56325 
  5.94500  0.56089  0.56098 
  6.04500  0.55870  0.55878 
  6.14500  0.55659  0.55670 
  6.24500  0.55460  0.55470 
  6.34500  0.55264  0.55272 
  6.44500  0.55079  0.55087 
  6.54500  0.54903  0.54910 
  6.64500  0.54734  0.54742 
  6.74500  0.54574  0.54580 
  6.84500  0.54422  0.54427 
  6.94500  0.54278  0.54283 
  7.04500  0.54141  0.54147 
  7.14500  0.54013  0.54017 
  7.24500  0.53893  0.53898 
  7.34500  0.53781  0.53785 
  7.44500  0.53675  0.53675 
  7.54500  0.53576  0.53577 
  7.64500  0.53484  0.53487 
  7.74500  0.53398  0.53400 
  7.84500  0.53318  0.53323 
  7.94500  0.53245  0.53249 
  8.04500  0.53178  0.53181 
  8.14500  0.53116  0.53120 
  8.24500  0.53061  0.53064 
  8.34500  0.53012  0.53010 
  8.44500  0.52965  0.52966 
  8.54500  0.52920  0.52923 
  8.64500  0.52883  0.52885 
  8.74500  0.52852  0.52852 
  8.84500  0.52819  0.52819 
  8.94500  0.52790  0.52792 
  9.04500  0.52766  0.52768 
  9.14500  0.52742  0.52745 
  9.24500  0.52723  0.52725 
  9.34500  0.52705  0.52706 
  9.44500  0.52689  0.52691 
  9.54500  0.52675  0.52676 
  9.64500  0.52662  0.52664 
  9.74500  0.52650  0.52652 
  9.84500  0.52639  0.52640 
  9.94500  0.52628  0.52629 
 10.04500  0.52617  0.52619 
 10.14500  0.52607  0.52609 
 10.24500  0.52597  0.52598 
 10.34500  0.52585  0.52588 
 10.44500  0.52575  0.52577 
 10.54500  0.52564  0.52566 
 10.64500  0.52552  0.52555 
 10.74500  0.52541  0.52543 
 10.84500  0.52526  0.52529 
 10.94500  0.52513  0.52515 
 11.04500  0.52497  0.52501 
 11.14500  0.52481  0.52485 
 11.24500  0.52465  0.52468 
 11.34500  0.52446  0.52450 
 11.44500  0.52428  0.52431 
 11.54500  0.52408  0.52411 
 11.64500  0.52387  0.52391 
 11.74500  0.52364  0.52369 
 11.84500  0.52342  0.52347 
 11.94500  0.52317  0.52323 
 12.04500  0.52294  0.52300 
 12.14500  0.52269  0.52275 
 12.24500  0.52245  0.52250 
 12.34500  0.52218  0.52223 
 12.44500  0.52194  0.52198 
 12.54500  0.52167  0.52171 
 12.64500  0.52141  0.52145 
 12.74500  0.52112  0.52119 
 12.84500  0.52085  0.52092 
 12.94500  0.52062  0.52066 
 13.04500  0.52035  0.52040 
 13.14500  0.52009  0.52015 
 13.24500  0.51984  0.51991 
 13.34500  0.51961  0.51968 
 13.44500  0.51939  0.51944 
 13.54500  0.51917  0.51923 
 13.64500  0.51897  0.51903 
 13.74500  0.51878  0.51884 
 13.84500  0.51861  0.51866 
 13.94500  0.51844  0.51850 
 14.04500  0.51829  0.51835 
 14.14500  0.51818  0.51823 
 14.24500  0.51804  0.51812 
 14.34500  0.51797  0.51802 
 14.44500  0.51791  0.51796 
 14.54500  0.51787  0.51790 
 14.64500  0.51785  0.51790 
 14.74500  0.51784  0.51790 
 14.84500  0.51781  0.51790 
 14.94500  0.51787  0.51790 
 15.04500  0.51792  0.51798 
 15.14500  0.51800  0.51805 
 15.24500  0.51809  0.51815 
 15.34500  0.51822  0.51827 
 15.44500  0.51837  0.51842 
 15.54500  0.51853  0.51858 
 15.64500  0.51871  0.51875 
 15.74500  0.51891  0.51896 
 15.84500  0.51914  0.51918 
 15.94500  0.51938  0.51942 
 16.04500  0.51964  0.51968 
 16.14500  0.51992  0.51994 
 16.24500  0.52019  0.52023 
 16.34500  0.52049  0.52052 
 16.44500  0.52079  0.52083 
 16.54500  0.52111  0.52115 
 16.64500  0.52144  0.52148 
 16.74500  0.52178  0.52182 
 16.84500  0.52214  0.52215 
 16.94500  0.52250  0.52252 
 17.04500  0.52283  0.52286 
 17.14500  0.52319  0.52322 
 17.24500  0.52355  0.52357 
 17.34500  0.52392  0.52393 
 17.44500  0.52427  0.52428 
 17.54500  0.52461  0.52462 
 17.64500  0.52494  0.52498 
 17.74500  0.52528  0.52532 
 17.84500  0.52561  0.52564 
 17.94500  0.52593  0.52595 
 18.04500  0.52624  0.52627 
 18.14500  0.52655  0.52656 
 18.24500  0.52683  0.52685 
 18.34500  0.52712  0.52712 
 18.44500  0.52737  0.52738 
 18.54500  0.52761  0.52762 
 18.64500  0.52785  0.52786 
 18.74500  0.52806  0.52807 
 18.84500  0.52826  0.52826 
 18.94500  0.52843  0.52845 
 19.04500  0.52860  0.52861 
 19.14500  0.52875  0.52875 
 19.24500  0.52888  0.52888 
 19.34500  0.52897  0.52900 
 19.44500  0.52909  0.52910 
 19.54500  0.52918  0.52919 
 19.64500  0.52925  0.52924 
 19.74500  0.52928  0.52930 
 19.84500  0.52932  0.52930 
 19.94500  0.52935  0.52938 
 20.04500  0.52937  0.52940 
 20.14500  0.52936  0.52940 
 20.24500  0.52935  0.52940 
 20.34500  0.52933  0.52930 
 20.44500  0.52931  0.52930 
 20.54500  0.52926  0.52930 
 20.64500  0.52922  0.52924 
 20.74500  0.52920  0.52920 
 20.84500  0.52915  0.52919 
 20.94500  0.52913  0.52910 
 21.04500  0.52908  0.52910 
 21.14500  0.52904  0.52904 
 21.24500  0.52900  0.52900 
 21.34500  0.52897  0.52900 
 21.44500  0.52895  0.52900 
 21.54500  0.52896  0.52900 
 21.64500  0.52894  0.52900 
 21.74500  0.52895  0.52900 
 21.84500  0.52897  0.52900 
 21.94500  0.52902  0.52906 
 22.04500  0.52910  0.52911 
 22.14500  0.52918  0.52920 
 22.24500  0.52928  0.52930 
 22.34500  0.52938  0.52943 
 22.44500  0.52953  0.52956 
 22.54500  0.52971  0.52973 
 22.64500  0.52988  0.52991 
 22.74500  0.53010  0.53012 
 22.84500  0.53032  0.53036 
 22.94500  0.53059  0.53062 
 23.04500  0.53086  0.53091 
 23.14500  0.53119  0.53122 
 23.24500  0.53152  0.53155 
 23.34500  0.53188  0.53191 
 23.44500  0.53226  0.53230 
 23.54500  0.53267  0.53271 
 23.64500  0.53310  0.53314 
 23.74500  0.53356  0.53360 
 23.84500  0.53403  0.53407 
 23.94500  0.53453  0.53455 
 24.04500  0.53504  0.53509 
 24.14500  0.53557  0.53562 
 24.24500  0.53611  0.53616 
 24.34500  0.53669  0.53673 
 24.44500  0.53727  0.53730 
 24.54500  0.53786  0.53789 
 24.64500  0.53845  0.53849 
 24.74500  0.53905  0.53909 
 24.84500  0.53965  0.53969 
 24.94500  0.54025  0.54029 
 25.04500  0.54086  0.54089 
 25.14500  0.54145  0.54149 
 25.24500  0.54205  0.54209 
 25.34500  0.54263  0.54267 
 25.44500  0.54323  0.54324 
 25.54500  0.54377  0.54380 
 25.64500  0.54431  0.54435 
 25.74500  0.54484  0.54485 
 25.84500  0.54534  0.54535 
 25.94500  0.54582  0.54582 
 26.04500  0.54625  0.54627 
 26.14500  0.54664  0.54667 
 26.24500  0.54702  0.54705 
 26.34500  0.54736  0.54738 
 26.44500  0.54766  0.54768 
 26.54500  0.54792  0.54793 
 26.64500  0.54816  0.54815 
 26.74500  0.54829  0.54831 
 26.84500  0.54842  0.54842 
 26.94500  0.54849  0.54850 
 27.04500  0.54851  0.54850 
 27.14500  0.54845  0.54846 
 27.24500  0.54835  0.54835 
 27.34500  0.54819  0.54819 
 27.44500  0.54798  0.54798 
 27.54500  0.54771  0.54770 
 27.64500  0.54737  0.54736 
 27.74500  0.54698  0.54697 
 27.84500  0.54652  0.54650 
 27.94500  0.54600  0.54598 
 28.04500  0.54542  0.54540 
 28.14500  0.54477  0.54476 
 28.24500  0.54405  0.54405 
 28.34500  0.54328  0.54328 
 28.44500  0.54248  0.54244 
 28.54500  0.54157  0.54155 
 28.64500  0.54063  0.54063 
 28.74500  0.53963  0.53962 
 28.84500  0.53857  0.53855 
 28.94500  0.53746  0.53743 
 29.04500  0.53631  0.53628 
 29.14500  0.53510  0.53507 
 29.24500  0.53383  0.53381 
 29.34500  0.53254  0.53250 
 29.44500  0.53120  0.53117 
 29.54500  0.52981  0.52979 
 29.64500  0.52839  0.52837 
 29.74500  0.52694  0.52694 
 29.84500  0.52547  0.52545 
 29.94500  0.52397  0.52395 
 30.04500  0.52244  0.52245 
 30.14500  0.52091  0.52090 
 30.24500  0.51937  0.51936 
 30.34500  0.51782  0.51779 
 30.44500  0.51623  0.51622 
 30.54500  0.51466  0.51465 
 30.64500  0.51307  0.51309 
 30.74500  0.51154  0.51152 
 30.84500  0.50997  0.50997 
 30.94500  0.50842  0.50843 
 31.04500  0.50690  0.50690 
 31.14500  0.50538  0.50540 
 31.24500  0.50391  0.50394 
 31.34500  0.50247  0.50248 
 31.44500  0.50106  0.50107 
 31.54500  0.49968  0.49969 
 31.64500  0.49834  0.49834 
 31.74500  0.49701  0.49705 
 31.84500  0.49579  0.49579 
 31.94500  0.49456  0.49459 
 32.04500  0.49341  0.49342 
 32.14500  0.49230  0.49234 
 32.24500  0.49126  0.49125 
 32.34500  0.49026  0.49029 
 32.44500  0.48934  0.48937 
 32.54500  0.48847  0.48850 
 32.64500  0.48768  0.48771 
 32.74500  0.48694  0.48697 
 32.84500  0.48627  0.48630 
 32.94500  0.48567  0.48571 
 33.04500  0.48514  0.48516 
 33.14500  0.48467  0.48471 
 33.24500  0.48428  0.48432 
 33.34500  0.48397  0.48399 
 33.44500  0.48371  0.48373 
 33.54500  0.48351  0.48355 
 33.64500  0.48339  0.48342 
 33.74500  0.48335  0.48340 
 33.84500  0.48336  0.48340 
 33.94500  0.48344  0.48346 
 34.04500  0.48359  0.48362 
 34.14500  0.48378  0.48381 
 34.24500  0.48406  0.48407 
 34.34500  0.48438  0.48439 
 34.44500  0.48476  0.48478 
 34.54500  0.48518  0.48520 
 34.64500  0.48569  0.48570 
 34.74500  0.48621  0.48621 
 34.84500  0.48678  0.48677 
 34.94500  0.48739  0.48740 
 35.04500  0.48804  0.48803 
 35.14500  0.48873  0.48874 
 35.24500  0.48945  0.48945 
 35.34500  0.49019  0.49020 
 35.44500  0.49098  0.49098 
 35.54500  0.49179  0.49178 
 35.64500  0.49262  0.49259 
 35.74500  0.49342  0.49341 
 35.84500  0.49427  0.49426 
 35.94500  0.49514  0.49511 
 36.04500  0.49600  0.49596 
 36.14500  0.49687  0.49681 
 36.24500  0.49772  0.49768 
 36.34500  0.49855  0.49851 
 36.44500  0.49940  0.49937 
 36.54500  0.50022  0.50019 
 36.64500  0.50105  0.50100 
 36.74500  0.50184  0.50180 
 36.84500  0.50262  0.50257 
 36.94500  0.50338  0.50333 
 37.04500  0.50412  0.50406 
 37.14500  0.50481  0.50477 
 37.24500  0.50549  0.50543 
 37.34500  0.50613  0.50608 
 37.44500  0.50673  0.50668 
 37.54500  0.50731  0.50726 
 37.64500  0.50786  0.50780 
 37.74500  0.50835  0.50830 
 37.84500  0.50881  0.50876 
 37.94500  0.50923  0.50918 
 38.04500  0.50962  0.50957 
 38.14500  0.50997  0.50992 
 38.24500  0.51027  0.51021 
 38.34500  0.51054  0.51048 
 38.44500  0.51077  0.51071 
 38.54500  0.51095  0.51090 
 38.64500  0.51110  0.51105 
 38.74500  0.51122  0.51116 
 38.84500  0.51129  0.51123 
 38.94500  0.51133  0.51130 
 39.04500  0.51133  0.51130 
 39.14500  0.51131  0.51129 
 39.24500  0.51126  0.51120 
 39.34500  0.51117  0.51113 
 39.44500  0.51106  0.51103 
 39.54500  0.51092  0.51089 
 39.64500  0.51076  0.51075 
 39.74500  0.51060  0.51057 
 39.84500  0.51041  0.51039 
 39.94500  0.51023  0.51019 
 40.04500  0.51001  0.50998 
 40.14500  0.50978  0.50976 
 40.24500  0.50956  0.50953 
 40.34500  0.50932  0.50931 
 40.44500  0.50911  0.50908 
 40.54500  0.50886  0.50886 
 40.64500  0.50865  0.50864 
 40.74500  0.50843  0.50843 
 40.84500  0.50823  0.50824 
 40.94500  0.50807  0.50805 
 41.04500  0.50790  0.50788 
 41.14500  0.50774  0.50774 
 41.24500  0.50762  0.50762 
 41.34500  0.50752  0.50752 
 41.44500  0.50744  0.50745 
 41.54500  0.50740  0.50740 
 41.64500  0.50738  0.50740 
 41.74500  0.50741  0.50740 
 41.84500  0.50745  0.50748 
 41.94500  0.50755  0.50756 
 42.04500  0.50770  0.50770 
 42.14500  0.50784  0.50787 
 42.24500  0.50807  0.50808 
 42.34500  0.50832  0.50833 
 42.44500  0.50860  0.50862 
 42.54500  0.50894  0.50895 
 42.64500  0.50931  0.50934 
 42.74500  0.50974  0.50976 
 42.84500  0.51020  0.51021 
 42.94500  0.51070  0.51072 
 43.04500  0.51125  0.51127 
 43.14500  0.51184  0.51185 
 43.24500  0.51248  0.51249 
 43.34500  0.51313  0.51315 
 43.44500  0.51384  0.51385 
 43.54500  0.51458  0.51460 
 43.64500  0.51535  0.51536 
 43.74500  0.51615  0.51617 
 43.84500  0.51699  0.51700 
 43.94500  0.51787  0.51788 
 44.04500  0.51875  0.51876 
 44.14500  0.51967  0.51966 
 44.24500  0.52060  0.52060 
 44.34500  0.52156  0.52155 
 44.44500  0.52251  0.52255 
 44.54500  0.52348  0.52346 
 44.64500  0.52448  0.52445 
 44.74500  0.52547  0.52545 
 44.84500  0.52648  0.52645 
 44.94500  0.52748  0.52745 
 45.04500  0.52845  0.52845 
 45.14500  0.52943  0.52945 
 45.24500  0.53042  0.53035 
 45.34500  0.53138  0.53135 
 45.44500  0.53230  0.53226 
 45.54500  0.53321  0.53318 
 45.64500  0.53410  0.53408 
 45.74500  0.53497  0.53492 
 45.84500  0.53580  0.53576 
 45.94500  0.53660  0.53656 
 46.04500  0.53737  0.53732 
 46.14500  0.53808  0.53803 
 46.24500  0.53877  0.53870 
 46.34500  0.53940  0.53935 
 46.44500  0.53998  0.53993 
 46.54500  0.54052  0.54045 
 46.64500  0.54100  0.54094 
 46.74500  0.54143  0.54137 
 46.84500  0.54182  0.54175 
 46.94500  0.54212  0.54206 
 47.04500  0.54237  0.54231 
 47.14500  0.54257  0.54250 
 47.24500  0.54271  0.54263 
 47.34500  0.54278  0.54270 
 47.44500  0.54278  0.54270 
 47.54500  0.54273  0.54265 
 47.64500  0.54260  0.54254 
 47.74500  0.54241  0.54234 
 47.84500  0.54217  0.54210 
 47.94500  0.54186  0.54178 
 48.04500  0.54148  0.54140 
 48.14500  0.54105  0.54097 
 48.24500  0.54055  0.54047 
 48.34500  0.53999  0.53991 
 48.44500  0.53935  0.53930 
 48.54500  0.53870  0.53862 
 48.64500  0.53797  0.53789 
 48.74500  0.53718  0.53710 
 48.84500  0.53635  0.53628 
 48.94500  0.53545  0.53539 
 49.04500  0.53451  0.53445 
 49.14500  0.53353  0.53345 
 49.24500  0.53251  0.53245 
 49.34500  0.53145  0.53140 
 49.44500  0.53037  0.53030 
 49.54500  0.52922  0.52918 
 49.64500  0.52808  0.52800 
 49.74500  0.52688  0.52682 
 49.84500  0.52567  0.52560 
 49.94500  0.52440  0.52435 
 50.04500  0.52313  0.52310 
 50.14500  0.52188  0.52182 
 50.24500  0.52059  0.52053 
 50.34500  0.51926  0.51923 
 50.44500  0.51796  0.51793 
 50.54500  0.51664  0.51660 
 50.64500  0.51532  0.51530 
 50.74500  0.51400  0.51397 
 50.84500  0.51270  0.51267 
 50.94500  0.51138  0.51135 
 51.04500  0.51008  0.51005 
 51.14500  0.50879  0.50876 
 51.24500  0.50749  0.50748 
 51.34500  0.50624  0.50621 
 51.44500  0.50498  0.50495 
 51.54500  0.50373  0.50373 
 51.64500  0.50252  0.50251 
 51.74500  0.50133  0.50131 
 51.84500  0.50016  0.50013 
 51.94500  0.49899  0.49899 
 52.04500  0.49787  0.49786 
 52.14500  0.49674  0.49675 
 52.24500  0.49567  0.49565 
 52.34500  0.49459  0.49460 
 52.44500  0.49355  0.49355 
 52.54500  0.49254  0.49255 
 52.64500  0.49156  0.49155 
 52.74500  0.49057  0.49055 
 52.84500  0.48964  0.48965 
 52.94500  0.48869  0.48869 
 53.04500  0.48779  0.48778 
 53.14500  0.48687  0.48689 
 53.24500  0.48601  0.48600 
 53.34500  0.48513  0.48513 
 53.44500  0.48429  0.48428 
 53.54500  0.48343  0.48343 
 53.64500  0.48260  0.48259 
 53.74500  0.48177  0.48175 
 53.84500  0.48092  0.48091 
 53.94500  0.48009  0.48009 
 54.04500  0.47926  0.47924 
 54.14500  0.47841  0.47840 
 54.24500  0.47756  0.47754 
 54.34500  0.47667  0.47668 
 54.44500  0.47582  0.47579 
 54.54500  0.47493  0.47489 
 54.64500  0.47400  0.47395 
 54.74500  0.47305  0.47305 
 54.84500  0.47209  0.47205 
 54.94500  0.47110  0.47105 
 55.04500  0.47005  0.47001 
 55.14500  0.46897  0.46893 
 55.24500  0.46787  0.46781 
 55.34500  0.46670  0.46665 
 55.44500  0.46550  0.46545 
 55.54500  0.46426  0.46419 
 55.64500  0.46294  0.46290 
 55.74500  0.46160  0.46153 
 55.84500  0.46019  0.46013 
 55.94500  0.45873  0.45865 
 56.04500  0.45720  0.45713 
 56.14500  0.45563  0.45554 
 56.24500  0.45398  0.45388 
 56.34500  0.45226  0.45218 
 56.44500  0.45048  0.45039 
 56.54500  0.44864  0.44854 
 56.64500  0.44672  0.44660 
 56.74500  0.44473  0.44460 
 56.84500  0.44269  0.44260 
 56.94500  0.44059  0.44047 
 57.04500  0.43840  0.43829 
 57.14500  0.43616  0.43604 
 57.24500  0.43384  0.43372 
 57.34500  0.43144  0.43133 
 57.44500  0.42900  0.42889 
 57.54500  0.42651  0.42637 
 57.64500  0.42391  0.42379 
 57.74500  0.42128  0.42117 
 57.84500  0.41860  0.41847 
 57.94500  0.41585  0.41573 
 58.04500  0.41305  0.41293 
 58.14500  0.41021  0.41009 
 58.24500  0.40733  0.40720 
 58.34500  0.40440  0.40425 
 58.44500  0.40144  0.40125 
 58.54500  0.39842  0.39825 
 58.64500  0.39538  0.39525 
 58.74500  0.39230  0.39217 
 58.84500  0.38920  0.38909 
 58.94500  0.38613  0.38599 
 59.04500  0.38298  0.38287 
 59.14500  0.37985  0.37973 
 59.24500  0.37671  0.37661 
 59.34500  0.37359  0.37348 
 59.44500  0.37046  0.37036 
 59.54500  0.36735  0.36725 
 59.64500  0.36426  0.36415 
 59.74500  0.36120  0.36107 
 59.84500  0.35814  0.35805 
 59.94500  0.35513  0.35505 
 60.04500  0.35215  0.35205 
 60.14500  0.34922  0.34913 
 60.24500  0.34634  0.34626 
 60.34500  0.34353  0.34343 
 60.44500  0.34076  0.34066 
 60.54500  0.33805  0.33797 
 60.64500  0.33542  0.33535 
 60.74500  0.33289  0.33280 
 60.84500  0.33042  0.33032 
 60.94500  0.32802  0.32795 
 61.04500  0.32573  0.32566 
 61.14500  0.32352  0.32345 
 61.24500  0.32143  0.32137 
 61.34500  0.31941  0.31938 
 61.44500  0.31753  0.31748 
 61.54500  0.31575  0.31570 
 61.64500  0.31409  0.31404 
 61.74500  0.31255  0.31251 
 61.84500  0.31112  0.31110 
 61.94500  0.30982  0.30981 
 62.04500  0.30866  0.30864 
 62.14500  0.30763  0.30758 
 62.24500  0.30673  0.30669 
 62.34500  0.30595  0.30592 
 62.44500  0.30532  0.30529 
 62.54500  0.30482  0.30479 
 62.64500  0.30447  0.30443 
 62.74500  0.30424  0.30422 
