  0.04500  0.99992  0.99990 
  0.14500  0.99990  0.99990 
  0.24500  0.99985  0.99980 
  0.34500  0.99981  0.99978 
  0.44500  0.99971  0.99969 
  0.54500  0.99959  0.99957 
  0.64500  0.99944  0.99941 
  0.74500  0.99922  0.99918 
  0.84500  0.99892  0.99888 
  0.94500  0.99851  0.99849 
  1.04500  0.99797  0.99795 
  1.14500  0.99728  0.99726 
  1.24500  0.99638  0.99635 
  1.34500  0.99521  0.99519 
  1.44500  0.99375  0.99372 
  1.54500  0.99191  0.99188 
  1.64500  0.98957  0.98955 
  1.74500  0.98669  0.98668 
  1.84500  0.98315  0.98313 
  1.94500  0.97883  0.97880 
  2.04500  0.97359  0.97360 
  2.14500  0.96735  0.96731 
  2.24500  0.95994  0.95992 
  2.34500  0.95119  0.95115 
  2.44500  0.94100  0.94097 
  2.54500  0.92923  0.92915 
  2.64500  0.91569  0.91560 
  2.74500  0.90028  0.90021 
  2.84500  0.88291  0.88288 
  2.94500  0.86344  0.86348 
  3.04500  0.84193  0.84200 
  3.14500  0.81830  0.81842 
  3.24500  0.79262  0.79274 
  3.34500  0.76496  0.76503 
  3.44500  0.73539  0.73540 
  3.54500  0.70408  0.70399 
  3.64500  0.67112  0.67094 
  3.74500  0.63671  0.63652 
  3.84500  0.60113  0.60095 
  3.94500  0.56467  0.56450 
  4.04500  0.52762  0.52753 
  4.14500  0.49031  0.49033 
  4.24500  0.45311  0.45319 
  4.34500  0.41637  0.41648 
  4.44500  0.38033  0.38050 
  4.54500  0.34536  0.34552 
  4.64500  0.31174  0.31187 
  4.74500  0.27972  0.27972 
  4.84500  0.24942  0.24934 
  4.94500  0.22100  0.22085 
  5.04500  0.19458  0.19441 
  5.14500  0.17025  0.17012 
  5.24500  0.14810  0.14802 
  5.34500  0.12816  0.12815 
  5.44500  0.11050  0.11052 
  5.54500  0.09504  0.09508 
  5.64500  0.08177  0.08178 
  5.74500  0.07058  0.07060 
  5.84500  0.06146  0.06147 
  5.94500  0.05434  0.05431 
  6.04500  0.04913  0.04910 
  6.14500  0.04582  0.04580 
  6.24500  0.04437  0.04434 
  6.34500  0.04475  0.04472 
  6.44500  0.04702  0.04698 
  6.54500  0.05113  0.05111 
  6.64500  0.05715  0.05713 
  6.74500  0.06513  0.06513 
  6.84500  0.07513  0.07514 
  6.94500  0.08718  0.08723 
  7.04500  0.10140  0.10143 
  7.14500  0.11782  0.11782 
  7.24500  0.13646  0.13642 
  7.34500  0.15733  0.15724 
  7.44500  0.18044  0.18029 
  7.54500  0.20567  0.20551 
  7.64500  0.23296  0.23283 
  7.74500  0.26219  0.26216 
  7.84500  0.29326  0.29333 
  7.94500  0.32600  0.32613 
  8.04500  0.36022  0.36040 
  8.14500  0.39568  0.39583 
  8.24500  0.43207  0.43217 
  8.34500  0.46903  0.46909 
  8.44500  0.50633  0.50629 
  8.54500  0.54356  0.54345 
  8.64500  0.58038  0.58022 
  8.74500  0.61651  0.61629 
  8.84500  0.65157  0.65138 
  8.94500  0.68534  0.68520 
  9.04500  0.71758  0.71752 
  9.14500  0.74808  0.74813 
  9.24500  0.77673  0.77685 
  9.34500  0.80343  0.80357 
  9.44500  0.82808  0.82818 
  9.54500  0.85055  0.85062 
  9.64500  0.87087  0.87087 
  9.74500  0.88898  0.88896 
  9.84500  0.90496  0.90489 
  9.94500  0.91881  0.91874 
 10.04500  0.93064  0.93057 
 10.14500  0.94049  0.94046 
 10.24500  0.94847  0.94848 
 10.34500  0.95468  0.95468 
 10.44500  0.95915  0.95916 
 10.54500  0.96193  0.96194 
 10.64500  0.96306  0.96306 
 10.74500  0.96252  0.96253 
 10.84500  0.96034  0.96037 
 10.94500  0.95650  0.95649 
 11.04500  0.95095  0.95091 
 11.14500  0.94360  0.94356 
 11.24500  0.93442  0.93435 
 11.34500  0.92331  0.92324 
 11.44500  0.91019  0.91012 
 11.54500  0.89502  0.89495 
 11.64500  0.87767  0.87767 
 11.74500  0.85816  0.85817 
 11.84500  0.83646  0.83654 
 11.94500  0.81260  0.81272 
 12.04500  0.78662  0.78677 
 12.14500  0.75866  0.75877 
 12.24500  0.72881  0.72880 
 12.34500  0.69720  0.69707 
 12.44500  0.66397  0.66377 
 12.54500  0.62935  0.62911 
 12.64500  0.59355  0.59336 
 12.74500  0.55697  0.55682 
 12.84500  0.51987  0.51980 
 12.94500  0.48256  0.48259 
 13.04500  0.44545  0.44557 
 13.14500  0.40885  0.40898 
 13.24500  0.37306  0.37323 
 13.34500  0.33842  0.33857 
 13.44500  0.30518  0.30526 
 13.54500  0.27362  0.27360 
 13.64500  0.24381  0.24371 
 13.74500  0.21597  0.21580 
 13.84500  0.19019  0.19003 
 13.94500  0.16659  0.16646 
 14.04500  0.14524  0.14519 
 14.14500  0.12624  0.12621 
 14.24500  0.10958  0.10959 
 14.34500  0.09525  0.09527 
 14.44500  0.08325  0.08326 
 14.54500  0.07352  0.07356 
 14.64500  0.06605  0.06603 
 14.74500  0.06077  0.06075 
 14.84500  0.05766  0.05763 
 14.94500  0.05669  0.05668 
 15.04500  0.05789  0.05787 
 15.14500  0.06126  0.06123 
 15.24500  0.06677  0.06677 
 15.34500  0.07449  0.07454 
 15.44500  0.08449  0.08453 
 15.54500  0.09677  0.09678 
 15.64500  0.11132  0.11135 
 15.74500  0.12826  0.12824 
 15.84500  0.14754  0.14744 
 15.94500  0.16912  0.16898 
 16.04500  0.19298  0.19282 
 16.14500  0.21899  0.21884 
 16.24500  0.24707  0.24696 
 16.34500  0.27707  0.27706 
 16.44500  0.30885  0.30895 
 16.54500  0.34224  0.34242 
 16.64500  0.37704  0.37723 
 16.74500  0.41294  0.41308 
 16.84500  0.44964  0.44969 
 16.94500  0.48677  0.48678 
 17.04500  0.52403  0.52398 
 17.14500  0.56110  0.56098 
 17.24500  0.59763  0.59745 
 17.34500  0.63329  0.63309 
 17.44500  0.66779  0.66761 
 17.54500  0.70085  0.70073 
 17.64500  0.73227  0.73228 
 17.74500  0.76193  0.76198 
 17.84500  0.78964  0.78978 
 17.94500  0.81538  0.81552 
 18.04500  0.83901  0.83908 
 18.14500  0.86046  0.86049 
 18.24500  0.87972  0.87971 
 18.34500  0.89683  0.89676 
 18.44500  0.91177  0.91171 
 18.54500  0.92465  0.92459 
 18.64500  0.93553  0.93550 
 18.74500  0.94452  0.94448 
 18.84500  0.95166  0.95163 
 18.94500  0.95702  0.95702 
 19.04500  0.96067  0.96069 
 19.14500  0.96266  0.96268 
 19.24500  0.96301  0.96302 
 19.34500  0.96171  0.96171 
 19.44500  0.95874  0.95874 
 19.54500  0.95407  0.95409 
 19.64500  0.94767  0.94766 
 19.74500  0.93948  0.93944 
 19.84500  0.92940  0.92934 
 19.94500  0.91734  0.91728 
 20.04500  0.90324  0.90319 
 20.14500  0.88707  0.88700 
 20.24500  0.86869  0.86869 
 20.34500  0.84812  0.84819 
 20.44500  0.82539  0.82551 
 20.54500  0.80052  0.80067 
 20.64500  0.77360  0.77372 
 20.74500  0.74474  0.74477 
 20.84500  0.71404  0.71397 
 20.94500  0.68162  0.68148 
 21.04500  0.64769  0.64748 
 21.14500  0.61249  0.61228 
 21.24500  0.57628  0.57612 
 21.34500  0.53941  0.53932 
 21.44500  0.50217  0.50215 
 21.54500  0.46493  0.46497 
 21.64500  0.42802  0.42812 
 21.74500  0.39175  0.39194 
 21.84500  0.35645  0.35663 
 21.94500  0.32244  0.32259 
 22.04500  0.28998  0.29001 
 22.14500  0.25922  0.25917 
 22.24500  0.23035  0.23021 
 22.34500  0.20347  0.20330 
 22.44500  0.17870  0.17856 
 22.54500  0.15616  0.15608 
 22.64500  0.13593  0.13591 
 22.74500  0.11803  0.11804 
 22.84500  0.10249  0.10251 
 22.94500  0.08926  0.08930 
 23.04500  0.07836  0.07838 
 23.14500  0.06970  0.06970 
 23.24500  0.06326  0.06326 
 23.34500  0.05901  0.05900 
 23.44500  0.05693  0.05691 
 23.54500  0.05699  0.05696 
 23.64500  0.05920  0.05918 
 23.74500  0.06361  0.06358 
 23.84500  0.07015  0.07018 
 23.94500  0.07896  0.07899 
 24.04500  0.09002  0.09006 
 24.14500  0.10338  0.10341 
 24.24500  0.11907  0.11906 
 24.34500  0.13711  0.13706 
 24.44500  0.15750  0.15739 
 24.54500  0.18018  0.18001 
 24.64500  0.20507  0.20488 
 24.74500  0.23207  0.23193 
 24.84500  0.26106  0.26101 
 24.94500  0.29193  0.29198 
 25.04500  0.32451  0.32466 
 25.14500  0.35859  0.35879 
 25.24500  0.39397  0.39412 
 25.34500  0.43028  0.43038 
 25.44500  0.46723  0.46727 
 25.54500  0.50448  0.50445 
 25.64500  0.54171  0.54161 
 25.74500  0.57857  0.57839 
 25.84500  0.61473  0.61452 
 25.94500  0.64989  0.64969 
 26.04500  0.68375  0.68361 
 26.14500  0.71611  0.71607 
 26.24500  0.74677  0.74682 
 26.34500  0.77559  0.77573 
 26.44500  0.80254  0.80266 
 26.54500  0.82742  0.82753 
 26.64500  0.85023  0.85030 
 26.74500  0.87095  0.87094 
 26.84500  0.88954  0.88950 
 26.94500  0.90610  0.90604 
 27.04500  0.92069  0.92063 
 27.14500  0.93343  0.93338 
 27.24500  0.94443  0.94440 
 27.34500  0.95381  0.95379 
 27.44500  0.96174  0.96171 
 27.54500  0.96827  0.96827 
 27.64500  0.97357  0.97357 
 27.74500  0.97773  0.97771 
 27.84500  0.98081  0.98082 
 27.94500  0.98291  0.98291 
 28.04500  0.98407  0.98406 
 28.14500  0.98432  0.98432 
 28.24500  0.98363  0.98363 
 28.34500  0.98204  0.98205 
 28.44500  0.97948  0.97949 
 28.54500  0.97591  0.97590 
 28.64500  0.97122  0.97121 
 28.74500  0.96534  0.96534 
 28.84500  0.95817  0.95815 
 28.94500  0.94959  0.94957 
 29.04500  0.93945  0.93940 
 29.14500  0.92766  0.92760 
 29.24500  0.91405  0.91401 
 29.34500  0.89857  0.89850 
 29.44500  0.88104  0.88103 
 29.54500  0.86145  0.86148 
 29.64500  0.83977  0.83983 
 29.74500  0.81595  0.81608 
 29.84500  0.79009  0.79024 
 29.94500  0.76224  0.76235 
 30.04500  0.73254  0.73256 
 30.14500  0.70106  0.70099 
 30.24500  0.66797  0.66779 
 30.34500  0.63345  0.63325 
 30.44500  0.59776  0.59758 
 30.54500  0.56123  0.56110 
 30.64500  0.52415  0.52408 
 30.74500  0.48682  0.48685 
 30.84500  0.44966  0.44975 
 30.94500  0.41290  0.41304 
 31.04500  0.37693  0.37710 
 31.14500  0.34203  0.34220 
 31.24500  0.30852  0.30861 
 31.34500  0.27654  0.27654 
 31.44500  0.24631  0.24623 
 31.54500  0.21793  0.21776 
 31.64500  0.19146  0.19135 
 31.74500  0.16709  0.16698 
 31.84500  0.14478  0.14473 
 31.94500  0.12461  0.12461 
 32.04500  0.10654  0.10657 
 32.14500  0.09053  0.09055 
 32.24500  0.07647  0.07650 
 32.34500  0.06423  0.06427 
 32.44500  0.05377  0.05378 
 32.54500  0.04494  0.04494 
 32.64500  0.03757  0.03756 
 32.74500  0.03164  0.03162 
 32.84500  0.02697  0.02694 
 32.94500  0.02353  0.02351 
 33.04500  0.02124  0.02123 
 33.14500  0.02007  0.02004 
 33.24500  0.01996  0.01994 
 33.34500  0.02095  0.02093 
 33.44500  0.02303  0.02302 
 33.54500  0.02625  0.02624 
 33.64500  0.03068  0.03068 
 33.74500  0.03640  0.03638 
 33.84500  0.04347  0.04347 
 33.94500  0.05205  0.05206 
 34.04500  0.06223  0.06223 
 34.14500  0.07410  0.07413 
 34.24500  0.08783  0.08786 
 34.34500  0.10345  0.10349 
 34.44500  0.12116  0.12117 
 34.54500  0.14096  0.14092 
 34.64500  0.16287  0.16276 
 34.74500  0.18689  0.18673 
 34.84500  0.21298  0.21281 
 34.94500  0.24100  0.24090 
 35.04500  0.27091  0.27089 
 35.14500  0.30257  0.30266 
 35.24500  0.33582  0.33599 
 35.34500  0.37047  0.37066 
 35.44500  0.40629  0.40644 
 35.54500  0.44291  0.44299 
 35.64500  0.48002  0.48006 
 35.74500  0.51735  0.51729 
 35.84500  0.55449  0.55437 
 35.94500  0.59115  0.59099 
 36.04500  0.62702  0.62681 
 36.14500  0.66176  0.66156 
 36.24500  0.69512  0.69498 
 36.34500  0.72687  0.72687 
 36.44500  0.75687  0.75697 
 36.54500  0.78504  0.78518 
 36.64500  0.81120  0.81134 
 36.74500  0.83532  0.83539 
 36.84500  0.85729  0.85734 
 36.94500  0.87714  0.87712 
 37.04500  0.89484  0.89480 
 37.14500  0.91046  0.91043 
 37.24500  0.92407  0.92403 
 37.34500  0.93578  0.93576 
 37.44500  0.94569  0.94566 
 37.54500  0.95386  0.95384 
 37.64500  0.96042  0.96042 
 37.74500  0.96546  0.96544 
 37.84500  0.96903  0.96902 
 37.94500  0.97118  0.97118 
 38.04500  0.97195  0.97195 
 38.14500  0.97135  0.97135 
 38.24500  0.96938  0.96938 
 38.34500  0.96598  0.96596 
 38.44500  0.96114  0.96112 
 38.54500  0.95476  0.95476 
 38.64500  0.94678  0.94676 
 38.74500  0.93711  0.93706 
 38.84500  0.92564  0.92559 
 38.94500  0.91228  0.91221 
 39.04500  0.89692  0.89687 
 39.14500  0.87947  0.87945 
 39.24500  0.85991  0.85993 
 39.34500  0.83819  0.83827 
 39.44500  0.81432  0.81447 
 39.54500  0.78842  0.78857 
 39.64500  0.76051  0.76060 
 39.74500  0.73073  0.73075 
 39.84500  0.69918  0.69909 
 39.94500  0.66601  0.66584 
 40.04500  0.63144  0.63121 
 40.14500  0.59572  0.59552 
 40.24500  0.55912  0.55900 
 40.34500  0.52203  0.52196 
 40.44500  0.48469  0.48473 
 40.54500  0.44755  0.44766 
 40.64500  0.41086  0.41100 
 40.74500  0.37495  0.37514 
 40.84500  0.34015  0.34034 
 40.94500  0.30671  0.30683 
 41.04500  0.27489  0.27489 
 41.14500  0.24480  0.24472 
 41.24500  0.21661  0.21643 
 41.34500  0.19036  0.19022 
 41.44500  0.16620  0.16609 
 41.54500  0.14420  0.14413 
 41.64500  0.12433  0.12433 
 41.74500  0.10667  0.10669 
 41.84500  0.09114  0.09117 
 41.94500  0.07765  0.07770 
 42.04500  0.06614  0.06616 
 42.14500  0.05654  0.05657 
 42.24500  0.04875  0.04875 
 42.34500  0.04270  0.04267 
 42.44500  0.03829  0.03829 
 42.54500  0.03551  0.03548 
 42.64500  0.03432  0.03430 
 42.74500  0.03466  0.03464 
 42.84500  0.03660  0.03657 
 42.94500  0.04012  0.04012 
 43.04500  0.04528  0.04528 
 43.14500  0.05213  0.05216 
 43.24500  0.06076  0.06080 
 43.34500  0.07123  0.07126 
 43.44500  0.08365  0.08367 
 43.54500  0.09805  0.09810 
 43.64500  0.11458  0.11460 
 43.74500  0.13325  0.13323 
 43.84500  0.15409  0.15401 
 43.94500  0.17711  0.17698 
 44.04500  0.20226  0.20209 
 44.14500  0.22942  0.22928 
 44.24500  0.25850  0.25845 
 44.34500  0.28942  0.28946 
 44.44500  0.32200  0.32216 
 44.54500  0.35610  0.35629 
 44.64500  0.39144  0.39164 
 44.74500  0.42777  0.42788 
 44.84500  0.46470  0.46478 
 44.94500  0.50200  0.50197 
 45.04500  0.53923  0.53915 
 45.14500  0.57616  0.57600 
 45.24500  0.61238  0.61219 
 45.34500  0.64763  0.64744 
 45.44500  0.68158  0.68146 
 45.54500  0.71406  0.71402 
 45.64500  0.74483  0.74486 
 45.74500  0.77378  0.77391 
 45.84500  0.80082  0.80098 
 45.94500  0.82586  0.82599 
 46.04500  0.84882  0.84889 
 46.14500  0.86966  0.86967 
 46.24500  0.88841  0.88837 
 46.34500  0.90509  0.90503 
 46.44500  0.91981  0.91973 
 46.54500  0.93265  0.93262 
 46.64500  0.94376  0.94373 
 46.74500  0.95323  0.95324 
 46.84500  0.96124  0.96125 
 46.94500  0.96788  0.96788 
 47.04500  0.97324  0.97326 
 47.14500  0.97749  0.97749 
 47.24500  0.98062  0.98064 
 47.34500  0.98280  0.98281 
 47.44500  0.98401  0.98401 
 47.54500  0.98432  0.98432 
 47.64500  0.98370  0.98372 
 47.74500  0.98217  0.98218 
 47.84500  0.97967  0.97969 
 47.94500  0.97616  0.97617 
 48.04500  0.97157  0.97156 
 48.14500  0.96578  0.96577 
 48.24500  0.95868  0.95866 
 48.34500  0.95019  0.95017 
 48.44500  0.94015  0.94011 
 48.54500  0.92848  0.92844 
 48.64500  0.91500  0.91494 
 48.74500  0.89962  0.89958 
 48.84500  0.88225  0.88221 
 48.94500  0.86278  0.86280 
 49.04500  0.84123  0.84132 
 49.14500  0.81756  0.81768 
 49.24500  0.79182  0.79197 
 49.34500  0.76411  0.76422 
 49.44500  0.73451  0.73454 
 49.54500  0.70316  0.70306 
 49.64500  0.67016  0.67000 
 49.74500  0.63574  0.63552 
 49.84500  0.60010  0.59993 
 49.94500  0.56361  0.56348 
 50.04500  0.52655  0.52650 
 50.14500  0.48925  0.48927 
 50.24500  0.45205  0.45215 
 50.34500  0.41528  0.41544 
 50.44500  0.37926  0.37945 
 50.54500  0.34431  0.34449 
 50.64500  0.31071  0.31081 
 50.74500  0.27866  0.27869 
 50.84500  0.24837  0.24828 
 50.94500  0.21994  0.21977 
 51.04500  0.19344  0.19328 
 51.14500  0.16901  0.16890 
 51.24500  0.14673  0.14667 
 51.34500  0.12665  0.12663 
 51.44500  0.10870  0.10873 
 51.54500  0.09292  0.09294 
 51.64500  0.07918  0.07923 
 51.74500  0.06744  0.06747 
 51.84500  0.05761  0.05762 
 51.94500  0.04960  0.04960 
 52.04500  0.04334  0.04335 
 52.14500  0.03873  0.03872 
 52.24500  0.03577  0.03575 
 52.34500  0.03439  0.03435 
 52.44500  0.03454  0.03451 
 52.54500  0.03629  0.03626 
 52.64500  0.03961  0.03959 
 52.74500  0.04456  0.04457 
 52.84500  0.05122  0.05121 
 52.94500  0.05962  0.05963 
 53.04500  0.06986  0.06990 
 53.14500  0.08204  0.08206 
 53.24500  0.09620  0.09624 
 53.34500  0.11245  0.11248 
 53.44500  0.13086  0.13085 
 53.54500  0.15145  0.15139 
 53.64500  0.17419  0.17407 
 53.74500  0.19909  0.19891 
 53.84500  0.22600  0.22587 
 53.94500  0.25486  0.25481 
 54.04500  0.28556  0.28559 
 54.14500  0.31795  0.31810 
 54.24500  0.35186  0.35205 
 54.34500  0.38707  0.38726 
 54.44500  0.42328  0.42342 
 54.54500  0.46016  0.46025 
 54.64500  0.49740  0.49741 
 54.74500  0.53465  0.53460 
 54.84500  0.57162  0.57146 
 54.94500  0.60790  0.60772 
 55.04500  0.64325  0.64303 
 55.14500  0.67731  0.67714 
 55.24500  0.70986  0.70980 
 55.34500  0.74071  0.74075 
 55.44500  0.76971  0.76984 
 55.54500  0.79677  0.79692 
 55.64500  0.82173  0.82186 
 55.74500  0.84454  0.84459 
 55.84500  0.86506  0.86511 
 55.94500  0.88335  0.88334 
 56.04500  0.89938  0.89934 
 56.14500  0.91316  0.91312 
 56.24500  0.92477  0.92472 
 56.34500  0.93425  0.93420 
 56.44500  0.94163  0.94160 
 56.54500  0.94703  0.94700 
 56.64500  0.95042  0.95042 
 56.74500  0.95186  0.95188 
 56.84500  0.95137  0.95138 
 56.94500  0.94890  0.94892 
 57.04500  0.94448  0.94447 
 57.14500  0.93808  0.93805 
 57.24500  0.92959  0.92957 
 57.34500  0.91904  0.91898 
 57.44500  0.90630  0.90623 
 57.54500  0.89136  0.89133 
 57.64500  0.87417  0.87418 
 57.74500  0.85474  0.85477 
 57.84500  0.83301  0.83310 
 57.94500  0.80908  0.80921 
 58.04500  0.78303  0.78316 
 58.14500  0.75495  0.75504 
 58.24500  0.72497  0.72497 
 58.34500  0.69320  0.69308 
 58.44500  0.65983  0.65965 
 58.54500  0.62509  0.62488 
 58.64500  0.58921  0.58904 
 58.74500  0.55255  0.55243 
 58.84500  0.51539  0.51536 
 58.94500  0.47808  0.47813 
 59.04500  0.44099  0.44110 
 59.14500  0.40441  0.40456 
 59.24500  0.36864  0.36887 
 59.34500  0.33406  0.33424 
 59.44500  0.30089  0.30096 
 59.54500  0.26930  0.26930 
 59.64500  0.23947  0.23937 
 59.74500  0.21151  0.21137 
 59.84500  0.18551  0.18538 
 59.94500  0.16158  0.16146 
 60.04500  0.13973  0.13968 
 60.14500  0.11994  0.11996 
 60.24500  0.10227  0.10229 
 60.34500  0.08655  0.08662 
 60.44500  0.07276  0.07281 
 60.54500  0.06068  0.06073 
 60.64500  0.05028  0.05029 
 60.74500  0.04134  0.04135 
 60.84500  0.03374  0.03371 
 60.94500  0.02731  0.02730 
 61.04500  0.02193  0.02192 
 61.14500  0.01748  0.01748 
 61.24500  0.01382  0.01382 
 61.34500  0.01085  0.01085 
 61.44500  0.00844  0.00844 
 61.54500  0.00652  0.00653 
 61.64500  0.00499  0.00500 
 61.74500  0.00381  0.00379 
 61.84500  0.00286  0.00288 
 61.94500  0.00217  0.00215 
 62.04500  0.00159  0.00160 
 62.14500  0.00117  0.00118 
 62.24500  0.00086  0.00087 
 62.34500  0.00062  0.00064 
 62.44500  0.00046  0.00046 
 62.54500  0.00036  0.00035 
 62.64500  0.00025  0.00029 
 62.74500  0.00021  0.00020 
