  0.04500  0.61563  0.61570 
  0.14500  0.61561  0.61567 
  0.24500  0.61555  0.61560 
  0.34500  0.61549  0.61556 
  0.44500  0.61541  0.61548 
  0.54500  0.61531  0.61537 
  0.64500  0.61520  0.61525 
  0.74500  0.61504  0.61512 
  0.84500  0.61489  0.61495 
  0.94500  0.61470  0.61477 
  1.04500  0.61451  0.61457 
  1.14500  0.61428  0.61435 
  1.24500  0.61404  0.61410 
  1.34500  0.61377  0.61385 
  1.44500  0.61348  0.61357 
  1.54500  0.61321  0.61328 
  1.64500  0.61288  0.61295 
  1.74500  0.61254  0.61262 
  1.84500  0.61219  0.61227 
  1.94500  0.61182  0.61190 
  2.04500  0.61143  0.61150 
  2.14500  0.61102  0.61110 
  2.24500  0.61059  0.61068 
  2.34500  0.61014  0.61023 
  2.44500  0.60969  0.60978 
  2.54500  0.60922  0.60930 
  2.64500  0.60872  0.60880 
  2.74500  0.60821  0.60830 
  2.84500  0.60769  0.60778 
  2.94500  0.60715  0.60724 
  3.04500  0.60660  0.60668 
  3.14500  0.60602  0.60612 
  3.24500  0.60544  0.60553 
  3.34500  0.60484  0.60493 
  3.44500  0.60422  0.60432 
  3.54500  0.60361  0.60370 
  3.64500  0.60299  0.60307 
  3.74500  0.60234  0.60242 
  3.84500  0.60167  0.60177 
  3.94500  0.60099  0.60109 
  4.04500  0.60029  0.60040 
  4.14500  0.59963  0.59971 
  4.24500  0.59892  0.59900 
  4.34500  0.59818  0.59828 
  4.44500  0.59745  0.59755 
  4.54500  0.59672  0.59683 
  4.64500  0.59598  0.59607 
  4.74500  0.59525  0.59533 
  4.84500  0.59448  0.59457 
  4.94500  0.59372  0.59380 
  5.04500  0.59295  0.59303 
  5.14500  0.59217  0.59224 
  5.24500  0.59138  0.59146 
  5.34500  0.59059  0.59066 
  5.44500  0.58979  0.58986 
  5.54500  0.58899  0.58906 
  5.64500  0.58817  0.58825 
  5.74500  0.58738  0.58743 
  5.84500  0.58655  0.58661 
  5.94500  0.58574  0.58580 
  6.04500  0.58491  0.58497 
  6.14500  0.58410  0.58415 
  6.24500  0.58327  0.58331 
  6.34500  0.58244  0.58249 
  6.44500  0.58161  0.58165 
  6.54500  0.58078  0.58081 
  6.64500  0.57996  0.57999 
  6.74500  0.57911  0.57915 
  6.84500  0.57829  0.57831 
  6.94500  0.57746  0.57749 
  7.04500  0.57662  0.57665 
  7.14500  0.57579  0.57582 
  7.24500  0.57499  0.57500 
  7.34500  0.57415  0.57417 
  7.44500  0.57334  0.57334 
  7.54500  0.57252  0.57251 
  7.64500  0.57169  0.57170 
  7.74500  0.57087  0.57088 
  7.84500  0.57006  0.57007 
  7.94500  0.56924  0.56926 
  8.04500  0.56843  0.56846 
  8.14500  0.56765  0.56766 
  8.24500  0.56685  0.56686 
  8.34500  0.56609  0.56607 
  8.44500  0.56528  0.56528 
  8.54500  0.56451  0.56451 
  8.64500  0.56375  0.56373 
  8.74500  0.56298  0.56296 
  8.84500  0.56222  0.56220 
  8.94500  0.56147  0.56145 
  9.04500  0.56072  0.56070 
  9.14500  0.55996  0.55995 
  9.24500  0.55923  0.55923 
  9.34500  0.55850  0.55850 
  9.44500  0.55779  0.55778 
  9.54500  0.55708  0.55707 
  9.64500  0.55638  0.55637 
  9.74500  0.55568  0.55567 
  9.84500  0.55500  0.55499 
  9.94500  0.55431  0.55430 
 10.04500  0.55365  0.55363 
 10.14500  0.55298  0.55298 
 10.24500  0.55233  0.55233 
 10.34500  0.55169  0.55169 
 10.44500  0.55105  0.55105 
 10.54500  0.55042  0.55043 
 10.64500  0.54981  0.54981 
 10.74500  0.54920  0.54921 
 10.84500  0.54861  0.54862 
 10.94500  0.54802  0.54803 
 11.04500  0.54744  0.54746 
 11.14500  0.54687  0.54688 
 11.24500  0.54631  0.54633 
 11.34500  0.54577  0.54578 
 11.44500  0.54522  0.54525 
 11.54500  0.54470  0.54472 
 11.64500  0.54417  0.54420 
 11.74500  0.54366  0.54370 
 11.84500  0.54315  0.54320 
 11.94500  0.54266  0.54270 
 12.04500  0.54219  0.54224 
 12.14500  0.54171  0.54177 
 12.24500  0.54126  0.54131 
 12.34500  0.54081  0.54087 
 12.44500  0.54038  0.54042 
 12.54500  0.53995  0.53999 
 12.64500  0.53953  0.53958 
 12.74500  0.53910  0.53917 
 12.84500  0.53869  0.53877 
 12.94500  0.53834  0.53838 
 13.04500  0.53794  0.53800 
 13.14500  0.53755  0.53764 
 13.24500  0.53720  0.53728 
 13.34500  0.53683  0.53692 
 13.44500  0.53650  0.53658 
 13.54500  0.53618  0.53625 
 13.64500  0.53586  0.53592 
 13.74500  0.53555  0.53562 
 13.84500  0.53524  0.53531 
 13.94500  0.53495  0.53501 
 14.04500  0.53466  0.53473 
 14.14500  0.53437  0.53445 
 14.24500  0.53410  0.53418 
 14.34500  0.53384  0.53392 
 14.44500  0.53359  0.53368 
 14.54500  0.53335  0.53342 
 14.64500  0.53312  0.53319 
 14.74500  0.53289  0.53297 
 14.84500  0.53267  0.53274 
 14.94500  0.53245  0.53253 
 15.04500  0.53225  0.53233 
 15.14500  0.53206  0.53213 
 15.24500  0.53187  0.53195 
 15.34500  0.53170  0.53176 
 15.44500  0.53152  0.53158 
 15.54500  0.53135  0.53142 
 15.64500  0.53120  0.53126 
 15.74500  0.53105  0.53111 
 15.84500  0.53090  0.53096 
 15.94500  0.53077  0.53083 
 16.04500  0.53064  0.53068 
 16.14500  0.53052  0.53056 
 16.24500  0.53040  0.53044 
 16.34500  0.53028  0.53033 
 16.44500  0.53017  0.53021 
 16.54500  0.53006  0.53011 
 16.64500  0.52996  0.53001 
 16.74500  0.52988  0.52991 
 16.84500  0.52981  0.52983 
 16.94500  0.52974  0.52975 
 17.04500  0.52963  0.52968 
 17.14500  0.52956  0.52960 
 17.24500  0.52953  0.52952 
 17.34500  0.52947  0.52948 
 17.44500  0.52941  0.52940 
 17.54500  0.52936  0.52935 
 17.64500  0.52931  0.52930 
 17.74500  0.52926  0.52926 
 17.84500  0.52922  0.52920 
 17.94500  0.52918  0.52920 
 18.04500  0.52914  0.52910 
 18.14500  0.52911  0.52910 
 18.24500  0.52908  0.52910 
 18.34500  0.52905  0.52903 
 18.44500  0.52903  0.52900 
 18.54500  0.52903  0.52900 
 18.64500  0.52899  0.52900 
 18.74500  0.52897  0.52900 
 18.84500  0.52898  0.52895 
 18.94500  0.52896  0.52890 
 19.04500  0.52894  0.52890 
 19.14500  0.52895  0.52890 
 19.24500  0.52894  0.52890 
 19.34500  0.52892  0.52890 
 19.44500  0.52894  0.52890 
 19.54500  0.52891  0.52890 
 19.64500  0.52894  0.52890 
 19.74500  0.52893  0.52890 
 19.84500  0.52893  0.52890 
 19.94500  0.52893  0.52890 
 20.04500  0.52892  0.52890 
 20.14500  0.52894  0.52890 
 20.24500  0.52892  0.52890 
 20.34500  0.52893  0.52890 
 20.44500  0.52894  0.52890 
 20.54500  0.52892  0.52890 
 20.64500  0.52894  0.52890 
 20.74500  0.52894  0.52890 
 20.84500  0.52895  0.52890 
 20.94500  0.52895  0.52890 
 21.04500  0.52895  0.52890 
 21.14500  0.52895  0.52890 
 21.24500  0.52894  0.52890 
 21.34500  0.52891  0.52890 
 21.44500  0.52892  0.52890 
 21.54500  0.52893  0.52890 
 21.64500  0.52889  0.52890 
 21.74500  0.52890  0.52890 
 21.84500  0.52887  0.52890 
 21.94500  0.52886  0.52890 
 22.04500  0.52886  0.52890 
 22.14500  0.52884  0.52889 
 22.24500  0.52884  0.52880 
 22.34500  0.52880  0.52880 
 22.44500  0.52879  0.52880 
 22.54500  0.52875  0.52880 
 22.64500  0.52872  0.52875 
 22.74500  0.52869  0.52870 
 22.84500  0.52866  0.52870 
 22.94500  0.52863  0.52867 
 23.04500  0.52858  0.52860 
 23.14500  0.52854  0.52860 
 23.24500  0.52848  0.52852 
 23.34500  0.52844  0.52850 
 23.44500  0.52841  0.52844 
 23.54500  0.52835  0.52840 
 23.64500  0.52829  0.52833 
 23.74500  0.52824  0.52830 
 23.84500  0.52817  0.52820 
 23.94500  0.52811  0.52816 
 24.04500  0.52803  0.52810 
 24.14500  0.52798  0.52800 
 24.24500  0.52789  0.52794 
 24.34500  0.52783  0.52787 
 24.44500  0.52774  0.52779 
 24.54500  0.52766  0.52770 
 24.64500  0.52756  0.52761 
 24.74500  0.52748  0.52752 
 24.84500  0.52738  0.52742 
 24.94500  0.52729  0.52732 
 25.04500  0.52717  0.52722 
 25.14500  0.52706  0.52712 
 25.24500  0.52695  0.52701 
 25.34500  0.52685  0.52688 
 25.44500  0.52676  0.52677 
 25.54500  0.52662  0.52665 
 25.64500  0.52649  0.52653 
 25.74500  0.52638  0.52640 
 25.84500  0.52625  0.52626 
 25.94500  0.52613  0.52614 
 26.04500  0.52599  0.52599 
 26.14500  0.52583  0.52585 
 26.24500  0.52568  0.52571 
 26.34500  0.52554  0.52555 
 26.44500  0.52538  0.52540 
 26.54500  0.52523  0.52525 
 26.64500  0.52508  0.52508 
 26.74500  0.52492  0.52492 
 26.84500  0.52476  0.52475 
 26.94500  0.52459  0.52458 
 27.04500  0.52441  0.52442 
 27.14500  0.52425  0.52425 
 27.24500  0.52408  0.52406 
 27.34500  0.52389  0.52388 
 27.44500  0.52371  0.52370 
 27.54500  0.52352  0.52351 
 27.64500  0.52334  0.52333 
 27.74500  0.52315  0.52313 
 27.84500  0.52295  0.52293 
 27.94500  0.52276  0.52275 
 28.04500  0.52257  0.52255 
 28.14500  0.52236  0.52234 
 28.24500  0.52215  0.52213 
 28.34500  0.52196  0.52193 
 28.44500  0.52175  0.52173 
 28.54500  0.52154  0.52151 
 28.64500  0.52134  0.52131 
 28.74500  0.52112  0.52109 
 28.84500  0.52091  0.52088 
 28.94500  0.52069  0.52067 
 29.04500  0.52048  0.52045 
 29.14500  0.52026  0.52023 
 29.24500  0.52004  0.52001 
 29.34500  0.51983  0.51979 
 29.44500  0.51960  0.51958 
 29.54500  0.51938  0.51936 
 29.64500  0.51915  0.51913 
 29.74500  0.51892  0.51891 
 29.84500  0.51871  0.51869 
 29.94500  0.51849  0.51847 
 30.04500  0.51827  0.51824 
 30.14500  0.51805  0.51802 
 30.24500  0.51784  0.51781 
 30.34500  0.51761  0.51759 
 30.44500  0.51739  0.51737 
 30.54500  0.51715  0.51714 
 30.64500  0.51692  0.51692 
 30.74500  0.51673  0.51671 
 30.84500  0.51651  0.51649 
 30.94500  0.51627  0.51628 
 31.04500  0.51605  0.51607 
 31.14500  0.51584  0.51585 
 31.24500  0.51563  0.51563 
 31.34500  0.51543  0.51543 
 31.44500  0.51522  0.51522 
 31.54500  0.51501  0.51501 
 31.64500  0.51481  0.51481 
 31.74500  0.51460  0.51461 
 31.84500  0.51440  0.51441 
 31.94500  0.51420  0.51421 
 32.04500  0.51400  0.51401 
 32.14500  0.51381  0.51383 
 32.24500  0.51361  0.51364 
 32.34500  0.51343  0.51345 
 32.44500  0.51324  0.51326 
 32.54500  0.51305  0.51308 
 32.64500  0.51289  0.51291 
 32.74500  0.51271  0.51274 
 32.84500  0.51254  0.51256 
 32.94500  0.51238  0.51240 
 33.04500  0.51221  0.51224 
 33.14500  0.51206  0.51206 
 33.24500  0.51189  0.51192 
 33.34500  0.51174  0.51176 
 33.44500  0.51159  0.51162 
 33.54500  0.51145  0.51146 
 33.64500  0.51131  0.51134 
 33.74500  0.51118  0.51119 
 33.84500  0.51104  0.51106 
 33.94500  0.51092  0.51094 
 34.04500  0.51079  0.51082 
 34.14500  0.51068  0.51068 
 34.24500  0.51056  0.51057 
 34.34500  0.51045  0.51046 
 34.44500  0.51035  0.51035 
 34.54500  0.51025  0.51025 
 34.64500  0.51016  0.51016 
 34.74500  0.51007  0.51006 
 34.84500  0.50998  0.50998 
 34.94500  0.50990  0.50990 
 35.04500  0.50981  0.50980 
 35.14500  0.50974  0.50973 
 35.24500  0.50967  0.50967 
 35.34500  0.50959  0.50960 
 35.44500  0.50954  0.50953 
 35.54500  0.50950  0.50950 
 35.64500  0.50948  0.50941 
 35.74500  0.50939  0.50940 
 35.84500  0.50936  0.50933 
 35.94500  0.50934  0.50930 
 36.04500  0.50933  0.50930 
 36.14500  0.50929  0.50921 
 36.24500  0.50926  0.50920 
 36.34500  0.50922  0.50920 
 36.44500  0.50921  0.50920 
 36.54500  0.50920  0.50920 
 36.64500  0.50921  0.50920 
 36.74500  0.50921  0.50920 
 36.84500  0.50920  0.50920 
 36.94500  0.50921  0.50920 
 37.04500  0.50923  0.50920 
 37.14500  0.50926  0.50920 
 37.24500  0.50926  0.50920 
 37.34500  0.50929  0.50920 
 37.44500  0.50931  0.50927 
 37.54500  0.50936  0.50930 
 37.64500  0.50937  0.50930 
 37.74500  0.50941  0.50936 
 37.84500  0.50946  0.50940 
 37.94500  0.50948  0.50942 
 38.04500  0.50956  0.50950 
 38.14500  0.50961  0.50952 
 38.24500  0.50965  0.50960 
 38.34500  0.50969  0.50964 
 38.44500  0.50974  0.50970 
 38.54500  0.50983  0.50977 
 38.64500  0.50988  0.50981 
 38.74500  0.50993  0.50990 
 38.84500  0.51002  0.50997 
 38.94500  0.51009  0.51003 
 39.04500  0.51015  0.51010 
 39.14500  0.51024  0.51019 
 39.24500  0.51031  0.51026 
 39.34500  0.51037  0.51033 
 39.44500  0.51046  0.51041 
 39.54500  0.51054  0.51050 
 39.64500  0.51062  0.51059 
 39.74500  0.51070  0.51067 
 39.84500  0.51080  0.51075 
 39.94500  0.51089  0.51084 
 40.04500  0.51096  0.51092 
 40.14500  0.51103  0.51101 
 40.24500  0.51111  0.51110 
 40.34500  0.51117  0.51119 
 40.44500  0.51130  0.51128 
 40.54500  0.51138  0.51137 
 40.64500  0.51144  0.51145 
 40.74500  0.51154  0.51154 
 40.84500  0.51162  0.51162 
 40.94500  0.51170  0.51170 
 41.04500  0.51179  0.51180 
 41.14500  0.51188  0.51189 
 41.24500  0.51196  0.51196 
 41.34500  0.51205  0.51204 
 41.44500  0.51211  0.51211 
 41.54500  0.51218  0.51220 
 41.64500  0.51225  0.51228 
 41.74500  0.51232  0.51235 
 41.84500  0.51240  0.51241 
 41.94500  0.51248  0.51250 
 42.04500  0.51253  0.51256 
 42.14500  0.51260  0.51260 
 42.24500  0.51265  0.51270 
 42.34500  0.51272  0.51272 
 42.44500  0.51276  0.51280 
 42.54500  0.51282  0.51282 
 42.64500  0.51287  0.51290 
 42.74500  0.51290  0.51290 
 42.84500  0.51293  0.51298 
 42.94500  0.51296  0.51300 
 43.04500  0.51300  0.51300 
 43.14500  0.51302  0.51304 
 43.24500  0.51304  0.51310 
 43.34500  0.51306  0.51310 
 43.44500  0.51306  0.51310 
 43.54500  0.51308  0.51310 
 43.64500  0.51306  0.51310 
 43.74500  0.51307  0.51310 
 43.84500  0.51305  0.51310 
 43.94500  0.51304  0.51303 
 44.04500  0.51302  0.51300 
 44.14500  0.51299  0.51300 
 44.24500  0.51294  0.51294 
 44.34500  0.51289  0.51290 
 44.44500  0.51283  0.51284 
 44.54500  0.51277  0.51280 
 44.64500  0.51271  0.51270 
 44.74500  0.51265  0.51263 
 44.84500  0.51258  0.51255 
 44.94500  0.51248  0.51246 
 45.04500  0.51237  0.51236 
 45.14500  0.51228  0.51225 
 45.24500  0.51218  0.51214 
 45.34500  0.51205  0.51201 
 45.44500  0.51192  0.51187 
 45.54500  0.51178  0.51174 
 45.64500  0.51162  0.51157 
 45.74500  0.51146  0.51142 
 45.84500  0.51128  0.51125 
 45.94500  0.51111  0.51106 
 46.04500  0.51093  0.51087 
 46.14500  0.51073  0.51067 
 46.24500  0.51052  0.51047 
 46.34500  0.51030  0.51024 
 46.44500  0.51008  0.51001 
 46.54500  0.50985  0.50978 
 46.64500  0.50959  0.50952 
 46.74500  0.50933  0.50926 
 46.84500  0.50907  0.50899 
 46.94500  0.50877  0.50870 
 47.04500  0.50849  0.50841 
 47.14500  0.50819  0.50811 
 47.24500  0.50787  0.50778 
 47.34500  0.50754  0.50745 
 47.44500  0.50721  0.50712 
 47.54500  0.50686  0.50677 
 47.64500  0.50650  0.50641 
 47.74500  0.50613  0.50604 
 47.84500  0.50574  0.50566 
 47.94500  0.50535  0.50526 
 48.04500  0.50494  0.50485 
 48.14500  0.50452  0.50443 
 48.24500  0.50409  0.50400 
 48.34500  0.50364  0.50356 
 48.44500  0.50318  0.50310 
 48.54500  0.50272  0.50263 
 48.64500  0.50224  0.50215 
 48.74500  0.50174  0.50165 
 48.84500  0.50124  0.50115 
 48.94500  0.50072  0.50065 
 49.04500  0.50018  0.50010 
 49.14500  0.49963  0.49956 
 49.24500  0.49907  0.49902 
 49.34500  0.49851  0.49844 
 49.44500  0.49794  0.49787 
 49.54500  0.49735  0.49728 
 49.64500  0.49675  0.49668 
 49.74500  0.49615  0.49606 
 49.84500  0.49550  0.49544 
 49.94500  0.49486  0.49480 
 50.04500  0.49419  0.49414 
 50.14500  0.49356  0.49349 
 50.24500  0.49286  0.49280 
 50.34500  0.49216  0.49212 
 50.44500  0.49146  0.49142 
 50.54500  0.49074  0.49072 
 50.64500  0.49002  0.48999 
 50.74500  0.48929  0.48925 
 50.84500  0.48856  0.48853 
 50.94500  0.48779  0.48775 
 51.04500  0.48702  0.48699 
 51.14500  0.48624  0.48621 
 51.24500  0.48545  0.48542 
 51.34500  0.48465  0.48462 
 51.44500  0.48382  0.48380 
 51.54500  0.48299  0.48299 
 51.64500  0.48216  0.48215 
 51.74500  0.48132  0.48130 
 51.84500  0.48046  0.48046 
 51.94500  0.47960  0.47959 
 52.04500  0.47873  0.47871 
 52.14500  0.47783  0.47783 
 52.24500  0.47693  0.47694 
 52.34500  0.47605  0.47604 
 52.44500  0.47513  0.47513 
 52.54500  0.47420  0.47421 
 52.64500  0.47326  0.47326 
 52.74500  0.47233  0.47235 
 52.84500  0.47139  0.47138 
 52.94500  0.47044  0.47045 
 53.04500  0.46946  0.46945 
 53.14500  0.46851  0.46853 
 53.24500  0.46751  0.46755 
 53.34500  0.46654  0.46655 
 53.44500  0.46555  0.46555 
 53.54500  0.46456  0.46455 
 53.64500  0.46356  0.46355 
 53.74500  0.46256  0.46255 
 53.84500  0.46155  0.46155 
 53.94500  0.46052  0.46055 
 54.04500  0.45950  0.45946 
 54.14500  0.45846  0.45845 
 54.24500  0.45743  0.45745 
 54.34500  0.45639  0.45637 
 54.44500  0.45537  0.45535 
 54.54500  0.45432  0.45431 
 54.64500  0.45329  0.45325 
 54.74500  0.45223  0.45221 
 54.84500  0.45119  0.45115 
 54.94500  0.45015  0.45010 
 55.04500  0.44910  0.44905 
 55.14500  0.44804  0.44797 
 55.24500  0.44697  0.44694 
 55.34500  0.44592  0.44585 
 55.44500  0.44485  0.44481 
 55.54500  0.44380  0.44375 
 55.64500  0.44275  0.44269 
 55.74500  0.44168  0.44165 
 55.84500  0.44064  0.44057 
 55.94500  0.43960  0.43955 
 56.04500  0.43855  0.43845 
 56.14500  0.43750  0.43745 
 56.24500  0.43647  0.43636 
 56.34500  0.43543  0.43535 
 56.44500  0.43439  0.43431 
 56.54500  0.43337  0.43325 
 56.64500  0.43233  0.43225 
 56.74500  0.43132  0.43125 
 56.84500  0.43030  0.43023 
 56.94500  0.42929  0.42915 
 57.04500  0.42829  0.42815 
 57.14500  0.42730  0.42715 
 57.24500  0.42630  0.42620 
 57.34500  0.42533  0.42525 
 57.44500  0.42435  0.42425 
 57.54500  0.42339  0.42325 
 57.64500  0.42243  0.42234 
 57.74500  0.42148  0.42136 
 57.84500  0.42055  0.42045 
 57.94500  0.41962  0.41951 
 58.04500  0.41872  0.41859 
 58.14500  0.41779  0.41769 
 58.24500  0.41691  0.41680 
 58.34500  0.41605  0.41591 
 58.44500  0.41519  0.41504 
 58.54500  0.41432  0.41419 
 58.64500  0.41347  0.41335 
 58.74500  0.41264  0.41251 
 58.84500  0.41179  0.41170 
 58.94500  0.41104  0.41090 
 59.04500  0.41023  0.41012 
 59.14500  0.40946  0.40935 
 59.24500  0.40868  0.40860 
 59.34500  0.40795  0.40785 
 59.44500  0.40724  0.40714 
 59.54500  0.40653  0.40642 
 59.64500  0.40584  0.40573 
 59.74500  0.40518  0.40507 
 59.84500  0.40452  0.40440 
 59.94500  0.40388  0.40378 
 60.04500  0.40326  0.40315 
 60.14500  0.40266  0.40255 
 60.24500  0.40208  0.40197 
 60.34500  0.40151  0.40142 
 60.44500  0.40096  0.40087 
 60.54500  0.40045  0.40035 
 60.64500  0.39994  0.39985 
 60.74500  0.39946  0.39937 
 60.84500  0.39900  0.39891 
 60.94500  0.39856  0.39847 
 61.04500  0.39813  0.39805 
 61.14500  0.39773  0.39765 
 61.24500  0.39736  0.39727 
 61.34500  0.39699  0.39692 
 61.44500  0.39667  0.39658 
 61.54500  0.39636  0.39628 
 61.64500  0.39607  0.39599 
 61.74500  0.39581  0.39572 
 61.84500  0.39556  0.39548 
 61.94500  0.39533  0.39526 
 62.04500  0.39513  0.39506 
 62.14500  0.39496  0.39488 
 62.24500  0.39480  0.39474 
 62.34500  0.39467  0.39461 
 62.44500  0.39456  0.39450 
 62.54500  0.39449  0.39440 
 62.64500  0.39442  0.39436 
 62.74500  0.39435  0.39430 
