  0.04500  0.99769  0.99770 
  0.14500  0.99758  0.99756 
  0.24500  0.99732  0.99731 
  0.34500  0.99692  0.99690 
  0.44500  0.99635  0.99636 
  0.54500  0.99564  0.99563 
  0.64500  0.99472  0.99474 
  0.74500  0.99357  0.99357 
  0.84500  0.99216  0.99219 
  0.94500  0.99049  0.99048 
  1.04500  0.98847  0.98847 
  1.14500  0.98607  0.98608 
  1.24500  0.98324  0.98324 
  1.34500  0.97993  0.97993 
  1.44500  0.97606  0.97606 
  1.54500  0.97159  0.97158 
  1.64500  0.96641  0.96642 
  1.74500  0.96051  0.96051 
  1.84500  0.95379  0.95380 
  1.94500  0.94614  0.94616 
  2.04500  0.93757  0.93758 
  2.14500  0.92795  0.92796 
  2.24500  0.91722  0.91725 
  2.34500  0.90535  0.90537 
  2.44500  0.89224  0.89229 
  2.54500  0.87787  0.87793 
  2.64500  0.86223  0.86233 
  2.74500  0.84529  0.84538 
  2.84500  0.82704  0.82711 
  2.94500  0.80748  0.80753 
  3.04500  0.78667  0.78666 
  3.14500  0.76460  0.76450 
  3.24500  0.74131  0.74117 
  3.34500  0.71682  0.71667 
  3.44500  0.69120  0.69113 
  3.54500  0.66447  0.66463 
  3.64500  0.63691  0.63730 
  3.74500  0.60871  0.60927 
  3.84500  0.58017  0.58068 
  3.94500  0.55158  0.55167 
  4.04500  0.52306  0.52240 
  4.14500  0.49256  0.49307 
  4.24500  0.46349  0.46382 
  4.34500  0.43507  0.43483 
  4.44500  0.40673  0.40627 
  4.54500  0.37871  0.37829 
  4.64500  0.35126  0.35109 
  4.74500  0.32472  0.32478 
  4.84500  0.29932  0.29954 
  4.94500  0.27522  0.27548 
  5.04500  0.25251  0.25273 
  5.14500  0.23127  0.23139 
  5.24500  0.21150  0.21159 
  5.34500  0.19337  0.19337 
  5.44500  0.17685  0.17687 
  5.54500  0.16207  0.16207 
  5.64500  0.14910  0.14910 
  5.74500  0.13795  0.13797 
  5.84500  0.12867  0.12872 
  5.94500  0.12131  0.12136 
  6.04500  0.11586  0.11592 
  6.14500  0.11238  0.11246 
  6.24500  0.11085  0.11093 
  6.34500  0.11127  0.11135 
  6.44500  0.11364  0.11372 
  6.54500  0.11796  0.11803 
  6.64500  0.12423  0.12428 
  6.74500  0.13243  0.13246 
  6.84500  0.14250  0.14253 
  6.94500  0.15447  0.15444 
  7.04500  0.16822  0.16820 
  7.14500  0.18373  0.18372 
  7.24500  0.20095  0.20096 
  7.34500  0.21977  0.21987 
  7.44500  0.24018  0.24034 
  7.54500  0.26207  0.26229 
  7.64500  0.28537  0.28562 
  7.74500  0.31002  0.31019 
  7.84500  0.33592  0.33586 
  7.94500  0.36284  0.36257 
  8.04500  0.39052  0.39005 
  8.14500  0.41868  0.41826 
  8.24500  0.44701  0.44696 
  8.34500  0.47531  0.47599 
  8.44500  0.50545  0.50518 
  8.54500  0.53467  0.53434 
  8.64500  0.56304  0.56332 
  8.74500  0.59142  0.59197 
  8.84500  0.61955  0.62003 
  8.94500  0.64715  0.64742 
  9.04500  0.67391  0.67395 
  9.14500  0.69960  0.69949 
  9.24500  0.72408  0.72388 
  9.34500  0.74721  0.74704 
  9.44500  0.76894  0.76887 
  9.54500  0.78924  0.78922 
  9.64500  0.80802  0.80805 
  9.74500  0.82522  0.82529 
  9.84500  0.84081  0.84087 
  9.94500  0.85468  0.85477 
 10.04500  0.86683  0.86688 
 10.14500  0.87720  0.87724 
 10.24500  0.88579  0.88581 
 10.34500  0.89255  0.89255 
 10.44500  0.89748  0.89748 
 10.54500  0.90060  0.90057 
 10.64500  0.90182  0.90183 
 10.74500  0.90125  0.90124 
 10.84500  0.89883  0.89882 
 10.94500  0.89456  0.89456 
 11.04500  0.88846  0.88847 
 11.14500  0.88052  0.88056 
 11.24500  0.87080  0.87084 
 11.34500  0.85930  0.85935 
 11.44500  0.84602  0.84612 
 11.54500  0.83106  0.83114 
 11.64500  0.81446  0.81452 
 11.74500  0.79623  0.79626 
 11.84500  0.77650  0.77644 
 11.94500  0.75528  0.75516 
 12.04500  0.73266  0.73248 
 12.14500  0.70869  0.70852 
 12.24500  0.68347  0.68341 
 12.34500  0.65710  0.65726 
 12.44500  0.62979  0.63021 
 12.54500  0.60186  0.60241 
 12.64500  0.57363  0.57403 
 12.74500  0.54534  0.54525 
 12.84500  0.51710  0.51623 
 12.94500  0.48626  0.48715 
 13.04500  0.45803  0.45818 
 13.14500  0.42987  0.42953 
 13.24500  0.40186  0.40135 
 13.34500  0.37423  0.37387 
 13.44500  0.34732  0.34716 
 13.54500  0.32141  0.32149 
 13.64500  0.29675  0.29695 
 13.74500  0.27349  0.27368 
 13.84500  0.25168  0.25186 
 13.94500  0.23145  0.23156 
 14.04500  0.21286  0.21289 
 14.14500  0.19601  0.19598 
 14.24500  0.18092  0.18089 
 14.34500  0.16772  0.16769 
 14.44500  0.15646  0.15647 
 14.54500  0.14719  0.14719 
 14.64500  0.13997  0.13999 
 14.74500  0.13483  0.13487 
 14.84500  0.13178  0.13184 
 14.94500  0.13084  0.13089 
 15.04500  0.13203  0.13207 
 15.14500  0.13531  0.13533 
 15.24500  0.14071  0.14071 
 15.34500  0.14813  0.14814 
 15.44500  0.15762  0.15762 
 15.54500  0.16912  0.16910 
 15.64500  0.18252  0.18250 
 15.74500  0.19781  0.19779 
 15.84500  0.21488  0.21494 
 15.94500  0.23364  0.23377 
 16.04500  0.25406  0.25423 
 16.14500  0.27602  0.27624 
 16.24500  0.29944  0.29966 
 16.34500  0.32426  0.32432 
 16.44500  0.35028  0.35013 
 16.54500  0.37732  0.37691 
 16.64500  0.40500  0.40451 
 16.74500  0.43304  0.43273 
 16.84500  0.46119  0.46143 
 16.94500  0.48973  0.49042 
 17.04500  0.52027  0.51950 
 17.14500  0.54850  0.54852 
 17.24500  0.57681  0.57726 
 17.34500  0.60503  0.60558 
 17.44500  0.63292  0.63330 
 17.54500  0.66012  0.66025 
 17.64500  0.68636  0.68629 
 17.74500  0.71146  0.71129 
 17.84500  0.73528  0.73511 
 17.94500  0.75774  0.75762 
 18.04500  0.77877  0.77875 
 18.14500  0.79837  0.79839 
 18.24500  0.81638  0.81647 
 18.34500  0.83283  0.83290 
 18.44500  0.84761  0.84769 
 18.54500  0.86067  0.86074 
 18.64500  0.87198  0.87201 
 18.74500  0.88149  0.88154 
 18.84500  0.88922  0.88926 
 18.94500  0.89511  0.89511 
 19.04500  0.89918  0.89918 
 19.14500  0.90140  0.90139 
 19.24500  0.90178  0.90178 
 19.34500  0.90031  0.90030 
 19.44500  0.89702  0.89702 
 19.54500  0.89187  0.89190 
 19.64500  0.88492  0.88494 
 19.74500  0.87612  0.87618 
 19.84500  0.86555  0.86563 
 19.94500  0.85320  0.85328 
 20.04500  0.83915  0.83921 
 20.14500  0.82339  0.82345 
 20.24500  0.80600  0.80603 
 20.34500  0.78706  0.78703 
 20.44500  0.76661  0.76652 
 20.54500  0.74472  0.74456 
 20.64500  0.72146  0.72127 
 20.74500  0.69686  0.69673 
 20.84500  0.67107  0.67114 
 20.94500  0.64422  0.64452 
 21.04500  0.61661  0.61712 
 21.14500  0.58850  0.58902 
 21.24500  0.56019  0.56042 
 21.34500  0.53193  0.53151 
 21.44500  0.50249  0.50242 
 21.54500  0.47281  0.47336 
 21.64500  0.44467  0.44455 
 21.74500  0.41656  0.41608 
 21.84500  0.38869  0.38823 
 21.94500  0.36135  0.36109 
 22.04500  0.33488  0.33486 
 22.14500  0.30954  0.30968 
 22.24500  0.28551  0.28574 
 22.34500  0.26293  0.26315 
 22.44500  0.24188  0.24202 
 22.54500  0.22243  0.22251 
 22.64500  0.20464  0.20466 
 22.74500  0.18862  0.18860 
 22.84500  0.17444  0.17440 
 22.94500  0.16214  0.16211 
 23.04500  0.15180  0.15181 
 23.14500  0.14352  0.14353 
 23.24500  0.13726  0.13732 
 23.34500  0.13313  0.13316 
 23.44500  0.13108  0.13112 
 23.54500  0.13113  0.13118 
 23.64500  0.13332  0.13334 
 23.74500  0.13760  0.13763 
 23.84500  0.14397  0.14397 
 23.94500  0.15241  0.15238 
 24.04500  0.16284  0.16283 
 24.14500  0.17526  0.17523 
 24.24500  0.18956  0.18953 
 24.34500  0.20569  0.20571 
 24.44500  0.22360  0.22366 
 24.54500  0.24316  0.24331 
 24.64500  0.26433  0.26454 
 24.74500  0.28700  0.28723 
 24.84500  0.31111  0.31126 
 24.94500  0.33657  0.33654 
 25.04500  0.36312  0.36282 
 25.14500  0.39053  0.39005 
 25.24500  0.41848  0.41801 
 25.34500  0.44664  0.44655 
 25.44500  0.47487  0.47547 
 25.54500  0.50484  0.50463 
 25.64500  0.53419  0.53382 
 25.74500  0.56264  0.56287 
 25.84500  0.59113  0.59164 
 25.94500  0.61945  0.61994 
 26.04500  0.64735  0.64761 
 26.14500  0.67448  0.67451 
 26.24500  0.70065  0.70052 
 26.34500  0.72572  0.72549 
 26.44500  0.74954  0.74938 
 26.54500  0.77214  0.77205 
 26.64500  0.79343  0.79339 
 26.74500  0.81341  0.81345 
 26.84500  0.83203  0.83207 
 26.94500  0.84922  0.84928 
 27.04500  0.86499  0.86505 
 27.14500  0.87932  0.87937 
 27.24500  0.89219  0.89222 
 27.34500  0.90361  0.90361 
 27.44500  0.91360  0.91358 
 27.54500  0.92213  0.92213 
 27.64500  0.92930  0.92929 
 27.74500  0.93504  0.93502 
 27.84500  0.93944  0.93943 
 27.94500  0.94246  0.94247 
 28.04500  0.94416  0.94416 
 28.14500  0.94453  0.94451 
 28.24500  0.94353  0.94353 
 28.34500  0.94121  0.94121 
 28.44500  0.93752  0.93753 
 28.54500  0.93251  0.93250 
 28.64500  0.92610  0.92609 
 28.74500  0.91827  0.91828 
 28.84500  0.90907  0.90906 
 28.94500  0.89839  0.89842 
 29.04500  0.88630  0.88631 
 29.14500  0.87273  0.87279 
 29.24500  0.85772  0.85779 
 29.34500  0.84128  0.84131 
 29.44500  0.82341  0.82344 
 29.54500  0.80414  0.80412 
 29.64500  0.78351  0.78345 
 29.74500  0.76156  0.76145 
 29.84500  0.73836  0.73816 
 29.94500  0.71388  0.71372 
 30.04500  0.68825  0.68818 
 30.14500  0.66154  0.66168 
 30.24500  0.63392  0.63432 
 30.34500  0.60568  0.60622 
 30.44500  0.57711  0.57754 
 30.54500  0.54846  0.54846 
 30.64500  0.51986  0.51909 
 30.74500  0.48898  0.48964 
 30.84500  0.45999  0.46024 
 30.94500  0.43136  0.43105 
 31.04500  0.40278  0.40228 
 31.14500  0.37444  0.37402 
 31.24500  0.34664  0.34648 
 31.34500  0.31969  0.31976 
 31.44500  0.29380  0.29399 
 31.54500  0.26907  0.26928 
 31.64500  0.24560  0.24578 
 31.74500  0.22339  0.22351 
 31.84500  0.20254  0.20258 
 31.94500  0.18306  0.18305 
 32.04500  0.16500  0.16496 
 32.14500  0.14839  0.14835 
 32.24500  0.13326  0.13324 
 32.34500  0.11964  0.11964 
 32.44500  0.10755  0.10757 
 32.54500  0.09699  0.09700 
 32.64500  0.08793  0.08797 
 32.74500  0.08039  0.08043 
 32.84500  0.07436  0.07441 
 32.94500  0.06979  0.06984 
 33.04500  0.06672  0.06677 
 33.14500  0.06514  0.06516 
 33.24500  0.06501  0.06503 
 33.34500  0.06632  0.06636 
 33.44500  0.06915  0.06918 
 33.54500  0.07343  0.07345 
 33.64500  0.07918  0.07922 
 33.74500  0.08646  0.08648 
 33.84500  0.09522  0.09525 
 33.94500  0.10552  0.10553 
 34.04500  0.11734  0.11735 
 34.14500  0.13068  0.13066 
 34.24500  0.14552  0.14550 
 34.34500  0.16187  0.16181 
 34.44500  0.17967  0.17966 
 34.54500  0.19889  0.19893 
 34.64500  0.21950  0.21959 
 34.74500  0.24146  0.24162 
 34.84500  0.26469  0.26491 
 34.94500  0.28918  0.28938 
 35.04500  0.31488  0.31495 
 35.14500  0.34165  0.34149 
 35.24500  0.36930  0.36890 
 35.34500  0.39755  0.39702 
 35.44500  0.42608  0.42568 
 35.54500  0.45468  0.45479 
 35.64500  0.48323  0.48412 
 35.74500  0.51436  0.51353 
 35.84500  0.54297  0.54285 
 35.94500  0.57155  0.57193 
 36.04500  0.60005  0.60058 
 36.14500  0.62825  0.62865 
 36.24500  0.65586  0.65602 
 36.34500  0.68253  0.68248 
 36.44500  0.70815  0.70798 
 36.54500  0.73254  0.73234 
 36.64500  0.75562  0.75547 
 36.74500  0.77735  0.77727 
 36.84500  0.79768  0.79767 
 36.94500  0.81658  0.81661 
 37.04500  0.83396  0.83401 
 37.14500  0.84978  0.84984 
 37.24500  0.86403  0.86405 
 37.34500  0.87664  0.87667 
 37.44500  0.88760  0.88762 
 37.54500  0.89690  0.89690 
 37.64500  0.90456  0.90454 
 37.74500  0.91051  0.91049 
 37.84500  0.91479  0.91475 
 37.94500  0.91740  0.91739 
 38.04500  0.91836  0.91834 
 38.14500  0.91762  0.91759 
 38.24500  0.91521  0.91518 
 38.34500  0.91113  0.91111 
 38.44500  0.90539  0.90535 
 38.54500  0.89796  0.89794 
 38.64500  0.88890  0.88886 
 38.74500  0.87812  0.87811 
 38.84500  0.86571  0.86575 
 38.94500  0.85167  0.85170 
 39.04500  0.83601  0.83609 
 39.14500  0.81885  0.81886 
 39.24500  0.80013  0.80014 
 39.34500  0.77999  0.77992 
 39.44500  0.75844  0.75829 
 39.54500  0.73551  0.73532 
 39.64500  0.71130  0.71111 
 39.74500  0.68585  0.68578 
 39.84500  0.65931  0.65943 
 39.94500  0.63183  0.63221 
 40.04500  0.60372  0.60424 
 40.14500  0.57527  0.57569 
 40.24500  0.54675  0.54671 
 40.34500  0.51828  0.51745 
 40.44500  0.48738  0.48810 
 40.54500  0.45866  0.45885 
 40.64500  0.43020  0.42983 
 40.74500  0.40176  0.40124 
 40.84500  0.37364  0.37323 
 40.94500  0.34613  0.34597 
 41.04500  0.31953  0.31955 
 41.14500  0.29401  0.29419 
 41.24500  0.26974  0.26995 
 41.34500  0.24681  0.24699 
 41.44500  0.22529  0.22539 
 41.54500  0.20520  0.20523 
 41.64500  0.18661  0.18659 
 41.74500  0.16958  0.16955 
 41.84500  0.15418  0.15415 
 41.94500  0.14042  0.14040 
 42.04500  0.12840  0.12840 
 42.14500  0.11812  0.11814 
 42.24500  0.10960  0.10961 
 42.34500  0.10284  0.10287 
 42.44500  0.09787  0.09790 
 42.54500  0.09470  0.09475 
 42.64500  0.09331  0.09337 
 42.74500  0.09374  0.09378 
 42.84500  0.09595  0.09599 
 42.94500  0.09995  0.09999 
 43.04500  0.10575  0.10577 
 43.14500  0.11331  0.11331 
 43.24500  0.12267  0.12267 
 43.34500  0.13375  0.13375 
 43.44500  0.14657  0.14654 
 43.54500  0.16110  0.16107 
 43.64500  0.17727  0.17723 
 43.74500  0.19503  0.19505 
 43.84500  0.21432  0.21437 
 43.94500  0.23511  0.23521 
 44.04500  0.25727  0.25748 
 44.14500  0.28084  0.28104 
 44.24500  0.30569  0.30582 
 44.34500  0.33173  0.33169 
 44.44500  0.35884  0.35852 
 44.54500  0.38665  0.38619 
 44.64500  0.41499  0.41449 
 44.74500  0.44348  0.44335 
 44.84500  0.47198  0.47251 
 44.94500  0.50196  0.50189 
 45.04500  0.53171  0.53126 
 45.14500  0.56028  0.56048 
 45.24500  0.58887  0.58938 
 45.34500  0.61732  0.61778 
 45.44500  0.64532  0.64559 
 45.54500  0.67258  0.67261 
 45.64500  0.69886  0.69871 
 45.74500  0.72403  0.72382 
 45.84500  0.74797  0.74778 
 45.94500  0.77066  0.77055 
 46.04500  0.79206  0.79201 
 46.14500  0.81213  0.81214 
 46.24500  0.83085  0.83087 
 46.34500  0.84815  0.84820 
 46.44500  0.86401  0.86407 
 46.54500  0.87843  0.87846 
 46.64500  0.89140  0.89142 
 46.74500  0.90292  0.90291 
 46.84500  0.91300  0.91298 
 46.94500  0.92164  0.92162 
 47.04500  0.92889  0.92884 
 47.14500  0.93474  0.93470 
 47.24500  0.93922  0.93917 
 47.34500  0.94232  0.94229 
 47.44500  0.94411  0.94409 
 47.54500  0.94456  0.94453 
 47.64500  0.94367  0.94364 
 47.74500  0.94142  0.94139 
 47.84500  0.93783  0.93781 
 47.94500  0.93290  0.93286 
 48.04500  0.92657  0.92653 
 48.14500  0.91885  0.91882 
 48.24500  0.90971  0.90971 
 48.34500  0.89916  0.89915 
 48.44500  0.88715  0.88715 
 48.54500  0.87368  0.87371 
 48.64500  0.85877  0.85879 
 48.74500  0.84240  0.84243 
 48.84500  0.82463  0.82464 
 48.94500  0.80546  0.80544 
 49.04500  0.78492  0.78485 
 49.14500  0.76305  0.76292 
 49.24500  0.73994  0.73974 
 49.34500  0.71557  0.71538 
 49.44500  0.69003  0.68992 
 49.54500  0.66339  0.66349 
 49.64500  0.63584  0.63620 
 49.74500  0.60765  0.60817 
 49.84500  0.57913  0.57956 
 49.94500  0.55052  0.55053 
 50.04500  0.52196  0.52125 
 50.14500  0.49136  0.49185 
 50.24500  0.46227  0.46253 
 50.34500  0.43376  0.43346 
 50.44500  0.40529  0.40477 
 50.54500  0.37712  0.37666 
 50.64500  0.34948  0.34927 
 50.74500  0.32271  0.32275 
 50.84500  0.29707  0.29723 
 50.94500  0.27264  0.27286 
 51.04500  0.24955  0.24972 
 51.14500  0.22786  0.22794 
 51.24500  0.20758  0.20761 
 51.34500  0.18882  0.18878 
 51.44500  0.17157  0.17151 
 51.54500  0.15595  0.15593 
 51.64500  0.14203  0.14199 
 51.74500  0.12978  0.12977 
 51.84500  0.11929  0.11929 
 51.94500  0.11054  0.11055 
 52.04500  0.10357  0.10359 
 52.14500  0.09840  0.09843 
 52.24500  0.09499  0.09502 
 52.34500  0.09339  0.09343 
 52.44500  0.09358  0.09361 
 52.54500  0.09559  0.09561 
 52.64500  0.09937  0.09939 
 52.74500  0.10496  0.10497 
 52.84500  0.11230  0.11231 
 52.94500  0.12143  0.12144 
 53.04500  0.13231  0.13228 
 53.14500  0.14491  0.14487 
 53.24500  0.15923  0.15920 
 53.34500  0.17519  0.17515 
 53.44500  0.19276  0.19274 
 53.54500  0.21187  0.21190 
 53.64500  0.23245  0.23256 
 53.74500  0.25446  0.25462 
 53.84500  0.27782  0.27802 
 53.94500  0.30248  0.30262 
 54.04500  0.32835  0.32834 
 54.14500  0.35527  0.35498 
 54.24500  0.38298  0.38252 
 54.34500  0.41116  0.41066 
 54.44500  0.43955  0.43933 
 54.54500  0.46793  0.46834 
 54.64500  0.49742  0.49752 
 54.74500  0.52723  0.52669 
 54.84500  0.55553  0.55566 
 54.94500  0.58378  0.58427 
 55.04500  0.61184  0.61233 
 55.14500  0.63940  0.63970 
 55.24500  0.66614  0.66618 
 55.34500  0.69180  0.69167 
 55.44500  0.71620  0.71598 
 55.54500  0.73917  0.73900 
 55.64500  0.76073  0.76060 
 55.74500  0.78075  0.78068 
 55.84500  0.79918  0.79918 
 55.94500  0.81593  0.81594 
 56.04500  0.83094  0.83096 
 56.14500  0.84413  0.84415 
 56.24500  0.85547  0.85548 
 56.34500  0.86488  0.86488 
 56.44500  0.87236  0.87232 
 56.54500  0.87785  0.87780 
 56.64500  0.88135  0.88128 
 56.74500  0.88282  0.88278 
 56.84500  0.88232  0.88226 
 56.94500  0.87978  0.87973 
 57.04500  0.87525  0.87521 
 57.14500  0.86873  0.86872 
 57.24500  0.86025  0.86025 
 57.34500  0.84984  0.84984 
 57.44500  0.83755  0.83757 
 57.54500  0.82340  0.82340 
 57.64500  0.80747  0.80746 
 57.74500  0.78983  0.78979 
 57.84500  0.77058  0.77045 
 57.94500  0.74976  0.74957 
 58.04500  0.72744  0.72722 
 58.14500  0.70369  0.70350 
 58.24500  0.67862  0.67856 
 58.34500  0.65236  0.65252 
 58.44500  0.62515  0.62552 
 58.54500  0.59722  0.59774 
 58.64500  0.56897  0.56931 
 58.74500  0.54061  0.54043 
 58.84500  0.51201  0.51125 
 58.94500  0.48114  0.48194 
 59.04500  0.45265  0.45269 
 59.14500  0.42411  0.42367 
 59.24500  0.39557  0.39502 
 59.34500  0.36730  0.36688 
 59.44500  0.33960  0.33946 
 59.54500  0.31278  0.31284 
 59.64500  0.28698  0.28714 
 59.74500  0.26231  0.26250 
 59.84500  0.23883  0.23898 
 59.94500  0.21659  0.21667 
 60.04500  0.19556  0.19558 
 60.14500  0.17585  0.17580 
 60.24500  0.15740  0.15734 
 60.34500  0.14022  0.14020 
 60.44500  0.12440  0.12436 
 60.54500  0.10986  0.10983 
 60.64500  0.09655  0.09654 
 60.74500  0.08449  0.08449 
 60.84500  0.07358  0.07360 
 60.94500  0.06382  0.06383 
 61.04500  0.05507  0.05508 
 61.14500  0.04730  0.04733 
 61.24500  0.04047  0.04047 
 61.34500  0.03443  0.03444 
 61.44500  0.02918  0.02918 
 61.54500  0.02460  0.02461 
 61.64500  0.02065  0.02067 
 61.74500  0.01726  0.01728 
 61.84500  0.01438  0.01439 
 61.94500  0.01195  0.01196 
 62.04500  0.00988  0.00992 
 62.14500  0.00820  0.00821 
 62.24500  0.00680  0.00683 
 62.34500  0.00566  0.00571 
 62.44500  0.00480  0.00483 
 62.54500  0.00415  0.00416 
 62.64500  0.00369  0.00371 
 62.74500  0.00340  0.00344 
