  0.04500  0.85101  0.85107 
  0.14500  0.85059  0.85065 
  0.24500  0.84969  0.84974 
  0.34500  0.84835  0.84843 
  0.44500  0.84656  0.84660 
  0.54500  0.84430  0.84438 
  0.64500  0.84162  0.84171 
  0.74500  0.83849  0.83855 
  0.84500  0.83494  0.83500 
  0.94500  0.83095  0.83102 
  1.04500  0.82653  0.82661 
  1.14500  0.82171  0.82176 
  1.24500  0.81647  0.81657 
  1.34500  0.81086  0.81095 
  1.44500  0.80488  0.80496 
  1.54500  0.79850  0.79859 
  1.64500  0.79178  0.79189 
  1.74500  0.78473  0.78480 
  1.84500  0.77732  0.77743 
  1.94500  0.76963  0.76973 
  2.04500  0.76163  0.76173 
  2.14500  0.75335  0.75343 
  2.24500  0.74479  0.74490 
  2.34500  0.73600  0.73612 
  2.44500  0.72699  0.72711 
  2.54500  0.71778  0.71790 
  2.64500  0.70839  0.70850 
  2.74500  0.69881  0.69895 
  2.84500  0.68912  0.68925 
  2.94500  0.67929  0.67944 
  3.04500  0.66938  0.66952 
  3.14500  0.65939  0.65960 
  3.24500  0.64936  0.64953 
  3.34500  0.63931  0.63950 
  3.44500  0.62929  0.62950 
  3.54500  0.61930  0.61950 
  3.64500  0.60940  0.60951 
  3.74500  0.59953  0.59964 
  3.84500  0.58975  0.58989 
  3.94500  0.58008  0.58026 
  4.04500  0.57051  0.57078 
  4.14500  0.56134  0.56147 
  4.24500  0.55224  0.55236 
  4.34500  0.54328  0.54352 
  4.44500  0.53464  0.53490 
  4.54500  0.52630  0.52656 
  4.64500  0.51828  0.51853 
  4.74500  0.51059  0.51081 
  4.84500  0.50322  0.50341 
  4.94500  0.49619  0.49638 
  5.04500  0.48952  0.48972 
  5.14500  0.48324  0.48345 
  5.24500  0.47736  0.47760 
  5.34500  0.47193  0.47215 
  5.44500  0.46691  0.46713 
  5.54500  0.46234  0.46258 
  5.64500  0.45822  0.45844 
  5.74500  0.45456  0.45479 
  5.84500  0.45137  0.45159 
  5.94500  0.44865  0.44887 
  6.04500  0.44638  0.44661 
  6.14500  0.44460  0.44484 
  6.24500  0.44331  0.44354 
  6.34500  0.44245  0.44268 
  6.44500  0.44207  0.44232 
  6.54500  0.44215  0.44237 
  6.64500  0.44267  0.44289 
  6.74500  0.44363  0.44384 
  6.84500  0.44500  0.44523 
  6.94500  0.44681  0.44700 
  7.04500  0.44899  0.44920 
  7.14500  0.45155  0.45176 
  7.24500  0.45449  0.45468 
  7.34500  0.45777  0.45796 
  7.44500  0.46135  0.46153 
  7.54500  0.46525  0.46540 
  7.64500  0.46939  0.46956 
  7.74500  0.47378  0.47395 
  7.84500  0.47837  0.47855 
  7.94500  0.48315  0.48337 
  8.04500  0.48812  0.48835 
  8.14500  0.49325  0.49345 
  8.24500  0.49850  0.49868 
  8.34500  0.50391  0.50397 
  8.44500  0.50916  0.50934 
  8.54500  0.51458  0.51471 
  8.64500  0.52001  0.52010 
  8.74500  0.52535  0.52543 
  8.84500  0.53064  0.53070 
  8.94500  0.53581  0.53590 
  9.04500  0.54085  0.54095 
  9.14500  0.54576  0.54590 
  9.24500  0.55052  0.55063 
  9.34500  0.55508  0.55520 
  9.44500  0.55942  0.55954 
  9.54500  0.56356  0.56365 
  9.64500  0.56741  0.56749 
  9.74500  0.57098  0.57104 
  9.84500  0.57424  0.57432 
  9.94500  0.57719  0.57727 
 10.04500  0.57982  0.57989 
 10.14500  0.58210  0.58217 
 10.24500  0.58401  0.58409 
 10.34500  0.58558  0.58565 
 10.44500  0.58677  0.58685 
 10.54500  0.58760  0.58767 
 10.64500  0.58804  0.58812 
 10.74500  0.58810  0.58818 
 10.84500  0.58781  0.58788 
 10.94500  0.58712  0.58720 
 11.04500  0.58607  0.58615 
 11.14500  0.58466  0.58473 
 11.24500  0.58288  0.58297 
 11.34500  0.58079  0.58084 
 11.44500  0.57835  0.57842 
 11.54500  0.57559  0.57564 
 11.64500  0.57254  0.57259 
 11.74500  0.56919  0.56925 
 11.84500  0.56558  0.56566 
 11.94500  0.56171  0.56180 
 12.04500  0.55763  0.55775 
 12.14500  0.55335  0.55347 
 12.24500  0.54893  0.54904 
 12.34500  0.54438  0.54443 
 12.44500  0.53966  0.53972 
 12.54500  0.53486  0.53490 
 12.64500  0.52995  0.53001 
 12.74500  0.52495  0.52505 
 12.84500  0.51991  0.52012 
 12.94500  0.51514  0.51515 
 13.04500  0.51014  0.51026 
 13.14500  0.50523  0.50540 
 13.24500  0.50045  0.50064 
 13.34500  0.49581  0.49599 
 13.44500  0.49132  0.49148 
 13.54500  0.48702  0.48714 
 13.64500  0.48287  0.48300 
 13.74500  0.47893  0.47904 
 13.84500  0.47522  0.47533 
 13.94500  0.47176  0.47187 
 14.04500  0.46855  0.46868 
 14.14500  0.46567  0.46581 
 14.24500  0.46306  0.46321 
 14.34500  0.46079  0.46093 
 14.44500  0.45885  0.45900 
 14.54500  0.45726  0.45742 
 14.64500  0.45602  0.45616 
 14.74500  0.45513  0.45528 
 14.84500  0.45464  0.45475 
 14.94500  0.45444  0.45460 
 15.04500  0.45466  0.45480 
 15.14500  0.45522  0.45538 
 15.24500  0.45616  0.45630 
 15.34500  0.45747  0.45761 
 15.44500  0.45910  0.45925 
 15.54500  0.46109  0.46123 
 15.64500  0.46340  0.46356 
 15.74500  0.46606  0.46620 
 15.84500  0.46900  0.46915 
 15.94500  0.47225  0.47236 
 16.04500  0.47574  0.47585 
 16.14500  0.47951  0.47962 
 16.24500  0.48348  0.48360 
 16.34500  0.48765  0.48779 
 16.44500  0.49202  0.49216 
 16.54500  0.49654  0.49671 
 16.64500  0.50123  0.50140 
 16.74500  0.50606  0.50620 
 16.84500  0.51101  0.51108 
 16.94500  0.51602  0.51605 
 17.04500  0.52084  0.52105 
 17.14500  0.52594  0.52605 
 17.24500  0.53097  0.53100 
 17.34500  0.53591  0.53593 
 17.44500  0.54077  0.54080 
 17.54500  0.54550  0.54556 
 17.64500  0.55013  0.55019 
 17.74500  0.55459  0.55469 
 17.84500  0.55892  0.55900 
 17.94500  0.56305  0.56310 
 18.04500  0.56697  0.56702 
 18.14500  0.57064  0.57069 
 18.24500  0.57406  0.57409 
 18.34500  0.57719  0.57725 
 18.44500  0.58002  0.58006 
 18.54500  0.58256  0.58259 
 18.64500  0.58476  0.58480 
 18.74500  0.58663  0.58666 
 18.84500  0.58815  0.58818 
 18.94500  0.58932  0.58935 
 19.04500  0.59014  0.59016 
 19.14500  0.59058  0.59061 
 19.24500  0.59068  0.59069 
 19.34500  0.59040  0.59041 
 19.44500  0.58973  0.58977 
 19.54500  0.58871  0.58876 
 19.64500  0.58736  0.58740 
 19.74500  0.58566  0.58568 
 19.84500  0.58361  0.58364 
 19.94500  0.58123  0.58127 
 20.04500  0.57854  0.57859 
 20.14500  0.57557  0.57561 
 20.24500  0.57230  0.57232 
 20.34500  0.56873  0.56880 
 20.44500  0.56496  0.56503 
 20.54500  0.56095  0.56102 
 20.64500  0.55675  0.55681 
 20.74500  0.55238  0.55244 
 20.84500  0.54787  0.54791 
 20.94500  0.54321  0.54325 
 21.04500  0.53848  0.53848 
 21.14500  0.53362  0.53363 
 21.24500  0.52870  0.52874 
 21.34500  0.52370  0.52383 
 21.44500  0.51883  0.51892 
 21.54500  0.51403  0.51404 
 21.64500  0.50913  0.50923 
 21.74500  0.50434  0.50450 
 21.84500  0.49972  0.49987 
 21.94500  0.49527  0.49540 
 22.04500  0.49099  0.49110 
 22.14500  0.48688  0.48700 
 22.24500  0.48300  0.48308 
 22.34500  0.47934  0.47941 
 22.44500  0.47594  0.47602 
 22.54500  0.47279  0.47289 
 22.64500  0.46996  0.47008 
 22.74500  0.46746  0.46759 
 22.84500  0.46529  0.46540 
 22.94500  0.46346  0.46360 
 23.04500  0.46201  0.46214 
 23.14500  0.46091  0.46106 
 23.24500  0.46021  0.46035 
 23.34500  0.45989  0.46003 
 23.44500  0.45997  0.46011 
 23.54500  0.46045  0.46057 
 23.64500  0.46133  0.46146 
 23.74500  0.46259  0.46271 
 23.84500  0.46425  0.46437 
 23.94500  0.46630  0.46644 
 24.04500  0.46875  0.46887 
 24.14500  0.47157  0.47166 
 24.24500  0.47474  0.47485 
 24.34500  0.47827  0.47837 
 24.44500  0.48214  0.48222 
 24.54500  0.48634  0.48642 
 24.64500  0.49084  0.49091 
 24.74500  0.49561  0.49568 
 24.84500  0.50064  0.50072 
 24.94500  0.50590  0.50601 
 25.04500  0.51137  0.51151 
 25.14500  0.51707  0.51720 
 25.24500  0.52294  0.52310 
 25.34500  0.52900  0.52910 
 25.44500  0.53520  0.53521 
 25.54500  0.54135  0.54142 
 25.64500  0.54760  0.54770 
 25.74500  0.55397  0.55402 
 25.84500  0.56033  0.56032 
 25.94500  0.56664  0.56661 
 26.04500  0.57284  0.57284 
 26.14500  0.57896  0.57899 
 26.24500  0.58499  0.58500 
 26.34500  0.59089  0.59092 
 26.44500  0.59661  0.59665 
 26.54500  0.60215  0.60218 
 26.64500  0.60747  0.60748 
 26.74500  0.61254  0.61254 
 26.84500  0.61732  0.61732 
 26.94500  0.62183  0.62180 
 27.04500  0.62601  0.62600 
 27.14500  0.62983  0.62980 
 27.24500  0.63331  0.63328 
 27.34500  0.63641  0.63638 
 27.44500  0.63911  0.63908 
 27.54500  0.64140  0.64137 
 27.64500  0.64326  0.64322 
 27.74500  0.64471  0.64467 
 27.84500  0.64569  0.64566 
 27.94500  0.64623  0.64620 
 28.04500  0.64631  0.64627 
 28.14500  0.64593  0.64588 
 28.24500  0.64509  0.64504 
 28.34500  0.64378  0.64374 
 28.44500  0.64200  0.64197 
 28.54500  0.63978  0.63973 
 28.64500  0.63708  0.63703 
 28.74500  0.63394  0.63390 
 28.84500  0.63036  0.63033 
 28.94500  0.62638  0.62633 
 29.04500  0.62195  0.62192 
 29.14500  0.61713  0.61709 
 29.24500  0.61194  0.61188 
 29.34500  0.60636  0.60633 
 29.44500  0.60044  0.60040 
 29.54500  0.59419  0.59417 
 29.64500  0.58764  0.58763 
 29.74500  0.58080  0.58082 
 29.84500  0.57371  0.57371 
 29.94500  0.56638  0.56639 
 30.04500  0.55889  0.55887 
 30.14500  0.55121  0.55118 
 30.24500  0.54337  0.54333 
 30.34500  0.53540  0.53538 
 30.44500  0.52734  0.52729 
 30.54500  0.51915  0.51916 
 30.64500  0.51091  0.51102 
 30.74500  0.50289  0.50285 
 30.84500  0.49473  0.49472 
 30.94500  0.48656  0.48663 
 31.04500  0.47855  0.47866 
 31.14500  0.47068  0.47079 
 31.24500  0.46300  0.46306 
 31.34500  0.45547  0.45552 
 31.44500  0.44813  0.44817 
 31.54500  0.44103  0.44105 
 31.64500  0.43417  0.43421 
 31.74500  0.42758  0.42763 
 31.84500  0.42130  0.42135 
 31.94500  0.41535  0.41541 
 32.04500  0.40975  0.40982 
 32.14500  0.40454  0.40462 
 32.24500  0.39969  0.39978 
 32.34500  0.39528  0.39536 
 32.44500  0.39127  0.39137 
 32.54500  0.38772  0.38781 
 32.64500  0.38461  0.38469 
 32.74500  0.38196  0.38205 
 32.84500  0.37978  0.37988 
 32.94500  0.37809  0.37817 
 33.04500  0.37684  0.37695 
 33.14500  0.37612  0.37621 
 33.24500  0.37586  0.37595 
 33.34500  0.37609  0.37618 
 33.44500  0.37681  0.37689 
 33.54500  0.37802  0.37809 
 33.64500  0.37967  0.37974 
 33.74500  0.38180  0.38188 
 33.84500  0.38438  0.38444 
 33.94500  0.38738  0.38746 
 34.04500  0.39084  0.39091 
 34.14500  0.39468  0.39477 
 34.24500  0.39894  0.39901 
 34.34500  0.40357  0.40363 
 34.44500  0.40855  0.40861 
 34.54500  0.41389  0.41393 
 34.64500  0.41951  0.41956 
 34.74500  0.42544  0.42547 
 34.84500  0.43160  0.43163 
 34.94500  0.43801  0.43805 
 35.04500  0.44462  0.44464 
 35.14500  0.45139  0.45144 
 35.24500  0.45831  0.45835 
 35.34500  0.46537  0.46544 
 35.44500  0.47254  0.47260 
 35.54500  0.47982  0.47981 
 35.64500  0.48714  0.48705 
 35.74500  0.49423  0.49430 
 35.84500  0.50152  0.50152 
 35.94500  0.50875  0.50869 
 36.04500  0.51583  0.51575 
 36.14500  0.52279  0.52270 
 36.24500  0.52957  0.52950 
 36.34500  0.53617  0.53614 
 36.44500  0.54257  0.54255 
 36.54500  0.54878  0.54876 
 36.64500  0.55473  0.55468 
 36.74500  0.56039  0.56034 
 36.84500  0.56575  0.56570 
 36.94500  0.57079  0.57073 
 37.04500  0.57548  0.57543 
 37.14500  0.57984  0.57976 
 37.24500  0.58378  0.58370 
 37.34500  0.58734  0.58725 
 37.44500  0.59048  0.59040 
 37.54500  0.59321  0.59312 
 37.64500  0.59549  0.59539 
 37.74500  0.59735  0.59727 
 37.84500  0.59875  0.59867 
 37.94500  0.59972  0.59962 
 38.04500  0.60023  0.60013 
 38.14500  0.60030  0.60018 
 38.24500  0.59990  0.59979 
 38.34500  0.59904  0.59895 
 38.44500  0.59777  0.59768 
 38.54500  0.59604  0.59598 
 38.64500  0.59394  0.59384 
 38.74500  0.59137  0.59128 
 38.84500  0.58843  0.58833 
 38.94500  0.58511  0.58502 
 39.04500  0.58141  0.58133 
 39.14500  0.57736  0.57729 
 39.24500  0.57299  0.57292 
 39.34500  0.56829  0.56825 
 39.44500  0.56334  0.56330 
 39.54500  0.55811  0.55807 
 39.64500  0.55267  0.55263 
 39.74500  0.54703  0.54696 
 39.84500  0.54119  0.54111 
 39.94500  0.53524  0.53512 
 40.04500  0.52912  0.52902 
 40.14500  0.52288  0.52280 
 40.24500  0.51657  0.51653 
 40.34500  0.51016  0.51022 
 40.44500  0.50401  0.50390 
 40.54500  0.49764  0.49760 
 40.64500  0.49134  0.49137 
 40.74500  0.48517  0.48522 
 40.84500  0.47913  0.47920 
 40.94500  0.47324  0.47329 
 41.04500  0.46755  0.46755 
 41.14500  0.46204  0.46203 
 41.24500  0.45676  0.45672 
 41.34500  0.45170  0.45167 
 41.44500  0.44691  0.44690 
 41.54500  0.44241  0.44242 
 41.64500  0.43826  0.43830 
 41.74500  0.43441  0.43445 
 41.84500  0.43098  0.43101 
 41.94500  0.42788  0.42790 
 42.04500  0.42520  0.42524 
 42.14500  0.42293  0.42294 
 42.24500  0.42105  0.42110 
 42.34500  0.41963  0.41967 
 42.44500  0.41863  0.41868 
 42.54500  0.41810  0.41812 
 42.64500  0.41800  0.41803 
 42.74500  0.41834  0.41838 
 42.84500  0.41914  0.41917 
 42.94500  0.42041  0.42043 
 43.04500  0.42211  0.42213 
 43.14500  0.42423  0.42428 
 43.24500  0.42681  0.42685 
 43.34500  0.42982  0.42985 
 43.44500  0.43323  0.43327 
 43.54500  0.43706  0.43710 
 43.64500  0.44126  0.44129 
 43.74500  0.44584  0.44585 
 43.84500  0.45077  0.45077 
 43.94500  0.45604  0.45602 
 44.04500  0.46161  0.46159 
 44.14500  0.46745  0.46743 
 44.24500  0.47357  0.47356 
 44.34500  0.47991  0.47991 
 44.44500  0.48647  0.48647 
 44.54500  0.49319  0.49323 
 44.64500  0.50010  0.50015 
 44.74500  0.50721  0.50719 
 44.84500  0.51443  0.51434 
 44.94500  0.52159  0.52155 
 45.04500  0.52880  0.52881 
 45.14500  0.53618  0.53608 
 45.24500  0.54347  0.54334 
 45.34500  0.55067  0.55055 
 45.44500  0.55779  0.55767 
 45.54500  0.56479  0.56471 
 45.64500  0.57165  0.57159 
 45.74500  0.57836  0.57831 
 45.84500  0.58491  0.58483 
 45.94500  0.59123  0.59115 
 46.04500  0.59731  0.59720 
 46.14500  0.60311  0.60300 
 46.24500  0.60861  0.60852 
 46.34500  0.61382  0.61370 
 46.44500  0.61866  0.61853 
 46.54500  0.62314  0.62303 
 46.64500  0.62727  0.62714 
 46.74500  0.63098  0.63084 
 46.84500  0.63427  0.63414 
 46.94500  0.63715  0.63703 
 47.04500  0.63960  0.63946 
 47.14500  0.64161  0.64145 
 47.24500  0.64315  0.64301 
 47.34500  0.64423  0.64411 
 47.44500  0.64485  0.64472 
 47.54500  0.64500  0.64488 
 47.64500  0.64470  0.64454 
 47.74500  0.64391  0.64375 
 47.84500  0.64266  0.64253 
 47.94500  0.64095  0.64080 
 48.04500  0.63880  0.63867 
 48.14500  0.63619  0.63606 
 48.24500  0.63315  0.63301 
 48.34500  0.62968  0.62957 
 48.44500  0.62585  0.62570 
 48.54500  0.62160  0.62146 
 48.64500  0.61698  0.61684 
 48.74500  0.61199  0.61187 
 48.84500  0.60669  0.60655 
 48.94500  0.60106  0.60094 
 49.04500  0.59513  0.59500 
 49.14500  0.58895  0.58887 
 49.24500  0.58254  0.58245 
 49.34500  0.57592  0.57583 
 49.44500  0.56911  0.56902 
 49.54500  0.56219  0.56205 
 49.64500  0.55509  0.55497 
 49.74500  0.54792  0.54777 
 49.84500  0.54064  0.54051 
 49.94500  0.53328  0.53320 
 50.04500  0.52587  0.52587 
 50.14500  0.51870  0.51858 
 50.24500  0.51143  0.51133 
 50.34500  0.50417  0.50415 
 50.44500  0.49707  0.49705 
 50.54500  0.49012  0.49013 
 50.64500  0.48337  0.48336 
 50.74500  0.47682  0.47676 
 50.84500  0.47045  0.47039 
 50.94500  0.46433  0.46425 
 51.04500  0.45843  0.45838 
 51.14500  0.45285  0.45279 
 51.24500  0.44755  0.44749 
 51.34500  0.44258  0.44254 
 51.44500  0.43794  0.43794 
 51.54500  0.43371  0.43370 
 51.64500  0.42982  0.42980 
 51.74500  0.42634  0.42632 
 51.84500  0.42325  0.42326 
 51.94500  0.42059  0.42056 
 52.04500  0.41833  0.41831 
 52.14500  0.41651  0.41648 
 52.24500  0.41510  0.41508 
 52.34500  0.41412  0.41410 
 52.44500  0.41357  0.41354 
 52.54500  0.41347  0.41342 
 52.64500  0.41377  0.41373 
 52.74500  0.41446  0.41446 
 52.84500  0.41561  0.41558 
 52.94500  0.41712  0.41711 
 53.04500  0.41907  0.41902 
 53.14500  0.42133  0.42130 
 53.24500  0.42397  0.42394 
 53.34500  0.42695  0.42692 
 53.44500  0.43028  0.43022 
 53.54500  0.43387  0.43383 
 53.64500  0.43778  0.43770 
 53.74500  0.44193  0.44184 
 53.84500  0.44630  0.44620 
 53.94500  0.45087  0.45077 
 54.04500  0.45560  0.45552 
 54.14500  0.46048  0.46045 
 54.24500  0.46547  0.46545 
 54.34500  0.47061  0.47058 
 54.44500  0.47581  0.47576 
 54.54500  0.48111  0.48097 
 54.64500  0.48631  0.48619 
 54.74500  0.49145  0.49140 
 54.84500  0.49669  0.49654 
 54.94500  0.50179  0.50165 
 55.04500  0.50676  0.50657 
 55.14500  0.51156  0.51137 
 55.24500  0.51616  0.51602 
 55.34500  0.52060  0.52045 
 55.44500  0.52480  0.52468 
 55.54500  0.52877  0.52864 
 55.64500  0.53249  0.53233 
 55.74500  0.53588  0.53572 
 55.84500  0.53896  0.53881 
 55.94500  0.54170  0.54153 
 56.04500  0.54407  0.54387 
 56.14500  0.54607  0.54587 
 56.24500  0.54766  0.54746 
 56.34500  0.54885  0.54865 
 56.44500  0.54960  0.54939 
 56.54500  0.54990  0.54969 
 56.64500  0.54977  0.54957 
 56.74500  0.54917  0.54900 
 56.84500  0.54816  0.54796 
 56.94500  0.54665  0.54644 
 57.04500  0.54469  0.54447 
 57.14500  0.54225  0.54205 
 57.24500  0.53934  0.53913 
 57.34500  0.53598  0.53577 
 57.44500  0.53216  0.53196 
 57.54500  0.52788  0.52768 
 57.64500  0.52318  0.52295 
 57.74500  0.51803  0.51782 
 57.84500  0.51244  0.51226 
 57.94500  0.50647  0.50630 
 58.04500  0.50010  0.49994 
 58.14500  0.49340  0.49322 
 58.24500  0.48632  0.48612 
 58.34500  0.47890  0.47870 
 58.44500  0.47116  0.47096 
 58.54500  0.46315  0.46291 
 58.64500  0.45480  0.45459 
 58.74500  0.44616  0.44602 
 58.84500  0.43729  0.43722 
 58.94500  0.42845  0.42820 
 59.04500  0.41916  0.41899 
 59.14500  0.40976  0.40964 
 59.24500  0.40024  0.40017 
 59.34500  0.39067  0.39057 
 59.44500  0.38103  0.38090 
 59.54500  0.37132  0.37118 
 59.64500  0.36157  0.36142 
 59.74500  0.35182  0.35168 
 59.84500  0.34207  0.34193 
 59.94500  0.33237  0.33225 
 60.04500  0.32274  0.32262 
 60.14500  0.31322  0.31311 
 60.24500  0.30381  0.30370 
 60.34500  0.29454  0.29445 
 60.44500  0.28546  0.28535 
 60.54500  0.27655  0.27648 
 60.64500  0.26788  0.26779 
 60.74500  0.25942  0.25934 
 60.84500  0.25122  0.25113 
 60.94500  0.24329  0.24321 
 61.04500  0.23566  0.23559 
 61.14500  0.22832  0.22827 
 61.24500  0.22132  0.22127 
 61.34500  0.21466  0.21460 
 61.44500  0.20835  0.20831 
 61.54500  0.20243  0.20237 
 61.64500  0.19686  0.19680 
 61.74500  0.19170  0.19166 
 61.84500  0.18698  0.18691 
 61.94500  0.18263  0.18257 
 62.04500  0.17871  0.17867 
 62.14500  0.17526  0.17522 
 62.24500  0.17222  0.17218 
 62.34500  0.16964  0.16960 
 62.44500  0.16751  0.16749 
 62.54500  0.16584  0.16581 
 62.64500  0.16466  0.16461 
 62.74500  0.16391  0.16387 
