  0.04500  0.59904  0.59900 
  0.14500  0.59903  0.59898 
  0.24500  0.59898  0.59890 
  0.34500  0.59897  0.59890 
  0.44500  0.59893  0.59886 
  0.54500  0.59887  0.59880 
  0.64500  0.59883  0.59873 
  0.74500  0.59873  0.59866 
  0.84500  0.59865  0.59857 
  0.94500  0.59854  0.59847 
  1.04500  0.59843  0.59836 
  1.14500  0.59831  0.59824 
  1.24500  0.59819  0.59811 
  1.34500  0.59804  0.59796 
  1.44500  0.59788  0.59781 
  1.54500  0.59772  0.59765 
  1.64500  0.59754  0.59746 
  1.74500  0.59735  0.59729 
  1.84500  0.59716  0.59709 
  1.94500  0.59695  0.59689 
  2.04500  0.59674  0.59667 
  2.14500  0.59652  0.59644 
  2.24500  0.59627  0.59620 
  2.34500  0.59602  0.59595 
  2.44500  0.59577  0.59570 
  2.54500  0.59551  0.59543 
  2.64500  0.59523  0.59516 
  2.74500  0.59494  0.59487 
  2.84500  0.59465  0.59458 
  2.94500  0.59434  0.59428 
  3.04500  0.59403  0.59396 
  3.14500  0.59370  0.59365 
  3.24500  0.59337  0.59332 
  3.34500  0.59304  0.59298 
  3.44500  0.59269  0.59262 
  3.54500  0.59232  0.59227 
  3.64500  0.59196  0.59190 
  3.74500  0.59159  0.59154 
  3.84500  0.59120  0.59115 
  3.94500  0.59081  0.59076 
  4.04500  0.59042  0.59036 
  4.14500  0.59002  0.58996 
  4.24500  0.58960  0.58956 
  4.34500  0.58919  0.58913 
  4.44500  0.58876  0.58872 
  4.54500  0.58832  0.58828 
  4.64500  0.58789  0.58784 
  4.74500  0.58744  0.58740 
  4.84500  0.58699  0.58695 
  4.94500  0.58653  0.58650 
  5.04500  0.58607  0.58604 
  5.14500  0.58559  0.58557 
  5.24500  0.58512  0.58510 
  5.34500  0.58464  0.58460 
  5.44500  0.58416  0.58415 
  5.54500  0.58368  0.58365 
  5.64500  0.58318  0.58315 
  5.74500  0.58268  0.58265 
  5.84500  0.58217  0.58215 
  5.94500  0.58166  0.58165 
  6.04500  0.58115  0.58115 
  6.14500  0.58063  0.58064 
  6.24500  0.58013  0.58010 
  6.34500  0.57960  0.57960 
  6.44500  0.57908  0.57906 
  6.54500  0.57855  0.57855 
  6.64500  0.57802  0.57801 
  6.74500  0.57748  0.57748 
  6.84500  0.57695  0.57695 
  6.94500  0.57642  0.57641 
  7.04500  0.57588  0.57587 
  7.14500  0.57534  0.57534 
  7.24500  0.57479  0.57479 
  7.34500  0.57424  0.57425 
  7.44500  0.57371  0.57371 
  7.54500  0.57315  0.57316 
  7.64500  0.57261  0.57262 
  7.74500  0.57206  0.57207 
  7.84500  0.57152  0.57152 
  7.94500  0.57097  0.57097 
  8.04500  0.57043  0.57043 
  8.14500  0.56988  0.56988 
  8.24500  0.56933  0.56934 
  8.34500  0.56878  0.56878 
  8.44500  0.56824  0.56824 
  8.54500  0.56770  0.56769 
  8.64500  0.56715  0.56715 
  8.74500  0.56659  0.56660 
  8.84500  0.56605  0.56606 
  8.94500  0.56551  0.56552 
  9.04500  0.56498  0.56498 
  9.14500  0.56444  0.56445 
  9.24500  0.56391  0.56390 
  9.34500  0.56337  0.56337 
  9.44500  0.56285  0.56285 
  9.54500  0.56232  0.56230 
  9.64500  0.56179  0.56178 
  9.74500  0.56127  0.56125 
  9.84500  0.56074  0.56074 
  9.94500  0.56023  0.56020 
 10.04500  0.55970  0.55970 
 10.14500  0.55920  0.55920 
 10.24500  0.55869  0.55865 
 10.34500  0.55818  0.55815 
 10.44500  0.55768  0.55765 
 10.54500  0.55718  0.55715 
 10.64500  0.55668  0.55665 
 10.74500  0.55619  0.55615 
 10.84500  0.55570  0.55568 
 10.94500  0.55523  0.55520 
 11.04500  0.55474  0.55470 
 11.14500  0.55427  0.55423 
 11.24500  0.55379  0.55375 
 11.34500  0.55333  0.55329 
 11.44500  0.55287  0.55282 
 11.54500  0.55240  0.55236 
 11.64500  0.55195  0.55190 
 11.74500  0.55151  0.55145 
 11.84500  0.55105  0.55100 
 11.94500  0.55061  0.55056 
 12.04500  0.55017  0.55012 
 12.14500  0.54974  0.54969 
 12.24500  0.54932  0.54927 
 12.34500  0.54889  0.54883 
 12.44500  0.54848  0.54842 
 12.54500  0.54806  0.54800 
 12.64500  0.54766  0.54760 
 12.74500  0.54725  0.54718 
 12.84500  0.54686  0.54679 
 12.94500  0.54645  0.54640 
 13.04500  0.54607  0.54600 
 13.14500  0.54569  0.54563 
 13.24500  0.54532  0.54524 
 13.34500  0.54494  0.54487 
 13.44500  0.54458  0.54450 
 13.54500  0.54421  0.54414 
 13.64500  0.54385  0.54378 
 13.74500  0.54350  0.54342 
 13.84500  0.54314  0.54308 
 13.94500  0.54280  0.54275 
 14.04500  0.54247  0.54239 
 14.14500  0.54214  0.54207 
 14.24500  0.54181  0.54175 
 14.34500  0.54148  0.54142 
 14.44500  0.54117  0.54110 
 14.54500  0.54086  0.54079 
 14.64500  0.54055  0.54048 
 14.74500  0.54025  0.54018 
 14.84500  0.53995  0.53989 
 14.94500  0.53966  0.53959 
 15.04500  0.53936  0.53930 
 15.14500  0.53908  0.53903 
 15.24500  0.53881  0.53875 
 15.34500  0.53853  0.53848 
 15.44500  0.53826  0.53820 
 15.54500  0.53799  0.53795 
 15.64500  0.53773  0.53769 
 15.74500  0.53749  0.53742 
 15.84500  0.53723  0.53718 
 15.94500  0.53699  0.53695 
 16.04500  0.53675  0.53670 
 16.14500  0.53651  0.53647 
 16.24500  0.53628  0.53623 
 16.34500  0.53605  0.53601 
 16.44500  0.53583  0.53579 
 16.54500  0.53560  0.53557 
 16.64500  0.53539  0.53536 
 16.74500  0.53518  0.53515 
 16.84500  0.53496  0.53495 
 16.94500  0.53477  0.53475 
 17.04500  0.53457  0.53455 
 17.14500  0.53437  0.53435 
 17.24500  0.53417  0.53416 
 17.34500  0.53398  0.53397 
 17.44500  0.53380  0.53379 
 17.54500  0.53362  0.53362 
 17.64500  0.53344  0.53344 
 17.74500  0.53328  0.53326 
 17.84500  0.53311  0.53310 
 17.94500  0.53293  0.53294 
 18.04500  0.53277  0.53276 
 18.14500  0.53261  0.53262 
 18.24500  0.53245  0.53245 
 18.34500  0.53229  0.53231 
 18.44500  0.53214  0.53215 
 18.54500  0.53200  0.53201 
 18.64500  0.53185  0.53186 
 18.74500  0.53170  0.53173 
 18.84500  0.53157  0.53157 
 18.94500  0.53142  0.53144 
 19.04500  0.53129  0.53131 
 19.14500  0.53115  0.53117 
 19.24500  0.53103  0.53105 
 19.34500  0.53090  0.53093 
 19.44500  0.53078  0.53078 
 19.54500  0.53064  0.53067 
 19.64500  0.53053  0.53055 
 19.74500  0.53040  0.53043 
 19.84500  0.53029  0.53031 
 19.94500  0.53018  0.53019 
 20.04500  0.53005  0.53007 
 20.14500  0.52995  0.52996 
 20.24500  0.52983  0.52985 
 20.34500  0.52972  0.52974 
 20.44500  0.52962  0.52963 
 20.54500  0.52950  0.52952 
 20.64500  0.52940  0.52942 
 20.74500  0.52930  0.52931 
 20.84500  0.52919  0.52921 
 20.94500  0.52908  0.52910 
 21.04500  0.52899  0.52900 
 21.14500  0.52888  0.52890 
 21.24500  0.52879  0.52879 
 21.34500  0.52868  0.52869 
 21.44500  0.52859  0.52859 
 21.54500  0.52849  0.52849 
 21.64500  0.52838  0.52840 
 21.74500  0.52830  0.52830 
 21.84500  0.52820  0.52820 
 21.94500  0.52811  0.52810 
 22.04500  0.52802  0.52800 
 22.14500  0.52791  0.52790 
 22.24500  0.52781  0.52781 
 22.34500  0.52771  0.52771 
 22.44500  0.52763  0.52761 
 22.54500  0.52753  0.52751 
 22.64500  0.52743  0.52742 
 22.74500  0.52733  0.52732 
 22.84500  0.52724  0.52722 
 22.94500  0.52715  0.52712 
 23.04500  0.52705  0.52702 
 23.14500  0.52695  0.52693 
 23.24500  0.52684  0.52683 
 23.34500  0.52676  0.52673 
 23.44500  0.52665  0.52663 
 23.54500  0.52655  0.52653 
 23.64500  0.52646  0.52643 
 23.74500  0.52636  0.52633 
 23.84500  0.52626  0.52622 
 23.94500  0.52615  0.52612 
 24.04500  0.52606  0.52602 
 24.14500  0.52595  0.52591 
 24.24500  0.52584  0.52581 
 24.34500  0.52574  0.52571 
 24.44500  0.52564  0.52559 
 24.54500  0.52552  0.52549 
 24.64500  0.52541  0.52538 
 24.74500  0.52531  0.52527 
 24.84500  0.52520  0.52516 
 24.94500  0.52509  0.52506 
 25.04500  0.52498  0.52495 
 25.14500  0.52488  0.52484 
 25.24500  0.52476  0.52472 
 25.34500  0.52464  0.52461 
 25.44500  0.52452  0.52449 
 25.54500  0.52441  0.52438 
 25.64500  0.52430  0.52426 
 25.74500  0.52417  0.52415 
 25.84500  0.52405  0.52403 
 25.94500  0.52393  0.52392 
 26.04500  0.52382  0.52379 
 26.14500  0.52369  0.52367 
 26.24500  0.52358  0.52355 
 26.34500  0.52345  0.52343 
 26.44500  0.52332  0.52331 
 26.54500  0.52321  0.52318 
 26.64500  0.52309  0.52306 
 26.74500  0.52295  0.52294 
 26.84500  0.52282  0.52282 
 26.94500  0.52270  0.52268 
 27.04500  0.52256  0.52255 
 27.14500  0.52244  0.52243 
 27.24500  0.52231  0.52230 
 27.34500  0.52218  0.52217 
 27.44500  0.52205  0.52204 
 27.54500  0.52191  0.52192 
 27.64500  0.52179  0.52177 
 27.74500  0.52165  0.52165 
 27.84500  0.52152  0.52152 
 27.94500  0.52138  0.52138 
 28.04500  0.52125  0.52125 
 28.14500  0.52111  0.52113 
 28.24500  0.52098  0.52097 
 28.34500  0.52085  0.52085 
 28.44500  0.52072  0.52072 
 28.54500  0.52057  0.52057 
 28.64500  0.52044  0.52045 
 28.74500  0.52030  0.52031 
 28.84500  0.52016  0.52017 
 28.94500  0.52003  0.52004 
 29.04500  0.51989  0.51991 
 29.14500  0.51976  0.51976 
 29.24500  0.51961  0.51964 
 29.34500  0.51948  0.51949 
 29.44500  0.51935  0.51936 
 29.54500  0.51921  0.51923 
 29.64500  0.51907  0.51908 
 29.74500  0.51894  0.51895 
 29.84500  0.51881  0.51883 
 29.94500  0.51866  0.51867 
 30.04500  0.51853  0.51855 
 30.14500  0.51840  0.51842 
 30.24500  0.51826  0.51827 
 30.34500  0.51813  0.51815 
 30.44500  0.51799  0.51802 
 30.54500  0.51787  0.51787 
 30.64500  0.51774  0.51775 
 30.74500  0.51761  0.51762 
 30.84500  0.51747  0.51748 
 30.94500  0.51734  0.51735 
 31.04500  0.51722  0.51723 
 31.14500  0.51709  0.51710 
 31.24500  0.51697  0.51697 
 31.34500  0.51683  0.51684 
 31.44500  0.51670  0.51672 
 31.54500  0.51658  0.51658 
 31.64500  0.51645  0.51646 
 31.74500  0.51633  0.51635 
 31.84500  0.51621  0.51623 
 31.94500  0.51609  0.51610 
 32.04500  0.51597  0.51598 
 32.14500  0.51586  0.51586 
 32.24500  0.51573  0.51574 
 32.34500  0.51562  0.51563 
 32.44500  0.51550  0.51552 
 32.54500  0.51539  0.51539 
 32.64500  0.51529  0.51528 
 32.74500  0.51517  0.51517 
 32.84500  0.51505  0.51506 
 32.94500  0.51495  0.51495 
 33.04500  0.51484  0.51485 
 33.14500  0.51474  0.51474 
 33.24500  0.51463  0.51464 
 33.34500  0.51452  0.51453 
 33.44500  0.51443  0.51443 
 33.54500  0.51433  0.51433 
 33.64500  0.51423  0.51423 
 33.74500  0.51413  0.51413 
 33.84500  0.51403  0.51404 
 33.94500  0.51394  0.51394 
 34.04500  0.51385  0.51385 
 34.14500  0.51375  0.51376 
 34.24500  0.51366  0.51367 
 34.34500  0.51357  0.51359 
 34.44500  0.51349  0.51350 
 34.54500  0.51341  0.51340 
 34.64500  0.51331  0.51332 
 34.74500  0.51323  0.51324 
 34.84500  0.51315  0.51317 
 34.94500  0.51308  0.51310 
 35.04500  0.51299  0.51300 
 35.14500  0.51292  0.51293 
 35.24500  0.51286  0.51286 
 35.34500  0.51278  0.51280 
 35.44500  0.51269  0.51270 
 35.54500  0.51264  0.51265 
 35.64500  0.51256  0.51259 
 35.74500  0.51250  0.51250 
 35.84500  0.51243  0.51245 
 35.94500  0.51235  0.51240 
 36.04500  0.51231  0.51231 
 36.14500  0.51222  0.51227 
 36.24500  0.51219  0.51220 
 36.34500  0.51211  0.51214 
 36.44500  0.51206  0.51210 
 36.54500  0.51201  0.51202 
 36.64500  0.51195  0.51200 
 36.74500  0.51191  0.51190 
 36.84500  0.51184  0.51189 
 36.94500  0.51178  0.51180 
 37.04500  0.51174  0.51179 
 37.14500  0.51170  0.51170 
 37.24500  0.51163  0.51170 
 37.34500  0.51159  0.51160 
 37.44500  0.51156  0.51160 
 37.54500  0.51152  0.51152 
 37.64500  0.51144  0.51150 
 37.74500  0.51140  0.51144 
 37.84500  0.51136  0.51140 
 37.94500  0.51132  0.51137 
 38.04500  0.51130  0.51130 
 38.14500  0.51126  0.51130 
 38.24500  0.51122  0.51121 
 38.34500  0.51114  0.51120 
 38.44500  0.51110  0.51115 
 38.54500  0.51107  0.51110 
 38.64500  0.51102  0.51109 
 38.74500  0.51098  0.51100 
 38.84500  0.51095  0.51100 
 38.94500  0.51092  0.51093 
 39.04500  0.51086  0.51090 
 39.14500  0.51083  0.51087 
 39.24500  0.51080  0.51080 
 39.34500  0.51075  0.51080 
 39.44500  0.51071  0.51071 
 39.54500  0.51067  0.51070 
 39.64500  0.51062  0.51063 
 39.74500  0.51059  0.51060 
 39.84500  0.51053  0.51055 
 39.94500  0.51050  0.51050 
 40.04500  0.51043  0.51046 
 40.14500  0.51036  0.51040 
 40.24500  0.51033  0.51036 
 40.34500  0.51028  0.51030 
 40.44500  0.51022  0.51024 
 40.54500  0.51017  0.51020 
 40.64500  0.51012  0.51012 
 40.74500  0.51007  0.51009 
 40.84500  0.51001  0.51000 
 40.94500  0.50993  0.50995 
 41.04500  0.50987  0.50990 
 41.14500  0.50981  0.50980 
 41.24500  0.50973  0.50975 
 41.34500  0.50968  0.50969 
 41.44500  0.50959  0.50960 
 41.54500  0.50951  0.50952 
 41.64500  0.50944  0.50945 
 41.74500  0.50934  0.50937 
 41.84500  0.50927  0.50928 
 41.94500  0.50920  0.50919 
 42.04500  0.50909  0.50910 
 42.14500  0.50901  0.50900 
 42.24500  0.50890  0.50891 
 42.34500  0.50881  0.50881 
 42.44500  0.50870  0.50870 
 42.54500  0.50859  0.50859 
 42.64500  0.50848  0.50848 
 42.74500  0.50836  0.50836 
 42.84500  0.50823  0.50824 
 42.94500  0.50811  0.50813 
 43.04500  0.50799  0.50798 
 43.14500  0.50785  0.50786 
 43.24500  0.50771  0.50773 
 43.34500  0.50758  0.50757 
 43.44500  0.50742  0.50744 
 43.54500  0.50728  0.50728 
 43.64500  0.50712  0.50714 
 43.74500  0.50696  0.50696 
 43.84500  0.50680  0.50680 
 43.94500  0.50661  0.50664 
 44.04500  0.50644  0.50646 
 44.14500  0.50625  0.50628 
 44.24500  0.50607  0.50609 
 44.34500  0.50588  0.50591 
 44.44500  0.50570  0.50571 
 44.54500  0.50548  0.50551 
 44.64500  0.50527  0.50529 
 44.74500  0.50506  0.50508 
 44.84500  0.50483  0.50487 
 44.94500  0.50461  0.50463 
 45.04500  0.50438  0.50440 
 45.14500  0.50414  0.50418 
 45.24500  0.50389  0.50392 
 45.34500  0.50364  0.50368 
 45.44500  0.50338  0.50342 
 45.54500  0.50311  0.50315 
 45.64500  0.50285  0.50289 
 45.74500  0.50256  0.50261 
 45.84500  0.50230  0.50233 
 45.94500  0.50200  0.50204 
 46.04500  0.50171  0.50175 
 46.14500  0.50140  0.50145 
 46.24500  0.50109  0.50114 
 46.34500  0.50077  0.50082 
 46.44500  0.50045  0.50049 
 46.54500  0.50012  0.50018 
 46.64500  0.49977  0.49984 
 46.74500  0.49943  0.49948 
 46.84500  0.49908  0.49915 
 46.94500  0.49872  0.49878 
 47.04500  0.49837  0.49842 
 47.14500  0.49799  0.49805 
 47.24500  0.49761  0.49766 
 47.34500  0.49722  0.49728 
 47.44500  0.49682  0.49688 
 47.54500  0.49643  0.49648 
 47.64500  0.49602  0.49608 
 47.74500  0.49560  0.49567 
 47.84500  0.49518  0.49523 
 47.94500  0.49475  0.49481 
 48.04500  0.49431  0.49438 
 48.14500  0.49386  0.49393 
 48.24500  0.49342  0.49348 
 48.34500  0.49296  0.49302 
 48.44500  0.49248  0.49255 
 48.54500  0.49203  0.49209 
 48.64500  0.49154  0.49160 
 48.74500  0.49105  0.49110 
 48.84500  0.49056  0.49060 
 48.94500  0.49006  0.49010 
 49.04500  0.48954  0.48960 
 49.14500  0.48903  0.48910 
 49.24500  0.48850  0.48857 
 49.34500  0.48798  0.48805 
 49.44500  0.48744  0.48750 
 49.54500  0.48690  0.48696 
 49.64500  0.48634  0.48642 
 49.74500  0.48580  0.48586 
 49.84500  0.48523  0.48528 
 49.94500  0.48466  0.48472 
 50.04500  0.48409  0.48414 
 50.14500  0.48350  0.48356 
 50.24500  0.48291  0.48297 
 50.34500  0.48232  0.48237 
 50.44500  0.48173  0.48177 
 50.54500  0.48111  0.48117 
 50.64500  0.48050  0.48055 
 50.74500  0.47988  0.47992 
 50.84500  0.47925  0.47930 
 50.94500  0.47862  0.47868 
 51.04500  0.47798  0.47803 
 51.14500  0.47734  0.47740 
 51.24500  0.47670  0.47674 
 51.34500  0.47605  0.47610 
 51.44500  0.47539  0.47543 
 51.54500  0.47472  0.47477 
 51.64500  0.47405  0.47410 
 51.74500  0.47338  0.47343 
 51.84500  0.47271  0.47275 
 51.94500  0.47202  0.47207 
 52.04500  0.47134  0.47138 
 52.14500  0.47065  0.47069 
 52.24500  0.46996  0.47000 
 52.34500  0.46926  0.46930 
 52.44500  0.46855  0.46859 
 52.54500  0.46786  0.46789 
 52.64500  0.46714  0.46718 
 52.74500  0.46643  0.46646 
 52.84500  0.46572  0.46575 
 52.94500  0.46500  0.46504 
 53.04500  0.46428  0.46431 
 53.14500  0.46356  0.46359 
 53.24500  0.46283  0.46286 
 53.34500  0.46211  0.46214 
 53.44500  0.46138  0.46141 
 53.54500  0.46065  0.46067 
 53.64500  0.45991  0.45995 
 53.74500  0.45918  0.45920 
 53.84500  0.45844  0.45847 
 53.94500  0.45770  0.45774 
 54.04500  0.45697  0.45700 
 54.14500  0.45624  0.45625 
 54.24500  0.45550  0.45553 
 54.34500  0.45476  0.45478 
 54.44500  0.45402  0.45405 
 54.54500  0.45327  0.45331 
 54.64500  0.45254  0.45257 
 54.74500  0.45181  0.45184 
 54.84500  0.45107  0.45110 
 54.94500  0.45033  0.45036 
 55.04500  0.44960  0.44963 
 55.14500  0.44887  0.44890 
 55.24500  0.44813  0.44817 
 55.34500  0.44742  0.44745 
 55.44500  0.44668  0.44672 
 55.54500  0.44597  0.44599 
 55.64500  0.44525  0.44528 
 55.74500  0.44452  0.44456 
 55.84500  0.44381  0.44385 
 55.94500  0.44310  0.44314 
 56.04500  0.44239  0.44243 
 56.14500  0.44169  0.44173 
 56.24500  0.44098  0.44103 
 56.34500  0.44030  0.44033 
 56.44500  0.43961  0.43964 
 56.54500  0.43893  0.43897 
 56.64500  0.43824  0.43828 
 56.74500  0.43756  0.43760 
 56.84500  0.43690  0.43693 
 56.94500  0.43623  0.43627 
 57.04500  0.43557  0.43562 
 57.14500  0.43492  0.43497 
 57.24500  0.43427  0.43432 
 57.34500  0.43364  0.43369 
 57.44500  0.43301  0.43305 
 57.54500  0.43237  0.43243 
 57.64500  0.43177  0.43181 
 57.74500  0.43115  0.43121 
 57.84500  0.43055  0.43061 
 57.94500  0.42995  0.43001 
 58.04500  0.42938  0.42943 
 58.14500  0.42879  0.42884 
 58.24500  0.42822  0.42828 
 58.34500  0.42767  0.42772 
 58.44500  0.42710  0.42717 
 58.54500  0.42657  0.42663 
 58.64500  0.42603  0.42610 
 58.74500  0.42551  0.42558 
 58.84500  0.42500  0.42505 
 58.94500  0.42450  0.42455 
 59.04500  0.42400  0.42406 
 59.14500  0.42353  0.42360 
 59.24500  0.42305  0.42311 
 59.34500  0.42259  0.42266 
 59.44500  0.42214  0.42221 
 59.54500  0.42170  0.42177 
 59.64500  0.42126  0.42134 
 59.74500  0.42086  0.42092 
 59.84500  0.42046  0.42052 
 59.94500  0.42005  0.42013 
 60.04500  0.41967  0.41975 
 60.14500  0.41932  0.41937 
 60.24500  0.41894  0.41902 
 60.34500  0.41861  0.41868 
 60.44500  0.41827  0.41835 
 60.54500  0.41794  0.41802 
 60.64500  0.41764  0.41772 
 60.74500  0.41734  0.41742 
 60.84500  0.41707  0.41714 
 60.94500  0.41680  0.41688 
 61.04500  0.41654  0.41662 
 61.14500  0.41630  0.41638 
 61.24500  0.41606  0.41614 
 61.34500  0.41585  0.41593 
 61.44500  0.41565  0.41573 
 61.54500  0.41545  0.41554 
 61.64500  0.41528  0.41536 
 61.74500  0.41512  0.41520 
 61.84500  0.41498  0.41505 
 61.94500  0.41484  0.41492 
 62.04500  0.41471  0.41479 
 62.14500  0.41461  0.41469 
 62.24500  0.41452  0.41460 
 62.34500  0.41444  0.41451 
 62.44500  0.41438  0.41446 
 62.54500  0.41433  0.41440 
 62.64500  0.41430  0.41440 
 62.74500  0.41425  0.41433 
