  0.04500  0.99992  1.00000 
  0.14500  0.99992  0.99991 
  0.24500  0.99989  0.99990 
  0.34500  0.99988  0.99990 
  0.44500  0.99982  0.99987 
  0.54500  0.99977  0.99980 
  0.64500  0.99965  0.99971 
  0.74500  0.99953  0.99957 
  0.84500  0.99935  0.99941 
  0.94500  0.99912  0.99916 
  1.04500  0.99878  0.99882 
  1.14500  0.99833  0.99838 
  1.24500  0.99773  0.99776 
  1.34500  0.99692  0.99695 
  1.44500  0.99589  0.99592 
  1.54500  0.99453  0.99457 
  1.64500  0.99279  0.99280 
  1.74500  0.99056  0.99059 
  1.84500  0.98774  0.98779 
  1.94500  0.98420  0.98428 
  2.04500  0.97985  0.97991 
  2.14500  0.97451  0.97461 
  2.24500  0.96806  0.96817 
  2.34500  0.96028  0.96039 
  2.44500  0.95105  0.95116 
  2.54500  0.94022  0.94032 
  2.64500  0.92756  0.92765 
  2.74500  0.91298  0.91300 
  2.84500  0.89630  0.89629 
  2.94500  0.87736  0.87731 
  3.04500  0.85607  0.85603 
  3.14500  0.83240  0.83240 
  3.24500  0.80630  0.80644 
  3.34500  0.77787  0.77812 
  3.44500  0.74725  0.74758 
  3.54500  0.71464  0.71498 
  3.64500  0.68026  0.68045 
  3.74500  0.64429  0.64430 
  3.84500  0.60694  0.60684 
  3.94500  0.56845  0.56833 
  4.04500  0.52915  0.52916 
  4.14500  0.48974  0.48972 
  4.24500  0.45029  0.45038 
  4.34500  0.41137  0.41153 
  4.44500  0.37345  0.37352 
  4.54500  0.33681  0.33674 
  4.64500  0.30167  0.30141 
  4.74500  0.26823  0.26793 
  4.84500  0.23668  0.23643 
  4.94500  0.20729  0.20711 
  5.04500  0.18018  0.18015 
  5.14500  0.15551  0.15556 
  5.24500  0.13333  0.13341 
  5.34500  0.11359  0.11366 
  5.44500  0.09628  0.09630 
  5.54500  0.08128  0.08127 
  5.64500  0.06851  0.06847 
  5.74500  0.05785  0.05777 
  5.84500  0.04919  0.04912 
  5.94500  0.04246  0.04239 
  6.04500  0.03758  0.03751 
  6.14500  0.03448  0.03442 
  6.24500  0.03312  0.03308 
  6.34500  0.03348  0.03343 
  6.44500  0.03560  0.03553 
  6.54500  0.03945  0.03940 
  6.64500  0.04512  0.04505 
  6.74500  0.05266  0.05259 
  6.84500  0.06217  0.06211 
  6.94500  0.07373  0.07368 
  7.04500  0.08745  0.08745 
  7.14500  0.10342  0.10347 
  7.24500  0.12176  0.12183 
  7.34500  0.14254  0.14262 
  7.44500  0.16579  0.16582 
  7.54500  0.19151  0.19145 
  7.64500  0.21963  0.21944 
  7.74500  0.24997  0.24968 
  7.84500  0.28237  0.28207 
  7.94500  0.31654  0.31640 
  8.04500  0.35236  0.35235 
  8.14500  0.38957  0.38973 
  8.24500  0.42798  0.42812 
  8.34500  0.46720  0.46725 
  8.44500  0.50662  0.50666 
  8.54500  0.54608  0.54604 
  8.64500  0.58507  0.58495 
  8.74500  0.62310  0.62307 
  8.84500  0.65988  0.65999 
  8.94500  0.69517  0.69544 
  9.04500  0.72880  0.72915 
  9.14500  0.76053  0.76084 
  9.24500  0.79020  0.79039 
  9.34500  0.81757  0.81764 
  9.44500  0.84254  0.84253 
  9.54500  0.86504  0.86500 
  9.64500  0.88512  0.88508 
  9.74500  0.90282  0.90282 
  9.84500  0.91824  0.91829 
  9.94500  0.93148  0.93159 
 10.04500  0.94270  0.94282 
 10.14500  0.95198  0.95210 
 10.24500  0.95945  0.95955 
 10.34500  0.96520  0.96531 
 10.44500  0.96932  0.96941 
 10.54500  0.97189  0.97195 
 10.64500  0.97290  0.97299 
 10.74500  0.97242  0.97250 
 10.84500  0.97043  0.97050 
 10.94500  0.96688  0.96698 
 11.04500  0.96173  0.96184 
 11.14500  0.95488  0.95502 
 11.24500  0.94627  0.94639 
 11.34500  0.93576  0.93588 
 11.44500  0.92326  0.92334 
 11.54500  0.90865  0.90867 
 11.64500  0.89178  0.89177 
 11.74500  0.87258  0.87256 
 11.84500  0.85097  0.85095 
 11.94500  0.82688  0.82693 
 12.04500  0.80038  0.80052 
 12.14500  0.77154  0.77180 
 12.24500  0.74051  0.74084 
 12.34500  0.70755  0.70785 
 12.44500  0.67283  0.67302 
 12.54500  0.63656  0.63658 
 12.64500  0.59897  0.59885 
 12.74500  0.56028  0.56020 
 12.84500  0.52088  0.52095 
 12.94500  0.48153  0.48151 
 13.04500  0.44213  0.44225 
 13.14500  0.40339  0.40356 
 13.24500  0.36575  0.36579 
 13.34500  0.32944  0.32931 
 13.44500  0.29466  0.29441 
 13.54500  0.26168  0.26137 
 13.64500  0.23063  0.23040 
 13.74500  0.20180  0.20168 
 13.84500  0.17535  0.17534 
 13.94500  0.15137  0.15146 
 14.04500  0.12997  0.13003 
 14.14500  0.11107  0.11113 
 14.24500  0.09466  0.09470 
 14.34500  0.08067  0.08065 
 14.44500  0.06901  0.06897 
 14.54500  0.05964  0.05956 
 14.64500  0.05244  0.05235 
 14.74500  0.04737  0.04728 
 14.84500  0.04438  0.04431 
 14.94500  0.04347  0.04340 
 15.04500  0.04463  0.04454 
 15.14500  0.04784  0.04775 
 15.24500  0.05313  0.05303 
 15.34500  0.06059  0.06050 
 15.44500  0.07023  0.07017 
 15.54500  0.08214  0.08214 
 15.64500  0.09639  0.09641 
 15.74500  0.11307  0.11314 
 15.84500  0.13222  0.13232 
 15.94500  0.15393  0.15402 
 16.04500  0.17821  0.17818 
 16.14500  0.20495  0.20480 
 16.24500  0.23401  0.23379 
 16.34500  0.26529  0.26498 
 16.44500  0.29849  0.29827 
 16.54500  0.33346  0.33336 
 16.64500  0.36993  0.37001 
 16.74500  0.40771  0.40787 
 16.84500  0.44652  0.44666 
 16.94500  0.48597  0.48595 
 17.04500  0.52534  0.52539 
 17.14500  0.56468  0.56460 
 17.24500  0.60327  0.60316 
 17.34500  0.64073  0.64074 
 17.44500  0.67683  0.67702 
 17.54500  0.71136  0.71166 
 17.64500  0.74413  0.74443 
 17.74500  0.77489  0.77516 
 17.84500  0.80347  0.80362 
 17.94500  0.82972  0.82975 
 18.04500  0.85351  0.85350 
 18.14500  0.87487  0.87481 
 18.24500  0.89381  0.89380 
 18.34500  0.91041  0.91044 
 18.44500  0.92479  0.92484 
 18.54500  0.93705  0.93717 
 18.64500  0.94735  0.94745 
 18.74500  0.95575  0.95587 
 18.84500  0.96239  0.96251 
 18.94500  0.96737  0.96745 
 19.04500  0.97073  0.97082 
 19.14500  0.97255  0.97262 
 19.24500  0.97287  0.97294 
 19.34500  0.97168  0.97174 
 19.44500  0.96895  0.96904 
 19.54500  0.96465  0.96475 
 19.64500  0.95870  0.95882 
 19.74500  0.95103  0.95115 
 19.84500  0.94154  0.94166 
 19.94500  0.93010  0.93019 
 20.04500  0.91660  0.91665 
 20.14500  0.90095  0.90095 
 20.24500  0.88299  0.88295 
 20.34500  0.86264  0.86259 
 20.44500  0.83984  0.83984 
 20.54500  0.81462  0.81469 
 20.64500  0.78697  0.78719 
 20.74500  0.75708  0.75739 
 20.84500  0.72510  0.72545 
 20.94500  0.69128  0.69154 
 21.04500  0.65580  0.65589 
 21.14500  0.61889  0.61883 
 21.24500  0.58074  0.58062 
 21.34500  0.54167  0.54163 
 21.44500  0.50221  0.50225 
 21.54500  0.46279  0.46284 
 21.64500  0.42364  0.42381 
 21.74500  0.38539  0.38550 
 21.84500  0.34833  0.34830 
 21.94500  0.31275  0.31253 
 22.04500  0.27878  0.27850 
 22.14500  0.24671  0.24641 
 22.24500  0.21668  0.21650 
 22.34500  0.18895  0.18889 
 22.44500  0.16366  0.16370 
 22.54500  0.14089  0.14098 
 22.64500  0.12069  0.12076 
 22.74500  0.10298  0.10303 
 22.84500  0.08774  0.08773 
 22.94500  0.07487  0.07482 
 23.04500  0.06432  0.06423 
 23.14500  0.05595  0.05587 
 23.24500  0.04976  0.04967 
 23.34500  0.04571  0.04561 
 23.44500  0.04371  0.04362 
 23.54500  0.04375  0.04368 
 23.64500  0.04589  0.04580 
 23.74500  0.05008  0.05001 
 23.84500  0.05642  0.05631 
 23.94500  0.06488  0.06481 
 24.04500  0.07561  0.07556 
 24.14500  0.08860  0.08860 
 24.24500  0.10400  0.10406 
 24.34500  0.12185  0.12194 
 24.44500  0.14224  0.14231 
 24.54500  0.16514  0.16519 
 24.64500  0.19058  0.19050 
 24.74500  0.21846  0.21826 
 24.84500  0.24859  0.24833 
 24.94500  0.28083  0.28053 
 25.04500  0.31489  0.31470 
 25.14500  0.35060  0.35056 
 25.24500  0.38771  0.38782 
 25.34500  0.42603  0.42619 
 25.44500  0.46522  0.46525 
 25.54500  0.50465  0.50466 
 25.64500  0.54410  0.54405 
 25.74500  0.58313  0.58301 
 25.84500  0.62122  0.62115 
 25.94500  0.65808  0.65817 
 26.04500  0.69346  0.69370 
 26.14500  0.72720  0.72753 
 26.24500  0.75908  0.75937 
 26.34500  0.78889  0.78907 
 26.44500  0.81644  0.81652 
 26.54500  0.84161  0.84161 
 26.64500  0.86437  0.86432 
 26.74500  0.88476  0.88470 
 26.84500  0.90279  0.90279 
 26.94500  0.91865  0.91868 
 27.04500  0.93243  0.93252 
 27.14500  0.94430  0.94441 
 27.24500  0.95442  0.95455 
 27.34500  0.96294  0.96305 
 27.44500  0.97002  0.97012 
 27.54500  0.97579  0.97588 
 27.64500  0.98039  0.98047 
 27.74500  0.98396  0.98402 
 27.84500  0.98658  0.98663 
 27.94500  0.98835  0.98837 
 28.04500  0.98930  0.98934 
 28.14500  0.98951  0.98955 
 28.24500  0.98894  0.98900 
 28.34500  0.98763  0.98764 
 28.44500  0.98545  0.98551 
 28.54500  0.98240  0.98247 
 28.64500  0.97835  0.97844 
 28.74500  0.97322  0.97333 
 28.84500  0.96686  0.96697 
 28.94500  0.95911  0.95925 
 29.04500  0.94988  0.94999 
 29.14500  0.93893  0.93905 
 29.24500  0.92619  0.92624 
 29.34500  0.91146  0.91147 
 29.44500  0.89458  0.89454 
 29.54500  0.87545  0.87539 
 29.64500  0.85396  0.85393 
 29.74500  0.83005  0.83009 
 29.84500  0.80376  0.80388 
 29.94500  0.77511  0.77537 
 30.04500  0.74430  0.74463 
 30.14500  0.71153  0.71183 
 30.24500  0.67698  0.67718 
 30.34500  0.64088  0.64091 
 30.44500  0.60341  0.60329 
 30.54500  0.56484  0.56472 
 30.64500  0.52547  0.52552 
 30.74500  0.48608  0.48605 
 30.84500  0.44664  0.44675 
 30.94500  0.40778  0.40793 
 31.04500  0.36994  0.37002 
 31.14500  0.33343  0.33333 
 31.24500  0.29841  0.29817 
 31.34500  0.26510  0.26480 
 31.44500  0.23370  0.23343 
 31.54500  0.20439  0.20426 
 31.64500  0.17741  0.17737 
 31.74500  0.15280  0.15286 
 31.84500  0.13062  0.13071 
 31.94500  0.11083  0.11088 
 32.04500  0.09333  0.09333 
 32.14500  0.07802  0.07798 
 32.24500  0.06475  0.06467 
 32.34500  0.05336  0.05326 
 32.44500  0.04371  0.04361 
 32.54500  0.03567  0.03558 
 32.64500  0.02906  0.02900 
 32.74500  0.02380  0.02374 
 32.84500  0.01972  0.01968 
 32.94500  0.01672  0.01671 
 33.04500  0.01476  0.01474 
 33.14500  0.01375  0.01373 
 33.24500  0.01366  0.01364 
 33.34500  0.01451  0.01451 
 33.44500  0.01629  0.01627 
 33.54500  0.01909  0.01904 
 33.64500  0.02296  0.02291 
 33.74500  0.02802  0.02796 
 33.84500  0.03435  0.03429 
 33.94500  0.04213  0.04206 
 34.04500  0.05147  0.05139 
 34.14500  0.06253  0.06246 
 34.24500  0.07546  0.07541 
 34.34500  0.09038  0.09038 
 34.44500  0.10747  0.10752 
 34.54500  0.12684  0.12692 
 34.64500  0.14858  0.14864 
 34.74500  0.17273  0.17274 
 34.84500  0.19932  0.19921 
 34.94500  0.22819  0.22796 
 35.04500  0.25923  0.25893 
 35.14500  0.29221  0.29195 
 35.24500  0.32694  0.32679 
 35.34500  0.36320  0.36323 
 35.44500  0.40082  0.40096 
 35.54500  0.43951  0.43962 
 35.64500  0.47891  0.47887 
 35.74500  0.51827  0.51834 
 35.84500  0.55771  0.55762 
 35.94500  0.59646  0.59633 
 36.04500  0.63413  0.63412 
 36.14500  0.67052  0.67066 
 36.24500  0.70533  0.70564 
 36.34500  0.73846  0.73879 
 36.44500  0.76962  0.76990 
 36.54500  0.79865  0.79881 
 36.64500  0.82536  0.82542 
 36.74500  0.84966  0.84964 
 36.84500  0.87154  0.87148 
 36.94500  0.89100  0.89098 
 37.04500  0.90818  0.90819 
 37.14500  0.92314  0.92321 
 37.24500  0.93604  0.93613 
 37.34500  0.94702  0.94714 
 37.44500  0.95621  0.95633 
 37.54500  0.96373  0.96383 
 37.64500  0.96970  0.96978 
 37.74500  0.97424  0.97432 
 37.84500  0.97743  0.97751 
 37.94500  0.97937  0.97939 
 38.04500  0.98004  0.98008 
 38.14500  0.97951  0.97957 
 38.24500  0.97775  0.97780 
 38.34500  0.97470  0.97479 
 38.44500  0.97035  0.97042 
 38.54500  0.96455  0.96464 
 38.64500  0.95725  0.95735 
 38.74500  0.94826  0.94838 
 38.84500  0.93752  0.93762 
 38.94500  0.92487  0.92492 
 39.04500  0.91016  0.91019 
 39.14500  0.89328  0.89324 
 39.24500  0.87410  0.87406 
 39.34500  0.85254  0.85250 
 39.44500  0.82854  0.82856 
 39.54500  0.80212  0.80227 
 39.64500  0.77339  0.77363 
 39.74500  0.74248  0.74279 
 39.84500  0.70961  0.70989 
 39.94500  0.67497  0.67513 
 40.04500  0.63879  0.63879 
 40.14500  0.60124  0.60114 
 40.24500  0.56260  0.56251 
 40.34500  0.52323  0.52328 
 40.44500  0.48386  0.48381 
 40.54500  0.44442  0.44451 
 40.64500  0.40561  0.40575 
 40.74500  0.36787  0.36792 
 40.84500  0.33143  0.33129 
 40.94500  0.29649  0.29625 
 41.04500  0.26332  0.26298 
 41.14500  0.23205  0.23179 
 41.24500  0.20292  0.20279 
 41.34500  0.17610  0.17608 
 41.44500  0.15171  0.15174 
 41.54500  0.12975  0.12982 
 41.64500  0.11024  0.11029 
 41.74500  0.09303  0.09305 
 41.84500  0.07807  0.07805 
 41.94500  0.06525  0.06518 
 42.04500  0.05439  0.05430 
 42.14500  0.04540  0.04531 
 42.24500  0.03816  0.03809 
 42.34500  0.03259  0.03252 
 42.44500  0.02855  0.02850 
 42.54500  0.02601  0.02597 
 42.64500  0.02493  0.02488 
 42.74500  0.02524  0.02520 
 42.84500  0.02701  0.02695 
 42.94500  0.03023  0.03016 
 43.04500  0.03497  0.03488 
 43.14500  0.04131  0.04121 
 43.24500  0.04936  0.04925 
 43.34500  0.05918  0.05908 
 43.44500  0.07094  0.07087 
 43.54500  0.08475  0.08472 
 43.64500  0.10071  0.10074 
 43.74500  0.11898  0.11903 
 43.84500  0.13962  0.13968 
 43.94500  0.16271  0.16271 
 44.04500  0.18823  0.18816 
 44.14500  0.21612  0.21592 
 44.24500  0.24629  0.24596 
 44.34500  0.27845  0.27814 
 44.44500  0.31247  0.31226 
 44.54500  0.34812  0.34806 
 44.64500  0.38520  0.38529 
 44.74500  0.42347  0.42361 
 44.84500  0.46265  0.46267 
 44.94500  0.50207  0.50210 
 45.04500  0.54154  0.54148 
 45.14500  0.58062  0.58047 
 45.24500  0.61879  0.61871 
 45.34500  0.65574  0.65579 
 45.44500  0.69122  0.69146 
 45.54500  0.72508  0.72539 
 45.64500  0.75706  0.75738 
 45.74500  0.78703  0.78722 
 45.84500  0.81473  0.81480 
 45.94500  0.84008  0.84004 
 46.04500  0.86300  0.86292 
 46.14500  0.88351  0.88344 
 46.24500  0.90171  0.90169 
 46.34500  0.91769  0.91772 
 46.44500  0.93160  0.93168 
 46.54500  0.94361  0.94370 
 46.64500  0.95382  0.95394 
 46.74500  0.96246  0.96255 
 46.84500  0.96961  0.96969 
 46.94500  0.97546  0.97553 
 47.04500  0.98014  0.98018 
 47.14500  0.98377  0.98381 
 47.24500  0.98644  0.98646 
 47.34500  0.98827  0.98831 
 47.44500  0.98927  0.98931 
 47.54500  0.98953  0.98957 
 47.64500  0.98903  0.98903 
 47.74500  0.98774  0.98777 
 47.84500  0.98563  0.98567 
 47.94500  0.98263  0.98270 
 48.04500  0.97866  0.97873 
 48.14500  0.97361  0.97369 
 48.24500  0.96732  0.96742 
 48.34500  0.95969  0.95979 
 48.44500  0.95053  0.95064 
 48.54500  0.93972  0.93982 
 48.64500  0.92709  0.92715 
 48.74500  0.91248  0.91249 
 48.84500  0.89576  0.89571 
 48.94500  0.87677  0.87671 
 49.04500  0.85544  0.85539 
 49.14500  0.83171  0.83171 
 49.24500  0.80554  0.80566 
 49.34500  0.77706  0.77728 
 49.44500  0.74638  0.74669 
 49.54500  0.71372  0.71402 
 49.64500  0.67928  0.67945 
 49.74500  0.64328  0.64329 
 49.84500  0.60589  0.60577 
 49.94500  0.56738  0.56724 
 50.04500  0.52806  0.52806 
 50.14500  0.48866  0.48862 
 50.24500  0.44921  0.44928 
 50.34500  0.41029  0.41043 
 50.44500  0.37239  0.37246 
 50.54500  0.33579  0.33566 
 50.64500  0.30067  0.30041 
 50.74500  0.26725  0.26695 
 50.84500  0.23575  0.23548 
 50.94500  0.20634  0.20619 
 51.04500  0.17925  0.17920 
 51.14500  0.15455  0.15458 
 51.24500  0.13230  0.13237 
 51.34500  0.11248  0.11254 
 51.44500  0.09502  0.09502 
 51.54500  0.07980  0.07977 
 51.64500  0.06670  0.06662 
 51.74500  0.05561  0.05551 
 51.84500  0.04640  0.04629 
 51.94500  0.03897  0.03886 
 52.04500  0.03319  0.03310 
 52.14500  0.02898  0.02888 
 52.24500  0.02626  0.02619 
 52.34500  0.02499  0.02495 
 52.44500  0.02515  0.02510 
 52.54500  0.02673  0.02667 
 52.64500  0.02976  0.02968 
 52.74500  0.03432  0.03422 
 52.84500  0.04046  0.04035 
 52.94500  0.04827  0.04817 
 53.04500  0.05789  0.05778 
 53.14500  0.06940  0.06933 
 53.24500  0.08296  0.08293 
 53.34500  0.09866  0.09866 
 53.44500  0.11664  0.11668 
 53.54500  0.13699  0.13703 
 53.64500  0.15976  0.15978 
 53.74500  0.18500  0.18492 
 53.84500  0.21261  0.21243 
 53.94500  0.24251  0.24221 
 54.04500  0.27443  0.27412 
 54.14500  0.30826  0.30802 
 54.24500  0.34370  0.34362 
 54.34500  0.38061  0.38069 
 54.44500  0.41877  0.41889 
 54.54500  0.45783  0.45788 
 54.64500  0.49727  0.49726 
 54.74500  0.53671  0.53668 
 54.84500  0.57587  0.57574 
 54.94500  0.61416  0.61406 
 55.04500  0.65123  0.65129 
 55.14500  0.68688  0.68709 
 55.24500  0.72091  0.72120 
 55.34500  0.75306  0.75336 
 55.44500  0.78317  0.78336 
 55.54500  0.81101  0.81112 
 55.64500  0.83645  0.83644 
 55.74500  0.85941  0.85937 
 55.84500  0.87987  0.87980 
 55.94500  0.89788  0.89785 
 56.04500  0.91350  0.91351 
 56.14500  0.92683  0.92689 
 56.24500  0.93797  0.93805 
 56.34500  0.94700  0.94712 
 56.44500  0.95403  0.95414 
 56.54500  0.95913  0.95923 
 56.64500  0.96234  0.96242 
 56.74500  0.96369  0.96379 
 56.84500  0.96324  0.96332 
 56.94500  0.96091  0.96098 
 57.04500  0.95673  0.95684 
 57.14500  0.95064  0.95076 
 57.24500  0.94258  0.94268 
 57.34500  0.93246  0.93256 
 57.44500  0.92019  0.92024 
 57.54500  0.90569  0.90569 
 57.64500  0.88885  0.88881 
 57.74500  0.86958  0.86954 
 57.84500  0.84782  0.84781 
 57.94500  0.82360  0.82364 
 58.04500  0.79688  0.79705 
 58.14500  0.76786  0.76813 
 58.24500  0.73666  0.73697 
 58.34500  0.70350  0.70378 
 58.44500  0.66862  0.66875 
 58.54500  0.63220  0.63218 
 58.64500  0.59447  0.59433 
 58.74500  0.55569  0.55560 
 58.84500  0.51625  0.51629 
 58.94500  0.47687  0.47685 
 59.04500  0.43749  0.43763 
 59.14500  0.39884  0.39898 
 59.24500  0.36131  0.36133 
 59.34500  0.32513  0.32497 
 59.44500  0.29047  0.29021 
 59.54500  0.25759  0.25727 
 59.64500  0.22665  0.22640 
 59.74500  0.19786  0.19776 
 59.84500  0.17143  0.17142 
 59.94500  0.14736  0.14743 
 60.04500  0.12571  0.12580 
 60.14500  0.10642  0.10648 
 60.24500  0.08939  0.08939 
 60.34500  0.07449  0.07446 
 60.44500  0.06159  0.06148 
 60.54500  0.05047  0.05038 
 60.64500  0.04100  0.04092 
 60.74500  0.03303  0.03294 
 60.84500  0.02637  0.02632 
 60.94500  0.02089  0.02081 
 61.04500  0.01639  0.01633 
 61.14500  0.01273  0.01271 
 61.24500  0.00982  0.00979 
 61.34500  0.00751  0.00750 
 61.44500  0.00570  0.00567 
 61.54500  0.00429  0.00425 
 61.64500  0.00318  0.00316 
 61.74500  0.00235  0.00234 
 61.84500  0.00173  0.00171 
 61.94500  0.00127  0.00124 
 62.04500  0.00091  0.00089 
 62.14500  0.00066  0.00063 
 62.24500  0.00047  0.00045 
 62.34500  0.00034  0.00032 
 62.44500  0.00022  0.00021 
 62.54500  0.00018  0.00017 
 62.64500  0.00013  0.00010 
 62.74500  0.00009  0.00010 
