  0.04500  0.63721  0.63740 
  0.14500  0.63715  0.63738 
  0.24500  0.63708  0.63729 
  0.34500  0.63698  0.63717 
  0.44500  0.63684  0.63704 
  0.54500  0.63665  0.63684 
  0.64500  0.63640  0.63662 
  0.74500  0.63616  0.63636 
  0.84500  0.63587  0.63605 
  0.94500  0.63552  0.63572 
  1.04500  0.63517  0.63534 
  1.14500  0.63474  0.63493 
  1.24500  0.63430  0.63450 
  1.34500  0.63385  0.63400 
  1.44500  0.63333  0.63350 
  1.54500  0.63279  0.63295 
  1.64500  0.63221  0.63237 
  1.74500  0.63162  0.63175 
  1.84500  0.63096  0.63110 
  1.94500  0.63029  0.63042 
  2.04500  0.62958  0.62971 
  2.14500  0.62886  0.62897 
  2.24500  0.62807  0.62819 
  2.34500  0.62728  0.62740 
  2.44500  0.62647  0.62657 
  2.54500  0.62563  0.62570 
  2.64500  0.62475  0.62482 
  2.74500  0.62385  0.62391 
  2.84500  0.62293  0.62295 
  2.94500  0.62196  0.62204 
  3.04500  0.62098  0.62105 
  3.14500  0.61997  0.62005 
  3.24500  0.61896  0.61898 
  3.34500  0.61791  0.61795 
  3.44500  0.61685  0.61686 
  3.54500  0.61579  0.61578 
  3.64500  0.61469  0.61468 
  3.74500  0.61357  0.61355 
  3.84500  0.61244  0.61241 
  3.94500  0.61129  0.61125 
  4.04500  0.61009  0.61009 
  4.14500  0.60894  0.60890 
  4.24500  0.60774  0.60770 
  4.34500  0.60652  0.60649 
  4.44500  0.60529  0.60527 
  4.54500  0.60408  0.60405 
  4.64500  0.60286  0.60281 
  4.74500  0.60162  0.60157 
  4.84500  0.60039  0.60032 
  4.94500  0.59913  0.59905 
  5.04500  0.59786  0.59780 
  5.14500  0.59659  0.59653 
  5.24500  0.59533  0.59526 
  5.34500  0.59406  0.59399 
  5.44500  0.59276  0.59272 
  5.54500  0.59151  0.59144 
  5.64500  0.59022  0.59016 
  5.74500  0.58896  0.58890 
  5.84500  0.58767  0.58763 
  5.94500  0.58641  0.58635 
  6.04500  0.58515  0.58510 
  6.14500  0.58389  0.58383 
  6.24500  0.58262  0.58257 
  6.34500  0.58137  0.58133 
  6.44500  0.58013  0.58008 
  6.54500  0.57886  0.57885 
  6.64500  0.57766  0.57763 
  6.74500  0.57643  0.57641 
  6.84500  0.57521  0.57520 
  6.94500  0.57400  0.57400 
  7.04500  0.57280  0.57280 
  7.14500  0.57161  0.57161 
  7.24500  0.57045  0.57045 
  7.34500  0.56929  0.56930 
  7.44500  0.56814  0.56815 
  7.54500  0.56701  0.56701 
  7.64500  0.56587  0.56590 
  7.74500  0.56476  0.56479 
  7.84500  0.56366  0.56370 
  7.94500  0.56257  0.56263 
  8.04500  0.56150  0.56155 
  8.14500  0.56045  0.56053 
  8.24500  0.55941  0.55945 
  8.34500  0.55841  0.55845 
  8.44500  0.55737  0.55745 
  8.54500  0.55639  0.55645 
  8.64500  0.55544  0.55552 
  8.74500  0.55447  0.55455 
  8.84500  0.55355  0.55363 
  8.94500  0.55262  0.55270 
  9.04500  0.55170  0.55180 
  9.14500  0.55081  0.55091 
  9.24500  0.54993  0.55004 
  9.34500  0.54908  0.54920 
  9.44500  0.54825  0.54837 
  9.54500  0.54744  0.54754 
  9.64500  0.54664  0.54674 
  9.74500  0.54585  0.54596 
  9.84500  0.54509  0.54520 
  9.94500  0.54434  0.54445 
 10.04500  0.54361  0.54373 
 10.14500  0.54289  0.54301 
 10.24500  0.54220  0.54232 
 10.34500  0.54154  0.54163 
 10.44500  0.54087  0.54098 
 10.54500  0.54023  0.54034 
 10.64500  0.53960  0.53971 
 10.74500  0.53899  0.53909 
 10.84500  0.53841  0.53851 
 10.94500  0.53782  0.53793 
 11.04500  0.53728  0.53736 
 11.14500  0.53674  0.53682 
 11.24500  0.53620  0.53630 
 11.34500  0.53570  0.53580 
 11.44500  0.53520  0.53530 
 11.54500  0.53473  0.53480 
 11.64500  0.53426  0.53433 
 11.74500  0.53382  0.53388 
 11.84500  0.53338  0.53345 
 11.94500  0.53296  0.53302 
 12.04500  0.53257  0.53262 
 12.14500  0.53216  0.53223 
 12.24500  0.53180  0.53185 
 12.34500  0.53145  0.53148 
 12.44500  0.53110  0.53112 
 12.54500  0.53078  0.53078 
 12.64500  0.53046  0.53046 
 12.74500  0.53014  0.53015 
 12.84500  0.52982  0.52986 
 12.94500  0.52959  0.52957 
 13.04500  0.52929  0.52930 
 13.14500  0.52903  0.52902 
 13.24500  0.52878  0.52878 
 13.34500  0.52855  0.52854 
 13.44500  0.52833  0.52831 
 13.54500  0.52812  0.52810 
 13.64500  0.52794  0.52789 
 13.74500  0.52774  0.52770 
 13.84500  0.52755  0.52752 
 13.94500  0.52739  0.52735 
 14.04500  0.52723  0.52718 
 14.14500  0.52705  0.52703 
 14.24500  0.52692  0.52687 
 14.34500  0.52679  0.52675 
 14.44500  0.52668  0.52663 
 14.54500  0.52656  0.52651 
 14.64500  0.52646  0.52640 
 14.74500  0.52635  0.52630 
 14.84500  0.52627  0.52621 
 14.94500  0.52616  0.52612 
 15.04500  0.52613  0.52606 
 15.14500  0.52605  0.52600 
 15.24500  0.52599  0.52591 
 15.34500  0.52591  0.52590 
 15.44500  0.52587  0.52581 
 15.54500  0.52583  0.52580 
 15.64500  0.52581  0.52580 
 15.74500  0.52579  0.52572 
 15.84500  0.52578  0.52570 
 15.94500  0.52575  0.52570 
 16.04500  0.52573  0.52570 
 16.14500  0.52575  0.52570 
 16.24500  0.52575  0.52570 
 16.34500  0.52577  0.52570 
 16.44500  0.52576  0.52575 
 16.54500  0.52579  0.52580 
 16.64500  0.52578  0.52580 
 16.74500  0.52585  0.52581 
 16.84500  0.52587  0.52590 
 16.94500  0.52593  0.52590 
 17.04500  0.52596  0.52598 
 17.14500  0.52601  0.52600 
 17.24500  0.52607  0.52610 
 17.34500  0.52615  0.52613 
 17.44500  0.52620  0.52620 
 17.54500  0.52625  0.52628 
 17.64500  0.52633  0.52634 
 17.74500  0.52639  0.52641 
 17.84500  0.52647  0.52650 
 17.94500  0.52655  0.52659 
 18.04500  0.52662  0.52667 
 18.14500  0.52671  0.52675 
 18.24500  0.52680  0.52684 
 18.34500  0.52688  0.52694 
 18.44500  0.52698  0.52703 
 18.54500  0.52709  0.52713 
 18.64500  0.52718  0.52723 
 18.74500  0.52728  0.52734 
 18.84500  0.52739  0.52744 
 18.94500  0.52750  0.52755 
 19.04500  0.52760  0.52766 
 19.14500  0.52771  0.52777 
 19.24500  0.52783  0.52788 
 19.34500  0.52793  0.52799 
 19.44500  0.52807  0.52811 
 19.54500  0.52816  0.52823 
 19.64500  0.52829  0.52834 
 19.74500  0.52841  0.52846 
 19.84500  0.52851  0.52857 
 19.94500  0.52865  0.52869 
 20.04500  0.52875  0.52882 
 20.14500  0.52889  0.52893 
 20.24500  0.52899  0.52905 
 20.34500  0.52913  0.52916 
 20.44500  0.52924  0.52928 
 20.54500  0.52935  0.52940 
 20.64500  0.52948  0.52952 
 20.74500  0.52958  0.52963 
 20.84500  0.52972  0.52975 
 20.94500  0.52984  0.52986 
 21.04500  0.52997  0.52997 
 21.14500  0.53009  0.53008 
 21.24500  0.53019  0.53019 
 21.34500  0.53028  0.53031 
 21.44500  0.53041  0.53041 
 21.54500  0.53051  0.53051 
 21.64500  0.53060  0.53062 
 21.74500  0.53072  0.53071 
 21.84500  0.53081  0.53081 
 21.94500  0.53091  0.53090 
 22.04500  0.53101  0.53100 
 22.14500  0.53113  0.53109 
 22.24500  0.53121  0.53117 
 22.34500  0.53129  0.53125 
 22.44500  0.53138  0.53132 
 22.54500  0.53145  0.53140 
 22.64500  0.53151  0.53148 
 22.74500  0.53158  0.53153 
 22.84500  0.53165  0.53160 
 22.94500  0.53170  0.53166 
 23.04500  0.53176  0.53170 
 23.14500  0.53180  0.53176 
 23.24500  0.53184  0.53180 
 23.34500  0.53189  0.53180 
 23.44500  0.53192  0.53189 
 23.54500  0.53194  0.53190 
 23.64500  0.53196  0.53190 
 23.74500  0.53198  0.53190 
 23.84500  0.53198  0.53190 
 23.94500  0.53199  0.53190 
 24.04500  0.53197  0.53190 
 24.14500  0.53197  0.53190 
 24.24500  0.53194  0.53190 
 24.34500  0.53191  0.53190 
 24.44500  0.53189  0.53183 
 24.54500  0.53184  0.53180 
 24.64500  0.53180  0.53177 
 24.74500  0.53175  0.53170 
 24.84500  0.53168  0.53164 
 24.94500  0.53159  0.53159 
 25.04500  0.53151  0.53150 
 25.14500  0.53141  0.53141 
 25.24500  0.53131  0.53132 
 25.34500  0.53122  0.53123 
 25.44500  0.53114  0.53112 
 25.54500  0.53099  0.53100 
 25.64500  0.53087  0.53087 
 25.74500  0.53075  0.53075 
 25.84500  0.53060  0.53061 
 25.94500  0.53045  0.53046 
 26.04500  0.53027  0.53030 
 26.14500  0.53010  0.53014 
 26.24500  0.52992  0.52996 
 26.34500  0.52973  0.52978 
 26.44500  0.52954  0.52959 
 26.54500  0.52934  0.52939 
 26.64500  0.52913  0.52919 
 26.74500  0.52891  0.52898 
 26.84500  0.52869  0.52876 
 26.94500  0.52845  0.52852 
 27.04500  0.52822  0.52828 
 27.14500  0.52797  0.52805 
 27.24500  0.52771  0.52779 
 27.34500  0.52744  0.52752 
 27.44500  0.52717  0.52726 
 27.54500  0.52690  0.52699 
 27.64500  0.52661  0.52670 
 27.74500  0.52631  0.52641 
 27.84500  0.52602  0.52611 
 27.94500  0.52571  0.52581 
 28.04500  0.52540  0.52550 
 28.14500  0.52508  0.52518 
 28.24500  0.52476  0.52485 
 28.34500  0.52444  0.52452 
 28.44500  0.52411  0.52418 
 28.54500  0.52377  0.52385 
 28.64500  0.52343  0.52352 
 28.74500  0.52308  0.52317 
 28.84500  0.52273  0.52282 
 28.94500  0.52237  0.52245 
 29.04500  0.52201  0.52210 
 29.14500  0.52166  0.52173 
 29.24500  0.52129  0.52136 
 29.34500  0.52092  0.52099 
 29.44500  0.52056  0.52061 
 29.54500  0.52019  0.52024 
 29.64500  0.51982  0.51986 
 29.74500  0.51943  0.51948 
 29.84500  0.51903  0.51910 
 29.94500  0.51867  0.51871 
 30.04500  0.51830  0.51833 
 30.14500  0.51792  0.51794 
 30.24500  0.51756  0.51756 
 30.34500  0.51718  0.51717 
 30.44500  0.51680  0.51679 
 30.54500  0.51641  0.51640 
 30.64500  0.51602  0.51603 
 30.74500  0.51567  0.51564 
 30.84500  0.51530  0.51526 
 30.94500  0.51490  0.51489 
 31.04500  0.51453  0.51451 
 31.14500  0.51418  0.51415 
 31.24500  0.51381  0.51377 
 31.34500  0.51347  0.51341 
 31.44500  0.51312  0.51305 
 31.54500  0.51277  0.51269 
 31.64500  0.51242  0.51235 
 31.74500  0.51207  0.51198 
 31.84500  0.51173  0.51165 
 31.94500  0.51139  0.51132 
 32.04500  0.51107  0.51098 
 32.14500  0.51074  0.51065 
 32.24500  0.51043  0.51034 
 32.34500  0.51012  0.51002 
 32.44500  0.50982  0.50972 
 32.54500  0.50952  0.50941 
 32.64500  0.50923  0.50912 
 32.74500  0.50896  0.50884 
 32.84500  0.50867  0.50856 
 32.94500  0.50840  0.50829 
 33.04500  0.50813  0.50802 
 33.14500  0.50788  0.50778 
 33.24500  0.50763  0.50752 
 33.34500  0.50740  0.50729 
 33.44500  0.50717  0.50706 
 33.54500  0.50694  0.50683 
 33.64500  0.50673  0.50663 
 33.74500  0.50652  0.50643 
 33.84500  0.50632  0.50623 
 33.94500  0.50615  0.50604 
 34.04500  0.50595  0.50586 
 34.14500  0.50579  0.50570 
 34.24500  0.50561  0.50554 
 34.34500  0.50547  0.50539 
 34.44500  0.50532  0.50525 
 34.54500  0.50519  0.50513 
 34.64500  0.50507  0.50501 
 34.74500  0.50496  0.50489 
 34.84500  0.50485  0.50479 
 34.94500  0.50474  0.50470 
 35.04500  0.50466  0.50461 
 35.14500  0.50457  0.50454 
 35.24500  0.50450  0.50449 
 35.34500  0.50444  0.50440 
 35.44500  0.50435  0.50440 
 35.54500  0.50432  0.50431 
 35.64500  0.50431  0.50430 
 35.74500  0.50425  0.50430 
 35.84500  0.50425  0.50430 
 35.94500  0.50427  0.50430 
 36.04500  0.50428  0.50430 
 36.14500  0.50426  0.50430 
 36.24500  0.50426  0.50430 
 36.34500  0.50429  0.50435 
 36.44500  0.50432  0.50440 
 36.54500  0.50436  0.50443 
 36.64500  0.50441  0.50450 
 36.74500  0.50450  0.50456 
 36.84500  0.50455  0.50462 
 36.94500  0.50464  0.50470 
 37.04500  0.50470  0.50480 
 37.14500  0.50482  0.50489 
 37.24500  0.50488  0.50498 
 37.34500  0.50500  0.50509 
 37.44500  0.50510  0.50521 
 37.54500  0.50523  0.50533 
 37.64500  0.50533  0.50545 
 37.74500  0.50548  0.50557 
 37.84500  0.50562  0.50573 
 37.94500  0.50575  0.50586 
 38.04500  0.50592  0.50601 
 38.14500  0.50605  0.50616 
 38.24500  0.50624  0.50632 
 38.34500  0.50638  0.50648 
 38.44500  0.50656  0.50665 
 38.54500  0.50674  0.50684 
 38.64500  0.50691  0.50701 
 38.74500  0.50711  0.50719 
 38.84500  0.50730  0.50738 
 38.94500  0.50749  0.50757 
 39.04500  0.50770  0.50777 
 39.14500  0.50790  0.50797 
 39.24500  0.50811  0.50817 
 39.34500  0.50831  0.50837 
 39.44500  0.50853  0.50859 
 39.54500  0.50875  0.50879 
 39.64500  0.50897  0.50901 
 39.74500  0.50920  0.50923 
 39.84500  0.50943  0.50944 
 39.94500  0.50967  0.50967 
 40.04500  0.50990  0.50990 
 40.14500  0.51013  0.51012 
 40.24500  0.51035  0.51035 
 40.34500  0.51057  0.51058 
 40.44500  0.51085  0.51081 
 40.54500  0.51106  0.51104 
 40.64500  0.51130  0.51128 
 40.74500  0.51153  0.51151 
 40.84500  0.51178  0.51175 
 40.94500  0.51203  0.51198 
 41.04500  0.51227  0.51222 
 41.14500  0.51253  0.51245 
 41.24500  0.51277  0.51270 
 41.34500  0.51301  0.51292 
 41.44500  0.51324  0.51317 
 41.54500  0.51348  0.51340 
 41.64500  0.51373  0.51362 
 41.74500  0.51395  0.51387 
 41.84500  0.51419  0.51410 
 41.94500  0.51442  0.51432 
 42.04500  0.51465  0.51455 
 42.14500  0.51489  0.51478 
 42.24500  0.51511  0.51500 
 42.34500  0.51533  0.51522 
 42.44500  0.51556  0.51544 
 42.54500  0.51577  0.51566 
 42.64500  0.51599  0.51587 
 42.74500  0.51619  0.51609 
 42.84500  0.51640  0.51629 
 42.94500  0.51659  0.51649 
 43.04500  0.51680  0.51669 
 43.14500  0.51699  0.51688 
 43.24500  0.51718  0.51707 
 43.34500  0.51737  0.51725 
 43.44500  0.51753  0.51744 
 43.54500  0.51771  0.51761 
 43.64500  0.51786  0.51778 
 43.74500  0.51804  0.51794 
 43.84500  0.51818  0.51810 
 43.94500  0.51833  0.51825 
 44.04500  0.51848  0.51839 
 44.14500  0.51861  0.51853 
 44.24500  0.51873  0.51866 
 44.34500  0.51883  0.51878 
 44.44500  0.51892  0.51889 
 44.54500  0.51903  0.51900 
 44.64500  0.51912  0.51910 
 44.74500  0.51922  0.51920 
 44.84500  0.51930  0.51928 
 44.94500  0.51934  0.51934 
 45.04500  0.51941  0.51940 
 45.14500  0.51947  0.51947 
 45.24500  0.51951  0.51950 
 45.34500  0.51953  0.51950 
 45.44500  0.51954  0.51959 
 45.54500  0.51955  0.51960 
 45.64500  0.51952  0.51960 
 45.74500  0.51950  0.51960 
 45.84500  0.51946  0.51950 
 45.94500  0.51946  0.51950 
 46.04500  0.51940  0.51946 
 46.14500  0.51934  0.51940 
 46.24500  0.51927  0.51932 
 46.34500  0.51915  0.51925 
 46.44500  0.51907  0.51915 
 46.54500  0.51894  0.51904 
 46.64500  0.51883  0.51893 
 46.74500  0.51868  0.51877 
 46.84500  0.51851  0.51864 
 46.94500  0.51836  0.51846 
 47.04500  0.51817  0.51829 
 47.14500  0.51798  0.51809 
 47.24500  0.51779  0.51789 
 47.34500  0.51755  0.51767 
 47.44500  0.51732  0.51742 
 47.54500  0.51706  0.51718 
 47.64500  0.51679  0.51691 
 47.74500  0.51650  0.51663 
 47.84500  0.51621  0.51633 
 47.94500  0.51589  0.51602 
 48.04500  0.51557  0.51568 
 48.14500  0.51523  0.51535 
 48.24500  0.51487  0.51497 
 48.34500  0.51450  0.51460 
 48.44500  0.51410  0.51420 
 48.54500  0.51371  0.51379 
 48.64500  0.51327  0.51337 
 48.74500  0.51284  0.51292 
 48.84500  0.51238  0.51245 
 48.94500  0.51191  0.51200 
 49.04500  0.51143  0.51150 
 49.14500  0.51091  0.51097 
 49.24500  0.51039  0.51045 
 49.34500  0.50984  0.50989 
 49.44500  0.50928  0.50934 
 49.54500  0.50873  0.50875 
 49.64500  0.50815  0.50816 
 49.74500  0.50754  0.50755 
 49.84500  0.50692  0.50691 
 49.94500  0.50627  0.50627 
 50.04500  0.50558  0.50560 
 50.14500  0.50495  0.50491 
 50.24500  0.50424  0.50421 
 50.34500  0.50351  0.50349 
 50.44500  0.50278  0.50275 
 50.54500  0.50205  0.50200 
 50.64500  0.50128  0.50124 
 50.74500  0.50052  0.50046 
 50.84500  0.49974  0.49965 
 50.94500  0.49891  0.49883 
 51.04500  0.49809  0.49800 
 51.14500  0.49724  0.49714 
 51.24500  0.49637  0.49627 
 51.34500  0.49549  0.49538 
 51.44500  0.49459  0.49447 
 51.54500  0.49369  0.49355 
 51.64500  0.49275  0.49264 
 51.74500  0.49181  0.49165 
 51.84500  0.49084  0.49069 
 51.94500  0.48987  0.48975 
 52.04500  0.48884  0.48875 
 52.14500  0.48785  0.48767 
 52.24500  0.48680  0.48665 
 52.34500  0.48578  0.48562 
 52.44500  0.48471  0.48455 
 52.54500  0.48362  0.48346 
 52.64500  0.48252  0.48237 
 52.74500  0.48143  0.48127 
 52.84500  0.48029  0.48013 
 52.94500  0.47917  0.47900 
 53.04500  0.47799  0.47785 
 53.14500  0.47683  0.47669 
 53.24500  0.47565  0.47550 
 53.34500  0.47445  0.47430 
 53.44500  0.47324  0.47309 
 53.54500  0.47200  0.47187 
 53.64500  0.47077  0.47064 
 53.74500  0.46953  0.46939 
 53.84500  0.46827  0.46813 
 53.94500  0.46700  0.46685 
 54.04500  0.46568  0.46557 
 54.14500  0.46438  0.46427 
 54.24500  0.46307  0.46297 
 54.34500  0.46173  0.46165 
 54.44500  0.46041  0.46033 
 54.54500  0.45908  0.45898 
 54.64500  0.45771  0.45763 
 54.74500  0.45633  0.45627 
 54.84500  0.45498  0.45490 
 54.94500  0.45360  0.45352 
 55.04500  0.45221  0.45215 
 55.14500  0.45079  0.45075 
 55.24500  0.44939  0.44935 
 55.34500  0.44796  0.44794 
 55.44500  0.44653  0.44653 
 55.54500  0.44511  0.44511 
 55.64500  0.44367  0.44368 
 55.74500  0.44225  0.44225 
 55.84500  0.44081  0.44082 
 55.94500  0.43936  0.43937 
 56.04500  0.43792  0.43794 
 56.14500  0.43646  0.43649 
 56.24500  0.43501  0.43504 
 56.34500  0.43355  0.43359 
 56.44500  0.43210  0.43215 
 56.54500  0.43064  0.43069 
 56.64500  0.42920  0.42925 
 56.74500  0.42775  0.42779 
 56.84500  0.42629  0.42635 
 56.94500  0.42483  0.42491 
 57.04500  0.42339  0.42346 
 57.14500  0.42194  0.42203 
 57.24500  0.42052  0.42058 
 57.34500  0.41909  0.41916 
 57.44500  0.41767  0.41774 
 57.54500  0.41624  0.41633 
 57.64500  0.41485  0.41492 
 57.74500  0.41345  0.41351 
 57.84500  0.41206  0.41213 
 57.94500  0.41066  0.41075 
 58.04500  0.40931  0.40938 
 58.14500  0.40794  0.40802 
 58.24500  0.40660  0.40667 
 58.34500  0.40529  0.40533 
 58.44500  0.40397  0.40402 
 58.54500  0.40269  0.40271 
 58.64500  0.40139  0.40143 
 58.74500  0.40013  0.40015 
 58.84500  0.39885  0.39890 
 58.94500  0.39767  0.39766 
 59.04500  0.39644  0.39644 
 59.14500  0.39522  0.39524 
 59.24500  0.39405  0.39407 
 59.34500  0.39290  0.39290 
 59.44500  0.39177  0.39177 
 59.54500  0.39069  0.39066 
 59.64500  0.38961  0.38956 
 59.74500  0.38855  0.38850 
 59.84500  0.38751  0.38745 
 59.94500  0.38651  0.38645 
 60.04500  0.38552  0.38545 
 60.14500  0.38457  0.38449 
 60.24500  0.38366  0.38356 
 60.34500  0.38276  0.38267 
 60.44500  0.38189  0.38179 
 60.54500  0.38105  0.38095 
 60.64500  0.38025  0.38013 
 60.74500  0.37949  0.37935 
 60.84500  0.37874  0.37860 
 60.94500  0.37802  0.37788 
 61.04500  0.37735  0.37720 
 61.14500  0.37670  0.37654 
 61.24500  0.37610  0.37593 
 61.34500  0.37553  0.37535 
 61.44500  0.37498  0.37480 
 61.54500  0.37450  0.37430 
 61.64500  0.37402  0.37381 
 61.74500  0.37359  0.37338 
 61.84500  0.37319  0.37297 
 61.94500  0.37284  0.37262 
 62.04500  0.37250  0.37228 
 62.14500  0.37222  0.37199 
 62.24500  0.37198  0.37173 
 62.34500  0.37176  0.37152 
 62.44500  0.37158  0.37135 
 62.54500  0.37146  0.37121 
 62.64500  0.37136  0.37110 
 62.74500  0.37129  0.37104 
