  0.04500  0.87242  0.87265 
  0.14500  0.87196  0.87218 
  0.24500  0.87100  0.87122 
  0.34500  0.86956  0.86979 
  0.44500  0.86761  0.86785 
  0.54500  0.86519  0.86542 
  0.64500  0.86229  0.86252 
  0.74500  0.85891  0.85913 
  0.84500  0.85506  0.85528 
  0.94500  0.85074  0.85097 
  1.04500  0.84597  0.84618 
  1.14500  0.84072  0.84096 
  1.24500  0.83505  0.83528 
  1.34500  0.82897  0.82919 
  1.44500  0.82245  0.82266 
  1.54500  0.81551  0.81572 
  1.64500  0.80817  0.80839 
  1.74500  0.80045  0.80068 
  1.84500  0.79236  0.79259 
  1.94500  0.78392  0.78413 
  2.04500  0.77515  0.77535 
  2.14500  0.76602  0.76625 
  2.24500  0.75664  0.75684 
  2.34500  0.74696  0.74715 
  2.44500  0.73701  0.73719 
  2.54500  0.72682  0.72699 
  2.64500  0.71641  0.71658 
  2.74500  0.70581  0.70596 
  2.84500  0.69503  0.69519 
  2.94500  0.68409  0.68425 
  3.04500  0.67302  0.67320 
  3.14500  0.66189  0.66206 
  3.24500  0.65065  0.65085 
  3.34500  0.63940  0.63960 
  3.44500  0.62818  0.62833 
  3.54500  0.61698  0.61708 
  3.64500  0.60580  0.60590 
  3.74500  0.59472  0.59477 
  3.84500  0.58372  0.58376 
  3.94500  0.57280  0.57291 
  4.04500  0.56200  0.56219 
  4.14500  0.55164  0.55168 
  4.24500  0.54132  0.54141 
  4.34500  0.53123  0.53136 
  4.44500  0.52146  0.52163 
  4.54500  0.51205  0.51219 
  4.64500  0.50300  0.50308 
  4.74500  0.49432  0.49436 
  4.84500  0.48601  0.48602 
  4.94500  0.47806  0.47807 
  5.04500  0.47054  0.47056 
  5.14500  0.46350  0.46351 
  5.24500  0.45692  0.45694 
  5.34500  0.45082  0.45086 
  5.44500  0.44525  0.44529 
  5.54500  0.44021  0.44023 
  5.64500  0.43569  0.43572 
  5.74500  0.43172  0.43174 
  5.84500  0.42831  0.42831 
  5.94500  0.42546  0.42547 
  6.04500  0.42316  0.42315 
  6.14500  0.42143  0.42142 
  6.24500  0.42026  0.42026 
  6.34500  0.41964  0.41963 
  6.44500  0.41960  0.41957 
  6.54500  0.42007  0.42007 
  6.64500  0.42109  0.42110 
  6.74500  0.42264  0.42265 
  6.84500  0.42470  0.42471 
  6.94500  0.42728  0.42728 
  7.04500  0.43031  0.43032 
  7.14500  0.43381  0.43381 
  7.24500  0.43773  0.43773 
  7.34500  0.44207  0.44207 
  7.44500  0.44681  0.44678 
  7.54500  0.45190  0.45187 
  7.64500  0.45730  0.45727 
  7.74500  0.46299  0.46297 
  7.84500  0.46892  0.46893 
  7.94500  0.47507  0.47513 
  8.04500  0.48144  0.48151 
  8.14500  0.48797  0.48808 
  8.24500  0.49470  0.49475 
  8.34500  0.50157  0.50154 
  8.44500  0.50828  0.50836 
  8.54500  0.51510  0.51521 
  8.64500  0.52203  0.52204 
  8.74500  0.52883  0.52883 
  8.84500  0.53550  0.53552 
  8.94500  0.54203  0.54210 
  9.04500  0.54840  0.54850 
  9.14500  0.55461  0.55474 
  9.24500  0.56060  0.56075 
  9.34500  0.56636  0.56648 
  9.44500  0.57184  0.57195 
  9.54500  0.57701  0.57715 
  9.64500  0.58185  0.58195 
  9.74500  0.58632  0.58643 
  9.84500  0.59041  0.59049 
  9.94500  0.59408  0.59419 
 10.04500  0.59734  0.59745 
 10.14500  0.60017  0.60029 
 10.24500  0.60253  0.60267 
 10.34500  0.60448  0.60460 
 10.44500  0.60592  0.60606 
 10.54500  0.60689  0.60703 
 10.64500  0.60739  0.60753 
 10.74500  0.60740  0.60754 
 10.84500  0.60693  0.60708 
 10.94500  0.60600  0.60613 
 11.04500  0.60460  0.60474 
 11.14500  0.60275  0.60288 
 11.24500  0.60043  0.60055 
 11.34500  0.59768  0.59781 
 11.44500  0.59452  0.59463 
 11.54500  0.59093  0.59105 
 11.64500  0.58700  0.58712 
 11.74500  0.58268  0.58280 
 11.84500  0.57805  0.57816 
 11.94500  0.57307  0.57321 
 12.04500  0.56783  0.56796 
 12.14500  0.56234  0.56247 
 12.24500  0.55665  0.55676 
 12.34500  0.55079  0.55089 
 12.44500  0.54478  0.54480 
 12.54500  0.53862  0.53862 
 12.64500  0.53234  0.53234 
 12.74500  0.52593  0.52601 
 12.84500  0.51948  0.51965 
 12.94500  0.51336  0.51332 
 13.04500  0.50698  0.50700 
 13.14500  0.50070  0.50078 
 13.24500  0.49458  0.49470 
 13.34500  0.48866  0.48873 
 13.44500  0.48292  0.48295 
 13.54500  0.47741  0.47741 
 13.64500  0.47210  0.47208 
 13.74500  0.46706  0.46703 
 13.84500  0.46230  0.46228 
 13.94500  0.45787  0.45785 
 14.04500  0.45376  0.45376 
 14.14500  0.45007  0.45006 
 14.24500  0.44676  0.44676 
 14.34500  0.44386  0.44385 
 14.44500  0.44139  0.44137 
 14.54500  0.43934  0.43933 
 14.64500  0.43775  0.43772 
 14.74500  0.43661  0.43657 
 14.84500  0.43592  0.43591 
 14.94500  0.43575  0.43570 
 15.04500  0.43601  0.43596 
 15.14500  0.43673  0.43668 
 15.24500  0.43792  0.43789 
 15.34500  0.43958  0.43953 
 15.44500  0.44166  0.44164 
 15.54500  0.44420  0.44418 
 15.64500  0.44715  0.44713 
 15.74500  0.45052  0.45051 
 15.84500  0.45429  0.45425 
 15.94500  0.45841  0.45839 
 16.04500  0.46290  0.46286 
 16.14500  0.46769  0.46765 
 16.24500  0.47279  0.47273 
 16.34500  0.47813  0.47810 
 16.44500  0.48367  0.48370 
 16.54500  0.48945  0.48951 
 16.64500  0.49541  0.49550 
 16.74500  0.50156  0.50164 
 16.84500  0.50788  0.50789 
 16.94500  0.51426  0.51422 
 17.04500  0.52046  0.52059 
 17.14500  0.52695  0.52697 
 17.24500  0.53334  0.53332 
 17.34500  0.53966  0.53962 
 17.44500  0.54582  0.54585 
 17.54500  0.55187  0.55190 
 17.64500  0.55776  0.55786 
 17.74500  0.56348  0.56359 
 17.84500  0.56899  0.56911 
 17.94500  0.57426  0.57437 
 18.04500  0.57927  0.57935 
 18.14500  0.58396  0.58403 
 18.24500  0.58830  0.58837 
 18.34500  0.59229  0.59237 
 18.44500  0.59591  0.59599 
 18.54500  0.59912  0.59924 
 18.64500  0.60194  0.60203 
 18.74500  0.60431  0.60442 
 18.84500  0.60625  0.60635 
 18.94500  0.60774  0.60786 
 19.04500  0.60878  0.60889 
 19.14500  0.60933  0.60945 
 19.24500  0.60944  0.60956 
 19.34500  0.60906  0.60918 
 19.44500  0.60826  0.60834 
 19.54500  0.60694  0.60704 
 19.64500  0.60521  0.60530 
 19.74500  0.60301  0.60311 
 19.84500  0.60039  0.60049 
 19.94500  0.59734  0.59745 
 20.04500  0.59391  0.59400 
 20.14500  0.59007  0.59018 
 20.24500  0.58588  0.58597 
 20.34500  0.58137  0.58144 
 20.44500  0.57652  0.57660 
 20.54500  0.57136  0.57146 
 20.64500  0.56597  0.56608 
 20.74500  0.56035  0.56044 
 20.84500  0.55456  0.55461 
 20.94500  0.54861  0.54862 
 21.04500  0.54252  0.54251 
 21.14500  0.53632  0.53628 
 21.24500  0.52999  0.52998 
 21.34500  0.52357  0.52365 
 21.44500  0.51729  0.51732 
 21.54500  0.51107  0.51103 
 21.64500  0.50479  0.50483 
 21.74500  0.49863  0.49870 
 21.84500  0.49268  0.49274 
 21.94500  0.48693  0.48695 
 22.04500  0.48138  0.48136 
 22.14500  0.47607  0.47601 
 22.24500  0.47100  0.47095 
 22.34500  0.46620  0.46616 
 22.44500  0.46176  0.46170 
 22.54500  0.45765  0.45761 
 22.64500  0.45390  0.45387 
 22.74500  0.45058  0.45056 
 22.84500  0.44767  0.44765 
 22.94500  0.44521  0.44517 
 23.04500  0.44320  0.44315 
 23.14500  0.44165  0.44159 
 23.24500  0.44058  0.44051 
 23.34500  0.44000  0.43993 
 23.44500  0.43993  0.43985 
 23.54500  0.44033  0.44025 
 23.64500  0.44122  0.44117 
 23.74500  0.44264  0.44258 
 23.84500  0.44453  0.44446 
 23.94500  0.44692  0.44687 
 24.04500  0.44978  0.44976 
 24.14500  0.45313  0.45307 
 24.24500  0.45691  0.45690 
 24.34500  0.46117  0.46112 
 24.44500  0.46583  0.46579 
 24.54500  0.47093  0.47088 
 24.64500  0.47639  0.47633 
 24.74500  0.48220  0.48213 
 24.84500  0.48835  0.48829 
 24.94500  0.49478  0.49474 
 25.04500  0.50146  0.50148 
 25.14500  0.50839  0.50846 
 25.24500  0.51561  0.51566 
 25.34500  0.52301  0.52305 
 25.44500  0.53063  0.53057 
 25.54500  0.53818  0.53822 
 25.64500  0.54588  0.54595 
 25.74500  0.55373  0.55371 
 25.84500  0.56153  0.56150 
 25.94500  0.56930  0.56925 
 26.04500  0.57692  0.57695 
 26.14500  0.58448  0.58454 
 26.24500  0.59191  0.59201 
 26.34500  0.59923  0.59931 
 26.44500  0.60631  0.60642 
 26.54500  0.61319  0.61326 
 26.64500  0.61978  0.61984 
 26.74500  0.62609  0.62616 
 26.84500  0.63205  0.63212 
 26.94500  0.63766  0.63773 
 27.04500  0.64290  0.64295 
 27.14500  0.64769  0.64778 
 27.24500  0.65206  0.65216 
 27.34500  0.65599  0.65608 
 27.44500  0.65945  0.65952 
 27.54500  0.66239  0.66248 
 27.64500  0.66484  0.66494 
 27.74500  0.66677  0.66687 
 27.84500  0.66815  0.66823 
 27.94500  0.66900  0.66909 
 28.04500  0.66929  0.66938 
 28.14500  0.66901  0.66911 
 28.24500  0.66820  0.66828 
 28.34500  0.66679  0.66690 
 28.44500  0.66486  0.66495 
 28.54500  0.66235  0.66245 
 28.64500  0.65930  0.65939 
 28.74500  0.65571  0.65578 
 28.84500  0.65161  0.65168 
 28.94500  0.64698  0.64703 
 29.04500  0.64185  0.64192 
 29.14500  0.63624  0.63628 
 29.24500  0.63018  0.63022 
 29.34500  0.62365  0.62369 
 29.44500  0.61671  0.61673 
 29.54500  0.60939  0.60942 
 29.64500  0.60168  0.60172 
 29.74500  0.59363  0.59367 
 29.84500  0.58527  0.58532 
 29.94500  0.57662  0.57668 
 30.04500  0.56776  0.56781 
 30.14500  0.55868  0.55871 
 30.24500  0.54946  0.54942 
 30.34500  0.54008  0.54000 
 30.44500  0.53053  0.53046 
 30.54500  0.52087  0.52084 
 30.64500  0.51110  0.51118 
 30.74500  0.50162  0.50152 
 30.84500  0.49193  0.49188 
 30.94500  0.48230  0.48230 
 31.04500  0.47283  0.47285 
 31.14500  0.46352  0.46353 
 31.24500  0.45441  0.45437 
 31.34500  0.44552  0.44544 
 31.44500  0.43685  0.43673 
 31.54500  0.42842  0.42831 
 31.64500  0.42031  0.42020 
 31.74500  0.41251  0.41242 
 31.84500  0.40507  0.40500 
 31.94500  0.39805  0.39798 
 32.04500  0.39146  0.39136 
 32.14500  0.38530  0.38521 
 32.24500  0.37962  0.37951 
 32.34500  0.37439  0.37428 
 32.44500  0.36970  0.36958 
 32.54500  0.36554  0.36542 
 32.64500  0.36189  0.36177 
 32.74500  0.35881  0.35869 
 32.84500  0.35629  0.35616 
 32.94500  0.35434  0.35420 
 33.04500  0.35296  0.35281 
 33.14500  0.35217  0.35202 
 33.24500  0.35194  0.35181 
 33.34500  0.35231  0.35215 
 33.44500  0.35324  0.35310 
 33.54500  0.35477  0.35463 
 33.64500  0.35683  0.35670 
 33.74500  0.35945  0.35935 
 33.84500  0.36265  0.36251 
 33.94500  0.36632  0.36621 
 34.04500  0.37053  0.37042 
 34.14500  0.37525  0.37515 
 34.24500  0.38043  0.38032 
 34.34500  0.38605  0.38594 
 34.44500  0.39210  0.39200 
 34.54500  0.39858  0.39846 
 34.64500  0.40540  0.40527 
 34.74500  0.41259  0.41247 
 34.84500  0.42008  0.41995 
 34.94500  0.42785  0.42772 
 35.04500  0.43584  0.43573 
 35.14500  0.44403  0.44395 
 35.24500  0.45239  0.45236 
 35.34500  0.46091  0.46091 
 35.44500  0.46960  0.46958 
 35.54500  0.47838  0.47831 
 35.64500  0.48725  0.48707 
 35.74500  0.49579  0.49585 
 35.84500  0.50461  0.50457 
 35.94500  0.51333  0.51322 
 36.04500  0.52190  0.52175 
 36.14500  0.53024  0.53016 
 36.24500  0.53840  0.53837 
 36.34500  0.54638  0.54637 
 36.44500  0.55410  0.55413 
 36.54500  0.56157  0.56159 
 36.64500  0.56872  0.56875 
 36.74500  0.57556  0.57556 
 36.84500  0.58201  0.58201 
 36.94500  0.58804  0.58806 
 37.04500  0.59369  0.59368 
 37.14500  0.59887  0.59885 
 37.24500  0.60360  0.60358 
 37.34500  0.60782  0.60780 
 37.44500  0.61156  0.61157 
 37.54500  0.61478  0.61480 
 37.64500  0.61745  0.61749 
 37.74500  0.61964  0.61967 
 37.84500  0.62125  0.62126 
 37.94500  0.62232  0.62234 
 38.04500  0.62284  0.62285 
 38.14500  0.62280  0.62283 
 38.24500  0.62223  0.62223 
 38.34500  0.62109  0.62112 
 38.44500  0.61943  0.61946 
 38.54500  0.61723  0.61725 
 38.64500  0.61452  0.61454 
 38.74500  0.61133  0.61133 
 38.84500  0.60762  0.60760 
 38.94500  0.60346  0.60345 
 39.04500  0.59884  0.59882 
 39.14500  0.59379  0.59378 
 39.24500  0.58837  0.58835 
 39.34500  0.58253  0.58250 
 39.44500  0.57634  0.57636 
 39.54500  0.56986  0.56987 
 39.64500  0.56308  0.56311 
 39.74500  0.55608  0.55608 
 39.84500  0.54887  0.54882 
 39.94500  0.54147  0.54140 
 40.04500  0.53392  0.53381 
 40.14500  0.52622  0.52610 
 40.24500  0.51838  0.51831 
 40.34500  0.51044  0.51048 
 40.44500  0.50282  0.50265 
 40.54500  0.49494  0.49486 
 40.64500  0.48713  0.48712 
 40.74500  0.47949  0.47948 
 40.84500  0.47204  0.47198 
 40.94500  0.46477  0.46466 
 41.04500  0.45768  0.45755 
 41.14500  0.45083  0.45069 
 41.24500  0.44426  0.44411 
 41.34500  0.43796  0.43782 
 41.44500  0.43200  0.43187 
 41.54500  0.42642  0.42628 
 41.64500  0.42124  0.42109 
 41.74500  0.41645  0.41632 
 41.84500  0.41213  0.41201 
 41.94500  0.40826  0.40813 
 42.04500  0.40490  0.40474 
 42.14500  0.40201  0.40185 
 42.24500  0.39964  0.39947 
 42.34500  0.39777  0.39762 
 42.44500  0.39646  0.39629 
 42.54500  0.39570  0.39553 
 42.64500  0.39546  0.39531 
 42.74500  0.39580  0.39563 
 42.84500  0.39668  0.39651 
 42.94500  0.39810  0.39795 
 43.04500  0.40007  0.39992 
 43.14500  0.40259  0.40243 
 43.24500  0.40563  0.40549 
 43.34500  0.40920  0.40905 
 43.44500  0.41326  0.41312 
 43.54500  0.41781  0.41769 
 43.64500  0.42283  0.42272 
 43.74500  0.42833  0.42820 
 43.84500  0.43424  0.43412 
 43.94500  0.44056  0.44041 
 44.04500  0.44727  0.44710 
 44.14500  0.45431  0.45415 
 44.24500  0.46166  0.46152 
 44.34500  0.46928  0.46918 
 44.44500  0.47715  0.47710 
 44.54500  0.48528  0.48524 
 44.64500  0.49360  0.49358 
 44.74500  0.50215  0.50207 
 44.84500  0.51085  0.51070 
 44.94500  0.51948  0.51941 
 45.04500  0.52819  0.52817 
 45.14500  0.53705  0.53695 
 45.24500  0.54586  0.54571 
 45.34500  0.55451  0.55440 
 45.44500  0.56311  0.56302 
 45.54500  0.57154  0.57150 
 45.64500  0.57981  0.57981 
 45.74500  0.58793  0.58790 
 45.84500  0.59581  0.59582 
 45.94500  0.60345  0.60343 
 46.04500  0.61075  0.61075 
 46.14500  0.61776  0.61775 
 46.24500  0.62441  0.62439 
 46.34500  0.63067  0.63065 
 46.44500  0.63650  0.63649 
 46.54500  0.64193  0.64190 
 46.64500  0.64687  0.64686 
 46.74500  0.65133  0.65133 
 46.84500  0.65531  0.65533 
 46.94500  0.65880  0.65880 
 47.04500  0.66175  0.66175 
 47.14500  0.66415  0.66417 
 47.24500  0.66604  0.66603 
 47.34500  0.66732  0.66734 
 47.44500  0.66809  0.66808 
 47.54500  0.66827  0.66828 
 47.64500  0.66788  0.66791 
 47.74500  0.66694  0.66697 
 47.84500  0.66543  0.66545 
 47.94500  0.66339  0.66340 
 48.04500  0.66080  0.66081 
 48.14500  0.65766  0.65767 
 48.24500  0.65400  0.65399 
 48.34500  0.64984  0.64984 
 48.44500  0.64521  0.64521 
 48.54500  0.64009  0.64007 
 48.64500  0.63453  0.63451 
 48.74500  0.62854  0.62851 
 48.84500  0.62213  0.62212 
 48.94500  0.61537  0.61534 
 49.04500  0.60823  0.60822 
 49.14500  0.60080  0.60077 
 49.24500  0.59307  0.59306 
 49.34500  0.58510  0.58508 
 49.44500  0.57690  0.57687 
 49.54500  0.56855  0.56849 
 49.64500  0.56006  0.55993 
 49.74500  0.55142  0.55126 
 49.84500  0.54268  0.54252 
 49.94500  0.53384  0.53372 
 50.04500  0.52492  0.52492 
 50.14500  0.51631  0.51613 
 50.24500  0.50755  0.50741 
 50.34500  0.49885  0.49878 
 50.44500  0.49033  0.49028 
 50.54500  0.48203  0.48196 
 50.64500  0.47395  0.47381 
 50.74500  0.46609  0.46594 
 50.84500  0.45848  0.45830 
 50.94500  0.45115  0.45097 
 51.04500  0.44413  0.44395 
 51.14500  0.43746  0.43728 
 51.24500  0.43115  0.43101 
 51.34500  0.42529  0.42512 
 51.44500  0.41982  0.41965 
 51.54500  0.41482  0.41465 
 51.64500  0.41029  0.41010 
 51.74500  0.40622  0.40604 
 51.84500  0.40267  0.40246 
 51.94500  0.39959  0.39940 
 52.04500  0.39704  0.39686 
 52.14500  0.39503  0.39484 
 52.24500  0.39354  0.39333 
 52.34500  0.39257  0.39236 
 52.44500  0.39211  0.39193 
 52.54500  0.39222  0.39203 
 52.64500  0.39282  0.39266 
 52.74500  0.39396  0.39377 
 52.84500  0.39559  0.39542 
 52.94500  0.39773  0.39753 
 53.04500  0.40033  0.40016 
 53.14500  0.40339  0.40322 
 53.24500  0.40688  0.40673 
 53.34500  0.41082  0.41064 
 53.44500  0.41515  0.41499 
 53.54500  0.41987  0.41968 
 53.64500  0.42491  0.42473 
 53.74500  0.43029  0.43010 
 53.84500  0.43595  0.43576 
 53.94500  0.44185  0.44170 
 54.04500  0.44796  0.44780 
 54.14500  0.45425  0.45413 
 54.24500  0.46067  0.46061 
 54.34500  0.46726  0.46720 
 54.44500  0.47397  0.47388 
 54.54500  0.48078  0.48060 
 54.64500  0.48748  0.48735 
 54.74500  0.49410  0.49406 
 54.84500  0.50084  0.50071 
 54.94500  0.50744  0.50725 
 55.04500  0.51383  0.51366 
 55.14500  0.52003  0.51989 
 55.24500  0.52602  0.52594 
 55.34500  0.53178  0.53173 
 55.44500  0.53731  0.53724 
 55.54500  0.54250  0.54245 
 55.64500  0.54740  0.54734 
 55.74500  0.55193  0.55186 
 55.84500  0.55605  0.55598 
 55.94500  0.55977  0.55969 
 56.04500  0.56303  0.56295 
 56.14500  0.56585  0.56577 
 56.24500  0.56816  0.56808 
 56.34500  0.56998  0.56993 
 56.44500  0.57130  0.57123 
 56.54500  0.57208  0.57200 
 56.64500  0.57233  0.57225 
 56.74500  0.57202  0.57194 
 56.84500  0.57117  0.57110 
 56.94500  0.56973  0.56968 
 57.04500  0.56778  0.56771 
 57.14500  0.56525  0.56517 
 57.24500  0.56216  0.56207 
 57.34500  0.55853  0.55845 
 57.44500  0.55435  0.55425 
 57.54500  0.54964  0.54954 
 57.64500  0.54440  0.54429 
 57.74500  0.53863  0.53854 
 57.84500  0.53238  0.53229 
 57.94500  0.52565  0.52555 
 58.04500  0.51847  0.51838 
 58.14500  0.51085  0.51077 
 58.24500  0.50283  0.50273 
 58.34500  0.49443  0.49430 
 58.44500  0.48570  0.48551 
 58.54500  0.47659  0.47636 
 58.64500  0.46711  0.46691 
 58.74500  0.45730  0.45716 
 58.84500  0.44723  0.44716 
 58.94500  0.43720  0.43692 
 59.04500  0.42667  0.42649 
 59.14500  0.41600  0.41587 
 59.24500  0.40525  0.40513 
 59.34500  0.39441  0.39427 
 59.44500  0.38352  0.38335 
 59.54500  0.37257  0.37235 
 59.64500  0.36158  0.36135 
 59.74500  0.35059  0.35035 
 59.84500  0.33959  0.33935 
 59.94500  0.32871  0.32847 
 60.04500  0.31790  0.31765 
 60.14500  0.30720  0.30698 
 60.24500  0.29668  0.29646 
 60.34500  0.28634  0.28610 
 60.44500  0.27619  0.27595 
 60.54500  0.26629  0.26604 
 60.64500  0.25660  0.25636 
 60.74500  0.24722  0.24695 
 60.84500  0.23811  0.23785 
 60.94500  0.22932  0.22906 
 61.04500  0.22088  0.22059 
 61.14500  0.21276  0.21250 
 61.24500  0.20502  0.20476 
 61.34500  0.19769  0.19739 
 61.44500  0.19075  0.19044 
 61.54500  0.18421  0.18392 
 61.64500  0.17809  0.17782 
 61.74500  0.17244  0.17214 
 61.84500  0.16723  0.16695 
 61.94500  0.16248  0.16217 
 62.04500  0.15820  0.15790 
 62.14500  0.15443  0.15411 
 62.24500  0.15109  0.15078 
 62.34500  0.14826  0.14797 
 62.44500  0.14595  0.14563 
 62.54500  0.14412  0.14382 
 62.64500  0.14282  0.14250 
 62.74500  0.14201  0.14171 
